0.00, 3, white car, 24.38, 528.36, 52.05, 542.12, 38.21, 535.24, 24.38, 535.24, 52.05, 535.24, 27.68, 13.76
0.00, 9, white car, 272.62, 539.80, 302.83, 552.26, 287.73, 546.03, 272.62, 546.03, 302.83, 546.03, 30.21, 12.46
0.00, 25, black car, 908.37, 553.18, 936.63, 564.18, 922.50, 558.68, 908.37, 558.68, 936.63, 558.68, 28.26, 11.00
0.03, 3, white car, 22.99, 528.01, 50.48, 541.67, 36.73, 534.84, 22.99, 534.84, 50.48, 534.84, 27.48, 13.66
0.03, 9, white car, 271.27, 539.93, 300.60, 552.04, 285.93, 545.99, 271.27, 545.99, 300.60, 545.99, 29.34, 12.11
0.03, 25, black car, 905.84, 553.22, 933.63, 564.03, 919.74, 558.62, 905.84, 558.62, 933.63, 558.62, 27.79, 10.80
0.07, 3, white car, 21.05, 527.76, 49.05, 541.69, 35.05, 534.73, 21.05, 534.73, 49.05, 534.73, 28.00, 13.92
0.07, 9, white car, 269.07, 539.81, 297.32, 551.48, 283.20, 545.64, 269.07, 545.64, 297.32, 545.64, 28.25, 11.67
0.07, 25, black car, 902.38, 553.13, 930.29, 563.96, 916.33, 558.55, 902.38, 558.55, 930.29, 558.55, 27.90, 10.83
0.10, 3, white car, 19.42, 527.83, 47.03, 541.57, 33.23, 534.70, 19.42, 534.70, 47.03, 534.70, 27.61, 13.73
0.10, 9, white car, 267.27, 539.82, 295.19, 551.39, 281.23, 545.61, 267.27, 545.61, 295.19, 545.61, 27.91, 11.56
0.10, 25, black car, 898.60, 553.02, 926.71, 563.92, 912.66, 558.47, 898.60, 558.47, 926.71, 558.47, 28.10, 10.90
0.13, 3, white car, 18.00, 527.66, 45.42, 541.29, 31.71, 534.47, 18.00, 534.47, 45.42, 534.47, 27.42, 13.63
0.13, 9, white car, 266.37, 539.76, 294.45, 551.40, 280.41, 545.58, 266.37, 545.58, 294.45, 545.58, 28.07, 11.64
0.13, 25, black car, 894.92, 553.06, 923.46, 564.12, 909.19, 558.59, 894.92, 558.59, 923.46, 558.59, 28.54, 11.06
0.17, 3, white car, 16.44, 527.64, 43.63, 541.15, 30.03, 534.39, 16.44, 534.39, 43.63, 534.39, 27.19, 13.51
0.17, 9, white car, 264.86, 539.45, 293.62, 551.40, 279.24, 545.43, 264.86, 545.43, 293.62, 545.43, 28.76, 11.95
0.17, 25, black car, 891.63, 552.97, 920.48, 564.11, 906.05, 558.54, 891.63, 558.54, 920.48, 558.54, 28.85, 11.14
0.20, 3, white car, 14.81, 527.74, 41.96, 541.21, 28.38, 534.47, 14.81, 534.47, 41.96, 534.47, 27.15, 13.47
0.20, 9, white car, 262.63, 539.45, 291.83, 551.60, 277.23, 545.53, 262.63, 545.53, 291.83, 545.53, 29.20, 12.16
0.20, 25, black car, 888.40, 553.33, 916.72, 564.24, 902.56, 558.78, 888.40, 558.78, 916.72, 558.78, 28.32, 10.91
0.23, 3, white car, 13.39, 527.72, 40.52, 541.16, 26.95, 534.44, 13.39, 534.44, 40.52, 534.44, 27.12, 13.44
0.23, 9, white car, 261.31, 539.58, 289.97, 551.52, 275.64, 545.55, 261.31, 545.55, 289.97, 545.55, 28.66, 11.93
0.23, 25, black car, 884.51, 553.37, 912.89, 564.29, 898.70, 558.83, 884.51, 558.83, 912.89, 558.83, 28.38, 10.92
0.27, 3, white car, 11.76, 527.87, 38.75, 541.23, 25.25, 534.55, 11.76, 534.55, 38.75, 534.55, 26.99, 13.36
0.27, 9, white car, 259.60, 539.67, 287.95, 551.48, 273.77, 545.58, 259.60, 545.58, 287.95, 545.58, 28.35, 11.81
0.27, 25, black car, 880.98, 553.57, 909.56, 564.55, 895.27, 559.06, 880.98, 559.06, 909.56, 559.06, 28.58, 10.98
0.30, 3, white car, 10.06, 527.52, 37.57, 541.13, 23.81, 534.32, 10.06, 534.32, 37.57, 534.32, 27.51, 13.61
0.30, 9, white car, 257.83, 539.50, 286.29, 551.36, 272.06, 545.43, 257.83, 545.43, 286.29, 545.43, 28.47, 11.86
0.30, 25, black car, 877.32, 553.44, 906.05, 564.44, 891.68, 558.94, 877.32, 558.94, 906.05, 558.94, 28.73, 11.01
0.33, 3, white car, 8.10, 527.31, 35.70, 540.96, 21.90, 534.13, 8.10, 534.13, 35.70, 534.13, 27.60, 13.65
0.33, 9, white car, 255.91, 539.52, 284.19, 551.28, 270.05, 545.40, 255.91, 545.40, 284.19, 545.40, 28.28, 11.76
0.33, 25, black car, 873.39, 553.45, 902.09, 564.44, 887.74, 558.95, 873.39, 558.95, 902.09, 558.95, 28.71, 10.99
0.37, 3, white car, 6.45, 527.16, 34.17, 540.86, 20.31, 534.01, 6.45, 534.01, 34.17, 534.01, 27.72, 13.70
0.37, 9, white car, 254.29, 539.70, 281.99, 551.17, 268.14, 545.44, 254.29, 545.44, 281.99, 545.44, 27.70, 11.48
0.37, 25, black car, 869.11, 553.41, 897.92, 564.45, 883.51, 558.93, 869.11, 558.93, 897.92, 558.93, 28.82, 11.04
0.40, 3, white car, 4.94, 527.02, 32.36, 540.55, 18.65, 533.78, 4.94, 533.78, 32.36, 533.78, 27.42, 13.53
0.40, 9, white car, 252.29, 539.45, 280.68, 551.22, 266.49, 545.34, 252.29, 545.34, 280.68, 545.34, 28.38, 11.77
0.40, 25, black car, 865.75, 553.66, 894.10, 564.52, 879.92, 559.09, 865.75, 559.09, 894.10, 559.09, 28.35, 10.85
0.43, 3, white car, 3.21, 526.87, 30.77, 540.43, 16.99, 533.65, 3.21, 533.65, 30.77, 533.65, 27.56, 13.56
0.43, 9, white car, 249.91, 539.23, 278.50, 551.08, 264.21, 545.16, 249.91, 545.16, 278.50, 545.16, 28.59, 11.86
0.43, 25, black car, 862.14, 553.70, 890.22, 564.44, 876.18, 559.07, 862.14, 559.07, 890.22, 559.07, 28.09, 10.75
0.47, 3, white car, 1.55, 526.72, 29.12, 540.28, 15.33, 533.50, 1.55, 533.50, 29.12, 533.50, 27.57, 13.56
0.47, 9, white car, 247.90, 539.31, 276.16, 551.02, 262.03, 545.17, 247.90, 545.17, 276.16, 545.17, 28.25, 11.71
0.47, 25, black car, 858.34, 553.65, 886.74, 564.50, 872.54, 559.08, 858.34, 559.08, 886.74, 559.08, 28.40, 10.85
0.50, 3, white car, 0.07, 526.58, 27.64, 540.19, 13.86, 533.39, 0.07, 533.39, 27.64, 533.39, 27.57, 13.62
0.50, 9, white car, 246.17, 539.33, 274.36, 551.01, 260.27, 545.17, 246.17, 545.17, 274.36, 545.17, 28.18, 11.68
0.50, 25, black car, 854.81, 553.50, 883.58, 564.52, 869.19, 559.01, 854.81, 559.01, 883.58, 559.01, 28.77, 11.02
0.53, 3, white car, 0.00, 526.37, 26.31, 540.09, 13.15, 533.23, 0.00, 533.23, 26.31, 533.23, 26.31, 13.72
0.53, 9, white car, 244.49, 539.28, 272.59, 550.89, 258.54, 545.09, 244.49, 545.09, 272.59, 545.09, 28.10, 11.61
0.53, 25, black car, 851.31, 553.61, 879.86, 564.55, 865.59, 559.08, 851.31, 559.08, 879.86, 559.08, 28.55, 10.94
0.57, 3, white car, 0.00, 526.30, 25.38, 540.08, 12.69, 533.19, 0.00, 533.19, 25.38, 533.19, 25.38, 13.78
0.57, 9, white car, 242.90, 539.10, 271.03, 550.65, 256.97, 544.88, 242.90, 544.88, 271.03, 544.88, 28.13, 11.54
0.57, 25, black car, 847.96, 553.69, 876.07, 564.44, 862.02, 559.07, 847.96, 559.07, 876.07, 559.07, 28.12, 10.75
0.60, 3, white car, 0.00, 525.98, 24.59, 539.93, 12.29, 532.96, 0.00, 532.96, 24.59, 532.96, 24.59, 13.95
0.60, 9, white car, 240.90, 538.76, 269.86, 550.61, 255.38, 544.68, 240.90, 544.68, 269.86, 544.68, 28.96, 11.84
0.60, 25, black car, 844.12, 553.76, 872.30, 564.54, 858.21, 559.15, 844.12, 559.15, 872.30, 559.15, 28.18, 10.79
0.63, 3, white car, 0.00, 525.85, 23.43, 539.69, 11.72, 532.77, 0.00, 532.77, 23.43, 532.77, 23.43, 13.84
0.63, 9, white car, 238.60, 538.57, 267.61, 550.44, 253.10, 544.50, 238.60, 544.50, 267.61, 544.50, 29.01, 11.87
0.63, 25, black car, 840.06, 553.71, 868.74, 564.70, 854.40, 559.21, 840.06, 559.21, 868.74, 559.21, 28.68, 10.99
0.67, 3, white car, 0.00, 525.65, 22.37, 539.37, 11.18, 532.51, 0.00, 532.51, 22.37, 532.51, 22.37, 13.72
0.67, 9, white car, 236.06, 538.41, 264.83, 550.20, 250.45, 544.30, 236.06, 544.30, 264.83, 544.30, 28.78, 11.79
0.67, 25, black car, 836.73, 553.69, 865.48, 564.72, 851.11, 559.20, 836.73, 559.20, 865.48, 559.20, 28.75, 11.02
0.70, 3, white car, 0.00, 525.67, 21.15, 539.19, 10.58, 532.43, 0.00, 532.43, 21.15, 532.43, 21.15, 13.53
0.70, 9, white car, 233.78, 538.43, 262.16, 550.07, 247.97, 544.25, 233.78, 544.25, 262.16, 544.25, 28.38, 11.64
0.70, 25, black car, 833.03, 553.74, 862.10, 564.87, 847.56, 559.31, 833.03, 559.31, 862.10, 559.31, 29.06, 11.13
0.73, 3, white car, 0.00, 525.75, 19.85, 539.09, 9.92, 532.42, 0.00, 532.42, 19.85, 532.42, 19.85, 13.34
0.73, 9, white car, 232.00, 538.29, 260.29, 549.97, 246.15, 544.13, 232.00, 544.13, 260.29, 544.13, 28.29, 11.68
0.73, 25, black car, 829.70, 553.83, 859.00, 565.05, 844.35, 559.44, 829.70, 559.44, 859.00, 559.44, 29.30, 11.22
0.77, 3, white car, 0.00, 525.78, 18.45, 538.85, 9.23, 532.32, 0.00, 532.32, 18.45, 532.32, 18.45, 13.07
0.77, 9, white car, 230.27, 538.25, 258.34, 549.88, 244.31, 544.06, 230.27, 544.06, 258.34, 544.06, 28.06, 11.63
0.77, 25, black car, 825.98, 553.93, 855.48, 565.22, 840.73, 559.57, 825.98, 559.57, 855.48, 559.57, 29.50, 11.29
0.80, 3, white car, 0.00, 525.87, 16.99, 538.71, 8.49, 532.29, 0.00, 532.29, 16.99, 532.29, 16.99, 12.84
0.80, 9, white car, 228.37, 538.16, 256.54, 549.86, 242.46, 544.01, 228.37, 544.01, 256.54, 544.01, 28.16, 11.69
0.80, 25, black car, 822.39, 554.20, 851.52, 565.33, 836.96, 559.76, 822.39, 559.76, 851.52, 559.76, 29.13, 11.13
0.83, 3, white car, 0.00, 525.96, 15.48, 538.67, 7.74, 532.32, 0.00, 532.32, 15.48, 532.32, 15.48, 12.71
0.83, 9, white car, 226.19, 538.01, 254.91, 549.95, 240.55, 543.98, 226.19, 543.98, 254.91, 543.98, 28.72, 11.94
0.83, 25, black car, 818.73, 554.51, 846.88, 565.22, 832.80, 559.86, 818.73, 559.86, 846.88, 559.86, 28.15, 10.71
0.87, 3, white car, 0.00, 525.30, 14.77, 538.79, 7.38, 532.05, 0.00, 532.05, 14.77, 532.05, 14.77, 13.49
0.87, 9, white car, 223.96, 537.73, 253.40, 549.99, 238.68, 543.86, 223.96, 543.86, 253.40, 543.86, 29.44, 12.26
0.87, 25, black car, 815.39, 554.69, 843.14, 565.21, 829.26, 559.95, 815.39, 559.95, 843.14, 559.95, 27.75, 10.52
0.90, 3, white car, 0.00, 525.01, 13.76, 538.77, 6.88, 531.89, 0.00, 531.89, 13.76, 531.89, 13.76, 13.76
0.90, 9, white car, 221.21, 537.42, 251.10, 549.89, 236.15, 543.65, 221.21, 543.65, 251.10, 543.65, 29.89, 12.48
0.90, 25, black car, 812.20, 554.80, 840.24, 565.42, 826.22, 560.11, 812.20, 560.11, 840.24, 560.11, 28.04, 10.62
0.93, 9, white car, 219.05, 537.33, 249.03, 549.90, 234.04, 543.62, 219.05, 543.62, 249.03, 543.62, 29.98, 12.57
0.93, 25, black car, 809.06, 554.84, 837.09, 565.43, 823.08, 560.13, 809.06, 560.13, 837.09, 560.13, 28.03, 10.60
0.97, 9, white car, 217.05, 537.12, 246.88, 549.70, 231.96, 543.41, 217.05, 543.41, 246.88, 543.41, 29.83, 12.58
0.97, 25, black car, 805.59, 554.95, 833.50, 565.46, 819.54, 560.21, 805.59, 560.21, 833.50, 560.21, 27.90, 10.52
1.00, 9, white car, 215.31, 537.20, 244.73, 549.64, 230.02, 543.42, 215.31, 543.42, 244.73, 543.42, 29.42, 12.45
1.00, 25, black car, 801.81, 555.12, 829.88, 565.72, 815.84, 560.42, 801.81, 560.42, 829.88, 560.42, 28.07, 10.60
1.03, 9, white car, 213.83, 537.34, 242.89, 549.64, 228.36, 543.49, 213.83, 543.49, 242.89, 543.49, 29.06, 12.30
1.03, 25, black car, 798.29, 555.26, 826.64, 566.00, 812.46, 560.63, 798.29, 560.63, 826.64, 560.63, 28.35, 10.74
1.07, 9, white car, 212.05, 537.21, 241.32, 549.61, 226.68, 543.41, 212.05, 543.41, 241.32, 543.41, 29.28, 12.40
1.07, 25, black car, 794.80, 555.20, 823.58, 566.10, 809.19, 560.65, 794.80, 560.65, 823.58, 560.65, 28.78, 10.91
1.10, 9, white car, 209.92, 537.08, 239.63, 549.69, 224.78, 543.39, 209.92, 543.39, 239.63, 543.39, 29.71, 12.61
1.10, 25, black car, 790.82, 554.94, 819.81, 565.89, 805.31, 560.42, 790.82, 560.42, 819.81, 560.42, 28.99, 10.96
1.13, 9, white car, 207.74, 536.93, 237.26, 549.50, 222.50, 543.22, 207.74, 543.22, 237.26, 543.22, 29.51, 12.57
1.13, 25, black car, 786.60, 554.90, 815.79, 565.97, 801.20, 560.43, 786.60, 560.43, 815.79, 560.43, 29.19, 11.07
1.17, 9, white car, 205.23, 536.80, 234.88, 549.50, 220.05, 543.15, 205.23, 543.15, 234.88, 543.15, 29.65, 12.70
1.17, 25, black car, 783.27, 554.78, 812.67, 565.97, 797.97, 560.38, 783.27, 560.38, 812.67, 560.38, 29.40, 11.19
1.20, 9, white car, 203.20, 536.73, 232.67, 549.43, 217.93, 543.08, 203.20, 543.08, 232.67, 543.08, 29.46, 12.70
1.20, 25, black car, 779.51, 554.92, 808.93, 566.13, 794.22, 560.52, 779.51, 560.52, 808.93, 560.52, 29.42, 11.20
1.23, 9, white car, 201.25, 536.73, 230.70, 549.47, 215.97, 543.10, 201.25, 543.10, 230.70, 543.10, 29.46, 12.74
1.23, 25, black car, 775.86, 554.84, 805.29, 566.04, 790.57, 560.44, 775.86, 560.44, 805.29, 560.44, 29.43, 11.20
1.27, 9, white car, 198.99, 536.54, 228.81, 549.50, 213.90, 543.02, 198.99, 543.02, 228.81, 543.02, 29.83, 12.96
1.27, 25, black car, 772.46, 554.86, 801.60, 565.96, 787.03, 560.41, 772.46, 560.41, 801.60, 560.41, 29.15, 11.10
1.30, 9, white car, 197.46, 536.37, 227.05, 549.24, 212.26, 542.80, 197.46, 542.80, 227.05, 542.80, 29.58, 12.87
1.30, 25, black car, 769.27, 554.82, 798.52, 566.02, 783.90, 560.42, 769.27, 560.42, 798.52, 560.42, 29.26, 11.20
1.33, 9, white car, 195.49, 536.34, 224.88, 549.16, 210.19, 542.75, 195.49, 542.75, 224.88, 542.75, 29.39, 12.82
1.33, 25, black car, 765.62, 554.82, 795.23, 566.18, 780.42, 560.50, 765.62, 560.50, 795.23, 560.50, 29.61, 11.35
1.37, 9, white car, 193.49, 536.22, 222.54, 548.91, 208.01, 542.57, 193.49, 542.57, 222.54, 542.57, 29.05, 12.69
1.37, 25, black car, 762.13, 554.86, 791.18, 565.99, 776.65, 560.42, 762.13, 560.42, 791.18, 560.42, 29.05, 11.13
1.40, 9, white car, 191.58, 536.01, 220.42, 548.63, 206.00, 542.32, 191.58, 542.32, 220.42, 542.32, 28.83, 12.62
1.40, 25, black car, 758.73, 554.80, 787.49, 565.84, 773.11, 560.32, 758.73, 560.32, 787.49, 560.32, 28.76, 11.05
1.43, 9, white car, 189.65, 536.10, 218.14, 548.63, 203.89, 542.36, 189.65, 542.36, 218.14, 542.36, 28.50, 12.53
1.43, 25, black car, 755.79, 554.80, 784.19, 565.74, 769.99, 560.27, 755.79, 560.27, 784.19, 560.27, 28.41, 10.94
1.47, 9, white car, 187.52, 536.00, 216.33, 548.71, 201.92, 542.36, 187.52, 542.36, 216.33, 542.36, 28.81, 12.71
1.47, 25, black car, 752.33, 554.80, 780.78, 565.78, 766.55, 560.29, 752.33, 560.29, 780.78, 560.29, 28.45, 10.97
1.50, 9, white car, 185.21, 535.60, 214.32, 548.50, 199.76, 542.05, 185.21, 542.05, 214.32, 542.05, 29.12, 12.90
1.50, 25, black car, 749.22, 554.91, 777.26, 565.73, 763.24, 560.32, 749.22, 560.32, 777.26, 560.32, 28.05, 10.82
1.53, 9, white car, 183.15, 535.32, 212.32, 548.25, 197.74, 541.79, 183.15, 541.79, 212.32, 541.79, 29.17, 12.93
1.53, 25, black car, 745.36, 554.67, 773.94, 565.74, 759.65, 560.21, 745.36, 560.21, 773.94, 560.21, 28.58, 11.07
1.57, 9, white car, 181.28, 535.27, 210.26, 548.11, 195.77, 541.69, 181.28, 541.69, 210.26, 541.69, 28.98, 12.84
1.57, 25, black car, 741.47, 554.63, 770.50, 565.93, 755.99, 560.28, 741.47, 560.28, 770.50, 560.28, 29.03, 11.31
1.60, 9, white car, 179.31, 535.22, 208.06, 547.95, 193.68, 541.58, 179.31, 541.58, 208.06, 541.58, 28.75, 12.73
1.60, 25, black car, 737.17, 554.52, 766.60, 566.01, 751.89, 560.27, 737.17, 560.27, 766.60, 560.27, 29.43, 11.49
1.63, 9, white car, 177.25, 535.18, 205.81, 547.85, 191.53, 541.51, 177.25, 541.51, 205.81, 541.51, 28.56, 12.67
1.63, 25, black car, 734.14, 554.68, 763.08, 565.99, 748.61, 560.34, 734.14, 560.34, 763.08, 560.34, 28.94, 11.31
1.67, 9, white car, 174.98, 535.04, 203.65, 547.81, 189.32, 541.42, 174.98, 541.42, 203.65, 541.42, 28.67, 12.78
1.67, 25, black car, 730.43, 554.68, 759.41, 566.05, 744.92, 560.37, 730.43, 560.37, 759.41, 560.37, 28.98, 11.37
1.70, 9, white car, 172.82, 534.91, 201.84, 547.88, 187.33, 541.40, 172.82, 541.40, 201.84, 541.40, 29.02, 12.96
1.70, 25, black car, 727.06, 554.72, 756.15, 566.16, 741.60, 560.44, 727.06, 560.44, 756.15, 560.44, 29.09, 11.44
1.73, 9, white car, 170.79, 534.87, 199.84, 547.88, 185.31, 541.38, 170.79, 541.38, 199.84, 541.38, 29.06, 13.01
1.73, 25, black car, 723.31, 554.75, 752.69, 566.28, 738.00, 560.52, 723.31, 560.52, 752.69, 560.52, 29.38, 11.54
1.77, 9, white car, 168.93, 534.71, 198.07, 547.77, 183.50, 541.24, 168.93, 541.24, 198.07, 541.24, 29.13, 13.06
1.77, 25, black car, 719.79, 554.77, 749.05, 566.26, 734.42, 560.51, 719.79, 560.51, 749.05, 560.51, 29.26, 11.48
1.80, 9, white car, 166.92, 534.64, 196.07, 547.72, 181.49, 541.18, 166.92, 541.18, 196.07, 541.18, 29.15, 13.08
1.80, 25, black car, 716.26, 554.78, 745.61, 566.33, 730.94, 560.56, 716.26, 560.56, 745.61, 560.56, 29.35, 11.55
1.83, 9, white car, 165.01, 534.68, 194.14, 547.77, 179.57, 541.23, 165.01, 541.23, 194.14, 541.23, 29.13, 13.09
1.83, 25, black car, 713.16, 554.84, 742.28, 566.35, 727.72, 560.59, 713.16, 560.59, 742.28, 560.59, 29.12, 11.51
1.87, 9, white car, 163.05, 534.79, 191.67, 547.67, 177.36, 541.23, 163.05, 541.23, 191.67, 541.23, 28.63, 12.89
1.87, 25, black car, 710.08, 554.97, 738.76, 566.35, 724.42, 560.66, 710.08, 560.66, 738.76, 560.66, 28.68, 11.38
1.90, 9, white car, 161.01, 534.73, 189.61, 547.64, 175.31, 541.19, 161.01, 541.19, 189.61, 541.19, 28.59, 12.91
1.90, 25, black car, 706.61, 554.93, 734.80, 566.10, 720.70, 560.52, 706.61, 560.52, 734.80, 560.52, 28.19, 11.17
1.93, 9, white car, 158.86, 534.58, 187.88, 547.72, 173.37, 541.15, 158.86, 541.15, 187.88, 541.15, 29.02, 13.14
1.93, 25, black car, 703.02, 554.93, 731.16, 566.08, 717.09, 560.51, 703.02, 560.51, 731.16, 560.51, 28.14, 11.15
1.97, 25, black car, 698.66, 554.80, 727.72, 566.34, 713.19, 560.57, 698.66, 560.57, 727.72, 560.57, 29.06, 11.54
2.00, 25, black car, 695.03, 554.78, 724.25, 566.37, 709.64, 560.57, 695.03, 560.57, 724.25, 560.57, 29.21, 11.58
2.03, 25, black car, 691.50, 554.67, 720.91, 566.31, 706.20, 560.49, 691.50, 560.49, 720.91, 560.49, 29.41, 11.64
2.07, 25, black car, 688.26, 554.74, 717.43, 566.31, 702.85, 560.52, 688.26, 560.52, 717.43, 560.52, 29.17, 11.57
2.10, 25, black car, 684.66, 554.60, 714.18, 566.36, 699.42, 560.48, 684.66, 560.48, 714.18, 560.48, 29.52, 11.76
2.13, 25, black car, 681.55, 554.74, 710.91, 566.42, 696.23, 560.58, 681.55, 560.58, 710.91, 560.58, 29.36, 11.68
2.17, 25, black car, 678.10, 554.71, 706.98, 566.17, 692.54, 560.44, 678.10, 560.44, 706.98, 560.44, 28.89, 11.46
2.20, 25, black car, 674.65, 554.70, 703.77, 566.23, 689.21, 560.46, 674.65, 560.46, 703.77, 560.46, 29.13, 11.53
2.23, 25, black car, 670.60, 554.27, 700.12, 565.97, 685.36, 560.12, 670.60, 560.12, 700.12, 560.12, 29.52, 11.70
2.27, 25, black car, 667.41, 554.32, 697.19, 566.13, 682.30, 560.22, 667.41, 560.22, 697.19, 560.22, 29.78, 11.81
2.30, 25, black car, 663.89, 554.17, 693.53, 565.91, 678.71, 560.04, 663.89, 560.04, 693.53, 560.04, 29.64, 11.74
2.30, 9, white car, 134.74, 532.30, 166.14, 546.56, 150.44, 539.43, 134.74, 539.43, 166.14, 539.43, 31.40, 14.27
2.33, 25, black car, 660.70, 554.04, 690.45, 565.82, 675.58, 559.93, 660.70, 559.93, 690.45, 559.93, 29.75, 11.78
2.33, 9, white car, 132.93, 532.06, 164.25, 546.44, 148.59, 539.25, 132.93, 539.25, 164.25, 539.25, 31.33, 14.38
2.37, 25, black car, 656.57, 553.80, 687.50, 566.12, 672.04, 559.96, 656.57, 559.96, 687.50, 559.96, 30.93, 12.32
2.37, 9, white car, 131.51, 532.13, 162.00, 546.26, 146.75, 539.20, 131.51, 539.20, 162.00, 539.20, 30.50, 14.12
2.40, 25, black car, 653.63, 553.79, 684.57, 566.18, 669.10, 559.99, 653.63, 559.99, 684.57, 559.99, 30.94, 12.39
2.40, 9, white car, 129.84, 531.94, 160.11, 546.07, 144.98, 539.01, 129.84, 539.01, 160.11, 539.01, 30.27, 14.12
2.43, 25, black car, 650.47, 553.54, 681.21, 565.91, 665.84, 559.73, 650.47, 559.73, 681.21, 559.73, 30.74, 12.37
2.43, 9, white car, 127.95, 531.72, 158.10, 545.90, 143.02, 538.81, 127.95, 538.81, 158.10, 538.81, 30.15, 14.17
2.47, 25, black car, 647.72, 553.37, 678.39, 565.72, 663.06, 559.55, 647.72, 559.55, 678.39, 559.55, 30.67, 12.36
2.47, 9, white car, 126.32, 531.74, 156.04, 545.79, 141.18, 538.76, 126.32, 538.76, 156.04, 538.76, 29.72, 14.06
2.50, 25, black car, 643.81, 553.03, 675.27, 565.78, 659.54, 559.40, 643.81, 559.40, 675.27, 559.40, 31.46, 12.76
2.50, 9, white car, 124.69, 531.53, 154.28, 545.60, 139.48, 538.57, 124.69, 538.57, 154.28, 538.57, 29.59, 14.07
2.53, 25, black car, 640.36, 552.81, 672.37, 565.89, 656.37, 559.35, 640.36, 559.35, 672.37, 559.35, 32.01, 13.08
2.53, 9, white car, 123.13, 531.60, 152.45, 545.58, 137.79, 538.59, 123.13, 538.59, 152.45, 538.59, 29.33, 13.97
2.57, 25, black car, 636.78, 552.54, 669.37, 565.95, 653.07, 559.24, 636.78, 559.24, 669.37, 559.24, 32.59, 13.42
2.57, 9, white car, 121.20, 531.71, 150.70, 545.78, 135.95, 538.74, 121.20, 538.74, 150.70, 538.74, 29.49, 14.08
2.60, 25, black car, 632.82, 552.13, 665.51, 565.65, 649.17, 558.89, 632.82, 558.89, 665.51, 558.89, 32.70, 13.52
2.60, 9, white car, 119.52, 532.02, 147.75, 545.43, 133.64, 538.73, 119.52, 538.73, 147.75, 538.73, 28.22, 13.41
2.63, 25, black car, 629.40, 552.03, 661.54, 565.41, 645.47, 558.72, 629.40, 558.72, 661.54, 558.72, 32.15, 13.38
2.63, 9, white car, 117.53, 532.17, 144.69, 545.02, 131.11, 538.60, 117.53, 538.60, 144.69, 538.60, 27.16, 12.85
2.67, 25, black car, 626.89, 552.73, 657.77, 565.64, 642.33, 559.19, 626.89, 559.19, 657.77, 559.19, 30.88, 12.91
2.67, 9, white car, 114.91, 532.24, 141.42, 544.75, 128.17, 538.50, 114.91, 538.50, 141.42, 538.50, 26.51, 12.52
2.70, 25, black car, 624.03, 552.68, 654.12, 565.33, 639.08, 559.01, 624.03, 559.01, 654.12, 559.01, 30.09, 12.65
2.70, 9, white car, 112.12, 532.20, 138.75, 544.76, 125.44, 538.48, 112.12, 538.48, 138.75, 538.48, 26.63, 12.56
2.73, 25, black car, 620.72, 552.72, 649.91, 564.96, 635.32, 558.84, 620.72, 558.84, 649.91, 558.84, 29.19, 12.23
2.73, 9, white car, 109.74, 532.12, 136.80, 544.88, 123.27, 538.50, 109.74, 538.50, 136.80, 538.50, 27.07, 12.76
2.77, 25, black car, 617.27, 552.46, 646.46, 564.68, 631.87, 558.57, 617.27, 558.57, 646.46, 558.57, 29.19, 12.22
2.77, 9, white car, 107.96, 532.25, 134.70, 544.81, 121.33, 538.53, 107.96, 538.53, 134.70, 538.53, 26.74, 12.57
2.80, 25, black car, 613.49, 552.63, 642.81, 564.89, 628.15, 558.76, 613.49, 558.76, 642.81, 558.76, 29.32, 12.25
2.80, 9, white car, 107.40, 532.28, 133.88, 544.62, 120.64, 538.45, 107.40, 538.45, 133.88, 538.45, 26.48, 12.35
2.83, 25, black car, 610.49, 552.69, 639.15, 564.66, 624.82, 558.68, 610.49, 558.68, 639.15, 558.68, 28.67, 11.97
2.83, 9, white car, 105.27, 532.18, 131.92, 544.55, 118.59, 538.37, 105.27, 538.37, 131.92, 538.37, 26.66, 12.37
2.87, 25, black car, 607.13, 552.63, 635.91, 564.60, 621.52, 558.62, 607.13, 558.62, 635.91, 558.62, 28.78, 11.97
2.87, 9, white car, 103.77, 532.05, 130.31, 544.28, 117.04, 538.16, 103.77, 538.16, 130.31, 538.16, 26.54, 12.24
2.90, 25, black car, 604.00, 552.41, 632.92, 564.40, 618.46, 558.41, 604.00, 558.41, 632.92, 558.41, 28.92, 11.99
2.90, 9, white car, 102.39, 532.01, 128.38, 543.90, 115.38, 537.95, 102.39, 537.95, 128.38, 537.95, 25.99, 11.90
2.93, 25, black car, 600.67, 552.58, 629.48, 564.50, 615.08, 558.54, 600.67, 558.54, 629.48, 558.54, 28.81, 11.92
2.93, 9, white car, 100.10, 531.89, 126.38, 543.88, 113.24, 537.88, 100.10, 537.88, 126.38, 537.88, 26.28, 11.99
2.97, 25, black car, 596.33, 552.09, 625.82, 564.29, 611.08, 558.19, 596.33, 558.19, 625.82, 558.19, 29.49, 12.20
2.97, 9, white car, 97.63, 531.76, 124.32, 543.89, 110.97, 537.82, 97.63, 537.82, 124.32, 537.82, 26.69, 12.12
3.00, 25, black car, 592.90, 552.40, 621.57, 564.19, 607.24, 558.30, 592.90, 558.30, 621.57, 558.30, 28.68, 11.79
3.00, 9, white car, 95.54, 531.61, 122.76, 543.94, 109.15, 537.78, 95.54, 537.78, 122.76, 537.78, 27.22, 12.34
3.03, 25, black car, 589.86, 552.34, 618.33, 564.05, 604.10, 558.19, 589.86, 558.19, 618.33, 558.19, 28.47, 11.71
3.03, 9, white car, 93.24, 531.33, 121.11, 543.95, 107.18, 537.64, 93.24, 537.64, 121.11, 537.64, 27.87, 12.61
3.07, 25, black car, 586.99, 552.29, 615.57, 564.07, 601.28, 558.18, 586.99, 558.18, 615.57, 558.18, 28.58, 11.78
3.07, 9, white car, 91.01, 531.04, 119.22, 543.82, 105.12, 537.43, 91.01, 537.43, 119.22, 537.43, 28.21, 12.79
3.10, 25, black car, 583.62, 552.19, 612.59, 564.15, 598.11, 558.17, 583.62, 558.17, 612.59, 558.17, 28.98, 11.96
3.10, 9, white car, 89.00, 530.93, 117.23, 543.72, 103.11, 537.32, 89.00, 537.32, 117.23, 537.32, 28.23, 12.79
3.13, 25, black car, 579.84, 552.21, 608.89, 564.14, 594.37, 558.17, 579.84, 558.17, 608.89, 558.17, 29.04, 11.93
3.13, 9, white car, 87.52, 530.76, 115.54, 543.43, 101.53, 537.09, 87.52, 537.09, 115.54, 537.09, 28.02, 12.67
3.17, 25, black car, 576.27, 551.94, 605.19, 563.77, 590.73, 557.85, 576.27, 557.85, 605.19, 557.85, 28.92, 11.83
3.17, 9, white car, 85.24, 530.45, 113.60, 543.28, 99.42, 536.87, 85.24, 536.87, 113.60, 536.87, 28.37, 12.84
3.20, 25, black car, 572.95, 551.66, 602.49, 563.78, 587.72, 557.72, 572.95, 557.72, 602.49, 557.72, 29.53, 12.12
3.20, 9, white car, 83.08, 530.21, 111.87, 543.28, 97.47, 536.74, 83.08, 536.74, 111.87, 536.74, 28.79, 13.06
3.23, 25, black car, 570.70, 551.90, 599.70, 563.83, 585.20, 557.86, 570.70, 557.86, 599.70, 557.86, 29.01, 11.93
3.23, 9, white car, 81.27, 530.21, 109.90, 543.19, 95.59, 536.70, 81.27, 536.70, 109.90, 536.70, 28.63, 12.98
3.27, 25, black car, 566.92, 551.63, 595.94, 563.60, 581.43, 557.61, 566.92, 557.61, 595.94, 557.61, 29.01, 11.97
3.27, 9, white car, 79.36, 530.13, 108.15, 543.16, 93.76, 536.65, 79.36, 536.65, 108.15, 536.65, 28.79, 13.03
3.30, 25, black car, 563.49, 551.80, 592.27, 563.67, 577.88, 557.73, 563.49, 557.73, 592.27, 557.73, 28.78, 11.87
3.30, 9, white car, 77.99, 529.96, 107.07, 543.07, 92.53, 536.52, 77.99, 536.52, 107.07, 536.52, 29.08, 13.11
3.33, 25, black car, 560.32, 551.14, 589.68, 563.27, 575.00, 557.20, 560.32, 557.20, 589.68, 557.20, 29.36, 12.13
3.33, 9, white car, 76.09, 529.78, 106.13, 543.28, 91.11, 536.53, 76.09, 536.53, 106.13, 536.53, 30.05, 13.51
3.37, 25, black car, 556.25, 551.41, 586.12, 563.78, 571.19, 557.59, 556.25, 557.59, 586.12, 557.59, 29.87, 12.37
3.37, 9, white car, 74.00, 529.73, 103.93, 543.16, 88.96, 536.45, 74.00, 536.45, 103.93, 536.45, 29.93, 13.43
3.40, 25, black car, 552.80, 551.39, 582.94, 563.90, 567.87, 557.65, 552.80, 557.65, 582.94, 557.65, 30.14, 12.51
3.40, 9, white car, 71.21, 529.78, 100.68, 543.02, 85.95, 536.40, 71.21, 536.40, 100.68, 536.40, 29.47, 13.24
3.43, 25, black car, 549.36, 551.54, 579.20, 563.90, 564.28, 557.72, 549.36, 557.72, 579.20, 557.72, 29.84, 12.36
3.43, 9, white car, 68.94, 529.62, 98.32, 542.87, 83.63, 536.24, 68.94, 536.24, 98.32, 536.24, 29.39, 13.25
3.47, 25, black car, 546.20, 551.57, 575.74, 563.79, 560.97, 557.68, 546.20, 557.68, 575.74, 557.68, 29.54, 12.22
3.47, 9, white car, 67.08, 529.56, 96.25, 542.73, 81.66, 536.15, 67.08, 536.15, 96.25, 536.15, 29.17, 13.18
3.50, 25, black car, 542.76, 551.62, 572.37, 563.86, 557.56, 557.74, 542.76, 557.74, 572.37, 557.74, 29.61, 12.25
3.50, 9, white car, 65.53, 529.69, 94.41, 542.74, 79.97, 536.21, 65.53, 536.21, 94.41, 536.21, 28.88, 13.05
3.53, 25, black car, 539.91, 551.16, 568.89, 563.19, 554.40, 557.18, 539.91, 557.18, 568.89, 557.18, 28.98, 12.03
3.53, 9, white car, 63.95, 529.59, 92.76, 542.61, 78.36, 536.10, 63.95, 536.10, 92.76, 536.10, 28.81, 13.02
3.57, 25, black car, 536.18, 550.90, 565.46, 563.02, 550.82, 556.96, 536.18, 556.96, 565.46, 556.96, 29.28, 12.13
3.57, 9, white car, 62.19, 529.46, 91.27, 542.62, 76.73, 536.04, 62.19, 536.04, 91.27, 536.04, 29.08, 13.16
3.60, 25, black car, 533.74, 551.18, 563.03, 563.30, 548.38, 557.24, 533.74, 557.24, 563.03, 557.24, 29.29, 12.12
3.60, 9, white car, 60.33, 529.40, 89.48, 542.60, 74.91, 536.00, 60.33, 536.00, 89.48, 536.00, 29.15, 13.21
3.63, 25, black car, 529.83, 550.89, 559.18, 562.98, 544.51, 556.93, 529.83, 556.93, 559.18, 556.93, 29.34, 12.09
3.63, 9, white car, 58.48, 528.96, 88.25, 542.48, 73.37, 535.72, 58.48, 535.72, 88.25, 535.72, 29.76, 13.52
3.67, 25, black car, 526.84, 551.02, 555.62, 562.90, 541.23, 556.96, 526.84, 556.96, 555.62, 556.96, 28.78, 11.88
3.67, 9, white car, 55.92, 528.67, 86.32, 542.54, 71.12, 535.61, 55.92, 535.61, 86.32, 535.61, 30.40, 13.87
3.70, 25, black car, 523.07, 550.52, 552.41, 562.63, 537.74, 556.58, 523.07, 556.58, 552.41, 556.58, 29.34, 12.10
3.70, 9, white car, 54.49, 528.65, 84.51, 542.38, 69.50, 535.51, 54.49, 535.51, 84.51, 535.51, 30.02, 13.73
3.73, 25, black car, 519.87, 550.38, 548.86, 562.32, 534.36, 556.35, 519.87, 556.35, 548.86, 556.35, 28.99, 11.94
3.73, 9, white car, 52.84, 528.57, 82.59, 542.20, 67.72, 535.38, 52.84, 535.38, 82.59, 535.38, 29.74, 13.63
3.77, 25, black car, 517.07, 550.15, 546.30, 562.19, 531.68, 556.17, 517.07, 556.17, 546.30, 556.17, 29.23, 12.03
3.77, 9, white car, 50.73, 528.47, 80.68, 542.23, 65.70, 535.35, 50.73, 535.35, 80.68, 535.35, 29.95, 13.76
3.80, 25, black car, 513.49, 549.64, 543.37, 561.97, 528.43, 555.80, 513.49, 555.80, 543.37, 555.80, 29.87, 12.32
3.80, 9, white car, 48.96, 528.26, 78.85, 542.04, 63.91, 535.15, 48.96, 535.15, 78.85, 535.15, 29.89, 13.78
3.83, 25, black car, 510.16, 549.44, 540.68, 562.05, 525.42, 555.75, 510.16, 555.75, 540.68, 555.75, 30.52, 12.62
3.83, 9, white car, 47.15, 528.21, 77.09, 542.06, 62.12, 535.13, 47.15, 535.13, 77.09, 535.13, 29.94, 13.84
3.87, 25, black car, 506.45, 549.09, 537.37, 561.86, 521.91, 555.47, 506.45, 555.47, 537.37, 555.47, 30.92, 12.77
3.87, 9, white car, 45.16, 528.02, 75.31, 541.97, 60.24, 534.99, 45.16, 534.99, 75.31, 534.99, 30.16, 13.95
3.90, 25, black car, 503.40, 549.21, 533.82, 561.76, 518.61, 555.48, 503.40, 555.48, 533.82, 555.48, 30.41, 12.56
3.90, 9, white car, 43.50, 527.87, 73.84, 541.93, 58.67, 534.90, 43.50, 534.90, 73.84, 534.90, 30.34, 14.07
3.93, 25, black car, 500.59, 549.17, 530.69, 561.62, 515.64, 555.39, 500.59, 555.39, 530.69, 555.39, 30.10, 12.45
3.93, 9, white car, 41.41, 527.81, 71.71, 541.87, 56.56, 534.84, 41.41, 534.84, 71.71, 534.84, 30.30, 14.06
3.97, 25, black car, 496.58, 548.83, 527.64, 561.70, 512.11, 555.26, 496.58, 555.26, 527.64, 555.26, 31.06, 12.87
3.97, 9, white car, 39.89, 527.83, 69.99, 541.79, 54.94, 534.81, 39.89, 534.81, 69.99, 534.81, 30.10, 13.97
4.00, 25, black car, 493.74, 548.64, 525.12, 561.66, 509.43, 555.15, 493.74, 555.15, 525.12, 555.15, 31.38, 13.02
4.00, 9, white car, 38.53, 527.78, 68.44, 541.62, 53.49, 534.70, 38.53, 534.70, 68.44, 534.70, 29.91, 13.84
4.03, 25, black car, 491.51, 548.99, 521.86, 561.58, 506.68, 555.29, 491.51, 555.29, 521.86, 555.29, 30.35, 12.59
4.03, 9, white car, 36.94, 527.73, 67.13, 541.70, 52.04, 534.71, 36.94, 534.71, 67.13, 534.71, 30.19, 13.97
4.07, 25, black car, 489.13, 549.18, 518.97, 561.56, 504.05, 555.37, 489.13, 555.37, 518.97, 555.37, 29.84, 12.38
4.07, 9, white car, 34.80, 527.59, 65.14, 541.65, 49.97, 534.62, 34.80, 534.62, 65.14, 534.62, 30.34, 14.07
4.10, 25, black car, 487.07, 548.76, 516.24, 560.91, 501.66, 554.84, 487.07, 554.84, 516.24, 554.84, 29.17, 12.15
4.10, 9, white car, 32.97, 527.52, 63.35, 541.62, 48.16, 534.57, 32.97, 534.57, 63.35, 534.57, 30.38, 14.11
4.13, 25, black car, 485.13, 548.86, 514.27, 561.06, 499.70, 554.96, 485.13, 554.96, 514.27, 554.96, 29.15, 12.20
4.13, 9, white car, 31.17, 527.40, 61.77, 541.61, 46.47, 534.50, 31.17, 534.50, 61.77, 534.50, 30.61, 14.22
4.17, 25, black car, 482.40, 548.70, 511.54, 560.96, 496.97, 554.83, 482.40, 554.83, 511.54, 554.83, 29.15, 12.26
4.17, 9, white car, 29.59, 527.20, 60.24, 541.46, 44.92, 534.33, 29.59, 534.33, 60.24, 534.33, 30.65, 14.26
4.20, 25, black car, 480.18, 548.68, 508.95, 560.80, 494.57, 554.74, 480.18, 554.74, 508.95, 554.74, 28.76, 12.13
4.20, 9, white car, 27.45, 527.12, 58.10, 541.40, 42.77, 534.26, 27.45, 534.26, 58.10, 534.26, 30.65, 14.28
4.23, 25, black car, 475.95, 548.04, 505.15, 560.31, 490.55, 554.18, 475.95, 554.18, 505.15, 554.18, 29.20, 12.27
4.23, 9, white car, 25.95, 527.16, 56.35, 541.35, 41.15, 534.25, 25.95, 534.25, 56.35, 534.25, 30.40, 14.18
4.27, 25, black car, 472.82, 547.77, 502.17, 560.07, 487.49, 553.92, 472.82, 553.92, 502.17, 553.92, 29.34, 12.30
4.27, 9, white car, 24.35, 527.11, 54.79, 541.36, 39.57, 534.23, 24.35, 534.23, 54.79, 534.23, 30.44, 14.24
4.30, 25, black car, 469.40, 547.62, 498.65, 559.90, 484.03, 553.76, 469.40, 553.76, 498.65, 553.76, 29.25, 12.28
4.30, 9, white car, 22.63, 527.05, 53.33, 541.45, 37.98, 534.25, 22.63, 534.25, 53.33, 534.25, 30.70, 14.40
4.33, 9, white car, 20.85, 527.01, 51.44, 541.40, 36.15, 534.21, 20.85, 534.21, 51.44, 534.21, 30.58, 14.39
4.37, 9, white car, 19.37, 526.91, 49.79, 541.24, 34.58, 534.08, 19.37, 534.08, 49.79, 534.08, 30.42, 14.33
4.37, 25, black car, 461.89, 547.73, 489.46, 559.29, 475.68, 553.51, 461.89, 553.51, 489.46, 553.51, 27.57, 11.56
4.40, 9, white car, 17.56, 526.76, 48.11, 541.17, 32.83, 533.97, 17.56, 533.97, 48.11, 533.97, 30.55, 14.41
4.40, 25, black car, 459.39, 547.60, 486.95, 559.16, 473.17, 553.38, 459.39, 553.38, 486.95, 553.38, 27.56, 11.56
4.43, 9, white car, 16.31, 526.62, 46.87, 541.06, 31.59, 533.84, 16.31, 533.84, 46.87, 533.84, 30.56, 14.44
4.43, 25, black car, 456.56, 547.29, 485.04, 559.20, 470.80, 553.25, 456.56, 553.25, 485.04, 553.25, 28.47, 11.90
4.47, 9, white car, 14.68, 526.58, 45.19, 541.03, 29.94, 533.80, 14.68, 533.80, 45.19, 533.80, 30.51, 14.45
4.47, 25, black car, 452.97, 547.19, 482.17, 559.39, 467.57, 553.29, 452.97, 553.29, 482.17, 553.29, 29.20, 12.21
4.50, 9, white car, 13.17, 526.50, 43.43, 540.82, 28.30, 533.66, 13.17, 533.66, 43.43, 533.66, 30.26, 14.32
4.50, 25, black car, 449.07, 547.09, 478.64, 559.52, 463.85, 553.30, 449.07, 553.30, 478.64, 553.30, 29.57, 12.43
4.53, 9, white car, 11.49, 526.33, 41.93, 540.75, 26.71, 533.54, 11.49, 533.54, 41.93, 533.54, 30.44, 14.42
4.53, 25, black car, 445.67, 547.03, 475.78, 559.76, 460.72, 553.40, 445.67, 553.40, 475.78, 553.40, 30.12, 12.72
4.57, 9, white car, 10.01, 526.24, 40.68, 540.80, 25.34, 533.52, 10.01, 533.52, 40.68, 533.52, 30.67, 14.56
4.57, 25, black car, 442.47, 547.12, 472.97, 560.06, 457.72, 553.59, 442.47, 553.59, 472.97, 553.59, 30.49, 12.95
4.60, 9, white car, 8.67, 526.18, 39.34, 540.74, 24.00, 533.46, 8.67, 533.46, 39.34, 533.46, 30.66, 14.56
4.60, 25, black car, 439.19, 547.23, 469.56, 560.13, 454.37, 553.68, 439.19, 553.68, 469.56, 553.68, 30.37, 12.89
4.63, 9, white car, 6.97, 526.12, 37.37, 540.57, 22.17, 533.34, 6.97, 533.34, 37.37, 533.34, 30.40, 14.46
4.63, 25, black car, 436.28, 547.55, 466.29, 560.27, 451.28, 553.91, 436.28, 553.91, 466.29, 553.91, 30.01, 12.71
4.67, 9, white car, 5.57, 526.10, 35.54, 540.33, 20.56, 533.21, 5.57, 533.21, 35.54, 533.21, 29.97, 14.23
4.67, 25, black car, 433.15, 547.43, 463.02, 560.06, 448.08, 553.74, 433.15, 553.74, 463.02, 553.74, 29.87, 12.63
4.70, 9, white car, 4.09, 526.11, 33.90, 540.23, 18.99, 533.17, 4.09, 533.17, 33.90, 533.17, 29.81, 14.12
4.70, 25, black car, 430.81, 547.30, 460.91, 559.99, 445.86, 553.65, 430.81, 553.65, 460.91, 553.65, 30.10, 12.70
4.73, 9, white car, 2.45, 525.96, 32.43, 540.15, 17.44, 533.06, 2.45, 533.06, 32.43, 533.06, 29.98, 14.19
4.73, 25, black car, 428.04, 547.30, 458.21, 560.01, 443.13, 553.66, 428.04, 553.66, 458.21, 553.66, 30.17, 12.70
4.77, 9, white car, 1.11, 525.87, 31.09, 540.08, 16.10, 532.97, 1.11, 532.97, 31.09, 532.97, 29.98, 14.21
4.77, 25, black car, 424.65, 547.23, 455.13, 560.00, 439.89, 553.62, 424.65, 553.62, 455.13, 553.62, 30.48, 12.78
4.80, 9, white car, 0.10, 525.79, 29.76, 539.91, 14.93, 532.85, 0.10, 532.85, 29.76, 532.85, 29.66, 14.11
4.80, 25, black car, 421.44, 547.11, 452.04, 559.91, 436.74, 553.51, 421.44, 553.51, 452.04, 553.51, 30.60, 12.80
4.83, 9, white car, 0.00, 525.72, 28.66, 539.91, 14.33, 532.81, 0.00, 532.81, 28.66, 532.81, 28.66, 14.19
4.83, 25, black car, 417.96, 546.96, 448.86, 559.88, 433.41, 553.42, 417.96, 553.42, 448.86, 553.42, 30.91, 12.92
4.87, 9, white car, 0.00, 525.76, 27.71, 539.86, 13.86, 532.81, 0.00, 532.81, 27.71, 532.81, 27.71, 14.10
4.87, 25, black car, 415.50, 547.00, 446.78, 560.11, 431.14, 553.55, 415.50, 553.55, 446.78, 553.55, 31.27, 13.11
4.90, 9, white car, 0.00, 525.77, 26.86, 539.77, 13.43, 532.77, 0.00, 532.77, 26.86, 532.77, 26.86, 14.00
4.90, 25, black car, 411.71, 546.93, 443.64, 560.30, 427.67, 553.61, 411.71, 553.61, 443.64, 553.61, 31.92, 13.37
4.93, 9, white car, 0.00, 525.95, 25.54, 539.76, 12.77, 532.85, 0.00, 532.85, 25.54, 532.85, 25.54, 13.81
4.93, 25, black car, 408.34, 547.09, 439.56, 560.16, 423.95, 553.62, 408.34, 553.62, 439.56, 553.62, 31.21, 13.07
4.97, 9, white car, 0.00, 526.09, 24.19, 539.54, 12.09, 532.82, 0.00, 532.82, 24.19, 532.82, 24.19, 13.45
4.97, 25, black car, 405.87, 547.25, 436.01, 559.88, 420.94, 553.57, 405.87, 553.57, 436.01, 553.57, 30.15, 12.64
5.00, 9, white car, 0.00, 526.04, 23.04, 539.35, 11.52, 532.69, 0.00, 532.69, 23.04, 532.69, 23.04, 13.30
5.00, 25, black car, 403.44, 547.01, 433.29, 559.51, 418.37, 553.26, 403.44, 553.26, 433.29, 553.26, 29.85, 12.50
5.03, 9, white car, 0.00, 526.01, 22.15, 539.27, 11.07, 532.64, 0.00, 532.64, 22.15, 532.64, 22.15, 13.26
5.03, 25, black car, 401.17, 546.95, 431.09, 559.52, 416.13, 553.23, 401.17, 553.23, 431.09, 553.23, 29.92, 12.57
5.07, 9, white car, 0.00, 525.96, 21.35, 539.17, 10.68, 532.56, 0.00, 532.56, 21.35, 532.56, 21.35, 13.21
5.07, 25, black car, 398.08, 546.77, 428.24, 559.44, 413.16, 553.10, 398.08, 553.10, 428.24, 553.10, 30.16, 12.67
5.10, 9, white car, 0.00, 526.13, 20.19, 539.05, 10.10, 532.59, 0.00, 532.59, 20.19, 532.59, 20.19, 12.92
5.10, 25, black car, 394.91, 546.49, 425.24, 559.27, 410.07, 552.88, 394.91, 552.88, 425.24, 552.88, 30.33, 12.78
5.13, 9, white car, 0.00, 526.33, 18.94, 538.97, 9.47, 532.65, 0.00, 532.65, 18.94, 532.65, 18.94, 12.65
5.13, 25, black car, 392.09, 546.63, 421.99, 559.23, 407.04, 552.93, 392.09, 552.93, 421.99, 552.93, 29.90, 12.60
5.17, 9, white car, 0.00, 526.27, 18.23, 539.02, 9.11, 532.65, 0.00, 532.65, 18.23, 532.65, 18.23, 12.75
5.17, 25, black car, 389.34, 546.19, 419.49, 558.88, 404.41, 552.53, 389.34, 552.53, 419.49, 552.53, 30.15, 12.69
5.20, 9, white car, 0.00, 525.80, 17.67, 539.27, 8.84, 532.54, 0.00, 532.54, 17.67, 532.54, 17.67, 13.47
5.20, 25, black car, 386.58, 546.10, 417.05, 558.96, 401.81, 552.53, 386.58, 552.53, 417.05, 552.53, 30.47, 12.86
5.23, 9, white car, 0.00, 525.35, 16.87, 539.21, 8.43, 532.28, 0.00, 532.28, 16.87, 532.28, 16.87, 13.86
5.23, 25, black car, 382.56, 545.72, 413.21, 558.69, 397.88, 552.21, 382.56, 552.21, 413.21, 552.21, 30.65, 12.97
5.27, 9, white car, 0.00, 524.60, 16.47, 539.29, 8.23, 531.95, 0.00, 531.95, 16.47, 531.95, 16.47, 14.69
5.27, 25, black car, 379.65, 545.71, 410.11, 558.60, 394.88, 552.16, 379.65, 552.16, 410.11, 552.16, 30.46, 12.89
5.30, 9, white car, 0.00, 524.24, 15.48, 539.46, 7.74, 531.85, 0.00, 531.85, 15.48, 531.85, 15.48, 15.22
5.30, 25, black car, 376.73, 545.58, 406.97, 558.39, 391.85, 551.99, 376.73, 551.99, 406.97, 551.99, 30.24, 12.80
5.33, 9, white car, 0.00, 524.31, 14.24, 539.49, 7.12, 531.90, 0.00, 531.90, 14.24, 531.90, 14.24, 15.18
5.33, 25, black car, 374.11, 545.43, 404.46, 558.30, 389.28, 551.86, 374.11, 551.86, 404.46, 551.86, 30.36, 12.87
5.37, 25, black car, 371.61, 545.15, 402.53, 558.30, 387.07, 551.72, 371.61, 551.72, 402.53, 551.72, 30.92, 13.15
5.40, 25, black car, 368.06, 545.16, 398.70, 558.16, 383.38, 551.66, 368.06, 551.66, 398.70, 551.66, 30.64, 13.00
5.43, 25, black car, 365.69, 545.33, 395.62, 558.04, 380.66, 551.69, 365.69, 551.69, 395.62, 551.69, 29.93, 12.70
5.47, 25, black car, 362.79, 545.29, 392.31, 557.85, 377.55, 551.57, 362.79, 551.57, 392.31, 551.57, 29.52, 12.56
5.50, 25, black car, 360.12, 545.47, 389.53, 558.01, 374.82, 551.74, 360.12, 551.74, 389.53, 551.74, 29.41, 12.55
5.53, 25, black car, 357.20, 545.08, 387.40, 558.00, 372.30, 551.54, 357.20, 551.54, 387.40, 551.54, 30.20, 12.91
5.57, 25, black car, 353.31, 544.90, 384.01, 558.01, 368.66, 551.46, 353.31, 551.46, 384.01, 551.46, 30.71, 13.11
5.60, 25, black car, 350.67, 544.88, 381.09, 557.89, 365.88, 551.39, 350.67, 551.39, 381.09, 551.39, 30.42, 13.01
5.63, 25, black car, 347.35, 544.38, 378.29, 557.67, 362.82, 551.03, 347.35, 551.03, 378.29, 551.03, 30.94, 13.29
5.67, 25, black car, 344.07, 544.08, 375.76, 557.76, 359.91, 550.92, 344.07, 550.92, 375.76, 550.92, 31.69, 13.67
5.70, 25, black car, 341.52, 543.81, 373.64, 557.71, 357.58, 550.76, 341.52, 550.76, 373.64, 550.76, 32.12, 13.90
5.73, 25, black car, 338.19, 543.53, 370.23, 557.42, 354.21, 550.48, 338.19, 550.48, 370.23, 550.48, 32.04, 13.89
5.77, 25, black car, 335.93, 543.61, 367.42, 557.28, 351.67, 550.44, 335.93, 550.44, 367.42, 550.44, 31.49, 13.66
5.80, 25, black car, 333.62, 543.59, 364.53, 557.01, 349.08, 550.30, 333.62, 550.30, 364.53, 550.30, 30.91, 13.43
5.83, 25, black car, 330.30, 543.70, 360.90, 557.00, 345.60, 550.35, 330.30, 550.35, 360.90, 550.35, 30.60, 13.30
5.87, 25, black car, 327.81, 543.64, 357.90, 556.73, 342.86, 550.18, 327.81, 550.18, 357.90, 550.18, 30.09, 13.09
5.90, 25, black car, 325.17, 543.50, 355.19, 556.60, 340.18, 550.05, 325.17, 550.05, 355.19, 550.05, 30.03, 13.10
5.93, 25, black car, 322.66, 543.36, 352.31, 556.32, 337.48, 549.84, 322.66, 549.84, 352.31, 549.84, 29.65, 12.96
5.97, 25, black car, 320.38, 543.05, 349.93, 556.03, 335.16, 549.54, 320.38, 549.54, 349.93, 549.54, 29.56, 12.98
6.00, 25, black car, 315.84, 542.53, 346.86, 556.17, 331.35, 549.35, 315.84, 549.35, 346.86, 549.35, 31.03, 13.65
6.03, 25, black car, 313.43, 542.35, 344.64, 556.09, 329.03, 549.22, 313.43, 549.22, 344.64, 549.22, 31.22, 13.74
6.07, 25, black car, 310.81, 541.90, 342.27, 555.86, 326.54, 548.88, 310.81, 548.88, 342.27, 548.88, 31.46, 13.96
6.10, 25, black car, 308.41, 541.60, 339.75, 555.59, 324.08, 548.59, 308.41, 548.59, 339.75, 548.59, 31.35, 13.99
6.13, 25, black car, 306.09, 541.45, 337.05, 555.34, 321.57, 548.39, 306.09, 548.39, 337.05, 548.39, 30.96, 13.90
6.17, 25, black car, 302.95, 541.35, 333.86, 555.25, 318.40, 548.30, 302.95, 548.30, 333.86, 548.30, 30.91, 13.90
6.20, 25, black car, 299.92, 541.53, 330.47, 555.22, 315.20, 548.37, 299.92, 548.37, 330.47, 548.37, 30.55, 13.69
6.23, 25, black car, 296.65, 540.96, 328.02, 555.05, 312.34, 548.01, 296.65, 548.01, 328.02, 548.01, 31.38, 14.09
6.27, 25, black car, 294.82, 541.04, 325.74, 554.99, 310.28, 548.01, 294.82, 548.01, 325.74, 548.01, 30.92, 13.96
6.30, 25, black car, 293.30, 541.36, 323.58, 555.13, 308.44, 548.24, 293.30, 548.24, 323.58, 548.24, 30.29, 13.77
6.33, 25, black car, 290.91, 540.25, 321.44, 554.28, 306.17, 547.26, 290.91, 547.26, 321.44, 547.26, 30.53, 14.03
6.37, 25, black car, 288.87, 539.77, 318.93, 553.69, 303.90, 546.73, 288.87, 546.73, 318.93, 546.73, 30.06, 13.92
6.40, 25, black car, 285.78, 539.81, 316.04, 553.83, 300.91, 546.82, 285.78, 546.82, 316.04, 546.82, 30.26, 14.02
6.43, 25, black car, 282.99, 539.52, 313.56, 553.73, 298.27, 546.62, 282.99, 546.62, 313.56, 546.62, 30.56, 14.22
6.47, 25, black car, 281.91, 539.64, 311.81, 553.58, 296.86, 546.61, 281.91, 546.61, 311.81, 546.61, 29.90, 13.93
6.50, 25, black car, 280.07, 539.32, 309.85, 553.15, 294.96, 546.23, 280.07, 546.23, 309.85, 546.23, 29.78, 13.83
6.60, 25, black car, 269.23, 539.98, 297.41, 553.00, 283.32, 546.49, 269.23, 546.49, 297.41, 546.49, 28.18, 13.02
6.63, 25, black car, 266.50, 539.78, 294.47, 552.64, 280.48, 546.21, 266.50, 546.21, 294.47, 546.21, 27.97, 12.86
6.67, 25, black car, 264.38, 539.78, 291.90, 552.33, 278.14, 546.05, 264.38, 546.05, 291.90, 546.05, 27.52, 12.55
6.70, 25, black car, 261.73, 540.14, 289.13, 552.53, 275.43, 546.34, 261.73, 546.34, 289.13, 546.34, 27.40, 12.39
6.73, 25, black car, 259.61, 539.98, 287.53, 552.50, 273.57, 546.24, 259.61, 546.24, 287.53, 546.24, 27.92, 12.52
6.77, 25, black car, 255.73, 539.99, 284.34, 552.76, 270.03, 546.38, 255.73, 546.38, 284.34, 546.38, 28.61, 12.77
6.80, 25, black car, 252.93, 540.17, 282.24, 553.24, 267.58, 546.71, 252.93, 546.71, 282.24, 546.71, 29.31, 13.07
6.83, 25, black car, 250.00, 540.20, 279.45, 553.29, 264.73, 546.75, 250.00, 546.75, 279.45, 546.75, 29.46, 13.09
6.87, 25, black car, 247.40, 540.17, 276.57, 553.08, 261.98, 546.63, 247.40, 546.63, 276.57, 546.63, 29.17, 12.91
6.90, 25, black car, 246.12, 540.18, 275.34, 553.02, 260.73, 546.60, 246.12, 546.60, 275.34, 546.60, 29.22, 12.84
6.93, 25, black car, 243.52, 540.34, 271.53, 552.55, 257.53, 546.44, 243.52, 546.44, 271.53, 546.44, 28.01, 12.21
6.97, 25, black car, 241.93, 539.54, 271.05, 552.12, 256.49, 545.83, 241.93, 545.83, 271.05, 545.83, 29.12, 12.58
6.97, 42, black car, 1303.99, 529.14, 1333.32, 541.81, 1318.66, 535.48, 1303.99, 535.48, 1333.32, 535.48, 29.33, 12.67
7.00, 42, black car, 1301.48, 529.49, 1330.28, 541.91, 1315.88, 535.70, 1301.48, 535.70, 1330.28, 535.70, 28.81, 12.42
7.03, 42, black car, 1298.45, 529.69, 1327.64, 542.31, 1313.05, 536.00, 1298.45, 536.00, 1327.64, 536.00, 29.19, 12.63
7.07, 42, black car, 1295.16, 529.96, 1324.04, 542.55, 1309.60, 536.25, 1295.16, 536.25, 1324.04, 536.25, 28.88, 12.59
7.10, 42, black car, 1292.20, 530.47, 1320.64, 542.94, 1306.42, 536.70, 1292.20, 536.70, 1320.64, 536.70, 28.44, 12.47
7.10, 25, black car, 230.21, 539.15, 258.28, 551.35, 244.25, 545.25, 230.21, 545.25, 258.28, 545.25, 28.07, 12.21
7.13, 42, black car, 1289.18, 530.50, 1317.89, 543.12, 1303.53, 536.81, 1289.18, 536.81, 1317.89, 536.81, 28.71, 12.62
7.13, 25, black car, 227.10, 538.84, 255.84, 551.37, 241.47, 545.10, 227.10, 545.10, 255.84, 545.10, 28.74, 12.53
7.17, 42, black car, 1286.51, 530.68, 1315.04, 543.23, 1300.77, 536.95, 1286.51, 536.95, 1315.04, 536.95, 28.53, 12.55
7.17, 25, black car, 224.42, 538.54, 253.51, 551.20, 238.97, 544.87, 224.42, 544.87, 253.51, 544.87, 29.08, 12.66
7.20, 42, black car, 1283.89, 531.01, 1313.06, 543.83, 1298.47, 537.42, 1283.89, 537.42, 1313.06, 537.42, 29.17, 12.82
7.20, 25, black car, 221.57, 538.33, 251.03, 551.14, 236.30, 544.73, 221.57, 544.73, 251.03, 544.73, 29.46, 12.81
7.23, 42, black car, 1281.12, 530.90, 1311.13, 544.08, 1296.12, 537.49, 1281.12, 537.49, 1311.13, 537.49, 30.01, 13.18
7.23, 25, black car, 219.16, 538.19, 248.68, 551.03, 233.92, 544.61, 219.16, 544.61, 248.68, 544.61, 29.52, 12.84
7.27, 42, black car, 1277.57, 531.37, 1307.55, 544.52, 1292.56, 537.94, 1277.57, 537.94, 1307.55, 537.94, 29.99, 13.15
7.27, 25, black car, 216.86, 538.28, 246.30, 551.08, 231.58, 544.68, 216.86, 544.68, 246.30, 544.68, 29.44, 12.80
7.30, 42, black car, 1274.62, 531.71, 1304.94, 544.94, 1289.78, 538.33, 1274.62, 538.33, 1304.94, 538.33, 30.32, 13.24
7.30, 25, black car, 214.22, 538.35, 243.24, 550.96, 228.73, 544.65, 214.22, 544.65, 243.24, 544.65, 29.02, 12.60
7.33, 42, black car, 1271.79, 531.93, 1302.18, 545.21, 1286.99, 538.57, 1271.79, 538.57, 1302.18, 538.57, 30.40, 13.29
7.33, 25, black car, 211.04, 538.10, 240.79, 550.96, 225.91, 544.53, 211.04, 544.53, 240.79, 544.53, 29.75, 12.86
7.37, 42, black car, 1268.82, 532.03, 1299.33, 545.43, 1284.07, 538.73, 1268.82, 538.73, 1299.33, 538.73, 30.52, 13.40
7.37, 25, black car, 208.78, 538.08, 238.35, 550.87, 223.57, 544.48, 208.78, 544.48, 238.35, 544.48, 29.57, 12.79
7.40, 42, black car, 1266.12, 532.16, 1297.14, 545.84, 1281.63, 539.00, 1266.12, 539.00, 1297.14, 539.00, 31.02, 13.67
7.40, 25, black car, 206.19, 537.85, 235.52, 550.55, 220.85, 544.20, 206.19, 544.20, 235.52, 544.20, 29.33, 12.69
7.43, 42, black car, 1263.16, 532.27, 1293.64, 545.75, 1278.40, 539.01, 1263.16, 539.01, 1293.64, 539.01, 30.48, 13.48
7.43, 25, black car, 204.16, 537.78, 233.75, 550.62, 218.95, 544.20, 204.16, 544.20, 233.75, 544.20, 29.59, 12.84
7.47, 42, black car, 1259.85, 532.31, 1289.94, 545.63, 1274.89, 538.97, 1259.85, 538.97, 1289.94, 538.97, 30.09, 13.32
7.47, 25, black car, 201.79, 537.66, 231.61, 550.68, 216.70, 544.17, 201.79, 544.17, 231.61, 544.17, 29.83, 13.02
7.50, 25, black car, 199.07, 537.50, 228.79, 550.46, 213.93, 543.98, 199.07, 543.98, 228.79, 543.98, 29.71, 12.96
7.53, 25, black car, 196.82, 537.44, 226.32, 550.31, 211.57, 543.87, 196.82, 543.87, 226.32, 543.87, 29.50, 12.87
7.57, 25, black car, 193.91, 537.24, 223.47, 550.12, 208.69, 543.68, 193.91, 543.68, 223.47, 543.68, 29.56, 12.88
7.60, 25, black car, 191.70, 537.08, 221.40, 550.04, 206.55, 543.56, 191.70, 543.56, 221.40, 543.56, 29.71, 12.96
7.63, 25, black car, 188.81, 537.12, 218.80, 550.21, 203.81, 543.67, 188.81, 543.67, 218.80, 543.67, 29.99, 13.09
7.67, 25, black car, 185.82, 536.88, 215.69, 549.95, 200.75, 543.42, 185.82, 543.42, 215.69, 543.42, 29.87, 13.07
7.70, 25, black car, 182.97, 537.00, 212.60, 549.94, 197.79, 543.47, 182.97, 543.47, 212.60, 543.47, 29.63, 12.94
7.73, 25, black car, 180.93, 536.99, 210.53, 549.93, 195.73, 543.46, 180.93, 543.46, 210.53, 543.46, 29.60, 12.94
7.77, 25, black car, 178.50, 537.01, 207.64, 549.74, 193.07, 543.37, 178.50, 543.37, 207.64, 543.37, 29.14, 12.73
7.80, 25, black car, 175.76, 536.78, 204.87, 549.47, 190.32, 543.13, 175.76, 543.13, 204.87, 543.13, 29.11, 12.70
7.83, 25, black car, 173.95, 536.95, 202.63, 549.46, 188.29, 543.20, 173.95, 543.20, 202.63, 543.20, 28.68, 12.51
7.83, 42, black car, 1227.26, 534.68, 1257.11, 548.06, 1242.18, 541.37, 1227.26, 541.37, 1257.11, 541.37, 29.85, 13.38
7.87, 25, black car, 171.80, 536.73, 200.00, 548.99, 185.90, 542.86, 171.80, 542.86, 200.00, 542.86, 28.20, 12.27
7.87, 42, black car, 1223.87, 534.67, 1254.00, 548.35, 1238.93, 541.51, 1223.87, 541.51, 1254.00, 541.51, 30.13, 13.68
7.90, 25, black car, 169.28, 536.62, 197.16, 548.66, 183.22, 542.64, 169.28, 542.64, 197.16, 542.64, 27.88, 12.04
7.93, 25, black car, 166.97, 536.45, 194.92, 548.47, 180.95, 542.46, 166.97, 542.46, 194.92, 542.46, 27.95, 12.02
7.93, 42, black car, 1218.75, 535.37, 1248.36, 548.91, 1233.56, 542.14, 1218.75, 542.14, 1248.36, 542.14, 29.61, 13.54
7.97, 25, black car, 164.67, 535.88, 193.12, 548.14, 178.89, 542.01, 164.67, 542.01, 193.12, 542.01, 28.45, 12.26
7.97, 42, black car, 1216.63, 535.56, 1245.30, 548.62, 1230.96, 542.09, 1216.63, 542.09, 1245.30, 542.09, 28.67, 13.06
8.00, 25, black car, 162.09, 535.68, 190.89, 548.11, 176.49, 541.90, 162.09, 541.90, 190.89, 541.90, 28.80, 12.43
8.03, 25, black car, 159.85, 535.70, 188.73, 548.20, 174.29, 541.95, 159.85, 541.95, 188.73, 541.95, 28.89, 12.50
8.03, 42, black car, 1211.20, 536.02, 1238.96, 548.62, 1225.08, 542.32, 1211.20, 542.32, 1238.96, 542.32, 27.76, 12.60
8.07, 25, black car, 157.04, 535.58, 186.31, 548.21, 171.68, 541.90, 157.04, 541.90, 186.31, 541.90, 29.27, 12.63
8.07, 42, black car, 1207.72, 536.26, 1235.05, 548.66, 1221.39, 542.46, 1207.72, 542.46, 1235.05, 542.46, 27.33, 12.40
8.10, 25, black car, 154.03, 535.33, 183.68, 548.08, 168.85, 541.71, 154.03, 541.71, 183.68, 541.71, 29.65, 12.76
8.10, 42, black car, 1205.08, 536.46, 1231.74, 548.51, 1218.41, 542.48, 1205.08, 542.48, 1231.74, 542.48, 26.66, 12.05
8.13, 25, black car, 151.02, 534.88, 181.27, 547.91, 166.14, 541.40, 151.02, 541.40, 181.27, 541.40, 30.26, 13.03
8.13, 42, black car, 1202.80, 537.06, 1228.59, 548.55, 1215.70, 542.80, 1202.80, 542.80, 1228.59, 542.80, 25.79, 11.48
8.17, 25, black car, 148.96, 534.84, 179.08, 547.84, 164.02, 541.34, 148.96, 541.34, 179.08, 541.34, 30.12, 12.99
8.17, 42, black car, 1200.26, 537.51, 1226.09, 548.87, 1213.17, 543.19, 1200.26, 543.19, 1226.09, 543.19, 25.83, 11.36
8.20, 42, black car, 1196.36, 537.88, 1222.30, 549.20, 1209.33, 543.54, 1196.36, 543.54, 1222.30, 543.54, 25.95, 11.32
8.23, 42, black car, 1192.91, 538.18, 1219.46, 549.75, 1206.19, 543.96, 1192.91, 543.96, 1219.46, 543.96, 26.55, 11.57
8.23, 25, black car, 144.05, 534.53, 174.75, 547.81, 159.40, 541.17, 144.05, 541.17, 174.75, 541.17, 30.70, 13.28
8.27, 42, black car, 1189.64, 538.24, 1216.61, 549.95, 1203.13, 544.09, 1189.64, 544.09, 1216.61, 544.09, 26.98, 11.71
8.30, 42, black car, 1186.49, 538.26, 1213.58, 549.94, 1200.03, 544.10, 1186.49, 544.10, 1213.58, 544.10, 27.09, 11.68
8.33, 42, black car, 1183.69, 538.16, 1210.87, 549.82, 1197.28, 543.99, 1183.69, 543.99, 1210.87, 543.99, 27.17, 11.66
8.37, 42, black car, 1180.93, 538.43, 1208.60, 550.28, 1194.76, 544.36, 1180.93, 544.36, 1208.60, 544.36, 27.67, 11.85
8.40, 42, black car, 1177.86, 538.62, 1206.03, 550.69, 1191.95, 544.65, 1177.86, 544.65, 1206.03, 544.65, 28.17, 12.07
8.43, 42, black car, 1174.44, 538.27, 1203.44, 550.72, 1188.94, 544.49, 1174.44, 544.49, 1203.44, 544.49, 29.00, 12.45
8.47, 42, black car, 1171.83, 538.52, 1201.07, 551.08, 1186.45, 544.80, 1171.83, 544.80, 1201.07, 544.80, 29.24, 12.56
8.50, 42, black car, 1168.89, 538.70, 1198.62, 551.44, 1183.75, 545.07, 1168.89, 545.07, 1198.62, 545.07, 29.73, 12.75
8.50, 25, black car, 126.72, 531.22, 157.90, 545.01, 142.31, 538.11, 126.72, 538.11, 157.90, 538.11, 31.18, 13.79
8.53, 42, black car, 1165.52, 538.97, 1195.07, 551.70, 1180.29, 545.33, 1165.52, 545.33, 1195.07, 545.33, 29.54, 12.72
8.53, 25, black car, 125.76, 530.88, 155.50, 544.20, 140.63, 537.54, 125.76, 537.54, 155.50, 537.54, 29.73, 13.32
8.57, 42, black car, 1162.19, 539.35, 1191.97, 552.23, 1177.08, 545.79, 1162.19, 545.79, 1191.97, 545.79, 29.78, 12.88
8.57, 25, black car, 124.30, 530.94, 153.63, 544.22, 138.96, 537.58, 124.30, 537.58, 153.63, 537.58, 29.33, 13.29
8.60, 42, black car, 1159.69, 539.49, 1189.22, 552.29, 1174.46, 545.89, 1159.69, 545.89, 1189.22, 545.89, 29.53, 12.80
8.60, 25, black car, 122.88, 531.12, 151.02, 543.88, 136.95, 537.50, 122.88, 537.50, 151.02, 537.50, 28.14, 12.76
8.63, 42, black car, 1156.81, 539.63, 1186.31, 552.44, 1171.56, 546.04, 1156.81, 546.04, 1186.31, 546.04, 29.51, 12.81
8.67, 42, black car, 1154.19, 539.89, 1183.58, 552.68, 1168.89, 546.28, 1154.19, 546.28, 1183.58, 546.28, 29.39, 12.79
8.70, 42, black car, 1151.44, 540.25, 1179.88, 552.62, 1165.66, 546.44, 1151.44, 546.44, 1179.88, 546.44, 28.44, 12.37
8.73, 42, black car, 1148.58, 540.44, 1176.36, 552.51, 1162.47, 546.47, 1148.58, 546.47, 1176.36, 546.47, 27.79, 12.07
8.77, 42, black car, 1145.64, 540.44, 1173.70, 552.61, 1159.67, 546.52, 1145.64, 546.52, 1173.70, 546.52, 28.06, 12.17
8.77, 54, white car, 1302.93, 535.47, 1330.95, 547.60, 1316.94, 541.53, 1302.93, 541.53, 1330.95, 541.53, 28.02, 12.13
8.80, 42, black car, 1142.27, 540.75, 1170.19, 552.84, 1156.23, 546.79, 1142.27, 546.79, 1170.19, 546.79, 27.91, 12.09
8.83, 42, black car, 1139.60, 541.02, 1167.08, 552.90, 1153.34, 546.96, 1139.60, 546.96, 1167.08, 546.96, 27.47, 11.88
8.83, 54, white car, 1297.27, 535.65, 1325.32, 547.73, 1311.30, 541.69, 1297.27, 541.69, 1325.32, 541.69, 28.04, 12.09
8.87, 42, black car, 1136.74, 541.11, 1163.99, 552.89, 1150.37, 547.00, 1136.74, 547.00, 1163.99, 547.00, 27.26, 11.79
8.87, 54, white car, 1294.81, 535.87, 1322.66, 547.81, 1308.73, 541.84, 1294.81, 541.84, 1322.66, 541.84, 27.85, 11.94
8.90, 54, white car, 1292.33, 536.25, 1319.49, 547.86, 1305.91, 542.06, 1292.33, 542.06, 1319.49, 542.06, 27.16, 11.61
8.93, 54, white car, 1289.57, 536.43, 1316.64, 547.94, 1303.10, 542.18, 1289.57, 542.18, 1316.64, 542.18, 27.06, 11.51
8.93, 42, black car, 1130.54, 541.30, 1158.44, 553.38, 1144.49, 547.34, 1130.54, 547.34, 1158.44, 547.34, 27.90, 12.08
8.97, 54, white car, 1286.58, 536.50, 1313.66, 547.95, 1300.12, 542.22, 1286.58, 542.22, 1313.66, 542.22, 27.07, 11.45
8.97, 42, black car, 1127.61, 541.52, 1154.97, 553.39, 1141.29, 547.45, 1127.61, 547.45, 1154.97, 547.45, 27.36, 11.87
9.00, 54, white car, 1283.78, 536.43, 1311.16, 547.98, 1297.47, 542.21, 1283.78, 542.21, 1311.16, 542.21, 27.38, 11.54
9.00, 42, black car, 1124.43, 541.65, 1152.00, 553.62, 1138.21, 547.64, 1124.43, 547.64, 1152.00, 547.64, 27.56, 11.96
9.03, 54, white car, 1281.32, 536.66, 1308.24, 547.96, 1294.78, 542.31, 1281.32, 542.31, 1308.24, 542.31, 26.91, 11.30
9.03, 42, black car, 1121.45, 541.63, 1149.20, 553.70, 1135.33, 547.67, 1121.45, 547.67, 1149.20, 547.67, 27.75, 12.06
9.07, 54, white car, 1278.55, 536.71, 1305.51, 548.01, 1292.03, 542.36, 1278.55, 542.36, 1305.51, 542.36, 26.96, 11.29
9.07, 42, black car, 1118.77, 541.77, 1146.18, 553.69, 1132.48, 547.73, 1118.77, 547.73, 1146.18, 547.73, 27.42, 11.92
9.07, 25, black car, 86.73, 531.84, 113.84, 543.92, 100.28, 537.88, 86.73, 537.88, 113.84, 537.88, 27.11, 12.08
9.10, 54, white car, 1275.47, 536.90, 1303.02, 548.43, 1289.25, 542.67, 1275.47, 542.67, 1303.02, 542.67, 27.56, 11.53
9.10, 42, black car, 1115.45, 542.18, 1142.60, 554.02, 1129.02, 548.10, 1115.45, 548.10, 1142.60, 548.10, 27.15, 11.84
9.10, 25, black car, 85.20, 531.99, 112.05, 543.76, 98.63, 537.87, 85.20, 537.87, 112.05, 537.87, 26.84, 11.78
9.13, 54, white car, 1272.70, 536.89, 1300.52, 548.52, 1286.61, 542.70, 1272.70, 542.70, 1300.52, 542.70, 27.82, 11.64
9.13, 42, black car, 1112.19, 542.20, 1139.91, 554.36, 1126.05, 548.28, 1112.19, 548.28, 1139.91, 548.28, 27.72, 12.16
9.17, 54, white car, 1269.64, 536.68, 1298.21, 548.65, 1283.92, 542.67, 1269.64, 542.67, 1298.21, 542.67, 28.58, 11.97
9.17, 42, black car, 1109.04, 542.26, 1136.98, 554.55, 1123.01, 548.40, 1109.04, 548.40, 1136.98, 548.40, 27.95, 12.28
9.17, 25, black car, 81.91, 532.04, 109.66, 544.10, 95.78, 538.07, 81.91, 538.07, 109.66, 538.07, 27.75, 12.06
9.20, 54, white car, 1267.02, 536.93, 1295.22, 548.72, 1281.12, 542.82, 1267.02, 542.82, 1295.22, 542.82, 28.21, 11.79
9.20, 42, black car, 1105.99, 542.20, 1134.49, 554.78, 1120.24, 548.49, 1105.99, 548.49, 1134.49, 548.49, 28.50, 12.58
9.23, 54, white car, 1264.31, 537.27, 1292.52, 549.04, 1278.41, 543.16, 1264.31, 543.16, 1292.52, 543.16, 28.21, 11.78
9.23, 42, black car, 1103.41, 542.27, 1131.90, 554.87, 1117.66, 548.57, 1103.41, 548.57, 1131.90, 548.57, 28.48, 12.60
9.27, 54, white car, 1261.14, 537.41, 1289.87, 549.43, 1275.50, 543.42, 1261.14, 543.42, 1289.87, 543.42, 28.73, 12.02
9.27, 42, black car, 1100.14, 542.20, 1129.47, 555.20, 1114.80, 548.70, 1100.14, 548.70, 1129.47, 548.70, 29.33, 13.00
9.30, 54, white car, 1258.47, 537.55, 1287.36, 549.65, 1272.91, 543.60, 1258.47, 543.60, 1287.36, 543.60, 28.90, 12.10
9.30, 42, black car, 1097.10, 542.55, 1126.08, 555.44, 1111.59, 549.00, 1097.10, 549.00, 1126.08, 549.00, 28.98, 12.89
9.30, 25, black car, 72.50, 532.07, 98.80, 543.41, 85.65, 537.74, 72.50, 537.74, 98.80, 537.74, 26.30, 11.34
9.33, 54, white car, 1255.38, 537.31, 1285.41, 549.94, 1270.39, 543.63, 1255.38, 543.63, 1285.41, 543.63, 30.04, 12.63
9.33, 42, black car, 1094.21, 542.90, 1122.38, 555.48, 1108.29, 549.19, 1094.21, 549.19, 1122.38, 549.19, 28.17, 12.58
9.33, 25, black car, 69.78, 531.87, 96.24, 543.28, 83.01, 537.58, 69.78, 537.58, 96.24, 537.58, 26.46, 11.41
9.37, 54, white car, 1252.59, 537.32, 1283.30, 550.33, 1267.95, 543.83, 1252.59, 543.83, 1283.30, 543.83, 30.71, 13.01
9.37, 42, black car, 1091.66, 542.99, 1119.74, 555.58, 1105.70, 549.28, 1091.66, 549.28, 1119.74, 549.28, 28.08, 12.59
9.37, 25, black car, 66.72, 531.52, 93.77, 543.19, 80.25, 537.35, 66.72, 537.35, 93.77, 537.35, 27.05, 11.66
9.40, 54, white car, 1249.80, 537.31, 1280.49, 550.41, 1265.15, 543.86, 1249.80, 543.86, 1280.49, 543.86, 30.70, 13.10
9.40, 42, black car, 1088.46, 542.99, 1116.30, 555.55, 1102.38, 549.27, 1088.46, 549.27, 1116.30, 549.27, 27.84, 12.56
9.40, 25, black car, 63.66, 531.68, 91.12, 543.47, 77.39, 537.57, 63.66, 537.57, 91.12, 537.57, 27.46, 11.80
9.43, 54, white car, 1247.02, 537.27, 1277.96, 550.60, 1262.49, 543.94, 1247.02, 543.94, 1277.96, 543.94, 30.94, 13.33
9.43, 25, black car, 60.76, 531.67, 88.88, 543.71, 74.82, 537.69, 60.76, 537.69, 88.88, 537.69, 28.12, 12.03
9.47, 54, white car, 1244.45, 537.54, 1274.76, 550.63, 1259.60, 544.09, 1244.45, 544.09, 1274.76, 544.09, 30.32, 13.09
9.47, 25, black car, 57.05, 531.34, 86.43, 543.86, 71.74, 537.60, 57.05, 537.60, 86.43, 537.60, 29.38, 12.52
9.47, 42, black car, 1082.18, 543.27, 1110.29, 556.01, 1096.24, 549.64, 1082.18, 549.64, 1110.29, 549.64, 28.11, 12.74
9.50, 54, white car, 1241.62, 537.41, 1271.84, 550.50, 1256.73, 543.95, 1241.62, 543.95, 1271.84, 543.95, 30.22, 13.08
9.50, 25, black car, 54.88, 531.20, 84.54, 543.78, 69.71, 537.49, 54.88, 537.49, 84.54, 537.49, 29.67, 12.58
9.50, 42, black car, 1079.58, 543.37, 1107.54, 556.09, 1093.56, 549.73, 1079.58, 549.73, 1107.54, 549.73, 27.97, 12.72
9.53, 54, white car, 1239.17, 537.48, 1268.99, 550.49, 1254.08, 543.99, 1239.17, 543.99, 1268.99, 543.99, 29.82, 13.01
9.53, 25, black car, 52.97, 531.11, 82.62, 543.63, 67.80, 537.37, 52.97, 537.37, 82.62, 537.37, 29.65, 12.52
9.53, 42, black car, 1076.63, 543.64, 1104.04, 556.16, 1090.33, 549.90, 1076.63, 549.90, 1104.04, 549.90, 27.41, 12.52
9.57, 54, white car, 1236.55, 537.92, 1265.55, 550.57, 1251.05, 544.24, 1236.55, 544.24, 1265.55, 544.24, 29.00, 12.65
9.57, 25, black car, 50.42, 531.09, 80.39, 543.73, 65.40, 537.41, 50.42, 537.41, 80.39, 537.41, 29.97, 12.65
9.57, 42, black car, 1073.83, 543.79, 1101.26, 556.35, 1087.55, 550.07, 1073.83, 550.07, 1101.26, 550.07, 27.43, 12.55
9.60, 54, white car, 1234.41, 538.19, 1262.41, 550.40, 1248.41, 544.30, 1234.41, 544.30, 1262.41, 544.30, 27.99, 12.21
9.60, 25, black car, 48.61, 530.99, 78.74, 543.76, 63.67, 537.37, 48.61, 537.37, 78.74, 537.37, 30.13, 12.77
9.60, 42, black car, 1071.18, 544.02, 1098.29, 556.44, 1084.74, 550.23, 1071.18, 550.23, 1098.29, 550.23, 27.11, 12.43
9.63, 54, white car, 1231.78, 538.21, 1259.69, 550.36, 1245.73, 544.28, 1231.78, 544.28, 1259.69, 544.28, 27.91, 12.15
9.63, 25, black car, 45.58, 530.38, 76.36, 543.49, 60.97, 536.93, 45.58, 536.93, 76.36, 536.93, 30.78, 13.11
9.63, 42, black car, 1068.13, 544.24, 1094.66, 556.40, 1081.39, 550.32, 1068.13, 550.32, 1094.66, 550.32, 26.53, 12.17
9.67, 54, white car, 1229.06, 538.32, 1257.23, 550.58, 1243.14, 544.45, 1229.06, 544.45, 1257.23, 544.45, 28.18, 12.26
9.67, 25, black car, 43.29, 529.97, 74.28, 543.20, 58.78, 536.58, 43.29, 536.58, 74.28, 536.58, 30.99, 13.23
9.67, 42, black car, 1064.99, 544.58, 1091.69, 556.82, 1078.34, 550.70, 1064.99, 550.70, 1091.69, 550.70, 26.70, 12.24
9.70, 54, white car, 1226.11, 538.19, 1254.39, 550.52, 1240.25, 544.35, 1226.11, 544.35, 1254.39, 544.35, 28.28, 12.33
9.70, 25, black car, 40.88, 529.67, 71.90, 542.93, 56.39, 536.30, 40.88, 536.30, 71.90, 536.30, 31.02, 13.27
9.70, 42, black car, 1062.16, 544.72, 1088.86, 556.96, 1075.51, 550.84, 1062.16, 550.84, 1088.86, 550.84, 26.70, 12.24
9.73, 54, white car, 1223.31, 538.45, 1251.43, 550.72, 1237.37, 544.59, 1223.31, 544.59, 1251.43, 544.59, 28.13, 12.26
9.73, 25, black car, 38.39, 529.68, 69.14, 542.91, 53.77, 536.30, 38.39, 536.30, 69.14, 536.30, 30.75, 13.24
9.73, 42, black car, 1059.29, 544.93, 1086.03, 557.19, 1072.66, 551.06, 1059.29, 551.06, 1086.03, 551.06, 26.74, 12.26
9.77, 54, white car, 1220.67, 538.74, 1248.67, 550.95, 1234.67, 544.85, 1220.67, 544.85, 1248.67, 544.85, 28.00, 12.21
9.77, 25, black car, 35.68, 529.46, 66.63, 542.83, 51.15, 536.15, 35.68, 536.15, 66.63, 536.15, 30.94, 13.36
9.80, 54, white car, 1218.09, 538.82, 1246.02, 550.99, 1232.06, 544.91, 1218.09, 544.91, 1246.02, 544.91, 27.93, 12.17
9.80, 25, black car, 33.58, 529.19, 64.87, 542.76, 49.23, 535.98, 33.58, 535.98, 64.87, 535.98, 31.29, 13.57
9.80, 42, black car, 1053.14, 545.08, 1080.16, 557.46, 1066.65, 551.27, 1053.14, 551.27, 1080.16, 551.27, 27.03, 12.38
9.83, 54, white car, 1215.52, 539.24, 1243.59, 551.45, 1229.55, 545.34, 1215.52, 545.34, 1243.59, 545.34, 28.07, 12.20
9.83, 25, black car, 31.99, 529.20, 62.98, 542.68, 47.48, 535.94, 31.99, 535.94, 62.98, 535.94, 30.99, 13.48
9.83, 42, black car, 1049.98, 545.19, 1076.85, 557.50, 1063.42, 551.34, 1049.98, 551.34, 1076.85, 551.34, 26.86, 12.31
9.87, 54, white car, 1213.05, 539.45, 1240.43, 551.32, 1226.74, 545.38, 1213.05, 545.38, 1240.43, 545.38, 27.39, 11.87
9.87, 25, black car, 29.51, 529.03, 60.34, 542.48, 44.92, 535.76, 29.51, 535.76, 60.34, 535.76, 30.83, 13.45
9.87, 42, black car, 1047.17, 545.47, 1073.14, 557.33, 1060.15, 551.40, 1047.17, 551.40, 1073.14, 551.40, 25.96, 11.85
9.90, 54, white car, 1210.21, 539.51, 1237.56, 551.33, 1223.88, 545.42, 1210.21, 545.42, 1237.56, 545.42, 27.35, 11.82
9.90, 25, black car, 27.50, 529.01, 57.94, 542.32, 42.72, 535.67, 27.50, 535.67, 57.94, 535.67, 30.44, 13.31
9.90, 42, black car, 1043.95, 545.41, 1070.83, 557.71, 1057.39, 551.56, 1043.95, 551.56, 1070.83, 551.56, 26.88, 12.31
9.93, 54, white car, 1207.23, 539.62, 1234.96, 551.60, 1221.10, 545.61, 1207.23, 545.61, 1234.96, 545.61, 27.73, 11.97
9.93, 25, black car, 26.42, 529.13, 56.20, 542.18, 41.31, 535.66, 26.42, 535.66, 56.20, 535.66, 29.78, 13.05
9.93, 42, black car, 1041.46, 545.64, 1068.87, 558.13, 1055.17, 551.89, 1041.46, 551.89, 1068.87, 551.89, 27.41, 12.49
9.97, 54, white car, 1204.49, 539.58, 1232.41, 551.62, 1218.45, 545.60, 1204.49, 545.60, 1232.41, 545.60, 27.92, 12.04
9.97, 25, black car, 23.86, 528.95, 53.70, 542.09, 38.78, 535.52, 23.86, 535.52, 53.70, 535.52, 29.84, 13.14
