1.07, 11, white car, 1411.47, 546.20, 1444.85, 561.81, 1428.16, 554.01, 1411.47, 554.01, 1444.85, 554.01, 33.38, 15.61
1.10, 11, white car, 1408.30, 546.14, 1441.42, 561.60, 1424.86, 553.87, 1408.30, 553.87, 1441.42, 553.87, 33.12, 15.46
1.13, 11, white car, 1405.39, 546.05, 1438.65, 561.53, 1422.02, 553.79, 1405.39, 553.79, 1438.65, 553.79, 33.26, 15.48
1.17, 11, white car, 1402.21, 545.95, 1436.08, 561.70, 1419.15, 553.82, 1402.21, 553.82, 1436.08, 553.82, 33.87, 15.75
1.20, 11, white car, 1398.86, 545.98, 1432.84, 561.77, 1415.85, 553.88, 1398.86, 553.88, 1432.84, 553.88, 33.99, 15.79
1.23, 11, white car, 1396.06, 546.05, 1429.45, 561.52, 1412.76, 553.79, 1396.06, 553.79, 1429.45, 553.79, 33.39, 15.47
1.27, 11, white car, 1393.18, 546.31, 1425.10, 560.98, 1409.14, 553.65, 1393.18, 553.65, 1425.10, 553.65, 31.92, 14.66
1.30, 11, white car, 1389.89, 546.22, 1422.07, 560.92, 1405.98, 553.57, 1389.89, 553.57, 1422.07, 553.57, 32.18, 14.70
1.33, 11, white car, 1386.14, 546.11, 1418.99, 561.05, 1402.57, 553.58, 1386.14, 553.58, 1418.99, 553.58, 32.85, 14.94
1.37, 11, white car, 1382.89, 546.04, 1415.70, 560.89, 1399.30, 553.47, 1382.89, 553.47, 1415.70, 553.47, 32.81, 14.85
1.40, 11, white car, 1379.63, 546.06, 1412.46, 560.88, 1396.05, 553.47, 1379.63, 553.47, 1412.46, 553.47, 32.83, 14.83
1.43, 11, white car, 1375.83, 546.04, 1409.24, 561.09, 1392.53, 553.57, 1375.83, 553.57, 1409.24, 553.57, 33.41, 15.06
1.47, 11, white car, 1372.55, 545.93, 1406.72, 561.35, 1389.64, 553.64, 1372.55, 553.64, 1406.72, 553.64, 34.17, 15.42
1.50, 11, white car, 1369.03, 545.63, 1403.49, 561.19, 1386.26, 553.41, 1369.03, 553.41, 1403.49, 553.41, 34.47, 15.56
1.53, 11, white car, 1366.65, 545.71, 1399.95, 560.71, 1383.30, 553.21, 1366.65, 553.21, 1399.95, 553.21, 33.29, 15.01
1.57, 11, white car, 1363.49, 545.58, 1396.39, 560.37, 1379.94, 552.98, 1363.49, 552.98, 1396.39, 552.98, 32.90, 14.78
1.60, 11, white car, 1360.25, 545.52, 1393.04, 560.21, 1376.64, 552.86, 1360.25, 552.86, 1393.04, 552.86, 32.79, 14.69
1.63, 11, white car, 1356.84, 545.29, 1389.96, 560.08, 1373.40, 552.69, 1356.84, 552.69, 1389.96, 552.69, 33.12, 14.79
1.67, 11, white car, 1353.55, 545.23, 1386.52, 559.91, 1370.04, 552.57, 1353.55, 552.57, 1386.52, 552.57, 32.97, 14.68
1.70, 11, white car, 1349.99, 545.00, 1383.59, 559.94, 1366.79, 552.47, 1349.99, 552.47, 1383.59, 552.47, 33.60, 14.94
1.73, 11, white car, 1347.04, 544.96, 1380.47, 559.80, 1363.75, 552.38, 1347.04, 552.38, 1380.47, 552.38, 33.43, 14.84
1.77, 11, white car, 1343.59, 544.96, 1377.00, 559.78, 1360.29, 552.37, 1343.59, 552.37, 1377.00, 552.37, 33.41, 14.82
1.80, 11, white car, 1340.25, 544.80, 1373.96, 559.74, 1357.11, 552.27, 1340.25, 552.27, 1373.96, 552.27, 33.72, 14.95
1.83, 11, white car, 1337.10, 544.74, 1370.51, 559.52, 1353.81, 552.13, 1337.10, 552.13, 1370.51, 552.13, 33.42, 14.78
1.87, 11, white car, 1333.77, 544.65, 1367.37, 559.47, 1350.57, 552.06, 1333.77, 552.06, 1367.37, 552.06, 33.60, 14.82
1.90, 11, white car, 1331.01, 544.54, 1364.14, 559.08, 1347.57, 551.81, 1331.01, 551.81, 1364.14, 551.81, 33.14, 14.54
1.93, 11, white car, 1327.75, 544.50, 1360.63, 558.89, 1344.19, 551.70, 1327.75, 551.70, 1360.63, 551.70, 32.88, 14.38
1.97, 11, white car, 1324.33, 544.34, 1357.65, 558.90, 1340.99, 551.62, 1324.33, 551.62, 1357.65, 551.62, 33.32, 14.56
2.00, 11, white car, 1320.97, 544.26, 1354.16, 558.76, 1337.57, 551.51, 1320.97, 551.51, 1354.16, 551.51, 33.19, 14.50
2.03, 11, white car, 1317.74, 544.06, 1351.34, 558.73, 1334.54, 551.40, 1317.74, 551.40, 1351.34, 551.40, 33.60, 14.67
2.07, 11, white car, 1314.37, 543.83, 1348.00, 558.52, 1331.19, 551.18, 1314.37, 551.18, 1348.00, 551.18, 33.63, 14.69
2.10, 11, white car, 1310.80, 543.54, 1344.85, 558.46, 1327.82, 551.00, 1310.80, 551.00, 1344.85, 551.00, 34.05, 14.92
2.13, 2, white car, 1412.97, 548.42, 1446.72, 563.61, 1429.85, 556.01, 1412.97, 556.01, 1446.72, 556.01, 33.75, 15.19
2.13, 11, white car, 1307.95, 543.53, 1341.59, 558.28, 1324.77, 550.91, 1307.95, 550.91, 1341.59, 550.91, 33.64, 14.74
2.17, 2, white car, 1410.10, 548.67, 1443.14, 563.50, 1426.62, 556.08, 1410.10, 556.08, 1443.14, 556.08, 33.04, 14.83
2.17, 11, white car, 1304.54, 543.46, 1338.16, 558.21, 1321.35, 550.83, 1304.54, 550.83, 1338.16, 550.83, 33.62, 14.74
2.20, 2, white car, 1406.84, 548.36, 1440.03, 563.26, 1423.43, 555.81, 1406.84, 555.81, 1440.03, 555.81, 33.19, 14.90
2.20, 11, white car, 1301.24, 543.27, 1334.78, 557.97, 1318.01, 550.62, 1301.24, 550.62, 1334.78, 550.62, 33.54, 14.70
2.23, 2, white car, 1403.74, 548.18, 1436.87, 563.02, 1420.31, 555.60, 1403.74, 555.60, 1436.87, 555.60, 33.12, 14.85
2.23, 11, white car, 1297.77, 543.09, 1331.38, 557.81, 1314.57, 550.45, 1297.77, 550.45, 1331.38, 550.45, 33.61, 14.72
2.27, 2, white car, 1400.27, 547.96, 1433.49, 562.84, 1416.88, 555.40, 1400.27, 555.40, 1433.49, 555.40, 33.22, 14.88
2.27, 11, white car, 1294.80, 543.12, 1328.11, 557.73, 1311.45, 550.43, 1294.80, 550.43, 1328.11, 550.43, 33.32, 14.60
2.30, 2, white car, 1397.36, 547.84, 1430.11, 562.49, 1413.73, 555.17, 1397.36, 555.17, 1430.11, 555.17, 32.75, 14.65
2.30, 11, white car, 1291.28, 543.20, 1325.11, 558.03, 1308.19, 550.61, 1291.28, 550.61, 1325.11, 550.61, 33.83, 14.83
2.33, 2, white car, 1394.59, 547.77, 1426.39, 561.86, 1410.49, 554.82, 1394.59, 554.82, 1426.39, 554.82, 31.80, 14.09
2.33, 11, white car, 1288.01, 543.31, 1321.40, 557.97, 1304.70, 550.64, 1288.01, 550.64, 1321.40, 550.64, 33.39, 14.66
2.37, 2, white car, 1391.29, 547.75, 1422.48, 561.47, 1406.89, 554.61, 1391.29, 554.61, 1422.48, 554.61, 31.19, 13.72
2.37, 11, white car, 1284.79, 543.40, 1318.08, 558.01, 1301.43, 550.70, 1284.79, 550.70, 1318.08, 550.70, 33.29, 14.61
2.40, 2, white car, 1387.48, 547.76, 1418.94, 561.54, 1403.21, 554.65, 1387.48, 554.65, 1418.94, 554.65, 31.46, 13.78
2.40, 11, white car, 1281.66, 543.33, 1314.79, 557.88, 1298.23, 550.60, 1281.66, 550.60, 1314.79, 550.60, 33.13, 14.55
2.43, 2, white car, 1384.15, 547.65, 1415.78, 561.42, 1399.97, 554.54, 1384.15, 554.54, 1415.78, 554.54, 31.64, 13.78
2.43, 11, white car, 1278.50, 543.09, 1311.86, 557.75, 1295.18, 550.42, 1278.50, 550.42, 1311.86, 550.42, 33.36, 14.66
2.47, 2, white car, 1380.77, 547.55, 1412.75, 561.43, 1396.76, 554.49, 1380.77, 554.49, 1412.75, 554.49, 31.98, 13.88
2.47, 11, white car, 1274.79, 542.58, 1308.75, 557.52, 1291.77, 550.05, 1274.79, 550.05, 1308.75, 550.05, 33.96, 14.94
2.50, 2, white car, 1377.22, 547.43, 1409.73, 561.47, 1393.48, 554.45, 1377.22, 554.45, 1409.73, 554.45, 32.51, 14.04
2.50, 11, white car, 1271.62, 542.39, 1305.49, 557.31, 1288.55, 549.85, 1271.62, 549.85, 1305.49, 549.85, 33.87, 14.93
2.53, 2, white car, 1373.47, 547.40, 1406.12, 561.49, 1389.79, 554.44, 1373.47, 554.44, 1406.12, 554.44, 32.65, 14.09
2.53, 11, white car, 1268.43, 542.41, 1301.86, 557.16, 1285.15, 549.79, 1268.43, 549.79, 1301.86, 549.79, 33.43, 14.74
2.57, 2, white car, 1369.94, 547.31, 1403.28, 561.71, 1386.61, 554.51, 1369.94, 554.51, 1403.28, 554.51, 33.33, 14.40
2.57, 11, white car, 1265.32, 542.38, 1298.31, 556.93, 1281.82, 549.65, 1265.32, 549.65, 1298.31, 549.65, 32.99, 14.55
2.60, 2, white car, 1366.76, 547.22, 1399.89, 561.54, 1383.32, 554.38, 1366.76, 554.38, 1399.89, 554.38, 33.12, 14.32
2.60, 11, white car, 1262.14, 542.21, 1295.06, 556.71, 1278.60, 549.46, 1262.14, 549.46, 1295.06, 549.46, 32.91, 14.50
2.63, 2, white car, 1363.84, 546.88, 1396.37, 560.90, 1380.10, 553.89, 1363.84, 553.89, 1396.37, 553.89, 32.53, 14.02
2.63, 11, white car, 1258.94, 542.00, 1291.75, 556.46, 1275.34, 549.23, 1258.94, 549.23, 1291.75, 549.23, 32.81, 14.46
2.67, 2, white car, 1360.46, 546.85, 1392.57, 560.64, 1376.51, 553.74, 1360.46, 553.74, 1392.57, 553.74, 32.12, 13.79
2.67, 11, white car, 1255.71, 541.98, 1288.19, 556.28, 1271.95, 549.13, 1255.71, 549.13, 1288.19, 549.13, 32.49, 14.30
2.70, 2, white car, 1357.09, 546.75, 1389.15, 560.45, 1373.12, 553.60, 1357.09, 553.60, 1389.15, 553.60, 32.06, 13.70
2.70, 11, white car, 1252.67, 541.94, 1284.68, 556.00, 1268.67, 548.97, 1252.67, 548.97, 1284.68, 548.97, 32.01, 14.06
2.73, 2, white car, 1353.59, 546.69, 1385.62, 560.36, 1369.61, 553.52, 1353.59, 553.52, 1385.62, 553.52, 32.04, 13.67
2.73, 11, white car, 1249.41, 542.00, 1281.48, 556.08, 1265.45, 549.04, 1249.41, 549.04, 1281.48, 549.04, 32.07, 14.07
2.77, 2, white car, 1350.51, 546.35, 1382.69, 560.05, 1366.60, 553.20, 1350.51, 553.20, 1382.69, 553.20, 32.18, 13.71
2.77, 11, white car, 1245.86, 541.72, 1278.37, 555.99, 1262.11, 548.85, 1245.86, 548.85, 1278.37, 548.85, 32.50, 14.27
2.80, 2, white car, 1346.83, 546.30, 1379.07, 560.01, 1362.95, 553.16, 1346.83, 553.16, 1379.07, 553.16, 32.23, 13.71
2.80, 11, white car, 1242.78, 541.98, 1274.62, 555.94, 1258.70, 548.96, 1242.78, 548.96, 1274.62, 548.96, 31.84, 13.96
2.83, 2, white car, 1342.99, 546.21, 1375.78, 560.16, 1359.38, 553.18, 1342.99, 553.18, 1375.78, 553.18, 32.79, 13.96
2.83, 11, white car, 1239.40, 541.82, 1271.54, 555.93, 1255.47, 548.88, 1239.40, 548.88, 1271.54, 548.88, 32.14, 14.11
2.87, 2, white car, 1339.42, 545.73, 1373.08, 560.09, 1356.25, 552.91, 1339.42, 552.91, 1373.08, 552.91, 33.65, 14.36
2.87, 11, white car, 1236.30, 541.90, 1268.22, 555.90, 1252.26, 548.90, 1236.30, 548.90, 1268.22, 548.90, 31.92, 14.00
2.90, 2, white car, 1336.75, 545.86, 1369.20, 559.68, 1352.98, 552.77, 1336.75, 552.77, 1369.20, 552.77, 32.45, 13.81
2.90, 11, white car, 1232.88, 541.65, 1265.24, 555.87, 1249.06, 548.76, 1232.88, 548.76, 1265.24, 548.76, 32.36, 14.22
2.93, 2, white car, 1333.12, 545.65, 1365.99, 559.65, 1349.56, 552.65, 1333.12, 552.65, 1365.99, 552.65, 32.87, 14.00
2.93, 11, white car, 1229.98, 541.57, 1261.85, 555.57, 1245.91, 548.57, 1229.98, 548.57, 1261.85, 548.57, 31.87, 14.00
2.97, 2, white car, 1329.45, 545.37, 1362.77, 559.60, 1346.11, 552.49, 1329.45, 552.49, 1362.77, 552.49, 33.32, 14.23
2.97, 11, white car, 1226.50, 541.38, 1258.46, 555.43, 1242.48, 548.40, 1226.50, 548.40, 1258.46, 548.40, 31.96, 14.05
3.00, 2, white car, 1325.77, 545.04, 1359.59, 559.53, 1342.68, 552.28, 1325.77, 552.28, 1359.59, 552.28, 33.82, 14.49
3.00, 11, white car, 1223.08, 541.15, 1255.02, 555.20, 1239.05, 548.17, 1223.08, 548.17, 1255.02, 548.17, 31.94, 14.06
3.03, 2, white car, 1322.49, 544.84, 1356.39, 559.40, 1339.44, 552.12, 1322.49, 552.12, 1356.39, 552.12, 33.90, 14.56
3.03, 11, white car, 1219.57, 540.96, 1251.86, 555.22, 1235.71, 548.09, 1219.57, 548.09, 1251.86, 548.09, 32.30, 14.26
3.07, 2, white car, 1319.11, 544.64, 1353.16, 559.32, 1336.13, 551.98, 1319.11, 551.98, 1353.16, 551.98, 34.05, 14.68
3.07, 11, white car, 1216.56, 540.81, 1248.70, 554.99, 1232.63, 547.90, 1216.56, 547.90, 1248.70, 547.90, 32.13, 14.17
3.10, 2, white car, 1315.33, 544.33, 1349.69, 559.19, 1332.51, 551.76, 1315.33, 551.76, 1349.69, 551.76, 34.36, 14.86
3.10, 11, white car, 1213.37, 540.84, 1245.17, 554.83, 1229.27, 547.84, 1213.37, 547.84, 1245.17, 547.84, 31.80, 14.00
3.13, 2, white car, 1312.14, 544.09, 1346.30, 558.91, 1329.22, 551.50, 1312.14, 551.50, 1346.30, 551.50, 34.16, 14.82
3.13, 11, white car, 1210.65, 540.71, 1241.77, 554.34, 1226.21, 547.53, 1210.65, 547.53, 1241.77, 547.53, 31.12, 13.63
3.17, 2, white car, 1308.92, 543.87, 1342.91, 558.65, 1325.91, 551.26, 1308.92, 551.26, 1342.91, 551.26, 33.99, 14.79
3.17, 11, white car, 1206.98, 540.39, 1238.29, 554.07, 1222.63, 547.23, 1206.98, 547.23, 1238.29, 547.23, 31.30, 13.69
3.20, 2, white car, 1305.87, 543.95, 1339.20, 558.44, 1322.54, 551.19, 1305.87, 551.19, 1339.20, 551.19, 33.33, 14.50
3.20, 11, white car, 1203.90, 540.50, 1234.48, 553.82, 1219.19, 547.16, 1203.90, 547.16, 1234.48, 547.16, 30.58, 13.32
3.23, 2, white car, 1302.19, 543.75, 1335.35, 558.17, 1318.77, 550.96, 1302.19, 550.96, 1335.35, 550.96, 33.16, 14.42
3.23, 11, white car, 1200.30, 540.44, 1230.99, 553.78, 1215.64, 547.11, 1200.30, 547.11, 1230.99, 547.11, 30.69, 13.35
3.27, 2, white car, 1299.16, 543.79, 1332.11, 558.10, 1315.63, 550.95, 1299.16, 550.95, 1332.11, 550.95, 32.95, 14.31
3.27, 11, white car, 1197.30, 540.36, 1227.81, 553.62, 1212.55, 546.99, 1197.30, 546.99, 1227.81, 546.99, 30.51, 13.26
3.30, 2, white car, 1295.67, 543.66, 1328.66, 558.00, 1312.17, 550.83, 1295.67, 550.83, 1328.66, 550.83, 33.00, 14.34
3.30, 11, white car, 1193.88, 540.34, 1224.31, 553.53, 1209.09, 546.93, 1193.88, 546.93, 1224.31, 546.93, 30.43, 13.18
3.33, 2, white car, 1292.31, 543.74, 1325.19, 558.03, 1308.75, 550.88, 1292.31, 550.88, 1325.19, 550.88, 32.88, 14.29
3.33, 11, white car, 1190.44, 540.39, 1221.08, 553.66, 1205.76, 547.03, 1190.44, 547.03, 1221.08, 547.03, 30.64, 13.27
3.37, 2, white car, 1288.64, 543.50, 1321.56, 557.82, 1305.10, 550.66, 1288.64, 550.66, 1321.56, 550.66, 32.92, 14.32
3.37, 11, white car, 1187.46, 540.34, 1217.99, 553.51, 1202.73, 546.92, 1187.46, 546.92, 1217.99, 546.92, 30.53, 13.17
3.40, 2, white car, 1285.23, 543.44, 1318.00, 557.70, 1301.62, 550.57, 1285.23, 550.57, 1318.00, 550.57, 32.77, 14.26
3.40, 11, white car, 1184.09, 540.41, 1214.40, 553.48, 1199.25, 546.95, 1184.09, 546.95, 1214.40, 546.95, 30.31, 13.06
3.43, 2, white car, 1281.44, 543.14, 1314.87, 557.73, 1298.16, 550.43, 1281.44, 550.43, 1314.87, 550.43, 33.43, 14.60
3.43, 11, white car, 1180.48, 540.17, 1211.04, 553.29, 1195.76, 546.73, 1180.48, 546.73, 1211.04, 546.73, 30.56, 13.13
3.47, 2, white car, 1278.03, 542.82, 1312.01, 557.71, 1295.02, 550.26, 1278.03, 550.26, 1312.01, 550.26, 33.98, 14.88
3.47, 11, white car, 1177.12, 540.12, 1207.97, 553.37, 1192.54, 546.74, 1177.12, 546.74, 1207.97, 546.74, 30.85, 13.25
3.50, 2, white car, 1274.35, 542.44, 1308.53, 557.46, 1291.44, 549.95, 1274.35, 549.95, 1308.53, 549.95, 34.18, 15.02
3.50, 11, white car, 1173.60, 539.94, 1204.93, 553.40, 1189.27, 546.67, 1173.60, 546.67, 1204.93, 546.67, 31.33, 13.46
3.53, 2, white car, 1270.96, 542.20, 1304.82, 557.10, 1287.89, 549.65, 1270.96, 549.65, 1304.82, 549.65, 33.86, 14.90
3.53, 11, white car, 1170.04, 539.56, 1201.93, 553.30, 1185.99, 546.43, 1170.04, 546.43, 1201.93, 546.43, 31.89, 13.74
3.57, 2, white car, 1267.37, 542.21, 1300.76, 556.92, 1284.07, 549.57, 1267.37, 549.57, 1300.76, 549.57, 33.39, 14.71
3.57, 11, white car, 1166.69, 539.24, 1198.56, 553.01, 1182.62, 546.12, 1166.69, 546.12, 1198.56, 546.12, 31.87, 13.77
3.60, 2, white car, 1264.12, 541.87, 1297.56, 556.60, 1280.84, 549.23, 1264.12, 549.23, 1297.56, 549.23, 33.44, 14.73
3.60, 11, white car, 1163.15, 538.88, 1195.70, 553.00, 1179.43, 545.94, 1163.15, 545.94, 1195.70, 545.94, 32.55, 14.12
3.63, 2, white car, 1260.75, 541.78, 1293.74, 556.34, 1277.25, 549.06, 1260.75, 549.06, 1293.74, 549.06, 32.99, 14.56
3.63, 11, white car, 1159.77, 538.72, 1191.83, 552.66, 1175.80, 545.69, 1159.77, 545.69, 1191.83, 545.69, 32.07, 13.93
3.67, 2, white car, 1257.92, 541.87, 1289.88, 555.93, 1273.90, 548.90, 1257.92, 548.90, 1289.88, 548.90, 31.95, 14.05
3.67, 11, white car, 1156.62, 538.74, 1188.23, 552.47, 1172.43, 545.60, 1156.62, 545.60, 1188.23, 545.60, 31.61, 13.73
3.70, 2, white car, 1254.62, 541.75, 1286.26, 555.61, 1270.44, 548.68, 1254.62, 548.68, 1286.26, 548.68, 31.64, 13.86
3.70, 11, white car, 1153.49, 538.71, 1184.54, 552.17, 1169.01, 545.44, 1153.49, 545.44, 1184.54, 545.44, 31.04, 13.46
3.73, 2, white car, 1251.16, 541.43, 1282.87, 555.29, 1267.01, 548.36, 1251.16, 548.36, 1282.87, 548.36, 31.71, 13.86
3.73, 11, white car, 1150.25, 538.61, 1181.43, 552.16, 1165.84, 545.39, 1150.25, 545.39, 1181.43, 545.39, 31.18, 13.55
3.77, 2, white car, 1247.71, 541.34, 1279.07, 555.02, 1263.39, 548.18, 1247.71, 548.18, 1279.07, 548.18, 31.36, 13.68
3.77, 11, white car, 1146.85, 538.56, 1177.78, 552.01, 1162.31, 545.28, 1146.85, 545.28, 1177.78, 545.28, 30.93, 13.45
3.80, 2, white car, 1244.26, 541.24, 1275.62, 554.90, 1259.94, 548.07, 1244.26, 548.07, 1275.62, 548.07, 31.37, 13.65
3.80, 3, white car, 1412.62, 546.20, 1443.78, 559.19, 1428.20, 552.69, 1412.62, 552.69, 1443.78, 552.69, 31.16, 12.99
3.80, 11, white car, 1143.70, 538.31, 1174.46, 551.68, 1159.08, 544.99, 1143.70, 544.99, 1174.46, 544.99, 30.77, 13.37
3.83, 2, white car, 1240.86, 541.25, 1271.78, 554.67, 1256.32, 547.96, 1240.86, 547.96, 1271.78, 547.96, 30.92, 13.41
3.83, 3, white car, 1409.48, 546.14, 1440.69, 559.13, 1425.08, 552.63, 1409.48, 552.63, 1440.69, 552.63, 31.22, 12.99
3.83, 11, white car, 1140.40, 538.08, 1171.30, 551.51, 1155.85, 544.80, 1140.40, 544.80, 1171.30, 544.80, 30.89, 13.43
3.87, 2, white car, 1237.47, 540.98, 1268.50, 554.38, 1252.98, 547.68, 1237.47, 547.68, 1268.50, 547.68, 31.03, 13.40
3.87, 3, white car, 1406.46, 546.14, 1437.51, 559.01, 1421.99, 552.58, 1406.46, 552.58, 1437.51, 552.58, 31.05, 12.87
3.87, 11, white car, 1136.81, 537.98, 1167.98, 551.55, 1152.39, 544.76, 1136.81, 544.76, 1167.98, 544.76, 31.17, 13.57
3.90, 2, white car, 1233.87, 540.80, 1265.07, 554.25, 1249.47, 547.52, 1233.87, 547.52, 1265.07, 547.52, 31.21, 13.46
3.90, 3, white car, 1403.15, 546.08, 1434.45, 559.01, 1418.80, 552.55, 1403.15, 552.55, 1434.45, 552.55, 31.30, 12.93
3.90, 11, white car, 1133.12, 537.81, 1164.88, 551.65, 1149.00, 544.73, 1133.12, 544.73, 1164.88, 544.73, 31.76, 13.84
3.93, 2, white car, 1230.32, 540.51, 1261.92, 554.11, 1246.12, 547.31, 1230.32, 547.31, 1261.92, 547.31, 31.60, 13.61
3.93, 3, white car, 1399.77, 546.03, 1431.02, 558.90, 1415.39, 552.47, 1399.77, 552.47, 1431.02, 552.47, 31.25, 12.87
3.93, 11, white car, 1129.93, 537.57, 1161.51, 551.36, 1145.72, 544.46, 1129.93, 544.46, 1161.51, 544.46, 31.59, 13.79
3.97, 2, white car, 1226.83, 540.14, 1258.21, 553.63, 1242.52, 546.89, 1226.83, 546.89, 1258.21, 546.89, 31.38, 13.49
3.97, 3, white car, 1396.48, 546.00, 1427.91, 558.95, 1412.20, 552.48, 1396.48, 552.48, 1427.91, 552.48, 31.43, 12.95
3.97, 11, white car, 1126.98, 537.26, 1158.53, 551.05, 1142.76, 544.15, 1126.98, 544.15, 1158.53, 544.15, 31.55, 13.80
4.00, 2, white car, 1223.21, 539.67, 1254.86, 553.25, 1239.03, 546.46, 1223.21, 546.46, 1254.86, 546.46, 31.66, 13.58
4.00, 3, white car, 1393.55, 546.18, 1424.25, 558.79, 1408.90, 552.48, 1393.55, 552.48, 1424.25, 552.48, 30.71, 12.61
4.00, 11, white car, 1123.58, 537.26, 1154.73, 550.86, 1139.16, 544.06, 1123.58, 544.06, 1154.73, 544.06, 31.15, 13.60
4.03, 2, white car, 1219.49, 539.36, 1251.70, 553.19, 1235.59, 546.28, 1219.49, 546.28, 1251.70, 546.28, 32.21, 13.84
4.03, 3, white car, 1390.04, 546.19, 1421.06, 558.91, 1405.55, 552.55, 1390.04, 552.55, 1421.06, 552.55, 31.02, 12.72
4.03, 11, white car, 1120.52, 537.20, 1151.56, 550.75, 1136.04, 543.97, 1120.52, 543.97, 1151.56, 543.97, 31.04, 13.54
4.07, 2, white car, 1215.94, 539.07, 1248.16, 552.90, 1232.05, 545.98, 1215.94, 545.98, 1248.16, 545.98, 32.21, 13.83
4.07, 3, white car, 1386.33, 546.16, 1417.89, 559.08, 1402.11, 552.62, 1386.33, 552.62, 1417.89, 552.62, 31.56, 12.92
4.07, 11, white car, 1116.99, 537.09, 1148.00, 550.63, 1132.50, 543.86, 1116.99, 543.86, 1148.00, 543.86, 31.02, 13.54
4.10, 2, white car, 1212.83, 539.01, 1244.15, 552.39, 1228.49, 545.70, 1212.83, 545.70, 1244.15, 545.70, 31.32, 13.38
4.10, 3, white car, 1383.39, 546.31, 1415.03, 559.24, 1399.21, 552.77, 1383.39, 552.77, 1415.03, 552.77, 31.64, 12.94
4.10, 11, white car, 1113.90, 537.00, 1144.57, 550.37, 1129.24, 543.68, 1113.90, 543.68, 1144.57, 543.68, 30.67, 13.38
4.13, 2, white car, 1209.44, 538.64, 1240.51, 551.88, 1224.97, 545.26, 1209.44, 545.26, 1240.51, 545.26, 31.07, 13.24
4.13, 3, white car, 1380.60, 546.48, 1411.79, 559.20, 1396.19, 552.84, 1380.60, 552.84, 1411.79, 552.84, 31.19, 12.72
4.13, 11, white car, 1110.23, 537.01, 1140.87, 550.35, 1125.55, 543.68, 1110.23, 543.68, 1140.87, 543.68, 30.64, 13.33
4.17, 2, white car, 1205.91, 538.34, 1237.16, 551.65, 1221.53, 545.00, 1205.91, 545.00, 1237.16, 545.00, 31.25, 13.31
4.17, 3, white car, 1377.13, 546.59, 1408.32, 559.28, 1392.72, 552.93, 1377.13, 552.93, 1408.32, 552.93, 31.19, 12.69
4.17, 11, white car, 1106.90, 537.09, 1137.74, 550.49, 1122.32, 543.79, 1106.90, 543.79, 1137.74, 543.79, 30.83, 13.40
4.20, 2, white car, 1202.51, 538.11, 1233.37, 551.21, 1217.94, 544.66, 1202.51, 544.66, 1233.37, 544.66, 30.86, 13.10
4.20, 3, white car, 1373.12, 546.35, 1404.88, 559.25, 1389.00, 552.80, 1373.12, 552.80, 1404.88, 552.80, 31.75, 12.90
4.20, 11, white car, 1103.46, 537.05, 1134.18, 550.38, 1118.82, 543.71, 1103.46, 543.71, 1134.18, 543.71, 30.72, 13.33
4.23, 2, white car, 1199.08, 537.98, 1229.62, 550.90, 1214.35, 544.44, 1199.08, 544.44, 1229.62, 544.44, 30.54, 12.92
4.23, 3, white car, 1369.87, 546.40, 1401.45, 559.22, 1385.66, 552.81, 1369.87, 552.81, 1401.45, 552.81, 31.58, 12.82
4.23, 11, white car, 1100.26, 536.78, 1130.88, 550.06, 1115.57, 543.42, 1100.26, 543.42, 1130.88, 543.42, 30.63, 13.29
4.27, 2, white car, 1195.42, 537.93, 1225.91, 550.78, 1210.66, 544.35, 1195.42, 544.35, 1225.91, 544.35, 30.49, 12.85
4.27, 3, white car, 1366.86, 546.42, 1398.15, 559.11, 1382.50, 552.77, 1366.86, 552.77, 1398.15, 552.77, 31.29, 12.69
4.27, 11, white car, 1096.89, 536.63, 1127.54, 549.93, 1112.22, 543.28, 1096.89, 543.28, 1127.54, 543.28, 30.65, 13.30
4.30, 2, white car, 1191.89, 537.90, 1222.71, 550.87, 1207.30, 544.39, 1191.89, 544.39, 1222.71, 544.39, 30.82, 12.97
4.30, 3, white car, 1363.79, 546.46, 1394.62, 558.93, 1379.20, 552.69, 1363.79, 552.69, 1394.62, 552.69, 30.82, 12.47
4.30, 11, white car, 1093.38, 536.61, 1124.27, 550.00, 1108.83, 543.30, 1093.38, 543.30, 1124.27, 543.30, 30.88, 13.39
4.33, 2, white car, 1188.58, 537.66, 1219.20, 550.51, 1203.89, 544.09, 1188.58, 544.09, 1219.20, 544.09, 30.62, 12.85
4.33, 3, white car, 1360.35, 546.41, 1391.36, 558.92, 1375.85, 552.66, 1360.35, 552.66, 1391.36, 552.66, 31.00, 12.51
4.33, 11, white car, 1089.77, 536.48, 1120.65, 549.87, 1105.21, 543.18, 1089.77, 543.18, 1120.65, 543.18, 30.89, 13.39
4.37, 2, white car, 1184.90, 537.41, 1215.67, 550.31, 1200.29, 543.86, 1184.90, 543.86, 1215.67, 543.86, 30.76, 12.90
4.37, 3, white car, 1356.71, 546.30, 1388.14, 558.96, 1372.42, 552.63, 1356.71, 552.63, 1388.14, 552.63, 31.43, 12.66
4.37, 11, white car, 1086.24, 536.04, 1117.86, 549.77, 1102.05, 542.90, 1086.24, 542.90, 1117.86, 542.90, 31.61, 13.73
4.40, 2, white car, 1181.19, 537.06, 1211.88, 549.90, 1196.54, 543.48, 1181.19, 543.48, 1211.88, 543.48, 30.69, 12.83
4.40, 3, white car, 1353.13, 546.29, 1385.13, 559.19, 1369.13, 552.74, 1353.13, 552.74, 1385.13, 552.74, 31.99, 12.90
4.40, 11, white car, 1083.03, 535.81, 1114.48, 549.46, 1098.75, 542.63, 1083.03, 542.63, 1114.48, 542.63, 31.45, 13.66
4.43, 2, white car, 1177.47, 536.60, 1208.82, 549.68, 1193.14, 543.14, 1177.47, 543.14, 1208.82, 543.14, 31.35, 13.08
4.43, 3, white car, 1350.21, 546.40, 1381.84, 559.13, 1366.02, 552.76, 1350.21, 552.76, 1381.84, 552.76, 31.63, 12.73
4.43, 11, white car, 1079.82, 535.72, 1111.15, 549.31, 1095.49, 542.52, 1079.82, 542.52, 1111.15, 542.52, 31.33, 13.59
4.47, 2, white car, 1173.59, 536.40, 1205.29, 549.62, 1189.44, 543.01, 1173.59, 543.01, 1205.29, 543.01, 31.70, 13.22
4.47, 3, white car, 1346.73, 546.46, 1378.42, 559.23, 1362.57, 552.85, 1346.73, 552.85, 1378.42, 552.85, 31.69, 12.77
4.47, 11, white car, 1076.31, 535.41, 1107.76, 549.05, 1092.04, 542.23, 1076.31, 542.23, 1107.76, 542.23, 31.45, 13.64
4.50, 2, white car, 1170.47, 536.22, 1201.99, 549.37, 1186.23, 542.80, 1170.47, 542.80, 1201.99, 542.80, 31.52, 13.15
4.50, 3, white car, 1343.32, 546.40, 1374.75, 559.02, 1359.03, 552.71, 1343.32, 552.71, 1374.75, 552.71, 31.43, 12.62
4.50, 11, white car, 1073.16, 535.49, 1103.85, 548.73, 1088.50, 542.11, 1073.16, 542.11, 1103.85, 542.11, 30.68, 13.24
4.53, 2, white car, 1167.04, 535.83, 1198.63, 548.99, 1182.84, 542.41, 1167.04, 542.41, 1198.63, 542.41, 31.59, 13.15
4.53, 3, white car, 1340.54, 546.42, 1371.59, 558.85, 1356.07, 552.64, 1340.54, 552.64, 1371.59, 552.64, 31.05, 12.44
4.53, 11, white car, 1070.12, 535.37, 1100.50, 548.42, 1085.31, 541.89, 1070.12, 541.89, 1100.50, 541.89, 30.38, 13.05
4.57, 2, white car, 1163.86, 535.51, 1195.02, 548.42, 1179.44, 541.97, 1163.86, 541.97, 1195.02, 541.97, 31.16, 12.92
4.57, 3, white car, 1337.58, 546.55, 1368.08, 558.75, 1352.83, 552.65, 1337.58, 552.65, 1368.08, 552.65, 30.50, 12.19
4.57, 11, white car, 1066.76, 535.50, 1096.69, 548.27, 1081.72, 541.89, 1066.76, 541.89, 1096.69, 541.89, 29.93, 12.76
4.60, 2, white car, 1160.11, 535.35, 1191.55, 548.34, 1175.83, 541.85, 1160.11, 541.85, 1191.55, 541.85, 31.44, 12.99
4.60, 3, white car, 1333.96, 546.63, 1364.55, 558.82, 1349.25, 552.72, 1333.96, 552.72, 1364.55, 552.72, 30.59, 12.20
4.60, 11, white car, 1063.57, 535.48, 1093.47, 548.15, 1078.52, 541.82, 1063.57, 541.82, 1093.47, 541.82, 29.90, 12.68
4.63, 2, white car, 1156.68, 535.31, 1187.59, 548.05, 1172.14, 541.68, 1156.68, 541.68, 1187.59, 541.68, 30.90, 12.74
4.63, 3, white car, 1330.54, 546.54, 1361.09, 558.67, 1345.82, 552.61, 1330.54, 552.61, 1361.09, 552.61, 30.56, 12.13
4.63, 11, white car, 1059.89, 535.57, 1089.88, 548.23, 1074.89, 541.90, 1059.89, 541.90, 1089.88, 541.90, 29.99, 12.66
4.67, 2, white car, 1153.16, 535.19, 1183.97, 547.85, 1168.57, 541.52, 1153.16, 541.52, 1183.97, 541.52, 30.81, 12.66
4.67, 3, white car, 1326.95, 546.47, 1358.05, 558.81, 1342.50, 552.64, 1326.95, 552.64, 1358.05, 552.64, 31.10, 12.33
4.67, 11, white car, 1056.75, 535.30, 1086.92, 547.98, 1071.83, 541.64, 1056.75, 541.64, 1086.92, 541.64, 30.17, 12.69
4.70, 2, white car, 1149.66, 535.04, 1180.25, 547.60, 1164.95, 541.32, 1149.66, 541.32, 1180.25, 541.32, 30.59, 12.55
4.70, 3, white car, 1323.92, 546.43, 1354.79, 558.67, 1339.36, 552.55, 1323.92, 552.55, 1354.79, 552.55, 30.87, 12.23
4.70, 11, white car, 1053.33, 535.29, 1083.62, 547.98, 1068.48, 541.63, 1053.33, 541.63, 1083.62, 541.63, 30.28, 12.69
4.73, 2, white car, 1145.64, 534.68, 1177.08, 547.58, 1161.36, 541.13, 1145.64, 541.13, 1177.08, 541.13, 31.43, 12.90
4.73, 3, white car, 1320.94, 546.50, 1351.57, 558.61, 1336.25, 552.56, 1320.94, 552.56, 1351.57, 552.56, 30.63, 12.12
4.73, 11, white car, 1049.57, 535.07, 1080.47, 547.99, 1065.02, 541.53, 1049.57, 541.53, 1080.47, 541.53, 30.90, 12.91
4.77, 3, white car, 1317.79, 546.54, 1347.92, 558.42, 1332.85, 552.48, 1317.79, 552.48, 1347.92, 552.48, 30.13, 11.88
4.77, 11, white car, 1046.26, 535.02, 1077.07, 547.88, 1061.67, 541.45, 1046.26, 541.45, 1077.07, 541.45, 30.81, 12.86
4.80, 3, white car, 1314.41, 546.51, 1344.24, 558.21, 1329.33, 552.36, 1314.41, 552.36, 1344.24, 552.36, 29.84, 11.70
4.80, 11, white car, 1042.72, 534.79, 1073.83, 547.77, 1058.27, 541.28, 1042.72, 541.28, 1073.83, 541.28, 31.11, 12.98
4.83, 3, white car, 1311.36, 546.66, 1340.93, 558.22, 1326.15, 552.44, 1311.36, 552.44, 1340.93, 552.44, 29.58, 11.56
4.83, 11, white car, 1039.63, 534.79, 1070.54, 547.66, 1055.08, 541.22, 1039.63, 541.22, 1070.54, 541.22, 30.91, 12.87
4.87, 3, white car, 1307.47, 546.53, 1337.57, 558.29, 1322.52, 552.41, 1307.47, 552.41, 1337.57, 552.41, 30.10, 11.75
4.87, 11, white car, 1035.75, 534.51, 1067.28, 547.65, 1051.51, 541.08, 1035.75, 541.08, 1067.28, 541.08, 31.54, 13.14
4.90, 3, white car, 1303.86, 546.37, 1334.56, 558.34, 1319.21, 552.36, 1303.86, 552.36, 1334.56, 552.36, 30.70, 11.96
4.90, 11, white car, 1032.00, 534.21, 1064.19, 547.65, 1048.10, 540.93, 1032.00, 540.93, 1064.19, 540.93, 32.20, 13.44
4.90, 2, white car, 1126.96, 532.43, 1160.34, 546.25, 1143.65, 539.34, 1126.96, 539.34, 1160.34, 539.34, 33.39, 13.82
4.93, 3, white car, 1300.40, 546.18, 1331.37, 558.24, 1315.88, 552.21, 1300.40, 552.21, 1331.37, 552.21, 30.97, 12.06
4.93, 2, white car, 1123.73, 532.12, 1156.62, 545.78, 1140.17, 538.95, 1123.73, 538.95, 1156.62, 538.95, 32.89, 13.65
4.97, 3, white car, 1296.97, 546.36, 1327.84, 558.37, 1312.40, 552.36, 1296.97, 552.36, 1327.84, 552.36, 30.87, 12.01
4.97, 2, white car, 1120.57, 532.10, 1152.62, 545.42, 1136.60, 538.76, 1120.57, 538.76, 1152.62, 538.76, 32.06, 13.32
5.00, 3, white car, 1293.58, 546.38, 1324.33, 558.33, 1308.96, 552.35, 1293.58, 552.35, 1324.33, 552.35, 30.75, 11.95
5.00, 2, white car, 1117.10, 531.84, 1148.84, 545.02, 1132.97, 538.43, 1117.10, 538.43, 1148.84, 538.43, 31.74, 13.18
5.03, 3, white car, 1290.01, 546.32, 1320.58, 558.19, 1305.29, 552.25, 1290.01, 552.25, 1320.58, 552.25, 30.57, 11.86
5.03, 2, white car, 1113.58, 531.36, 1145.60, 544.71, 1129.59, 538.04, 1113.58, 538.04, 1145.60, 538.04, 32.02, 13.35
5.07, 3, white car, 1285.98, 546.12, 1317.09, 558.18, 1301.54, 552.15, 1285.98, 552.15, 1317.09, 552.15, 31.11, 12.06
5.07, 2, white car, 1110.22, 531.14, 1141.73, 544.30, 1125.98, 537.72, 1110.22, 537.72, 1141.73, 537.72, 31.52, 13.16
5.10, 3, white car, 1282.38, 545.98, 1314.31, 558.42, 1298.35, 552.20, 1282.38, 552.20, 1314.31, 552.20, 31.93, 12.43
5.10, 2, white car, 1106.32, 530.87, 1138.27, 544.24, 1122.29, 537.56, 1106.32, 537.56, 1138.27, 537.56, 31.95, 13.37
5.13, 3, white car, 1279.09, 545.85, 1311.10, 558.34, 1295.09, 552.09, 1279.09, 552.09, 1311.10, 552.09, 32.01, 12.49
5.13, 2, white car, 1102.74, 530.76, 1134.39, 544.00, 1118.56, 537.38, 1102.74, 537.38, 1134.39, 537.38, 31.64, 13.24
5.17, 3, white car, 1275.65, 545.88, 1307.81, 558.42, 1291.73, 552.15, 1275.65, 552.15, 1307.81, 552.15, 32.16, 12.54
5.17, 2, white car, 1099.10, 530.26, 1131.15, 543.73, 1115.12, 537.00, 1099.10, 537.00, 1131.15, 537.00, 32.05, 13.47
5.20, 3, white car, 1272.57, 545.72, 1304.34, 558.05, 1288.46, 551.89, 1272.57, 551.89, 1304.34, 551.89, 31.76, 12.33
5.20, 2, white car, 1095.45, 529.81, 1127.54, 543.32, 1111.50, 536.57, 1095.45, 536.57, 1127.54, 536.57, 32.09, 13.51
5.23, 3, white car, 1269.43, 545.86, 1300.80, 558.02, 1285.11, 551.94, 1269.43, 551.94, 1300.80, 551.94, 31.37, 12.16
5.23, 2, white car, 1091.26, 529.33, 1124.04, 543.20, 1107.65, 536.27, 1091.26, 536.27, 1124.04, 536.27, 32.78, 13.87
5.27, 3, white car, 1266.14, 545.76, 1297.33, 557.85, 1281.74, 551.81, 1266.14, 551.81, 1297.33, 551.81, 31.19, 12.09
5.27, 2, white car, 1088.02, 529.24, 1120.20, 542.88, 1104.11, 536.06, 1088.02, 536.06, 1120.20, 536.06, 32.18, 13.64
5.30, 3, white car, 1262.51, 545.81, 1293.93, 558.01, 1278.22, 551.91, 1262.51, 551.91, 1293.93, 551.91, 31.43, 12.20
5.30, 2, white car, 1084.85, 529.04, 1116.41, 542.43, 1100.63, 535.74, 1084.85, 535.74, 1116.41, 535.74, 31.57, 13.39
5.30, 11, white car, 991.51, 532.27, 1022.86, 545.34, 1007.18, 538.80, 991.51, 538.80, 1022.86, 538.80, 31.35, 13.06
5.33, 3, white car, 1258.96, 545.63, 1290.37, 557.82, 1274.67, 551.73, 1258.96, 551.73, 1290.37, 551.73, 31.41, 12.19
5.33, 2, white car, 1081.16, 528.78, 1112.64, 542.15, 1096.90, 535.46, 1081.16, 535.46, 1112.64, 535.46, 31.48, 13.37
5.33, 11, white car, 988.11, 532.28, 1019.38, 545.31, 1003.74, 538.79, 988.11, 538.79, 1019.38, 538.79, 31.27, 13.04
5.37, 3, white car, 1255.45, 545.43, 1287.12, 557.76, 1271.28, 551.60, 1255.45, 551.60, 1287.12, 551.60, 31.67, 12.33
5.37, 2, white car, 1077.45, 528.49, 1109.10, 541.98, 1093.27, 535.23, 1077.45, 535.23, 1109.10, 535.23, 31.65, 13.49
5.37, 11, white car, 984.69, 532.20, 1015.78, 545.17, 1000.24, 538.69, 984.69, 538.69, 1015.78, 538.69, 31.09, 12.97
5.40, 3, white car, 1251.97, 545.27, 1283.87, 557.71, 1267.92, 551.49, 1251.97, 551.49, 1283.87, 551.49, 31.90, 12.44
5.40, 2, white car, 1074.16, 528.24, 1105.83, 541.75, 1089.99, 535.00, 1074.16, 535.00, 1105.83, 535.00, 31.67, 13.51
5.40, 11, white car, 981.16, 532.25, 1012.26, 545.22, 996.71, 538.74, 981.16, 538.74, 1012.26, 538.74, 31.10, 12.96
5.43, 3, white car, 1248.30, 545.11, 1280.76, 557.82, 1264.53, 551.46, 1248.30, 551.46, 1280.76, 551.46, 32.46, 12.71
5.43, 2, white car, 1070.78, 528.02, 1102.06, 541.39, 1086.42, 534.70, 1070.78, 534.70, 1102.06, 534.70, 31.28, 13.37
5.43, 11, white car, 977.68, 532.01, 1008.79, 544.94, 993.23, 538.47, 977.68, 538.47, 1008.79, 538.47, 31.11, 12.92
5.47, 3, white car, 1244.58, 544.95, 1277.02, 557.67, 1260.80, 551.31, 1244.58, 551.31, 1277.02, 551.31, 32.44, 12.72
5.47, 2, white car, 1067.13, 527.59, 1098.52, 541.05, 1082.83, 534.32, 1067.13, 534.32, 1098.52, 534.32, 31.38, 13.46
5.47, 11, white car, 974.50, 531.93, 1005.63, 544.89, 990.06, 538.41, 974.50, 538.41, 1005.63, 538.41, 31.13, 12.95
5.50, 3, white car, 1241.21, 544.93, 1273.68, 557.71, 1257.45, 551.32, 1241.21, 551.32, 1273.68, 551.32, 32.47, 12.78
5.50, 2, white car, 1063.48, 527.29, 1094.86, 540.80, 1079.17, 534.05, 1063.48, 534.05, 1094.86, 534.05, 31.37, 13.50
5.50, 11, white car, 970.97, 531.77, 1002.31, 544.81, 986.64, 538.29, 970.97, 538.29, 1002.31, 538.29, 31.33, 13.04
5.53, 3, white car, 1238.06, 544.99, 1270.34, 557.70, 1254.20, 551.35, 1238.06, 551.35, 1270.34, 551.35, 32.28, 12.71
5.53, 2, white car, 1060.10, 527.16, 1091.20, 540.56, 1075.65, 533.86, 1060.10, 533.86, 1091.20, 533.86, 31.09, 13.40
5.53, 11, white car, 967.75, 531.63, 999.22, 544.73, 983.49, 538.18, 967.75, 538.18, 999.22, 538.18, 31.47, 13.10
5.57, 3, white car, 1234.56, 544.93, 1267.02, 557.73, 1250.79, 551.33, 1234.56, 551.33, 1267.02, 551.33, 32.46, 12.80
5.57, 2, white car, 1056.99, 527.03, 1087.66, 540.25, 1072.33, 533.64, 1056.99, 533.64, 1087.66, 533.64, 30.67, 13.22
5.57, 11, white car, 964.24, 531.46, 995.92, 544.68, 980.08, 538.07, 964.24, 538.07, 995.92, 538.07, 31.68, 13.22
5.60, 3, white car, 1230.95, 544.93, 1262.99, 557.59, 1246.97, 551.26, 1230.95, 551.26, 1262.99, 551.26, 32.04, 12.66
5.60, 2, white car, 1053.31, 526.63, 1083.72, 539.72, 1068.52, 533.17, 1053.31, 533.17, 1083.72, 533.17, 30.41, 13.09
5.60, 11, white car, 960.58, 531.29, 992.18, 544.52, 976.38, 537.91, 960.58, 537.91, 992.18, 537.91, 31.60, 13.23
5.63, 3, white car, 1227.70, 544.58, 1259.85, 557.31, 1243.78, 550.95, 1227.70, 550.95, 1259.85, 550.95, 32.15, 12.73
5.63, 2, white car, 1049.50, 526.44, 1080.11, 539.62, 1064.81, 533.03, 1049.50, 533.03, 1080.11, 533.03, 30.61, 13.18
5.63, 11, white car, 957.03, 531.01, 988.92, 544.43, 972.97, 537.72, 957.03, 537.72, 988.92, 537.72, 31.89, 13.42
5.67, 3, white car, 1224.65, 544.55, 1255.61, 556.82, 1240.13, 550.69, 1224.65, 550.69, 1255.61, 550.69, 30.96, 12.27
5.67, 2, white car, 1045.91, 526.03, 1076.39, 539.15, 1061.15, 532.59, 1045.91, 532.59, 1076.39, 532.59, 30.48, 13.13
5.67, 11, white car, 953.65, 530.80, 985.62, 544.31, 969.63, 537.56, 953.65, 537.56, 985.62, 537.56, 31.97, 13.51
5.70, 3, white car, 1221.19, 544.51, 1252.16, 556.81, 1236.68, 550.66, 1221.19, 550.66, 1252.16, 550.66, 30.98, 12.30
5.70, 2, white car, 1042.46, 525.86, 1073.00, 539.01, 1057.73, 532.44, 1042.46, 532.44, 1073.00, 532.44, 30.54, 13.15
5.70, 11, white car, 950.04, 530.57, 982.20, 544.24, 966.12, 537.41, 950.04, 537.41, 982.20, 537.41, 32.16, 13.67
5.73, 3, white car, 1217.51, 544.45, 1248.31, 556.69, 1232.91, 550.57, 1217.51, 550.57, 1248.31, 550.57, 30.80, 12.24
5.73, 11, white car, 946.62, 530.29, 978.72, 543.97, 962.67, 537.13, 946.62, 537.13, 978.72, 537.13, 32.10, 13.68
5.77, 3, white car, 1214.04, 544.19, 1244.88, 556.45, 1229.46, 550.32, 1214.04, 550.32, 1244.88, 550.32, 30.84, 12.25
5.77, 11, white car, 943.40, 530.09, 975.20, 543.67, 959.30, 536.88, 943.40, 536.88, 975.20, 536.88, 31.79, 13.58
5.80, 3, white car, 1210.79, 544.28, 1241.25, 556.38, 1226.02, 550.33, 1210.79, 550.33, 1241.25, 550.33, 30.46, 12.10
5.80, 11, white car, 940.23, 530.12, 971.79, 543.59, 956.01, 536.86, 940.23, 536.86, 971.79, 536.86, 31.56, 13.47
5.83, 3, white car, 1207.30, 544.07, 1237.56, 556.08, 1222.43, 550.08, 1207.30, 550.08, 1237.56, 550.08, 30.26, 12.02
5.83, 11, white car, 936.68, 530.09, 968.05, 543.48, 952.37, 536.79, 936.68, 536.79, 968.05, 536.79, 31.36, 13.39
5.87, 3, white car, 1203.23, 544.00, 1234.01, 556.23, 1218.62, 550.11, 1203.23, 550.11, 1234.01, 550.11, 30.79, 12.23
5.87, 11, white car, 933.30, 529.96, 965.00, 543.51, 949.15, 536.74, 933.30, 536.74, 965.00, 536.74, 31.70, 13.55
5.90, 3, white car, 1199.67, 543.65, 1230.71, 556.01, 1215.19, 549.83, 1199.67, 549.83, 1230.71, 549.83, 31.04, 12.35
5.90, 11, white car, 929.63, 529.78, 961.70, 543.54, 945.67, 536.66, 929.63, 536.66, 961.70, 536.66, 32.07, 13.76
5.93, 3, white car, 1196.22, 543.61, 1227.39, 556.07, 1211.80, 549.84, 1196.22, 549.84, 1227.39, 549.84, 31.18, 12.46
5.93, 11, white car, 926.32, 529.68, 958.33, 543.43, 942.33, 536.55, 926.32, 536.55, 958.33, 536.55, 32.00, 13.75
5.97, 3, white car, 1192.56, 543.30, 1223.94, 555.89, 1208.25, 549.60, 1192.56, 549.60, 1223.94, 549.60, 31.38, 12.59
5.97, 11, white car, 922.84, 529.42, 954.83, 543.20, 938.83, 536.31, 922.84, 536.31, 954.83, 536.31, 31.99, 13.78
6.00, 3, white car, 1188.93, 543.19, 1220.35, 555.82, 1204.64, 549.51, 1188.93, 549.51, 1220.35, 549.51, 31.42, 12.63
6.00, 11, white car, 919.28, 529.26, 951.11, 542.99, 935.19, 536.12, 919.28, 536.12, 951.11, 536.12, 31.82, 13.72
6.03, 3, white car, 1185.30, 542.89, 1216.96, 555.65, 1201.13, 549.27, 1185.30, 549.27, 1216.96, 549.27, 31.66, 12.76
6.03, 11, white car, 915.66, 529.00, 947.63, 542.83, 931.64, 535.92, 915.66, 535.92, 947.63, 535.92, 31.97, 13.82
6.07, 3, white car, 1182.02, 542.76, 1213.38, 555.42, 1197.70, 549.09, 1182.02, 549.09, 1213.38, 549.09, 31.36, 12.65
6.07, 11, white car, 912.38, 528.73, 944.52, 542.67, 928.45, 535.70, 912.38, 535.70, 944.52, 535.70, 32.15, 13.93
6.10, 3, white car, 1178.40, 542.48, 1209.63, 555.09, 1194.02, 548.79, 1178.40, 548.79, 1209.63, 548.79, 31.23, 12.60
6.10, 11, white car, 908.92, 528.15, 941.42, 542.32, 925.17, 535.24, 908.92, 535.24, 941.42, 535.24, 32.51, 14.17
6.13, 3, white car, 1174.90, 542.41, 1205.86, 554.93, 1190.38, 548.67, 1174.90, 548.67, 1205.86, 548.67, 30.96, 12.52
6.13, 11, white car, 905.39, 528.08, 937.79, 542.24, 921.59, 535.16, 905.39, 535.16, 937.79, 535.16, 32.40, 14.17
6.17, 3, white car, 1171.63, 542.32, 1202.43, 554.81, 1187.03, 548.57, 1171.63, 548.57, 1202.43, 548.57, 30.81, 12.49
6.17, 11, white car, 902.43, 528.17, 933.91, 541.94, 918.17, 535.05, 902.43, 535.05, 933.91, 535.05, 31.48, 13.77
6.20, 3, white car, 1168.02, 542.40, 1198.68, 554.83, 1183.35, 548.62, 1168.02, 548.62, 1198.68, 548.62, 30.67, 12.43
6.20, 11, white car, 899.12, 528.09, 930.74, 541.90, 914.93, 534.99, 899.12, 534.99, 930.74, 534.99, 31.62, 13.81
6.23, 3, white car, 1163.98, 542.06, 1195.19, 554.75, 1179.59, 548.41, 1163.98, 548.41, 1195.19, 548.41, 31.21, 12.69
6.23, 11, white car, 895.50, 527.96, 927.03, 541.76, 911.27, 534.86, 895.50, 534.86, 927.03, 534.86, 31.53, 13.80
6.27, 3, white car, 1160.15, 541.97, 1191.76, 554.87, 1175.95, 548.42, 1160.15, 548.42, 1191.76, 548.42, 31.61, 12.90
6.27, 11, white car, 891.89, 527.87, 923.68, 541.80, 907.78, 534.84, 891.89, 534.84, 923.68, 534.84, 31.79, 13.92
6.30, 3, white car, 1156.73, 541.94, 1188.23, 554.83, 1172.48, 548.39, 1156.73, 548.39, 1188.23, 548.39, 31.50, 12.89
6.30, 11, white car, 888.46, 527.91, 919.82, 541.63, 904.14, 534.77, 888.46, 534.77, 919.82, 534.77, 31.36, 13.72
6.33, 3, white car, 1153.22, 541.93, 1184.71, 554.85, 1168.96, 548.39, 1153.22, 548.39, 1184.71, 548.39, 31.49, 12.92
6.33, 11, white car, 884.91, 527.71, 916.78, 541.65, 900.84, 534.68, 884.91, 534.68, 916.78, 534.68, 31.87, 13.93
6.37, 3, white car, 1149.43, 541.67, 1181.13, 554.73, 1165.28, 548.20, 1149.43, 548.20, 1181.13, 548.20, 31.70, 13.06
6.37, 11, white car, 881.26, 527.46, 913.73, 541.69, 897.49, 534.58, 881.26, 534.58, 913.73, 534.58, 32.46, 14.23
6.40, 3, white car, 1146.02, 541.66, 1177.54, 554.72, 1161.78, 548.19, 1146.02, 548.19, 1177.54, 548.19, 31.52, 13.06
6.40, 11, white car, 877.83, 527.26, 910.35, 541.52, 894.09, 534.39, 877.83, 534.39, 910.35, 534.39, 32.52, 14.26
6.43, 3, white car, 1142.55, 541.57, 1173.89, 554.57, 1158.22, 548.07, 1142.55, 548.07, 1173.89, 548.07, 31.35, 13.01
6.43, 11, white car, 874.38, 527.17, 906.66, 541.34, 890.52, 534.26, 874.38, 534.26, 906.66, 534.26, 32.28, 14.16
6.47, 3, white car, 1138.86, 541.46, 1170.26, 554.53, 1154.56, 547.99, 1138.86, 547.99, 1170.26, 547.99, 31.39, 13.06
6.47, 11, white car, 870.84, 526.88, 903.28, 541.11, 887.06, 533.99, 870.84, 533.99, 903.28, 533.99, 32.45, 14.22
6.50, 3, white car, 1134.77, 541.25, 1166.59, 554.54, 1150.68, 547.90, 1134.77, 547.90, 1166.59, 547.90, 31.82, 13.29
6.50, 11, white car, 867.47, 526.58, 900.30, 540.98, 883.88, 533.78, 867.47, 533.78, 900.30, 533.78, 32.83, 14.40
6.53, 3, white car, 1131.26, 541.13, 1162.79, 554.32, 1147.03, 547.72, 1131.26, 547.72, 1162.79, 547.72, 31.52, 13.20
6.53, 11, white car, 864.16, 526.47, 896.78, 540.77, 880.47, 533.62, 864.16, 533.62, 896.78, 533.62, 32.61, 14.30
6.57, 3, white car, 1127.76, 540.93, 1159.14, 554.08, 1143.45, 547.51, 1127.76, 547.51, 1159.14, 547.51, 31.38, 13.15
6.57, 11, white car, 860.85, 526.26, 893.39, 540.52, 877.12, 533.39, 860.85, 533.39, 893.39, 533.39, 32.54, 14.26
6.60, 3, white car, 1124.59, 540.83, 1155.46, 553.79, 1140.03, 547.31, 1124.59, 547.31, 1155.46, 547.31, 30.87, 12.96
6.60, 11, white car, 857.58, 526.13, 889.74, 540.19, 873.66, 533.16, 857.58, 533.16, 889.74, 533.16, 32.16, 14.05
6.63, 3, white car, 1120.72, 540.77, 1151.94, 553.91, 1136.33, 547.34, 1120.72, 547.34, 1151.94, 547.34, 31.21, 13.14
6.63, 11, white car, 854.13, 526.02, 886.36, 540.08, 870.24, 533.05, 854.13, 533.05, 886.36, 533.05, 32.23, 14.06
6.67, 3, white car, 1116.81, 540.62, 1148.20, 553.86, 1132.51, 547.24, 1116.81, 547.24, 1148.20, 547.24, 31.38, 13.24
6.67, 11, white car, 850.58, 526.04, 882.82, 540.09, 866.70, 533.06, 850.58, 533.06, 882.82, 533.06, 32.24, 14.05
6.70, 3, white car, 1113.05, 540.57, 1144.35, 553.75, 1128.70, 547.16, 1113.05, 547.16, 1144.35, 547.16, 31.30, 13.19
6.70, 11, white car, 847.20, 526.03, 879.34, 540.02, 863.27, 533.03, 847.20, 533.03, 879.34, 533.03, 32.14, 13.99
6.73, 3, white car, 1109.54, 540.60, 1140.57, 553.65, 1125.05, 547.12, 1109.54, 547.12, 1140.57, 547.12, 31.03, 13.05
6.73, 11, white car, 843.61, 526.04, 875.86, 540.07, 859.73, 533.05, 843.61, 533.05, 875.86, 533.05, 32.25, 14.03
6.77, 3, white car, 1106.05, 540.50, 1137.07, 553.54, 1121.56, 547.02, 1106.05, 547.02, 1137.07, 547.02, 31.02, 13.04
6.77, 11, white car, 840.11, 525.82, 872.34, 539.84, 856.22, 532.83, 840.11, 532.83, 872.34, 532.83, 32.23, 14.03
6.80, 3, white car, 1102.41, 540.29, 1133.60, 553.41, 1118.00, 546.85, 1102.41, 546.85, 1133.60, 546.85, 31.19, 13.12
6.80, 11, white car, 836.51, 525.65, 868.92, 539.77, 852.71, 532.71, 836.51, 532.71, 868.92, 532.71, 32.41, 14.12
6.83, 3, white car, 1098.57, 540.14, 1130.07, 553.41, 1114.32, 546.78, 1098.57, 546.78, 1130.07, 546.78, 31.50, 13.27
6.83, 11, white car, 833.24, 525.22, 865.72, 539.39, 849.48, 532.31, 833.24, 532.31, 865.72, 532.31, 32.48, 14.17
6.87, 3, white car, 1095.21, 540.15, 1126.37, 553.30, 1110.79, 546.72, 1095.21, 546.72, 1126.37, 546.72, 31.16, 13.15
6.87, 11, white car, 829.87, 524.91, 862.36, 539.10, 846.12, 532.01, 829.87, 532.01, 862.36, 532.01, 32.49, 14.19
6.90, 3, white car, 1091.46, 539.94, 1122.93, 553.27, 1107.20, 546.61, 1091.46, 546.61, 1122.93, 546.61, 31.47, 13.33
6.90, 11, white car, 826.37, 524.54, 858.59, 538.60, 842.48, 531.57, 826.37, 531.57, 858.59, 531.57, 32.22, 14.06
6.93, 3, white car, 1088.17, 539.78, 1119.39, 553.01, 1103.78, 546.40, 1088.17, 546.40, 1119.39, 546.40, 31.22, 13.23
6.93, 11, white car, 823.00, 524.53, 854.99, 538.49, 838.99, 531.51, 823.00, 531.51, 854.99, 531.51, 31.98, 13.96
6.97, 3, white car, 1084.39, 539.63, 1115.94, 553.05, 1100.17, 546.34, 1084.39, 546.34, 1115.94, 546.34, 31.56, 13.42
6.97, 11, white car, 819.72, 524.22, 851.76, 538.20, 835.74, 531.21, 819.72, 531.21, 851.76, 531.21, 32.04, 13.98
7.00, 3, white car, 1080.68, 539.46, 1112.12, 552.86, 1096.40, 546.16, 1080.68, 546.16, 1112.12, 546.16, 31.44, 13.39
7.00, 11, white car, 816.35, 524.08, 848.56, 538.13, 832.46, 531.11, 816.35, 531.11, 848.56, 531.11, 32.21, 14.05
7.03, 3, white car, 1077.20, 539.53, 1108.31, 552.79, 1092.76, 546.16, 1077.20, 546.16, 1108.31, 546.16, 31.11, 13.26
7.03, 11, white car, 812.89, 523.92, 844.91, 537.88, 828.90, 530.90, 812.89, 530.90, 844.91, 530.90, 32.03, 13.97
7.07, 3, white car, 1073.23, 539.28, 1104.15, 552.45, 1088.69, 545.86, 1073.23, 545.86, 1104.15, 545.86, 30.92, 13.17
7.07, 11, white car, 809.14, 523.87, 841.36, 537.93, 825.25, 530.90, 809.14, 530.90, 841.36, 530.90, 32.22, 14.06
7.10, 3, white car, 1069.63, 539.23, 1100.16, 552.23, 1084.90, 545.73, 1069.63, 545.73, 1100.16, 545.73, 30.53, 13.00
7.10, 11, white car, 805.92, 523.61, 837.86, 537.52, 821.89, 530.56, 805.92, 530.56, 837.86, 530.56, 31.94, 13.91
7.13, 3, white car, 1065.98, 539.21, 1096.67, 552.28, 1081.33, 545.75, 1065.98, 545.75, 1096.67, 545.75, 30.70, 13.08
7.13, 11, white car, 802.43, 523.22, 834.71, 537.28, 818.57, 530.25, 802.43, 530.25, 834.71, 530.25, 32.28, 14.06
7.17, 3, white car, 1062.31, 538.96, 1092.97, 552.01, 1077.64, 545.49, 1062.31, 545.49, 1092.97, 545.49, 30.66, 13.06
7.17, 11, white car, 798.78, 523.01, 831.17, 537.11, 814.98, 530.06, 798.78, 530.06, 831.17, 530.06, 32.39, 14.10
7.20, 3, white car, 1058.36, 538.61, 1089.25, 551.76, 1073.80, 545.18, 1058.36, 545.18, 1089.25, 545.18, 30.89, 13.15
7.20, 11, white car, 795.42, 523.04, 827.72, 537.09, 811.57, 530.06, 795.42, 530.06, 827.72, 530.06, 32.30, 14.05
7.23, 3, white car, 1055.06, 538.34, 1085.76, 551.40, 1070.41, 544.87, 1055.06, 544.87, 1085.76, 544.87, 30.70, 13.06
7.23, 11, white car, 792.15, 522.75, 824.34, 536.74, 808.25, 529.74, 792.15, 529.74, 824.34, 529.74, 32.18, 13.99
7.27, 3, white car, 1051.60, 538.30, 1082.24, 551.34, 1066.92, 544.82, 1051.60, 544.82, 1082.24, 544.82, 30.64, 13.03
7.27, 11, white car, 788.75, 522.42, 820.99, 536.44, 804.87, 529.43, 788.75, 529.43, 820.99, 529.43, 32.23, 14.02
7.30, 3, white car, 1047.90, 538.16, 1078.72, 551.25, 1063.31, 544.70, 1047.90, 544.70, 1078.72, 544.70, 30.82, 13.09
7.30, 11, white car, 785.15, 521.99, 817.47, 536.08, 801.31, 529.04, 785.15, 529.04, 817.47, 529.04, 32.32, 14.08
7.33, 3, white car, 1044.15, 537.90, 1074.84, 550.94, 1059.50, 544.42, 1044.15, 544.42, 1074.84, 544.42, 30.69, 13.03
7.33, 11, white car, 781.35, 521.69, 813.90, 535.91, 797.62, 528.80, 781.35, 528.80, 813.90, 528.80, 32.55, 14.21
7.37, 3, white car, 1040.55, 537.66, 1071.14, 550.66, 1055.84, 544.16, 1040.55, 544.16, 1071.14, 544.16, 30.59, 13.00
7.37, 11, white car, 777.84, 521.56, 810.26, 535.71, 794.05, 528.63, 777.84, 528.63, 810.26, 528.63, 32.42, 14.15
7.40, 3, white car, 1036.98, 537.61, 1067.72, 550.68, 1052.35, 544.15, 1036.98, 544.15, 1067.72, 544.15, 30.74, 13.08
7.40, 11, white car, 774.57, 521.27, 806.92, 535.40, 790.75, 528.34, 774.57, 528.34, 806.92, 528.34, 32.34, 14.13
7.43, 3, white car, 1033.28, 537.75, 1063.59, 550.61, 1048.43, 544.18, 1033.28, 544.18, 1063.59, 544.18, 30.31, 12.86
7.43, 11, white car, 771.48, 521.07, 803.39, 534.99, 787.44, 528.03, 771.48, 528.03, 803.39, 528.03, 31.91, 13.92
7.47, 3, white car, 1029.71, 537.53, 1060.07, 550.44, 1044.89, 543.98, 1029.71, 543.98, 1060.07, 543.98, 30.36, 12.91
7.47, 11, white car, 768.06, 520.92, 799.86, 534.79, 783.96, 527.85, 768.06, 527.85, 799.86, 527.85, 31.80, 13.87
7.50, 3, white car, 1025.80, 537.26, 1056.32, 550.23, 1041.06, 543.75, 1025.80, 543.75, 1056.32, 543.75, 30.52, 12.98
7.50, 11, white car, 764.46, 520.77, 796.36, 534.68, 780.41, 527.72, 764.46, 527.72, 796.36, 527.72, 31.91, 13.90
7.53, 3, white car, 1021.60, 537.11, 1052.98, 550.48, 1037.29, 543.79, 1021.60, 543.79, 1052.98, 543.79, 31.38, 13.38
7.53, 11, white car, 761.23, 520.81, 792.33, 534.32, 776.78, 527.56, 761.23, 527.56, 792.33, 527.56, 31.10, 13.52
7.57, 3, white car, 1017.71, 536.88, 1049.47, 550.44, 1033.59, 543.66, 1017.71, 543.66, 1049.47, 543.66, 31.76, 13.56
7.57, 11, white car, 758.02, 520.59, 789.16, 534.10, 773.59, 527.34, 758.02, 527.34, 789.16, 527.34, 31.14, 13.52
7.60, 3, white car, 1014.21, 536.79, 1045.48, 550.15, 1029.84, 543.47, 1014.21, 543.47, 1045.48, 543.47, 31.27, 13.36
7.60, 11, white car, 754.05, 520.32, 785.66, 534.06, 769.85, 527.19, 754.05, 527.19, 785.66, 527.19, 31.61, 13.74
7.63, 3, white car, 1010.45, 536.69, 1041.64, 550.04, 1026.05, 543.36, 1010.45, 543.36, 1041.64, 543.36, 31.19, 13.34
7.63, 11, white car, 750.55, 519.83, 782.84, 533.91, 766.69, 526.87, 750.55, 526.87, 782.84, 526.87, 32.29, 14.08
7.67, 3, white car, 1006.70, 536.54, 1038.11, 550.01, 1022.41, 543.27, 1006.70, 543.27, 1038.11, 543.27, 31.41, 13.47
7.67, 11, white car, 747.07, 519.50, 779.55, 533.73, 763.31, 526.61, 747.07, 526.61, 779.55, 526.61, 32.48, 14.23
7.70, 3, white car, 1003.27, 536.45, 1034.33, 549.77, 1018.80, 543.11, 1003.27, 543.11, 1034.33, 543.11, 31.07, 13.32
7.70, 11, white car, 744.20, 519.15, 775.79, 532.96, 760.00, 526.05, 744.20, 526.05, 775.79, 526.05, 31.59, 13.81
7.73, 3, white car, 999.95, 536.20, 1030.39, 549.26, 1015.17, 542.73, 999.95, 542.73, 1030.39, 542.73, 30.44, 13.06
7.73, 11, white car, 740.71, 519.03, 772.18, 532.77, 756.44, 525.90, 740.71, 525.90, 772.18, 525.90, 31.47, 13.74
7.77, 3, white car, 996.66, 535.82, 1026.22, 548.45, 1011.44, 542.13, 996.66, 542.13, 1026.22, 542.13, 29.56, 12.62
7.77, 11, white car, 737.25, 518.80, 768.54, 532.42, 752.90, 525.61, 737.25, 525.61, 768.54, 525.61, 31.29, 13.62
7.80, 3, white car, 992.15, 535.55, 1022.63, 548.61, 1007.39, 542.08, 992.15, 542.08, 1022.63, 542.08, 30.48, 13.06
7.80, 11, white car, 733.83, 518.51, 764.85, 531.97, 749.34, 525.24, 733.83, 525.24, 764.85, 525.24, 31.02, 13.46
7.83, 3, white car, 988.55, 535.34, 1018.71, 548.25, 1003.63, 541.80, 988.55, 541.80, 1018.71, 541.80, 30.16, 12.91
7.83, 11, white car, 730.73, 518.21, 761.53, 531.53, 746.13, 524.87, 730.73, 524.87, 761.53, 524.87, 30.80, 13.32
7.87, 3, white car, 984.66, 535.28, 1014.77, 548.18, 999.71, 541.73, 984.66, 541.73, 1014.77, 541.73, 30.11, 12.90
7.87, 11, white car, 727.48, 517.87, 758.24, 531.14, 742.86, 524.50, 727.48, 524.50, 758.24, 524.50, 30.76, 13.26
7.90, 3, white car, 980.73, 535.03, 1010.92, 547.95, 995.83, 541.49, 980.73, 541.49, 1010.92, 541.49, 30.19, 12.92
7.90, 11, white car, 723.79, 517.62, 754.72, 530.94, 739.26, 524.28, 723.79, 524.28, 754.72, 524.28, 30.93, 13.32
7.93, 3, white car, 976.72, 534.88, 1007.69, 548.19, 992.20, 541.53, 976.72, 541.53, 1007.69, 541.53, 30.98, 13.30
7.93, 11, white car, 719.63, 517.00, 751.73, 530.86, 735.68, 523.93, 719.63, 523.93, 751.73, 523.93, 32.10, 13.86
7.97, 3, white car, 973.43, 534.93, 1003.85, 547.95, 988.64, 541.44, 973.43, 541.44, 1003.85, 541.44, 30.42, 13.02
7.97, 11, white car, 716.05, 516.70, 748.65, 530.79, 732.35, 523.74, 716.05, 523.74, 748.65, 523.74, 32.60, 14.10
8.00, 3, white car, 970.02, 534.93, 1000.29, 547.87, 985.15, 541.40, 970.02, 541.40, 1000.29, 541.40, 30.27, 12.93
8.00, 11, white car, 712.72, 516.46, 745.48, 530.65, 729.10, 523.55, 712.72, 523.55, 745.48, 523.55, 32.76, 14.20
8.00, 45, white car, 1404.50, 547.34, 1436.69, 561.70, 1420.60, 554.52, 1404.50, 554.52, 1436.69, 554.52, 32.19, 14.36
8.03, 3, white car, 966.25, 534.75, 996.60, 547.70, 981.43, 541.22, 966.25, 541.22, 996.60, 541.22, 30.35, 12.95
8.03, 11, white car, 708.99, 516.07, 742.11, 530.46, 725.55, 523.27, 708.99, 523.27, 742.11, 523.27, 33.11, 14.39
8.03, 45, white car, 1404.78, 547.60, 1435.63, 561.26, 1420.21, 554.43, 1404.78, 554.43, 1435.63, 554.43, 30.84, 13.66
8.07, 3, white car, 961.80, 534.40, 992.91, 547.71, 977.35, 541.05, 961.80, 541.05, 992.91, 541.05, 31.11, 13.31
8.07, 11, white car, 705.50, 515.54, 738.93, 530.10, 722.21, 522.82, 705.50, 522.82, 738.93, 522.82, 33.42, 14.56
8.07, 45, white car, 1403.55, 547.70, 1433.63, 561.01, 1418.59, 554.36, 1403.55, 554.36, 1433.63, 554.36, 30.08, 13.32
8.10, 11, white car, 702.33, 515.26, 735.32, 529.69, 718.83, 522.47, 702.33, 522.47, 735.32, 522.47, 33.00, 14.43
8.10, 45, white car, 1399.59, 547.32, 1430.05, 560.63, 1414.82, 553.98, 1399.59, 553.98, 1430.05, 553.98, 30.46, 13.31
8.13, 11, white car, 699.03, 514.95, 731.96, 529.39, 715.49, 522.17, 699.03, 522.17, 731.96, 522.17, 32.94, 14.44
8.13, 45, white car, 1398.04, 547.47, 1427.16, 560.10, 1412.60, 553.78, 1398.04, 553.78, 1427.16, 553.78, 29.11, 12.62
8.17, 11, white car, 695.37, 514.34, 728.29, 528.84, 711.83, 521.59, 695.37, 521.59, 728.29, 521.59, 32.92, 14.49
8.20, 11, white car, 692.15, 514.08, 724.73, 528.45, 708.44, 521.27, 692.15, 521.27, 724.73, 521.27, 32.58, 14.37
8.23, 11, white car, 688.63, 513.78, 720.96, 528.06, 704.79, 520.92, 688.63, 520.92, 720.96, 520.92, 32.32, 14.28
8.27, 11, white car, 685.52, 513.57, 717.47, 527.69, 701.50, 520.63, 685.52, 520.63, 717.47, 520.63, 31.95, 14.12
8.30, 11, white car, 682.17, 513.15, 714.07, 527.28, 698.12, 520.21, 682.17, 520.21, 714.07, 520.21, 31.90, 14.13
8.33, 11, white car, 678.85, 512.92, 710.75, 527.06, 694.80, 519.99, 678.85, 519.99, 710.75, 519.99, 31.90, 14.14
8.33, 45, white car, 1378.98, 546.71, 1409.39, 559.60, 1394.19, 553.16, 1378.98, 553.16, 1409.39, 553.16, 30.41, 12.89
8.37, 11, white car, 675.38, 512.61, 707.06, 526.66, 691.22, 519.63, 675.38, 519.63, 707.06, 519.63, 31.68, 14.04
8.37, 45, white car, 1376.15, 546.67, 1406.99, 559.53, 1391.57, 553.10, 1376.15, 553.10, 1406.99, 553.10, 30.84, 12.86
8.40, 11, white car, 671.98, 512.31, 703.89, 526.46, 687.93, 519.38, 671.98, 519.38, 703.89, 519.38, 31.91, 14.14
8.40, 45, white car, 1374.98, 547.18, 1404.51, 559.40, 1389.74, 553.29, 1374.98, 553.29, 1404.51, 553.29, 29.53, 12.22
8.43, 11, white car, 668.53, 512.02, 700.61, 526.25, 684.57, 519.14, 668.53, 519.14, 700.61, 519.14, 32.08, 14.23
8.43, 3, white car, 920.91, 532.28, 951.69, 545.41, 936.30, 538.85, 920.91, 538.85, 951.69, 538.85, 30.78, 13.12
8.47, 11, white car, 665.05, 511.46, 697.82, 526.04, 681.43, 518.75, 665.05, 518.75, 697.82, 518.75, 32.77, 14.58
8.47, 3, white car, 917.19, 532.26, 947.41, 545.15, 932.30, 538.71, 917.19, 538.71, 947.41, 538.71, 30.22, 12.89
8.47, 45, white car, 1367.58, 546.66, 1398.58, 559.29, 1383.08, 552.98, 1367.58, 552.98, 1398.58, 552.98, 30.99, 12.63
8.50, 11, white car, 661.60, 511.25, 694.33, 525.87, 677.96, 518.56, 661.60, 518.56, 694.33, 518.56, 32.74, 14.62
8.50, 3, white car, 913.56, 532.17, 943.29, 544.80, 928.43, 538.48, 913.56, 538.48, 943.29, 538.48, 29.73, 12.63
8.53, 11, white car, 658.05, 510.81, 690.66, 525.41, 674.35, 518.11, 658.05, 518.11, 690.66, 518.11, 32.61, 14.60
8.53, 3, white car, 909.86, 532.14, 939.18, 544.61, 924.52, 538.37, 909.86, 538.37, 939.18, 538.37, 29.32, 12.46
8.57, 11, white car, 654.48, 510.28, 687.53, 525.13, 671.00, 517.70, 654.48, 517.70, 687.53, 517.70, 33.05, 14.85
8.57, 3, white car, 905.74, 531.85, 935.22, 544.37, 920.48, 538.11, 905.74, 538.11, 935.22, 538.11, 29.48, 12.52
8.60, 11, white car, 651.32, 509.76, 684.00, 524.46, 667.66, 517.11, 651.32, 517.11, 684.00, 517.11, 32.68, 14.70
8.60, 3, white car, 901.97, 531.65, 931.58, 544.20, 916.77, 537.93, 901.97, 537.93, 931.58, 537.93, 29.60, 12.55
8.63, 11, white car, 648.20, 509.48, 680.71, 524.14, 664.46, 516.81, 648.20, 516.81, 680.71, 516.81, 32.51, 14.66
8.63, 3, white car, 898.09, 531.58, 927.92, 544.20, 913.01, 537.89, 898.09, 537.89, 927.92, 537.89, 29.83, 12.62
8.63, 45, white car, 1357.68, 546.29, 1387.75, 558.63, 1372.71, 552.46, 1357.68, 552.46, 1387.75, 552.46, 30.06, 12.34
8.67, 11, white car, 644.63, 509.21, 677.21, 523.92, 660.92, 516.57, 644.63, 516.57, 677.21, 516.57, 32.58, 14.70
8.67, 3, white car, 894.15, 531.41, 924.25, 544.13, 909.20, 537.77, 894.15, 537.77, 924.25, 537.77, 30.10, 12.73
8.67, 45, white car, 1355.40, 546.17, 1385.09, 558.43, 1370.24, 552.30, 1355.40, 552.30, 1385.09, 552.30, 29.68, 12.26
8.70, 11, white car, 640.93, 508.87, 674.03, 523.90, 657.48, 516.38, 640.93, 516.38, 674.03, 516.38, 33.09, 15.03
8.70, 3, white car, 890.41, 531.17, 920.65, 543.93, 905.53, 537.55, 890.41, 537.55, 920.65, 537.55, 30.24, 12.77
8.70, 45, white car, 1350.16, 545.71, 1381.16, 558.33, 1365.66, 552.02, 1350.16, 552.02, 1381.16, 552.02, 31.00, 12.61
8.73, 11, white car, 637.72, 508.54, 670.37, 523.42, 654.05, 515.98, 637.72, 515.98, 670.37, 515.98, 32.65, 14.88
8.73, 3, white car, 886.97, 531.04, 916.81, 543.62, 901.89, 537.33, 886.97, 537.33, 916.81, 537.33, 29.84, 12.59
8.73, 45, white car, 1346.24, 545.56, 1377.81, 558.26, 1362.03, 551.91, 1346.24, 551.91, 1377.81, 551.91, 31.57, 12.70
8.77, 11, white car, 634.56, 508.11, 667.04, 522.95, 650.80, 515.53, 634.56, 515.53, 667.04, 515.53, 32.48, 14.84
8.77, 3, white car, 883.24, 530.86, 913.14, 543.45, 898.19, 537.15, 883.24, 537.15, 913.14, 537.15, 29.90, 12.59
8.77, 45, white car, 1343.98, 545.42, 1375.44, 558.10, 1359.71, 551.76, 1343.98, 551.76, 1375.44, 551.76, 31.46, 12.68
8.80, 11, white car, 631.38, 507.70, 663.47, 522.41, 647.42, 515.06, 631.38, 515.06, 663.47, 515.06, 32.09, 14.71
8.80, 3, white car, 879.27, 530.59, 909.14, 543.16, 894.20, 536.88, 879.27, 536.88, 909.14, 536.88, 29.87, 12.56
8.80, 45, white car, 1341.45, 545.50, 1372.62, 557.99, 1357.03, 551.75, 1341.45, 551.75, 1372.62, 551.75, 31.16, 12.49
8.83, 11, white car, 627.75, 507.41, 660.21, 522.33, 643.98, 514.87, 627.75, 514.87, 660.21, 514.87, 32.46, 14.92
8.83, 3, white car, 875.57, 530.28, 905.29, 542.78, 890.43, 536.53, 875.57, 536.53, 905.29, 536.53, 29.72, 12.51
8.83, 45, white car, 1338.07, 545.37, 1369.70, 557.95, 1353.89, 551.66, 1338.07, 551.66, 1369.70, 551.66, 31.64, 12.58
8.87, 11, white car, 624.41, 507.26, 656.39, 521.99, 640.40, 514.63, 624.41, 514.63, 656.39, 514.63, 31.98, 14.72
8.87, 3, white car, 871.93, 530.14, 901.36, 542.51, 886.65, 536.32, 871.93, 536.32, 901.36, 536.32, 29.43, 12.37
8.87, 45, white car, 1334.28, 545.43, 1366.76, 558.21, 1350.52, 551.82, 1334.28, 551.82, 1366.76, 551.82, 32.48, 12.78
8.90, 11, white car, 621.13, 506.96, 653.07, 521.66, 637.10, 514.31, 621.13, 514.31, 653.07, 514.31, 31.94, 14.70
8.90, 3, white car, 867.94, 530.00, 897.67, 542.48, 882.80, 536.24, 867.94, 536.24, 897.67, 536.24, 29.73, 12.48
8.90, 45, white car, 1330.82, 545.14, 1364.79, 558.53, 1347.81, 551.83, 1330.82, 551.83, 1364.79, 551.83, 33.97, 13.39
8.93, 11, white car, 618.07, 506.69, 649.80, 521.30, 633.93, 514.00, 618.07, 514.00, 649.80, 514.00, 31.74, 14.61
8.93, 3, white car, 863.91, 529.62, 894.01, 542.27, 878.96, 535.95, 863.91, 535.95, 894.01, 535.95, 30.10, 12.65
8.93, 45, white car, 1328.06, 545.07, 1361.95, 558.47, 1345.01, 551.77, 1328.06, 551.77, 1361.95, 551.77, 33.89, 13.40
8.97, 11, white car, 614.74, 506.39, 646.49, 521.01, 630.61, 513.70, 614.74, 513.70, 646.49, 513.70, 31.75, 14.62
8.97, 3, white car, 860.25, 529.18, 890.54, 541.90, 875.40, 535.54, 860.25, 535.54, 890.54, 535.54, 30.29, 12.71
9.00, 11, white car, 611.20, 505.81, 643.05, 520.48, 627.12, 513.15, 611.20, 513.15, 643.05, 513.15, 31.86, 14.68
9.00, 3, white car, 856.28, 528.95, 886.91, 541.81, 871.59, 535.38, 856.28, 535.38, 886.91, 535.38, 30.63, 12.86
9.00, 45, white car, 1322.67, 545.35, 1355.73, 558.39, 1339.20, 551.87, 1322.67, 551.87, 1355.73, 551.87, 33.06, 13.04
9.03, 11, white car, 607.76, 505.38, 639.65, 520.09, 623.71, 512.74, 607.76, 512.74, 639.65, 512.74, 31.89, 14.70
9.03, 3, white car, 851.79, 528.48, 883.39, 541.80, 867.59, 535.14, 851.79, 535.14, 883.39, 535.14, 31.60, 13.33
9.03, 45, white car, 1319.69, 545.30, 1352.64, 558.21, 1336.17, 551.75, 1319.69, 551.75, 1352.64, 551.75, 32.95, 12.91
9.07, 11, white car, 604.37, 505.14, 635.86, 519.65, 620.12, 512.39, 604.37, 512.39, 635.86, 512.39, 31.49, 14.51
9.07, 3, white car, 847.89, 528.21, 879.59, 541.60, 863.74, 534.90, 847.89, 534.90, 879.59, 534.90, 31.70, 13.39
9.07, 45, white car, 1316.70, 545.19, 1349.75, 558.06, 1333.23, 551.62, 1316.70, 551.62, 1349.75, 551.62, 33.05, 12.87
9.10, 3, white car, 844.48, 528.16, 875.55, 541.32, 860.02, 534.74, 844.48, 534.74, 875.55, 534.74, 31.07, 13.15
9.10, 45, white car, 1313.78, 544.77, 1347.38, 557.88, 1330.58, 551.33, 1313.78, 551.33, 1347.38, 551.33, 33.60, 13.10
9.13, 3, white car, 840.51, 527.90, 871.79, 541.18, 856.15, 534.54, 840.51, 534.54, 871.79, 534.54, 31.27, 13.28
9.13, 45, white car, 1311.05, 544.50, 1345.19, 557.84, 1328.12, 551.17, 1311.05, 551.17, 1345.19, 551.17, 34.14, 13.34
9.17, 3, white car, 836.86, 527.67, 867.95, 540.90, 852.41, 534.28, 836.86, 534.28, 867.95, 534.28, 31.09, 13.23
9.17, 45, white car, 1309.75, 544.46, 1342.84, 557.45, 1326.29, 550.95, 1309.75, 550.95, 1342.84, 550.95, 33.09, 12.98
9.17, 11, white car, 594.90, 503.92, 625.73, 518.09, 610.32, 511.00, 594.90, 511.00, 625.73, 511.00, 30.83, 14.17
9.20, 3, white car, 833.64, 527.54, 864.20, 540.56, 848.92, 534.05, 833.64, 534.05, 864.20, 534.05, 30.56, 13.02
9.20, 45, white car, 1306.30, 544.42, 1339.43, 557.34, 1322.87, 550.88, 1306.30, 550.88, 1339.43, 550.88, 33.13, 12.92
9.20, 11, white car, 591.63, 503.76, 622.05, 517.69, 606.84, 510.73, 591.63, 510.73, 622.05, 510.73, 30.42, 13.93
9.23, 3, white car, 830.21, 527.31, 860.24, 540.12, 845.22, 533.71, 830.21, 533.71, 860.24, 533.71, 30.02, 12.81
9.23, 45, white car, 1302.76, 544.02, 1336.55, 557.17, 1319.66, 550.59, 1302.76, 550.59, 1336.55, 550.59, 33.79, 13.15
9.23, 11, white car, 588.49, 503.67, 618.42, 517.30, 603.45, 510.48, 588.49, 510.48, 618.42, 510.48, 29.93, 13.63
9.27, 3, white car, 826.37, 527.02, 855.92, 539.63, 841.14, 533.33, 826.37, 533.33, 855.92, 533.33, 29.55, 12.61
9.27, 45, white car, 1300.87, 544.01, 1334.08, 557.05, 1317.47, 550.53, 1300.87, 550.53, 1334.08, 550.53, 33.21, 13.04
9.27, 11, white car, 584.97, 503.41, 614.92, 517.00, 599.94, 510.21, 584.97, 510.21, 614.92, 510.21, 29.95, 13.59
9.30, 3, white car, 822.68, 526.81, 851.58, 539.13, 837.13, 532.97, 822.68, 532.97, 851.58, 532.97, 28.90, 12.32
9.30, 45, white car, 1297.89, 543.91, 1331.33, 557.09, 1314.61, 550.50, 1297.89, 550.50, 1331.33, 550.50, 33.44, 13.18
9.30, 11, white car, 581.56, 503.03, 611.58, 516.59, 596.57, 509.81, 581.56, 509.81, 611.58, 509.81, 30.02, 13.56
9.33, 3, white car, 818.83, 526.60, 847.80, 538.92, 833.31, 532.76, 818.83, 532.76, 847.80, 532.76, 28.97, 12.32
9.33, 45, white car, 1295.62, 543.94, 1328.49, 556.95, 1312.06, 550.44, 1295.62, 550.44, 1328.49, 550.44, 32.87, 13.01
9.33, 11, white car, 578.16, 502.69, 608.39, 516.35, 593.28, 509.52, 578.16, 509.52, 608.39, 509.52, 30.23, 13.66
9.37, 3, white car, 815.43, 526.54, 844.08, 538.72, 829.76, 532.63, 815.43, 532.63, 844.08, 532.63, 28.64, 12.19
9.37, 45, white car, 1292.37, 543.87, 1325.31, 556.87, 1308.84, 550.37, 1292.37, 550.37, 1325.31, 550.37, 32.95, 13.00
9.37, 11, white car, 574.68, 502.27, 604.94, 515.95, 589.81, 509.11, 574.68, 509.11, 604.94, 509.11, 30.26, 13.68
9.40, 3, white car, 811.63, 526.49, 840.37, 538.69, 826.00, 532.59, 811.63, 532.59, 840.37, 532.59, 28.74, 12.21
9.40, 45, white car, 1288.36, 543.45, 1321.95, 556.67, 1305.15, 550.06, 1288.36, 550.06, 1321.95, 550.06, 33.59, 13.22
9.40, 11, white car, 571.11, 501.91, 601.86, 515.83, 586.49, 508.87, 571.11, 508.87, 601.86, 508.87, 30.75, 13.92
9.43, 3, white car, 807.32, 526.12, 836.70, 538.58, 822.01, 532.35, 807.32, 532.35, 836.70, 532.35, 29.38, 12.46
9.43, 45, white car, 1285.60, 543.53, 1319.18, 556.79, 1302.39, 550.16, 1285.60, 550.16, 1319.18, 550.16, 33.58, 13.26
9.43, 11, white car, 567.72, 501.59, 598.24, 515.39, 582.98, 508.49, 567.72, 508.49, 598.24, 508.49, 30.52, 13.80
9.47, 3, white car, 803.72, 525.83, 833.29, 538.37, 818.51, 532.10, 803.72, 532.10, 833.29, 532.10, 29.56, 12.55
9.47, 45, white car, 1282.77, 543.37, 1316.59, 556.75, 1299.68, 550.06, 1282.77, 550.06, 1316.59, 550.06, 33.83, 13.38
9.47, 11, white car, 564.41, 501.21, 595.01, 515.05, 579.71, 508.13, 564.41, 508.13, 595.01, 508.13, 30.60, 13.84
9.50, 3, white car, 799.77, 525.50, 829.46, 538.16, 814.61, 531.83, 799.77, 531.83, 829.46, 531.83, 29.69, 12.65
9.50, 45, white car, 1279.98, 543.42, 1313.70, 556.72, 1296.84, 550.07, 1279.98, 550.07, 1313.70, 550.07, 33.72, 13.30
9.50, 11, white car, 561.00, 500.95, 591.20, 514.58, 576.10, 507.77, 561.00, 507.77, 591.20, 507.77, 30.20, 13.63
9.53, 3, white car, 795.93, 525.27, 825.48, 537.90, 810.70, 531.59, 795.93, 531.59, 825.48, 531.59, 29.56, 12.62
9.53, 45, white car, 1276.48, 543.31, 1310.65, 556.74, 1293.56, 550.03, 1276.48, 550.03, 1310.65, 550.03, 34.17, 13.43
9.53, 11, white car, 557.94, 500.70, 588.21, 514.33, 573.07, 507.51, 557.94, 507.51, 588.21, 507.51, 30.27, 13.64
9.57, 3, white car, 791.91, 524.69, 822.13, 537.65, 807.02, 531.17, 791.91, 531.17, 822.13, 531.17, 30.22, 12.95
9.57, 45, white car, 1273.94, 543.37, 1307.51, 556.49, 1290.72, 549.93, 1273.94, 549.93, 1307.51, 549.93, 33.57, 13.12
9.57, 11, white car, 554.53, 500.32, 584.96, 513.97, 569.75, 507.14, 554.53, 507.14, 584.96, 507.14, 30.43, 13.65
9.60, 3, white car, 788.45, 524.40, 818.12, 537.10, 803.29, 530.75, 788.45, 530.75, 818.12, 530.75, 29.67, 12.70
9.60, 45, white car, 1271.21, 543.11, 1305.12, 556.40, 1288.17, 549.75, 1271.21, 549.75, 1305.12, 549.75, 33.91, 13.29
9.60, 11, white car, 551.03, 500.04, 581.56, 513.69, 566.30, 506.87, 551.03, 506.87, 581.56, 506.87, 30.53, 13.65
9.63, 3, white car, 784.07, 524.04, 814.22, 536.95, 799.14, 530.50, 784.07, 530.50, 814.22, 530.50, 30.15, 12.92
9.63, 45, white car, 1268.04, 542.84, 1302.27, 556.26, 1285.16, 549.55, 1268.04, 549.55, 1302.27, 549.55, 34.23, 13.41
9.63, 11, white car, 548.07, 499.74, 578.31, 513.21, 563.19, 506.47, 548.07, 506.47, 578.31, 506.47, 30.24, 13.47
9.67, 3, white car, 779.94, 523.78, 811.11, 537.21, 795.52, 530.49, 779.94, 530.49, 811.11, 530.49, 31.18, 13.43
9.67, 45, white car, 1266.22, 542.84, 1299.62, 555.95, 1282.92, 549.40, 1266.22, 549.40, 1299.62, 549.40, 33.41, 13.11
9.67, 11, white car, 544.14, 499.19, 575.16, 513.01, 559.65, 506.10, 544.14, 506.10, 575.16, 506.10, 31.02, 13.82
9.70, 3, white car, 776.13, 523.30, 807.58, 536.88, 791.85, 530.09, 776.13, 530.09, 807.58, 530.09, 31.44, 13.59
9.70, 45, white car, 1263.41, 542.85, 1296.30, 555.70, 1279.86, 549.28, 1263.41, 549.28, 1296.30, 549.28, 32.90, 12.85
9.70, 11, white car, 540.95, 498.89, 571.98, 512.71, 556.46, 505.80, 540.95, 505.80, 571.98, 505.80, 31.02, 13.82
9.73, 3, white car, 772.74, 522.96, 804.01, 536.50, 788.38, 529.73, 772.74, 529.73, 804.01, 529.73, 31.26, 13.54
9.73, 45, white car, 1260.59, 542.93, 1293.11, 555.56, 1276.85, 549.25, 1260.59, 549.25, 1293.11, 549.25, 32.52, 12.63
9.73, 11, white car, 537.50, 498.57, 568.85, 512.54, 553.17, 505.56, 537.50, 505.56, 568.85, 505.56, 31.35, 13.97
9.77, 3, white car, 769.13, 522.84, 799.88, 536.18, 784.50, 529.51, 769.13, 529.51, 799.88, 529.51, 30.74, 13.34
9.77, 45, white car, 1258.00, 542.60, 1290.82, 555.38, 1274.41, 548.99, 1258.00, 548.99, 1290.82, 548.99, 32.81, 12.78
9.77, 11, white car, 534.27, 498.30, 565.59, 512.23, 549.93, 505.26, 534.27, 505.26, 565.59, 505.26, 31.32, 13.94
9.80, 3, white car, 765.11, 522.50, 796.05, 535.96, 780.58, 529.23, 765.11, 529.23, 796.05, 529.23, 30.95, 13.46
9.80, 11, white car, 530.49, 497.59, 562.57, 511.90, 546.53, 504.75, 530.49, 504.75, 562.57, 504.75, 32.08, 14.32
9.83, 3, white car, 761.62, 522.37, 792.08, 535.62, 776.85, 528.99, 761.62, 528.99, 792.08, 528.99, 30.47, 13.26
9.83, 11, white car, 527.57, 497.22, 559.18, 511.33, 543.37, 504.27, 527.57, 504.27, 559.18, 504.27, 31.61, 14.10
9.83, 45, white car, 1253.81, 542.48, 1286.18, 555.16, 1269.99, 548.82, 1253.81, 548.82, 1286.18, 548.82, 32.36, 12.68
9.87, 3, white car, 758.22, 521.87, 788.21, 534.95, 773.21, 528.41, 758.22, 528.41, 788.21, 528.41, 29.99, 13.08
9.87, 11, white car, 524.43, 496.64, 556.02, 510.70, 540.22, 503.67, 524.43, 503.67, 556.02, 503.67, 31.60, 14.06
9.87, 45, white car, 1250.40, 542.62, 1282.96, 555.38, 1266.68, 549.00, 1250.40, 549.00, 1282.96, 549.00, 32.56, 12.76
9.90, 3, white car, 754.24, 521.53, 784.30, 534.65, 769.27, 528.09, 754.24, 528.09, 784.30, 528.09, 30.06, 13.12
9.90, 11, white car, 521.11, 496.21, 552.76, 510.30, 536.93, 503.25, 521.11, 503.25, 552.76, 503.25, 31.65, 14.09
9.90, 45, white car, 1247.83, 542.84, 1280.17, 555.54, 1264.00, 549.19, 1247.83, 549.19, 1280.17, 549.19, 32.35, 12.70
9.93, 3, white car, 749.97, 521.16, 780.72, 534.62, 765.35, 527.89, 749.97, 527.89, 780.72, 527.89, 30.75, 13.46
9.93, 11, white car, 517.53, 495.80, 549.45, 510.00, 533.49, 502.90, 517.53, 502.90, 549.45, 502.90, 31.92, 14.20
9.97, 3, white car, 746.51, 520.93, 776.57, 534.08, 761.54, 527.50, 746.51, 527.50, 776.57, 527.50, 30.05, 13.15
9.97, 11, white car, 514.00, 495.51, 546.40, 509.94, 530.20, 502.73, 514.00, 502.73, 546.40, 502.73, 32.40, 14.43
