0.00, 1, white car, 288.12, 522.78, 317.97, 535.84, 303.04, 529.31, 288.12, 529.31, 317.97, 529.31, 29.85, 13.06
0.00, 4, white car, 1072.16, 527.66, 1101.69, 541.01, 1086.93, 534.33, 1072.16, 534.33, 1101.69, 534.33, 29.53, 13.35
0.00, 10, white car, 146.82, 517.81, 170.52, 529.49, 158.67, 523.65, 146.82, 523.65, 170.52, 523.65, 23.70, 11.68
0.03, 1, white car, 286.42, 522.94, 315.89, 535.83, 301.16, 529.39, 286.42, 529.39, 315.89, 529.39, 29.47, 12.89
0.03, 4, white car, 1069.44, 527.61, 1099.49, 541.20, 1084.47, 534.40, 1069.44, 534.40, 1099.49, 534.40, 30.05, 13.60
0.03, 10, white car, 144.97, 517.78, 168.35, 529.30, 156.66, 523.54, 144.97, 523.54, 168.35, 523.54, 23.38, 11.52
0.07, 1, white car, 284.77, 523.27, 313.56, 535.85, 299.16, 529.56, 284.77, 529.56, 313.56, 529.56, 28.79, 12.58
0.07, 4, white car, 1067.20, 527.69, 1097.11, 541.24, 1082.16, 534.46, 1067.20, 534.46, 1097.11, 534.46, 29.91, 13.55
0.07, 10, white car, 142.50, 517.82, 165.72, 529.26, 154.11, 523.54, 142.50, 523.54, 165.72, 523.54, 23.22, 11.44
0.10, 1, white car, 281.99, 522.97, 310.97, 535.62, 296.48, 529.29, 281.99, 529.29, 310.97, 529.29, 28.98, 12.65
0.10, 4, white car, 1063.97, 527.62, 1094.10, 541.29, 1079.04, 534.46, 1063.97, 534.46, 1094.10, 534.46, 30.13, 13.68
0.10, 10, white car, 139.51, 517.62, 163.61, 529.50, 151.56, 523.56, 139.51, 523.56, 163.61, 523.56, 24.09, 11.89
0.13, 1, white car, 279.76, 522.75, 308.95, 535.48, 294.35, 529.12, 279.76, 529.12, 308.95, 529.12, 29.18, 12.74
0.13, 4, white car, 1061.26, 527.94, 1090.97, 541.44, 1076.12, 534.69, 1061.26, 534.69, 1090.97, 534.69, 29.71, 13.50
0.13, 10, white car, 137.35, 517.54, 161.37, 529.40, 149.36, 523.47, 137.35, 523.47, 161.37, 523.47, 24.02, 11.86
0.17, 1, white car, 278.10, 522.53, 306.93, 535.08, 292.51, 528.81, 278.10, 528.81, 306.93, 528.81, 28.83, 12.56
0.17, 4, white car, 1058.59, 528.07, 1087.94, 541.42, 1073.27, 534.74, 1058.59, 534.74, 1087.94, 534.74, 29.36, 13.35
0.17, 10, white car, 134.91, 517.35, 159.00, 529.26, 146.95, 523.31, 134.91, 523.31, 159.00, 523.31, 24.09, 11.91
0.20, 1, white car, 275.67, 522.18, 304.59, 534.77, 290.13, 528.48, 275.67, 528.48, 304.59, 528.48, 28.92, 12.59
0.20, 4, white car, 1055.90, 528.23, 1085.25, 541.60, 1070.58, 534.92, 1055.90, 534.92, 1085.25, 534.92, 29.35, 13.36
0.20, 10, white car, 132.40, 517.12, 156.51, 529.06, 144.45, 523.09, 132.40, 523.09, 156.51, 523.09, 24.11, 11.94
0.23, 1, white car, 273.08, 522.07, 302.66, 534.98, 287.87, 528.52, 273.08, 528.52, 302.66, 528.52, 29.58, 12.91
0.23, 4, white car, 1053.09, 528.30, 1082.48, 541.71, 1067.78, 535.00, 1053.09, 535.00, 1082.48, 535.00, 29.39, 13.41
0.23, 10, white car, 130.56, 517.04, 154.39, 528.86, 142.47, 522.95, 130.56, 522.95, 154.39, 522.95, 23.82, 11.81
0.27, 1, white car, 270.65, 521.83, 300.82, 535.02, 285.74, 528.42, 270.65, 528.42, 300.82, 528.42, 30.18, 13.18
0.27, 4, white car, 1050.43, 528.16, 1080.10, 541.73, 1065.26, 534.94, 1050.43, 534.94, 1080.10, 534.94, 29.67, 13.57
0.27, 10, white car, 128.83, 517.00, 152.30, 528.65, 140.57, 522.83, 128.83, 522.83, 152.30, 522.83, 23.47, 11.66
0.30, 1, white car, 267.90, 521.78, 298.42, 535.13, 283.16, 528.46, 267.90, 528.46, 298.42, 528.46, 30.51, 13.35
0.30, 4, white car, 1047.74, 528.41, 1076.78, 541.72, 1062.26, 535.06, 1047.74, 535.06, 1076.78, 535.06, 29.04, 13.31
0.30, 10, white car, 127.30, 517.24, 149.79, 528.43, 138.54, 522.83, 127.30, 522.83, 149.79, 522.83, 22.49, 11.19
0.33, 1, white car, 265.32, 521.50, 296.42, 535.15, 280.87, 528.33, 265.32, 528.33, 296.42, 528.33, 31.10, 13.65
0.33, 4, white car, 1045.18, 528.59, 1073.81, 541.71, 1059.50, 535.15, 1045.18, 535.15, 1073.81, 535.15, 28.63, 13.12
0.33, 10, white car, 125.25, 517.14, 147.43, 528.18, 136.34, 522.66, 125.25, 522.66, 147.43, 522.66, 22.18, 11.04
0.37, 1, white car, 263.07, 521.33, 293.95, 534.90, 278.51, 528.12, 263.07, 528.12, 293.95, 528.12, 30.88, 13.57
0.37, 4, white car, 1042.61, 528.68, 1071.07, 541.73, 1056.84, 535.21, 1042.61, 535.21, 1071.07, 535.21, 28.46, 13.05
0.37, 10, white car, 122.22, 516.88, 144.65, 528.06, 133.43, 522.47, 122.22, 522.47, 144.65, 522.47, 22.43, 11.19
0.40, 1, white car, 260.98, 521.21, 291.95, 534.83, 276.47, 528.02, 260.98, 528.02, 291.95, 528.02, 30.97, 13.63
0.40, 4, white car, 1039.57, 528.61, 1068.24, 541.77, 1053.90, 535.19, 1039.57, 535.19, 1068.24, 535.19, 28.66, 13.15
0.40, 10, white car, 119.56, 516.75, 142.16, 528.02, 130.86, 522.39, 119.56, 522.39, 142.16, 522.39, 22.60, 11.28
0.43, 1, white car, 258.90, 521.13, 289.63, 534.66, 274.26, 527.90, 258.90, 527.90, 289.63, 527.90, 30.72, 13.53
0.43, 4, white car, 1036.62, 528.72, 1065.57, 542.00, 1051.10, 535.36, 1036.62, 535.36, 1065.57, 535.36, 28.95, 13.28
0.43, 10, white car, 117.60, 516.75, 140.26, 528.06, 128.93, 522.40, 117.60, 522.40, 140.26, 522.40, 22.67, 11.31
0.47, 1, white car, 256.93, 521.21, 287.30, 534.57, 272.12, 527.89, 256.93, 527.89, 287.30, 527.89, 30.37, 13.36
0.47, 4, white car, 1033.77, 528.97, 1062.14, 541.98, 1047.96, 535.47, 1033.77, 535.47, 1062.14, 535.47, 28.37, 13.02
0.47, 10, white car, 115.59, 516.64, 137.64, 527.67, 126.61, 522.16, 115.59, 522.16, 137.64, 522.16, 22.05, 11.03
0.50, 1, white car, 254.59, 521.29, 284.98, 534.65, 269.78, 527.97, 254.59, 527.97, 284.98, 527.97, 30.40, 13.36
0.50, 4, white car, 1031.53, 529.18, 1059.23, 541.85, 1045.38, 535.52, 1031.53, 535.52, 1059.23, 535.52, 27.70, 12.67
0.50, 10, white car, 112.58, 516.59, 134.74, 527.67, 123.66, 522.13, 112.58, 522.13, 134.74, 522.13, 22.16, 11.08
0.53, 1, white car, 252.33, 521.41, 282.03, 534.46, 267.18, 527.94, 252.33, 527.94, 282.03, 527.94, 29.70, 13.06
0.53, 4, white car, 1028.88, 529.35, 1056.82, 542.12, 1042.85, 535.74, 1028.88, 535.74, 1056.82, 535.74, 27.94, 12.76
0.53, 10, white car, 110.21, 516.48, 132.70, 527.72, 121.46, 522.10, 110.21, 522.10, 132.70, 522.10, 22.49, 11.24
0.57, 1, white car, 250.10, 521.13, 279.72, 534.15, 264.91, 527.64, 250.10, 527.64, 279.72, 527.64, 29.62, 13.02
0.57, 4, white car, 1026.22, 529.41, 1054.50, 542.32, 1040.36, 535.86, 1026.22, 535.86, 1054.50, 535.86, 28.28, 12.92
0.57, 10, white car, 107.69, 516.45, 130.21, 527.65, 118.95, 522.05, 107.69, 522.05, 130.21, 522.05, 22.52, 11.20
0.60, 1, white car, 247.68, 520.90, 277.95, 534.22, 262.82, 527.56, 247.68, 527.56, 277.95, 527.56, 30.27, 13.32
0.60, 4, white car, 1023.61, 529.63, 1051.86, 542.53, 1037.74, 536.08, 1023.61, 536.08, 1051.86, 536.08, 28.25, 12.90
0.60, 10, white car, 104.87, 516.27, 127.79, 527.61, 116.33, 521.94, 104.87, 521.94, 127.79, 521.94, 22.92, 11.34
0.63, 1, white car, 245.52, 520.78, 276.11, 534.27, 260.81, 527.53, 245.52, 527.53, 276.11, 527.53, 30.59, 13.49
0.63, 4, white car, 1020.82, 529.79, 1049.05, 542.67, 1034.94, 536.23, 1020.82, 536.23, 1049.05, 536.23, 28.23, 12.88
0.63, 10, white car, 102.52, 515.96, 125.99, 527.52, 114.25, 521.74, 102.52, 521.74, 125.99, 521.74, 23.47, 11.55
0.67, 1, white car, 243.28, 520.78, 273.83, 534.27, 258.55, 527.53, 243.28, 527.53, 273.83, 527.53, 30.55, 13.49
0.67, 4, white car, 1018.00, 529.82, 1046.28, 542.72, 1032.14, 536.27, 1018.00, 536.27, 1046.28, 536.27, 28.27, 12.90
0.67, 10, white car, 100.71, 515.93, 123.83, 527.27, 112.27, 521.60, 100.71, 521.60, 123.83, 521.60, 23.12, 11.34
0.70, 1, white car, 241.32, 520.83, 271.78, 534.29, 256.55, 527.56, 241.32, 527.56, 271.78, 527.56, 30.46, 13.46
0.70, 4, white car, 1015.00, 529.90, 1043.68, 542.99, 1029.34, 536.44, 1015.00, 536.44, 1043.68, 536.44, 28.68, 13.09
0.70, 10, white car, 98.70, 515.83, 121.49, 527.01, 110.09, 521.42, 98.70, 521.42, 121.49, 521.42, 22.79, 11.18
0.73, 1, white car, 239.33, 520.83, 269.34, 534.09, 254.33, 527.46, 239.33, 527.46, 269.34, 527.46, 30.00, 13.26
0.73, 4, white car, 1012.28, 530.01, 1041.09, 543.18, 1026.68, 536.59, 1012.28, 536.59, 1041.09, 536.59, 28.81, 13.17
0.73, 10, white car, 96.22, 515.70, 119.04, 526.94, 107.63, 521.32, 96.22, 521.32, 119.04, 521.32, 22.82, 11.24
0.77, 1, white car, 237.03, 520.73, 266.66, 533.85, 251.84, 527.29, 237.03, 527.29, 266.66, 527.29, 29.62, 13.11
0.77, 4, white car, 1009.32, 530.01, 1038.42, 543.32, 1023.87, 536.66, 1009.32, 536.66, 1038.42, 536.66, 29.10, 13.31
0.77, 10, white car, 93.77, 515.56, 116.62, 526.83, 105.19, 521.19, 93.77, 521.19, 116.62, 521.19, 22.85, 11.28
0.80, 1, white car, 234.80, 520.73, 264.46, 533.84, 249.63, 527.29, 234.80, 527.29, 264.46, 527.29, 29.66, 13.10
0.80, 4, white car, 1006.67, 530.21, 1035.18, 543.23, 1020.92, 536.72, 1006.67, 536.72, 1035.18, 536.72, 28.51, 13.02
0.80, 10, white car, 91.28, 515.28, 114.37, 526.69, 102.82, 520.98, 91.28, 520.98, 114.37, 520.98, 23.10, 11.41
0.83, 1, white car, 232.55, 520.61, 262.24, 533.73, 247.40, 527.17, 232.55, 527.17, 262.24, 527.17, 29.69, 13.12
0.83, 4, white car, 1004.05, 530.17, 1032.20, 543.00, 1018.13, 536.58, 1004.05, 536.58, 1032.20, 536.58, 28.16, 12.83
0.83, 10, white car, 88.70, 515.15, 111.93, 526.62, 100.32, 520.88, 88.70, 520.88, 111.93, 520.88, 23.23, 11.47
0.87, 1, white car, 229.96, 520.33, 260.00, 533.61, 244.98, 526.97, 229.96, 526.97, 260.00, 526.97, 30.04, 13.27
0.87, 4, white car, 1001.52, 530.24, 1029.54, 542.98, 1015.53, 536.61, 1001.52, 536.61, 1029.54, 536.61, 28.01, 12.74
0.87, 10, white car, 87.12, 515.14, 110.23, 526.48, 98.67, 520.81, 87.12, 520.81, 110.23, 520.81, 23.11, 11.34
0.90, 1, white car, 227.84, 520.16, 257.90, 533.44, 242.87, 526.80, 227.84, 526.80, 257.90, 526.80, 30.05, 13.28
0.90, 4, white car, 998.74, 530.24, 1027.04, 543.09, 1012.89, 536.66, 998.74, 536.66, 1027.04, 536.66, 28.30, 12.85
0.90, 10, white car, 84.56, 515.08, 107.50, 526.35, 96.03, 520.72, 84.56, 520.72, 107.50, 520.72, 22.94, 11.27
0.93, 1, white car, 225.38, 520.13, 255.13, 533.28, 240.26, 526.71, 225.38, 526.71, 255.13, 526.71, 29.75, 13.16
0.93, 4, white car, 996.47, 530.33, 1024.55, 543.05, 1010.51, 536.69, 996.47, 536.69, 1024.55, 536.69, 28.09, 12.73
0.93, 10, white car, 81.60, 514.90, 105.08, 526.46, 93.34, 520.68, 81.60, 520.68, 105.08, 520.68, 23.48, 11.56
0.97, 1, white car, 222.74, 519.82, 253.05, 533.23, 237.89, 526.52, 222.74, 526.52, 253.05, 526.52, 30.31, 13.41
0.97, 4, white car, 993.14, 530.27, 1021.58, 543.17, 1007.36, 536.72, 993.14, 536.72, 1021.58, 536.72, 28.44, 12.90
0.97, 10, white car, 78.91, 514.79, 102.79, 526.58, 90.85, 520.69, 78.91, 520.69, 102.79, 520.69, 23.88, 11.79
1.00, 1, white car, 220.51, 519.69, 251.21, 533.27, 235.86, 526.48, 220.51, 526.48, 251.21, 526.48, 30.69, 13.59
1.00, 4, white car, 990.49, 530.26, 1019.08, 543.20, 1004.78, 536.73, 990.49, 536.73, 1019.08, 536.73, 28.59, 12.94
1.00, 10, white car, 76.47, 514.64, 100.83, 526.69, 88.65, 520.66, 76.47, 520.66, 100.83, 520.66, 24.36, 12.05
1.03, 1, white car, 217.99, 519.58, 249.01, 533.33, 233.50, 526.45, 217.99, 526.45, 249.01, 526.45, 31.02, 13.75
1.03, 4, white car, 987.90, 530.32, 1016.42, 543.21, 1002.16, 536.76, 987.90, 536.76, 1016.42, 536.76, 28.52, 12.89
1.03, 10, white car, 74.21, 514.51, 98.71, 526.62, 86.46, 520.56, 74.21, 520.56, 98.71, 520.56, 24.49, 12.12
1.07, 1, white car, 215.65, 519.54, 246.95, 533.45, 231.30, 526.50, 215.65, 526.50, 246.95, 526.50, 31.30, 13.91
1.07, 4, white car, 985.32, 530.46, 1013.75, 543.29, 999.53, 536.88, 985.32, 536.88, 1013.75, 536.88, 28.43, 12.83
1.07, 10, white car, 72.23, 514.39, 96.52, 526.37, 84.38, 520.38, 72.23, 520.38, 96.52, 520.38, 24.29, 11.98
1.10, 1, white car, 213.85, 519.45, 245.06, 533.36, 229.46, 526.41, 213.85, 526.41, 245.06, 526.41, 31.21, 13.90
1.10, 4, white car, 982.65, 530.63, 1011.00, 543.40, 996.83, 537.01, 982.65, 537.01, 1011.00, 537.01, 28.35, 12.77
1.10, 10, white car, 70.06, 514.15, 94.85, 526.39, 82.46, 520.27, 70.06, 520.27, 94.85, 520.27, 24.79, 12.23
1.13, 1, white car, 212.03, 519.32, 242.96, 533.11, 227.49, 526.21, 212.03, 526.21, 242.96, 526.21, 30.93, 13.79
1.13, 4, white car, 979.69, 530.74, 1008.11, 543.56, 993.90, 537.15, 979.69, 537.15, 1008.11, 537.15, 28.42, 12.82
1.13, 10, white car, 67.27, 513.91, 92.33, 526.30, 79.80, 520.11, 67.27, 520.11, 92.33, 520.11, 25.06, 12.39
1.17, 1, white car, 210.20, 519.28, 240.48, 532.75, 225.34, 526.02, 210.20, 526.02, 240.48, 526.02, 30.28, 13.47
1.17, 4, white car, 977.10, 530.97, 1005.29, 543.67, 991.19, 537.32, 977.10, 537.32, 1005.29, 537.32, 28.19, 12.70
1.17, 10, white car, 65.07, 513.86, 90.16, 526.25, 77.61, 520.05, 65.07, 520.05, 90.16, 520.05, 25.08, 12.38
1.20, 1, white car, 208.16, 519.41, 237.72, 532.52, 222.94, 525.96, 208.16, 525.96, 237.72, 525.96, 29.57, 13.11
1.20, 4, white car, 974.19, 531.00, 1002.24, 543.63, 988.21, 537.31, 974.19, 537.31, 1002.24, 537.31, 28.06, 12.63
1.20, 10, white car, 62.66, 513.81, 87.69, 526.19, 75.17, 520.00, 62.66, 520.00, 87.69, 520.00, 25.03, 12.38
1.23, 1, white car, 205.39, 519.23, 235.28, 532.47, 220.34, 525.85, 205.39, 525.85, 235.28, 525.85, 29.89, 13.24
1.23, 4, white car, 971.45, 531.23, 999.69, 543.92, 985.57, 537.57, 971.45, 537.57, 999.69, 537.57, 28.24, 12.69
1.23, 10, white car, 60.15, 513.63, 85.14, 525.99, 72.64, 519.81, 60.15, 519.81, 85.14, 519.81, 24.99, 12.36
1.27, 1, white car, 203.01, 519.12, 233.12, 532.44, 218.07, 525.78, 203.01, 525.78, 233.12, 525.78, 30.12, 13.33
1.27, 4, white car, 968.78, 531.38, 997.17, 544.10, 982.98, 537.74, 968.78, 537.74, 997.17, 537.74, 28.39, 12.72
1.27, 10, white car, 58.20, 513.63, 83.11, 525.92, 70.65, 519.78, 58.20, 519.78, 83.11, 519.78, 24.91, 12.29
1.30, 1, white car, 200.73, 519.00, 230.68, 532.21, 215.70, 525.60, 200.73, 525.60, 230.68, 525.60, 29.94, 13.21
1.30, 4, white car, 966.02, 531.19, 994.80, 544.10, 980.41, 537.64, 966.02, 537.64, 994.80, 537.64, 28.79, 12.91
1.30, 10, white car, 55.78, 513.38, 81.06, 525.83, 68.42, 519.61, 55.78, 519.61, 81.06, 519.61, 25.28, 12.45
1.33, 1, white car, 198.80, 519.04, 228.52, 532.10, 213.66, 525.57, 198.80, 525.57, 228.52, 525.57, 29.73, 13.06
1.33, 4, white car, 963.66, 531.44, 991.87, 544.06, 977.77, 537.75, 963.66, 537.75, 991.87, 537.75, 28.21, 12.62
1.33, 10, white car, 53.10, 513.37, 78.60, 525.94, 65.85, 519.66, 53.10, 519.66, 78.60, 519.66, 25.50, 12.57
1.37, 1, white car, 196.44, 518.96, 226.31, 532.05, 211.38, 525.51, 196.44, 525.51, 226.31, 525.51, 29.87, 13.10
1.37, 4, white car, 960.73, 531.59, 989.25, 544.32, 974.99, 537.95, 960.73, 537.95, 989.25, 537.95, 28.52, 12.73
1.37, 10, white car, 50.77, 513.32, 76.17, 525.81, 63.47, 519.56, 50.77, 519.56, 76.17, 519.56, 25.40, 12.49
1.40, 1, white car, 194.30, 518.80, 224.04, 531.82, 209.17, 525.31, 194.30, 525.31, 224.04, 525.31, 29.74, 13.02
1.40, 4, white car, 958.07, 531.75, 986.49, 544.42, 972.28, 538.09, 958.07, 538.09, 986.49, 538.09, 28.42, 12.68
1.40, 10, white car, 48.36, 513.14, 73.67, 525.59, 61.01, 519.37, 48.36, 519.37, 73.67, 519.37, 25.31, 12.45
1.43, 1, white car, 192.17, 518.93, 221.56, 531.77, 206.86, 525.35, 192.17, 525.35, 221.56, 525.35, 29.39, 12.84
1.43, 4, white car, 955.22, 531.71, 983.96, 544.51, 969.59, 538.11, 955.22, 538.11, 983.96, 538.11, 28.74, 12.80
1.43, 10, white car, 46.08, 513.12, 71.00, 525.38, 58.54, 519.25, 46.08, 519.25, 71.00, 519.25, 24.92, 12.26
1.47, 1, white car, 189.84, 518.89, 219.43, 531.79, 204.64, 525.34, 189.84, 525.34, 219.43, 525.34, 29.58, 12.90
1.47, 4, white car, 952.37, 531.51, 981.74, 544.60, 967.06, 538.06, 952.37, 538.06, 981.74, 538.06, 29.37, 13.09
1.47, 10, white car, 44.05, 513.09, 68.73, 525.21, 56.39, 519.15, 44.05, 519.15, 68.73, 519.15, 24.68, 12.12
1.50, 1, white car, 187.56, 518.77, 217.62, 531.86, 202.59, 525.31, 187.56, 525.31, 217.62, 525.31, 30.05, 13.09
1.50, 4, white car, 949.54, 531.54, 978.90, 544.63, 964.22, 538.08, 949.54, 538.08, 978.90, 538.08, 29.36, 13.09
1.50, 10, white car, 41.64, 512.94, 66.66, 525.24, 54.15, 519.09, 41.64, 519.09, 66.66, 519.09, 25.03, 12.30
1.53, 1, white car, 185.25, 518.76, 215.30, 531.81, 200.28, 525.28, 185.25, 525.28, 215.30, 525.28, 30.05, 13.05
1.53, 4, white car, 947.03, 531.68, 976.09, 544.63, 961.56, 538.15, 947.03, 538.15, 976.09, 538.15, 29.06, 12.95
1.53, 10, white car, 39.25, 512.93, 64.26, 525.25, 51.75, 519.09, 39.25, 519.09, 64.26, 519.09, 25.01, 12.32
1.57, 1, white car, 183.04, 518.56, 213.12, 531.62, 198.08, 525.09, 183.04, 525.09, 213.12, 525.09, 30.08, 13.05
1.57, 4, white car, 944.24, 531.82, 972.89, 544.59, 958.57, 538.20, 944.24, 538.20, 972.89, 538.20, 28.65, 12.77
1.57, 10, white car, 37.05, 512.85, 62.05, 525.16, 49.55, 519.01, 37.05, 519.01, 62.05, 519.01, 25.00, 12.30
1.60, 1, white car, 180.59, 518.41, 210.59, 531.41, 195.59, 524.91, 180.59, 524.91, 210.59, 524.91, 30.01, 13.00
1.60, 4, white car, 941.71, 532.02, 970.12, 544.67, 955.91, 538.35, 941.71, 538.35, 970.12, 538.35, 28.41, 12.65
1.60, 10, white car, 34.31, 512.78, 59.11, 524.98, 46.71, 518.88, 34.31, 518.88, 59.11, 518.88, 24.80, 12.20
1.63, 1, white car, 178.21, 518.39, 207.99, 531.29, 193.10, 524.84, 178.21, 524.84, 207.99, 524.84, 29.78, 12.90
1.63, 4, white car, 938.81, 532.07, 967.44, 544.82, 953.13, 538.44, 938.81, 538.44, 967.44, 538.44, 28.63, 12.75
1.63, 10, white car, 31.85, 512.65, 56.44, 524.72, 44.14, 518.68, 31.85, 518.68, 56.44, 518.68, 24.59, 12.08
1.67, 1, white car, 176.05, 518.30, 205.78, 531.16, 190.91, 524.73, 176.05, 524.73, 205.78, 524.73, 29.73, 12.86
1.67, 4, white car, 936.40, 532.11, 964.92, 544.81, 950.66, 538.46, 936.40, 538.46, 964.92, 538.46, 28.52, 12.71
1.67, 10, white car, 29.83, 512.43, 54.34, 524.47, 42.09, 518.45, 29.83, 518.45, 54.34, 518.45, 24.51, 12.04
1.70, 1, white car, 173.77, 518.08, 203.64, 530.99, 188.70, 524.53, 173.77, 524.53, 203.64, 524.53, 29.87, 12.91
1.70, 4, white car, 933.40, 532.04, 962.30, 544.95, 947.85, 538.50, 933.40, 538.50, 962.30, 538.50, 28.90, 12.92
1.70, 10, white car, 27.35, 512.16, 52.18, 524.37, 39.77, 518.26, 27.35, 518.26, 52.18, 518.26, 24.82, 12.21
1.73, 1, white car, 171.60, 517.90, 201.70, 530.90, 186.65, 524.40, 171.60, 524.40, 201.70, 524.40, 30.09, 12.99
1.73, 4, white car, 930.67, 532.01, 959.57, 544.97, 945.12, 538.49, 930.67, 538.49, 959.57, 538.49, 28.90, 12.96
1.73, 10, white car, 25.12, 512.16, 49.67, 524.22, 37.39, 518.19, 25.12, 518.19, 49.67, 518.19, 24.54, 12.06
1.77, 1, white car, 169.26, 517.80, 199.86, 531.02, 184.56, 524.41, 169.26, 524.41, 199.86, 524.41, 30.60, 13.22
1.77, 4, white car, 927.92, 532.13, 957.20, 545.30, 942.56, 538.72, 927.92, 538.72, 957.20, 538.72, 29.28, 13.17
1.77, 10, white car, 22.96, 512.10, 47.25, 524.00, 35.11, 518.05, 22.96, 518.05, 47.25, 518.05, 24.28, 11.90
1.80, 1, white car, 166.67, 517.71, 197.29, 530.95, 181.98, 524.33, 166.67, 524.33, 197.29, 524.33, 30.62, 13.23
1.80, 4, white car, 924.77, 532.26, 954.54, 545.71, 939.66, 538.98, 924.77, 538.98, 954.54, 538.98, 29.77, 13.45
1.80, 10, white car, 20.34, 512.20, 44.45, 524.00, 32.39, 518.10, 20.34, 518.10, 44.45, 518.10, 24.11, 11.80
1.83, 1, white car, 164.57, 517.64, 194.90, 530.74, 179.74, 524.19, 164.57, 524.19, 194.90, 524.19, 30.32, 13.09
1.83, 4, white car, 921.86, 532.21, 951.91, 545.81, 936.89, 539.01, 921.86, 539.01, 951.91, 539.01, 30.05, 13.61
1.83, 10, white car, 18.27, 512.31, 41.58, 523.65, 29.92, 517.98, 18.27, 517.98, 41.58, 517.98, 23.31, 11.35
1.87, 1, white car, 162.41, 517.56, 192.71, 530.64, 177.56, 524.10, 162.41, 524.10, 192.71, 524.10, 30.30, 13.08
1.87, 4, white car, 919.14, 532.15, 949.41, 545.87, 934.28, 539.01, 919.14, 539.01, 949.41, 539.01, 30.27, 13.72
1.87, 10, white car, 15.86, 512.23, 39.19, 523.55, 27.52, 517.89, 15.86, 517.89, 39.19, 517.89, 23.33, 11.32
1.90, 1, white car, 159.79, 517.43, 190.40, 530.66, 175.10, 524.05, 159.79, 524.05, 190.40, 524.05, 30.61, 13.23
1.90, 4, white car, 916.56, 532.20, 946.68, 545.87, 931.62, 539.04, 916.56, 539.04, 946.68, 539.04, 30.12, 13.67
1.90, 10, white car, 13.44, 512.14, 37.19, 523.63, 25.32, 517.88, 13.44, 517.88, 37.19, 517.88, 23.75, 11.49
1.93, 1, white car, 157.34, 517.14, 188.76, 530.77, 173.05, 523.95, 157.34, 523.95, 188.76, 523.95, 31.42, 13.63
1.93, 4, white car, 913.97, 532.25, 944.00, 545.93, 928.98, 539.09, 913.97, 539.09, 944.00, 539.09, 30.03, 13.68
1.93, 10, white car, 11.22, 512.09, 35.08, 523.63, 23.15, 517.86, 11.22, 517.86, 35.08, 517.86, 23.86, 11.53
1.97, 1, white car, 155.05, 516.81, 187.02, 530.73, 171.04, 523.77, 155.05, 523.77, 187.02, 523.77, 31.97, 13.92
1.97, 4, white car, 911.45, 532.44, 941.05, 545.92, 926.25, 539.18, 911.45, 539.18, 941.05, 539.18, 29.60, 13.47
1.97, 10, white car, 9.09, 511.87, 33.05, 523.43, 21.07, 517.65, 9.09, 517.65, 33.05, 517.65, 23.97, 11.56
2.00, 1, white car, 153.15, 516.87, 184.51, 530.56, 168.83, 523.71, 153.15, 523.71, 184.51, 523.71, 31.36, 13.69
2.00, 4, white car, 908.95, 532.42, 938.49, 545.87, 923.72, 539.15, 908.95, 539.15, 938.49, 539.15, 29.54, 13.45
2.00, 10, white car, 6.92, 511.72, 30.60, 523.11, 18.76, 517.42, 6.92, 517.42, 30.60, 517.42, 23.67, 11.39
2.03, 1, white car, 151.09, 516.78, 182.22, 530.41, 166.65, 523.60, 151.09, 523.60, 182.22, 523.60, 31.13, 13.63
2.03, 4, white car, 906.19, 532.34, 935.91, 545.89, 921.05, 539.12, 906.19, 539.12, 935.91, 539.12, 29.72, 13.55
2.03, 10, white car, 4.31, 511.63, 27.79, 522.87, 16.05, 517.25, 4.31, 517.25, 27.79, 517.25, 23.48, 11.24
2.07, 1, white car, 148.90, 516.76, 179.80, 530.29, 164.35, 523.53, 148.90, 523.53, 179.80, 523.53, 30.90, 13.53
2.07, 4, white car, 903.31, 532.34, 933.13, 545.94, 918.22, 539.14, 903.31, 539.14, 933.13, 539.14, 29.82, 13.60
2.07, 10, white car, 1.74, 511.35, 25.52, 522.70, 13.63, 517.03, 1.74, 517.03, 25.52, 517.03, 23.77, 11.36
2.10, 1, white car, 146.54, 516.63, 177.45, 530.17, 161.99, 523.40, 146.54, 523.40, 177.45, 523.40, 30.91, 13.54
2.10, 4, white car, 900.66, 532.34, 930.73, 546.07, 915.70, 539.21, 900.66, 539.21, 930.73, 539.21, 30.07, 13.73
2.10, 10, white car, 0.00, 511.27, 23.87, 522.88, 11.94, 517.07, 0.00, 517.07, 23.87, 517.07, 23.87, 11.61
2.13, 1, white car, 144.46, 516.46, 175.23, 529.96, 159.85, 523.21, 144.46, 523.21, 175.23, 523.21, 30.77, 13.50
2.13, 4, white car, 898.08, 532.42, 927.93, 546.03, 913.01, 539.22, 898.08, 539.22, 927.93, 539.22, 29.85, 13.60
2.13, 10, white car, 0.00, 511.08, 22.67, 523.09, 11.33, 517.09, 0.00, 517.09, 22.67, 517.09, 22.67, 12.01
2.17, 1, white car, 142.26, 516.45, 172.86, 529.88, 157.56, 523.17, 142.26, 523.17, 172.86, 523.17, 30.60, 13.44
2.17, 4, white car, 895.22, 532.47, 925.52, 546.32, 910.37, 539.39, 895.22, 539.39, 925.52, 539.39, 30.30, 13.85
2.20, 1, white car, 140.05, 516.36, 170.07, 529.55, 155.06, 522.96, 140.05, 522.96, 170.07, 522.96, 30.02, 13.20
2.20, 4, white car, 892.48, 532.39, 922.95, 546.36, 907.71, 539.37, 892.48, 539.37, 922.95, 539.37, 30.47, 13.97
2.23, 1, white car, 138.13, 516.23, 167.80, 529.29, 152.96, 522.76, 138.13, 522.76, 167.80, 522.76, 29.67, 13.06
2.27, 1, white car, 136.05, 516.26, 165.59, 529.24, 150.82, 522.75, 136.05, 522.75, 165.59, 522.75, 29.54, 12.98
2.30, 1, white car, 133.28, 515.99, 163.24, 529.15, 148.26, 522.57, 133.28, 522.57, 163.24, 522.57, 29.97, 13.17
2.33, 1, white car, 131.21, 515.97, 161.16, 529.12, 146.19, 522.54, 131.21, 522.54, 161.16, 522.54, 29.95, 13.15
2.37, 1, white car, 129.71, 515.87, 158.97, 528.71, 144.34, 522.29, 129.71, 522.29, 158.97, 522.29, 29.26, 12.85
2.40, 1, white car, 127.54, 515.74, 156.82, 528.60, 142.18, 522.17, 127.54, 522.17, 156.82, 522.17, 29.28, 12.85
2.40, 4, white car, 876.01, 532.41, 907.13, 546.74, 891.57, 539.57, 876.01, 539.57, 907.13, 539.57, 31.12, 14.34
2.43, 1, white car, 125.03, 515.71, 154.12, 528.49, 139.57, 522.10, 125.03, 522.10, 154.12, 522.10, 29.09, 12.78
2.47, 1, white car, 122.81, 515.57, 151.70, 528.26, 137.25, 521.92, 122.81, 521.92, 151.70, 521.92, 28.89, 12.69
2.47, 4, white car, 871.36, 532.47, 901.72, 546.50, 886.54, 539.49, 871.36, 539.49, 901.72, 539.49, 30.36, 14.03
2.50, 1, white car, 119.98, 515.09, 149.19, 527.92, 134.58, 521.50, 119.98, 521.50, 149.19, 521.50, 29.21, 12.83
2.53, 1, white car, 117.93, 515.06, 147.28, 527.97, 132.60, 521.51, 117.93, 521.51, 147.28, 521.51, 29.35, 12.91
2.57, 1, white car, 116.00, 514.89, 145.09, 527.71, 130.55, 521.30, 116.00, 521.30, 145.09, 521.30, 29.08, 12.82
2.60, 1, white car, 113.66, 514.71, 142.84, 527.55, 128.25, 521.13, 113.66, 521.13, 142.84, 521.13, 29.17, 12.84
2.63, 1, white car, 111.15, 514.84, 140.18, 527.60, 125.67, 521.22, 111.15, 521.22, 140.18, 521.22, 29.03, 12.76
2.67, 1, white car, 109.03, 514.88, 138.16, 527.67, 123.59, 521.27, 109.03, 521.27, 138.16, 521.27, 29.13, 12.79
2.70, 1, white car, 105.94, 514.69, 135.65, 527.72, 120.79, 521.21, 105.94, 521.21, 135.65, 521.21, 29.71, 13.03
2.73, 1, white car, 103.67, 514.53, 133.56, 527.63, 118.62, 521.08, 103.67, 521.08, 133.56, 521.08, 29.89, 13.09
2.77, 1, white car, 101.78, 514.37, 130.98, 527.13, 116.38, 520.75, 101.78, 520.75, 130.98, 520.75, 29.21, 12.76
2.80, 1, white car, 99.75, 514.24, 128.42, 526.73, 114.08, 520.49, 99.75, 520.49, 128.42, 520.49, 28.67, 12.49
2.83, 1, white car, 97.86, 514.32, 126.01, 526.55, 111.93, 520.43, 97.86, 520.43, 126.01, 520.43, 28.15, 12.23
2.87, 1, white car, 96.03, 514.35, 124.20, 526.54, 110.11, 520.44, 96.03, 520.44, 124.20, 520.44, 28.17, 12.19
2.90, 1, white car, 93.18, 513.91, 122.02, 526.35, 107.60, 520.13, 93.18, 520.13, 122.02, 520.13, 28.84, 12.44
2.93, 1, white car, 90.48, 513.57, 119.75, 526.19, 105.11, 519.88, 90.48, 519.88, 119.75, 519.88, 29.28, 12.63
2.97, 1, white car, 88.17, 513.45, 117.56, 526.14, 102.86, 519.79, 88.17, 519.79, 117.56, 519.79, 29.39, 12.69
3.00, 1, white car, 85.69, 513.36, 115.30, 526.13, 100.50, 519.74, 85.69, 519.74, 115.30, 519.74, 29.61, 12.77
3.03, 1, white car, 83.38, 513.32, 113.18, 526.17, 98.28, 519.75, 83.38, 519.75, 113.18, 519.75, 29.80, 12.86
3.07, 1, white car, 81.29, 513.08, 111.37, 526.04, 96.33, 519.56, 81.29, 519.56, 111.37, 519.56, 30.08, 12.96
3.10, 1, white car, 78.85, 512.85, 109.34, 525.94, 94.10, 519.39, 78.85, 519.39, 109.34, 519.39, 30.49, 13.09
3.13, 1, white car, 76.31, 512.79, 106.77, 525.89, 91.54, 519.34, 76.31, 519.34, 106.77, 519.34, 30.46, 13.10
3.17, 1, white car, 73.92, 512.79, 104.30, 525.88, 89.11, 519.34, 73.92, 519.34, 104.30, 519.34, 30.38, 13.09
3.20, 1, white car, 71.47, 512.70, 101.89, 525.84, 86.68, 519.27, 71.47, 519.27, 101.89, 519.27, 30.43, 13.14
3.23, 1, white car, 69.18, 512.66, 99.35, 525.71, 84.27, 519.18, 69.18, 519.18, 99.35, 519.18, 30.17, 13.05
3.23, 4, white car, 810.19, 533.47, 840.48, 547.58, 825.34, 540.53, 810.19, 540.53, 840.48, 540.53, 30.29, 14.11
3.27, 1, white car, 66.93, 512.57, 96.80, 525.51, 81.87, 519.04, 66.93, 519.04, 96.80, 519.04, 29.88, 12.94
3.30, 1, white car, 64.81, 512.44, 94.76, 525.40, 79.79, 518.92, 64.81, 518.92, 94.76, 518.92, 29.96, 12.96
3.33, 1, white car, 62.76, 512.41, 92.57, 525.31, 77.66, 518.86, 62.76, 518.86, 92.57, 518.86, 29.81, 12.90
3.37, 1, white car, 60.36, 512.38, 90.12, 525.27, 75.24, 518.82, 60.36, 518.82, 90.12, 518.82, 29.76, 12.88
3.40, 1, white car, 58.41, 512.39, 87.97, 525.15, 73.19, 518.77, 58.41, 518.77, 87.97, 518.77, 29.56, 12.76
3.43, 1, white car, 56.20, 512.35, 85.68, 525.05, 70.94, 518.70, 56.20, 518.70, 85.68, 518.70, 29.48, 12.70
3.43, 4, white car, 794.48, 533.93, 824.46, 547.77, 809.47, 540.85, 794.48, 540.85, 824.46, 540.85, 29.98, 13.84
3.47, 1, white car, 53.63, 512.26, 83.33, 525.04, 68.48, 518.65, 53.63, 518.65, 83.33, 518.65, 29.70, 12.78
3.47, 4, white car, 791.88, 534.29, 821.26, 547.78, 806.57, 541.03, 791.88, 541.03, 821.26, 541.03, 29.38, 13.50
3.50, 1, white car, 51.15, 512.05, 81.17, 524.95, 66.16, 518.50, 51.15, 518.50, 81.17, 518.50, 30.02, 12.90
3.50, 4, white car, 789.12, 534.12, 818.77, 547.73, 803.94, 540.92, 789.12, 540.92, 818.77, 540.92, 29.64, 13.62
3.53, 1, white car, 48.81, 511.86, 79.12, 524.89, 63.96, 518.37, 48.81, 518.37, 79.12, 518.37, 30.30, 13.04
3.53, 4, white car, 786.62, 534.34, 815.85, 547.70, 801.23, 541.02, 786.62, 541.02, 815.85, 541.02, 29.23, 13.37
3.57, 1, white car, 46.53, 511.73, 76.82, 524.76, 61.68, 518.25, 46.53, 518.25, 76.82, 518.25, 30.29, 13.03
3.57, 4, white car, 783.90, 534.46, 813.08, 547.77, 798.49, 541.11, 783.90, 541.11, 813.08, 541.11, 29.18, 13.31
3.60, 1, white car, 44.54, 511.76, 74.54, 524.67, 59.54, 518.22, 44.54, 518.22, 74.54, 518.22, 30.00, 12.91
3.60, 4, white car, 781.19, 534.16, 811.13, 547.84, 796.16, 541.00, 781.19, 541.00, 811.13, 541.00, 29.94, 13.67
3.63, 1, white car, 42.34, 511.82, 72.13, 524.62, 57.24, 518.22, 42.34, 518.22, 72.13, 518.22, 29.79, 12.80
3.63, 4, white car, 778.57, 534.24, 808.40, 547.86, 793.48, 541.05, 778.57, 541.05, 808.40, 541.05, 29.83, 13.62
3.67, 1, white car, 40.03, 511.80, 69.66, 524.51, 54.85, 518.15, 40.03, 518.15, 69.66, 518.15, 29.63, 12.71
3.67, 4, white car, 776.02, 534.44, 805.09, 547.72, 790.56, 541.08, 776.02, 541.08, 805.09, 541.08, 29.08, 13.28
3.70, 1, white car, 37.45, 511.35, 67.46, 524.23, 52.45, 517.79, 37.45, 517.79, 67.46, 517.79, 30.01, 12.87
3.73, 1, white car, 35.10, 511.25, 65.71, 524.39, 50.41, 517.82, 35.10, 517.82, 65.71, 517.82, 30.61, 13.15
3.73, 4, white car, 770.97, 534.67, 799.47, 547.66, 785.22, 541.16, 770.97, 541.16, 799.47, 541.16, 28.50, 12.99
3.77, 1, white car, 33.00, 511.16, 63.55, 524.29, 48.28, 517.72, 33.00, 517.72, 63.55, 517.72, 30.54, 13.13
3.77, 4, white car, 767.87, 534.33, 797.45, 547.80, 782.66, 541.06, 767.87, 541.06, 797.45, 541.06, 29.58, 13.47
3.80, 1, white car, 30.84, 510.88, 61.47, 524.07, 46.15, 517.47, 30.84, 517.47, 61.47, 517.47, 30.63, 13.19
3.80, 4, white car, 764.89, 534.11, 795.14, 547.93, 780.02, 541.02, 764.89, 541.02, 795.14, 541.02, 30.25, 13.82
3.83, 1, white car, 28.56, 510.88, 58.91, 523.96, 43.73, 517.42, 28.56, 517.42, 58.91, 517.42, 30.35, 13.08
3.83, 4, white car, 762.49, 534.32, 792.22, 547.90, 777.36, 541.11, 762.49, 541.11, 792.22, 541.11, 29.73, 13.58
3.87, 1, white car, 26.44, 510.77, 56.54, 523.74, 41.49, 517.26, 26.44, 517.26, 56.54, 517.26, 30.10, 12.97
3.87, 4, white car, 760.12, 534.29, 789.57, 547.76, 774.84, 541.02, 760.12, 541.02, 789.57, 541.02, 29.46, 13.48
3.90, 1, white car, 23.92, 510.51, 54.11, 523.54, 39.02, 517.03, 23.92, 517.03, 54.11, 517.03, 30.19, 13.02
3.90, 4, white car, 758.03, 534.55, 786.74, 547.66, 772.38, 541.11, 758.03, 541.11, 786.74, 541.11, 28.71, 13.11
3.93, 1, white car, 21.34, 510.45, 52.00, 523.72, 36.67, 517.08, 21.34, 517.08, 52.00, 517.08, 30.66, 13.27
3.93, 4, white car, 755.12, 534.67, 783.78, 547.75, 769.45, 541.21, 755.12, 541.21, 783.78, 541.21, 28.67, 13.08
3.97, 1, white car, 19.20, 510.28, 49.87, 523.57, 34.54, 516.92, 19.20, 516.92, 49.87, 516.92, 30.66, 13.29
3.97, 4, white car, 752.56, 534.79, 781.07, 547.77, 766.81, 541.28, 752.56, 541.28, 781.07, 541.28, 28.50, 12.98
4.00, 1, white car, 16.85, 510.20, 47.16, 523.36, 32.01, 516.78, 16.85, 516.78, 47.16, 516.78, 30.30, 13.15
4.03, 1, white car, 14.89, 510.24, 44.97, 523.31, 29.93, 516.78, 14.89, 516.78, 44.97, 516.78, 30.09, 13.07
4.03, 4, white car, 747.44, 534.87, 775.59, 547.66, 761.52, 541.27, 747.44, 541.27, 775.59, 541.27, 28.15, 12.79
4.07, 1, white car, 12.88, 510.17, 42.65, 523.11, 27.77, 516.64, 12.88, 516.64, 42.65, 516.64, 29.77, 12.94
4.07, 4, white car, 745.08, 534.97, 773.11, 547.64, 759.09, 541.31, 745.08, 541.31, 773.11, 541.31, 28.02, 12.68
4.10, 1, white car, 10.61, 510.26, 40.20, 523.13, 25.40, 516.69, 10.61, 516.69, 40.20, 516.69, 29.59, 12.87
4.10, 4, white car, 742.35, 535.00, 770.44, 547.65, 756.40, 541.33, 742.35, 541.33, 770.44, 541.33, 28.08, 12.65
4.13, 1, white car, 8.10, 510.26, 37.85, 523.22, 22.97, 516.74, 8.10, 516.74, 37.85, 516.74, 29.75, 12.96
4.13, 4, white car, 739.19, 534.81, 768.09, 547.81, 753.64, 541.31, 739.19, 541.31, 768.09, 541.31, 28.90, 13.00
4.17, 1, white car, 5.98, 510.14, 35.42, 522.96, 20.70, 516.55, 5.98, 516.55, 35.42, 516.55, 29.44, 12.82
4.17, 4, white car, 736.35, 534.76, 765.59, 547.89, 750.97, 541.33, 736.35, 541.33, 765.59, 541.33, 29.23, 13.12
4.20, 1, white car, 3.42, 510.08, 32.91, 522.89, 18.17, 516.49, 3.42, 516.49, 32.91, 516.49, 29.49, 12.80
4.20, 4, white car, 733.39, 534.70, 762.85, 547.93, 748.12, 541.31, 733.39, 541.31, 762.85, 541.31, 29.45, 13.23
4.23, 1, white car, 1.49, 509.95, 30.73, 522.62, 16.11, 516.28, 1.49, 516.28, 30.73, 516.28, 29.23, 12.67
4.23, 4, white car, 731.00, 534.63, 760.32, 547.80, 745.66, 541.21, 731.00, 541.21, 760.32, 541.21, 29.32, 13.17
4.27, 1, white car, 0.00, 509.68, 28.87, 522.46, 14.43, 516.07, 0.00, 516.07, 28.87, 516.07, 28.87, 12.79
4.27, 4, white car, 728.29, 534.58, 757.67, 547.78, 742.98, 541.18, 728.29, 541.18, 757.67, 541.18, 29.38, 13.20
4.30, 1, white car, 0.00, 509.49, 27.38, 522.19, 13.69, 515.84, 0.00, 515.84, 27.38, 515.84, 27.38, 12.69
4.30, 4, white car, 725.41, 534.48, 755.50, 548.02, 740.45, 541.25, 725.41, 541.25, 755.50, 541.25, 30.09, 13.54
4.33, 1, white car, 0.00, 509.37, 25.93, 522.08, 12.96, 515.72, 0.00, 515.72, 25.93, 515.72, 25.93, 12.71
4.33, 4, white car, 723.16, 534.59, 752.65, 547.84, 737.90, 541.22, 723.16, 541.22, 752.65, 541.22, 29.49, 13.25
4.37, 1, white car, 0.00, 509.62, 24.49, 522.22, 12.25, 515.92, 0.00, 515.92, 24.49, 515.92, 24.49, 12.60
4.37, 4, white car, 720.38, 534.77, 749.52, 547.85, 734.95, 541.31, 720.38, 541.31, 749.52, 541.31, 29.14, 13.09
4.40, 1, white car, 0.00, 509.61, 23.07, 522.18, 11.53, 515.89, 0.00, 515.89, 23.07, 515.89, 23.07, 12.57
4.40, 4, white car, 717.98, 534.86, 746.64, 547.72, 732.31, 541.29, 717.98, 541.29, 746.64, 541.29, 28.66, 12.86
4.43, 1, white car, 0.00, 509.47, 21.83, 522.12, 10.91, 515.79, 0.00, 515.79, 21.83, 515.79, 21.83, 12.65
4.43, 4, white car, 715.54, 534.97, 743.96, 547.68, 729.75, 541.32, 715.54, 541.32, 743.96, 541.32, 28.42, 12.71
4.47, 1, white car, 0.00, 508.97, 20.52, 521.91, 10.26, 515.44, 0.00, 515.44, 20.52, 515.44, 20.52, 12.94
4.47, 4, white car, 712.76, 534.93, 741.39, 547.72, 727.07, 541.32, 712.76, 541.32, 741.39, 541.32, 28.63, 12.79
4.50, 1, white car, 0.00, 508.77, 18.89, 521.61, 9.45, 515.19, 0.00, 515.19, 18.89, 515.19, 18.89, 12.84
4.50, 4, white car, 709.71, 534.80, 739.03, 547.90, 724.37, 541.35, 709.71, 541.35, 739.03, 541.35, 29.32, 13.10
4.53, 4, white car, 707.35, 534.95, 736.16, 547.82, 721.75, 541.39, 707.35, 541.39, 736.16, 541.39, 28.82, 12.87
4.57, 4, white car, 704.80, 535.00, 733.52, 547.81, 719.16, 541.41, 704.80, 541.41, 733.52, 541.41, 28.71, 12.82
4.60, 4, white car, 702.51, 535.15, 730.83, 547.76, 716.67, 541.45, 702.51, 541.45, 730.83, 541.45, 28.32, 12.61
4.63, 4, white car, 699.67, 535.11, 728.05, 547.73, 713.86, 541.42, 699.67, 541.42, 728.05, 541.42, 28.38, 12.62
4.67, 4, white car, 696.51, 534.92, 725.75, 547.92, 711.13, 541.42, 696.51, 541.42, 725.75, 541.42, 29.23, 13.00
4.70, 4, white car, 693.96, 534.84, 723.11, 547.79, 708.54, 541.32, 693.96, 541.32, 723.11, 541.32, 29.15, 12.95
4.73, 4, white car, 691.30, 534.89, 720.17, 547.70, 705.73, 541.29, 691.30, 541.29, 720.17, 541.29, 28.87, 12.81
4.77, 4, white car, 689.06, 534.92, 717.76, 547.63, 703.41, 541.28, 689.06, 541.28, 717.76, 541.28, 28.70, 12.70
4.80, 4, white car, 686.65, 534.88, 715.40, 547.59, 701.03, 541.23, 686.65, 541.23, 715.40, 541.23, 28.75, 12.71
4.83, 4, white car, 683.50, 534.67, 713.11, 547.77, 698.31, 541.22, 683.50, 541.22, 713.11, 541.22, 29.61, 13.10
4.87, 4, white car, 680.46, 534.57, 710.56, 547.88, 695.51, 541.23, 680.46, 541.23, 710.56, 541.23, 30.10, 13.31
4.90, 4, white car, 677.59, 534.45, 707.77, 547.78, 692.68, 541.12, 677.59, 541.12, 707.77, 541.12, 30.17, 13.33
4.93, 4, white car, 674.62, 534.22, 705.15, 547.73, 689.89, 540.98, 674.62, 540.98, 705.15, 540.98, 30.54, 13.51
4.97, 4, white car, 672.38, 534.26, 702.78, 547.70, 687.58, 540.98, 672.38, 540.98, 702.78, 540.98, 30.40, 13.44
5.00, 4, white car, 669.83, 534.33, 700.16, 547.78, 684.99, 541.05, 669.83, 541.05, 700.16, 541.05, 30.33, 13.45
5.03, 4, white car, 667.18, 534.28, 697.80, 547.87, 682.49, 541.08, 667.18, 541.08, 697.80, 541.08, 30.61, 13.59
5.07, 2, white car, 430.25, 519.98, 460.72, 532.53, 445.48, 526.25, 430.25, 526.25, 460.72, 526.25, 30.46, 12.54
5.07, 4, white car, 664.76, 534.50, 694.79, 547.82, 679.77, 541.16, 664.76, 541.16, 694.79, 541.16, 30.03, 13.32
5.10, 2, white car, 426.87, 519.97, 457.67, 532.66, 442.27, 526.31, 426.87, 526.31, 457.67, 526.31, 30.80, 12.69
5.10, 4, white car, 661.93, 534.41, 692.02, 547.75, 676.98, 541.08, 661.93, 541.08, 692.02, 541.08, 30.08, 13.34
5.13, 2, white car, 423.82, 519.87, 454.23, 532.37, 439.03, 526.12, 423.82, 526.12, 454.23, 526.12, 30.42, 12.51
5.13, 4, white car, 659.57, 534.49, 689.24, 547.64, 674.40, 541.06, 659.57, 541.06, 689.24, 541.06, 29.67, 13.16
5.17, 2, white car, 420.84, 519.83, 451.38, 532.41, 436.11, 526.12, 420.84, 526.12, 451.38, 526.12, 30.54, 12.57
5.17, 4, white car, 656.76, 534.41, 686.67, 547.68, 671.72, 541.05, 656.76, 541.05, 686.67, 541.05, 29.91, 13.27
5.20, 2, white car, 417.78, 519.86, 448.11, 532.34, 432.95, 526.10, 417.78, 526.10, 448.11, 526.10, 30.33, 12.48
5.20, 4, white car, 653.70, 534.07, 684.52, 547.76, 669.11, 540.92, 653.70, 540.92, 684.52, 540.92, 30.81, 13.70
5.23, 2, white car, 414.18, 519.79, 445.69, 532.82, 429.94, 526.30, 414.18, 526.30, 445.69, 526.30, 31.51, 13.03
5.23, 4, white car, 651.06, 534.04, 682.28, 547.91, 666.67, 540.98, 651.06, 540.98, 682.28, 540.98, 31.22, 13.87
5.27, 2, white car, 411.15, 519.73, 443.14, 533.00, 427.14, 526.37, 411.15, 526.37, 443.14, 526.37, 31.98, 13.27
5.27, 4, white car, 648.32, 534.07, 679.36, 547.88, 663.84, 540.97, 648.32, 540.97, 679.36, 540.97, 31.04, 13.81
5.30, 2, white car, 408.23, 519.74, 439.77, 532.86, 424.00, 526.30, 408.23, 526.30, 439.77, 526.30, 31.54, 13.13
5.30, 4, white car, 645.96, 534.09, 676.60, 547.75, 661.28, 540.92, 645.96, 540.92, 676.60, 540.92, 30.64, 13.67
5.33, 2, white car, 405.69, 519.90, 436.33, 532.62, 421.01, 526.26, 405.69, 526.26, 436.33, 526.26, 30.63, 12.72
5.33, 4, white car, 643.48, 534.18, 673.90, 547.76, 658.69, 540.97, 643.48, 540.97, 673.90, 540.97, 30.42, 13.59
5.37, 2, white car, 402.42, 519.92, 433.34, 532.77, 417.88, 526.35, 402.42, 526.35, 433.34, 526.35, 30.91, 12.85
5.37, 4, white car, 640.40, 533.91, 671.51, 547.85, 655.96, 540.88, 640.40, 540.88, 671.51, 540.88, 31.11, 13.93
5.40, 2, white car, 399.30, 519.79, 430.87, 532.95, 415.09, 526.37, 399.30, 526.37, 430.87, 526.37, 31.57, 13.16
5.40, 4, white car, 637.61, 533.64, 669.15, 547.79, 653.38, 540.72, 637.61, 540.72, 669.15, 540.72, 31.54, 14.14
5.43, 2, white car, 396.68, 519.72, 427.92, 532.75, 412.30, 526.24, 396.68, 526.24, 427.92, 526.24, 31.24, 13.03
5.47, 2, white car, 393.73, 519.69, 424.42, 532.52, 409.07, 526.11, 393.73, 526.11, 424.42, 526.11, 30.69, 12.83
5.50, 2, white car, 390.93, 519.73, 421.33, 532.44, 406.13, 526.09, 390.93, 526.09, 421.33, 526.09, 30.40, 12.71
5.53, 2, white car, 387.06, 519.67, 418.59, 532.91, 402.83, 526.29, 387.06, 526.29, 418.59, 526.29, 31.53, 13.24
5.53, 14, white car, 1343.98, 517.36, 1372.65, 530.61, 1358.31, 523.98, 1343.98, 523.98, 1372.65, 523.98, 28.67, 13.25
5.57, 2, white car, 383.57, 519.55, 416.15, 533.32, 399.86, 526.44, 383.57, 526.44, 416.15, 526.44, 32.58, 13.77
5.57, 14, white car, 1340.63, 517.56, 1369.08, 530.68, 1354.86, 524.12, 1340.63, 524.12, 1369.08, 524.12, 28.45, 13.13
5.60, 2, white car, 380.73, 519.54, 412.80, 533.14, 396.77, 526.34, 380.73, 526.34, 412.80, 526.34, 32.07, 13.60
5.60, 14, white car, 1337.69, 518.09, 1365.26, 530.78, 1351.47, 524.44, 1337.69, 524.44, 1365.26, 524.44, 27.57, 12.69
5.63, 2, white car, 378.04, 519.57, 409.62, 533.00, 393.83, 526.28, 378.04, 526.28, 409.62, 526.28, 31.58, 13.43
5.63, 14, white car, 1334.01, 517.90, 1362.30, 530.90, 1348.15, 524.40, 1334.01, 524.40, 1362.30, 524.40, 28.29, 13.00
5.67, 2, white car, 375.48, 519.75, 406.51, 532.96, 390.99, 526.35, 375.48, 526.35, 406.51, 526.35, 31.03, 13.21
5.67, 14, white car, 1331.00, 517.95, 1359.14, 530.83, 1345.07, 524.39, 1331.00, 524.39, 1359.14, 524.39, 28.13, 12.89
5.70, 2, white car, 372.28, 519.56, 404.27, 533.25, 388.27, 526.41, 372.28, 526.41, 404.27, 526.41, 31.99, 13.69
5.70, 14, white car, 1327.47, 517.96, 1355.70, 530.84, 1341.58, 524.40, 1327.47, 524.40, 1355.70, 524.40, 28.23, 12.88
5.73, 2, white car, 369.23, 519.40, 401.60, 533.29, 385.42, 526.34, 369.23, 526.34, 401.60, 526.34, 32.37, 13.89
5.73, 14, white car, 1324.33, 518.23, 1352.22, 530.93, 1338.27, 524.58, 1324.33, 524.58, 1352.22, 524.58, 27.89, 12.70
5.77, 2, white car, 366.41, 519.36, 398.13, 532.96, 382.27, 526.16, 366.41, 526.16, 398.13, 526.16, 31.72, 13.60
5.77, 14, white car, 1320.30, 518.30, 1349.06, 531.34, 1334.68, 524.82, 1320.30, 524.82, 1349.06, 524.82, 28.76, 13.04
5.80, 2, white car, 363.61, 519.36, 394.95, 532.79, 379.28, 526.07, 363.61, 526.07, 394.95, 526.07, 31.34, 13.44
5.80, 14, white car, 1316.77, 518.68, 1345.68, 531.80, 1331.22, 525.24, 1316.77, 525.24, 1345.68, 525.24, 28.91, 13.12
5.83, 2, white car, 361.02, 519.55, 391.32, 532.53, 376.17, 526.04, 361.02, 526.04, 391.32, 526.04, 30.30, 12.98
5.83, 14, white car, 1313.72, 518.86, 1342.51, 531.92, 1328.11, 525.39, 1313.72, 525.39, 1342.51, 525.39, 28.80, 13.05
5.87, 2, white car, 357.57, 519.52, 388.48, 532.80, 373.02, 526.16, 357.57, 526.16, 388.48, 526.16, 30.91, 13.28
5.87, 14, white car, 1310.31, 519.00, 1339.22, 532.10, 1324.76, 525.55, 1310.31, 525.55, 1339.22, 525.55, 28.90, 13.11
5.90, 2, white car, 354.75, 519.56, 386.00, 533.00, 370.38, 526.28, 354.75, 526.28, 386.00, 526.28, 31.26, 13.44
5.90, 14, white car, 1306.95, 519.16, 1335.87, 532.27, 1321.41, 525.72, 1306.95, 525.72, 1335.87, 525.72, 28.92, 13.11
5.93, 2, white car, 351.87, 519.55, 383.07, 533.00, 367.47, 526.28, 351.87, 526.28, 383.07, 526.28, 31.20, 13.45
5.93, 14, white car, 1303.46, 519.04, 1333.17, 532.51, 1318.32, 525.77, 1303.46, 525.77, 1333.17, 525.77, 29.71, 13.47
5.93, 4, white car, 596.33, 532.31, 628.28, 546.79, 612.31, 539.55, 596.33, 539.55, 628.28, 539.55, 31.95, 14.48
5.97, 2, white car, 349.34, 519.75, 379.65, 532.79, 364.49, 526.27, 349.34, 526.27, 379.65, 526.27, 30.31, 13.04
5.97, 14, white car, 1300.21, 519.09, 1329.74, 532.47, 1314.97, 525.78, 1300.21, 525.78, 1329.74, 525.78, 29.53, 13.39
5.97, 4, white car, 593.85, 532.28, 625.17, 546.67, 609.51, 539.48, 593.85, 539.48, 625.17, 539.48, 31.32, 14.39
6.00, 2, white car, 346.08, 519.62, 376.74, 532.82, 361.41, 526.22, 346.08, 526.22, 376.74, 526.22, 30.66, 13.20
6.00, 14, white car, 1296.78, 519.19, 1326.14, 532.52, 1311.46, 525.86, 1296.78, 525.86, 1326.14, 525.86, 29.36, 13.33
6.00, 4, white car, 591.42, 532.23, 622.14, 546.42, 606.78, 539.32, 591.42, 539.32, 622.14, 539.32, 30.72, 14.19
6.03, 2, white car, 342.91, 519.39, 374.66, 533.08, 358.79, 526.24, 342.91, 526.24, 374.66, 526.24, 31.75, 13.69
6.03, 14, white car, 1293.20, 519.18, 1322.93, 532.74, 1308.07, 525.96, 1293.20, 525.96, 1322.93, 525.96, 29.73, 13.55
6.03, 4, white car, 589.05, 532.16, 619.17, 546.10, 604.11, 539.13, 589.05, 539.13, 619.17, 539.13, 30.12, 13.94
6.07, 2, white car, 340.28, 519.38, 371.57, 532.85, 355.93, 526.12, 340.28, 526.12, 371.57, 526.12, 31.29, 13.47
6.07, 14, white car, 1289.28, 519.18, 1320.04, 533.27, 1304.66, 526.22, 1289.28, 526.22, 1320.04, 526.22, 30.76, 14.09
6.07, 4, white car, 586.31, 532.26, 616.25, 546.12, 601.28, 539.19, 586.31, 539.19, 616.25, 539.19, 29.94, 13.87
6.10, 2, white car, 337.01, 519.27, 368.28, 532.73, 352.65, 526.00, 337.01, 526.00, 368.28, 526.00, 31.27, 13.46
6.10, 14, white car, 1285.92, 519.26, 1316.98, 533.54, 1301.45, 526.40, 1285.92, 526.40, 1316.98, 526.40, 31.06, 14.28
6.10, 4, white car, 583.64, 532.27, 613.82, 546.22, 598.73, 539.25, 583.64, 539.25, 613.82, 539.25, 30.18, 13.94
6.13, 2, white car, 334.12, 519.24, 365.22, 532.62, 349.67, 525.93, 334.12, 525.93, 365.22, 525.93, 31.11, 13.38
6.13, 14, white car, 1282.85, 519.34, 1313.54, 533.46, 1298.19, 526.40, 1282.85, 526.40, 1313.54, 526.40, 30.69, 14.11
6.17, 2, white car, 331.04, 519.27, 362.50, 532.82, 346.77, 526.05, 331.04, 526.05, 362.50, 526.05, 31.46, 13.55
6.17, 14, white car, 1279.47, 519.65, 1309.53, 533.48, 1294.50, 526.57, 1279.47, 526.57, 1309.53, 526.57, 30.07, 13.83
6.20, 2, white car, 327.97, 519.23, 360.05, 533.11, 344.01, 526.17, 327.97, 526.17, 360.05, 526.17, 32.08, 13.88
6.20, 14, white car, 1275.99, 519.90, 1305.99, 533.69, 1290.99, 526.79, 1275.99, 526.79, 1305.99, 526.79, 29.99, 13.79
6.23, 2, white car, 325.27, 519.32, 356.98, 533.05, 341.13, 526.18, 325.27, 526.18, 356.98, 526.18, 31.71, 13.73
6.23, 14, white car, 1272.52, 520.15, 1301.99, 533.67, 1287.25, 526.91, 1272.52, 526.91, 1301.99, 526.91, 29.47, 13.52
6.27, 2, white car, 322.96, 519.34, 353.91, 532.73, 338.44, 526.04, 322.96, 526.04, 353.91, 526.04, 30.94, 13.39
6.27, 14, white car, 1269.39, 520.35, 1298.84, 533.84, 1284.11, 527.10, 1269.39, 527.10, 1298.84, 527.10, 29.44, 13.49
6.30, 2, white car, 320.60, 519.43, 350.77, 532.47, 335.69, 525.95, 320.60, 525.95, 350.77, 525.95, 30.18, 13.04
6.30, 14, white car, 1266.37, 520.42, 1295.77, 533.88, 1281.07, 527.15, 1266.37, 527.15, 1295.77, 527.15, 29.40, 13.46
6.30, 4, white car, 569.20, 532.30, 597.95, 545.47, 583.57, 538.88, 569.20, 538.88, 597.95, 538.88, 28.75, 13.17
6.33, 2, white car, 317.38, 519.38, 347.59, 532.44, 332.48, 525.91, 317.38, 525.91, 347.59, 525.91, 30.21, 13.06
6.33, 14, white car, 1263.01, 520.63, 1292.41, 534.09, 1277.71, 527.36, 1263.01, 527.36, 1292.41, 527.36, 29.40, 13.46
6.33, 4, white car, 566.30, 532.30, 594.96, 545.40, 580.63, 538.85, 566.30, 538.85, 594.96, 538.85, 28.67, 13.10
6.37, 2, white car, 314.49, 519.50, 344.78, 532.59, 329.64, 526.04, 314.49, 526.04, 344.78, 526.04, 30.29, 13.09
6.37, 14, white car, 1259.53, 520.68, 1289.76, 534.54, 1274.64, 527.61, 1259.53, 527.61, 1289.76, 527.61, 30.23, 13.86
6.37, 4, white car, 563.45, 532.24, 592.49, 545.48, 577.97, 538.86, 563.45, 538.86, 592.49, 538.86, 29.04, 13.24
6.40, 2, white car, 312.13, 519.42, 341.98, 532.32, 327.05, 525.87, 312.13, 525.87, 341.98, 525.87, 29.85, 12.90
6.40, 14, white car, 1255.99, 520.79, 1285.57, 534.37, 1270.78, 527.58, 1255.99, 527.58, 1285.57, 527.58, 29.58, 13.58
6.40, 4, white car, 560.92, 532.26, 589.62, 545.33, 575.27, 538.79, 560.92, 538.79, 589.62, 538.79, 28.69, 13.07
6.43, 2, white car, 309.35, 519.39, 339.04, 532.23, 324.20, 525.81, 309.35, 525.81, 339.04, 525.81, 29.69, 12.84
6.43, 14, white car, 1252.66, 520.90, 1282.21, 534.51, 1267.43, 527.71, 1252.66, 527.71, 1282.21, 527.71, 29.55, 13.61
6.43, 4, white car, 558.12, 532.29, 586.97, 545.42, 572.54, 538.85, 558.12, 538.85, 586.97, 538.85, 28.85, 13.14
6.47, 2, white car, 306.28, 519.33, 336.25, 532.28, 321.26, 525.80, 306.28, 525.80, 336.25, 525.80, 29.97, 12.95
6.47, 14, white car, 1249.05, 520.95, 1278.87, 534.69, 1263.96, 527.82, 1249.05, 527.82, 1278.87, 527.82, 29.81, 13.74
6.47, 4, white car, 555.46, 531.93, 584.62, 545.20, 570.04, 538.56, 555.46, 538.56, 584.62, 538.56, 29.17, 13.27
6.50, 2, white car, 302.89, 519.34, 333.51, 532.58, 318.20, 525.96, 302.89, 525.96, 333.51, 525.96, 30.62, 13.24
6.50, 14, white car, 1245.35, 520.93, 1275.72, 534.95, 1260.54, 527.94, 1245.35, 527.94, 1275.72, 527.94, 30.37, 14.03
6.50, 4, white car, 552.63, 531.82, 581.87, 545.10, 567.25, 538.46, 552.63, 538.46, 581.87, 538.46, 29.24, 13.28
6.53, 2, white car, 299.75, 519.27, 331.04, 532.82, 315.40, 526.05, 299.75, 526.05, 331.04, 526.05, 31.29, 13.55
6.53, 14, white car, 1242.27, 521.18, 1272.74, 535.29, 1257.51, 528.23, 1242.27, 528.23, 1272.74, 528.23, 30.47, 14.11
6.53, 4, white car, 550.18, 531.79, 579.32, 545.03, 564.75, 538.41, 550.18, 538.41, 579.32, 538.41, 29.14, 13.23
6.57, 2, white car, 297.07, 519.30, 328.34, 532.82, 312.71, 526.06, 297.07, 526.06, 328.34, 526.06, 31.26, 13.52
6.57, 14, white car, 1238.98, 521.14, 1269.62, 535.39, 1254.30, 528.26, 1238.98, 528.26, 1269.62, 528.26, 30.64, 14.25
6.57, 4, white car, 547.89, 531.64, 576.86, 544.78, 562.38, 538.21, 547.89, 538.21, 576.86, 538.21, 28.98, 13.14
6.60, 2, white car, 294.62, 519.35, 324.81, 532.39, 309.71, 525.87, 294.62, 525.87, 324.81, 525.87, 30.19, 13.05
6.60, 14, white car, 1235.54, 521.46, 1265.58, 535.45, 1250.56, 528.45, 1235.54, 528.45, 1265.58, 528.45, 30.04, 14.00
6.60, 4, white car, 545.07, 531.56, 574.17, 544.77, 559.62, 538.17, 545.07, 538.17, 574.17, 538.17, 29.11, 13.21
6.63, 2, white car, 292.08, 519.33, 321.80, 532.17, 306.94, 525.75, 292.08, 525.75, 321.80, 525.75, 29.71, 12.84
6.63, 14, white car, 1232.20, 521.75, 1262.15, 535.71, 1247.18, 528.73, 1232.20, 528.73, 1262.15, 528.73, 29.95, 13.96
6.63, 4, white car, 542.31, 531.51, 571.84, 544.92, 557.07, 538.21, 542.31, 538.21, 571.84, 538.21, 29.53, 13.41
6.67, 2, white car, 289.31, 519.36, 319.13, 532.24, 304.22, 525.80, 289.31, 525.80, 319.13, 525.80, 29.82, 12.88
6.67, 14, white car, 1228.86, 521.92, 1258.52, 535.76, 1243.69, 528.84, 1228.86, 528.84, 1258.52, 528.84, 29.67, 13.83
6.67, 4, white car, 539.50, 531.46, 569.41, 545.03, 554.46, 538.25, 539.50, 538.25, 569.41, 538.25, 29.91, 13.57
6.70, 2, white car, 286.84, 519.45, 316.45, 532.22, 301.64, 525.83, 286.84, 525.83, 316.45, 525.83, 29.61, 12.77
6.70, 14, white car, 1225.86, 522.03, 1255.48, 535.85, 1240.67, 528.94, 1225.86, 528.94, 1255.48, 528.94, 29.62, 13.82
6.70, 4, white car, 536.85, 531.46, 566.85, 545.06, 551.85, 538.26, 536.85, 538.26, 566.85, 538.26, 29.99, 13.60
6.73, 2, white car, 284.22, 519.46, 313.46, 532.05, 298.84, 525.76, 284.22, 525.76, 313.46, 525.76, 29.24, 12.59
6.73, 14, white car, 1222.51, 522.60, 1251.61, 536.13, 1237.06, 529.37, 1222.51, 529.37, 1251.61, 529.37, 29.10, 13.54
6.73, 4, white car, 534.42, 531.56, 563.98, 544.97, 549.20, 538.26, 534.42, 538.26, 563.98, 538.26, 29.56, 13.41
6.77, 2, white car, 281.43, 519.35, 310.62, 531.88, 296.02, 525.62, 281.43, 525.62, 310.62, 525.62, 29.19, 12.53
6.77, 14, white car, 1219.14, 522.50, 1248.23, 536.01, 1233.69, 529.26, 1219.14, 529.26, 1248.23, 529.26, 29.09, 13.51
6.77, 4, white car, 531.86, 531.59, 561.50, 545.02, 546.68, 538.31, 531.86, 538.31, 561.50, 538.31, 29.64, 13.42
6.80, 2, white car, 278.90, 519.35, 308.00, 531.78, 293.45, 525.57, 278.90, 525.57, 308.00, 525.57, 29.10, 12.43
6.80, 14, white car, 1215.99, 522.74, 1244.80, 536.12, 1230.40, 529.43, 1215.99, 529.43, 1244.80, 529.43, 28.81, 13.37
6.80, 4, white car, 528.78, 531.42, 558.93, 545.11, 543.85, 538.26, 528.78, 538.26, 558.93, 538.26, 30.15, 13.69
6.83, 2, white car, 276.32, 519.45, 305.38, 531.85, 290.85, 525.65, 276.32, 525.65, 305.38, 525.65, 29.06, 12.40
6.83, 14, white car, 1212.67, 522.88, 1240.93, 536.01, 1226.80, 529.44, 1212.67, 529.44, 1240.93, 529.44, 28.26, 13.13
6.83, 4, white car, 526.33, 531.40, 555.97, 544.84, 541.15, 538.12, 526.33, 538.12, 555.97, 538.12, 29.63, 13.44
6.87, 2, white car, 273.52, 519.48, 302.90, 532.02, 288.21, 525.75, 273.52, 525.75, 302.90, 525.75, 29.38, 12.54
6.87, 14, white car, 1209.22, 523.12, 1237.37, 536.16, 1223.29, 529.64, 1209.22, 529.64, 1237.37, 529.64, 28.14, 13.03
6.87, 4, white car, 523.94, 531.34, 553.16, 544.60, 538.55, 537.97, 523.94, 537.97, 553.16, 537.97, 29.22, 13.25
6.90, 2, white car, 270.44, 519.56, 299.79, 532.05, 285.11, 525.80, 270.44, 525.80, 299.79, 525.80, 29.34, 12.48
6.90, 14, white car, 1205.66, 523.17, 1234.65, 536.60, 1220.16, 529.88, 1205.66, 529.88, 1234.65, 529.88, 28.99, 13.43
6.90, 4, white car, 521.67, 531.46, 550.51, 544.52, 536.09, 537.99, 521.67, 537.99, 550.51, 537.99, 28.84, 13.07
6.93, 2, white car, 267.14, 519.59, 296.85, 532.20, 281.99, 525.90, 267.14, 525.90, 296.85, 525.90, 29.70, 12.61
6.93, 14, white car, 1202.12, 523.14, 1231.52, 536.75, 1216.82, 529.95, 1202.12, 529.95, 1231.52, 529.95, 29.40, 13.61
6.93, 4, white car, 519.15, 531.48, 547.94, 544.50, 533.55, 537.99, 519.15, 537.99, 547.94, 537.99, 28.80, 13.02
6.97, 2, white car, 264.61, 519.58, 294.31, 532.20, 279.46, 525.89, 264.61, 525.89, 294.31, 525.89, 29.70, 12.61
6.97, 14, white car, 1198.69, 523.31, 1227.97, 536.86, 1213.33, 530.09, 1198.69, 530.09, 1227.97, 530.09, 29.28, 13.55
6.97, 4, white car, 516.65, 531.44, 545.37, 544.39, 531.01, 537.92, 516.65, 537.92, 545.37, 537.92, 28.72, 12.95
7.00, 2, white car, 261.42, 519.48, 291.54, 532.28, 276.48, 525.88, 261.42, 525.88, 291.54, 525.88, 30.13, 12.79
7.00, 14, white car, 1195.44, 523.56, 1224.90, 537.18, 1210.17, 530.37, 1195.44, 530.37, 1224.90, 530.37, 29.46, 13.63
7.00, 4, white car, 513.73, 530.94, 543.00, 544.14, 528.36, 537.54, 513.73, 537.54, 543.00, 537.54, 29.27, 13.20
7.03, 2, white car, 258.92, 519.36, 288.99, 532.13, 273.95, 525.75, 258.92, 525.75, 288.99, 525.75, 30.07, 12.76
7.03, 14, white car, 1192.22, 523.81, 1221.51, 537.38, 1206.86, 530.60, 1192.22, 530.60, 1221.51, 530.60, 29.29, 13.58
7.03, 4, white car, 511.18, 530.72, 540.54, 543.95, 525.86, 537.33, 511.18, 537.33, 540.54, 537.33, 29.36, 13.23
7.07, 2, white car, 256.33, 519.37, 286.13, 532.01, 271.23, 525.69, 256.33, 525.69, 286.13, 525.69, 29.80, 12.63
7.07, 14, white car, 1188.85, 523.81, 1218.05, 537.39, 1203.45, 530.60, 1188.85, 530.60, 1218.05, 530.60, 29.20, 13.58
7.07, 4, white car, 508.55, 530.60, 538.08, 543.90, 523.31, 537.25, 508.55, 537.25, 538.08, 537.25, 29.53, 13.30
7.10, 2, white car, 253.64, 519.39, 282.82, 531.76, 268.23, 525.57, 253.64, 525.57, 282.82, 525.57, 29.19, 12.37
7.10, 14, white car, 1185.22, 524.00, 1214.43, 537.61, 1199.82, 530.80, 1185.22, 530.80, 1214.43, 530.80, 29.21, 13.60
7.10, 4, white car, 505.95, 530.45, 535.41, 543.73, 520.68, 537.09, 505.95, 537.09, 535.41, 537.09, 29.45, 13.28
7.13, 2, white car, 251.02, 519.14, 280.41, 531.60, 265.72, 525.37, 251.02, 525.37, 280.41, 525.37, 29.39, 12.46
7.13, 14, white car, 1182.52, 524.31, 1211.01, 537.59, 1196.76, 530.95, 1182.52, 530.95, 1211.01, 530.95, 28.49, 13.28
7.13, 4, white car, 503.18, 530.35, 533.10, 543.86, 518.14, 537.11, 503.18, 537.11, 533.10, 537.11, 29.91, 13.51
7.17, 2, white car, 247.72, 518.92, 277.82, 531.71, 262.77, 525.32, 247.72, 525.32, 277.82, 525.32, 30.09, 12.79
7.17, 14, white car, 1179.25, 524.77, 1206.95, 537.65, 1193.10, 531.21, 1179.25, 531.21, 1206.95, 531.21, 27.70, 12.89
7.17, 4, white car, 500.28, 530.22, 530.64, 543.99, 515.46, 537.10, 500.28, 537.10, 530.64, 537.10, 30.37, 13.77
7.20, 2, white car, 244.64, 518.73, 275.40, 531.86, 260.02, 525.29, 244.64, 525.29, 275.40, 525.29, 30.77, 13.14
7.20, 14, white car, 1175.90, 524.84, 1203.80, 537.81, 1189.85, 531.32, 1175.90, 531.32, 1203.80, 531.32, 27.90, 12.98
7.20, 4, white car, 497.69, 530.36, 527.77, 543.96, 512.73, 537.16, 497.69, 537.16, 527.77, 537.16, 30.08, 13.60
7.23, 2, white car, 241.97, 518.56, 273.22, 531.93, 257.60, 525.25, 241.97, 525.25, 273.22, 525.25, 31.25, 13.38
7.23, 14, white car, 1173.10, 524.78, 1201.28, 537.83, 1187.19, 531.30, 1173.10, 531.30, 1201.28, 531.30, 28.18, 13.06
7.23, 4, white car, 495.52, 530.34, 525.32, 543.78, 510.42, 537.06, 495.52, 537.06, 525.32, 537.06, 29.81, 13.44
7.27, 2, white car, 239.08, 518.46, 270.40, 531.93, 254.74, 525.19, 239.08, 525.19, 270.40, 525.19, 31.31, 13.47
7.27, 14, white car, 1169.69, 524.79, 1197.77, 537.80, 1183.73, 531.30, 1169.69, 531.30, 1197.77, 531.30, 28.08, 13.00
7.27, 4, white car, 493.27, 530.33, 522.68, 543.55, 507.97, 536.94, 493.27, 536.94, 522.68, 536.94, 29.40, 13.23
7.30, 2, white car, 237.05, 518.64, 267.76, 531.86, 252.41, 525.25, 237.05, 525.25, 267.76, 525.25, 30.72, 13.22
7.30, 14, white car, 1166.11, 525.04, 1193.71, 537.79, 1179.91, 531.41, 1166.11, 531.41, 1193.71, 531.41, 27.59, 12.75
7.30, 4, white car, 491.09, 530.46, 519.97, 543.41, 505.53, 536.94, 491.09, 536.94, 519.97, 536.94, 28.88, 12.95
7.33, 2, white car, 234.60, 518.80, 265.11, 531.93, 249.86, 525.36, 234.60, 525.36, 265.11, 525.36, 30.51, 13.13
7.33, 14, white car, 1162.82, 525.16, 1190.43, 537.91, 1176.63, 531.53, 1162.82, 531.53, 1190.43, 531.53, 27.61, 12.75
7.33, 4, white car, 488.22, 530.47, 517.10, 543.40, 502.66, 536.93, 488.22, 536.93, 517.10, 536.93, 28.88, 12.93
7.37, 2, white car, 231.82, 518.79, 262.80, 532.11, 247.31, 525.45, 231.82, 525.45, 262.80, 525.45, 30.98, 13.32
7.37, 14, white car, 1159.56, 525.42, 1186.61, 537.89, 1173.09, 531.66, 1159.56, 531.66, 1186.61, 531.66, 27.05, 12.47
7.37, 4, white car, 485.44, 530.39, 514.43, 543.34, 499.93, 536.87, 485.44, 536.87, 514.43, 536.87, 28.99, 12.95
7.40, 2, white car, 228.95, 518.80, 260.14, 532.21, 244.55, 525.50, 228.95, 525.50, 260.14, 525.50, 31.18, 13.41
7.40, 14, white car, 1156.61, 525.64, 1183.28, 537.89, 1169.95, 531.77, 1156.61, 531.77, 1183.28, 531.77, 26.68, 12.25
7.40, 4, white car, 482.79, 530.27, 511.96, 543.26, 497.38, 536.76, 482.79, 536.76, 511.96, 536.76, 29.17, 12.99
7.43, 2, white car, 226.47, 518.93, 257.10, 532.10, 241.78, 525.51, 226.47, 525.51, 257.10, 525.51, 30.64, 13.17
7.43, 14, white car, 1153.30, 525.78, 1179.57, 537.79, 1166.44, 531.79, 1153.30, 531.79, 1179.57, 531.79, 26.27, 12.01
7.43, 4, white car, 480.28, 530.13, 509.35, 543.06, 494.82, 536.59, 480.28, 536.59, 509.35, 536.59, 29.07, 12.93
7.47, 2, white car, 223.77, 518.95, 254.28, 532.06, 239.03, 525.51, 223.77, 525.51, 254.28, 525.51, 30.50, 13.11
7.47, 14, white car, 1149.55, 525.97, 1176.58, 538.33, 1163.07, 532.15, 1149.55, 532.15, 1176.58, 532.15, 27.03, 12.36
7.47, 4, white car, 477.79, 530.18, 506.92, 543.14, 492.36, 536.66, 477.79, 536.66, 506.92, 536.66, 29.13, 12.96
7.50, 2, white car, 221.19, 518.96, 251.70, 532.07, 236.44, 525.52, 221.19, 525.52, 251.70, 525.52, 30.51, 13.11
7.50, 14, white car, 1145.90, 526.27, 1172.86, 538.57, 1159.38, 532.42, 1145.90, 532.42, 1172.86, 532.42, 26.96, 12.30
7.50, 4, white car, 475.42, 530.10, 504.41, 542.99, 489.91, 536.55, 475.42, 536.55, 504.41, 536.55, 28.98, 12.90
7.53, 2, white car, 218.14, 518.87, 249.22, 532.25, 233.68, 525.56, 218.14, 525.56, 249.22, 525.56, 31.08, 13.38
7.53, 14, white car, 1142.30, 526.46, 1169.45, 538.83, 1155.88, 532.65, 1142.30, 532.65, 1169.45, 532.65, 27.15, 12.37
7.53, 4, white car, 472.57, 529.89, 501.72, 542.86, 487.14, 536.38, 472.57, 536.38, 501.72, 536.38, 29.15, 12.97
7.57, 2, white car, 215.44, 518.84, 246.91, 532.44, 231.18, 525.64, 215.44, 525.64, 246.91, 525.64, 31.47, 13.60
7.57, 14, white car, 1138.86, 526.61, 1166.16, 538.99, 1152.51, 532.80, 1138.86, 532.80, 1166.16, 532.80, 27.30, 12.38
7.57, 4, white car, 469.90, 529.83, 498.99, 542.76, 484.45, 536.30, 469.90, 536.30, 498.99, 536.30, 29.08, 12.93
7.60, 2, white car, 213.16, 518.88, 244.48, 532.46, 228.82, 525.67, 213.16, 525.67, 244.48, 525.67, 31.31, 13.58
7.60, 14, white car, 1135.55, 526.65, 1163.14, 539.15, 1149.35, 532.90, 1135.55, 532.90, 1163.14, 532.90, 27.59, 12.51
7.60, 4, white car, 467.52, 529.59, 496.59, 542.50, 482.05, 536.05, 467.52, 536.05, 496.59, 536.05, 29.07, 12.91
7.63, 2, white car, 210.67, 518.79, 241.95, 532.39, 226.31, 525.59, 210.67, 525.59, 241.95, 525.59, 31.28, 13.59
7.63, 14, white car, 1132.38, 526.73, 1160.14, 539.32, 1146.26, 533.03, 1132.38, 533.03, 1160.14, 533.03, 27.75, 12.59
7.63, 4, white car, 465.15, 529.49, 494.12, 542.34, 479.64, 535.92, 465.15, 535.92, 494.12, 535.92, 28.96, 12.84
7.67, 2, white car, 208.19, 518.63, 238.93, 531.97, 223.56, 525.30, 208.19, 525.30, 238.93, 525.30, 30.74, 13.34
7.67, 14, white car, 1128.92, 526.77, 1156.68, 539.37, 1142.80, 533.07, 1128.92, 533.07, 1156.68, 533.07, 27.76, 12.60
7.67, 4, white car, 462.30, 529.31, 491.61, 542.29, 476.96, 535.80, 462.30, 535.80, 491.61, 535.80, 29.31, 12.99
7.70, 2, white car, 205.00, 518.48, 236.09, 531.97, 220.55, 525.23, 205.00, 525.23, 236.09, 525.23, 31.09, 13.49
7.70, 14, white car, 1125.80, 526.71, 1153.42, 539.25, 1139.61, 532.98, 1125.80, 532.98, 1153.42, 532.98, 27.62, 12.54
7.70, 4, white car, 459.72, 529.08, 489.30, 542.18, 474.51, 535.63, 459.72, 535.63, 489.30, 535.63, 29.58, 13.10
7.73, 2, white car, 202.44, 518.45, 233.75, 532.04, 218.09, 525.24, 202.44, 525.24, 233.75, 525.24, 31.31, 13.60
7.73, 14, white car, 1122.19, 526.80, 1149.99, 539.41, 1136.09, 533.10, 1122.19, 533.10, 1149.99, 533.10, 27.81, 12.61
7.73, 4, white car, 456.96, 529.04, 486.75, 542.26, 471.86, 535.65, 456.96, 535.65, 486.75, 535.65, 29.79, 13.21
7.77, 2, white car, 200.03, 518.49, 231.21, 532.02, 215.62, 525.25, 200.03, 525.25, 231.21, 525.25, 31.18, 13.54
7.77, 14, white car, 1118.70, 526.92, 1146.43, 539.46, 1132.56, 533.19, 1118.70, 533.19, 1146.43, 533.19, 27.73, 12.54
7.77, 4, white car, 454.12, 529.05, 484.01, 542.31, 469.07, 535.68, 454.12, 535.68, 484.01, 535.68, 29.89, 13.26
7.80, 2, white car, 197.62, 518.44, 228.76, 531.94, 213.19, 525.19, 197.62, 525.19, 228.76, 525.19, 31.13, 13.50
7.80, 14, white car, 1115.51, 527.07, 1142.72, 539.35, 1129.12, 533.21, 1115.51, 533.21, 1142.72, 533.21, 27.21, 12.28
7.80, 4, white car, 451.74, 528.89, 481.60, 542.14, 466.67, 535.51, 451.74, 535.51, 481.60, 535.51, 29.86, 13.24
7.83, 2, white car, 195.28, 518.41, 226.26, 531.83, 210.77, 525.12, 195.28, 525.12, 226.26, 525.12, 30.98, 13.43
7.83, 14, white car, 1112.16, 527.24, 1139.28, 539.47, 1125.72, 533.36, 1112.16, 533.36, 1139.28, 533.36, 27.12, 12.23
7.83, 4, white car, 449.29, 528.89, 479.43, 542.30, 464.36, 535.60, 449.29, 535.60, 479.43, 535.60, 30.14, 13.41
7.87, 2, white car, 193.04, 518.50, 223.92, 531.87, 208.48, 525.19, 193.04, 525.19, 223.92, 525.19, 30.88, 13.37
7.87, 14, white car, 1108.87, 527.45, 1135.86, 539.62, 1122.36, 533.54, 1108.87, 533.54, 1135.86, 533.54, 26.98, 12.17
7.87, 4, white car, 446.97, 528.85, 476.83, 542.16, 461.90, 535.51, 446.97, 535.51, 476.83, 535.51, 29.85, 13.30
7.90, 2, white car, 189.97, 518.43, 221.21, 531.94, 205.59, 525.19, 189.97, 525.19, 221.21, 525.19, 31.24, 13.51
7.90, 14, white car, 1105.72, 527.58, 1132.26, 539.53, 1118.99, 533.56, 1105.72, 533.56, 1132.26, 533.56, 26.54, 11.95
7.90, 4, white car, 444.20, 528.68, 474.04, 542.00, 459.12, 535.34, 444.20, 535.34, 474.04, 535.34, 29.84, 13.32
7.93, 2, white car, 187.57, 518.47, 218.85, 532.02, 203.21, 525.25, 187.57, 525.25, 218.85, 525.25, 31.28, 13.55
7.93, 14, white car, 1102.46, 528.12, 1128.48, 539.81, 1115.47, 533.96, 1102.46, 533.96, 1128.48, 533.96, 26.03, 11.69
7.93, 4, white car, 441.53, 528.64, 471.35, 541.97, 456.44, 535.31, 441.53, 535.31, 471.35, 535.31, 29.82, 13.33
7.97, 2, white car, 185.16, 518.42, 216.33, 531.95, 200.75, 525.19, 185.16, 525.19, 216.33, 525.19, 31.17, 13.53
7.97, 14, white car, 1098.88, 528.06, 1125.78, 540.13, 1112.33, 534.09, 1098.88, 534.09, 1125.78, 534.09, 26.90, 12.07
7.97, 4, white car, 439.53, 528.63, 468.64, 541.61, 454.09, 535.12, 439.53, 535.12, 468.64, 535.12, 29.10, 12.97
8.00, 2, white car, 182.22, 518.02, 213.90, 531.79, 198.06, 524.91, 182.22, 524.91, 213.90, 524.91, 31.68, 13.77
8.00, 14, white car, 1095.07, 528.11, 1122.25, 540.32, 1108.66, 534.21, 1095.07, 534.21, 1122.25, 534.21, 27.18, 12.21
8.00, 4, white car, 437.06, 528.51, 466.15, 541.47, 451.60, 534.99, 437.06, 534.99, 466.15, 534.99, 29.10, 12.96
8.03, 2, white car, 179.69, 517.92, 211.27, 531.67, 195.48, 524.80, 179.69, 524.80, 211.27, 524.80, 31.58, 13.74
8.03, 14, white car, 1091.55, 528.08, 1119.32, 540.59, 1105.44, 534.33, 1091.55, 534.33, 1119.32, 534.33, 27.77, 12.52
8.03, 4, white car, 434.19, 528.39, 463.55, 541.49, 448.87, 534.94, 434.19, 534.94, 463.55, 534.94, 29.37, 13.11
8.07, 2, white car, 177.21, 517.92, 208.52, 531.56, 192.87, 524.74, 177.21, 524.74, 208.52, 524.74, 31.32, 13.65
8.07, 14, white car, 1088.42, 528.26, 1115.96, 540.68, 1102.19, 534.47, 1088.42, 534.47, 1115.96, 534.47, 27.53, 12.42
8.07, 4, white car, 431.58, 528.17, 461.08, 541.34, 446.33, 534.75, 431.58, 534.75, 461.08, 534.75, 29.50, 13.17
8.10, 2, white car, 175.09, 517.83, 206.30, 531.43, 190.70, 524.63, 175.09, 524.63, 206.30, 524.63, 31.21, 13.60
8.10, 14, white car, 1085.00, 528.28, 1112.80, 540.85, 1098.90, 534.56, 1085.00, 534.56, 1112.80, 534.56, 27.80, 12.56
8.10, 4, white car, 428.71, 528.06, 458.60, 541.45, 443.65, 534.75, 428.71, 534.75, 458.60, 534.75, 29.90, 13.38
8.13, 2, white car, 172.42, 517.71, 203.50, 531.24, 187.96, 524.47, 172.42, 524.47, 203.50, 524.47, 31.08, 13.53
8.13, 14, white car, 1081.26, 528.21, 1109.43, 540.95, 1095.35, 534.58, 1081.26, 534.58, 1109.43, 534.58, 28.16, 12.74
8.13, 4, white car, 426.32, 528.10, 455.80, 541.30, 441.06, 534.70, 426.32, 534.70, 455.80, 534.70, 29.49, 13.21
8.17, 2, white car, 170.22, 517.74, 201.17, 531.21, 185.69, 524.47, 170.22, 524.47, 201.17, 524.47, 30.95, 13.47
8.17, 14, white car, 1077.78, 528.05, 1106.08, 540.89, 1091.93, 534.47, 1077.78, 534.47, 1106.08, 534.47, 28.31, 12.84
8.17, 4, white car, 424.23, 528.07, 453.24, 541.05, 438.74, 534.56, 424.23, 534.56, 453.24, 534.56, 29.01, 12.98
8.20, 2, white car, 167.83, 517.77, 198.82, 531.29, 183.33, 524.53, 167.83, 524.53, 198.82, 524.53, 30.99, 13.52
8.20, 14, white car, 1074.36, 528.30, 1102.85, 541.24, 1088.60, 534.77, 1074.36, 534.77, 1102.85, 534.77, 28.49, 12.94
8.20, 4, white car, 421.68, 528.13, 450.34, 540.93, 436.01, 534.53, 421.68, 534.53, 450.34, 534.53, 28.67, 12.80
8.23, 2, white car, 165.40, 517.63, 196.57, 531.22, 180.99, 524.42, 165.40, 524.42, 196.57, 524.42, 31.17, 13.59
8.23, 14, white car, 1070.98, 528.18, 1099.79, 541.29, 1085.38, 534.73, 1070.98, 534.73, 1099.79, 534.73, 28.81, 13.11
8.23, 4, white car, 419.04, 528.08, 447.87, 540.94, 433.45, 534.51, 419.04, 534.51, 447.87, 534.51, 28.82, 12.86
8.27, 2, white car, 162.78, 517.57, 194.04, 531.19, 178.41, 524.38, 162.78, 524.38, 194.04, 524.38, 31.26, 13.62
8.27, 14, white car, 1067.55, 528.28, 1096.24, 541.36, 1081.89, 534.82, 1067.55, 534.82, 1096.24, 534.82, 28.68, 13.08
8.27, 4, white car, 416.52, 527.93, 445.67, 540.92, 431.10, 534.43, 416.52, 534.43, 445.67, 534.43, 29.15, 13.00
8.27, 47, black car, 1340.33, 518.74, 1370.49, 531.05, 1355.41, 524.89, 1340.33, 524.89, 1370.49, 524.89, 30.17, 12.31
8.30, 2, white car, 160.17, 517.54, 191.34, 531.16, 175.75, 524.35, 160.17, 524.35, 191.34, 524.35, 31.17, 13.62
8.30, 14, white car, 1064.30, 528.40, 1092.86, 541.46, 1078.58, 534.93, 1064.30, 534.93, 1092.86, 534.93, 28.55, 13.06
8.30, 4, white car, 413.79, 527.75, 443.22, 540.87, 428.50, 534.31, 413.79, 534.31, 443.22, 534.31, 29.43, 13.12
8.30, 47, black car, 1336.93, 519.12, 1366.43, 531.15, 1351.68, 525.14, 1336.93, 525.14, 1366.43, 525.14, 29.50, 12.03
8.33, 2, white car, 157.80, 517.39, 189.32, 531.17, 173.56, 524.28, 157.80, 524.28, 189.32, 524.28, 31.52, 13.78
8.33, 14, white car, 1061.15, 528.79, 1089.06, 541.56, 1075.10, 535.18, 1061.15, 535.18, 1089.06, 535.18, 27.91, 12.78
8.33, 4, white car, 411.44, 527.66, 441.03, 540.85, 426.23, 534.25, 411.44, 534.25, 441.03, 534.25, 29.59, 13.19
8.33, 47, black car, 1333.29, 519.11, 1362.71, 531.10, 1348.00, 525.10, 1333.29, 525.10, 1362.71, 525.10, 29.42, 11.99
8.37, 2, white car, 155.12, 517.23, 186.93, 531.19, 171.03, 524.21, 155.12, 524.21, 186.93, 524.21, 31.82, 13.97
8.37, 14, white car, 1057.91, 528.88, 1085.80, 541.65, 1071.86, 535.27, 1057.91, 535.27, 1085.80, 535.27, 27.90, 12.77
8.37, 4, white car, 409.11, 527.62, 438.29, 540.61, 423.70, 534.11, 409.11, 534.11, 438.29, 534.11, 29.19, 12.99
8.37, 47, black car, 1330.04, 519.22, 1359.39, 531.16, 1344.72, 525.19, 1330.04, 525.19, 1359.39, 525.19, 29.34, 11.94
8.40, 2, white car, 152.52, 517.05, 184.43, 531.12, 168.48, 524.08, 152.52, 524.08, 184.43, 524.08, 31.91, 14.07
8.40, 14, white car, 1054.29, 529.19, 1082.15, 541.92, 1068.22, 535.55, 1054.29, 535.55, 1082.15, 535.55, 27.86, 12.73
8.40, 4, white car, 406.57, 527.48, 435.79, 540.51, 421.18, 534.00, 406.57, 534.00, 435.79, 534.00, 29.22, 13.03
8.40, 47, black car, 1326.21, 519.10, 1355.95, 531.20, 1341.08, 525.15, 1326.21, 525.15, 1355.95, 525.15, 29.74, 12.10
8.43, 2, white car, 150.24, 516.99, 182.00, 531.02, 166.12, 524.01, 150.24, 524.01, 182.00, 524.01, 31.75, 14.03
8.43, 14, white car, 1051.05, 529.33, 1079.14, 542.14, 1065.09, 535.74, 1051.05, 535.74, 1079.14, 535.74, 28.09, 12.81
8.43, 4, white car, 403.97, 527.41, 433.32, 540.50, 418.64, 533.96, 403.97, 533.96, 433.32, 533.96, 29.35, 13.10
8.43, 47, black car, 1322.59, 519.23, 1352.33, 531.33, 1337.46, 525.28, 1322.59, 525.28, 1352.33, 525.28, 29.74, 12.10
8.47, 2, white car, 147.58, 516.74, 179.65, 530.95, 163.62, 523.85, 147.58, 523.85, 179.65, 523.85, 32.07, 14.21
8.47, 14, white car, 1047.79, 529.69, 1075.32, 542.25, 1061.55, 535.97, 1047.79, 535.97, 1075.32, 535.97, 27.52, 12.56
8.47, 4, white car, 401.18, 527.27, 430.80, 540.51, 415.99, 533.89, 401.18, 533.89, 430.80, 533.89, 29.63, 13.24
8.47, 47, black car, 1317.82, 519.28, 1348.28, 531.69, 1333.05, 525.48, 1317.82, 525.48, 1348.28, 525.48, 30.46, 12.41
8.50, 2, white car, 144.87, 516.50, 177.19, 530.87, 161.03, 523.68, 144.87, 523.68, 177.19, 523.68, 32.32, 14.37
8.50, 14, white car, 1044.97, 529.83, 1071.94, 542.12, 1058.45, 535.97, 1044.97, 535.97, 1071.94, 535.97, 26.98, 12.29
8.50, 4, white car, 398.62, 527.15, 428.26, 540.41, 413.44, 533.78, 398.62, 533.78, 428.26, 533.78, 29.64, 13.26
8.50, 47, black car, 1313.90, 519.42, 1344.38, 531.85, 1329.14, 525.64, 1313.90, 525.64, 1344.38, 525.64, 30.48, 12.43
8.53, 2, white car, 142.86, 516.56, 174.36, 530.56, 158.61, 523.56, 142.86, 523.56, 174.36, 523.56, 31.50, 14.00
8.53, 14, white car, 1041.74, 529.97, 1068.41, 542.10, 1055.08, 536.04, 1041.74, 536.04, 1068.41, 536.04, 26.67, 12.13
8.53, 4, white car, 396.41, 527.10, 425.64, 540.17, 411.03, 533.64, 396.41, 533.64, 425.64, 533.64, 29.23, 13.07
8.53, 47, black car, 1310.96, 519.48, 1340.94, 531.68, 1325.95, 525.58, 1310.96, 525.58, 1340.94, 525.58, 29.98, 12.20
8.57, 2, white car, 140.55, 516.57, 171.64, 530.40, 156.09, 523.49, 140.55, 523.49, 171.64, 523.49, 31.09, 13.83
8.57, 14, white car, 1038.08, 529.98, 1065.02, 542.21, 1051.55, 536.09, 1038.08, 536.09, 1065.02, 536.09, 26.93, 12.23
8.57, 4, white car, 393.84, 527.07, 423.05, 540.12, 408.45, 533.59, 393.84, 533.59, 423.05, 533.59, 29.21, 13.06
8.57, 47, black car, 1307.18, 519.57, 1337.02, 531.73, 1322.10, 525.65, 1307.18, 525.65, 1337.02, 525.65, 29.84, 12.15
8.60, 2, white car, 138.19, 516.53, 169.24, 530.36, 153.72, 523.44, 138.19, 523.44, 169.24, 523.44, 31.06, 13.83
8.60, 14, white car, 1034.30, 530.24, 1061.18, 542.47, 1047.74, 536.36, 1034.30, 536.36, 1061.18, 536.36, 26.88, 12.23
8.60, 4, white car, 391.36, 526.97, 420.62, 540.06, 405.99, 533.52, 391.36, 533.52, 420.62, 533.52, 29.25, 13.09
8.60, 47, black car, 1303.84, 519.59, 1333.37, 531.61, 1318.61, 525.60, 1303.84, 525.60, 1333.37, 525.60, 29.53, 12.02
8.63, 2, white car, 136.29, 516.52, 167.03, 530.23, 151.66, 523.37, 136.29, 523.37, 167.03, 523.37, 30.74, 13.71
8.63, 14, white car, 1031.16, 530.25, 1057.96, 542.44, 1044.56, 536.34, 1031.16, 536.34, 1057.96, 536.34, 26.80, 12.19
8.63, 4, white car, 388.96, 526.84, 418.22, 539.91, 403.59, 533.37, 388.96, 533.37, 418.22, 533.37, 29.26, 13.07
8.63, 47, black car, 1300.59, 519.66, 1330.29, 531.73, 1315.44, 525.69, 1300.59, 525.69, 1330.29, 525.69, 29.69, 12.07
8.67, 2, white car, 133.52, 516.35, 164.70, 530.29, 149.11, 523.32, 133.52, 523.32, 164.70, 523.32, 31.19, 13.94
8.67, 14, white car, 1027.82, 530.38, 1054.92, 542.73, 1041.37, 536.56, 1027.82, 536.56, 1054.92, 536.56, 27.11, 12.35
8.67, 4, white car, 386.56, 526.79, 415.83, 539.86, 401.19, 533.33, 386.56, 533.33, 415.83, 533.33, 29.27, 13.07
8.67, 47, black car, 1296.76, 519.66, 1326.14, 531.57, 1311.45, 525.61, 1296.76, 525.61, 1326.14, 525.61, 29.38, 11.92
8.70, 2, white car, 131.16, 516.16, 162.20, 530.04, 146.68, 523.10, 131.16, 523.10, 162.20, 523.10, 31.04, 13.88
8.70, 14, white car, 1024.29, 530.36, 1051.60, 542.79, 1037.94, 536.57, 1024.29, 536.57, 1051.60, 536.57, 27.31, 12.43
8.70, 4, white car, 384.28, 526.74, 412.91, 539.50, 398.59, 533.12, 384.28, 533.12, 412.91, 533.12, 28.64, 12.76
8.70, 47, black car, 1292.60, 519.68, 1322.16, 531.69, 1307.38, 525.68, 1292.60, 525.68, 1322.16, 525.68, 29.56, 12.01
8.73, 2, white car, 129.30, 516.14, 159.87, 529.82, 144.59, 522.98, 129.30, 522.98, 159.87, 522.98, 30.57, 13.68
8.73, 14, white car, 1020.86, 530.48, 1048.66, 543.15, 1034.76, 536.82, 1020.86, 536.82, 1048.66, 536.82, 27.81, 12.67
8.73, 4, white car, 381.79, 526.66, 410.29, 539.36, 396.04, 533.01, 381.79, 533.01, 410.29, 533.01, 28.50, 12.70
8.73, 47, black car, 1288.62, 519.61, 1318.83, 531.92, 1303.72, 525.77, 1288.62, 525.77, 1318.83, 525.77, 30.21, 12.31
8.77, 2, white car, 127.18, 516.19, 157.48, 529.80, 142.33, 522.99, 127.18, 522.99, 157.48, 522.99, 30.30, 13.60
8.77, 14, white car, 1017.39, 530.56, 1045.16, 543.24, 1031.27, 536.90, 1017.39, 536.90, 1045.16, 536.90, 27.77, 12.67
8.77, 4, white car, 379.23, 526.57, 407.39, 539.12, 393.31, 532.85, 379.23, 532.85, 407.39, 532.85, 28.16, 12.56
8.77, 47, black car, 1285.30, 519.82, 1315.54, 532.16, 1300.42, 525.99, 1285.30, 525.99, 1315.54, 525.99, 30.24, 12.34
8.80, 2, white car, 125.14, 516.14, 155.09, 529.62, 140.11, 522.88, 125.14, 522.88, 155.09, 522.88, 29.95, 13.48
8.80, 14, white car, 1013.97, 530.58, 1042.18, 543.52, 1028.07, 537.05, 1013.97, 537.05, 1042.18, 537.05, 28.21, 12.94
8.80, 4, white car, 376.91, 526.47, 405.05, 539.01, 390.98, 532.74, 376.91, 532.74, 405.05, 532.74, 28.14, 12.55
8.80, 47, black car, 1282.06, 519.98, 1311.99, 532.17, 1297.02, 526.07, 1282.06, 526.07, 1311.99, 526.07, 29.93, 12.19
8.83, 2, white car, 122.77, 515.98, 152.33, 529.29, 137.55, 522.63, 122.77, 522.63, 152.33, 522.63, 29.56, 13.31
8.83, 14, white car, 1010.61, 530.78, 1038.60, 543.62, 1024.60, 537.20, 1010.61, 537.20, 1038.60, 537.20, 27.99, 12.84
8.83, 4, white car, 374.44, 526.49, 402.51, 538.99, 388.48, 532.74, 374.44, 532.74, 402.51, 532.74, 28.07, 12.50
8.83, 47, black car, 1278.00, 520.01, 1308.11, 532.27, 1293.05, 526.14, 1278.00, 526.14, 1308.11, 526.14, 30.11, 12.25
8.87, 2, white car, 120.03, 515.71, 149.69, 529.07, 134.86, 522.39, 120.03, 522.39, 149.69, 522.39, 29.66, 13.37
8.87, 14, white car, 1007.19, 531.03, 1035.04, 543.79, 1021.11, 537.41, 1007.19, 537.41, 1035.04, 537.41, 27.86, 12.76
8.87, 4, white car, 372.24, 526.58, 399.86, 538.87, 386.05, 532.73, 372.24, 532.73, 399.86, 532.73, 27.62, 12.28
8.87, 47, black car, 1273.78, 520.07, 1304.44, 532.55, 1289.11, 526.31, 1273.78, 526.31, 1304.44, 526.31, 30.66, 12.47
8.90, 2, white car, 117.61, 515.61, 147.21, 528.95, 132.41, 522.28, 117.61, 522.28, 147.21, 522.28, 29.60, 13.34
8.90, 14, white car, 1004.09, 531.01, 1031.52, 543.52, 1017.81, 537.26, 1004.09, 537.26, 1031.52, 537.26, 27.43, 12.51
8.90, 4, white car, 370.00, 526.42, 397.61, 538.67, 383.80, 532.55, 370.00, 532.55, 397.61, 532.55, 27.61, 12.25
8.90, 47, black car, 1270.70, 520.27, 1300.77, 532.49, 1285.74, 526.38, 1270.70, 526.38, 1300.77, 526.38, 30.07, 12.22
8.93, 2, white car, 115.08, 515.54, 144.56, 528.84, 129.82, 522.19, 115.08, 522.19, 144.56, 522.19, 29.48, 13.30
8.93, 14, white car, 1000.79, 531.29, 1028.19, 543.77, 1014.49, 537.53, 1000.79, 537.53, 1028.19, 537.53, 27.41, 12.48
8.93, 4, white car, 367.22, 526.30, 394.91, 538.53, 381.07, 532.41, 367.22, 532.41, 394.91, 532.41, 27.69, 12.23
8.93, 47, black car, 1267.10, 520.22, 1297.24, 532.45, 1282.17, 526.33, 1267.10, 526.33, 1297.24, 526.33, 30.15, 12.23
8.97, 2, white car, 112.34, 515.39, 142.28, 528.88, 127.31, 522.14, 112.34, 522.14, 142.28, 522.14, 29.94, 13.49
8.97, 14, white car, 997.77, 531.49, 1024.86, 543.79, 1011.32, 537.64, 997.77, 537.64, 1024.86, 537.64, 27.09, 12.31
8.97, 4, white car, 364.65, 526.17, 392.38, 538.41, 378.52, 532.29, 364.65, 532.29, 392.38, 532.29, 27.73, 12.24
8.97, 47, black car, 1263.10, 520.61, 1293.54, 532.96, 1278.32, 526.78, 1263.10, 526.78, 1293.54, 526.78, 30.44, 12.35
9.00, 2, white car, 110.40, 515.51, 139.95, 528.86, 125.17, 522.19, 110.40, 522.19, 139.95, 522.19, 29.55, 13.34
9.00, 14, white car, 994.36, 531.67, 1021.72, 544.09, 1008.04, 537.88, 994.36, 537.88, 1021.72, 537.88, 27.36, 12.42
9.00, 4, white car, 362.25, 526.16, 389.94, 538.36, 376.09, 532.26, 362.25, 532.26, 389.94, 532.26, 27.69, 12.21
9.00, 47, black car, 1259.46, 520.71, 1290.64, 533.35, 1275.05, 527.03, 1259.46, 527.03, 1290.64, 527.03, 31.18, 12.64
9.03, 2, white car, 107.91, 515.54, 137.17, 528.76, 122.54, 522.15, 107.91, 522.15, 137.17, 522.15, 29.26, 13.21
9.03, 14, white car, 990.97, 531.67, 1018.34, 544.07, 1004.66, 537.87, 990.97, 537.87, 1018.34, 537.87, 27.36, 12.40
9.03, 4, white car, 359.57, 526.00, 387.70, 538.39, 373.64, 532.19, 359.57, 532.19, 387.70, 532.19, 28.13, 12.39
9.03, 47, black car, 1255.71, 520.89, 1286.53, 533.38, 1271.12, 527.14, 1255.71, 527.14, 1286.53, 527.14, 30.82, 12.49
9.07, 2, white car, 104.99, 515.33, 134.62, 528.70, 119.81, 522.02, 104.99, 522.02, 134.62, 522.02, 29.63, 13.37
9.07, 14, white car, 987.82, 531.70, 1015.29, 544.12, 1001.56, 537.91, 987.82, 537.91, 1015.29, 537.91, 27.47, 12.42
9.07, 4, white car, 357.13, 525.91, 385.29, 538.27, 371.21, 532.09, 357.13, 532.09, 385.29, 532.09, 28.15, 12.36
9.07, 47, black car, 1252.13, 521.05, 1282.21, 533.24, 1267.17, 527.15, 1252.13, 527.15, 1282.21, 527.15, 30.08, 12.18
9.10, 2, white car, 102.24, 515.23, 131.95, 528.59, 117.10, 521.91, 102.24, 521.91, 131.95, 521.91, 29.71, 13.36
9.10, 14, white car, 984.43, 531.88, 1011.90, 544.32, 998.17, 538.10, 984.43, 538.10, 1011.90, 538.10, 27.47, 12.44
9.10, 4, white car, 354.92, 525.98, 382.73, 538.15, 368.83, 532.06, 354.92, 532.06, 382.73, 532.06, 27.81, 12.17
9.10, 47, black car, 1248.22, 520.96, 1278.38, 533.20, 1263.30, 527.08, 1248.22, 527.08, 1278.38, 527.08, 30.16, 12.24
9.13, 2, white car, 100.04, 515.16, 129.45, 528.36, 114.75, 521.76, 100.04, 521.76, 129.45, 521.76, 29.40, 13.19
9.13, 14, white car, 980.92, 532.10, 1008.51, 544.60, 994.71, 538.35, 980.92, 538.35, 1008.51, 538.35, 27.59, 12.50
9.13, 4, white car, 352.46, 525.95, 380.50, 538.20, 366.48, 532.07, 352.46, 532.07, 380.50, 532.07, 28.04, 12.25
9.13, 47, black car, 1244.72, 521.23, 1274.95, 533.52, 1259.83, 527.38, 1244.72, 527.38, 1274.95, 527.38, 30.23, 12.28
9.17, 2, white car, 98.28, 515.05, 127.38, 528.09, 112.83, 521.57, 98.28, 521.57, 127.38, 521.57, 29.10, 13.03
9.17, 14, white car, 977.62, 532.18, 1005.38, 544.77, 991.50, 538.48, 977.62, 538.48, 1005.38, 538.48, 27.77, 12.59
9.17, 4, white car, 349.98, 525.76, 377.91, 537.95, 363.94, 531.85, 349.98, 531.85, 377.91, 531.85, 27.93, 12.19
9.17, 47, black car, 1241.59, 521.07, 1271.55, 533.25, 1256.57, 527.16, 1241.59, 527.16, 1271.55, 527.16, 29.96, 12.17
9.20, 2, white car, 96.00, 514.94, 125.03, 527.92, 110.52, 521.43, 96.00, 521.43, 125.03, 521.43, 29.03, 12.98
9.20, 14, white car, 973.99, 532.18, 1001.84, 544.81, 987.91, 538.49, 973.99, 538.49, 1001.84, 538.49, 27.85, 12.63
9.20, 4, white car, 347.43, 525.65, 375.52, 537.90, 361.47, 531.77, 347.43, 531.77, 375.52, 531.77, 28.09, 12.25
9.23, 2, white car, 93.51, 514.82, 122.81, 527.88, 108.16, 521.35, 93.51, 521.35, 122.81, 521.35, 29.30, 13.06
9.23, 14, white car, 970.80, 532.36, 998.62, 544.98, 984.71, 538.67, 970.80, 538.67, 998.62, 538.67, 27.82, 12.62
9.23, 4, white car, 345.25, 525.62, 373.46, 537.92, 359.36, 531.77, 345.25, 531.77, 373.46, 531.77, 28.22, 12.30
9.27, 2, white car, 90.78, 514.49, 120.67, 527.81, 105.72, 521.15, 90.78, 521.15, 120.67, 521.15, 29.90, 13.32
9.27, 14, white car, 967.34, 532.38, 995.18, 545.01, 981.26, 538.70, 967.34, 538.70, 995.18, 538.70, 27.84, 12.62
9.27, 4, white car, 342.93, 525.46, 370.99, 537.68, 356.96, 531.57, 342.93, 531.57, 370.99, 531.57, 28.06, 12.22
9.27, 47, black car, 1230.32, 521.86, 1260.27, 534.03, 1245.30, 527.95, 1230.32, 527.95, 1260.27, 527.95, 29.95, 12.17
9.30, 2, white car, 88.11, 514.29, 117.80, 527.49, 102.95, 520.89, 88.11, 520.89, 117.80, 520.89, 29.69, 13.20
9.30, 14, white car, 964.01, 532.36, 991.84, 544.98, 977.93, 538.67, 964.01, 538.67, 991.84, 538.67, 27.83, 12.62
9.30, 4, white car, 340.32, 525.43, 368.04, 537.49, 354.18, 531.46, 340.32, 531.46, 368.04, 531.46, 27.72, 12.06
9.33, 2, white car, 85.76, 514.32, 115.62, 527.56, 100.69, 520.94, 85.76, 520.94, 115.62, 520.94, 29.86, 13.24
9.33, 14, white car, 960.73, 532.37, 988.41, 544.92, 974.57, 538.65, 960.73, 538.65, 988.41, 538.65, 27.67, 12.55
9.33, 4, white car, 337.32, 524.96, 365.58, 537.27, 351.45, 531.12, 337.32, 531.12, 365.58, 531.12, 28.27, 12.31
9.33, 47, black car, 1222.53, 521.98, 1252.54, 534.21, 1237.54, 528.10, 1222.53, 528.10, 1252.54, 528.10, 30.02, 12.23
9.37, 2, white car, 83.66, 514.30, 113.50, 527.49, 98.58, 520.90, 83.66, 520.90, 113.50, 520.90, 29.84, 13.19
9.37, 4, white car, 334.70, 524.73, 363.09, 537.10, 348.90, 530.91, 334.70, 530.91, 363.09, 530.91, 28.39, 12.37
9.37, 47, black car, 1218.93, 521.98, 1249.14, 534.33, 1234.04, 528.16, 1218.93, 528.16, 1249.14, 528.16, 30.21, 12.35
9.40, 2, white car, 81.34, 514.25, 111.36, 527.46, 96.35, 520.85, 81.34, 520.85, 111.36, 520.85, 30.02, 13.21
9.40, 4, white car, 332.27, 524.75, 360.60, 537.08, 346.44, 530.91, 332.27, 530.91, 360.60, 530.91, 28.32, 12.33
9.40, 47, black car, 1215.71, 522.14, 1245.50, 534.31, 1230.61, 528.23, 1215.71, 528.23, 1245.50, 528.23, 29.79, 12.17
9.43, 2, white car, 78.95, 514.12, 109.46, 527.51, 94.20, 520.81, 78.95, 520.81, 109.46, 520.81, 30.52, 13.38
9.43, 4, white car, 330.24, 524.68, 358.35, 536.89, 344.29, 530.78, 330.24, 530.78, 358.35, 530.78, 28.10, 12.22
9.43, 47, black car, 1211.56, 522.23, 1241.27, 534.35, 1226.41, 528.29, 1211.56, 528.29, 1241.27, 528.29, 29.70, 12.13
9.47, 2, white car, 75.85, 513.76, 107.04, 527.48, 91.44, 520.62, 75.85, 520.62, 107.04, 520.62, 31.19, 13.73
9.47, 4, white car, 328.02, 524.67, 355.96, 536.78, 341.99, 530.72, 328.02, 530.72, 355.96, 530.72, 27.94, 12.11
9.47, 47, black car, 1207.63, 522.37, 1237.53, 534.58, 1222.58, 528.47, 1207.63, 528.47, 1237.53, 528.47, 29.90, 12.21
9.50, 2, white car, 73.19, 513.70, 104.17, 527.37, 88.68, 520.54, 73.19, 520.54, 104.17, 520.54, 30.98, 13.67
9.50, 4, white car, 325.68, 524.68, 353.63, 536.76, 339.65, 530.72, 325.68, 530.72, 353.63, 530.72, 27.95, 12.08
9.50, 47, black car, 1204.15, 522.35, 1234.37, 534.71, 1219.26, 528.53, 1204.15, 528.53, 1234.37, 528.53, 30.22, 12.35
9.53, 2, white car, 71.13, 513.76, 101.64, 527.23, 86.39, 520.49, 71.13, 520.49, 101.64, 520.49, 30.51, 13.47
9.53, 4, white car, 323.26, 524.43, 350.96, 536.38, 337.11, 530.40, 323.26, 530.40, 350.96, 530.40, 27.70, 11.95
9.53, 47, black car, 1200.35, 522.25, 1231.25, 534.89, 1215.80, 528.57, 1200.35, 528.57, 1231.25, 528.57, 30.91, 12.64
9.57, 2, white car, 68.86, 513.62, 99.32, 527.07, 84.09, 520.34, 68.86, 520.34, 99.32, 520.34, 30.46, 13.44
9.57, 4, white car, 320.91, 524.30, 348.54, 536.18, 334.73, 530.24, 320.91, 530.24, 348.54, 530.24, 27.63, 11.88
9.57, 47, black car, 1196.83, 522.25, 1227.96, 534.99, 1212.40, 528.62, 1196.83, 528.62, 1227.96, 528.62, 31.13, 12.74
9.60, 2, white car, 66.57, 513.52, 96.96, 526.95, 81.76, 520.23, 66.57, 520.23, 96.96, 520.23, 30.39, 13.42
9.60, 4, white car, 318.47, 524.29, 346.21, 536.20, 332.34, 530.24, 318.47, 530.24, 346.21, 530.24, 27.74, 11.90
9.60, 47, black car, 1193.16, 522.51, 1224.21, 535.24, 1208.68, 528.87, 1193.16, 528.87, 1224.21, 528.87, 31.05, 12.73
9.63, 2, white car, 64.15, 513.24, 95.11, 526.94, 79.63, 520.09, 64.15, 520.09, 95.11, 520.09, 30.96, 13.70
9.63, 4, white car, 316.16, 524.04, 344.05, 535.99, 330.11, 530.01, 316.16, 530.01, 344.05, 530.01, 27.88, 11.95
9.63, 47, black car, 1189.48, 522.58, 1220.18, 535.20, 1204.83, 528.89, 1189.48, 528.89, 1220.18, 528.89, 30.70, 12.62
9.67, 2, white car, 61.68, 513.07, 92.79, 526.86, 77.24, 519.96, 61.68, 519.96, 92.79, 519.96, 31.11, 13.79
9.67, 4, white car, 313.98, 523.87, 341.79, 535.78, 327.88, 529.82, 313.98, 529.82, 341.79, 529.82, 27.81, 11.91
9.67, 47, black car, 1185.25, 522.50, 1216.03, 535.17, 1200.64, 528.83, 1185.25, 528.83, 1216.03, 528.83, 30.77, 12.66
9.70, 2, white car, 59.38, 513.10, 90.39, 526.86, 74.88, 519.98, 59.38, 519.98, 90.39, 519.98, 31.02, 13.76
9.70, 4, white car, 311.19, 523.79, 339.10, 535.73, 325.14, 529.76, 311.19, 529.76, 339.10, 529.76, 27.92, 11.94
9.70, 47, black car, 1181.67, 522.86, 1212.22, 535.44, 1196.95, 529.15, 1181.67, 529.15, 1212.22, 529.15, 30.55, 12.58
9.73, 2, white car, 57.14, 513.03, 87.98, 526.71, 72.56, 519.87, 57.14, 519.87, 87.98, 519.87, 30.83, 13.68
9.73, 4, white car, 308.60, 523.68, 336.71, 535.70, 322.66, 529.69, 308.60, 529.69, 336.71, 529.69, 28.11, 12.01
9.77, 2, white car, 54.96, 512.94, 85.39, 526.42, 70.17, 519.68, 54.96, 519.68, 85.39, 519.68, 30.43, 13.48
9.77, 4, white car, 306.25, 523.55, 334.59, 535.66, 320.42, 529.60, 306.25, 529.60, 334.59, 529.60, 28.34, 12.11
9.77, 47, black car, 1174.13, 523.15, 1204.84, 535.88, 1189.48, 529.51, 1174.13, 529.51, 1204.84, 529.51, 30.72, 12.72
9.80, 2, white car, 52.46, 512.95, 83.12, 526.50, 67.79, 519.73, 52.46, 519.73, 83.12, 519.73, 30.66, 13.55
9.80, 4, white car, 303.92, 523.51, 332.15, 535.57, 318.04, 529.54, 303.92, 529.54, 332.15, 529.54, 28.23, 12.06
9.80, 47, black car, 1170.48, 523.20, 1201.33, 536.01, 1185.90, 529.61, 1170.48, 529.61, 1201.33, 529.61, 30.85, 12.81
9.83, 2, white car, 50.02, 512.71, 81.04, 526.40, 65.53, 519.55, 50.02, 519.55, 81.04, 519.55, 31.02, 13.69
9.83, 4, white car, 301.94, 523.51, 329.85, 535.40, 315.89, 529.45, 301.94, 529.45, 329.85, 529.45, 27.91, 11.90
9.83, 47, black car, 1167.19, 523.52, 1197.79, 536.22, 1182.49, 529.87, 1167.19, 529.87, 1197.79, 529.87, 30.59, 12.70
9.87, 2, white car, 47.75, 512.60, 78.59, 526.20, 63.17, 519.40, 47.75, 519.40, 78.59, 519.40, 30.85, 13.60
9.87, 4, white car, 299.64, 523.41, 327.30, 535.16, 313.47, 529.29, 299.64, 529.29, 327.30, 529.29, 27.67, 11.74
9.87, 47, black car, 1163.65, 523.61, 1193.89, 536.20, 1178.77, 529.90, 1163.65, 529.90, 1193.89, 529.90, 30.24, 12.58
9.90, 2, white car, 45.35, 512.56, 76.30, 526.18, 60.83, 519.37, 45.35, 519.37, 76.30, 519.37, 30.94, 13.62
9.90, 4, white car, 297.19, 523.32, 324.79, 534.98, 310.99, 529.15, 297.19, 529.15, 324.79, 529.15, 27.60, 11.66
9.90, 47, black car, 1160.02, 523.76, 1190.05, 536.29, 1175.03, 530.02, 1160.02, 530.02, 1190.05, 530.02, 30.03, 12.53
9.93, 2, white car, 42.83, 512.53, 73.55, 526.02, 58.19, 519.27, 42.83, 519.27, 73.55, 519.27, 30.72, 13.49
9.93, 4, white car, 294.81, 523.06, 322.40, 534.71, 308.61, 528.88, 294.81, 528.88, 322.40, 528.88, 27.59, 11.65
9.93, 47, black car, 1156.16, 523.61, 1186.19, 536.17, 1171.18, 529.89, 1156.16, 529.89, 1186.19, 529.89, 30.03, 12.56
9.97, 2, white car, 40.55, 512.39, 71.27, 525.87, 55.91, 519.13, 40.55, 519.13, 71.27, 519.13, 30.73, 13.48
9.97, 4, white car, 292.36, 522.99, 319.80, 534.57, 306.08, 528.78, 292.36, 528.78, 319.80, 528.78, 27.44, 11.57
9.97, 47, black car, 1152.43, 523.74, 1182.80, 536.45, 1167.62, 530.10, 1152.43, 530.10, 1182.80, 530.10, 30.37, 12.71
