0.00, 7, black car, 163.03, 509.24, 192.55, 522.08, 177.79, 515.66, 163.03, 515.66, 192.55, 515.66, 29.52, 12.84
0.00, 9, white car, 937.30, 535.52, 967.67, 550.14, 952.48, 542.83, 937.30, 542.83, 967.67, 542.83, 30.37, 14.62
0.00, 26, black car, 73.95, 503.93, 103.36, 517.55, 88.65, 510.74, 73.95, 510.74, 103.36, 510.74, 29.41, 13.62
0.03, 7, black car, 162.67, 509.19, 192.34, 522.10, 177.50, 515.64, 162.67, 515.64, 192.34, 515.64, 29.67, 12.91
0.03, 9, white car, 935.33, 535.93, 965.31, 550.36, 950.32, 543.14, 935.33, 543.14, 965.31, 543.14, 29.98, 14.43
0.03, 26, black car, 73.87, 503.93, 103.32, 517.57, 88.59, 510.75, 73.87, 510.75, 103.32, 510.75, 29.46, 13.64
0.07, 7, black car, 162.09, 509.21, 191.84, 522.16, 176.97, 515.69, 162.09, 515.69, 191.84, 515.69, 29.75, 12.95
0.07, 9, white car, 933.25, 535.90, 963.27, 550.35, 948.26, 543.12, 933.25, 543.12, 963.27, 543.12, 30.02, 14.45
0.07, 26, black car, 73.75, 503.90, 103.06, 517.47, 88.41, 510.68, 73.75, 510.68, 103.06, 510.68, 29.31, 13.57
0.10, 7, black car, 161.76, 509.18, 191.48, 522.12, 176.62, 515.65, 161.76, 515.65, 191.48, 515.65, 29.71, 12.94
0.10, 9, white car, 930.96, 535.65, 960.98, 550.10, 945.97, 542.88, 930.96, 542.88, 960.98, 542.88, 30.02, 14.45
0.10, 26, black car, 73.47, 503.81, 102.69, 517.35, 88.08, 510.58, 73.47, 510.58, 102.69, 510.58, 29.22, 13.54
0.13, 7, black car, 161.13, 509.11, 190.91, 522.09, 176.02, 515.60, 161.13, 515.60, 190.91, 515.60, 29.78, 12.98
0.13, 9, white car, 928.82, 535.66, 958.87, 550.13, 943.85, 542.89, 928.82, 542.89, 958.87, 542.89, 30.05, 14.47
0.13, 26, black car, 73.06, 503.69, 102.10, 517.15, 87.58, 510.42, 73.06, 510.42, 102.10, 510.42, 29.04, 13.45
0.17, 7, black car, 160.51, 509.10, 190.33, 522.10, 175.42, 515.60, 160.51, 515.60, 190.33, 515.60, 29.82, 13.00
0.17, 9, white car, 926.50, 535.78, 956.48, 550.19, 941.49, 542.98, 926.50, 542.98, 956.48, 542.98, 29.98, 14.41
0.17, 26, black car, 72.71, 503.58, 101.70, 517.01, 87.20, 510.29, 72.71, 510.29, 101.70, 510.29, 29.00, 13.43
0.20, 7, black car, 159.76, 509.09, 189.55, 522.09, 174.65, 515.59, 159.76, 515.59, 189.55, 515.59, 29.79, 13.00
0.20, 9, white car, 924.15, 535.77, 954.14, 550.20, 939.14, 542.98, 924.15, 542.98, 954.14, 542.98, 29.99, 14.42
0.20, 26, black car, 72.43, 503.52, 101.40, 516.92, 86.92, 510.22, 72.43, 510.22, 101.40, 510.22, 28.97, 13.40
0.23, 7, black car, 159.08, 508.98, 188.93, 522.02, 174.00, 515.50, 159.08, 515.50, 188.93, 515.50, 29.85, 13.05
0.23, 9, white car, 921.70, 535.78, 951.86, 550.27, 936.78, 543.03, 921.70, 543.03, 951.86, 543.03, 30.15, 14.49
0.23, 26, black car, 72.40, 503.55, 101.22, 516.87, 86.81, 510.21, 72.40, 510.21, 101.22, 510.21, 28.82, 13.32
0.27, 7, black car, 158.61, 508.85, 188.48, 521.92, 173.54, 515.39, 158.61, 515.39, 188.48, 515.39, 29.87, 13.08
0.27, 9, white car, 919.07, 535.83, 949.42, 550.40, 934.24, 543.12, 919.07, 543.12, 949.42, 543.12, 30.35, 14.56
0.27, 26, black car, 72.07, 503.59, 100.76, 516.85, 86.42, 510.22, 72.07, 510.22, 100.76, 510.22, 28.69, 13.26
0.30, 7, black car, 158.02, 508.75, 187.98, 521.90, 173.00, 515.32, 158.02, 515.32, 187.98, 515.32, 29.96, 13.15
0.30, 9, white car, 917.08, 535.76, 947.17, 550.18, 932.12, 542.97, 917.08, 542.97, 947.17, 542.97, 30.09, 14.42
0.30, 26, black car, 71.37, 503.37, 100.30, 516.73, 85.84, 510.05, 71.37, 510.05, 100.30, 510.05, 28.93, 13.36
0.33, 7, black car, 157.51, 508.75, 187.40, 521.89, 172.45, 515.32, 157.51, 515.32, 187.40, 515.32, 29.89, 13.14
0.33, 9, white car, 914.99, 535.90, 945.08, 550.30, 930.04, 543.10, 914.99, 543.10, 945.08, 543.10, 30.09, 14.40
0.33, 26, black car, 70.93, 503.31, 100.10, 516.78, 85.51, 510.05, 70.93, 510.05, 100.10, 510.05, 29.17, 13.47
0.37, 7, black car, 157.00, 508.69, 187.07, 521.93, 172.03, 515.31, 157.00, 515.31, 187.07, 515.31, 30.07, 13.23
0.37, 9, white car, 912.67, 536.00, 942.57, 550.27, 927.62, 543.14, 912.67, 543.14, 942.57, 543.14, 29.89, 14.27
0.37, 26, black car, 70.48, 503.20, 99.99, 516.83, 85.24, 510.02, 70.48, 510.02, 99.99, 510.02, 29.52, 13.63
0.40, 7, black car, 156.54, 508.84, 186.20, 521.91, 171.37, 515.38, 156.54, 515.38, 186.20, 515.38, 29.66, 13.07
0.40, 9, white car, 910.32, 535.94, 940.14, 550.18, 925.23, 543.06, 910.32, 543.06, 940.14, 543.06, 29.82, 14.24
0.40, 26, black car, 70.30, 503.22, 99.78, 516.83, 85.04, 510.02, 70.30, 510.02, 99.78, 510.02, 29.48, 13.61
0.43, 7, black car, 156.17, 508.86, 185.57, 521.83, 170.87, 515.35, 156.17, 515.35, 185.57, 515.35, 29.40, 12.96
0.43, 9, white car, 907.64, 535.89, 937.74, 550.26, 922.69, 543.08, 907.64, 543.08, 937.74, 543.08, 30.10, 14.37
0.43, 26, black car, 70.17, 503.44, 99.22, 516.85, 84.69, 510.15, 70.17, 510.15, 99.22, 510.15, 29.05, 13.41
0.47, 7, black car, 155.78, 508.81, 185.14, 521.75, 170.46, 515.28, 155.78, 515.28, 185.14, 515.28, 29.35, 12.95
0.47, 9, white car, 905.12, 535.79, 935.63, 550.33, 920.38, 543.06, 905.12, 543.06, 935.63, 543.06, 30.50, 14.55
0.47, 26, black car, 69.95, 503.62, 98.89, 516.99, 84.42, 510.30, 69.95, 510.30, 98.89, 510.30, 28.94, 13.37
0.50, 7, black car, 155.29, 508.73, 184.70, 521.70, 170.00, 515.21, 155.29, 515.21, 184.70, 515.21, 29.41, 12.97
0.50, 9, white car, 903.12, 535.57, 933.54, 550.09, 918.33, 542.83, 903.12, 542.83, 933.54, 542.83, 30.43, 14.52
0.50, 26, black car, 69.45, 503.52, 98.47, 516.91, 83.96, 510.22, 69.45, 510.22, 98.47, 510.22, 29.02, 13.38
0.53, 7, black car, 154.84, 508.67, 184.33, 521.66, 169.59, 515.16, 154.84, 515.16, 184.33, 515.16, 29.49, 12.99
0.53, 9, white car, 901.24, 535.63, 931.31, 549.96, 916.27, 542.79, 901.24, 542.79, 931.31, 542.79, 30.07, 14.33
0.53, 26, black car, 69.24, 503.40, 98.40, 516.82, 83.82, 510.11, 69.24, 510.11, 98.40, 510.11, 29.15, 13.42
0.57, 7, black car, 154.63, 508.68, 183.99, 521.61, 169.31, 515.15, 154.63, 515.15, 183.99, 515.15, 29.36, 12.93
0.57, 9, white car, 899.08, 535.92, 928.95, 550.06, 914.01, 542.99, 899.08, 542.99, 928.95, 542.99, 29.86, 14.14
0.57, 26, black car, 69.13, 503.28, 98.14, 516.62, 83.63, 509.95, 69.13, 509.95, 98.14, 509.95, 29.00, 13.34
0.60, 7, black car, 154.26, 508.70, 183.58, 521.57, 168.92, 515.14, 154.26, 515.14, 183.58, 515.14, 29.32, 12.87
0.60, 9, white car, 896.92, 536.09, 926.16, 549.90, 911.54, 542.99, 896.92, 542.99, 926.16, 542.99, 29.23, 13.81
0.60, 26, black car, 68.73, 503.17, 97.64, 516.47, 83.18, 509.82, 68.73, 509.82, 97.64, 509.82, 28.91, 13.30
0.63, 7, black car, 153.80, 508.71, 183.04, 521.53, 168.42, 515.12, 153.80, 515.12, 183.04, 515.12, 29.23, 12.82
0.63, 9, white car, 894.21, 536.18, 923.33, 549.94, 908.77, 543.06, 894.21, 543.06, 923.33, 543.06, 29.12, 13.76
0.63, 26, black car, 68.33, 503.28, 97.11, 516.53, 82.72, 509.91, 68.33, 509.91, 97.11, 509.91, 28.78, 13.25
0.67, 7, black car, 153.52, 508.68, 182.91, 521.54, 168.22, 515.11, 153.52, 515.11, 182.91, 515.11, 29.38, 12.85
0.67, 9, white car, 891.79, 536.31, 921.24, 550.18, 906.52, 543.25, 891.79, 543.25, 921.24, 543.25, 29.45, 13.87
0.67, 26, black car, 68.18, 503.40, 96.83, 516.58, 82.51, 509.99, 68.18, 509.99, 96.83, 509.99, 28.65, 13.19
0.70, 7, black car, 153.01, 508.62, 182.58, 521.54, 167.79, 515.08, 153.01, 515.08, 182.58, 515.08, 29.57, 12.92
0.70, 9, white car, 889.78, 536.29, 919.13, 550.08, 904.46, 543.19, 889.78, 543.19, 919.13, 543.19, 29.35, 13.78
0.70, 26, black car, 67.87, 503.47, 96.55, 516.67, 82.21, 510.07, 67.87, 510.07, 96.55, 510.07, 28.68, 13.19
0.73, 7, black car, 152.53, 508.54, 182.21, 521.49, 167.37, 515.01, 152.53, 515.01, 182.21, 515.01, 29.68, 12.95
0.73, 9, white car, 887.76, 536.24, 916.76, 549.82, 902.26, 543.03, 887.76, 543.03, 916.76, 543.03, 29.00, 13.58
0.73, 26, black car, 67.88, 503.52, 96.40, 516.63, 82.14, 510.07, 67.88, 510.07, 96.40, 510.07, 28.52, 13.11
0.77, 7, black car, 152.21, 508.55, 181.97, 521.52, 167.09, 515.03, 152.21, 515.03, 181.97, 515.03, 29.77, 12.97
0.77, 9, white car, 885.79, 536.53, 914.31, 549.77, 900.05, 543.15, 885.79, 543.15, 914.31, 543.15, 28.52, 13.24
0.77, 26, black car, 67.70, 503.56, 96.13, 516.62, 81.91, 510.09, 67.70, 510.09, 96.13, 510.09, 28.44, 13.06
0.80, 7, black car, 152.16, 508.60, 182.10, 521.63, 167.13, 515.11, 152.16, 515.11, 182.10, 515.11, 29.93, 13.02
0.80, 9, white car, 883.56, 536.48, 912.10, 549.65, 897.83, 543.06, 883.56, 543.06, 912.10, 543.06, 28.53, 13.17
0.80, 26, black car, 67.40, 503.59, 95.88, 516.66, 81.64, 510.13, 67.40, 510.13, 95.88, 510.13, 28.47, 13.08
0.83, 7, black car, 151.71, 508.61, 181.95, 521.73, 166.83, 515.17, 151.71, 515.17, 181.95, 515.17, 30.25, 13.12
0.83, 9, white car, 880.60, 536.22, 909.88, 549.72, 895.24, 542.97, 880.60, 542.97, 909.88, 542.97, 29.28, 13.49
0.83, 26, black car, 67.12, 503.62, 95.46, 516.62, 81.29, 510.12, 67.12, 510.12, 95.46, 510.12, 28.35, 13.01
0.87, 7, black car, 151.17, 508.57, 181.78, 521.79, 166.47, 515.18, 151.17, 515.18, 181.78, 515.18, 30.61, 13.22
0.87, 9, white car, 878.10, 536.46, 907.65, 550.00, 892.87, 543.23, 878.10, 543.23, 907.65, 543.23, 29.54, 13.54
0.87, 26, black car, 66.70, 503.68, 95.07, 516.68, 80.88, 510.18, 66.70, 510.18, 95.07, 510.18, 28.37, 13.00
0.90, 7, black car, 150.73, 508.57, 181.51, 521.83, 166.12, 515.20, 150.73, 515.20, 181.51, 515.20, 30.78, 13.26
0.90, 9, white car, 876.00, 536.45, 905.31, 549.82, 890.65, 543.14, 876.00, 543.14, 905.31, 543.14, 29.31, 13.37
0.90, 26, black car, 66.26, 503.61, 94.73, 516.62, 80.49, 510.11, 66.26, 510.11, 94.73, 510.11, 28.47, 13.01
0.93, 7, black car, 150.45, 508.57, 181.23, 521.80, 165.84, 515.19, 150.45, 515.19, 181.23, 515.19, 30.78, 13.23
0.93, 9, white car, 873.60, 536.12, 903.37, 549.68, 888.48, 542.90, 873.60, 542.90, 903.37, 542.90, 29.76, 13.56
0.93, 26, black car, 65.68, 503.45, 94.46, 516.58, 80.07, 510.01, 65.68, 510.01, 94.46, 510.01, 28.79, 13.13
0.97, 7, black car, 150.26, 508.58, 181.21, 521.84, 165.74, 515.21, 150.26, 515.21, 181.21, 515.21, 30.95, 13.26
0.97, 9, white car, 871.54, 536.23, 901.38, 549.80, 886.46, 543.02, 871.54, 543.02, 901.38, 543.02, 29.84, 13.57
0.97, 26, black car, 65.47, 503.29, 94.08, 516.35, 79.77, 509.82, 65.47, 509.82, 94.08, 509.82, 28.61, 13.06
1.00, 7, black car, 149.91, 508.50, 181.16, 521.84, 165.53, 515.17, 149.91, 515.17, 181.16, 515.17, 31.25, 13.34
1.00, 9, white car, 869.49, 536.26, 899.23, 549.73, 884.36, 543.00, 869.49, 543.00, 899.23, 543.00, 29.74, 13.46
1.00, 26, black car, 65.01, 503.29, 93.54, 516.32, 79.27, 509.81, 65.01, 509.81, 93.54, 509.81, 28.53, 13.02
1.03, 7, black car, 149.81, 508.49, 181.18, 521.81, 165.49, 515.15, 149.81, 515.15, 181.18, 515.15, 31.36, 13.33
1.03, 9, white car, 866.90, 536.12, 896.99, 549.75, 881.94, 542.93, 866.90, 542.93, 896.99, 542.93, 30.09, 13.63
1.03, 26, black car, 64.56, 503.29, 93.12, 516.31, 78.84, 509.80, 64.56, 509.80, 93.12, 509.80, 28.55, 13.02
1.07, 7, black car, 149.66, 508.55, 180.99, 521.79, 165.32, 515.17, 149.66, 515.17, 180.99, 515.17, 31.34, 13.24
1.07, 9, white car, 864.52, 536.31, 894.86, 550.04, 879.69, 543.18, 864.52, 543.18, 894.86, 543.18, 30.34, 13.73
1.07, 26, black car, 64.22, 503.37, 92.77, 516.36, 78.50, 509.87, 64.22, 509.87, 92.77, 509.87, 28.54, 13.00
1.10, 7, black car, 149.46, 508.47, 180.91, 521.69, 165.18, 515.08, 149.46, 515.08, 180.91, 515.08, 31.45, 13.22
1.10, 9, white car, 862.52, 536.32, 892.63, 549.91, 877.58, 543.12, 862.52, 543.12, 892.63, 543.12, 30.11, 13.59
1.10, 26, black car, 63.67, 503.33, 92.50, 516.43, 78.09, 509.88, 63.67, 509.88, 92.50, 509.88, 28.83, 13.10
1.10, 41, white car, 7.81, 499.00, 35.11, 511.58, 21.46, 505.29, 7.81, 505.29, 35.11, 505.29, 27.30, 12.58
1.13, 7, black car, 149.22, 508.35, 180.45, 521.40, 164.83, 514.88, 149.22, 514.88, 180.45, 514.88, 31.22, 13.05
1.13, 9, white car, 860.42, 536.08, 890.30, 549.56, 875.36, 542.82, 860.42, 542.82, 890.30, 542.82, 29.88, 13.48
1.13, 26, black car, 63.41, 503.18, 92.46, 516.35, 77.93, 509.76, 63.41, 509.76, 92.46, 509.76, 29.06, 13.17
1.13, 41, white car, 7.81, 498.98, 35.12, 511.56, 21.47, 505.27, 7.81, 505.27, 35.12, 505.27, 27.31, 12.58
1.17, 7, black car, 148.48, 508.14, 179.51, 521.04, 163.99, 514.59, 148.48, 514.59, 179.51, 514.59, 31.03, 12.91
1.17, 9, white car, 858.36, 536.02, 888.43, 549.59, 873.39, 542.81, 858.36, 542.81, 888.43, 542.81, 30.07, 13.57
1.17, 26, black car, 63.32, 502.99, 92.61, 516.22, 77.96, 509.61, 63.32, 509.61, 92.61, 509.61, 29.29, 13.24
1.17, 41, white car, 7.80, 498.87, 35.16, 511.48, 21.48, 505.17, 7.80, 505.17, 35.16, 505.17, 27.36, 12.60
1.20, 7, black car, 147.70, 507.97, 178.84, 520.87, 163.27, 514.42, 147.70, 514.42, 178.84, 514.42, 31.14, 12.90
1.20, 9, white car, 856.18, 535.96, 886.76, 549.73, 871.47, 542.85, 856.18, 542.85, 886.76, 542.85, 30.58, 13.77
1.20, 26, black car, 63.12, 503.05, 92.25, 516.17, 77.69, 509.61, 63.12, 509.61, 92.25, 509.61, 29.13, 13.13
1.20, 41, white car, 7.82, 498.87, 35.11, 511.43, 21.46, 505.15, 7.82, 505.15, 35.11, 505.15, 27.29, 12.57
1.23, 7, black car, 146.93, 507.87, 178.24, 520.82, 162.59, 514.34, 146.93, 514.34, 178.24, 514.34, 31.31, 12.95
1.23, 9, white car, 854.03, 535.91, 884.79, 549.74, 869.41, 542.83, 854.03, 542.83, 884.79, 542.83, 30.76, 13.84
1.23, 26, black car, 63.08, 503.20, 91.97, 516.18, 77.52, 509.69, 63.08, 509.69, 91.97, 509.69, 28.89, 12.97
1.23, 41, white car, 7.78, 498.85, 35.08, 511.42, 21.43, 505.13, 7.78, 505.13, 35.08, 505.13, 27.30, 12.57
1.27, 7, black car, 146.09, 507.72, 177.59, 520.74, 161.84, 514.23, 146.09, 514.23, 177.59, 514.23, 31.50, 13.02
1.27, 9, white car, 851.59, 535.89, 882.39, 549.76, 866.99, 542.82, 851.59, 542.82, 882.39, 542.82, 30.79, 13.88
1.27, 26, black car, 63.03, 503.27, 91.77, 516.13, 77.40, 509.70, 63.03, 509.70, 91.77, 509.70, 28.74, 12.86
1.30, 7, black car, 145.29, 507.65, 177.32, 520.90, 161.31, 514.27, 145.29, 514.27, 177.32, 514.27, 32.03, 13.24
1.30, 9, white car, 848.99, 536.00, 880.11, 550.04, 864.55, 543.02, 848.99, 543.02, 880.11, 543.02, 31.12, 14.04
1.30, 26, black car, 62.65, 503.27, 91.55, 516.17, 77.10, 509.72, 62.65, 509.72, 91.55, 509.72, 28.90, 12.89
1.33, 7, black car, 144.74, 507.59, 176.81, 520.88, 160.78, 514.23, 144.74, 514.23, 176.81, 514.23, 32.08, 13.29
1.33, 9, white car, 846.78, 535.96, 877.68, 549.92, 862.23, 542.94, 846.78, 542.94, 877.68, 542.94, 30.90, 13.96
1.33, 26, black car, 62.00, 503.17, 91.23, 516.15, 76.62, 509.66, 62.00, 509.66, 91.23, 509.66, 29.23, 12.99
1.37, 7, black car, 144.27, 507.42, 176.44, 520.78, 160.35, 514.10, 144.27, 514.10, 176.44, 514.10, 32.17, 13.36
1.37, 9, white car, 844.72, 535.86, 875.48, 549.81, 860.10, 542.84, 844.72, 542.84, 875.48, 542.84, 30.76, 13.95
1.37, 26, black car, 61.08, 502.95, 90.82, 516.10, 75.95, 509.53, 61.08, 509.53, 90.82, 509.53, 29.75, 13.15
1.40, 7, black car, 144.01, 507.43, 176.51, 520.95, 160.26, 514.19, 144.01, 514.19, 176.51, 514.19, 32.50, 13.52
1.40, 9, white car, 842.30, 535.96, 873.22, 550.00, 857.76, 542.98, 842.30, 542.98, 873.22, 542.98, 30.92, 14.04
1.40, 26, black car, 60.13, 502.79, 90.42, 516.13, 75.27, 509.46, 60.13, 509.46, 90.42, 509.46, 30.29, 13.34
1.43, 7, black car, 143.84, 507.48, 175.82, 520.80, 159.83, 514.14, 143.84, 514.14, 175.82, 514.14, 31.98, 13.32
1.43, 9, white car, 840.41, 536.01, 870.94, 549.89, 855.68, 542.95, 840.41, 542.95, 870.94, 542.95, 30.54, 13.88
1.43, 26, black car, 59.24, 502.65, 89.93, 516.13, 74.58, 509.39, 59.24, 509.39, 89.93, 509.39, 30.69, 13.48
1.47, 7, black car, 143.30, 507.58, 174.72, 520.69, 159.01, 514.13, 143.30, 514.13, 174.72, 514.13, 31.42, 13.11
1.47, 9, white car, 838.20, 535.87, 868.54, 549.71, 853.37, 542.79, 838.20, 542.79, 868.54, 542.79, 30.34, 13.83
1.47, 26, black car, 58.98, 502.60, 89.85, 516.13, 74.41, 509.37, 58.98, 509.37, 89.85, 509.37, 30.87, 13.53
1.50, 7, black car, 142.45, 507.66, 173.40, 520.58, 157.92, 514.12, 142.45, 514.12, 173.40, 514.12, 30.96, 12.92
1.50, 9, white car, 835.83, 535.96, 866.17, 549.83, 851.00, 542.89, 835.83, 542.89, 866.17, 542.89, 30.35, 13.87
1.50, 26, black car, 58.23, 502.61, 89.26, 516.17, 73.75, 509.39, 58.23, 509.39, 89.26, 509.39, 31.04, 13.56
1.50, 41, white car, 8.02, 498.92, 35.01, 511.33, 21.52, 505.13, 8.02, 505.13, 35.01, 505.13, 26.99, 12.41
1.53, 7, black car, 141.87, 507.85, 172.26, 520.54, 157.06, 514.20, 141.87, 514.20, 172.26, 514.20, 30.39, 12.69
1.53, 9, white car, 833.62, 535.87, 864.01, 549.78, 848.81, 542.83, 833.62, 542.83, 864.01, 542.83, 30.39, 13.92
1.53, 26, black car, 57.75, 502.67, 88.85, 516.21, 73.30, 509.44, 57.75, 509.44, 88.85, 509.44, 31.10, 13.54
1.53, 41, white car, 7.96, 498.91, 35.02, 511.34, 21.49, 505.13, 7.96, 505.13, 35.02, 505.13, 27.06, 12.43
1.57, 7, black car, 141.69, 507.90, 171.84, 520.47, 156.77, 514.18, 141.69, 514.18, 171.84, 514.18, 30.15, 12.58
1.57, 9, white car, 831.55, 535.67, 861.79, 549.57, 846.67, 542.62, 831.55, 542.62, 861.79, 542.62, 30.25, 13.90
1.57, 26, black car, 57.61, 502.62, 88.98, 516.25, 73.29, 509.44, 57.61, 509.44, 88.98, 509.44, 31.37, 13.63
1.60, 7, black car, 140.95, 507.99, 170.58, 520.36, 155.77, 514.18, 140.95, 514.18, 170.58, 514.18, 29.64, 12.38
1.60, 9, white car, 829.25, 535.64, 859.55, 549.59, 844.40, 542.61, 829.25, 542.61, 859.55, 542.61, 30.30, 13.95
1.60, 26, black car, 57.52, 502.60, 88.86, 516.19, 73.19, 509.40, 57.52, 509.40, 88.86, 509.40, 31.34, 13.59
1.63, 7, black car, 139.93, 508.00, 169.34, 520.31, 154.63, 514.16, 139.93, 514.16, 169.34, 514.16, 29.41, 12.31
1.63, 9, white car, 827.25, 535.63, 857.50, 549.56, 842.38, 542.60, 827.25, 542.60, 857.50, 542.60, 30.25, 13.93
1.63, 26, black car, 57.46, 502.56, 88.80, 516.15, 73.13, 509.35, 57.46, 509.35, 88.80, 509.35, 31.34, 13.59
1.67, 7, black car, 139.03, 508.02, 168.20, 520.26, 153.62, 514.14, 139.03, 514.14, 168.20, 514.14, 29.17, 12.25
1.67, 9, white car, 825.16, 535.68, 855.11, 549.49, 840.14, 542.58, 825.16, 542.58, 855.11, 542.58, 29.95, 13.81
1.67, 26, black car, 57.44, 502.42, 88.87, 516.04, 73.15, 509.23, 57.44, 509.23, 88.87, 509.23, 31.44, 13.63
1.70, 7, black car, 138.49, 508.04, 167.51, 520.24, 153.00, 514.14, 138.49, 514.14, 167.51, 514.14, 29.02, 12.21
1.70, 9, white car, 822.89, 535.76, 852.89, 549.63, 837.89, 542.70, 822.89, 542.70, 852.89, 542.70, 30.00, 13.87
1.70, 26, black car, 57.33, 502.35, 88.55, 515.87, 72.94, 509.11, 57.33, 509.11, 88.55, 509.11, 31.22, 13.52
1.73, 7, black car, 138.09, 508.14, 166.93, 520.27, 152.51, 514.21, 138.09, 514.21, 166.93, 514.21, 28.84, 12.13
1.73, 9, white car, 820.58, 535.90, 850.25, 549.64, 835.41, 542.77, 820.58, 542.77, 850.25, 542.77, 29.68, 13.74
1.73, 26, black car, 56.87, 502.35, 88.06, 515.85, 72.46, 509.10, 56.87, 509.10, 88.06, 509.10, 31.19, 13.50
1.77, 7, black car, 137.50, 508.13, 166.29, 520.23, 151.89, 514.18, 137.50, 514.18, 166.29, 514.18, 28.79, 12.10
1.77, 9, white car, 818.34, 535.78, 848.05, 549.56, 833.20, 542.67, 818.34, 542.67, 848.05, 542.67, 29.71, 13.77
1.77, 26, black car, 56.70, 502.39, 87.70, 515.78, 72.20, 509.08, 56.70, 509.08, 87.70, 509.08, 31.00, 13.39
1.80, 7, black car, 136.72, 507.67, 166.37, 520.19, 151.55, 513.93, 136.72, 513.93, 166.37, 513.93, 29.65, 12.52
1.80, 9, white car, 816.40, 535.78, 846.10, 549.58, 831.25, 542.68, 816.40, 542.68, 846.10, 542.68, 29.70, 13.80
1.80, 26, black car, 56.35, 502.43, 87.19, 515.72, 71.77, 509.07, 56.35, 509.07, 87.19, 509.07, 30.84, 13.29
1.80, 41, white car, 7.70, 498.80, 35.17, 511.40, 21.44, 505.10, 7.70, 505.10, 35.17, 505.10, 27.46, 12.60
1.83, 7, black car, 136.35, 507.55, 166.09, 520.13, 151.22, 513.84, 136.35, 513.84, 166.09, 513.84, 29.74, 12.59
1.83, 9, white car, 814.16, 535.82, 843.94, 549.66, 829.05, 542.74, 814.16, 542.74, 843.94, 542.74, 29.78, 13.84
1.83, 26, black car, 56.39, 502.54, 86.93, 515.66, 71.66, 509.10, 56.39, 509.10, 86.93, 509.10, 30.54, 13.12
1.83, 41, white car, 7.75, 498.81, 35.24, 511.40, 21.49, 505.11, 7.75, 505.11, 35.24, 505.11, 27.49, 12.59
1.87, 7, black car, 136.18, 507.55, 165.77, 520.10, 150.97, 513.83, 136.18, 513.83, 165.77, 513.83, 29.60, 12.55
1.87, 9, white car, 811.93, 535.77, 841.97, 549.75, 826.95, 542.76, 811.93, 542.76, 841.97, 542.76, 30.03, 13.97
1.87, 26, black car, 56.45, 502.63, 86.82, 515.64, 71.64, 509.14, 56.45, 509.14, 86.82, 509.14, 30.37, 13.01
1.90, 7, black car, 135.84, 507.55, 165.51, 520.15, 150.67, 513.85, 135.84, 513.85, 165.51, 513.85, 29.67, 12.60
1.90, 9, white car, 809.69, 535.64, 840.02, 549.79, 824.85, 542.71, 809.69, 542.71, 840.02, 542.71, 30.33, 14.15
1.90, 26, black car, 56.14, 502.62, 86.53, 515.59, 71.33, 509.10, 56.14, 509.10, 86.53, 509.10, 30.40, 12.97
1.93, 7, black car, 135.23, 507.46, 165.23, 520.24, 150.23, 513.85, 135.23, 513.85, 165.23, 513.85, 30.01, 12.78
1.93, 9, white car, 807.42, 535.72, 837.83, 549.94, 822.62, 542.83, 807.42, 542.83, 837.83, 542.83, 30.41, 14.21
1.93, 26, black car, 55.96, 502.55, 86.58, 515.59, 71.27, 509.07, 55.96, 509.07, 86.58, 509.07, 30.62, 13.03
1.97, 7, black car, 134.86, 507.40, 164.87, 520.21, 149.87, 513.81, 134.86, 513.81, 164.87, 513.81, 30.02, 12.81
1.97, 9, white car, 805.23, 535.63, 835.76, 549.96, 820.50, 542.80, 805.23, 542.80, 835.76, 542.80, 30.53, 14.33
1.97, 26, black car, 56.06, 502.58, 86.71, 515.59, 71.39, 509.08, 56.06, 509.08, 86.71, 509.08, 30.65, 13.01
1.97, 41, white car, 7.51, 498.76, 35.26, 511.46, 21.38, 505.11, 7.51, 505.11, 35.26, 505.11, 27.75, 12.70
2.00, 7, black car, 134.44, 507.38, 164.55, 520.27, 149.49, 513.83, 134.44, 513.83, 164.55, 513.83, 30.11, 12.89
2.00, 9, white car, 803.01, 535.50, 833.63, 549.94, 818.32, 542.72, 803.01, 542.72, 833.63, 542.72, 30.62, 14.45
2.00, 26, black car, 56.20, 502.63, 86.86, 515.63, 71.53, 509.13, 56.20, 509.13, 86.86, 509.13, 30.66, 13.00
2.00, 41, white car, 7.42, 498.74, 35.23, 511.47, 21.33, 505.11, 7.42, 505.11, 35.23, 505.11, 27.82, 12.73
2.03, 7, black car, 134.30, 507.38, 164.35, 520.29, 149.33, 513.83, 134.30, 513.83, 164.35, 513.83, 30.06, 12.91
2.03, 9, white car, 801.03, 535.52, 831.48, 549.91, 816.26, 542.72, 801.03, 542.72, 831.48, 542.72, 30.45, 14.39
2.03, 26, black car, 56.42, 502.63, 87.03, 515.62, 71.73, 509.12, 56.42, 509.12, 87.03, 509.12, 30.61, 12.99
2.03, 41, white car, 7.36, 498.74, 35.22, 511.50, 21.29, 505.12, 7.36, 505.12, 35.22, 505.12, 27.86, 12.76
2.07, 7, black car, 134.01, 507.36, 164.15, 520.35, 149.08, 513.85, 134.01, 513.85, 164.15, 513.85, 30.15, 12.99
2.07, 9, white car, 799.14, 535.70, 829.03, 549.80, 814.08, 542.75, 799.14, 542.75, 829.03, 542.75, 29.89, 14.11
2.07, 26, black car, 56.13, 502.57, 86.81, 515.59, 71.47, 509.08, 56.13, 509.08, 86.81, 509.08, 30.68, 13.02
2.07, 41, white car, 7.36, 498.73, 35.25, 511.51, 21.30, 505.12, 7.36, 505.12, 35.25, 505.12, 27.89, 12.78
2.10, 7, black car, 133.84, 507.27, 164.04, 520.34, 148.94, 513.81, 133.84, 513.81, 164.04, 513.81, 30.20, 13.06
2.10, 9, white car, 797.16, 535.73, 826.75, 549.72, 811.96, 542.72, 797.16, 542.72, 826.75, 542.72, 29.59, 13.98
2.10, 26, black car, 55.88, 502.46, 86.75, 515.56, 71.31, 509.01, 55.88, 509.01, 86.75, 509.01, 30.86, 13.10
2.10, 41, white car, 7.33, 498.72, 35.28, 511.54, 21.31, 505.13, 7.33, 505.13, 35.28, 505.13, 27.95, 12.82
2.13, 7, black car, 133.78, 507.27, 163.80, 520.30, 148.79, 513.79, 133.78, 513.79, 163.80, 513.79, 30.03, 13.03
2.13, 9, white car, 794.75, 535.75, 824.64, 549.89, 809.70, 542.82, 794.75, 542.82, 824.64, 542.82, 29.89, 14.15
2.13, 26, black car, 55.86, 502.42, 86.74, 515.54, 71.30, 508.98, 55.86, 508.98, 86.74, 508.98, 30.88, 13.12
2.13, 41, white car, 7.33, 498.71, 35.29, 511.55, 21.31, 505.13, 7.33, 505.13, 35.29, 505.13, 27.95, 12.84
2.17, 7, black car, 133.42, 507.09, 163.51, 520.19, 148.46, 513.64, 133.42, 513.64, 163.51, 513.64, 30.08, 13.10
2.17, 9, white car, 792.32, 535.71, 822.27, 549.89, 807.29, 542.80, 792.32, 542.80, 822.27, 542.80, 29.95, 14.18
2.17, 26, black car, 55.63, 502.40, 86.63, 515.57, 71.13, 508.99, 55.63, 508.99, 86.63, 508.99, 31.00, 13.17
2.17, 41, white car, 7.32, 498.71, 35.31, 511.59, 21.32, 505.15, 7.32, 505.15, 35.31, 505.15, 27.99, 12.88
2.20, 7, black car, 133.10, 507.09, 163.08, 520.19, 148.09, 513.64, 133.10, 513.64, 163.08, 513.64, 29.98, 13.10
2.20, 9, white car, 790.80, 535.92, 819.88, 549.65, 805.34, 542.79, 790.80, 542.79, 819.88, 542.79, 29.08, 13.73
2.20, 26, black car, 55.37, 502.42, 86.39, 515.60, 70.88, 509.01, 55.37, 509.01, 86.39, 509.01, 31.03, 13.17
2.20, 41, white car, 7.40, 498.72, 35.30, 511.58, 21.35, 505.15, 7.40, 505.15, 35.30, 505.15, 27.90, 12.85
2.23, 7, black car, 132.80, 507.11, 162.67, 520.18, 147.74, 513.65, 132.80, 513.65, 162.67, 513.65, 29.87, 13.07
2.23, 9, white car, 789.05, 535.88, 817.84, 549.44, 803.44, 542.66, 789.05, 542.66, 817.84, 542.66, 28.79, 13.56
2.23, 26, black car, 55.38, 502.43, 86.47, 515.62, 70.92, 509.03, 55.38, 509.03, 86.47, 509.03, 31.10, 13.20
2.23, 41, white car, 7.43, 498.75, 35.24, 511.57, 21.34, 505.16, 7.43, 505.16, 35.24, 505.16, 27.81, 12.83
2.27, 7, black car, 132.46, 507.09, 162.08, 520.08, 147.27, 513.59, 132.46, 513.59, 162.08, 513.59, 29.62, 12.99
2.27, 9, white car, 786.48, 535.76, 815.14, 549.18, 800.81, 542.47, 786.48, 542.47, 815.14, 542.47, 28.66, 13.43
2.27, 26, black car, 55.24, 502.48, 86.33, 515.66, 70.78, 509.07, 55.24, 509.07, 86.33, 509.07, 31.09, 13.18
2.30, 7, black car, 132.19, 507.00, 161.67, 519.95, 146.93, 513.47, 132.19, 513.47, 161.67, 513.47, 29.48, 12.95
2.30, 9, white car, 784.68, 535.68, 813.02, 548.87, 798.85, 542.27, 784.68, 542.27, 813.02, 542.27, 28.34, 13.20
2.30, 26, black car, 55.20, 502.44, 86.20, 515.58, 70.70, 509.01, 55.20, 509.01, 86.20, 509.01, 31.00, 13.14
2.33, 7, black car, 131.72, 506.93, 161.28, 519.93, 146.50, 513.43, 131.72, 513.43, 161.28, 513.43, 29.56, 13.00
2.33, 9, white car, 782.59, 535.54, 810.64, 548.52, 796.61, 542.03, 782.59, 542.03, 810.64, 542.03, 28.06, 12.97
2.33, 26, black car, 55.16, 502.45, 86.05, 515.53, 70.60, 508.99, 55.16, 508.99, 86.05, 508.99, 30.89, 13.07
2.37, 7, black car, 131.13, 506.76, 161.01, 519.95, 146.07, 513.35, 131.13, 513.35, 161.01, 513.35, 29.88, 13.19
2.37, 9, white car, 780.54, 535.57, 808.73, 548.53, 794.63, 542.05, 780.54, 542.05, 808.73, 542.05, 28.19, 12.96
2.37, 26, black car, 54.98, 502.30, 86.30, 515.59, 70.64, 508.95, 54.98, 508.95, 86.30, 508.95, 31.33, 13.29
2.40, 7, black car, 130.66, 506.62, 160.89, 519.98, 145.78, 513.30, 130.66, 513.30, 160.89, 513.30, 30.23, 13.37
2.40, 9, white car, 778.28, 535.58, 806.53, 548.53, 792.40, 542.06, 778.28, 542.06, 806.53, 542.06, 28.25, 12.95
2.40, 26, black car, 54.81, 502.36, 86.03, 515.62, 70.42, 508.99, 54.81, 508.99, 86.03, 508.99, 31.22, 13.26
2.43, 7, black car, 130.35, 506.58, 160.61, 519.99, 145.48, 513.28, 130.35, 513.28, 160.61, 513.28, 30.27, 13.41
2.43, 9, white car, 776.02, 535.54, 804.42, 548.52, 790.22, 542.03, 776.02, 542.03, 804.42, 542.03, 28.40, 12.98
2.43, 26, black car, 54.84, 502.55, 85.74, 515.68, 70.29, 509.11, 54.84, 509.11, 85.74, 509.11, 30.90, 13.13
2.43, 41, white car, 7.50, 498.67, 35.15, 511.42, 21.33, 505.05, 7.50, 505.05, 35.15, 505.05, 27.65, 12.75
2.47, 7, black car, 130.16, 506.48, 160.55, 519.96, 145.35, 513.22, 130.16, 513.22, 160.55, 513.22, 30.39, 13.47
2.47, 9, white car, 774.27, 535.63, 802.21, 548.33, 788.24, 541.98, 774.27, 541.98, 802.21, 541.98, 27.94, 12.70
2.47, 26, black car, 54.93, 502.63, 85.59, 515.66, 70.26, 509.14, 54.93, 509.14, 85.59, 509.14, 30.67, 13.03
2.50, 7, black car, 129.62, 506.50, 159.90, 519.95, 144.76, 513.22, 129.62, 513.22, 159.90, 513.22, 30.28, 13.45
2.50, 9, white car, 772.10, 535.67, 799.86, 548.20, 785.98, 541.93, 772.10, 541.93, 799.86, 541.93, 27.76, 12.53
2.50, 26, black car, 54.86, 502.62, 85.49, 515.64, 70.18, 509.13, 54.86, 509.13, 85.49, 509.13, 30.63, 13.02
2.53, 7, black car, 129.47, 506.56, 159.54, 519.93, 144.50, 513.25, 129.47, 513.25, 159.54, 513.25, 30.07, 13.37
2.53, 9, white car, 770.13, 535.70, 797.68, 548.09, 783.91, 541.89, 770.13, 541.89, 797.68, 541.89, 27.55, 12.39
2.53, 26, black car, 54.85, 502.63, 85.45, 515.63, 70.15, 509.13, 54.85, 509.13, 85.45, 509.13, 30.59, 13.00
2.57, 7, black car, 129.19, 506.60, 159.07, 519.89, 144.13, 513.25, 129.19, 513.25, 159.07, 513.25, 29.88, 13.29
2.57, 9, white car, 767.79, 535.67, 795.57, 548.12, 781.68, 541.90, 767.79, 541.90, 795.57, 541.90, 27.78, 12.45
2.57, 26, black car, 54.62, 502.59, 85.30, 515.63, 69.96, 509.11, 54.62, 509.11, 85.30, 509.11, 30.69, 13.03
2.57, 41, white car, 7.37, 498.65, 35.05, 511.41, 21.21, 505.03, 7.37, 505.03, 35.05, 505.03, 27.68, 12.75
2.60, 7, black car, 128.88, 506.58, 158.64, 519.82, 143.76, 513.20, 128.88, 513.20, 158.64, 513.20, 29.76, 13.24
2.60, 9, white car, 765.52, 535.67, 793.56, 548.19, 779.54, 541.93, 765.52, 541.93, 793.56, 541.93, 28.04, 12.52
2.60, 26, black car, 54.37, 502.51, 85.24, 515.61, 69.81, 509.06, 54.37, 509.06, 85.24, 509.06, 30.86, 13.10
2.60, 41, white car, 7.34, 498.65, 35.00, 511.39, 21.17, 505.02, 7.34, 505.02, 35.00, 505.02, 27.67, 12.74
2.63, 7, black car, 128.29, 506.56, 158.15, 519.82, 143.22, 513.19, 128.29, 513.19, 158.15, 513.19, 29.86, 13.26
2.63, 9, white car, 763.26, 535.70, 790.93, 548.01, 777.10, 541.85, 763.26, 541.85, 790.93, 541.85, 27.66, 12.31
2.63, 26, black car, 54.27, 502.52, 85.18, 515.64, 69.72, 509.08, 54.27, 509.08, 85.18, 509.08, 30.92, 13.12
2.63, 41, white car, 7.30, 498.65, 35.04, 511.43, 21.17, 505.04, 7.30, 505.04, 35.04, 505.04, 27.74, 12.77
2.67, 7, black car, 128.03, 506.53, 157.99, 519.81, 143.01, 513.17, 128.03, 513.17, 157.99, 513.17, 29.97, 13.29
2.67, 9, white car, 761.26, 535.66, 788.92, 547.93, 775.09, 541.80, 761.26, 541.80, 788.92, 541.80, 27.66, 12.27
2.67, 26, black car, 54.07, 502.52, 85.07, 515.66, 69.57, 509.09, 54.07, 509.09, 85.07, 509.09, 30.99, 13.13
2.67, 41, white car, 7.31, 498.66, 35.07, 511.44, 21.19, 505.05, 7.31, 505.05, 35.07, 505.05, 27.76, 12.78
2.70, 7, black car, 127.96, 506.43, 158.09, 519.77, 143.03, 513.10, 127.96, 513.10, 158.09, 513.10, 30.13, 13.35
2.70, 9, white car, 759.25, 535.47, 787.26, 547.88, 773.26, 541.67, 759.25, 541.67, 787.26, 541.67, 28.01, 12.41
2.70, 26, black car, 54.30, 502.52, 85.30, 515.66, 69.80, 509.09, 54.30, 509.09, 85.30, 509.09, 31.00, 13.13
2.70, 41, white car, 7.31, 498.66, 35.04, 511.42, 21.17, 505.04, 7.31, 505.04, 35.04, 505.04, 27.73, 12.76
2.73, 7, black car, 127.60, 506.38, 157.67, 519.69, 142.64, 513.04, 127.60, 513.04, 157.67, 513.04, 30.07, 13.31
2.73, 9, white car, 757.02, 535.52, 784.95, 547.88, 770.99, 541.70, 757.02, 541.70, 784.95, 541.70, 27.94, 12.37
2.73, 26, black car, 54.31, 502.59, 85.18, 515.65, 69.74, 509.12, 54.31, 509.12, 85.18, 509.12, 30.86, 13.06
2.73, 41, white car, 7.34, 498.65, 35.04, 511.39, 21.19, 505.02, 7.34, 505.02, 35.04, 505.02, 27.70, 12.74
2.77, 7, black car, 127.20, 506.38, 157.18, 519.63, 142.19, 513.00, 127.20, 513.00, 157.18, 513.00, 29.98, 13.25
2.77, 9, white car, 754.66, 535.48, 782.80, 547.97, 768.73, 541.72, 754.66, 541.72, 782.80, 541.72, 28.14, 12.49
2.77, 26, black car, 54.23, 502.61, 85.05, 515.64, 69.64, 509.12, 54.23, 509.12, 85.05, 509.12, 30.81, 13.03
2.77, 41, white car, 7.32, 498.65, 34.99, 511.36, 21.15, 505.01, 7.32, 505.01, 34.99, 505.01, 27.67, 12.72
2.80, 7, black car, 126.80, 506.43, 156.62, 519.57, 141.71, 513.00, 126.80, 513.00, 156.62, 513.00, 29.81, 13.14
2.80, 9, white car, 752.34, 535.47, 780.56, 548.00, 766.45, 541.73, 752.34, 541.73, 780.56, 541.73, 28.22, 12.53
2.80, 26, black car, 54.17, 502.59, 85.02, 515.62, 69.60, 509.11, 54.17, 509.11, 85.02, 509.11, 30.85, 13.03
2.80, 41, white car, 7.38, 498.66, 34.96, 511.33, 21.17, 505.00, 7.38, 505.00, 34.96, 505.00, 27.58, 12.67
2.83, 7, black car, 126.65, 506.42, 156.44, 519.52, 141.54, 512.97, 126.65, 512.97, 156.44, 512.97, 29.78, 13.11
2.83, 9, white car, 750.39, 535.47, 778.68, 548.02, 764.54, 541.75, 750.39, 541.75, 778.68, 541.75, 28.30, 12.54
2.83, 26, black car, 54.16, 502.57, 85.03, 515.60, 69.59, 509.09, 54.16, 509.09, 85.03, 509.09, 30.86, 13.03
2.83, 41, white car, 7.36, 498.66, 34.97, 511.33, 21.16, 504.99, 7.36, 504.99, 34.97, 504.99, 27.60, 12.67
2.87, 7, black car, 126.06, 506.32, 156.07, 519.50, 141.06, 512.91, 126.06, 512.91, 156.07, 512.91, 30.02, 13.18
2.87, 9, white car, 748.29, 535.45, 776.47, 547.93, 762.38, 541.69, 748.29, 541.69, 776.47, 541.69, 28.19, 12.48
2.87, 26, black car, 53.72, 502.53, 84.77, 515.60, 69.25, 509.06, 53.72, 509.06, 84.77, 509.06, 31.05, 13.07
2.87, 41, white car, 7.26, 498.64, 34.95, 511.34, 21.11, 504.99, 7.26, 504.99, 34.95, 504.99, 27.69, 12.70
2.90, 9, white car, 746.28, 535.34, 774.51, 547.81, 760.39, 541.57, 746.28, 541.57, 774.51, 541.57, 28.23, 12.47
2.90, 26, black car, 54.16, 502.64, 84.91, 515.59, 69.54, 509.12, 54.16, 509.12, 84.91, 509.12, 30.75, 12.95
2.90, 41, white car, 7.24, 498.64, 34.95, 511.34, 21.09, 504.99, 7.24, 504.99, 34.95, 504.99, 27.71, 12.70
2.93, 9, white car, 744.30, 535.38, 772.44, 547.76, 758.37, 541.57, 744.30, 541.57, 772.44, 541.57, 28.14, 12.38
2.93, 26, black car, 54.44, 502.70, 84.95, 515.55, 69.70, 509.13, 54.44, 509.13, 84.95, 509.13, 30.52, 12.85
2.93, 41, white car, 7.25, 498.65, 34.96, 511.34, 21.10, 505.00, 7.25, 505.00, 34.96, 505.00, 27.71, 12.68
2.93, 7, black car, 124.76, 506.40, 154.64, 519.49, 139.70, 512.94, 124.76, 512.94, 154.64, 512.94, 29.88, 13.08
2.97, 9, white car, 742.09, 535.42, 770.19, 547.76, 756.14, 541.59, 742.09, 541.59, 770.19, 541.59, 28.10, 12.34
2.97, 26, black car, 54.71, 502.56, 85.41, 515.51, 70.06, 509.04, 54.71, 509.04, 85.41, 509.04, 30.69, 12.95
2.97, 41, white car, 7.22, 498.59, 35.18, 511.36, 21.20, 504.98, 7.22, 504.98, 35.18, 504.98, 27.95, 12.77
3.00, 9, white car, 739.78, 535.28, 768.28, 547.79, 754.03, 541.54, 739.78, 541.54, 768.28, 541.54, 28.50, 12.50
3.00, 26, black car, 54.63, 502.43, 85.59, 515.52, 70.11, 508.98, 54.63, 508.98, 85.59, 508.98, 30.96, 13.09
3.00, 41, white car, 7.23, 498.54, 35.41, 511.40, 21.32, 504.97, 7.23, 504.97, 35.41, 504.97, 28.18, 12.86
3.03, 9, white car, 737.63, 535.18, 766.56, 547.85, 752.10, 541.52, 737.63, 541.52, 766.56, 541.52, 28.92, 12.67
3.03, 26, black car, 54.60, 502.37, 85.66, 515.53, 70.13, 508.95, 54.60, 508.95, 85.66, 508.95, 31.06, 13.16
3.03, 41, white car, 7.20, 498.51, 35.47, 511.40, 21.33, 504.96, 7.20, 504.96, 35.47, 504.96, 28.27, 12.89
3.03, 7, black car, 123.50, 506.37, 153.71, 519.55, 138.60, 512.96, 123.50, 512.96, 153.71, 512.96, 30.21, 13.17
3.07, 9, white car, 735.40, 535.16, 764.24, 547.78, 749.82, 541.47, 735.40, 541.47, 764.24, 541.47, 28.84, 12.63
3.07, 26, black car, 54.60, 502.34, 85.71, 515.54, 70.16, 508.94, 54.60, 508.94, 85.71, 508.94, 31.11, 13.20
3.07, 41, white car, 7.18, 498.48, 35.60, 511.42, 21.39, 504.95, 7.18, 504.95, 35.60, 504.95, 28.42, 12.94
3.10, 9, white car, 733.15, 535.13, 761.96, 547.74, 747.56, 541.43, 733.15, 541.43, 761.96, 541.43, 28.81, 12.61
3.10, 26, black car, 54.72, 502.38, 85.65, 515.53, 70.19, 508.95, 54.72, 508.95, 85.65, 508.95, 30.92, 13.15
3.10, 41, white car, 7.14, 498.46, 35.67, 511.43, 21.41, 504.94, 7.14, 504.94, 35.67, 504.94, 28.53, 12.97
3.10, 7, black car, 122.81, 506.31, 153.24, 519.55, 138.02, 512.93, 122.81, 512.93, 153.24, 512.93, 30.44, 13.24
3.13, 9, white car, 730.88, 534.96, 760.21, 547.77, 745.55, 541.36, 730.88, 541.36, 760.21, 541.36, 29.32, 12.82
3.13, 26, black car, 54.89, 502.45, 85.57, 515.51, 70.23, 508.98, 54.89, 508.98, 85.57, 508.98, 30.68, 13.06
3.13, 41, white car, 7.14, 498.46, 35.69, 511.43, 21.41, 504.94, 7.14, 504.94, 35.69, 504.94, 28.55, 12.97
3.13, 7, black car, 122.40, 506.25, 152.98, 519.54, 137.69, 512.90, 122.40, 512.90, 152.98, 512.90, 30.58, 13.29
3.17, 9, white car, 728.91, 534.98, 758.08, 547.72, 743.50, 541.35, 728.91, 541.35, 758.08, 541.35, 29.16, 12.74
3.17, 26, black car, 54.89, 502.45, 85.58, 515.53, 70.23, 508.99, 54.89, 508.99, 85.58, 508.99, 30.69, 13.08
3.17, 41, white car, 7.09, 498.45, 35.73, 511.45, 21.41, 504.95, 7.09, 504.95, 35.73, 504.95, 28.65, 13.00
3.20, 9, white car, 726.63, 534.95, 755.97, 547.81, 741.30, 541.38, 726.63, 541.38, 755.97, 541.38, 29.34, 12.86
3.20, 26, black car, 55.06, 502.51, 85.64, 515.55, 70.35, 509.03, 55.06, 509.03, 85.64, 509.03, 30.58, 13.04
3.20, 41, white car, 7.08, 498.44, 35.75, 511.45, 21.41, 504.94, 7.08, 504.94, 35.75, 504.94, 28.68, 13.01
3.23, 9, white car, 724.22, 534.68, 754.12, 547.80, 739.17, 541.24, 724.22, 541.24, 754.12, 541.24, 29.90, 13.12
3.23, 26, black car, 55.26, 502.57, 85.71, 515.56, 70.49, 509.07, 55.26, 509.07, 85.71, 509.07, 30.44, 12.99
3.23, 41, white car, 7.05, 498.44, 35.77, 511.46, 21.41, 504.95, 7.05, 504.95, 35.77, 504.95, 28.71, 13.02
3.27, 9, white car, 722.14, 534.58, 752.22, 547.80, 737.18, 541.19, 722.14, 541.19, 752.22, 541.19, 30.08, 13.23
3.27, 26, black car, 55.42, 502.63, 85.79, 515.59, 70.60, 509.11, 55.42, 509.11, 85.79, 509.11, 30.37, 12.95
3.27, 41, white car, 7.07, 498.45, 35.72, 511.45, 21.39, 504.95, 7.07, 504.95, 35.72, 504.95, 28.65, 12.99
3.30, 9, white car, 719.94, 534.57, 749.86, 547.74, 734.90, 541.16, 719.94, 541.16, 749.86, 541.16, 29.93, 13.17
3.30, 26, black car, 55.33, 502.67, 85.64, 515.59, 70.49, 509.13, 55.33, 509.13, 85.64, 509.13, 30.31, 12.92
3.30, 41, white car, 7.06, 498.46, 35.65, 511.42, 21.36, 504.94, 7.06, 504.94, 35.65, 504.94, 28.59, 12.96
3.33, 26, black car, 55.19, 502.62, 85.70, 515.63, 70.45, 509.13, 55.19, 509.13, 85.70, 509.13, 30.51, 13.01
3.33, 41, white car, 7.07, 498.45, 35.75, 511.44, 21.41, 504.94, 7.07, 504.94, 35.75, 504.94, 28.68, 12.99
3.37, 26, black car, 55.28, 502.69, 85.75, 515.67, 70.51, 509.18, 55.28, 509.18, 85.75, 509.18, 30.47, 12.99
3.37, 41, white car, 7.08, 498.44, 35.81, 511.45, 21.45, 504.94, 7.08, 504.94, 35.81, 504.94, 28.73, 13.01
3.40, 26, black car, 55.37, 502.75, 85.76, 515.70, 70.57, 509.22, 55.37, 509.22, 85.76, 509.22, 30.40, 12.95
3.40, 41, white car, 6.95, 498.40, 35.80, 511.47, 21.37, 504.94, 6.95, 504.94, 35.80, 504.94, 28.85, 13.07
3.43, 26, black car, 55.36, 502.78, 85.78, 515.73, 70.57, 509.25, 55.36, 509.25, 85.78, 509.25, 30.42, 12.95
3.43, 41, white car, 6.91, 498.39, 35.81, 511.48, 21.36, 504.93, 6.91, 504.93, 35.81, 504.93, 28.90, 13.09
3.47, 26, black car, 55.58, 502.86, 85.87, 515.74, 70.72, 509.30, 55.58, 509.30, 85.87, 509.30, 30.28, 12.89
3.47, 41, white car, 6.87, 498.38, 35.75, 511.46, 21.31, 504.92, 6.87, 504.92, 35.75, 504.92, 28.88, 13.08
3.50, 26, black car, 55.51, 502.87, 85.88, 515.79, 70.69, 509.33, 55.51, 509.33, 85.88, 509.33, 30.37, 12.92
3.50, 41, white car, 6.91, 498.39, 35.73, 511.44, 21.32, 504.91, 6.91, 504.91, 35.73, 504.91, 28.83, 13.05
3.53, 26, black car, 55.39, 502.89, 85.82, 515.82, 70.61, 509.36, 55.39, 509.36, 85.82, 509.36, 30.43, 12.93
3.53, 41, white car, 6.91, 498.39, 35.73, 511.44, 21.32, 504.91, 6.91, 504.91, 35.73, 504.91, 28.82, 13.05
3.57, 26, black car, 55.38, 502.87, 85.95, 515.86, 70.66, 509.37, 55.38, 509.37, 85.95, 509.37, 30.57, 12.99
3.57, 41, white car, 6.94, 498.39, 35.69, 511.40, 21.32, 504.90, 6.94, 504.90, 35.69, 504.90, 28.75, 13.01
3.60, 26, black car, 55.45, 502.85, 86.13, 515.88, 70.79, 509.37, 55.45, 509.37, 86.13, 509.37, 30.68, 13.03
3.60, 41, white car, 6.94, 498.40, 35.64, 511.39, 21.29, 504.89, 6.94, 504.89, 35.64, 504.89, 28.70, 12.98
3.63, 26, black car, 55.26, 502.78, 86.14, 515.88, 70.70, 509.33, 55.26, 509.33, 86.14, 509.33, 30.88, 13.10
3.63, 41, white car, 6.92, 498.40, 35.67, 511.40, 21.30, 504.90, 6.92, 504.90, 35.67, 504.90, 28.75, 13.01
3.67, 26, black car, 55.29, 502.75, 86.33, 515.91, 70.81, 509.33, 55.29, 509.33, 86.33, 509.33, 31.03, 13.16
3.67, 41, white car, 6.89, 498.39, 35.69, 511.42, 21.29, 504.91, 6.89, 504.91, 35.69, 504.91, 28.80, 13.03
3.70, 26, black car, 55.23, 502.70, 86.42, 515.92, 70.83, 509.31, 55.23, 509.31, 86.42, 509.31, 31.18, 13.22
3.70, 41, white car, 6.89, 498.38, 35.69, 511.40, 21.29, 504.89, 6.89, 504.89, 35.69, 504.89, 28.80, 13.03
3.73, 26, black car, 55.00, 502.62, 86.44, 515.96, 70.72, 509.29, 55.00, 509.29, 86.44, 509.29, 31.44, 13.34
3.73, 41, white car, 6.86, 498.37, 35.67, 511.41, 21.27, 504.89, 6.86, 504.89, 35.67, 504.89, 28.81, 13.04
3.77, 26, black car, 54.83, 502.43, 86.65, 515.95, 70.74, 509.19, 54.83, 509.19, 86.65, 509.19, 31.82, 13.52
3.77, 41, white car, 6.87, 498.38, 35.61, 511.38, 21.24, 504.88, 6.87, 504.88, 35.61, 504.88, 28.74, 13.01
3.80, 26, black car, 54.81, 502.33, 86.75, 515.92, 70.78, 509.12, 54.81, 509.12, 86.75, 509.12, 31.94, 13.59
3.80, 41, white car, 6.86, 498.38, 35.55, 511.37, 21.21, 504.87, 6.86, 504.87, 35.55, 504.87, 28.69, 12.99
3.83, 26, black car, 54.93, 502.27, 86.76, 515.84, 70.84, 509.05, 54.93, 509.05, 86.76, 509.05, 31.83, 13.57
3.83, 41, white car, 6.88, 498.38, 35.51, 511.34, 21.20, 504.86, 6.88, 504.86, 35.51, 504.86, 28.63, 12.96
3.87, 26, black car, 54.83, 502.17, 86.67, 515.77, 70.75, 508.97, 54.83, 508.97, 86.67, 508.97, 31.84, 13.59
3.87, 41, white car, 6.89, 498.37, 35.50, 511.32, 21.20, 504.84, 6.89, 504.84, 35.50, 504.84, 28.61, 12.94
3.90, 26, black car, 54.67, 502.15, 86.51, 515.75, 70.59, 508.95, 54.67, 508.95, 86.51, 508.95, 31.84, 13.60
3.90, 41, white car, 6.87, 498.36, 35.50, 511.31, 21.18, 504.84, 6.87, 504.84, 35.50, 504.84, 28.63, 12.95
3.93, 26, black car, 54.74, 502.00, 86.63, 515.65, 70.68, 508.83, 54.74, 508.83, 86.63, 508.83, 31.89, 13.65
3.93, 41, white car, 6.90, 498.32, 35.56, 511.27, 21.23, 504.79, 6.90, 504.79, 35.56, 504.79, 28.65, 12.95
3.97, 26, black car, 54.79, 502.03, 86.60, 515.67, 70.70, 508.85, 54.79, 508.85, 86.60, 508.85, 31.81, 13.65
3.97, 41, white car, 6.70, 498.28, 35.60, 511.34, 21.15, 504.81, 6.70, 504.81, 35.60, 504.81, 28.90, 13.06
4.00, 26, black car, 54.25, 501.99, 86.14, 515.67, 70.19, 508.83, 54.25, 508.83, 86.14, 508.83, 31.90, 13.68
4.00, 41, white car, 6.71, 498.27, 35.66, 511.35, 21.19, 504.81, 6.71, 504.81, 35.66, 504.81, 28.95, 13.08
4.03, 26, black car, 53.87, 501.93, 85.98, 515.70, 69.92, 508.81, 53.87, 508.81, 85.98, 508.81, 32.12, 13.77
4.03, 41, white car, 6.70, 498.24, 35.71, 511.35, 21.21, 504.80, 6.70, 504.80, 35.71, 504.80, 29.01, 13.11
4.07, 26, black car, 53.38, 501.83, 85.75, 515.70, 69.56, 508.77, 53.38, 508.77, 85.75, 508.77, 32.37, 13.87
4.07, 41, white car, 6.66, 498.24, 35.73, 511.38, 21.20, 504.81, 6.66, 504.81, 35.73, 504.81, 29.07, 13.14
4.07, 7, black car, 116.25, 505.31, 148.32, 519.44, 132.28, 512.37, 116.25, 512.37, 148.32, 512.37, 32.07, 14.13
4.10, 26, black car, 53.16, 501.71, 85.78, 515.69, 69.47, 508.70, 53.16, 508.70, 85.78, 508.70, 32.61, 13.98
4.10, 41, white car, 6.69, 498.20, 35.86, 511.38, 21.27, 504.79, 6.69, 504.79, 35.86, 504.79, 29.17, 13.18
4.13, 26, black car, 52.91, 501.70, 85.62, 515.69, 69.26, 508.70, 52.91, 508.70, 85.62, 508.70, 32.70, 14.00
4.13, 41, white car, 6.66, 498.20, 35.89, 511.41, 21.27, 504.80, 6.66, 504.80, 35.89, 504.80, 29.23, 13.21
4.17, 26, black car, 52.72, 501.68, 85.48, 515.68, 69.10, 508.68, 52.72, 508.68, 85.48, 508.68, 32.76, 14.00
4.17, 41, white car, 6.64, 498.19, 35.91, 511.42, 21.27, 504.81, 6.64, 504.81, 35.91, 504.81, 29.27, 13.22
4.20, 26, black car, 52.54, 501.69, 85.36, 515.68, 68.95, 508.69, 52.54, 508.69, 85.36, 508.69, 32.81, 13.99
4.20, 41, white car, 6.62, 498.19, 35.91, 511.43, 21.27, 504.81, 6.62, 504.81, 35.91, 504.81, 29.30, 13.24
4.23, 26, black car, 52.43, 501.73, 85.21, 515.67, 68.82, 508.70, 52.43, 508.70, 85.21, 508.70, 32.78, 13.94
4.23, 41, white car, 6.71, 498.20, 35.93, 511.41, 21.32, 504.80, 6.71, 504.80, 35.93, 504.80, 29.23, 13.21
4.23, 7, black car, 116.27, 505.34, 147.95, 519.43, 132.11, 512.38, 116.27, 512.38, 147.95, 512.38, 31.68, 14.09
4.27, 26, black car, 52.53, 501.88, 85.20, 515.77, 68.86, 508.82, 52.53, 508.82, 85.20, 508.82, 32.67, 13.89
4.27, 41, white car, 6.69, 498.18, 35.93, 511.40, 21.31, 504.79, 6.69, 504.79, 35.93, 504.79, 29.24, 13.22
4.27, 7, black car, 116.31, 505.29, 147.89, 519.43, 132.10, 512.36, 116.31, 512.36, 147.89, 512.36, 31.58, 14.15
4.30, 26, black car, 52.81, 501.79, 85.46, 515.68, 69.14, 508.73, 52.81, 508.73, 85.46, 508.73, 32.65, 13.89
4.30, 41, white car, 6.63, 498.16, 35.94, 511.42, 21.28, 504.79, 6.63, 504.79, 35.94, 504.79, 29.31, 13.26
4.30, 7, black car, 116.37, 505.26, 147.85, 519.44, 132.11, 512.35, 116.37, 512.35, 147.85, 512.35, 31.49, 14.18
4.30, 9, white car, 659.22, 532.46, 688.09, 545.18, 673.65, 538.82, 659.22, 538.82, 688.09, 538.82, 28.86, 12.71
4.33, 26, black car, 52.92, 501.71, 85.62, 515.63, 69.27, 508.67, 52.92, 508.67, 85.62, 508.67, 32.70, 13.92
4.33, 41, white car, 6.64, 498.12, 36.04, 511.43, 21.34, 504.77, 6.64, 504.77, 36.04, 504.77, 29.40, 13.31
4.33, 7, black car, 116.34, 505.26, 147.74, 519.45, 132.04, 512.35, 116.34, 512.35, 147.74, 512.35, 31.39, 14.19
4.33, 9, white car, 657.14, 532.39, 686.05, 545.18, 671.59, 538.79, 657.14, 538.79, 686.05, 538.79, 28.91, 12.79
4.37, 26, black car, 53.18, 501.64, 86.00, 515.64, 69.59, 508.64, 53.18, 508.64, 86.00, 508.64, 32.82, 14.00
4.37, 41, white car, 6.56, 498.05, 36.07, 511.42, 21.31, 504.74, 6.56, 504.74, 36.07, 504.74, 29.51, 13.37
4.37, 7, black car, 116.31, 505.23, 147.64, 519.44, 131.97, 512.33, 116.31, 512.33, 147.64, 512.33, 31.34, 14.21
4.37, 9, white car, 655.29, 532.33, 684.06, 545.11, 669.67, 538.72, 655.29, 538.72, 684.06, 538.72, 28.77, 12.79
4.40, 26, black car, 53.04, 501.64, 86.08, 515.75, 69.56, 508.70, 53.04, 508.70, 86.08, 508.70, 33.04, 14.10
4.40, 41, white car, 6.58, 498.04, 36.10, 511.42, 21.34, 504.73, 6.58, 504.73, 36.10, 504.73, 29.52, 13.38
4.40, 7, black car, 116.40, 505.26, 147.61, 519.46, 132.01, 512.36, 116.40, 512.36, 147.61, 512.36, 31.21, 14.20
4.40, 9, white car, 652.72, 532.15, 681.84, 545.05, 667.28, 538.60, 652.72, 538.60, 681.84, 538.60, 29.11, 12.90
4.43, 26, black car, 53.28, 501.66, 86.27, 515.76, 69.77, 508.71, 53.28, 508.71, 86.27, 508.71, 32.99, 14.10
4.43, 41, white car, 6.69, 498.06, 36.13, 511.40, 21.41, 504.73, 6.69, 504.73, 36.13, 504.73, 29.43, 13.35
4.43, 7, black car, 116.53, 505.28, 147.64, 519.47, 132.08, 512.38, 116.53, 512.38, 147.64, 512.38, 31.11, 14.19
4.43, 9, white car, 650.50, 532.04, 679.59, 544.95, 665.05, 538.50, 650.50, 538.50, 679.59, 538.50, 29.09, 12.90
4.47, 26, black car, 53.18, 501.67, 85.98, 515.68, 69.58, 508.68, 53.18, 508.68, 85.98, 508.68, 32.80, 14.01
4.47, 41, white car, 6.83, 498.04, 36.13, 511.32, 21.48, 504.68, 6.83, 504.68, 36.13, 504.68, 29.30, 13.28
4.47, 9, white car, 648.34, 531.88, 677.49, 544.84, 662.92, 538.36, 648.34, 538.36, 677.49, 538.36, 29.15, 12.96
4.50, 26, black car, 53.16, 501.85, 85.67, 515.70, 69.42, 508.78, 53.16, 508.78, 85.67, 508.78, 32.50, 13.85
4.50, 41, white car, 6.84, 498.01, 36.13, 511.27, 21.49, 504.64, 6.84, 504.64, 36.13, 504.64, 29.29, 13.27
4.50, 9, white car, 646.45, 531.70, 675.65, 544.69, 661.05, 538.19, 646.45, 538.19, 675.65, 538.19, 29.20, 12.99
4.50, 7, black car, 116.74, 505.34, 147.58, 519.44, 132.16, 512.39, 116.74, 512.39, 147.58, 512.39, 30.83, 14.10
4.53, 26, black car, 53.18, 502.00, 85.47, 515.73, 69.32, 508.87, 53.18, 508.87, 85.47, 508.87, 32.29, 13.72
4.53, 41, white car, 6.81, 498.00, 36.16, 511.28, 21.49, 504.64, 6.81, 504.64, 36.16, 504.64, 29.35, 13.29
4.53, 9, white car, 644.69, 531.65, 673.79, 544.59, 659.24, 538.12, 644.69, 538.12, 673.79, 538.12, 29.11, 12.94
4.57, 26, black car, 53.18, 501.97, 85.49, 515.68, 69.34, 508.83, 53.18, 508.83, 85.49, 508.83, 32.32, 13.71
4.57, 41, white car, 6.73, 497.96, 36.23, 511.31, 21.48, 504.64, 6.73, 504.64, 36.23, 504.64, 29.50, 13.35
4.57, 9, white car, 642.65, 531.62, 671.67, 544.55, 657.16, 538.08, 642.65, 538.08, 671.67, 538.08, 29.02, 12.93
4.60, 26, black car, 53.38, 502.02, 85.43, 515.59, 69.41, 508.80, 53.38, 508.80, 85.43, 508.80, 32.05, 13.56
4.60, 41, white car, 6.72, 497.96, 36.20, 511.30, 21.46, 504.63, 6.72, 504.63, 36.20, 504.63, 29.48, 13.34
4.60, 9, white car, 640.43, 531.41, 669.66, 544.44, 655.05, 537.92, 640.43, 537.92, 669.66, 537.92, 29.23, 13.03
4.63, 26, black car, 53.65, 502.01, 85.62, 515.53, 69.64, 508.77, 53.65, 508.77, 85.62, 508.77, 31.97, 13.52
4.63, 41, white car, 6.69, 497.99, 36.16, 511.33, 21.43, 504.66, 6.69, 504.66, 36.16, 504.66, 29.47, 13.34
4.63, 9, white car, 638.44, 531.40, 667.49, 544.33, 652.96, 537.86, 638.44, 537.86, 667.49, 537.86, 29.05, 12.93
4.67, 26, black car, 53.98, 501.99, 85.85, 515.49, 69.91, 508.74, 53.98, 508.74, 85.85, 508.74, 31.86, 13.50
4.67, 41, white car, 6.60, 497.95, 36.23, 511.35, 21.41, 504.65, 6.60, 504.65, 36.23, 504.65, 29.63, 13.40
4.67, 9, white car, 636.54, 531.31, 665.41, 544.14, 650.98, 537.73, 636.54, 537.73, 665.41, 537.73, 28.88, 12.83
4.70, 26, black car, 53.71, 501.94, 85.73, 515.52, 69.72, 508.73, 53.71, 508.73, 85.73, 508.73, 32.02, 13.58
4.70, 41, white car, 6.58, 497.91, 36.34, 511.36, 21.46, 504.64, 6.58, 504.64, 36.34, 504.64, 29.76, 13.45
4.70, 9, white car, 634.50, 531.08, 663.70, 544.09, 649.10, 537.59, 634.50, 537.59, 663.70, 537.59, 29.20, 13.01
4.73, 26, black car, 53.70, 501.95, 85.72, 515.53, 69.71, 508.74, 53.70, 508.74, 85.72, 508.74, 32.02, 13.58
4.73, 41, white car, 6.59, 497.90, 36.39, 511.37, 21.49, 504.63, 6.59, 504.63, 36.39, 504.63, 29.80, 13.46
4.73, 9, white car, 632.55, 531.00, 661.87, 544.07, 647.21, 537.53, 632.55, 537.53, 661.87, 537.53, 29.32, 13.07
4.77, 26, black car, 53.89, 501.91, 85.83, 515.49, 69.86, 508.70, 53.89, 508.70, 85.83, 508.70, 31.94, 13.58
4.77, 41, white car, 6.56, 497.89, 36.40, 511.37, 21.48, 504.63, 6.56, 504.63, 36.40, 504.63, 29.84, 13.48
4.77, 9, white car, 630.78, 531.09, 659.87, 544.07, 645.32, 537.58, 630.78, 537.58, 659.87, 537.58, 29.09, 12.98
4.80, 26, black car, 53.73, 501.78, 85.85, 515.47, 69.79, 508.63, 53.73, 508.63, 85.85, 508.63, 32.13, 13.69
4.80, 41, white car, 6.51, 497.86, 36.45, 511.39, 21.48, 504.63, 6.51, 504.63, 36.45, 504.63, 29.94, 13.53
4.80, 9, white car, 628.77, 530.91, 658.02, 544.00, 643.39, 537.46, 628.77, 537.46, 658.02, 537.46, 29.25, 13.09
4.83, 26, black car, 54.05, 501.75, 86.00, 515.40, 70.03, 508.57, 54.05, 508.57, 86.00, 508.57, 31.95, 13.65
4.83, 41, white car, 6.55, 497.86, 36.42, 511.36, 21.48, 504.61, 6.55, 504.61, 36.42, 504.61, 29.87, 13.50
4.83, 9, white car, 626.50, 530.76, 655.88, 543.95, 641.19, 537.35, 626.50, 537.35, 655.88, 537.35, 29.37, 13.18
4.87, 26, black car, 54.03, 501.68, 86.10, 515.43, 70.06, 508.56, 54.03, 508.56, 86.10, 508.56, 32.07, 13.75
4.87, 41, white car, 6.51, 497.85, 36.45, 511.39, 21.48, 504.62, 6.51, 504.62, 36.45, 504.62, 29.94, 13.54
4.87, 9, white car, 624.27, 530.80, 653.53, 543.92, 638.90, 537.36, 624.27, 537.36, 653.53, 537.36, 29.26, 13.13
4.90, 26, black car, 53.97, 501.63, 86.07, 515.42, 70.02, 508.53, 53.97, 508.53, 86.07, 508.53, 32.10, 13.79
4.90, 41, white car, 6.46, 497.81, 36.43, 511.39, 21.44, 504.60, 6.46, 504.60, 36.43, 504.60, 29.97, 13.58
4.90, 9, white car, 622.43, 530.71, 651.42, 543.71, 636.92, 537.21, 622.43, 537.21, 651.42, 537.21, 28.99, 13.00
4.93, 26, black car, 54.04, 501.56, 86.11, 515.37, 70.07, 508.46, 54.04, 508.46, 86.11, 508.46, 32.07, 13.81
4.93, 41, white car, 6.45, 497.79, 36.36, 511.36, 21.40, 504.58, 6.45, 504.58, 36.36, 504.58, 29.91, 13.57
4.93, 9, white car, 620.46, 530.47, 649.56, 543.55, 635.01, 537.01, 620.46, 537.01, 649.56, 537.01, 29.10, 13.08
4.97, 26, black car, 54.46, 501.56, 86.24, 515.28, 70.35, 508.42, 54.46, 508.42, 86.24, 508.42, 31.78, 13.72
4.97, 9, white car, 618.75, 530.38, 647.67, 543.40, 633.21, 536.89, 618.75, 536.89, 647.67, 536.89, 28.92, 13.02
5.00, 26, black car, 54.91, 501.56, 86.40, 515.22, 70.65, 508.39, 54.91, 508.39, 86.40, 508.39, 31.49, 13.66
5.00, 9, white car, 616.84, 530.29, 645.87, 543.36, 631.36, 536.82, 616.84, 536.82, 645.87, 536.82, 29.04, 13.06
5.00, 41, white car, 6.52, 497.73, 36.29, 511.26, 21.41, 504.50, 6.52, 504.50, 36.29, 504.50, 29.77, 13.53
5.03, 26, black car, 55.29, 501.65, 86.36, 515.18, 70.83, 508.41, 55.29, 508.41, 86.36, 508.41, 31.07, 13.52
5.03, 9, white car, 614.88, 530.15, 644.24, 543.37, 629.56, 536.76, 614.88, 536.76, 644.24, 536.76, 29.36, 13.23
5.07, 26, black car, 55.51, 501.66, 86.40, 515.15, 70.96, 508.41, 55.51, 508.41, 86.40, 508.41, 30.88, 13.49
5.07, 9, white car, 612.81, 530.06, 642.04, 543.23, 627.43, 536.64, 612.81, 536.64, 642.04, 536.64, 29.23, 13.18
5.10, 26, black car, 55.65, 501.73, 86.42, 515.21, 71.04, 508.47, 55.65, 508.47, 86.42, 508.47, 30.77, 13.48
5.10, 9, white car, 610.47, 529.94, 639.83, 543.15, 625.15, 536.55, 610.47, 536.55, 639.83, 536.55, 29.37, 13.21
5.13, 26, black car, 55.82, 501.93, 86.38, 515.35, 71.10, 508.64, 55.82, 508.64, 86.38, 508.64, 30.56, 13.42
5.13, 9, white car, 608.49, 529.76, 637.88, 542.96, 623.18, 536.36, 608.49, 536.36, 637.88, 536.36, 29.39, 13.20
5.13, 41, white car, 6.60, 497.71, 36.22, 511.18, 21.41, 504.44, 6.60, 504.44, 36.22, 504.44, 29.62, 13.46
5.17, 26, black car, 55.95, 501.95, 86.37, 515.36, 71.16, 508.66, 55.95, 508.66, 86.37, 508.66, 30.42, 13.41
5.17, 9, white car, 606.34, 529.53, 635.79, 542.76, 621.06, 536.14, 606.34, 536.14, 635.79, 536.14, 29.45, 13.24
5.20, 26, black car, 55.60, 501.86, 86.23, 515.40, 70.91, 508.63, 55.60, 508.63, 86.23, 508.63, 30.63, 13.55
5.20, 9, white car, 604.59, 529.54, 633.92, 542.73, 619.25, 536.14, 604.59, 536.14, 633.92, 536.14, 29.34, 13.20
5.23, 26, black car, 55.17, 501.76, 86.14, 515.48, 70.65, 508.62, 55.17, 508.62, 86.14, 508.62, 30.97, 13.73
5.23, 9, white car, 602.82, 529.53, 632.37, 542.82, 617.59, 536.17, 602.82, 536.17, 632.37, 536.17, 29.55, 13.29
5.23, 41, white car, 6.59, 497.74, 36.12, 511.16, 21.36, 504.45, 6.59, 504.45, 36.12, 504.45, 29.53, 13.42
5.27, 26, black car, 55.37, 501.82, 86.13, 515.49, 70.75, 508.65, 55.37, 508.65, 86.13, 508.65, 30.76, 13.66
5.27, 9, white car, 601.02, 529.36, 630.77, 542.75, 615.90, 536.05, 601.02, 536.05, 630.77, 536.05, 29.74, 13.39
5.27, 41, white car, 6.61, 497.77, 36.04, 511.14, 21.33, 504.45, 6.61, 504.45, 36.04, 504.45, 29.43, 13.37
5.30, 26, black car, 55.69, 501.92, 86.19, 515.50, 70.94, 508.71, 55.69, 508.71, 86.19, 508.71, 30.50, 13.58
5.30, 9, white car, 598.77, 528.98, 628.92, 542.59, 613.84, 535.78, 598.77, 535.78, 628.92, 535.78, 30.15, 13.61
5.30, 41, white car, 6.63, 497.77, 36.05, 511.12, 21.34, 504.45, 6.63, 504.45, 36.05, 504.45, 29.41, 13.35
5.33, 26, black car, 55.88, 501.91, 86.30, 515.50, 71.09, 508.71, 55.88, 508.71, 86.30, 508.71, 30.42, 13.59
5.33, 9, white car, 596.77, 528.95, 627.13, 542.67, 611.95, 535.81, 596.77, 535.81, 627.13, 535.81, 30.36, 13.71
5.33, 41, white car, 6.66, 497.77, 36.07, 511.12, 21.36, 504.45, 6.66, 504.45, 36.07, 504.45, 29.41, 13.35
5.37, 26, black car, 55.86, 501.78, 86.39, 515.46, 71.12, 508.62, 55.86, 508.62, 86.39, 508.62, 30.53, 13.68
5.37, 9, white car, 594.93, 528.97, 625.23, 542.65, 610.08, 535.81, 594.93, 535.81, 625.23, 535.81, 30.30, 13.68
5.37, 41, white car, 6.62, 497.77, 36.08, 511.14, 21.35, 504.46, 6.62, 504.46, 36.08, 504.46, 29.46, 13.37
5.40, 26, black car, 55.85, 501.69, 86.39, 515.42, 71.12, 508.55, 55.85, 508.55, 86.39, 508.55, 30.54, 13.73
5.40, 9, white car, 593.13, 528.85, 623.28, 542.49, 608.21, 535.67, 593.13, 535.67, 623.28, 535.67, 30.16, 13.64
5.40, 41, white car, 6.59, 497.77, 36.07, 511.16, 21.33, 504.47, 6.59, 504.47, 36.07, 504.47, 29.48, 13.38
5.43, 26, black car, 55.75, 501.60, 86.37, 515.42, 71.06, 508.51, 55.75, 508.51, 86.37, 508.51, 30.62, 13.81
5.43, 9, white car, 591.50, 528.87, 621.02, 542.24, 606.26, 535.56, 591.50, 535.56, 621.02, 535.56, 29.52, 13.37
5.43, 41, white car, 6.53, 497.78, 36.03, 511.18, 21.28, 504.48, 6.53, 504.48, 36.03, 504.48, 29.50, 13.39
5.47, 26, black car, 55.51, 501.44, 86.29, 515.36, 70.90, 508.40, 55.51, 508.40, 86.29, 508.40, 30.77, 13.93
5.47, 9, white car, 590.01, 529.00, 618.95, 542.08, 604.48, 535.54, 590.01, 535.54, 618.95, 535.54, 28.93, 13.08
5.47, 41, white car, 6.55, 497.80, 36.05, 511.20, 21.30, 504.50, 6.55, 504.50, 36.05, 504.50, 29.50, 13.40
5.50, 26, black car, 55.20, 501.40, 86.07, 515.39, 70.63, 508.39, 55.20, 508.39, 86.07, 508.39, 30.87, 13.99
5.50, 9, white car, 588.22, 528.93, 617.10, 541.97, 602.66, 535.45, 588.22, 535.45, 617.10, 535.45, 28.88, 13.04
5.50, 41, white car, 6.47, 497.80, 35.98, 511.21, 21.22, 504.51, 6.47, 504.51, 35.98, 504.51, 29.51, 13.41
5.53, 26, black car, 55.31, 501.53, 86.00, 515.45, 70.66, 508.49, 55.31, 508.49, 86.00, 508.49, 30.69, 13.92
5.53, 9, white car, 586.01, 528.73, 614.95, 541.79, 600.48, 535.26, 586.01, 535.26, 614.95, 535.26, 28.94, 13.06
5.53, 41, white car, 6.44, 497.81, 35.94, 511.23, 21.19, 504.52, 6.44, 504.52, 35.94, 504.52, 29.50, 13.42
5.57, 26, black car, 55.44, 501.57, 85.95, 515.42, 70.70, 508.49, 55.44, 508.49, 85.95, 508.49, 30.51, 13.86
5.57, 9, white car, 583.79, 528.54, 613.12, 541.76, 598.45, 535.15, 583.79, 535.15, 613.12, 535.15, 29.33, 13.22
5.57, 41, white car, 6.50, 497.84, 35.80, 511.17, 21.15, 504.51, 6.50, 504.51, 35.80, 504.51, 29.30, 13.33
5.60, 26, black car, 55.49, 501.48, 85.86, 515.31, 70.67, 508.40, 55.49, 508.40, 85.86, 508.40, 30.37, 13.82
5.60, 9, white car, 581.69, 528.41, 611.30, 541.77, 596.50, 535.09, 581.69, 535.09, 611.30, 535.09, 29.62, 13.36
5.60, 41, white car, 6.58, 497.85, 35.76, 511.14, 21.17, 504.50, 6.58, 504.50, 35.76, 504.50, 29.17, 13.29
5.63, 26, black car, 55.40, 501.46, 85.74, 515.28, 70.57, 508.37, 55.40, 508.37, 85.74, 508.37, 30.34, 13.82
5.63, 9, white car, 580.04, 528.43, 609.27, 541.60, 594.66, 535.01, 580.04, 535.01, 609.27, 535.01, 29.22, 13.17
5.63, 41, white car, 6.59, 497.85, 35.73, 511.14, 21.16, 504.50, 6.59, 504.50, 35.73, 504.50, 29.14, 13.28
5.67, 26, black car, 55.27, 501.43, 85.66, 515.28, 70.47, 508.35, 55.27, 508.35, 85.66, 508.35, 30.38, 13.85
5.67, 9, white car, 578.42, 528.50, 606.82, 541.26, 592.62, 534.88, 578.42, 534.88, 606.82, 534.88, 28.40, 12.76
5.67, 41, white car, 6.66, 497.88, 35.75, 511.15, 21.20, 504.51, 6.66, 504.51, 35.75, 504.51, 29.09, 13.27
5.70, 26, black car, 55.35, 501.43, 85.67, 515.26, 70.51, 508.35, 55.35, 508.35, 85.67, 508.35, 30.32, 13.84
5.70, 9, white car, 576.68, 528.45, 604.93, 541.11, 590.81, 534.78, 576.68, 534.78, 604.93, 534.78, 28.25, 12.66
5.70, 41, white car, 6.66, 497.87, 35.78, 511.15, 21.22, 504.51, 6.66, 504.51, 35.78, 504.51, 29.11, 13.28
5.73, 26, black car, 55.53, 501.48, 85.70, 515.26, 70.62, 508.37, 55.53, 508.37, 85.70, 508.37, 30.17, 13.78
5.73, 9, white car, 574.62, 528.28, 603.46, 541.17, 589.04, 534.73, 574.62, 534.73, 603.46, 534.73, 28.84, 12.89
5.73, 41, white car, 6.70, 497.86, 35.80, 511.15, 21.25, 504.50, 6.70, 504.50, 35.80, 504.50, 29.10, 13.28
5.77, 26, black car, 55.52, 501.51, 85.69, 515.31, 70.60, 508.41, 55.52, 508.41, 85.69, 508.41, 30.17, 13.80
5.77, 9, white car, 572.57, 528.11, 601.44, 541.01, 587.01, 534.56, 572.57, 534.56, 601.44, 534.56, 28.87, 12.90
5.77, 41, white car, 6.78, 497.86, 35.87, 511.15, 21.32, 504.50, 6.78, 504.50, 35.87, 504.50, 29.09, 13.29
5.80, 26, black car, 55.69, 501.56, 85.68, 515.29, 70.69, 508.43, 55.69, 508.43, 85.68, 508.43, 29.99, 13.73
5.80, 9, white car, 570.67, 527.76, 599.82, 540.79, 585.25, 534.28, 570.67, 534.28, 599.82, 534.28, 29.15, 13.03
5.80, 41, white car, 6.84, 497.85, 35.82, 511.11, 21.33, 504.48, 6.84, 504.48, 35.82, 504.48, 28.98, 13.26
5.83, 26, black car, 55.74, 501.56, 85.59, 515.24, 70.67, 508.40, 55.74, 508.40, 85.59, 508.40, 29.86, 13.68
5.83, 9, white car, 568.49, 527.50, 597.83, 540.62, 583.16, 534.06, 568.49, 534.06, 597.83, 534.06, 29.34, 13.12
5.83, 41, white car, 6.92, 497.85, 35.76, 511.07, 21.34, 504.46, 6.92, 504.46, 35.76, 504.46, 28.84, 13.22
5.87, 26, black car, 55.55, 501.56, 85.52, 515.29, 70.53, 508.43, 55.55, 508.43, 85.52, 508.43, 29.97, 13.73
5.87, 9, white car, 566.55, 527.54, 595.71, 540.58, 581.13, 534.06, 566.55, 534.06, 595.71, 534.06, 29.16, 13.04
5.87, 41, white car, 6.98, 497.84, 35.79, 511.06, 21.38, 504.45, 6.98, 504.45, 35.79, 504.45, 28.81, 13.22
5.90, 26, black car, 55.64, 501.57, 85.56, 515.29, 70.60, 508.43, 55.64, 508.43, 85.56, 508.43, 29.93, 13.72
5.90, 9, white car, 564.75, 527.58, 593.65, 540.50, 579.20, 534.04, 564.75, 534.04, 593.65, 534.04, 28.90, 12.92
5.90, 41, white car, 7.07, 497.86, 35.68, 510.99, 21.38, 504.42, 7.07, 504.42, 35.68, 504.42, 28.61, 13.13
5.93, 26, black car, 55.71, 501.57, 85.61, 515.29, 70.66, 508.43, 55.71, 508.43, 85.61, 508.43, 29.91, 13.72
5.93, 9, white car, 562.83, 527.45, 591.77, 540.37, 577.30, 533.91, 562.83, 533.91, 591.77, 533.91, 28.93, 12.93
5.93, 41, white car, 7.13, 497.85, 35.64, 510.95, 21.38, 504.40, 7.13, 504.40, 35.64, 504.40, 28.51, 13.09
5.97, 26, black car, 56.12, 501.58, 85.93, 515.29, 71.03, 508.43, 56.12, 508.43, 85.93, 508.43, 29.81, 13.72
5.97, 9, white car, 561.05, 527.32, 590.06, 540.29, 575.55, 533.81, 561.05, 533.81, 590.06, 533.81, 29.00, 12.97
5.97, 41, white car, 6.96, 497.68, 35.93, 511.00, 21.45, 504.34, 6.96, 504.34, 35.93, 504.34, 28.97, 13.32
6.00, 26, black car, 56.16, 501.54, 85.97, 515.29, 71.06, 508.42, 56.16, 508.42, 85.97, 508.42, 29.81, 13.75
6.00, 9, white car, 559.17, 527.32, 588.31, 540.35, 573.74, 533.84, 559.17, 533.84, 588.31, 533.84, 29.14, 13.03
6.00, 41, white car, 6.79, 497.60, 35.95, 511.01, 21.37, 504.31, 6.79, 504.31, 35.95, 504.31, 29.15, 13.41
6.03, 26, black car, 56.38, 501.50, 86.06, 515.23, 71.22, 508.37, 56.38, 508.37, 86.06, 508.37, 29.67, 13.73
6.03, 9, white car, 557.56, 527.27, 586.44, 540.18, 572.00, 533.72, 557.56, 533.72, 586.44, 533.72, 28.88, 12.92
6.03, 41, white car, 6.87, 497.59, 35.84, 510.92, 21.35, 504.25, 6.87, 504.25, 35.84, 504.25, 28.98, 13.33
6.07, 26, black car, 56.44, 501.48, 85.98, 515.19, 71.21, 508.33, 56.44, 508.33, 85.98, 508.33, 29.55, 13.71
6.07, 9, white car, 555.57, 527.12, 584.51, 540.05, 570.04, 533.59, 555.57, 533.59, 584.51, 533.59, 28.94, 12.94
6.07, 41, white car, 6.92, 497.63, 35.77, 510.90, 21.35, 504.27, 6.92, 504.27, 35.77, 504.27, 28.85, 13.27
6.10, 26, black car, 56.38, 501.53, 85.85, 515.22, 71.12, 508.37, 56.38, 508.37, 85.85, 508.37, 29.47, 13.69
6.10, 9, white car, 553.66, 526.94, 583.00, 540.05, 568.33, 533.49, 553.66, 533.49, 583.00, 533.49, 29.34, 13.11
6.10, 41, white car, 6.93, 497.64, 35.67, 510.87, 21.30, 504.25, 6.93, 504.25, 35.67, 504.25, 28.74, 13.23
6.13, 26, black car, 56.29, 501.55, 85.78, 515.26, 71.04, 508.41, 56.29, 508.41, 85.78, 508.41, 29.49, 13.72
6.13, 9, white car, 551.62, 526.88, 581.26, 540.16, 566.44, 533.52, 551.62, 533.52, 581.26, 533.52, 29.64, 13.28
6.13, 41, white car, 6.97, 497.64, 35.75, 510.88, 21.36, 504.26, 6.97, 504.26, 35.75, 504.26, 28.78, 13.25
6.17, 26, black car, 56.47, 501.56, 85.77, 515.21, 71.12, 508.38, 56.47, 508.38, 85.77, 508.38, 29.30, 13.65
6.17, 9, white car, 549.93, 526.89, 579.05, 539.93, 564.49, 533.41, 549.93, 533.41, 579.05, 533.41, 29.12, 13.04
6.17, 41, white car, 7.02, 497.65, 35.62, 510.81, 21.32, 504.23, 7.02, 504.23, 35.62, 504.23, 28.60, 13.16
6.20, 26, black car, 56.56, 501.59, 85.70, 515.17, 71.13, 508.38, 56.56, 508.38, 85.70, 508.38, 29.14, 13.58
6.20, 9, white car, 548.43, 526.86, 577.30, 539.77, 562.86, 533.31, 548.43, 533.31, 577.30, 533.31, 28.86, 12.91
6.20, 41, white car, 7.07, 497.67, 35.57, 510.78, 21.32, 504.23, 7.07, 504.23, 35.57, 504.23, 28.50, 13.11
6.23, 26, black car, 56.29, 501.61, 85.50, 515.22, 70.90, 508.41, 56.29, 508.41, 85.50, 508.41, 29.21, 13.62
6.23, 9, white car, 546.89, 526.79, 575.91, 539.74, 561.40, 533.26, 546.89, 533.26, 575.91, 533.26, 29.02, 12.96
6.23, 41, white car, 7.05, 497.67, 35.60, 510.80, 21.33, 504.23, 7.05, 504.23, 35.60, 504.23, 28.56, 13.13
6.27, 26, black car, 56.47, 501.63, 85.54, 515.19, 71.00, 508.41, 56.47, 508.41, 85.54, 508.41, 29.07, 13.56
6.27, 9, white car, 545.01, 526.80, 574.08, 539.77, 559.55, 533.28, 545.01, 533.28, 574.08, 533.28, 29.07, 12.96
6.27, 41, white car, 7.05, 497.65, 35.64, 510.79, 21.34, 504.22, 7.05, 504.22, 35.64, 504.22, 28.59, 13.14
6.30, 26, black car, 56.63, 501.66, 85.56, 515.17, 71.09, 508.42, 56.63, 508.42, 85.56, 508.42, 28.93, 13.51
6.30, 9, white car, 543.16, 526.81, 571.87, 539.61, 557.51, 533.21, 543.16, 533.21, 571.87, 533.21, 28.70, 12.80
6.30, 41, white car, 7.06, 497.62, 35.72, 510.79, 21.39, 504.21, 7.06, 504.21, 35.72, 504.21, 28.66, 13.17
6.33, 26, black car, 56.57, 501.68, 85.36, 515.12, 70.96, 508.40, 56.57, 508.40, 85.36, 508.40, 28.80, 13.44
6.33, 9, white car, 541.30, 526.73, 570.06, 539.56, 555.68, 533.15, 541.30, 533.15, 570.06, 533.15, 28.76, 12.82
6.33, 41, white car, 7.10, 497.64, 35.76, 510.81, 21.43, 504.23, 7.10, 504.23, 35.76, 504.23, 28.65, 13.17
6.37, 26, black car, 56.73, 501.71, 85.42, 515.10, 71.08, 508.40, 56.73, 508.40, 85.42, 508.40, 28.69, 13.39
6.37, 9, white car, 539.54, 526.73, 568.58, 539.65, 554.06, 533.19, 539.54, 533.19, 568.58, 533.19, 29.03, 12.92
6.37, 41, white car, 7.19, 497.65, 35.81, 510.81, 21.50, 504.23, 7.19, 504.23, 35.81, 504.23, 28.62, 13.16
6.40, 26, black car, 56.70, 501.73, 85.41, 515.12, 71.06, 508.43, 56.70, 508.43, 85.41, 508.43, 28.71, 13.39
6.40, 9, white car, 537.45, 526.71, 566.20, 539.51, 551.83, 533.11, 537.45, 533.11, 566.20, 533.11, 28.75, 12.80
6.40, 41, white car, 7.31, 497.69, 35.80, 510.79, 21.55, 504.24, 7.31, 504.24, 35.80, 504.24, 28.49, 13.10
6.43, 26, black car, 56.63, 501.73, 85.35, 515.12, 70.99, 508.43, 56.63, 508.43, 85.35, 508.43, 28.72, 13.39
6.43, 9, white car, 535.30, 526.70, 563.56, 539.31, 549.43, 533.01, 535.30, 533.01, 563.56, 533.01, 28.26, 12.61
6.43, 41, white car, 7.32, 497.70, 35.80, 510.80, 21.56, 504.25, 7.32, 504.25, 35.80, 504.25, 28.48, 13.10
6.47, 26, black car, 56.69, 501.75, 85.37, 515.13, 71.03, 508.44, 56.69, 508.44, 85.37, 508.44, 28.69, 13.38
6.47, 9, white car, 533.50, 526.52, 562.21, 539.33, 547.86, 532.92, 533.50, 532.92, 562.21, 532.92, 28.71, 12.82
6.47, 41, white car, 7.28, 497.68, 35.80, 510.81, 21.54, 504.25, 7.28, 504.25, 35.80, 504.25, 28.53, 13.13
6.50, 26, black car, 56.76, 501.76, 85.40, 515.12, 71.08, 508.44, 56.76, 508.44, 85.40, 508.44, 28.63, 13.36
6.50, 9, white car, 531.63, 526.36, 560.65, 539.33, 546.14, 532.85, 531.63, 532.85, 560.65, 532.85, 29.02, 12.96
6.50, 41, white car, 7.25, 497.66, 35.82, 510.82, 21.54, 504.24, 7.25, 504.24, 35.82, 504.24, 28.57, 13.16
6.53, 26, black car, 56.67, 501.75, 85.40, 515.16, 71.03, 508.45, 56.67, 508.45, 85.40, 508.45, 28.73, 13.41
6.53, 9, white car, 529.83, 526.31, 558.97, 539.36, 544.40, 532.83, 529.83, 532.83, 558.97, 532.83, 29.14, 13.05
6.53, 41, white car, 7.16, 497.64, 35.89, 510.88, 21.52, 504.26, 7.16, 504.26, 35.89, 504.26, 28.73, 13.24
6.57, 26, black car, 56.46, 501.69, 85.37, 515.17, 70.91, 508.43, 56.46, 508.43, 85.37, 508.43, 28.91, 13.49
6.57, 9, white car, 527.85, 526.22, 557.28, 539.42, 542.56, 532.82, 527.85, 532.82, 557.28, 532.82, 29.43, 13.21
6.57, 41, white car, 7.13, 497.67, 35.82, 510.89, 21.48, 504.28, 7.13, 504.28, 35.82, 504.28, 28.68, 13.22
6.60, 26, black car, 56.39, 501.67, 85.28, 515.14, 70.84, 508.41, 56.39, 508.41, 85.28, 508.41, 28.88, 13.47
6.60, 9, white car, 525.77, 526.02, 555.62, 539.44, 540.70, 532.73, 525.77, 532.73, 555.62, 532.73, 29.85, 13.42
6.60, 41, white car, 7.14, 497.69, 35.72, 510.86, 21.43, 504.28, 7.14, 504.28, 35.72, 504.28, 28.58, 13.17
6.63, 26, black car, 56.29, 501.65, 85.19, 515.11, 70.74, 508.38, 56.29, 508.38, 85.19, 508.38, 28.90, 13.46
6.63, 9, white car, 524.15, 525.91, 554.10, 539.41, 539.13, 532.66, 524.15, 532.66, 554.10, 532.66, 29.95, 13.50
6.63, 41, white car, 7.14, 497.69, 35.67, 510.84, 21.41, 504.27, 7.14, 504.27, 35.67, 504.27, 28.53, 13.15
6.67, 26, black car, 56.23, 501.58, 85.18, 515.05, 70.70, 508.31, 56.23, 508.31, 85.18, 508.31, 28.95, 13.47
6.67, 9, white car, 522.51, 525.80, 552.15, 539.18, 537.33, 532.49, 522.51, 532.49, 552.15, 532.49, 29.65, 13.38
6.67, 41, white car, 7.15, 497.70, 35.60, 510.81, 21.37, 504.25, 7.15, 504.25, 35.60, 504.25, 28.45, 13.11
6.70, 26, black car, 56.54, 501.55, 85.43, 514.99, 70.99, 508.27, 56.54, 508.27, 85.43, 508.27, 28.89, 13.45
6.70, 9, white car, 520.93, 525.75, 550.44, 539.08, 535.68, 532.41, 520.93, 532.41, 550.44, 532.41, 29.51, 13.33
6.70, 41, white car, 7.17, 497.70, 35.65, 510.83, 21.41, 504.27, 7.17, 504.27, 35.65, 504.27, 28.48, 13.13
6.73, 26, black car, 56.68, 501.53, 85.51, 514.94, 71.10, 508.24, 56.68, 508.24, 85.51, 508.24, 28.83, 13.41
6.73, 9, white car, 519.00, 525.39, 548.69, 538.84, 533.85, 532.11, 519.00, 532.11, 548.69, 532.11, 29.69, 13.44
6.73, 41, white car, 7.25, 497.73, 35.64, 510.83, 21.44, 504.28, 7.25, 504.28, 35.64, 504.28, 28.39, 13.10
6.77, 26, black car, 56.56, 501.56, 85.45, 514.98, 71.01, 508.27, 56.56, 508.27, 85.45, 508.27, 28.89, 13.43
6.77, 9, white car, 517.11, 525.24, 546.77, 538.66, 531.94, 531.95, 517.11, 531.95, 546.77, 531.95, 29.66, 13.42
6.77, 41, white car, 7.27, 497.75, 35.54, 510.79, 21.41, 504.27, 7.27, 504.27, 35.54, 504.27, 28.26, 13.04
6.80, 26, black car, 56.34, 501.54, 85.40, 515.03, 70.87, 508.29, 56.34, 508.29, 85.40, 508.29, 29.06, 13.49
6.80, 9, white car, 515.42, 525.25, 544.87, 538.58, 530.14, 531.92, 515.42, 531.92, 544.87, 531.92, 29.45, 13.33
6.80, 41, white car, 7.21, 497.74, 35.51, 510.79, 21.36, 504.27, 7.21, 504.27, 35.51, 504.27, 28.30, 13.06
6.83, 26, black car, 56.58, 501.56, 85.64, 515.05, 71.11, 508.30, 56.58, 508.30, 85.64, 508.30, 29.06, 13.49
6.83, 9, white car, 513.89, 525.24, 543.29, 538.55, 528.59, 531.89, 513.89, 531.89, 543.29, 531.89, 29.40, 13.31
6.83, 41, white car, 7.32, 497.70, 35.64, 510.77, 21.48, 504.24, 7.32, 504.24, 35.64, 504.24, 28.32, 13.07
6.87, 26, black car, 56.64, 501.60, 85.61, 515.04, 71.12, 508.32, 56.64, 508.32, 85.61, 508.32, 28.97, 13.44
6.87, 9, white car, 512.10, 525.01, 541.80, 538.46, 526.95, 531.74, 512.10, 531.74, 541.80, 531.74, 29.69, 13.44
6.90, 26, black car, 56.51, 501.59, 85.55, 515.06, 71.03, 508.32, 56.51, 508.32, 85.55, 508.32, 29.04, 13.46
6.90, 9, white car, 510.57, 524.95, 539.99, 538.27, 525.28, 531.61, 510.57, 531.61, 539.99, 531.61, 29.42, 13.31
6.93, 26, black car, 56.49, 501.59, 85.59, 515.08, 71.04, 508.33, 56.49, 508.33, 85.59, 508.33, 29.10, 13.49
6.93, 9, white car, 508.91, 525.03, 537.95, 538.13, 523.43, 531.58, 508.91, 531.58, 537.95, 531.58, 29.04, 13.10
6.93, 41, white car, 7.22, 497.64, 35.68, 510.79, 21.45, 504.21, 7.22, 504.21, 35.68, 504.21, 28.46, 13.14
6.97, 26, black car, 56.25, 501.50, 85.57, 515.08, 70.91, 508.29, 56.25, 508.29, 85.57, 508.29, 29.32, 13.58
6.97, 9, white car, 507.03, 524.76, 536.54, 538.07, 521.78, 531.42, 507.03, 531.42, 536.54, 531.42, 29.51, 13.31
7.00, 26, black car, 56.59, 501.50, 85.87, 515.09, 71.23, 508.30, 56.59, 508.30, 85.87, 508.30, 29.28, 13.59
7.00, 9, white car, 505.09, 524.49, 534.97, 537.99, 520.03, 531.24, 505.09, 531.24, 534.97, 531.24, 29.87, 13.50
7.00, 41, white car, 7.30, 497.58, 35.81, 510.76, 21.56, 504.17, 7.30, 504.17, 35.81, 504.17, 28.51, 13.18
7.03, 26, black car, 56.73, 501.47, 86.05, 515.11, 71.39, 508.29, 56.73, 508.29, 86.05, 508.29, 29.32, 13.65
7.03, 9, white car, 503.42, 524.34, 533.31, 537.84, 518.37, 531.09, 503.42, 531.09, 533.31, 531.09, 29.89, 13.50
7.07, 26, black car, 56.96, 501.42, 86.22, 515.09, 71.59, 508.25, 56.96, 508.25, 86.22, 508.25, 29.26, 13.67
7.07, 9, white car, 501.55, 524.27, 531.68, 537.87, 516.62, 531.07, 501.55, 531.07, 531.68, 531.07, 30.13, 13.61
7.10, 26, black car, 56.78, 501.42, 86.03, 515.10, 71.40, 508.26, 56.78, 508.26, 86.03, 508.26, 29.25, 13.69
7.10, 9, white car, 499.62, 524.14, 530.00, 537.87, 514.81, 531.00, 499.62, 531.00, 530.00, 531.00, 30.38, 13.73
7.13, 26, black car, 56.86, 501.28, 86.10, 514.99, 71.48, 508.14, 56.86, 508.14, 86.10, 508.14, 29.23, 13.70
7.13, 9, white car, 497.57, 523.97, 528.50, 537.98, 513.03, 530.98, 497.57, 530.98, 528.50, 530.98, 30.93, 14.01
7.17, 26, black car, 56.91, 501.19, 86.21, 514.95, 71.56, 508.07, 56.91, 508.07, 86.21, 508.07, 29.30, 13.76
7.17, 9, white car, 495.91, 523.88, 526.56, 537.79, 511.23, 530.84, 495.91, 530.84, 526.56, 530.84, 30.65, 13.91
7.20, 26, black car, 56.78, 501.08, 86.26, 514.94, 71.52, 508.01, 56.78, 508.01, 86.26, 508.01, 29.48, 13.86
7.20, 9, white car, 494.01, 523.70, 524.65, 537.66, 509.33, 530.68, 494.01, 530.68, 524.65, 530.68, 30.65, 13.96
7.23, 26, black car, 56.89, 501.07, 86.29, 514.92, 71.59, 508.00, 56.89, 508.00, 86.29, 508.00, 29.39, 13.85
7.23, 9, white car, 492.20, 523.48, 522.79, 537.47, 507.50, 530.47, 492.20, 530.47, 522.79, 530.47, 30.59, 13.99
7.27, 26, black car, 57.26, 501.06, 86.49, 514.87, 71.87, 507.97, 57.26, 507.97, 86.49, 507.97, 29.23, 13.81
7.27, 9, white car, 490.49, 523.55, 520.99, 537.53, 505.74, 530.54, 490.49, 530.54, 520.99, 530.54, 30.49, 13.98
7.30, 26, black car, 57.33, 501.06, 86.39, 514.82, 71.86, 507.94, 57.33, 507.94, 86.39, 507.94, 29.06, 13.76
7.30, 9, white car, 489.11, 523.66, 518.94, 537.32, 504.02, 530.49, 489.11, 530.49, 518.94, 530.49, 29.83, 13.66
7.33, 26, black car, 57.33, 501.05, 86.33, 514.81, 71.83, 507.93, 57.33, 507.93, 86.33, 507.93, 28.99, 13.76
7.33, 9, white car, 487.25, 523.73, 517.02, 537.39, 502.14, 530.56, 487.25, 530.56, 517.02, 530.56, 29.77, 13.66
7.37, 26, black car, 57.41, 501.06, 86.24, 514.76, 71.83, 507.91, 57.41, 507.91, 86.24, 507.91, 28.83, 13.70
7.37, 9, white car, 485.59, 523.63, 515.36, 537.31, 500.48, 530.47, 485.59, 530.47, 515.36, 530.47, 29.76, 13.68
7.40, 26, black car, 57.39, 501.04, 86.22, 514.76, 71.81, 507.90, 57.39, 507.90, 86.22, 507.90, 28.84, 13.72
7.40, 9, white car, 483.59, 523.47, 513.67, 537.34, 498.63, 530.40, 483.59, 530.40, 513.67, 530.40, 30.08, 13.87
7.43, 26, black car, 57.18, 500.99, 86.15, 514.79, 71.67, 507.89, 57.18, 507.89, 86.15, 507.89, 28.97, 13.79
7.43, 9, white car, 482.08, 523.34, 512.06, 537.18, 497.07, 530.26, 482.08, 530.26, 512.06, 530.26, 29.98, 13.84
7.47, 26, black car, 57.24, 501.04, 86.09, 514.79, 71.67, 507.91, 57.24, 507.91, 86.09, 507.91, 28.85, 13.75
7.47, 9, white car, 480.32, 523.02, 510.48, 536.97, 495.40, 529.99, 480.32, 529.99, 510.48, 529.99, 30.16, 13.95
7.50, 26, black car, 57.14, 500.96, 86.13, 514.79, 71.63, 507.88, 57.14, 507.88, 86.13, 507.88, 29.00, 13.83
7.50, 9, white car, 478.46, 522.79, 508.77, 536.87, 493.62, 529.83, 478.46, 529.83, 508.77, 529.83, 30.32, 14.08
7.53, 26, black car, 57.14, 500.98, 86.13, 514.82, 71.64, 507.90, 57.14, 507.90, 86.13, 507.90, 28.99, 13.84
7.53, 9, white car, 476.56, 522.66, 506.79, 536.75, 491.67, 529.71, 476.56, 529.71, 506.79, 529.71, 30.23, 14.08
7.57, 26, black car, 56.83, 500.92, 86.05, 514.87, 71.44, 507.90, 56.83, 507.90, 86.05, 507.90, 29.22, 13.96
7.57, 9, white car, 474.80, 522.55, 504.93, 536.60, 489.87, 529.57, 474.80, 529.57, 504.93, 529.57, 30.13, 14.05
7.60, 26, black car, 56.81, 500.92, 86.12, 514.93, 71.46, 507.92, 56.81, 507.92, 86.12, 507.92, 29.31, 14.01
7.60, 9, white car, 473.31, 522.54, 503.21, 536.48, 488.26, 529.51, 473.31, 529.51, 503.21, 529.51, 29.89, 13.94
7.63, 26, black car, 56.88, 500.95, 86.14, 514.95, 71.51, 507.95, 56.88, 507.95, 86.14, 507.95, 29.26, 14.00
7.63, 9, white car, 471.63, 522.32, 501.59, 536.35, 486.61, 529.33, 471.63, 529.33, 501.59, 529.33, 29.96, 14.02
7.67, 26, black car, 57.02, 500.96, 86.11, 514.89, 71.57, 507.93, 57.02, 507.93, 86.11, 507.93, 29.08, 13.93
7.67, 9, white car, 469.69, 522.25, 499.75, 536.38, 484.72, 529.31, 469.69, 529.31, 499.75, 529.31, 30.06, 14.13
7.70, 26, black car, 57.39, 500.93, 86.20, 514.74, 71.79, 507.83, 57.39, 507.83, 86.20, 507.83, 28.81, 13.81
7.70, 9, white car, 468.27, 522.20, 498.23, 536.30, 483.25, 529.25, 468.27, 529.25, 498.23, 529.25, 29.97, 14.10
7.73, 26, black car, 57.47, 500.88, 86.19, 514.65, 71.83, 507.77, 57.47, 507.77, 86.19, 507.77, 28.72, 13.77
7.73, 9, white car, 466.63, 522.05, 496.47, 536.11, 481.55, 529.08, 466.63, 529.08, 496.47, 529.08, 29.84, 14.06
7.77, 26, black car, 57.61, 500.93, 86.11, 514.60, 71.86, 507.76, 57.61, 507.76, 86.11, 507.76, 28.51, 13.67
7.77, 9, white car, 465.02, 521.81, 494.71, 535.82, 479.87, 528.81, 465.02, 528.81, 494.71, 528.81, 29.68, 14.01
7.80, 26, black car, 57.51, 500.90, 86.05, 514.58, 71.78, 507.74, 57.51, 507.74, 86.05, 507.74, 28.54, 13.68
7.80, 9, white car, 463.43, 521.76, 493.01, 535.75, 478.22, 528.75, 463.43, 528.75, 493.01, 528.75, 29.57, 13.98
7.83, 26, black car, 57.29, 500.97, 85.91, 514.68, 71.60, 507.82, 57.29, 507.82, 85.91, 507.82, 28.62, 13.71
7.83, 9, white car, 461.85, 521.85, 491.24, 535.74, 476.55, 528.80, 461.85, 528.80, 491.24, 528.80, 29.39, 13.90
7.87, 26, black car, 57.47, 501.11, 85.76, 514.64, 71.62, 507.88, 57.47, 507.88, 85.76, 507.88, 28.28, 13.53
7.87, 9, white car, 460.28, 521.86, 489.47, 535.64, 474.87, 528.75, 460.28, 528.75, 489.47, 528.75, 29.19, 13.79
7.90, 26, black car, 57.51, 501.14, 85.69, 514.60, 71.60, 507.87, 57.51, 507.87, 85.69, 507.87, 28.18, 13.46
7.90, 9, white car, 458.70, 521.84, 487.77, 535.58, 473.24, 528.71, 458.70, 528.71, 487.77, 528.71, 29.07, 13.73
7.93, 26, black car, 57.57, 501.17, 85.70, 514.59, 71.64, 507.88, 57.57, 507.88, 85.70, 507.88, 28.14, 13.42
7.93, 9, white car, 457.01, 521.88, 485.98, 535.58, 471.50, 528.73, 457.01, 528.73, 485.98, 528.73, 28.97, 13.70
7.97, 26, black car, 56.94, 500.85, 85.59, 514.48, 71.27, 507.67, 56.94, 507.67, 85.59, 507.67, 28.65, 13.63
7.97, 40, white car, 1432.87, 529.84, 1463.46, 542.98, 1448.17, 536.41, 1432.87, 536.41, 1463.46, 536.41, 30.59, 13.14
7.97, 9, white car, 455.29, 521.82, 484.47, 535.63, 469.88, 528.72, 455.29, 528.72, 484.47, 528.72, 29.18, 13.81
8.00, 26, black car, 56.67, 500.79, 85.54, 514.50, 71.11, 507.64, 56.67, 507.64, 85.54, 507.64, 28.87, 13.71
8.00, 40, white car, 1430.47, 529.94, 1461.10, 543.06, 1445.79, 536.50, 1430.47, 536.50, 1461.10, 536.50, 30.63, 13.13
8.00, 9, white car, 453.74, 521.87, 482.73, 535.58, 468.23, 528.72, 453.74, 528.72, 482.73, 528.72, 28.99, 13.72
8.03, 26, black car, 56.65, 500.81, 85.59, 514.52, 71.12, 507.67, 56.65, 507.67, 85.59, 507.67, 28.94, 13.71
8.03, 40, white car, 1427.98, 530.10, 1458.79, 543.26, 1443.38, 536.68, 1427.98, 536.68, 1458.79, 536.68, 30.80, 13.17
8.03, 9, white car, 451.93, 521.78, 480.90, 535.48, 466.42, 528.63, 451.93, 528.63, 480.90, 528.63, 28.97, 13.70
8.07, 26, black car, 56.72, 500.84, 85.68, 514.54, 71.20, 507.69, 56.72, 507.69, 85.68, 507.69, 28.96, 13.70
8.07, 40, white car, 1425.62, 530.26, 1455.93, 543.19, 1440.77, 536.73, 1425.62, 536.73, 1455.93, 536.73, 30.31, 12.93
8.07, 9, white car, 450.27, 521.62, 479.38, 535.37, 464.83, 528.49, 450.27, 528.49, 479.38, 528.49, 29.11, 13.75
8.10, 26, black car, 56.76, 500.87, 85.71, 514.54, 71.24, 507.70, 56.76, 507.70, 85.71, 507.70, 28.95, 13.68
8.10, 40, white car, 1423.23, 530.57, 1453.13, 543.29, 1438.18, 536.93, 1423.23, 536.93, 1453.13, 536.93, 29.89, 12.72
8.10, 9, white car, 448.61, 521.53, 477.64, 535.22, 463.13, 528.37, 448.61, 528.37, 477.64, 528.37, 29.03, 13.69
8.13, 26, black car, 56.92, 500.86, 85.75, 514.47, 71.33, 507.67, 56.92, 507.67, 85.75, 507.67, 28.83, 13.60
8.13, 40, white car, 1420.63, 530.92, 1450.30, 543.52, 1435.47, 537.22, 1420.63, 537.22, 1450.30, 537.22, 29.67, 12.61
8.13, 9, white car, 447.18, 521.47, 475.97, 535.01, 461.58, 528.24, 447.18, 528.24, 475.97, 528.24, 28.79, 13.53
8.17, 26, black car, 57.10, 500.90, 85.88, 514.47, 71.49, 507.68, 57.10, 507.68, 85.88, 507.68, 28.79, 13.57
8.17, 40, white car, 1417.97, 530.94, 1448.20, 543.80, 1433.08, 537.37, 1417.97, 537.37, 1448.20, 537.37, 30.23, 12.86
8.17, 9, white car, 445.69, 521.48, 474.08, 534.78, 459.88, 528.13, 445.69, 528.13, 474.08, 528.13, 28.39, 13.30
8.20, 26, black car, 57.01, 500.86, 85.93, 514.48, 71.47, 507.67, 57.01, 507.67, 85.93, 507.67, 28.92, 13.62
8.20, 40, white car, 1415.04, 531.09, 1445.35, 543.98, 1430.20, 537.53, 1415.04, 537.53, 1445.35, 537.53, 30.30, 12.89
8.20, 9, white car, 444.03, 521.35, 472.40, 534.62, 458.21, 527.99, 444.03, 527.99, 472.40, 527.99, 28.37, 13.28
8.23, 26, black car, 56.79, 500.77, 85.90, 514.46, 71.34, 507.62, 56.79, 507.62, 85.90, 507.62, 29.11, 13.69
8.23, 40, white car, 1412.47, 531.19, 1442.89, 544.09, 1427.68, 537.64, 1412.47, 537.64, 1442.89, 537.64, 30.41, 12.91
8.23, 9, white car, 442.00, 521.30, 470.73, 534.75, 456.36, 528.02, 442.00, 528.02, 470.73, 528.02, 28.73, 13.45
8.27, 26, black car, 56.72, 500.76, 85.88, 514.47, 71.30, 507.61, 56.72, 507.61, 85.88, 507.61, 29.16, 13.71
8.27, 40, white car, 1409.92, 531.29, 1440.56, 544.28, 1425.24, 537.78, 1409.92, 537.78, 1440.56, 537.78, 30.65, 12.99
8.27, 9, white car, 440.40, 521.24, 469.21, 534.71, 454.81, 527.97, 440.40, 527.97, 469.21, 527.97, 28.81, 13.47
8.30, 26, black car, 56.76, 500.79, 85.84, 514.45, 71.30, 507.62, 56.76, 507.62, 85.84, 507.62, 29.08, 13.66
8.30, 40, white car, 1407.24, 531.44, 1437.80, 544.39, 1422.52, 537.91, 1407.24, 537.91, 1437.80, 537.91, 30.56, 12.95
8.30, 9, white car, 438.78, 521.18, 467.32, 534.51, 453.05, 527.85, 438.78, 527.85, 467.32, 527.85, 28.54, 13.32
8.33, 26, black car, 56.71, 500.78, 85.82, 514.44, 71.27, 507.61, 56.71, 507.61, 85.82, 507.61, 29.11, 13.66
8.33, 40, white car, 1404.81, 531.51, 1435.43, 544.49, 1420.12, 538.00, 1404.81, 538.00, 1435.43, 538.00, 30.62, 12.98
8.33, 9, white car, 437.11, 520.85, 465.73, 534.19, 451.42, 527.52, 437.11, 527.52, 465.73, 527.52, 28.62, 13.35
8.37, 26, black car, 56.60, 500.77, 85.87, 514.50, 71.24, 507.63, 56.60, 507.63, 85.87, 507.63, 29.27, 13.72
8.37, 40, white car, 1402.26, 531.55, 1432.98, 544.59, 1417.62, 538.07, 1402.26, 538.07, 1432.98, 538.07, 30.72, 13.04
8.37, 9, white car, 435.44, 520.66, 464.30, 534.10, 449.87, 527.38, 435.44, 527.38, 464.30, 527.38, 28.86, 13.44
8.40, 26, black car, 56.53, 500.72, 85.90, 514.49, 71.22, 507.61, 56.53, 507.61, 85.90, 507.61, 29.37, 13.77
8.40, 40, white car, 1399.56, 531.57, 1430.40, 544.66, 1414.98, 538.12, 1399.56, 538.12, 1430.40, 538.12, 30.83, 13.09
8.40, 9, white car, 433.86, 520.57, 462.80, 534.03, 448.33, 527.30, 433.86, 527.30, 462.80, 527.30, 28.94, 13.46
8.43, 26, black car, 56.46, 500.76, 85.81, 514.51, 71.13, 507.63, 56.46, 507.63, 85.81, 507.63, 29.35, 13.75
8.43, 40, white car, 1397.02, 531.61, 1427.69, 544.64, 1412.36, 538.13, 1397.02, 538.13, 1427.69, 538.13, 30.67, 13.03
8.43, 9, white car, 431.90, 520.49, 461.19, 534.13, 446.55, 527.31, 431.90, 527.31, 461.19, 527.31, 29.29, 13.63
8.47, 26, black car, 56.37, 500.72, 85.84, 514.53, 71.10, 507.63, 56.37, 507.63, 85.84, 507.63, 29.48, 13.80
8.47, 40, white car, 1394.64, 531.73, 1424.81, 544.55, 1409.72, 538.14, 1394.64, 538.14, 1424.81, 538.14, 30.17, 12.82
8.47, 9, white car, 430.35, 520.32, 459.71, 534.01, 445.03, 527.17, 430.35, 527.17, 459.71, 527.17, 29.36, 13.69
8.50, 26, black car, 56.14, 500.69, 85.70, 514.51, 70.92, 507.60, 56.14, 507.60, 85.70, 507.60, 29.56, 13.83
8.50, 40, white car, 1392.16, 531.91, 1422.17, 544.66, 1407.17, 538.29, 1392.16, 538.29, 1422.17, 538.29, 30.02, 12.75
8.50, 9, white car, 428.47, 520.23, 457.93, 533.98, 443.20, 527.10, 428.47, 527.10, 457.93, 527.10, 29.46, 13.75
8.53, 26, black car, 56.02, 500.69, 85.54, 514.48, 70.78, 507.58, 56.02, 507.58, 85.54, 507.58, 29.52, 13.79
8.53, 40, white car, 1389.68, 531.94, 1419.95, 544.83, 1404.82, 538.38, 1389.68, 538.38, 1419.95, 538.38, 30.26, 12.88
8.53, 9, white car, 426.64, 520.07, 456.37, 533.94, 441.51, 527.00, 426.64, 527.00, 456.37, 527.00, 29.73, 13.87
8.57, 26, black car, 56.04, 500.73, 85.45, 514.44, 70.75, 507.59, 56.04, 507.59, 85.45, 507.59, 29.41, 13.72
8.57, 40, white car, 1386.71, 531.98, 1417.44, 545.08, 1402.08, 538.53, 1386.71, 538.53, 1417.44, 538.53, 30.73, 13.10
8.57, 9, white car, 425.11, 519.92, 454.78, 533.81, 439.94, 526.87, 425.11, 526.87, 454.78, 526.87, 29.68, 13.88
8.60, 26, black car, 55.91, 500.66, 85.52, 514.45, 70.71, 507.56, 55.91, 507.56, 85.52, 507.56, 29.61, 13.80
8.60, 40, white car, 1384.00, 532.10, 1414.49, 545.08, 1399.25, 538.59, 1384.00, 538.59, 1414.49, 538.59, 30.49, 12.98
8.60, 9, white car, 423.51, 519.78, 452.91, 533.55, 438.21, 526.67, 423.51, 526.67, 452.91, 526.67, 29.40, 13.77
8.63, 26, black car, 55.76, 500.63, 85.37, 514.40, 70.56, 507.51, 55.76, 507.51, 85.37, 507.51, 29.60, 13.77
8.63, 40, white car, 1381.37, 532.23, 1411.73, 545.19, 1396.55, 538.71, 1381.37, 538.71, 1411.73, 538.71, 30.36, 12.96
8.63, 9, white car, 421.97, 519.50, 451.31, 533.23, 436.64, 526.37, 421.97, 526.37, 451.31, 526.37, 29.34, 13.73
8.67, 26, black car, 55.70, 500.65, 85.33, 514.41, 70.51, 507.53, 55.70, 507.53, 85.33, 507.53, 29.63, 13.76
8.67, 9, white car, 420.36, 519.39, 449.73, 533.13, 435.04, 526.26, 420.36, 526.26, 449.73, 526.26, 29.37, 13.74
8.70, 26, black car, 55.75, 500.70, 85.31, 514.40, 70.53, 507.55, 55.75, 507.55, 85.31, 507.55, 29.56, 13.70
8.70, 9, white car, 419.06, 519.43, 448.19, 533.03, 433.63, 526.23, 419.06, 526.23, 448.19, 526.23, 29.13, 13.60
8.73, 26, black car, 55.79, 500.70, 85.42, 514.42, 70.61, 507.56, 55.79, 507.56, 85.42, 507.56, 29.63, 13.72
8.73, 9, white car, 417.64, 519.52, 446.68, 533.06, 432.16, 526.29, 417.64, 526.29, 446.68, 526.29, 29.04, 13.55
8.77, 26, black car, 55.87, 500.70, 85.47, 514.39, 70.67, 507.54, 55.87, 507.54, 85.47, 507.54, 29.60, 13.69
8.77, 9, white car, 415.77, 519.50, 444.94, 533.10, 430.36, 526.30, 415.77, 526.30, 444.94, 526.30, 29.17, 13.60
8.80, 26, black car, 55.93, 500.73, 85.47, 514.36, 70.70, 507.55, 55.93, 507.55, 85.47, 507.55, 29.54, 13.64
8.80, 9, white car, 413.83, 519.50, 443.35, 533.27, 428.59, 526.38, 413.83, 526.38, 443.35, 526.38, 29.51, 13.77
8.83, 26, black car, 56.01, 500.68, 85.60, 514.33, 70.80, 507.51, 56.01, 507.51, 85.60, 507.51, 29.60, 13.65
8.83, 9, white car, 412.01, 519.43, 441.78, 533.32, 426.90, 526.38, 412.01, 526.38, 441.78, 526.38, 29.78, 13.88
8.87, 26, black car, 55.93, 500.68, 85.64, 514.36, 70.78, 507.52, 55.93, 507.52, 85.64, 507.52, 29.72, 13.69
8.87, 9, white car, 410.53, 519.44, 440.10, 533.22, 425.31, 526.33, 410.53, 526.33, 440.10, 526.33, 29.57, 13.78
8.90, 26, black car, 55.94, 500.71, 85.61, 514.36, 70.77, 507.53, 55.94, 507.53, 85.61, 507.53, 29.68, 13.65
8.90, 9, white car, 409.28, 519.35, 438.63, 533.02, 423.96, 526.19, 409.28, 526.19, 438.63, 526.19, 29.36, 13.67
8.93, 26, black car, 56.10, 500.76, 85.63, 514.32, 70.87, 507.54, 56.10, 507.54, 85.63, 507.54, 29.53, 13.56
8.93, 9, white car, 407.99, 519.27, 436.68, 532.61, 422.33, 525.94, 407.99, 525.94, 436.68, 525.94, 28.69, 13.33
8.97, 26, black car, 56.37, 500.80, 85.79, 514.32, 71.08, 507.56, 56.37, 507.56, 85.79, 507.56, 29.42, 13.52
8.97, 9, white car, 406.53, 519.21, 434.89, 532.36, 420.71, 525.79, 406.53, 525.79, 434.89, 525.79, 28.36, 13.14
9.00, 26, black car, 56.29, 500.79, 85.75, 514.33, 71.02, 507.56, 56.29, 507.56, 85.75, 507.56, 29.45, 13.54
9.00, 9, white car, 405.20, 519.21, 433.52, 532.32, 419.36, 525.77, 405.20, 525.77, 433.52, 525.77, 28.33, 13.10
9.03, 26, black car, 56.35, 500.82, 85.77, 514.35, 71.06, 507.59, 56.35, 507.59, 85.77, 507.59, 29.42, 13.52
9.03, 9, white car, 403.71, 519.21, 431.92, 532.25, 417.82, 525.73, 403.71, 525.73, 431.92, 525.73, 28.22, 13.04
9.07, 26, black car, 56.35, 500.83, 85.76, 514.35, 71.06, 507.59, 56.35, 507.59, 85.76, 507.59, 29.41, 13.52
9.07, 9, white car, 401.96, 519.10, 430.22, 532.14, 416.09, 525.62, 401.96, 525.62, 430.22, 525.62, 28.26, 13.04
9.10, 26, black car, 56.31, 500.72, 85.84, 514.30, 71.07, 507.51, 56.31, 507.51, 85.84, 507.51, 29.53, 13.58
9.10, 9, white car, 400.37, 518.93, 428.77, 532.02, 414.57, 525.48, 400.37, 525.48, 428.77, 525.48, 28.40, 13.10
9.13, 26, black car, 56.27, 500.66, 85.79, 514.23, 71.03, 507.45, 56.27, 507.45, 85.79, 507.45, 29.52, 13.57
9.13, 9, white car, 398.63, 518.79, 427.22, 531.94, 412.92, 525.37, 398.63, 525.37, 427.22, 525.37, 28.59, 13.15
9.17, 26, black car, 56.06, 500.58, 85.69, 514.19, 70.87, 507.39, 56.06, 507.39, 85.69, 507.39, 29.64, 13.61
9.17, 9, white car, 397.03, 518.75, 425.56, 531.86, 411.29, 525.31, 397.03, 525.31, 425.56, 525.31, 28.53, 13.11
9.20, 26, black car, 56.08, 500.64, 85.59, 514.18, 70.84, 507.41, 56.08, 507.41, 85.59, 507.41, 29.52, 13.54
9.20, 9, white car, 395.21, 518.80, 423.70, 531.86, 409.46, 525.33, 395.21, 525.33, 423.70, 525.33, 28.49, 13.06
9.23, 26, black car, 56.11, 500.67, 85.59, 514.16, 70.85, 507.42, 56.11, 507.42, 85.59, 507.42, 29.49, 13.50
9.23, 9, white car, 393.80, 518.76, 422.30, 531.80, 408.05, 525.28, 393.80, 525.28, 422.30, 525.28, 28.51, 13.04
9.27, 26, black car, 55.94, 500.65, 85.56, 514.19, 70.75, 507.42, 55.94, 507.42, 85.56, 507.42, 29.63, 13.54
9.27, 9, white car, 392.24, 518.65, 420.74, 531.65, 406.49, 525.15, 392.24, 525.15, 420.74, 525.15, 28.50, 13.00
9.30, 26, black car, 55.86, 500.65, 85.55, 514.20, 70.71, 507.42, 55.86, 507.42, 85.55, 507.42, 29.69, 13.55
9.30, 9, white car, 390.98, 518.48, 419.38, 531.40, 405.18, 524.94, 390.98, 524.94, 419.38, 524.94, 28.41, 12.92
9.33, 26, black car, 55.89, 500.69, 85.57, 514.22, 70.73, 507.46, 55.89, 507.46, 85.57, 507.46, 29.68, 13.53
9.33, 9, white car, 389.32, 518.42, 417.63, 531.26, 403.48, 524.84, 389.32, 524.84, 417.63, 524.84, 28.31, 12.84
9.37, 26, black car, 55.89, 500.66, 85.63, 514.21, 70.76, 507.44, 55.89, 507.44, 85.63, 507.44, 29.73, 13.56
9.37, 9, white car, 387.59, 518.19, 416.06, 531.07, 401.82, 524.63, 387.59, 524.63, 416.06, 524.63, 28.48, 12.88
9.40, 26, black car, 55.73, 500.57, 85.65, 514.22, 70.69, 507.40, 55.73, 507.40, 85.65, 507.40, 29.92, 13.65
9.40, 9, white car, 385.83, 518.02, 414.63, 531.02, 400.23, 524.52, 385.83, 524.52, 414.63, 524.52, 28.80, 13.00
9.43, 26, black car, 55.80, 500.61, 85.76, 514.27, 70.78, 507.44, 55.80, 507.44, 85.76, 507.44, 29.96, 13.67
9.43, 9, white car, 384.52, 517.95, 413.17, 530.86, 398.84, 524.40, 384.52, 524.40, 413.17, 524.40, 28.65, 12.91
9.47, 26, black car, 56.06, 500.60, 85.80, 514.17, 70.93, 507.38, 56.06, 507.38, 85.80, 507.38, 29.74, 13.57
9.47, 9, white car, 382.96, 517.61, 412.33, 530.92, 397.65, 524.27, 382.96, 524.27, 412.33, 524.27, 29.37, 13.31
9.50, 26, black car, 56.33, 500.66, 85.79, 514.11, 71.06, 507.39, 56.33, 507.39, 85.79, 507.39, 29.46, 13.45
9.50, 9, white car, 381.53, 517.46, 410.99, 530.89, 396.26, 524.18, 381.53, 524.18, 410.99, 524.18, 29.46, 13.43
9.50, 68, white car, 7.84, 497.26, 35.37, 509.87, 21.60, 503.56, 7.84, 503.56, 35.37, 503.56, 27.52, 12.61
9.50, 40, white car, 1312.17, 535.27, 1341.56, 547.86, 1326.86, 541.57, 1312.17, 541.57, 1341.56, 541.57, 29.38, 12.59
9.53, 26, black car, 56.14, 500.59, 85.76, 514.13, 70.95, 507.36, 56.14, 507.36, 85.76, 507.36, 29.62, 13.53
9.53, 9, white car, 380.21, 517.43, 409.53, 530.88, 394.87, 524.16, 380.21, 524.16, 409.53, 524.16, 29.33, 13.45
9.53, 68, white car, 7.70, 497.22, 35.40, 509.92, 21.55, 503.57, 7.70, 503.57, 35.40, 503.57, 27.70, 12.69
9.53, 40, white car, 1309.34, 535.22, 1338.83, 547.91, 1324.08, 541.56, 1309.34, 541.56, 1338.83, 541.56, 29.48, 12.69
9.57, 26, black car, 56.01, 500.56, 85.73, 514.15, 70.87, 507.36, 56.01, 507.36, 85.73, 507.36, 29.72, 13.59
9.57, 9, white car, 378.69, 517.37, 407.80, 530.79, 393.25, 524.08, 378.69, 524.08, 407.80, 524.08, 29.11, 13.42
9.57, 68, white car, 7.61, 497.21, 35.45, 509.97, 21.53, 503.59, 7.61, 503.59, 35.45, 503.59, 27.85, 12.76
9.57, 40, white car, 1306.23, 535.23, 1335.78, 547.99, 1321.00, 541.61, 1306.23, 541.61, 1335.78, 541.61, 29.55, 12.76
9.60, 26, black car, 56.31, 500.55, 85.76, 514.03, 71.03, 507.29, 56.31, 507.29, 85.76, 507.29, 29.45, 13.49
9.60, 9, white car, 375.60, 517.01, 405.51, 530.75, 390.56, 523.88, 375.60, 523.88, 405.51, 523.88, 29.91, 13.74
9.60, 68, white car, 7.70, 497.19, 35.40, 509.87, 21.55, 503.53, 7.70, 503.53, 35.40, 503.53, 27.70, 12.69
9.60, 40, white car, 1303.00, 535.24, 1332.66, 548.09, 1317.83, 541.66, 1303.00, 541.66, 1332.66, 541.66, 29.66, 12.85
9.63, 26, black car, 56.24, 500.57, 85.67, 514.05, 70.95, 507.31, 56.24, 507.31, 85.67, 507.31, 29.42, 13.47
9.63, 9, white car, 372.54, 516.59, 403.70, 530.86, 388.12, 523.72, 372.54, 523.72, 403.70, 523.72, 31.16, 14.27
9.63, 68, white car, 7.80, 497.23, 35.34, 509.84, 21.57, 503.53, 7.80, 503.53, 35.34, 503.53, 27.54, 12.61
9.63, 40, white car, 1300.52, 535.46, 1330.10, 548.40, 1315.31, 541.93, 1300.52, 541.93, 1330.10, 541.93, 29.59, 12.94
9.67, 26, black car, 56.19, 500.57, 85.61, 514.05, 70.90, 507.31, 56.19, 507.31, 85.61, 507.31, 29.42, 13.47
9.67, 9, white car, 370.82, 516.37, 402.70, 530.95, 386.76, 523.66, 370.82, 523.66, 402.70, 523.66, 31.89, 14.58
9.67, 68, white car, 7.84, 497.24, 35.32, 509.83, 21.58, 503.53, 7.84, 503.53, 35.32, 503.53, 27.49, 12.58
9.67, 40, white car, 1297.32, 535.57, 1327.28, 548.73, 1312.30, 542.15, 1297.32, 542.15, 1327.28, 542.15, 29.96, 13.16
9.70, 26, black car, 56.30, 500.55, 85.72, 514.03, 71.01, 507.29, 56.30, 507.29, 85.72, 507.29, 29.42, 13.48
9.70, 9, white car, 369.76, 516.46, 401.53, 530.99, 385.64, 523.73, 369.76, 523.73, 401.53, 523.73, 31.77, 14.53
9.70, 68, white car, 7.81, 497.21, 35.45, 509.86, 21.63, 503.54, 7.81, 503.54, 35.45, 503.54, 27.64, 12.65
9.70, 40, white car, 1294.30, 535.34, 1324.46, 548.61, 1309.38, 541.97, 1294.30, 541.97, 1324.46, 541.97, 30.16, 13.27
9.73, 26, black car, 56.37, 500.56, 85.72, 514.02, 71.04, 507.29, 56.37, 507.29, 85.72, 507.29, 29.35, 13.46
9.73, 9, white car, 369.39, 516.74, 400.15, 530.78, 384.77, 523.76, 369.39, 523.76, 400.15, 523.76, 30.76, 14.04
9.73, 68, white car, 7.83, 497.20, 35.53, 509.87, 21.68, 503.53, 7.83, 503.53, 35.53, 503.53, 27.71, 12.68
9.73, 40, white car, 1291.03, 535.15, 1321.53, 548.61, 1306.28, 541.88, 1291.03, 541.88, 1321.53, 541.88, 30.50, 13.47
9.77, 26, black car, 56.26, 500.49, 85.69, 513.99, 70.98, 507.24, 56.26, 507.24, 85.69, 507.24, 29.43, 13.49
9.77, 9, white car, 368.27, 516.73, 398.67, 530.64, 383.47, 523.68, 368.27, 523.68, 398.67, 523.68, 30.40, 13.91
9.77, 68, white car, 7.86, 497.18, 35.66, 509.89, 21.76, 503.53, 7.86, 503.53, 35.66, 503.53, 27.80, 12.72
9.77, 40, white car, 1288.08, 535.18, 1318.40, 548.64, 1303.24, 541.91, 1288.08, 541.91, 1318.40, 541.91, 30.32, 13.46
9.80, 26, black car, 55.80, 500.27, 85.70, 513.98, 70.75, 507.12, 55.80, 507.12, 85.70, 507.12, 29.90, 13.71
9.80, 9, white car, 366.63, 516.64, 396.84, 530.50, 381.74, 523.57, 366.63, 523.57, 396.84, 523.57, 30.21, 13.85
9.80, 68, white car, 8.00, 497.15, 35.75, 509.84, 21.87, 503.49, 8.00, 503.49, 35.75, 503.49, 27.74, 12.68
9.80, 40, white car, 1285.77, 535.35, 1315.67, 548.71, 1300.72, 542.03, 1285.77, 542.03, 1315.67, 542.03, 29.90, 13.36
9.83, 26, black car, 55.82, 500.26, 85.69, 513.95, 70.75, 507.10, 55.82, 507.10, 85.69, 507.10, 29.87, 13.69
9.83, 9, white car, 365.29, 516.64, 394.82, 530.18, 380.06, 523.41, 365.29, 523.41, 394.82, 523.41, 29.52, 13.54
9.83, 68, white car, 8.14, 497.17, 35.67, 509.74, 21.91, 503.46, 8.14, 503.46, 35.67, 503.46, 27.53, 12.57
9.83, 40, white car, 1282.63, 535.30, 1313.10, 548.92, 1297.86, 542.11, 1282.63, 542.11, 1313.10, 542.11, 30.47, 13.62
9.83, 70, black car, 118.93, 504.13, 146.78, 517.30, 132.86, 510.72, 118.93, 510.72, 146.78, 510.72, 27.85, 13.17
9.87, 26, black car, 55.83, 500.26, 85.76, 513.97, 70.80, 507.11, 55.83, 507.11, 85.76, 507.11, 29.93, 13.71
9.87, 9, white car, 363.92, 516.82, 392.93, 530.08, 378.42, 523.45, 363.92, 523.45, 392.93, 523.45, 29.02, 13.26
9.87, 68, white car, 8.14, 497.17, 35.63, 509.71, 21.88, 503.44, 8.14, 503.44, 35.63, 503.44, 27.48, 12.54
9.87, 40, white car, 1279.50, 535.40, 1309.77, 548.89, 1294.63, 542.14, 1279.50, 542.14, 1309.77, 542.14, 30.27, 13.50
9.87, 70, black car, 118.90, 504.11, 146.78, 517.29, 132.84, 510.70, 118.90, 510.70, 146.78, 510.70, 27.88, 13.18
9.90, 26, black car, 55.91, 500.23, 85.86, 513.95, 70.89, 507.09, 55.91, 507.09, 85.86, 507.09, 29.95, 13.73
9.90, 9, white car, 362.54, 516.77, 391.41, 529.89, 376.97, 523.33, 362.54, 523.33, 391.41, 523.33, 28.87, 13.12
9.90, 68, white car, 8.05, 497.12, 35.79, 509.77, 21.92, 503.45, 8.05, 503.45, 35.79, 503.45, 27.73, 12.65
9.90, 40, white car, 1277.25, 535.75, 1307.00, 548.98, 1292.12, 542.36, 1277.25, 542.36, 1307.00, 542.36, 29.75, 13.24
9.90, 70, black car, 118.86, 504.07, 146.86, 517.30, 132.86, 510.68, 118.86, 510.68, 146.86, 510.68, 28.00, 13.24
9.93, 26, black car, 55.86, 500.16, 85.91, 513.94, 70.89, 507.05, 55.86, 507.05, 85.91, 507.05, 30.05, 13.78
9.93, 9, white car, 360.95, 516.62, 390.14, 529.90, 375.55, 523.26, 360.95, 523.26, 390.14, 523.26, 29.20, 13.28
9.93, 68, white car, 7.94, 497.08, 35.80, 509.79, 21.87, 503.44, 7.94, 503.44, 35.80, 503.44, 27.86, 12.71
9.93, 40, white car, 1274.61, 535.91, 1303.46, 548.76, 1289.04, 542.33, 1274.61, 542.33, 1303.46, 542.33, 28.85, 12.85
9.93, 70, black car, 118.76, 504.03, 146.79, 517.28, 132.78, 510.66, 118.76, 510.66, 146.79, 510.66, 28.03, 13.25
9.97, 26, black car, 56.10, 500.09, 85.99, 513.82, 71.05, 506.96, 56.10, 506.96, 85.99, 506.96, 29.90, 13.73
9.97, 47, white car, 1401.42, 524.26, 1431.99, 537.22, 1416.71, 530.74, 1401.42, 530.74, 1431.99, 530.74, 30.57, 12.96
9.97, 9, white car, 359.20, 516.47, 388.93, 530.03, 374.06, 523.25, 359.20, 523.25, 388.93, 523.25, 29.73, 13.55
9.97, 68, white car, 7.99, 497.11, 35.73, 509.75, 21.86, 503.43, 7.99, 503.43, 35.73, 503.43, 27.74, 12.64
9.97, 40, white car, 1272.22, 536.16, 1300.12, 548.53, 1286.17, 542.35, 1272.22, 542.35, 1300.12, 542.35, 27.90, 12.37
9.97, 70, black car, 118.61, 504.00, 146.58, 517.21, 132.60, 510.61, 118.61, 510.61, 146.58, 510.61, 27.97, 13.21
