0.00, 4, white car, 276.81, 465.09, 306.06, 479.25, 291.44, 472.17, 276.81, 472.17, 306.06, 472.17, 29.24, 14.16
0.00, 21, black car, 363.65, 475.25, 393.73, 489.50, 378.69, 482.38, 363.65, 482.38, 393.73, 482.38, 30.08, 14.25
0.03, 4, white car, 274.46, 464.57, 304.63, 479.21, 289.55, 471.89, 274.46, 471.89, 304.63, 471.89, 30.18, 14.63
0.03, 21, black car, 361.11, 475.48, 391.54, 489.88, 376.33, 482.68, 361.11, 482.68, 391.54, 482.68, 30.43, 14.40
0.07, 4, white car, 271.95, 464.26, 302.30, 478.99, 287.13, 471.63, 271.95, 471.63, 302.30, 471.63, 30.34, 14.73
0.07, 21, black car, 358.76, 475.35, 389.21, 489.73, 373.98, 482.54, 358.76, 482.54, 389.21, 482.54, 30.45, 14.38
0.10, 4, white car, 269.70, 464.14, 299.68, 478.72, 284.69, 471.43, 269.70, 471.43, 299.68, 471.43, 29.99, 14.57
0.10, 21, black car, 356.32, 475.44, 386.18, 489.53, 371.25, 482.48, 356.32, 482.48, 386.18, 482.48, 29.86, 14.08
0.13, 4, white car, 267.45, 464.16, 296.37, 478.20, 281.91, 471.18, 267.45, 471.18, 296.37, 471.18, 28.92, 14.04
0.17, 4, white car, 264.41, 463.63, 293.16, 477.53, 278.78, 470.58, 264.41, 470.58, 293.16, 470.58, 28.75, 13.90
0.17, 21, black car, 350.83, 474.83, 380.27, 488.74, 365.55, 481.78, 350.83, 481.78, 380.27, 481.78, 29.43, 13.91
0.20, 4, white car, 261.69, 462.94, 290.72, 476.94, 276.21, 469.94, 261.69, 469.94, 290.72, 469.94, 29.03, 14.00
0.20, 21, black car, 346.68, 473.73, 377.67, 488.40, 362.17, 481.07, 346.68, 481.07, 377.67, 481.07, 30.99, 14.68
0.23, 4, white car, 259.48, 462.77, 288.01, 476.51, 273.75, 469.64, 259.48, 469.64, 288.01, 469.64, 28.53, 13.74
0.23, 21, black car, 345.36, 473.40, 376.37, 488.11, 360.86, 480.76, 345.36, 480.76, 376.37, 480.76, 31.01, 14.71
0.27, 4, white car, 257.04, 462.42, 285.87, 476.24, 271.45, 469.33, 257.04, 469.33, 285.87, 469.33, 28.83, 13.82
0.27, 21, black car, 343.34, 472.89, 374.88, 487.83, 359.11, 480.36, 343.34, 480.36, 374.88, 480.36, 31.54, 14.94
0.30, 4, white car, 254.51, 462.04, 283.01, 475.65, 268.76, 468.84, 254.51, 468.84, 283.01, 468.84, 28.50, 13.61
0.30, 21, black car, 339.96, 472.54, 370.92, 487.19, 355.44, 479.86, 339.96, 479.86, 370.92, 479.86, 30.96, 14.64
0.33, 4, white car, 252.09, 461.78, 280.71, 475.38, 266.40, 468.58, 252.09, 468.58, 280.71, 468.58, 28.61, 13.60
0.33, 21, black car, 337.26, 472.28, 367.71, 486.70, 352.49, 479.49, 337.26, 479.49, 367.71, 479.49, 30.45, 14.42
0.37, 4, white car, 249.83, 461.64, 278.34, 475.13, 264.09, 468.38, 249.83, 468.38, 278.34, 468.38, 28.51, 13.49
0.37, 21, black car, 334.79, 472.16, 364.87, 486.43, 349.83, 479.29, 334.79, 479.29, 364.87, 479.29, 30.08, 14.27
0.40, 4, white car, 247.40, 461.51, 275.64, 474.86, 261.52, 468.19, 247.40, 468.19, 275.64, 468.19, 28.25, 13.34
0.40, 21, black car, 331.88, 471.84, 361.78, 486.05, 346.83, 478.94, 331.88, 478.94, 361.78, 478.94, 29.90, 14.21
0.43, 4, white car, 245.35, 461.27, 273.29, 474.46, 259.32, 467.86, 245.35, 467.86, 273.29, 467.86, 27.94, 13.19
0.43, 21, black car, 330.51, 472.06, 359.17, 485.69, 344.84, 478.87, 330.51, 478.87, 359.17, 478.87, 28.66, 13.63
0.47, 4, white car, 242.02, 461.00, 271.08, 474.72, 256.55, 467.86, 242.02, 467.86, 271.08, 467.86, 29.06, 13.72
0.47, 21, black car, 328.24, 471.95, 356.45, 485.38, 342.35, 478.66, 328.24, 478.66, 356.45, 478.66, 28.21, 13.43
0.50, 4, white car, 239.07, 460.51, 268.69, 474.51, 253.88, 467.51, 239.07, 467.51, 268.69, 467.51, 29.62, 14.00
0.50, 21, black car, 325.78, 471.48, 354.28, 485.02, 340.03, 478.25, 325.78, 478.25, 354.28, 478.25, 28.50, 13.55
0.53, 4, white car, 236.48, 460.06, 266.37, 474.19, 251.42, 467.13, 236.48, 467.13, 266.37, 467.13, 29.89, 14.13
0.53, 21, black car, 323.96, 471.16, 352.42, 484.67, 338.19, 477.92, 323.96, 477.92, 352.42, 477.92, 28.46, 13.51
0.57, 4, white car, 233.69, 459.94, 263.36, 473.98, 248.53, 466.96, 233.69, 466.96, 263.36, 466.96, 29.67, 14.04
0.57, 21, black car, 321.47, 470.88, 349.95, 484.40, 335.71, 477.64, 321.47, 477.64, 349.95, 477.64, 28.48, 13.51
0.60, 4, white car, 231.06, 459.19, 260.85, 473.31, 245.95, 466.25, 231.06, 466.25, 260.85, 466.25, 29.79, 14.12
0.60, 21, black car, 319.02, 470.42, 347.91, 484.11, 333.46, 477.27, 319.02, 477.27, 347.91, 477.27, 28.89, 13.69
0.63, 4, white car, 228.22, 458.65, 258.28, 472.88, 243.25, 465.76, 228.22, 465.76, 258.28, 465.76, 30.06, 14.23
0.63, 21, black car, 316.23, 470.12, 345.32, 483.88, 330.77, 477.00, 316.23, 477.00, 345.32, 477.00, 29.08, 13.76
0.67, 4, white car, 225.87, 458.41, 255.63, 472.52, 240.75, 465.46, 225.87, 465.46, 255.63, 465.46, 29.76, 14.10
0.67, 21, black car, 312.84, 469.62, 342.40, 483.58, 327.62, 476.60, 312.84, 476.60, 342.40, 476.60, 29.55, 13.97
0.70, 4, white car, 223.32, 458.09, 252.92, 472.12, 238.12, 465.11, 223.32, 465.11, 252.92, 465.11, 29.60, 14.03
0.70, 21, black car, 309.68, 469.29, 339.07, 483.21, 324.38, 476.25, 309.68, 476.25, 339.07, 476.25, 29.39, 13.92
0.73, 4, white car, 219.26, 456.92, 250.78, 471.94, 235.02, 464.43, 219.26, 464.43, 250.78, 464.43, 31.52, 15.01
0.73, 21, black car, 307.26, 469.09, 335.95, 482.68, 321.60, 475.88, 307.26, 475.88, 335.95, 475.88, 28.69, 13.59
0.77, 4, white car, 216.52, 456.11, 248.46, 471.43, 232.49, 463.77, 216.52, 463.77, 248.46, 463.77, 31.94, 15.32
0.77, 21, black car, 305.04, 468.86, 333.57, 482.37, 319.31, 475.62, 305.04, 475.62, 333.57, 475.62, 28.53, 13.52
0.80, 4, white car, 215.04, 456.17, 245.66, 470.84, 230.35, 463.51, 215.04, 463.51, 245.66, 463.51, 30.62, 14.67
0.80, 21, black car, 302.74, 468.37, 331.24, 481.91, 316.99, 475.14, 302.74, 475.14, 331.24, 475.14, 28.51, 13.54
0.83, 4, white car, 213.20, 456.12, 243.06, 470.48, 228.13, 463.30, 213.20, 463.30, 243.06, 463.30, 29.85, 14.36
0.83, 21, black car, 300.23, 467.79, 328.72, 481.34, 314.47, 474.57, 300.23, 474.57, 328.72, 474.57, 28.49, 13.55
0.87, 4, white car, 210.82, 455.56, 240.95, 470.16, 225.88, 462.86, 210.82, 462.86, 240.95, 462.86, 30.13, 14.60
0.87, 21, black car, 298.25, 467.47, 326.61, 480.95, 312.43, 474.21, 298.25, 474.21, 326.61, 474.21, 28.37, 13.48
0.90, 4, white car, 208.80, 455.38, 238.53, 469.82, 223.67, 462.60, 208.80, 462.60, 238.53, 462.60, 29.72, 14.44
0.90, 21, black car, 296.23, 467.24, 324.24, 480.49, 310.24, 473.87, 296.23, 473.87, 324.24, 473.87, 28.01, 13.25
0.93, 21, black car, 293.33, 466.72, 321.54, 480.02, 307.43, 473.37, 293.33, 473.37, 321.54, 473.37, 28.21, 13.31
0.97, 21, black car, 290.57, 466.51, 318.98, 479.85, 304.77, 473.18, 290.57, 473.18, 318.98, 473.18, 28.41, 13.34
0.97, 4, white car, 204.48, 454.33, 233.16, 468.27, 218.82, 461.30, 204.48, 461.30, 233.16, 461.30, 28.67, 13.94
1.00, 21, black car, 288.60, 466.33, 316.89, 479.61, 302.74, 472.97, 288.60, 472.97, 316.89, 472.97, 28.29, 13.28
1.00, 4, white car, 202.10, 453.68, 230.60, 467.53, 216.35, 460.60, 202.10, 460.60, 230.60, 460.60, 28.49, 13.85
1.03, 21, black car, 286.09, 466.01, 314.80, 479.45, 300.44, 472.73, 286.09, 472.73, 314.80, 472.73, 28.71, 13.44
1.07, 21, black car, 283.45, 465.56, 312.60, 479.13, 298.02, 472.35, 283.45, 472.35, 312.60, 472.35, 29.15, 13.58
1.10, 21, black car, 281.55, 465.41, 310.40, 478.83, 295.97, 472.12, 281.55, 472.12, 310.40, 472.12, 28.86, 13.42
1.13, 21, black car, 278.88, 465.09, 307.62, 478.43, 293.25, 471.76, 278.88, 471.76, 307.62, 471.76, 28.73, 13.34
1.17, 21, black car, 276.53, 464.88, 305.32, 478.22, 290.93, 471.55, 276.53, 471.55, 305.32, 471.55, 28.79, 13.34
1.20, 5, white car, 1429.21, 567.00, 1458.75, 579.18, 1443.98, 573.09, 1429.21, 573.09, 1458.75, 573.09, 29.55, 12.18
1.20, 21, black car, 274.21, 464.85, 302.54, 477.99, 288.37, 471.42, 274.21, 471.42, 302.54, 471.42, 28.33, 13.15
1.23, 5, white car, 1426.14, 566.90, 1455.70, 579.09, 1440.92, 573.00, 1426.14, 573.00, 1455.70, 573.00, 29.55, 12.19
1.23, 21, black car, 271.78, 464.45, 300.56, 477.78, 286.17, 471.12, 271.78, 471.12, 300.56, 471.12, 28.78, 13.33
1.23, 4, white car, 184.39, 453.00, 213.52, 467.02, 198.96, 460.01, 184.39, 460.01, 213.52, 460.01, 29.13, 14.02
1.27, 5, white car, 1423.73, 566.83, 1452.76, 578.73, 1438.24, 572.78, 1423.73, 572.78, 1452.76, 572.78, 29.03, 11.90
1.27, 21, black car, 269.37, 463.98, 298.64, 477.53, 284.00, 470.75, 269.37, 470.75, 298.64, 470.75, 29.27, 13.55
1.27, 4, white car, 182.19, 452.92, 210.82, 466.66, 196.51, 459.79, 182.19, 459.79, 210.82, 459.79, 28.63, 13.74
1.30, 5, white car, 1420.23, 566.63, 1450.09, 578.88, 1435.16, 572.76, 1420.23, 572.76, 1450.09, 572.76, 29.87, 12.25
1.30, 21, black car, 267.03, 463.51, 296.58, 477.22, 281.80, 470.36, 267.03, 470.36, 296.58, 470.36, 29.56, 13.70
1.30, 4, white car, 179.70, 452.32, 208.69, 466.21, 194.19, 459.26, 179.70, 459.26, 208.69, 459.26, 28.99, 13.90
1.33, 5, white car, 1417.52, 566.56, 1447.38, 578.83, 1432.45, 572.69, 1417.52, 572.69, 1447.38, 572.69, 29.86, 12.27
1.33, 21, black car, 264.91, 463.24, 294.19, 476.82, 279.55, 470.03, 264.91, 470.03, 294.19, 470.03, 29.28, 13.58
1.33, 4, white car, 177.34, 452.05, 206.52, 466.01, 191.93, 459.03, 177.34, 459.03, 206.52, 459.03, 29.18, 13.96
1.37, 5, white car, 1414.34, 566.34, 1444.33, 578.69, 1429.33, 572.51, 1414.34, 572.51, 1444.33, 572.51, 29.99, 12.34
1.37, 21, black car, 262.20, 462.92, 291.65, 476.57, 276.93, 469.74, 262.20, 469.74, 291.65, 469.74, 29.44, 13.65
1.37, 4, white car, 174.88, 451.67, 204.19, 465.77, 189.53, 458.72, 174.88, 458.72, 204.19, 458.72, 29.31, 14.10
1.40, 5, white car, 1410.92, 566.06, 1441.60, 578.71, 1426.26, 572.38, 1410.92, 572.38, 1441.60, 572.38, 30.67, 12.66
1.40, 21, black car, 259.67, 462.61, 288.84, 476.17, 274.25, 469.39, 259.67, 469.39, 288.84, 469.39, 29.18, 13.56
1.40, 4, white car, 172.52, 451.34, 202.03, 465.54, 187.27, 458.44, 172.52, 458.44, 202.03, 458.44, 29.51, 14.20
1.43, 5, white car, 1407.99, 566.05, 1438.48, 578.67, 1423.24, 572.36, 1407.99, 572.36, 1438.48, 572.36, 30.48, 12.62
1.43, 21, black car, 257.68, 462.11, 286.66, 475.62, 272.17, 468.87, 257.68, 468.87, 286.66, 468.87, 28.98, 13.51
1.43, 4, white car, 170.24, 451.24, 199.12, 465.13, 184.68, 458.19, 170.24, 458.19, 199.12, 458.19, 28.88, 13.88
1.47, 5, white car, 1405.26, 565.89, 1435.67, 578.48, 1420.47, 572.19, 1405.26, 572.19, 1435.67, 572.19, 30.41, 12.59
1.47, 21, black car, 255.77, 461.77, 285.12, 475.50, 270.44, 468.63, 255.77, 468.63, 285.12, 468.63, 29.35, 13.73
1.47, 4, white car, 168.09, 450.94, 196.09, 464.37, 182.09, 457.65, 168.09, 457.65, 196.09, 457.65, 28.01, 13.43
1.50, 5, white car, 1402.07, 565.93, 1432.43, 578.51, 1417.25, 572.22, 1402.07, 572.22, 1432.43, 572.22, 30.35, 12.58
1.50, 21, black car, 253.79, 461.44, 282.94, 475.08, 268.36, 468.26, 253.79, 468.26, 282.94, 468.26, 29.15, 13.64
1.50, 4, white car, 165.54, 450.52, 193.69, 463.96, 179.62, 457.24, 165.54, 457.24, 193.69, 457.24, 28.15, 13.44
1.53, 5, white car, 1398.35, 565.62, 1429.22, 578.42, 1413.78, 572.02, 1398.35, 572.02, 1429.22, 572.02, 30.87, 12.80
1.53, 21, black car, 251.24, 461.07, 280.48, 474.71, 265.86, 467.89, 251.24, 467.89, 280.48, 467.89, 29.24, 13.65
1.53, 4, white car, 163.57, 450.35, 191.64, 463.68, 177.60, 457.01, 163.57, 457.01, 191.64, 457.01, 28.07, 13.34
1.57, 5, white car, 1395.66, 565.35, 1426.36, 578.07, 1411.01, 571.71, 1395.66, 571.71, 1426.36, 571.71, 30.70, 12.72
1.57, 21, black car, 249.46, 460.94, 278.83, 474.61, 264.15, 467.78, 249.46, 467.78, 278.83, 467.78, 29.36, 13.67
1.60, 5, white car, 1392.49, 565.30, 1423.24, 578.04, 1407.86, 571.67, 1392.49, 571.67, 1423.24, 571.67, 30.75, 12.74
1.60, 21, black car, 247.41, 461.30, 276.09, 474.63, 261.75, 467.97, 247.41, 467.97, 276.09, 467.97, 28.68, 13.32
1.63, 5, white car, 1389.95, 565.37, 1420.30, 577.91, 1405.13, 571.64, 1389.95, 571.64, 1420.30, 571.64, 30.35, 12.54
1.63, 21, black car, 245.17, 461.19, 273.25, 474.24, 259.21, 467.72, 245.17, 467.72, 273.25, 467.72, 28.08, 13.04
1.63, 4, white car, 158.46, 449.80, 187.57, 463.33, 173.01, 456.57, 158.46, 456.57, 187.57, 456.57, 29.11, 13.53
1.67, 5, white car, 1387.22, 565.30, 1416.95, 577.57, 1402.08, 571.43, 1387.22, 571.43, 1416.95, 571.43, 29.73, 12.26
1.67, 21, black car, 241.84, 460.37, 271.31, 474.10, 256.58, 467.23, 241.84, 467.23, 271.31, 467.23, 29.47, 13.73
1.70, 5, white car, 1384.23, 564.99, 1413.73, 577.13, 1398.98, 571.06, 1384.23, 571.06, 1413.73, 571.06, 29.50, 12.14
1.70, 21, black car, 238.99, 459.88, 268.66, 473.70, 253.82, 466.79, 238.99, 466.79, 268.66, 466.79, 29.67, 13.81
1.73, 5, white car, 1380.93, 564.70, 1411.11, 577.15, 1396.02, 570.93, 1380.93, 570.93, 1411.11, 570.93, 30.18, 12.44
1.73, 21, black car, 236.24, 459.66, 265.83, 473.42, 251.03, 466.54, 236.24, 466.54, 265.83, 466.54, 29.59, 13.76
1.77, 5, white car, 1378.03, 564.46, 1408.13, 576.85, 1393.08, 570.66, 1378.03, 570.66, 1408.13, 570.66, 30.10, 12.39
1.77, 21, black car, 233.23, 459.28, 263.34, 473.27, 248.28, 466.28, 233.23, 466.28, 263.34, 466.28, 30.10, 14.00
1.80, 5, white car, 1375.10, 564.38, 1405.07, 576.71, 1390.08, 570.55, 1375.10, 570.55, 1405.07, 570.55, 29.97, 12.33
1.80, 21, black car, 230.94, 458.76, 261.15, 472.84, 246.05, 465.80, 230.94, 465.80, 261.15, 465.80, 30.21, 14.09
1.80, 4, white car, 144.32, 447.60, 174.41, 461.59, 159.37, 454.59, 144.32, 454.59, 174.41, 454.59, 30.09, 13.99
1.83, 5, white car, 1372.03, 564.27, 1401.96, 576.59, 1386.99, 570.43, 1372.03, 570.43, 1401.96, 570.43, 29.94, 12.32
1.83, 21, black car, 228.58, 458.66, 258.55, 472.65, 243.57, 465.65, 228.58, 465.65, 258.55, 465.65, 29.97, 14.00
1.83, 4, white car, 141.65, 447.28, 171.53, 461.24, 156.59, 454.26, 141.65, 454.26, 171.53, 454.26, 29.88, 13.96
1.87, 5, white car, 1368.84, 564.01, 1398.96, 576.37, 1383.90, 570.19, 1368.84, 570.19, 1398.96, 570.19, 30.11, 12.35
1.87, 21, black car, 226.46, 458.22, 256.70, 472.40, 241.58, 465.31, 226.46, 465.31, 256.70, 465.31, 30.24, 14.17
1.87, 4, white car, 139.71, 447.06, 169.41, 460.98, 154.56, 454.02, 139.71, 454.02, 169.41, 454.02, 29.71, 13.91
1.90, 5, white car, 1365.91, 563.94, 1395.99, 576.28, 1380.95, 570.11, 1365.91, 570.11, 1395.99, 570.11, 30.08, 12.34
1.90, 21, black car, 224.76, 457.78, 254.54, 471.76, 239.65, 464.77, 224.76, 464.77, 254.54, 464.77, 29.78, 13.98
1.90, 4, white car, 137.54, 446.74, 167.17, 460.61, 152.35, 453.68, 137.54, 453.68, 167.17, 453.68, 29.63, 13.87
1.93, 5, white car, 1363.15, 563.87, 1393.27, 576.23, 1378.21, 570.05, 1363.15, 570.05, 1393.27, 570.05, 30.12, 12.36
1.93, 21, black car, 223.18, 457.82, 252.16, 471.41, 237.67, 464.62, 223.18, 464.62, 252.16, 464.62, 28.98, 13.59
1.93, 4, white car, 135.15, 446.45, 164.69, 460.30, 149.92, 453.37, 135.15, 453.37, 164.69, 453.37, 29.54, 13.85
1.97, 5, white car, 1359.74, 563.76, 1390.15, 576.22, 1374.95, 569.99, 1359.74, 569.99, 1390.15, 569.99, 30.41, 12.46
1.97, 21, black car, 220.49, 457.57, 249.23, 471.04, 234.86, 464.30, 220.49, 464.30, 249.23, 464.30, 28.74, 13.46
1.97, 4, white car, 132.69, 446.21, 162.25, 460.12, 147.47, 453.16, 132.69, 453.16, 162.25, 453.16, 29.56, 13.91
2.00, 21, black car, 218.21, 457.01, 247.22, 470.59, 232.71, 463.80, 218.21, 463.80, 247.22, 463.80, 29.01, 13.58
2.00, 4, white car, 130.05, 445.64, 159.99, 459.75, 145.02, 452.70, 130.05, 452.70, 159.99, 452.70, 29.94, 14.11
2.03, 21, black car, 214.10, 455.66, 245.20, 470.27, 229.65, 462.97, 214.10, 462.97, 245.20, 462.97, 31.10, 14.61
2.03, 4, white car, 127.65, 445.28, 157.66, 459.45, 142.65, 452.36, 127.65, 452.36, 157.66, 452.36, 30.01, 14.18
2.07, 21, black car, 211.63, 454.52, 243.49, 469.59, 227.56, 462.06, 211.63, 462.06, 243.49, 462.06, 31.86, 15.07
2.07, 4, white car, 125.65, 444.93, 155.70, 459.17, 140.68, 452.05, 125.65, 452.05, 155.70, 452.05, 30.05, 14.23
2.10, 21, black car, 210.03, 454.27, 241.79, 469.38, 225.91, 461.82, 210.03, 461.82, 241.79, 461.82, 31.76, 15.11
2.10, 4, white car, 123.51, 444.44, 153.69, 458.78, 138.60, 451.61, 123.51, 451.61, 153.69, 451.61, 30.18, 14.34
2.13, 21, black car, 208.62, 453.41, 240.22, 468.54, 224.42, 460.97, 208.62, 460.97, 240.22, 460.97, 31.60, 15.14
2.13, 4, white car, 121.00, 444.06, 151.56, 458.64, 136.28, 451.35, 121.00, 451.35, 151.56, 451.35, 30.56, 14.58
2.17, 21, black car, 207.84, 452.84, 237.72, 467.18, 222.78, 460.01, 207.84, 460.01, 237.72, 460.01, 29.87, 14.34
2.17, 4, white car, 118.63, 443.55, 149.81, 458.53, 134.22, 451.04, 118.63, 451.04, 149.81, 451.04, 31.18, 14.99
2.20, 21, black car, 206.35, 452.56, 235.84, 466.73, 221.10, 459.64, 206.35, 459.64, 235.84, 459.64, 29.49, 14.17
2.20, 4, white car, 116.40, 443.10, 147.53, 458.15, 131.96, 450.63, 116.40, 450.63, 147.53, 450.63, 31.13, 15.05
2.23, 21, black car, 205.15, 452.70, 234.63, 466.85, 219.89, 459.77, 205.15, 459.77, 234.63, 459.77, 29.49, 14.15
2.23, 4, white car, 114.34, 442.97, 144.84, 457.76, 129.59, 450.36, 114.34, 450.36, 144.84, 450.36, 30.50, 14.79
2.27, 21, black car, 203.82, 452.77, 233.40, 466.95, 218.61, 459.86, 203.82, 459.86, 233.40, 459.86, 29.58, 14.19
2.27, 4, white car, 112.30, 442.72, 142.35, 457.31, 127.33, 450.02, 112.30, 450.02, 142.35, 450.02, 30.05, 14.59
2.30, 21, black car, 201.07, 452.76, 231.12, 467.14, 216.09, 459.95, 201.07, 459.95, 231.12, 459.95, 30.05, 14.38
2.30, 4, white car, 110.41, 442.56, 140.27, 457.08, 125.34, 449.82, 110.41, 449.82, 140.27, 449.82, 29.86, 14.51
2.33, 21, black car, 198.75, 452.99, 229.01, 467.39, 213.88, 460.19, 198.75, 460.19, 229.01, 460.19, 30.26, 14.40
2.33, 4, white car, 108.15, 442.29, 138.11, 456.87, 123.13, 449.58, 108.15, 449.58, 138.11, 449.58, 29.96, 14.58
2.37, 21, black car, 196.64, 453.03, 226.85, 467.37, 211.74, 460.20, 196.64, 460.20, 226.85, 460.20, 30.20, 14.33
2.37, 4, white car, 105.86, 441.92, 135.76, 456.55, 120.81, 449.23, 105.86, 449.23, 135.76, 449.23, 29.90, 14.63
2.40, 21, black car, 193.35, 452.85, 223.65, 467.18, 208.50, 460.01, 193.35, 460.01, 223.65, 460.01, 30.31, 14.32
2.40, 4, white car, 104.09, 441.87, 133.61, 456.35, 118.85, 449.11, 104.09, 449.11, 133.61, 449.11, 29.52, 14.48
2.43, 21, black car, 188.02, 452.80, 218.70, 467.10, 203.36, 459.95, 188.02, 459.95, 218.70, 459.95, 30.69, 14.30
2.43, 4, white car, 101.58, 441.47, 131.56, 456.21, 116.57, 448.84, 101.58, 448.84, 131.56, 448.84, 29.99, 14.74
2.47, 21, black car, 185.49, 452.96, 215.90, 467.02, 200.70, 459.99, 185.49, 459.99, 215.90, 459.99, 30.42, 14.06
2.47, 4, white car, 99.68, 441.27, 129.19, 455.78, 114.43, 448.53, 99.68, 448.53, 129.19, 448.53, 29.51, 14.52
2.50, 21, black car, 183.39, 452.60, 213.57, 466.50, 198.48, 459.55, 183.39, 459.55, 213.57, 459.55, 30.18, 13.90
2.50, 4, white car, 97.91, 441.29, 126.63, 455.34, 112.27, 448.31, 97.91, 448.31, 126.63, 448.31, 28.72, 14.06
2.53, 21, black car, 182.09, 452.58, 211.55, 466.07, 196.82, 459.33, 182.09, 459.33, 211.55, 459.33, 29.46, 13.50
2.53, 4, white car, 95.89, 440.86, 124.51, 454.83, 110.20, 447.85, 95.89, 447.85, 124.51, 447.85, 28.61, 13.97
2.57, 21, black car, 181.11, 452.42, 210.10, 465.65, 195.61, 459.03, 181.11, 459.03, 210.10, 459.03, 29.00, 13.24
2.57, 4, white car, 93.84, 440.53, 122.42, 454.44, 108.13, 447.49, 93.84, 447.49, 122.42, 447.49, 28.58, 13.91
2.60, 21, black car, 179.59, 452.37, 208.21, 465.41, 193.90, 458.89, 179.59, 458.89, 208.21, 458.89, 28.62, 13.03
2.60, 4, white car, 92.11, 440.40, 120.52, 454.20, 106.31, 447.30, 92.11, 447.30, 120.52, 447.30, 28.41, 13.80
2.63, 21, black car, 177.67, 452.27, 206.49, 465.36, 192.08, 458.82, 177.67, 458.82, 206.49, 458.82, 28.83, 13.10
2.63, 4, white car, 89.97, 440.30, 118.55, 454.15, 104.26, 447.22, 89.97, 447.22, 118.55, 447.22, 28.58, 13.85
2.67, 21, black car, 175.29, 451.95, 204.53, 465.24, 189.91, 458.60, 175.29, 458.60, 204.53, 458.60, 29.24, 13.28
2.67, 4, white car, 87.83, 440.07, 116.73, 454.03, 102.28, 447.05, 87.83, 447.05, 116.73, 447.05, 28.90, 13.96
2.70, 21, black car, 173.32, 451.75, 202.97, 465.22, 188.14, 458.48, 173.32, 458.48, 202.97, 458.48, 29.65, 13.46
2.70, 4, white car, 85.51, 439.77, 114.36, 453.65, 99.94, 446.71, 85.51, 446.71, 114.36, 446.71, 28.86, 13.88
2.70, 5, white car, 1293.40, 560.74, 1321.57, 572.10, 1307.49, 566.42, 1293.40, 566.42, 1321.57, 566.42, 28.17, 11.35
2.73, 21, black car, 170.72, 451.54, 200.24, 464.95, 185.48, 458.25, 170.72, 458.25, 200.24, 458.25, 29.52, 13.41
2.73, 4, white car, 83.27, 439.51, 112.11, 453.36, 97.69, 446.43, 83.27, 446.43, 112.11, 446.43, 28.84, 13.84
2.73, 5, white car, 1289.83, 560.43, 1318.72, 571.93, 1304.28, 566.18, 1289.83, 566.18, 1318.72, 566.18, 28.89, 11.50
2.77, 21, black car, 168.16, 451.23, 197.29, 464.45, 182.72, 457.84, 168.16, 457.84, 197.29, 457.84, 29.12, 13.22
2.77, 4, white car, 81.20, 439.25, 109.84, 452.96, 95.52, 446.11, 81.20, 446.11, 109.84, 446.11, 28.64, 13.71
2.77, 5, white car, 1286.22, 560.33, 1315.35, 571.89, 1300.79, 566.11, 1286.22, 566.11, 1315.35, 566.11, 29.13, 11.56
2.80, 21, black car, 165.91, 450.67, 195.16, 463.92, 180.54, 457.29, 165.91, 457.29, 195.16, 457.29, 29.25, 13.26
2.80, 4, white car, 79.07, 438.92, 108.14, 452.84, 93.61, 445.88, 79.07, 445.88, 108.14, 445.88, 29.07, 13.92
2.80, 5, white car, 1283.44, 560.21, 1312.37, 571.65, 1297.90, 565.93, 1283.44, 565.93, 1312.37, 565.93, 28.93, 11.44
2.83, 21, black car, 164.68, 450.41, 193.82, 463.57, 179.25, 456.99, 164.68, 456.99, 193.82, 456.99, 29.14, 13.16
2.83, 4, white car, 77.16, 438.81, 106.24, 452.74, 91.70, 445.77, 77.16, 445.77, 106.24, 445.77, 29.08, 13.94
2.83, 5, white car, 1280.39, 560.11, 1309.37, 571.52, 1294.88, 565.82, 1280.39, 565.82, 1309.37, 565.82, 28.98, 11.41
2.87, 21, black car, 164.06, 450.44, 192.81, 463.31, 178.43, 456.88, 164.06, 456.88, 192.81, 456.88, 28.76, 12.87
2.87, 4, white car, 75.12, 438.37, 104.43, 452.44, 89.77, 445.41, 75.12, 445.41, 104.43, 445.41, 29.31, 14.07
2.87, 5, white car, 1277.10, 559.94, 1306.35, 571.42, 1291.72, 565.68, 1277.10, 565.68, 1306.35, 565.68, 29.25, 11.48
2.90, 21, black car, 161.91, 450.24, 191.09, 463.19, 176.50, 456.71, 161.91, 456.71, 191.09, 456.71, 29.18, 12.95
2.90, 4, white car, 73.27, 438.28, 102.47, 452.30, 87.87, 445.29, 73.27, 445.29, 102.47, 445.29, 29.20, 14.02
2.90, 5, white car, 1273.67, 559.60, 1303.81, 571.42, 1288.74, 565.51, 1273.67, 565.51, 1303.81, 565.51, 30.14, 11.82
2.93, 21, black car, 158.81, 449.75, 188.91, 463.07, 173.86, 456.41, 158.81, 456.41, 188.91, 456.41, 30.10, 13.32
2.93, 4, white car, 71.23, 437.90, 100.22, 451.80, 85.72, 444.85, 71.23, 444.85, 100.22, 444.85, 28.99, 13.89
2.93, 5, white car, 1270.51, 559.27, 1300.75, 571.16, 1285.63, 565.22, 1270.51, 565.22, 1300.75, 565.22, 30.24, 11.89
2.97, 4, white car, 68.90, 437.22, 97.96, 451.10, 83.43, 444.16, 68.90, 444.16, 97.96, 444.16, 29.05, 13.87
2.97, 5, white car, 1267.62, 559.27, 1297.35, 570.97, 1282.48, 565.12, 1267.62, 565.12, 1297.35, 565.12, 29.73, 11.70
3.00, 4, white car, 66.40, 436.54, 96.24, 450.81, 81.32, 443.67, 66.40, 443.67, 96.24, 443.67, 29.84, 14.27
3.00, 5, white car, 1264.52, 559.15, 1294.49, 570.94, 1279.51, 565.04, 1264.52, 565.04, 1294.49, 565.04, 29.97, 11.79
3.03, 4, white car, 64.05, 436.11, 94.42, 450.68, 79.24, 443.39, 64.05, 443.39, 94.42, 443.39, 30.37, 14.57
3.03, 5, white car, 1261.16, 558.96, 1291.22, 570.79, 1276.19, 564.88, 1261.16, 564.88, 1291.22, 564.88, 30.06, 11.83
3.07, 4, white car, 61.30, 435.83, 92.60, 450.88, 76.95, 443.36, 61.30, 443.36, 92.60, 443.36, 31.31, 15.05
3.07, 5, white car, 1257.83, 558.84, 1288.29, 570.82, 1273.06, 564.83, 1257.83, 564.83, 1288.29, 564.83, 30.46, 11.98
3.10, 5, white car, 1255.05, 558.83, 1285.21, 570.71, 1270.13, 564.77, 1255.05, 564.77, 1285.21, 564.77, 30.17, 11.88
3.13, 5, white car, 1252.02, 558.86, 1281.89, 570.62, 1266.96, 564.74, 1252.02, 564.74, 1281.89, 564.74, 29.86, 11.76
3.13, 21, black car, 143.12, 447.59, 174.19, 461.49, 158.66, 454.54, 143.12, 454.54, 174.19, 454.54, 31.07, 13.90
3.13, 4, white car, 58.33, 435.45, 89.43, 450.46, 73.88, 442.96, 58.33, 442.96, 89.43, 442.96, 31.09, 15.01
3.17, 5, white car, 1248.72, 558.77, 1278.58, 570.53, 1263.65, 564.65, 1248.72, 564.65, 1278.58, 564.65, 29.86, 11.76
3.17, 21, black car, 140.83, 447.28, 171.56, 461.11, 156.20, 454.20, 140.83, 454.20, 171.56, 454.20, 30.73, 13.83
3.17, 4, white car, 57.25, 435.56, 87.27, 450.08, 72.26, 442.82, 57.25, 442.82, 87.27, 442.82, 30.02, 14.53
3.20, 5, white car, 1245.46, 558.80, 1275.31, 570.55, 1260.38, 564.67, 1245.46, 564.67, 1275.31, 564.67, 29.85, 11.75
3.20, 21, black car, 139.45, 447.19, 169.39, 460.70, 154.42, 453.95, 139.45, 453.95, 169.39, 453.95, 29.94, 13.51
3.20, 4, white car, 55.13, 435.49, 84.62, 449.69, 69.88, 442.59, 55.13, 442.59, 84.62, 442.59, 29.49, 14.20
3.23, 5, white car, 1242.66, 558.49, 1272.30, 570.13, 1257.48, 564.31, 1242.66, 564.31, 1272.30, 564.31, 29.64, 11.64
3.23, 21, black car, 137.74, 447.04, 167.15, 460.38, 152.44, 453.71, 137.74, 453.71, 167.15, 453.71, 29.42, 13.34
3.27, 5, white car, 1239.75, 558.48, 1269.07, 569.98, 1254.41, 564.23, 1239.75, 564.23, 1269.07, 564.23, 29.32, 11.49
3.27, 21, black car, 135.21, 446.81, 164.60, 460.20, 149.91, 453.51, 135.21, 453.51, 164.60, 453.51, 29.39, 13.39
3.27, 4, white car, 50.43, 434.75, 80.76, 449.34, 65.60, 442.04, 50.43, 442.04, 80.76, 442.04, 30.33, 14.59
3.30, 5, white car, 1236.47, 558.28, 1265.86, 569.78, 1251.17, 564.03, 1236.47, 564.03, 1265.86, 564.03, 29.39, 11.50
3.30, 21, black car, 132.62, 446.46, 162.36, 460.04, 147.49, 453.25, 132.62, 453.25, 162.36, 453.25, 29.74, 13.58
3.30, 4, white car, 48.70, 434.55, 78.68, 448.98, 63.69, 441.77, 48.70, 441.77, 78.68, 441.77, 29.98, 14.43
3.33, 5, white car, 1233.24, 558.04, 1263.09, 569.73, 1248.17, 563.89, 1233.24, 563.89, 1263.09, 563.89, 29.85, 11.69
3.33, 21, black car, 130.22, 445.98, 160.34, 459.78, 145.28, 452.88, 130.22, 452.88, 160.34, 452.88, 30.12, 13.80
3.33, 4, white car, 47.42, 434.49, 76.84, 448.72, 62.13, 441.61, 47.42, 441.61, 76.84, 441.61, 29.42, 14.23
3.37, 5, white car, 1230.10, 557.72, 1260.11, 569.51, 1245.10, 563.61, 1230.10, 563.61, 1260.11, 563.61, 30.01, 11.78
3.37, 21, black car, 128.08, 445.47, 158.22, 459.33, 143.15, 452.40, 128.08, 452.40, 158.22, 452.40, 30.14, 13.86
3.37, 4, white car, 46.18, 434.13, 75.41, 448.33, 60.80, 441.23, 46.18, 441.23, 75.41, 441.23, 29.23, 14.20
3.40, 5, white car, 1226.93, 557.61, 1257.32, 569.55, 1242.12, 563.58, 1226.93, 563.58, 1257.32, 563.58, 30.39, 11.94
3.40, 21, black car, 125.70, 445.11, 155.82, 458.97, 140.76, 452.04, 125.70, 452.04, 155.82, 452.04, 30.12, 13.86
3.40, 4, white car, 45.06, 434.18, 73.38, 447.96, 59.22, 441.07, 45.06, 441.07, 73.38, 441.07, 28.32, 13.78
3.43, 5, white car, 1223.74, 557.48, 1254.11, 569.45, 1238.92, 563.46, 1223.74, 563.46, 1254.11, 563.46, 30.37, 11.97
3.43, 21, black car, 124.21, 444.89, 154.41, 458.79, 139.31, 451.84, 124.21, 451.84, 154.41, 451.84, 30.20, 13.90
3.43, 4, white car, 43.49, 434.03, 71.44, 447.60, 57.47, 440.82, 43.49, 440.82, 71.44, 440.82, 27.96, 13.57
3.47, 5, white car, 1220.23, 557.08, 1251.31, 569.37, 1235.77, 563.22, 1220.23, 563.22, 1251.31, 563.22, 31.08, 12.29
3.47, 21, black car, 122.19, 444.85, 152.26, 458.71, 137.23, 451.78, 122.19, 451.78, 152.26, 451.78, 30.06, 13.86
3.47, 4, white car, 41.00, 433.96, 69.58, 447.82, 55.29, 440.89, 41.00, 440.89, 69.58, 440.89, 28.58, 13.86
3.50, 5, white car, 1216.85, 556.84, 1247.92, 569.18, 1232.39, 563.01, 1216.85, 563.01, 1247.92, 563.01, 31.07, 12.35
3.50, 21, black car, 119.77, 444.73, 149.99, 458.69, 134.88, 451.71, 119.77, 451.71, 149.99, 451.71, 30.22, 13.97
3.53, 5, white car, 1213.90, 556.83, 1244.37, 568.94, 1229.14, 562.89, 1213.90, 562.89, 1244.37, 562.89, 30.47, 12.11
3.53, 21, black car, 118.06, 444.61, 148.13, 458.53, 133.09, 451.57, 118.06, 451.57, 148.13, 451.57, 30.07, 13.92
3.57, 5, white car, 1210.98, 556.55, 1241.37, 568.64, 1226.18, 562.60, 1210.98, 562.60, 1241.37, 562.60, 30.39, 12.09
3.57, 21, black car, 115.76, 444.12, 145.98, 458.11, 130.87, 451.11, 115.76, 451.11, 145.98, 451.11, 30.22, 14.00
3.60, 5, white car, 1208.19, 556.53, 1238.57, 568.65, 1223.38, 562.59, 1208.19, 562.59, 1238.57, 562.59, 30.38, 12.12
3.60, 21, black car, 113.97, 443.88, 144.15, 457.88, 129.06, 450.88, 113.97, 450.88, 144.15, 450.88, 30.18, 13.99
3.63, 5, white car, 1205.04, 556.29, 1235.23, 568.38, 1220.14, 562.34, 1205.04, 562.34, 1235.23, 562.34, 30.18, 12.09
3.63, 21, black car, 111.99, 443.75, 142.04, 457.68, 127.02, 450.72, 111.99, 450.72, 142.04, 450.72, 30.05, 13.93
3.67, 5, white car, 1202.20, 556.03, 1232.38, 568.15, 1217.29, 562.09, 1202.20, 562.09, 1232.38, 562.09, 30.18, 12.11
3.67, 21, black car, 110.77, 443.56, 140.44, 457.29, 125.60, 450.42, 110.77, 450.42, 140.44, 450.42, 29.68, 13.73
3.70, 5, white car, 1199.14, 555.97, 1229.35, 568.10, 1214.24, 562.03, 1199.14, 562.03, 1229.35, 562.03, 30.21, 12.13
3.70, 21, black car, 108.50, 443.37, 137.96, 457.03, 123.23, 450.20, 108.50, 450.20, 137.96, 450.20, 29.46, 13.66
3.73, 5, white car, 1195.79, 555.91, 1225.81, 567.97, 1210.80, 561.94, 1195.79, 561.94, 1225.81, 561.94, 30.02, 12.07
3.73, 21, black car, 106.55, 443.01, 136.10, 456.77, 121.33, 449.89, 106.55, 449.89, 136.10, 449.89, 29.55, 13.75
3.77, 5, white car, 1192.66, 555.65, 1222.93, 567.88, 1207.80, 561.76, 1192.66, 561.76, 1222.93, 561.76, 30.27, 12.23
3.77, 21, black car, 104.74, 442.65, 134.24, 456.43, 119.49, 449.54, 104.74, 449.54, 134.24, 449.54, 29.50, 13.77
3.80, 5, white car, 1189.50, 555.49, 1219.70, 567.72, 1204.60, 561.60, 1189.50, 561.60, 1219.70, 561.60, 30.20, 12.22
3.80, 21, black car, 102.46, 442.37, 131.83, 456.12, 117.15, 449.24, 102.46, 449.24, 131.83, 449.24, 29.37, 13.75
3.83, 5, white car, 1186.31, 555.43, 1216.51, 567.66, 1201.41, 561.54, 1186.31, 561.54, 1216.51, 561.54, 30.20, 12.23
3.83, 21, black car, 100.41, 442.08, 129.75, 455.80, 115.08, 448.94, 100.41, 448.94, 129.75, 448.94, 29.35, 13.72
3.83, 4, white car, 19.58, 432.82, 48.36, 446.63, 33.97, 439.73, 19.58, 439.73, 48.36, 439.73, 28.78, 13.81
3.87, 5, white car, 1183.34, 555.24, 1213.42, 567.43, 1198.38, 561.33, 1183.34, 561.33, 1213.42, 561.33, 30.08, 12.18
3.87, 21, black car, 98.17, 441.97, 127.71, 455.72, 112.94, 448.84, 98.17, 448.84, 127.71, 448.84, 29.54, 13.74
3.87, 4, white car, 18.16, 432.49, 47.47, 446.57, 32.81, 439.53, 18.16, 439.53, 47.47, 439.53, 29.31, 14.08
3.90, 5, white car, 1180.07, 554.96, 1210.38, 567.26, 1195.22, 561.11, 1180.07, 561.11, 1210.38, 561.11, 30.31, 12.29
3.90, 21, black car, 97.10, 441.81, 126.40, 455.43, 111.75, 448.62, 97.10, 448.62, 126.40, 448.62, 29.30, 13.61
3.90, 4, white car, 16.71, 431.63, 46.46, 445.94, 31.58, 438.78, 16.71, 438.78, 46.46, 438.78, 29.75, 14.32
3.93, 5, white car, 1176.86, 554.86, 1207.35, 567.27, 1192.10, 561.06, 1176.86, 561.06, 1207.35, 561.06, 30.49, 12.41
3.93, 21, black car, 94.94, 441.63, 124.00, 455.09, 109.47, 448.36, 94.94, 448.36, 124.00, 448.36, 29.06, 13.46
3.93, 4, white car, 15.14, 431.20, 44.72, 445.47, 29.93, 438.33, 15.14, 438.33, 44.72, 438.33, 29.57, 14.27
3.97, 5, white car, 1174.01, 554.86, 1204.14, 567.12, 1189.07, 560.99, 1174.01, 560.99, 1204.14, 560.99, 30.14, 12.27
3.97, 21, black car, 92.78, 441.17, 122.05, 454.71, 107.41, 447.94, 92.78, 447.94, 122.05, 447.94, 29.28, 13.54
3.97, 4, white car, 13.50, 430.89, 42.86, 445.10, 28.18, 438.00, 13.50, 438.00, 42.86, 438.00, 29.36, 14.21
4.00, 5, white car, 1171.10, 554.63, 1201.01, 566.78, 1186.06, 560.71, 1171.10, 560.71, 1201.01, 560.71, 29.91, 12.15
4.00, 21, black car, 90.58, 440.59, 120.40, 454.40, 105.49, 447.49, 90.58, 447.49, 120.40, 447.49, 29.82, 13.81
4.00, 4, white car, 11.93, 430.67, 41.41, 445.00, 26.67, 437.83, 11.93, 437.83, 41.41, 437.83, 29.48, 14.33
4.03, 5, white car, 1167.82, 554.44, 1197.94, 566.66, 1182.88, 560.55, 1167.82, 560.55, 1197.94, 560.55, 30.13, 12.22
4.03, 21, black car, 88.97, 440.24, 119.09, 454.18, 104.03, 447.21, 88.97, 447.21, 119.09, 447.21, 30.12, 13.94
4.03, 4, white car, 10.50, 430.39, 40.32, 444.91, 25.41, 437.65, 10.50, 437.65, 40.32, 437.65, 29.82, 14.51
4.07, 5, white car, 1164.39, 554.16, 1194.78, 566.52, 1179.59, 560.34, 1164.39, 560.34, 1194.78, 560.34, 30.39, 12.36
4.07, 21, black car, 87.08, 439.99, 117.08, 453.87, 102.08, 446.93, 87.08, 446.93, 117.08, 446.93, 30.00, 13.88
4.07, 4, white car, 9.42, 430.23, 38.90, 444.63, 24.16, 437.43, 9.42, 437.43, 38.90, 437.43, 29.48, 14.40
4.10, 5, white car, 1161.16, 553.96, 1191.59, 566.34, 1176.37, 560.15, 1161.16, 560.15, 1191.59, 560.15, 30.43, 12.38
4.10, 21, black car, 84.79, 439.71, 115.16, 453.70, 99.97, 446.71, 84.79, 446.71, 115.16, 446.71, 30.37, 13.99
4.10, 4, white car, 7.41, 430.02, 36.58, 444.32, 22.00, 437.17, 7.41, 437.17, 36.58, 437.17, 29.17, 14.30
4.13, 5, white car, 1158.18, 553.88, 1188.43, 566.15, 1173.31, 560.01, 1158.18, 560.01, 1188.43, 560.01, 30.25, 12.28
4.13, 21, black car, 82.89, 439.50, 113.20, 453.38, 98.04, 446.44, 82.89, 446.44, 113.20, 446.44, 30.30, 13.89
4.17, 5, white car, 1155.19, 553.76, 1185.18, 565.91, 1170.18, 559.83, 1155.19, 559.83, 1185.18, 559.83, 29.98, 12.16
4.17, 21, black car, 81.09, 439.19, 111.49, 453.06, 96.29, 446.13, 81.09, 446.13, 111.49, 446.13, 30.40, 13.86
4.20, 5, white car, 1151.74, 553.28, 1181.73, 565.43, 1166.74, 559.35, 1151.74, 559.35, 1181.73, 559.35, 29.98, 12.16
4.20, 21, black car, 78.81, 438.99, 109.12, 452.76, 93.96, 445.88, 78.81, 445.88, 109.12, 445.88, 30.30, 13.78
4.23, 5, white car, 1149.00, 553.26, 1179.09, 565.49, 1164.04, 559.37, 1149.00, 559.37, 1179.09, 559.37, 30.09, 12.23
4.23, 21, black car, 76.96, 438.66, 107.39, 452.50, 92.18, 445.58, 76.96, 445.58, 107.39, 445.58, 30.43, 13.84
4.27, 5, white car, 1145.58, 552.99, 1176.07, 565.42, 1160.82, 559.21, 1145.58, 559.21, 1176.07, 559.21, 30.49, 12.43
4.27, 21, black car, 75.67, 438.40, 105.88, 452.14, 90.78, 445.27, 75.67, 445.27, 105.88, 445.27, 30.21, 13.73
4.30, 5, white car, 1142.18, 552.72, 1173.07, 565.35, 1157.62, 559.03, 1142.18, 559.03, 1173.07, 559.03, 30.89, 12.63
4.30, 21, black car, 74.57, 438.21, 104.71, 451.90, 89.64, 445.06, 74.57, 445.06, 104.71, 445.06, 30.14, 13.70
4.33, 5, white car, 1138.50, 552.28, 1170.01, 565.20, 1154.26, 558.74, 1138.50, 558.74, 1170.01, 558.74, 31.51, 12.92
4.33, 21, black car, 72.86, 438.14, 102.95, 451.85, 87.91, 444.99, 72.86, 444.99, 102.95, 444.99, 30.10, 13.71
4.33, 4, white car, 0.00, 429.78, 26.85, 443.35, 13.42, 436.56, 0.00, 436.56, 26.85, 436.56, 26.85, 13.57
4.37, 5, white car, 1135.67, 552.18, 1166.95, 565.05, 1151.31, 558.62, 1135.67, 558.62, 1166.95, 558.62, 31.28, 12.86
4.37, 21, black car, 71.02, 437.76, 101.17, 451.49, 86.09, 444.63, 71.02, 444.63, 101.17, 444.63, 30.16, 13.73
4.40, 5, white car, 1132.22, 551.91, 1163.72, 564.94, 1147.97, 558.42, 1132.22, 558.42, 1163.72, 558.42, 31.51, 13.03
4.40, 21, black car, 69.16, 437.56, 99.07, 451.16, 84.12, 444.36, 69.16, 444.36, 99.07, 444.36, 29.92, 13.60
4.43, 5, white car, 1129.08, 551.84, 1160.37, 564.79, 1144.73, 558.32, 1129.08, 558.32, 1160.37, 558.32, 31.29, 12.95
4.43, 21, black car, 67.11, 437.26, 97.02, 450.80, 82.07, 444.03, 67.11, 444.03, 97.02, 444.03, 29.92, 13.55
4.47, 5, white car, 1125.79, 551.62, 1157.34, 564.73, 1141.57, 558.17, 1125.79, 558.17, 1157.34, 558.17, 31.55, 13.11
4.47, 21, black car, 64.42, 436.82, 95.00, 450.63, 79.71, 443.73, 64.42, 443.73, 95.00, 443.73, 30.58, 13.81
4.50, 5, white car, 1122.79, 551.31, 1153.97, 564.27, 1138.38, 557.79, 1122.79, 557.79, 1153.97, 557.79, 31.18, 12.96
4.50, 21, black car, 62.17, 436.50, 93.53, 450.68, 77.85, 443.59, 62.17, 443.59, 93.53, 443.59, 31.36, 14.18
4.53, 5, white car, 1119.84, 551.36, 1150.38, 564.10, 1135.11, 557.73, 1119.84, 557.73, 1150.38, 557.73, 30.54, 12.74
4.53, 21, black car, 60.49, 436.53, 91.92, 450.74, 76.20, 443.63, 60.49, 443.63, 91.92, 443.63, 31.43, 14.21
4.57, 5, white car, 1116.78, 551.22, 1147.32, 563.98, 1132.05, 557.60, 1116.78, 557.60, 1147.32, 557.60, 30.54, 12.76
4.57, 21, black car, 58.36, 436.39, 90.06, 450.67, 74.21, 443.53, 58.36, 443.53, 90.06, 443.53, 31.70, 14.28
4.60, 5, white car, 1113.74, 551.09, 1144.35, 563.90, 1129.05, 557.49, 1113.74, 557.49, 1144.35, 557.49, 30.61, 12.81
4.60, 21, black car, 55.56, 436.17, 87.79, 450.60, 71.68, 443.38, 55.56, 443.38, 87.79, 443.38, 32.23, 14.44
4.63, 5, white car, 1110.42, 550.94, 1141.06, 563.78, 1125.74, 557.36, 1110.42, 557.36, 1141.06, 557.36, 30.64, 12.84
4.63, 21, black car, 54.10, 436.01, 86.41, 450.42, 70.25, 443.21, 54.10, 443.21, 86.41, 443.21, 32.31, 14.41
4.67, 5, white car, 1107.59, 551.03, 1137.70, 563.65, 1122.64, 557.34, 1107.59, 557.34, 1137.70, 557.34, 30.11, 12.62
4.67, 21, black car, 52.18, 435.50, 84.72, 449.98, 68.45, 442.74, 52.18, 442.74, 84.72, 442.74, 32.54, 14.48
4.70, 5, white car, 1104.36, 550.90, 1134.46, 563.56, 1119.41, 557.23, 1104.36, 557.23, 1134.46, 557.23, 30.11, 12.66
4.70, 21, black car, 51.19, 435.17, 83.32, 449.42, 67.25, 442.30, 51.19, 442.30, 83.32, 442.30, 32.12, 14.25
4.73, 5, white car, 1101.01, 550.50, 1131.27, 563.23, 1116.14, 556.87, 1101.01, 556.87, 1131.27, 556.87, 30.26, 12.73
4.73, 21, black car, 49.04, 434.58, 81.50, 448.98, 65.27, 441.78, 49.04, 441.78, 81.50, 441.78, 32.45, 14.39
4.77, 5, white car, 1097.91, 550.21, 1128.12, 562.95, 1113.02, 556.58, 1097.91, 556.58, 1128.12, 556.58, 30.21, 12.75
4.77, 21, black car, 47.67, 434.19, 80.24, 448.66, 63.95, 441.42, 47.67, 441.42, 80.24, 441.42, 32.57, 14.47
4.80, 5, white car, 1094.99, 549.87, 1124.94, 562.50, 1109.96, 556.19, 1094.99, 556.19, 1124.94, 556.19, 29.96, 12.62
4.80, 21, black car, 46.68, 434.08, 78.27, 448.18, 62.48, 441.13, 46.68, 441.13, 78.27, 441.13, 31.59, 14.10
4.83, 5, white car, 1091.96, 550.00, 1120.91, 562.13, 1106.44, 556.07, 1091.96, 556.07, 1120.91, 556.07, 28.95, 12.13
4.83, 21, black car, 46.05, 433.99, 77.14, 447.92, 61.59, 440.96, 46.05, 440.96, 77.14, 440.96, 31.10, 13.94
4.87, 5, white car, 1088.85, 549.97, 1118.15, 562.25, 1103.50, 556.11, 1088.85, 556.11, 1118.15, 556.11, 29.30, 12.29
4.87, 21, black car, 45.12, 434.10, 75.34, 447.69, 60.23, 440.89, 45.12, 440.89, 75.34, 440.89, 30.22, 13.59
4.90, 5, white car, 1085.32, 549.84, 1114.54, 562.05, 1099.93, 555.95, 1085.32, 555.95, 1114.54, 555.95, 29.22, 12.22
4.90, 21, black car, 43.86, 433.96, 73.51, 447.32, 58.69, 440.64, 43.86, 440.64, 73.51, 440.64, 29.65, 13.36
4.93, 5, white car, 1082.58, 549.86, 1111.58, 561.91, 1097.08, 555.88, 1082.58, 555.88, 1111.58, 555.88, 29.00, 12.05
4.93, 21, black car, 42.62, 433.27, 72.22, 446.71, 57.42, 439.99, 42.62, 439.99, 72.22, 439.99, 29.60, 13.45
4.97, 5, white car, 1079.27, 549.72, 1108.39, 561.77, 1093.83, 555.75, 1079.27, 555.75, 1108.39, 555.75, 29.12, 12.06
5.00, 5, white car, 1075.90, 549.64, 1105.06, 561.66, 1090.48, 555.65, 1075.90, 555.65, 1105.06, 555.65, 29.16, 12.02
5.00, 21, black car, 39.85, 433.25, 68.73, 446.41, 54.29, 439.83, 39.85, 439.83, 68.73, 439.83, 28.88, 13.16
5.03, 5, white car, 1072.79, 549.62, 1101.91, 561.58, 1087.35, 555.60, 1072.79, 555.60, 1101.91, 555.60, 29.12, 11.96
5.03, 21, black car, 38.00, 432.93, 66.83, 446.06, 52.41, 439.50, 38.00, 439.50, 66.83, 439.50, 28.84, 13.14
5.07, 5, white car, 1069.11, 549.10, 1098.74, 561.24, 1083.92, 555.17, 1069.11, 555.17, 1098.74, 555.17, 29.63, 12.14
5.07, 21, black car, 35.62, 432.36, 65.20, 445.81, 50.41, 439.09, 35.62, 439.09, 65.20, 439.09, 29.58, 13.45
5.10, 5, white car, 1065.57, 549.00, 1095.66, 561.33, 1080.61, 555.16, 1065.57, 555.16, 1095.66, 555.16, 30.09, 12.33
5.10, 21, black car, 34.34, 432.31, 64.44, 445.98, 49.39, 439.15, 34.34, 439.15, 64.44, 439.15, 30.11, 13.66
5.13, 5, white car, 1062.16, 548.58, 1092.71, 561.11, 1077.43, 554.85, 1062.16, 554.85, 1092.71, 554.85, 30.56, 12.53
5.13, 21, black car, 32.94, 432.09, 63.76, 446.08, 48.35, 439.08, 32.94, 439.08, 63.76, 439.08, 30.82, 13.99
5.17, 5, white car, 1059.05, 548.33, 1089.86, 560.96, 1074.46, 554.65, 1059.05, 554.65, 1089.86, 554.65, 30.81, 12.62
5.17, 21, black car, 30.98, 432.03, 62.23, 446.17, 46.60, 439.10, 30.98, 439.10, 62.23, 439.10, 31.25, 14.14
5.20, 5, white car, 1056.42, 548.04, 1086.60, 560.39, 1071.51, 554.21, 1056.42, 554.21, 1086.60, 554.21, 30.18, 12.35
5.20, 21, black car, 29.19, 431.87, 61.08, 446.23, 45.13, 439.05, 29.19, 439.05, 61.08, 439.05, 31.89, 14.36
5.23, 5, white car, 1053.40, 547.83, 1083.35, 560.08, 1068.38, 553.95, 1053.40, 553.95, 1083.35, 553.95, 29.95, 12.26
5.23, 21, black car, 26.79, 431.75, 59.77, 446.36, 43.28, 439.05, 26.79, 439.05, 59.77, 439.05, 32.98, 14.60
5.27, 5, white car, 1050.19, 547.62, 1080.20, 559.92, 1065.20, 553.77, 1050.19, 553.77, 1080.20, 553.77, 30.00, 12.30
5.27, 21, black car, 23.91, 431.63, 58.27, 446.57, 41.09, 439.10, 23.91, 439.10, 58.27, 439.10, 34.36, 14.94
5.30, 5, white car, 1046.93, 547.33, 1076.84, 559.60, 1061.88, 553.46, 1046.93, 553.46, 1076.84, 553.46, 29.92, 12.27
5.30, 21, black car, 20.99, 431.61, 55.06, 446.32, 38.02, 438.97, 20.99, 438.97, 55.06, 438.97, 34.07, 14.72
5.33, 5, white car, 1043.71, 547.15, 1073.55, 559.39, 1058.63, 553.27, 1043.71, 553.27, 1073.55, 553.27, 29.85, 12.24
5.33, 21, black car, 18.56, 431.73, 51.31, 445.83, 34.94, 438.78, 18.56, 438.78, 51.31, 438.78, 32.75, 14.11
5.37, 5, white car, 1040.46, 546.96, 1070.27, 559.19, 1055.36, 553.07, 1040.46, 553.07, 1070.27, 553.07, 29.81, 12.22
5.37, 21, black car, 17.68, 431.80, 49.44, 445.45, 33.56, 438.63, 17.68, 438.63, 49.44, 438.63, 31.77, 13.65
5.40, 5, white car, 1037.20, 546.83, 1066.82, 559.01, 1052.01, 552.92, 1037.20, 552.92, 1066.82, 552.92, 29.61, 12.17
5.40, 21, black car, 17.04, 431.30, 49.14, 445.08, 33.09, 438.19, 17.04, 438.19, 49.14, 438.19, 32.10, 13.78
5.43, 5, white car, 1034.24, 546.85, 1063.52, 558.87, 1048.88, 552.86, 1034.24, 552.86, 1063.52, 552.86, 29.28, 12.02
5.43, 21, black car, 15.88, 431.20, 48.22, 445.07, 32.05, 438.13, 15.88, 438.13, 48.22, 438.13, 32.34, 13.87
5.47, 5, white car, 1030.97, 546.87, 1059.99, 558.77, 1045.48, 552.82, 1030.97, 552.82, 1059.99, 552.82, 29.02, 11.90
5.47, 21, black car, 13.93, 430.91, 46.28, 444.82, 30.11, 437.86, 13.93, 437.86, 46.28, 437.86, 32.34, 13.91
5.50, 5, white car, 1027.78, 546.27, 1057.32, 558.39, 1042.55, 552.33, 1027.78, 552.33, 1057.32, 552.33, 29.54, 12.12
5.50, 21, black car, 12.26, 430.67, 44.48, 444.55, 28.37, 437.61, 12.26, 437.61, 44.48, 437.61, 32.22, 13.88
5.53, 5, white car, 1024.71, 546.06, 1054.10, 558.10, 1039.40, 552.08, 1024.71, 552.08, 1054.10, 552.08, 29.39, 12.04
5.53, 21, black car, 11.48, 430.65, 43.67, 444.56, 27.58, 437.60, 11.48, 437.60, 43.67, 437.60, 32.19, 13.91
5.57, 5, white car, 1021.18, 545.79, 1050.50, 557.76, 1035.84, 551.78, 1021.18, 551.78, 1050.50, 551.78, 29.32, 11.97
5.57, 21, black car, 9.63, 430.45, 42.01, 444.49, 25.82, 437.47, 9.63, 437.47, 42.01, 437.47, 32.38, 14.04
5.60, 5, white car, 1017.74, 545.53, 1047.61, 557.73, 1032.67, 551.63, 1017.74, 551.63, 1047.61, 551.63, 29.87, 12.19
5.60, 21, black car, 7.68, 430.23, 39.95, 444.25, 23.81, 437.24, 7.68, 437.24, 39.95, 437.24, 32.26, 14.02
5.63, 5, white car, 1014.31, 545.21, 1044.49, 557.59, 1029.40, 551.40, 1014.31, 551.40, 1044.49, 551.40, 30.18, 12.38
5.63, 21, black car, 5.83, 429.95, 37.79, 443.87, 21.81, 436.91, 5.83, 436.91, 37.79, 436.91, 31.96, 13.93
5.67, 5, white car, 1010.96, 544.86, 1041.24, 557.31, 1026.10, 551.08, 1010.96, 551.08, 1041.24, 551.08, 30.29, 12.45
5.67, 21, black car, 4.52, 429.96, 36.40, 443.91, 20.46, 436.94, 4.52, 436.94, 36.40, 436.94, 31.88, 13.95
5.70, 5, white car, 1007.47, 544.48, 1038.11, 557.10, 1022.79, 550.79, 1007.47, 550.79, 1038.11, 550.79, 30.63, 12.62
5.70, 21, black car, 3.07, 429.55, 35.26, 443.65, 19.16, 436.60, 3.07, 436.60, 35.26, 436.60, 32.19, 14.10
5.73, 5, white car, 1004.38, 544.30, 1034.88, 556.89, 1019.63, 550.59, 1004.38, 550.59, 1034.88, 550.59, 30.51, 12.59
5.73, 21, black car, 0.92, 429.11, 33.80, 443.60, 17.36, 436.35, 0.92, 436.35, 33.80, 436.35, 32.87, 14.49
5.77, 5, white car, 1001.08, 544.08, 1031.52, 556.68, 1016.30, 550.38, 1001.08, 550.38, 1031.52, 550.38, 30.44, 12.60
5.77, 21, black car, 0.00, 428.86, 32.34, 443.37, 16.17, 436.11, 0.00, 436.11, 32.34, 436.11, 32.34, 14.51
5.80, 5, white car, 997.64, 543.92, 1027.95, 556.49, 1012.79, 550.21, 997.64, 550.21, 1027.95, 550.21, 30.30, 12.57
5.80, 21, black car, 0.00, 429.01, 31.43, 443.20, 15.71, 436.11, 0.00, 436.11, 31.43, 436.11, 31.43, 14.19
5.83, 5, white car, 994.24, 543.75, 1024.60, 556.37, 1009.42, 550.06, 994.24, 550.06, 1024.60, 550.06, 30.36, 12.62
5.83, 21, black car, 0.00, 429.04, 29.89, 442.98, 14.95, 436.01, 0.00, 436.01, 29.89, 436.01, 29.89, 13.93
5.87, 5, white car, 990.99, 543.54, 1021.07, 556.05, 1006.03, 549.80, 990.99, 549.80, 1021.07, 549.80, 30.09, 12.51
5.87, 21, black car, 0.00, 429.31, 28.46, 442.79, 14.23, 436.05, 0.00, 436.05, 28.46, 436.05, 28.46, 13.48
5.90, 5, white car, 988.31, 543.39, 1017.74, 555.59, 1003.03, 549.49, 988.31, 549.49, 1017.74, 549.49, 29.43, 12.20
5.93, 5, white car, 985.41, 543.31, 1014.46, 555.32, 999.94, 549.32, 985.41, 549.32, 1014.46, 549.32, 29.05, 12.00
5.97, 5, white car, 981.94, 542.99, 1011.23, 555.08, 996.59, 549.04, 981.94, 549.04, 1011.23, 549.04, 29.29, 12.09
6.00, 5, white car, 978.29, 542.60, 1008.12, 554.91, 993.21, 548.76, 978.29, 548.76, 1008.12, 548.76, 29.83, 12.32
6.03, 5, white car, 975.14, 542.73, 1004.48, 554.84, 989.81, 548.79, 975.14, 548.79, 1004.48, 548.79, 29.34, 12.11
6.07, 5, white car, 971.89, 542.67, 1001.08, 554.69, 986.49, 548.68, 971.89, 548.68, 1001.08, 548.68, 29.19, 12.02
6.10, 5, white car, 968.39, 542.29, 998.10, 554.55, 983.25, 548.42, 968.39, 548.42, 998.10, 548.42, 29.71, 12.26
6.13, 5, white car, 964.99, 541.79, 995.07, 554.23, 980.03, 548.01, 964.99, 548.01, 995.07, 548.01, 30.08, 12.43
6.17, 5, white car, 961.88, 541.42, 991.81, 553.81, 976.84, 547.61, 961.88, 547.61, 991.81, 547.61, 29.93, 12.39
6.20, 5, white car, 958.66, 541.24, 988.40, 553.56, 973.53, 547.40, 958.66, 547.40, 988.40, 547.40, 29.74, 12.31
6.23, 5, white car, 955.59, 541.02, 985.22, 553.28, 970.41, 547.15, 955.59, 547.15, 985.22, 547.15, 29.63, 12.25
6.27, 5, white car, 952.53, 540.93, 982.18, 553.21, 967.36, 547.07, 952.53, 547.07, 982.18, 547.07, 29.64, 12.29
6.30, 5, white car, 949.21, 540.75, 978.90, 553.07, 964.06, 546.91, 949.21, 546.91, 978.90, 546.91, 29.69, 12.32
6.33, 5, white car, 945.97, 540.60, 975.50, 552.84, 960.73, 546.72, 945.97, 546.72, 975.50, 546.72, 29.53, 12.24
6.37, 5, white car, 942.61, 540.39, 972.21, 552.67, 957.41, 546.53, 942.61, 546.53, 972.21, 546.53, 29.60, 12.27
6.40, 5, white car, 939.23, 540.11, 969.27, 552.60, 954.25, 546.36, 939.23, 546.36, 969.27, 546.36, 30.04, 12.49
6.43, 5, white car, 935.93, 539.73, 966.22, 552.35, 951.08, 546.04, 935.93, 546.04, 966.22, 546.04, 30.28, 12.62
6.47, 5, white car, 932.95, 539.50, 962.91, 552.00, 947.93, 545.75, 932.95, 545.75, 962.91, 545.75, 29.95, 12.49
6.50, 5, white car, 929.78, 539.31, 959.53, 551.73, 944.65, 545.52, 929.78, 545.52, 959.53, 545.52, 29.75, 12.42
6.53, 5, white car, 926.27, 538.91, 956.10, 551.40, 941.18, 545.16, 926.27, 545.16, 956.10, 545.16, 29.83, 12.49
6.57, 5, white car, 922.87, 538.72, 952.73, 551.27, 937.80, 545.00, 922.87, 545.00, 952.73, 545.00, 29.86, 12.55
6.60, 5, white car, 919.77, 538.16, 949.69, 550.76, 934.73, 544.46, 919.77, 544.46, 949.69, 544.46, 29.92, 12.61
6.63, 5, white car, 916.51, 537.68, 946.52, 550.36, 931.51, 544.02, 916.51, 544.02, 946.52, 544.02, 30.01, 12.68
6.67, 5, white car, 913.23, 537.44, 943.27, 550.16, 928.25, 543.80, 913.23, 543.80, 943.27, 543.80, 30.03, 12.72
6.70, 5, white car, 910.11, 537.39, 939.91, 550.04, 925.01, 543.72, 910.11, 543.72, 939.91, 543.72, 29.80, 12.66
6.73, 5, white car, 906.74, 537.28, 936.70, 550.01, 921.72, 543.65, 906.74, 543.65, 936.70, 543.65, 29.97, 12.73
6.77, 5, white car, 903.58, 536.92, 933.83, 549.79, 918.71, 543.36, 903.58, 543.36, 933.83, 543.36, 30.25, 12.87
6.80, 5, white car, 900.31, 536.74, 930.29, 549.51, 915.30, 543.13, 900.31, 543.13, 930.29, 543.13, 29.98, 12.77
6.83, 5, white car, 897.21, 536.50, 926.84, 549.11, 912.02, 542.80, 897.21, 542.80, 926.84, 542.80, 29.62, 12.61
6.87, 5, white car, 893.91, 536.29, 922.88, 548.62, 908.40, 542.45, 893.91, 542.45, 922.88, 542.45, 28.98, 12.33
6.90, 5, white car, 890.89, 536.20, 919.64, 548.40, 905.26, 542.30, 890.89, 542.30, 919.64, 542.30, 28.74, 12.20
6.93, 5, white car, 887.76, 535.90, 916.37, 548.01, 902.06, 541.96, 887.76, 541.96, 916.37, 541.96, 28.60, 12.11
6.97, 5, white car, 884.58, 535.75, 913.20, 547.83, 898.89, 541.79, 884.58, 541.79, 913.20, 541.79, 28.62, 12.08
7.00, 5, white car, 881.28, 535.57, 909.97, 547.68, 895.62, 541.62, 881.28, 541.62, 909.97, 541.62, 28.68, 12.11
7.03, 5, white car, 877.90, 535.46, 906.96, 547.71, 892.43, 541.59, 877.90, 541.59, 906.96, 541.59, 29.06, 12.25
7.07, 5, white car, 874.57, 535.27, 903.96, 547.65, 889.26, 541.46, 874.57, 541.46, 903.96, 541.46, 29.39, 12.38
7.43, 5, white car, 838.75, 532.49, 868.32, 544.98, 853.54, 538.73, 838.75, 538.73, 868.32, 538.73, 29.57, 12.49
7.47, 5, white car, 835.13, 532.07, 865.42, 544.85, 850.27, 538.46, 835.13, 538.46, 865.42, 538.46, 30.29, 12.78
7.50, 5, white car, 832.13, 531.75, 862.64, 544.67, 847.38, 538.21, 832.13, 538.21, 862.64, 538.21, 30.51, 12.92
7.53, 5, white car, 829.04, 531.62, 859.17, 544.38, 844.10, 538.00, 829.04, 538.00, 859.17, 538.00, 30.13, 12.76
7.57, 5, white car, 825.84, 531.38, 856.16, 544.23, 841.00, 537.81, 825.84, 537.81, 856.16, 537.81, 30.32, 12.85
7.60, 5, white car, 822.00, 531.00, 852.59, 543.98, 837.29, 537.49, 822.00, 537.49, 852.59, 537.49, 30.59, 12.98
7.63, 5, white car, 818.70, 530.64, 849.32, 543.63, 834.01, 537.14, 818.70, 537.14, 849.32, 537.14, 30.62, 12.99
7.67, 5, white car, 815.66, 530.50, 846.32, 543.52, 830.99, 537.01, 815.66, 537.01, 846.32, 537.01, 30.66, 13.02
7.70, 5, white car, 812.67, 530.44, 842.94, 543.30, 827.81, 536.87, 812.67, 536.87, 842.94, 536.87, 30.27, 12.86
7.73, 5, white car, 809.56, 530.23, 839.43, 542.89, 824.49, 536.56, 809.56, 536.56, 839.43, 536.56, 29.87, 12.66
7.77, 5, white car, 806.32, 530.00, 836.17, 542.66, 821.25, 536.33, 806.32, 536.33, 836.17, 536.33, 29.85, 12.67
7.80, 5, white car, 803.10, 529.73, 832.96, 542.42, 818.03, 536.07, 803.10, 536.07, 832.96, 536.07, 29.86, 12.69
7.83, 5, white car, 799.86, 529.20, 829.95, 541.98, 814.90, 535.59, 799.86, 535.59, 829.95, 535.59, 30.09, 12.78
7.87, 5, white car, 796.56, 528.71, 826.68, 541.53, 811.62, 535.12, 796.56, 535.12, 826.68, 535.12, 30.12, 12.82
7.90, 5, white car, 793.25, 528.45, 823.32, 541.25, 808.28, 534.85, 793.25, 534.85, 823.32, 534.85, 30.07, 12.79
7.93, 5, white car, 790.42, 528.49, 819.92, 541.02, 805.17, 534.75, 790.42, 534.75, 819.92, 534.75, 29.50, 12.53
7.97, 5, white car, 787.10, 528.26, 816.80, 540.87, 801.95, 534.56, 787.10, 534.56, 816.80, 534.56, 29.70, 12.61
8.00, 5, white car, 783.76, 527.78, 814.11, 540.70, 798.93, 534.24, 783.76, 534.24, 814.11, 534.24, 30.36, 12.92
8.03, 5, white car, 780.69, 527.30, 810.76, 540.12, 795.73, 533.71, 780.69, 533.71, 810.76, 533.71, 30.07, 12.82
8.07, 5, white car, 777.56, 526.99, 807.41, 539.74, 792.49, 533.37, 777.56, 533.37, 807.41, 533.37, 29.85, 12.75
8.10, 5, white car, 774.72, 526.83, 803.98, 539.34, 789.35, 533.08, 774.72, 533.08, 803.98, 533.08, 29.26, 12.50
8.13, 5, white car, 771.53, 526.53, 800.94, 539.09, 786.23, 532.81, 771.53, 532.81, 800.94, 532.81, 29.40, 12.56
8.17, 5, white car, 768.26, 526.30, 797.99, 539.01, 783.12, 532.66, 768.26, 532.66, 797.99, 532.66, 29.73, 12.71
8.20, 5, white car, 764.91, 526.16, 794.60, 538.85, 779.76, 532.50, 764.91, 532.50, 794.60, 532.50, 29.69, 12.69
8.23, 5, white car, 761.90, 526.03, 791.17, 538.53, 776.53, 532.28, 761.90, 532.28, 791.17, 532.28, 29.27, 12.49
8.27, 5, white car, 758.84, 525.67, 788.25, 538.22, 773.54, 531.94, 758.84, 531.94, 788.25, 531.94, 29.41, 12.55
8.30, 5, white car, 755.33, 525.31, 785.47, 538.22, 770.40, 531.77, 755.33, 531.77, 785.47, 531.77, 30.15, 12.91
8.33, 5, white car, 751.82, 525.08, 781.95, 538.01, 766.89, 531.54, 751.82, 531.54, 781.95, 531.54, 30.13, 12.93
8.37, 5, white car, 748.95, 524.79, 778.80, 537.60, 763.87, 531.20, 748.95, 531.20, 778.80, 531.20, 29.85, 12.81
8.40, 5, white car, 746.05, 524.50, 775.88, 537.32, 760.96, 530.91, 746.05, 530.91, 775.88, 530.91, 29.83, 12.82
8.43, 5, white car, 742.86, 524.22, 772.59, 537.00, 757.73, 530.61, 742.86, 530.61, 772.59, 530.61, 29.73, 12.77
8.47, 5, white car, 739.80, 523.89, 769.40, 536.63, 754.60, 530.26, 739.80, 530.26, 769.40, 530.26, 29.59, 12.74
8.50, 5, white car, 736.35, 523.54, 766.26, 536.40, 751.31, 529.97, 736.35, 529.97, 766.26, 529.97, 29.91, 12.86
8.53, 5, white car, 732.89, 522.87, 763.60, 536.12, 748.25, 529.50, 732.89, 529.50, 763.60, 529.50, 30.71, 13.25
8.57, 5, white car, 729.80, 522.52, 760.46, 535.77, 745.13, 529.14, 729.80, 529.14, 760.46, 529.14, 30.66, 13.26
8.60, 5, white car, 726.70, 522.35, 757.32, 535.62, 742.01, 528.98, 726.70, 528.98, 757.32, 528.98, 30.62, 13.26
8.63, 5, white car, 723.53, 522.06, 754.22, 535.40, 738.87, 528.73, 723.53, 528.73, 754.22, 528.73, 30.68, 13.34
8.67, 5, white car, 720.05, 521.70, 750.95, 535.15, 735.50, 528.42, 720.05, 528.42, 750.95, 528.42, 30.89, 13.46
8.70, 5, white car, 717.32, 521.23, 747.89, 534.55, 732.61, 527.89, 717.32, 527.89, 747.89, 527.89, 30.57, 13.32
8.73, 5, white car, 714.45, 521.02, 744.78, 534.24, 729.62, 527.63, 714.45, 527.63, 744.78, 527.63, 30.33, 13.21
8.77, 5, white car, 710.70, 520.90, 740.47, 533.86, 725.58, 527.38, 710.70, 527.38, 740.47, 527.38, 29.77, 12.96
8.80, 5, white car, 707.78, 520.68, 737.56, 533.60, 722.67, 527.14, 707.78, 527.14, 737.56, 527.14, 29.78, 12.92
8.83, 5, white car, 704.88, 520.43, 734.47, 533.24, 719.68, 526.83, 704.88, 526.83, 734.47, 526.83, 29.59, 12.81
8.87, 5, white car, 701.98, 519.89, 731.55, 532.68, 716.76, 526.29, 701.98, 526.29, 731.55, 526.29, 29.57, 12.78
8.90, 5, white car, 698.60, 519.51, 728.80, 532.62, 713.70, 526.07, 698.60, 526.07, 728.80, 526.07, 30.19, 13.10
8.93, 5, white car, 694.97, 518.85, 726.24, 532.50, 710.61, 525.68, 694.97, 525.68, 726.24, 525.68, 31.28, 13.65
8.97, 5, white car, 691.52, 518.35, 722.90, 532.11, 707.21, 525.23, 691.52, 525.23, 722.90, 525.23, 31.37, 13.76
9.00, 5, white car, 689.25, 518.08, 719.63, 531.39, 704.44, 524.74, 689.25, 524.74, 719.63, 524.74, 30.38, 13.30
9.03, 5, white car, 686.16, 517.93, 715.87, 530.92, 701.01, 524.43, 686.16, 524.43, 715.87, 524.43, 29.71, 12.99
9.07, 5, white car, 683.10, 517.78, 712.31, 530.51, 697.70, 524.15, 683.10, 524.15, 712.31, 524.15, 29.20, 12.74
9.10, 5, white car, 680.17, 517.29, 710.06, 530.30, 695.11, 523.79, 680.17, 523.79, 710.06, 523.79, 29.89, 13.01
9.13, 5, white car, 676.96, 517.08, 706.63, 530.00, 691.80, 523.54, 676.96, 523.54, 706.63, 523.54, 29.66, 12.92
9.17, 5, white car, 674.04, 516.86, 703.54, 529.71, 688.79, 523.28, 674.04, 523.28, 703.54, 523.28, 29.50, 12.85
9.20, 5, white car, 670.87, 516.43, 700.70, 529.43, 685.79, 522.93, 670.87, 522.93, 700.70, 522.93, 29.83, 13.00
9.23, 5, white car, 667.09, 515.94, 697.26, 529.10, 682.17, 522.52, 667.09, 522.52, 697.26, 522.52, 30.17, 13.16
9.27, 5, white car, 663.91, 515.55, 694.25, 528.78, 679.08, 522.16, 663.91, 522.16, 694.25, 522.16, 30.34, 13.23
9.30, 5, white car, 661.08, 515.30, 690.94, 528.30, 676.01, 521.80, 661.08, 521.80, 690.94, 521.80, 29.86, 13.00
9.33, 5, white car, 658.31, 514.99, 688.08, 527.95, 673.19, 521.47, 658.31, 521.47, 688.08, 521.47, 29.77, 12.95
9.37, 5, white car, 654.64, 514.28, 685.15, 527.58, 669.89, 520.93, 654.64, 520.93, 685.15, 520.93, 30.51, 13.30
9.40, 5, white car, 651.80, 513.91, 682.23, 527.17, 667.01, 520.54, 651.80, 520.54, 682.23, 520.54, 30.43, 13.26
9.43, 5, white car, 648.47, 513.44, 679.11, 526.82, 663.79, 520.13, 648.47, 520.13, 679.11, 520.13, 30.64, 13.38
9.47, 5, white car, 645.70, 513.06, 676.04, 526.32, 660.87, 519.69, 645.70, 519.69, 676.04, 519.69, 30.34, 13.26
9.50, 5, white car, 642.88, 512.82, 672.87, 525.92, 657.87, 519.37, 642.88, 519.37, 672.87, 519.37, 29.99, 13.10
9.53, 5, white car, 639.69, 512.60, 669.38, 525.54, 654.53, 519.07, 639.69, 519.07, 669.38, 519.07, 29.69, 12.95
9.57, 5, white car, 636.81, 512.42, 666.23, 525.21, 651.52, 518.81, 636.81, 518.81, 666.23, 518.81, 29.42, 12.79
9.60, 5, white car, 634.06, 512.30, 662.88, 524.80, 648.47, 518.55, 634.06, 518.55, 662.88, 518.55, 28.81, 12.50
9.63, 5, white car, 630.94, 511.97, 659.84, 524.47, 645.39, 518.22, 630.94, 518.22, 659.84, 518.22, 28.91, 12.50
9.67, 5, white car, 627.84, 511.76, 657.03, 524.38, 642.43, 518.07, 627.84, 518.07, 657.03, 518.07, 29.19, 12.62
9.70, 5, white car, 624.62, 511.31, 653.81, 523.90, 639.22, 517.61, 624.62, 517.61, 653.81, 517.61, 29.19, 12.59
9.73, 5, white car, 621.79, 510.96, 650.70, 523.37, 636.25, 517.17, 621.79, 517.17, 650.70, 517.17, 28.91, 12.41
9.77, 5, white car, 618.61, 510.55, 647.85, 523.09, 633.23, 516.82, 618.61, 516.82, 647.85, 516.82, 29.25, 12.54
9.80, 5, white car, 615.23, 510.12, 644.76, 522.78, 630.00, 516.45, 615.23, 516.45, 644.76, 516.45, 29.53, 12.66
9.83, 5, white car, 611.67, 509.56, 641.32, 522.29, 626.50, 515.92, 611.67, 515.92, 641.32, 515.92, 29.66, 12.72
9.87, 5, white car, 608.95, 509.12, 638.62, 521.85, 623.79, 515.49, 608.95, 515.49, 638.62, 515.49, 29.66, 12.73
9.90, 5, white car, 605.84, 508.58, 635.63, 521.37, 620.74, 514.98, 605.84, 514.98, 635.63, 514.98, 29.79, 12.79
9.93, 5, white car, 602.79, 508.10, 632.11, 520.67, 617.45, 514.38, 602.79, 514.38, 632.11, 514.38, 29.32, 12.57
9.97, 5, white car, 600.00, 507.76, 629.25, 520.30, 614.63, 514.03, 600.00, 514.03, 629.25, 514.03, 29.26, 12.54
