0.00, 9, white car, 461.50, 529.96, 489.16, 541.80, 475.33, 535.88, 461.50, 535.88, 489.16, 535.88, 27.66, 11.84
0.00, 47, white car, 165.25, 517.37, 192.17, 529.09, 178.71, 523.23, 165.25, 523.23, 192.17, 523.23, 26.92, 11.73
0.00, 53, red car, 314.75, 524.28, 338.14, 535.17, 326.44, 529.72, 314.75, 529.72, 338.14, 529.72, 23.39, 10.89
0.03, 9, white car, 459.54, 529.72, 487.02, 541.48, 473.28, 535.60, 459.54, 535.60, 487.02, 535.60, 27.48, 11.75
0.03, 47, white car, 163.59, 517.33, 190.44, 529.02, 177.01, 523.17, 163.59, 523.17, 190.44, 523.17, 26.85, 11.69
0.03, 53, red car, 312.03, 524.19, 335.57, 535.15, 323.80, 529.67, 312.03, 529.67, 335.57, 529.67, 23.54, 10.96
0.07, 9, white car, 457.42, 529.87, 484.63, 541.51, 471.02, 535.69, 457.42, 535.69, 484.63, 535.69, 27.21, 11.63
0.07, 47, white car, 161.30, 517.03, 188.61, 528.93, 174.96, 522.98, 161.30, 522.98, 188.61, 522.98, 27.30, 11.90
0.07, 53, red car, 310.15, 524.30, 333.71, 535.27, 321.93, 529.79, 310.15, 529.79, 333.71, 529.79, 23.56, 10.97
0.10, 9, white car, 455.44, 529.82, 482.67, 541.46, 469.06, 535.64, 455.44, 535.64, 482.67, 535.64, 27.23, 11.64
0.10, 47, white car, 159.06, 516.89, 186.63, 528.92, 172.85, 522.90, 159.06, 522.90, 186.63, 522.90, 27.56, 12.03
0.10, 53, red car, 308.64, 524.42, 332.13, 535.36, 320.39, 529.89, 308.64, 529.89, 332.13, 529.89, 23.50, 10.94
0.13, 9, white car, 453.17, 529.53, 480.47, 541.19, 466.82, 535.36, 453.17, 535.36, 480.47, 535.36, 27.31, 11.66
0.13, 47, white car, 157.12, 516.74, 184.74, 528.80, 170.93, 522.77, 157.12, 522.77, 184.74, 522.77, 27.62, 12.07
0.13, 53, red car, 306.70, 524.02, 330.16, 534.92, 318.43, 529.47, 306.70, 529.47, 330.16, 529.47, 23.46, 10.89
0.17, 9, white car, 450.85, 529.54, 478.52, 541.36, 464.69, 535.45, 450.85, 535.45, 478.52, 535.45, 27.67, 11.82
0.17, 47, white car, 154.78, 516.51, 182.60, 528.68, 168.69, 522.60, 154.78, 522.60, 182.60, 522.60, 27.82, 12.17
0.20, 9, white car, 448.53, 529.46, 476.52, 541.41, 462.53, 535.43, 448.53, 535.43, 476.52, 535.43, 27.99, 11.95
0.23, 9, white car, 445.96, 529.10, 473.96, 541.04, 459.96, 535.07, 445.96, 535.07, 473.96, 535.07, 28.00, 11.94
0.23, 53, red car, 300.16, 523.50, 323.69, 534.42, 311.93, 528.96, 300.16, 528.96, 323.69, 528.96, 23.53, 10.92
0.27, 9, white car, 443.69, 529.05, 471.87, 541.06, 457.78, 535.06, 443.69, 535.06, 471.87, 535.06, 28.18, 12.01
0.27, 53, red car, 297.72, 523.61, 320.73, 534.27, 309.22, 528.94, 297.72, 528.94, 320.73, 528.94, 23.01, 10.67
0.30, 9, white car, 441.40, 528.84, 469.96, 541.01, 455.68, 534.92, 441.40, 534.92, 469.96, 534.92, 28.56, 12.17
0.30, 53, red car, 295.49, 523.32, 318.60, 534.03, 307.05, 528.68, 295.49, 528.68, 318.60, 528.68, 23.11, 10.72
0.30, 47, white car, 148.30, 516.61, 174.27, 528.03, 161.29, 522.32, 148.30, 522.32, 174.27, 522.32, 25.97, 11.42
0.33, 9, white car, 439.19, 528.84, 467.61, 540.94, 453.40, 534.89, 439.19, 534.89, 467.61, 534.89, 28.43, 12.10
0.33, 53, red car, 292.93, 522.77, 316.74, 533.78, 304.84, 528.28, 292.93, 528.28, 316.74, 528.28, 23.82, 11.01
0.37, 9, white car, 436.98, 528.92, 465.33, 540.97, 451.16, 534.94, 436.98, 534.94, 465.33, 534.94, 28.35, 12.05
0.37, 53, red car, 290.63, 522.73, 314.55, 533.74, 302.59, 528.24, 290.63, 528.24, 314.55, 528.24, 23.91, 11.01
0.37, 47, white car, 142.49, 516.42, 168.82, 527.98, 155.65, 522.20, 142.49, 522.20, 168.82, 522.20, 26.33, 11.56
0.40, 9, white car, 435.17, 528.85, 463.22, 540.76, 449.20, 534.80, 435.17, 534.80, 463.22, 534.80, 28.05, 11.91
0.40, 53, red car, 288.35, 522.37, 312.57, 533.51, 300.46, 527.94, 288.35, 527.94, 312.57, 527.94, 24.22, 11.14
0.43, 9, white car, 432.75, 528.82, 461.06, 540.84, 446.90, 534.83, 432.75, 534.83, 461.06, 534.83, 28.31, 12.02
0.43, 53, red car, 286.18, 522.31, 310.45, 533.52, 298.32, 527.91, 286.18, 527.91, 310.45, 527.91, 24.27, 11.21
0.47, 9, white car, 430.22, 528.54, 458.86, 540.70, 444.54, 534.62, 430.22, 534.62, 458.86, 534.62, 28.64, 12.16
0.47, 53, red car, 283.77, 522.33, 307.37, 533.28, 295.57, 527.80, 283.77, 527.80, 307.37, 527.80, 23.61, 10.95
0.50, 9, white car, 427.93, 528.31, 456.54, 540.47, 442.24, 534.39, 427.93, 534.39, 456.54, 534.39, 28.61, 12.15
0.50, 53, red car, 281.85, 522.22, 305.48, 533.20, 293.66, 527.71, 281.85, 527.71, 305.48, 527.71, 23.64, 10.98
0.53, 9, white car, 425.81, 528.29, 454.32, 540.41, 440.06, 534.35, 425.81, 534.35, 454.32, 534.35, 28.51, 12.12
0.53, 53, red car, 280.04, 522.09, 303.55, 533.06, 291.80, 527.58, 280.04, 527.58, 303.55, 527.58, 23.51, 10.96
0.57, 9, white car, 423.64, 528.12, 452.07, 540.20, 437.86, 534.16, 423.64, 534.16, 452.07, 534.16, 28.44, 12.08
0.60, 9, white car, 421.46, 527.90, 449.99, 540.06, 435.72, 533.98, 421.46, 533.98, 449.99, 533.98, 28.53, 12.16
0.63, 9, white car, 418.89, 527.59, 448.11, 540.09, 433.50, 533.84, 418.89, 533.84, 448.11, 533.84, 29.22, 12.50
0.67, 9, white car, 416.76, 527.55, 445.65, 539.92, 431.20, 533.74, 416.76, 533.74, 445.65, 533.74, 28.89, 12.37
0.67, 47, white car, 125.64, 515.29, 150.81, 526.53, 138.22, 520.91, 125.64, 520.91, 150.81, 520.91, 25.17, 11.25
0.70, 9, white car, 414.50, 527.34, 443.31, 539.70, 428.91, 533.52, 414.50, 533.52, 443.31, 533.52, 28.81, 12.36
0.73, 9, white car, 412.51, 527.37, 441.46, 539.77, 426.98, 533.57, 412.51, 533.57, 441.46, 533.57, 28.95, 12.40
0.77, 9, white car, 410.66, 527.36, 439.26, 539.60, 424.96, 533.48, 410.66, 533.48, 439.26, 533.48, 28.61, 12.23
0.80, 9, white car, 408.88, 527.36, 437.00, 539.37, 422.94, 533.37, 408.88, 533.37, 437.00, 533.37, 28.12, 12.01
0.80, 53, red car, 263.02, 521.44, 286.80, 532.38, 274.91, 526.91, 263.02, 526.91, 286.80, 526.91, 23.78, 10.93
0.83, 9, white car, 406.74, 527.18, 435.16, 539.33, 420.95, 533.25, 406.74, 533.25, 435.16, 533.25, 28.42, 12.16
0.83, 53, red car, 261.12, 521.33, 285.13, 532.28, 273.13, 526.80, 261.12, 526.80, 285.13, 526.80, 24.01, 10.95
0.83, 47, white car, 112.78, 515.02, 139.56, 527.07, 126.17, 521.05, 112.78, 521.05, 139.56, 521.05, 26.77, 12.04
0.87, 9, white car, 404.34, 526.94, 432.65, 539.03, 418.50, 532.98, 404.34, 532.98, 432.65, 532.98, 28.31, 12.09
0.87, 47, white car, 111.35, 515.08, 137.57, 527.03, 124.46, 521.06, 111.35, 521.06, 137.57, 521.06, 26.23, 11.95
0.90, 9, white car, 402.08, 526.95, 430.38, 539.03, 416.23, 532.99, 402.08, 532.99, 430.38, 532.99, 28.30, 12.09
0.90, 53, red car, 256.02, 521.49, 279.39, 532.27, 267.70, 526.88, 256.02, 526.88, 279.39, 526.88, 23.38, 10.78
0.93, 9, white car, 399.86, 526.95, 428.13, 539.00, 414.00, 532.97, 399.86, 532.97, 428.13, 532.97, 28.28, 12.05
0.93, 53, red car, 254.05, 521.49, 277.17, 532.21, 265.61, 526.85, 254.05, 526.85, 277.17, 526.85, 23.12, 10.72
0.93, 47, white car, 106.99, 514.96, 132.90, 526.75, 119.94, 520.85, 106.99, 520.85, 132.90, 520.85, 25.90, 11.79
0.97, 9, white car, 397.73, 526.88, 426.03, 538.95, 411.88, 532.91, 397.73, 532.91, 426.03, 532.91, 28.30, 12.07
0.97, 53, red car, 251.60, 521.17, 274.95, 532.02, 263.28, 526.59, 251.60, 526.59, 274.95, 526.59, 23.35, 10.85
0.97, 47, white car, 104.42, 514.88, 130.64, 526.78, 117.53, 520.83, 104.42, 520.83, 130.64, 520.83, 26.22, 11.90
1.00, 9, white car, 395.44, 526.92, 423.52, 538.87, 409.48, 532.90, 395.44, 532.90, 423.52, 532.90, 28.08, 11.95
1.03, 9, white car, 393.42, 526.88, 421.35, 538.74, 407.38, 532.81, 393.42, 532.81, 421.35, 532.81, 27.93, 11.87
1.03, 47, white car, 99.19, 514.63, 125.60, 526.55, 112.39, 520.59, 99.19, 520.59, 125.60, 520.59, 26.41, 11.91
1.07, 9, white car, 391.13, 526.69, 419.56, 538.75, 405.34, 532.72, 391.13, 532.72, 419.56, 532.72, 28.43, 12.06
1.10, 9, white car, 388.97, 526.65, 417.29, 538.65, 403.13, 532.65, 388.97, 532.65, 417.29, 532.65, 28.31, 12.00
1.13, 9, white car, 387.00, 526.62, 415.18, 538.54, 401.09, 532.58, 387.00, 532.58, 415.18, 532.58, 28.19, 11.93
1.17, 9, white car, 384.80, 526.54, 413.12, 538.49, 398.96, 532.51, 384.80, 532.51, 413.12, 532.51, 28.33, 11.95
1.20, 9, white car, 382.61, 526.51, 410.69, 538.33, 396.65, 532.42, 382.61, 532.42, 410.69, 532.42, 28.08, 11.82
1.20, 53, red car, 237.26, 520.17, 261.34, 531.25, 249.30, 525.71, 237.26, 525.71, 261.34, 525.71, 24.08, 11.07
1.23, 9, white car, 380.78, 526.54, 408.62, 538.23, 394.70, 532.39, 380.78, 532.39, 408.62, 532.39, 27.84, 11.68
1.23, 53, red car, 235.01, 520.18, 258.84, 531.00, 246.93, 525.59, 235.01, 525.59, 258.84, 525.59, 23.82, 10.82
1.27, 9, white car, 378.46, 526.37, 406.44, 538.10, 392.45, 532.23, 378.46, 532.23, 406.44, 532.23, 27.98, 11.73
1.27, 53, red car, 232.70, 520.22, 256.53, 530.97, 244.62, 525.60, 232.70, 525.60, 256.53, 525.60, 23.83, 10.76
1.30, 9, white car, 376.07, 526.26, 404.31, 538.07, 390.19, 532.16, 376.07, 532.16, 404.31, 532.16, 28.24, 11.81
1.30, 53, red car, 230.59, 520.24, 254.24, 530.91, 242.41, 525.57, 230.59, 525.57, 254.24, 525.57, 23.65, 10.68
1.33, 9, white car, 373.89, 526.24, 402.20, 538.05, 388.04, 532.15, 373.89, 532.15, 402.20, 532.15, 28.31, 11.81
1.33, 53, red car, 227.99, 520.44, 251.35, 531.08, 239.67, 525.76, 227.99, 525.76, 251.35, 525.76, 23.35, 10.65
1.37, 9, white car, 371.43, 526.25, 399.99, 538.14, 385.71, 532.19, 371.43, 532.19, 399.99, 532.19, 28.56, 11.89
1.37, 47, white car, 76.77, 513.29, 103.20, 525.04, 89.99, 519.16, 76.77, 519.16, 103.20, 519.16, 26.43, 11.75
1.40, 9, white car, 369.75, 526.34, 398.06, 538.09, 383.90, 532.21, 369.75, 532.21, 398.06, 532.21, 28.31, 11.76
1.43, 9, white car, 367.59, 526.19, 396.00, 537.96, 381.80, 532.07, 367.59, 532.07, 396.00, 532.07, 28.41, 11.77
1.47, 9, white car, 365.73, 526.06, 393.87, 537.69, 379.80, 531.87, 365.73, 531.87, 393.87, 531.87, 28.14, 11.63
1.47, 47, white car, 70.00, 512.84, 97.26, 524.84, 83.63, 518.84, 70.00, 518.84, 97.26, 518.84, 27.26, 12.00
1.50, 9, white car, 363.52, 525.83, 391.74, 537.47, 377.63, 531.65, 363.52, 531.65, 391.74, 531.65, 28.22, 11.64
1.50, 47, white car, 67.58, 512.48, 95.48, 524.78, 81.53, 518.63, 67.58, 518.63, 95.48, 518.63, 27.90, 12.31
1.53, 9, white car, 360.89, 525.59, 389.41, 537.36, 375.15, 531.48, 360.89, 531.48, 389.41, 531.48, 28.52, 11.77
1.53, 47, white car, 65.40, 512.43, 93.59, 524.81, 79.50, 518.62, 65.40, 518.62, 93.59, 518.62, 28.19, 12.38
1.57, 9, white car, 359.01, 525.67, 387.31, 537.34, 373.16, 531.51, 359.01, 531.51, 387.31, 531.51, 28.31, 11.67
1.57, 47, white car, 63.43, 512.41, 91.60, 524.73, 77.51, 518.57, 63.43, 518.57, 91.60, 518.57, 28.17, 12.32
1.60, 9, white car, 356.63, 525.54, 385.24, 537.31, 370.94, 531.43, 356.63, 531.43, 385.24, 531.43, 28.61, 11.77
1.60, 47, white car, 61.23, 512.52, 89.27, 524.71, 75.25, 518.62, 61.23, 518.62, 89.27, 518.62, 28.05, 12.19
1.63, 9, white car, 354.47, 525.48, 383.39, 537.38, 368.93, 531.43, 354.47, 531.43, 383.39, 531.43, 28.93, 11.89
1.63, 47, white car, 59.30, 512.60, 86.73, 524.45, 73.02, 518.53, 59.30, 518.53, 86.73, 518.53, 27.42, 11.85
1.67, 9, white car, 352.40, 525.49, 381.35, 537.37, 366.87, 531.43, 352.40, 531.43, 381.35, 531.43, 28.95, 11.89
1.67, 47, white car, 57.22, 512.42, 84.78, 524.35, 71.00, 518.39, 57.22, 518.39, 84.78, 518.39, 27.56, 11.93
1.70, 9, white car, 350.16, 525.14, 379.55, 537.25, 364.86, 531.19, 350.16, 531.19, 379.55, 531.19, 29.39, 12.11
1.70, 47, white car, 54.85, 512.22, 83.01, 524.43, 68.93, 518.32, 54.85, 518.32, 83.01, 518.32, 28.16, 12.20
1.73, 9, white car, 347.87, 525.11, 377.22, 537.22, 362.55, 531.17, 347.87, 531.17, 377.22, 531.17, 29.35, 12.11
1.73, 47, white car, 52.14, 512.09, 80.76, 524.51, 66.45, 518.30, 52.14, 518.30, 80.76, 518.30, 28.62, 12.42
1.77, 9, white car, 345.75, 524.94, 375.03, 537.04, 360.39, 530.99, 345.75, 530.99, 375.03, 530.99, 29.28, 12.10
1.77, 47, white car, 49.40, 512.03, 78.22, 524.52, 63.81, 518.28, 49.40, 518.28, 78.22, 518.28, 28.82, 12.49
1.80, 9, white car, 343.38, 524.70, 372.99, 536.96, 358.18, 530.83, 343.38, 530.83, 372.99, 530.83, 29.61, 12.26
1.80, 47, white car, 46.43, 511.94, 75.80, 524.67, 61.11, 518.31, 46.43, 518.31, 75.80, 518.31, 29.38, 12.73
1.83, 9, white car, 341.51, 524.60, 370.96, 536.80, 356.23, 530.70, 341.51, 530.70, 370.96, 530.70, 29.45, 12.20
1.83, 47, white car, 44.29, 511.95, 73.70, 524.66, 58.99, 518.31, 44.29, 518.31, 73.70, 518.31, 29.41, 12.71
1.87, 9, white car, 339.50, 524.65, 368.20, 536.52, 353.85, 530.59, 339.50, 530.59, 368.20, 530.59, 28.70, 11.88
1.87, 47, white car, 42.69, 511.91, 71.63, 524.36, 57.16, 518.13, 42.69, 518.13, 71.63, 518.13, 28.94, 12.45
1.90, 9, white car, 337.38, 524.25, 366.34, 536.26, 351.86, 530.25, 337.38, 530.25, 366.34, 530.25, 28.97, 12.02
1.90, 47, white car, 41.03, 511.79, 70.16, 524.28, 55.59, 518.04, 41.03, 518.04, 70.16, 518.04, 29.13, 12.49
1.93, 9, white car, 335.17, 523.97, 364.38, 536.12, 349.77, 530.05, 335.17, 530.05, 364.38, 530.05, 29.21, 12.15
1.93, 47, white car, 39.17, 511.84, 68.29, 524.33, 53.73, 518.09, 39.17, 518.09, 68.29, 518.09, 29.12, 12.49
1.97, 9, white car, 332.89, 523.90, 362.02, 536.01, 347.46, 529.95, 332.89, 529.95, 362.02, 529.95, 29.13, 12.11
1.97, 47, white car, 37.37, 511.87, 66.20, 524.23, 51.79, 518.05, 37.37, 518.05, 66.20, 518.05, 28.83, 12.35
2.00, 9, white car, 331.24, 524.02, 360.00, 535.98, 345.62, 530.00, 331.24, 530.00, 360.00, 530.00, 28.76, 11.96
2.00, 47, white car, 35.67, 511.82, 64.36, 524.11, 50.01, 517.96, 35.67, 517.96, 64.36, 517.96, 28.69, 12.29
2.03, 9, white car, 329.02, 523.92, 357.90, 535.95, 343.46, 529.93, 329.02, 529.93, 357.90, 529.93, 28.88, 12.02
2.03, 47, white car, 33.95, 511.66, 62.64, 523.97, 48.29, 517.82, 33.95, 517.82, 62.64, 517.82, 28.70, 12.31
2.07, 9, white car, 327.14, 523.90, 355.94, 535.90, 341.54, 529.90, 327.14, 529.90, 355.94, 529.90, 28.80, 12.00
2.07, 47, white car, 31.54, 511.68, 59.27, 523.57, 45.40, 517.62, 31.54, 517.62, 59.27, 517.62, 27.73, 11.89
2.10, 9, white car, 325.12, 523.96, 353.75, 535.86, 339.43, 529.91, 325.12, 529.91, 353.75, 529.91, 28.64, 11.90
2.10, 47, white car, 28.59, 511.44, 56.74, 523.54, 42.67, 517.49, 28.59, 517.49, 56.74, 517.49, 28.15, 12.09
2.13, 9, white car, 323.12, 523.65, 351.98, 535.64, 337.55, 529.64, 323.12, 529.64, 351.98, 529.64, 28.86, 11.99
2.13, 47, white car, 26.36, 511.33, 54.54, 523.44, 40.45, 517.38, 26.36, 517.38, 54.54, 517.38, 28.18, 12.11
2.17, 9, white car, 320.96, 523.42, 349.67, 535.35, 335.32, 529.38, 320.96, 529.38, 349.67, 529.38, 28.70, 11.92
2.17, 47, white car, 24.38, 511.37, 52.35, 523.38, 38.37, 517.38, 24.38, 517.38, 52.35, 517.38, 27.97, 12.01
2.20, 9, white car, 318.67, 523.44, 347.18, 535.27, 332.93, 529.36, 318.67, 529.36, 347.18, 529.36, 28.51, 11.83
2.20, 47, white car, 22.28, 511.43, 50.08, 523.35, 36.18, 517.39, 22.28, 517.39, 50.08, 517.39, 27.80, 11.92
2.23, 9, white car, 316.48, 523.45, 345.13, 535.35, 330.80, 529.40, 316.48, 529.40, 345.13, 529.40, 28.64, 11.90
2.23, 47, white car, 20.35, 511.12, 48.27, 523.10, 34.31, 517.11, 20.35, 517.11, 48.27, 517.11, 27.91, 11.99
2.27, 9, white car, 314.52, 523.53, 342.99, 535.35, 328.76, 529.44, 314.52, 529.44, 342.99, 529.44, 28.48, 11.82
2.27, 47, white car, 18.28, 511.15, 45.63, 522.91, 31.96, 517.03, 18.28, 517.03, 45.63, 517.03, 27.35, 11.76
2.30, 9, white car, 312.43, 523.64, 340.86, 535.39, 326.65, 529.52, 312.43, 529.52, 340.86, 529.52, 28.44, 11.75
2.30, 47, white car, 15.35, 510.59, 43.02, 522.50, 29.19, 516.54, 15.35, 516.54, 43.02, 516.54, 27.67, 11.91
2.33, 9, white car, 310.19, 523.49, 338.86, 535.37, 324.52, 529.43, 310.19, 529.43, 338.86, 529.43, 28.67, 11.87
2.33, 47, white car, 12.65, 510.34, 40.89, 522.53, 26.77, 516.43, 12.65, 516.43, 40.89, 516.43, 28.24, 12.19
2.33, 53, red car, 162.00, 517.56, 184.91, 528.35, 173.45, 522.96, 162.00, 522.96, 184.91, 522.96, 22.91, 10.79
2.37, 9, white car, 308.19, 523.30, 336.76, 535.14, 322.48, 529.22, 308.19, 529.22, 336.76, 529.22, 28.56, 11.84
2.37, 47, white car, 10.37, 510.33, 38.80, 522.61, 24.58, 516.47, 10.37, 516.47, 38.80, 516.47, 28.44, 12.28
2.40, 9, white car, 306.14, 523.17, 334.65, 534.97, 320.40, 529.07, 306.14, 529.07, 334.65, 529.07, 28.51, 11.80
2.40, 47, white car, 8.21, 510.33, 36.57, 522.55, 22.39, 516.44, 8.21, 516.44, 36.57, 516.44, 28.36, 12.23
2.43, 9, white car, 304.02, 523.20, 332.42, 534.94, 318.22, 529.07, 304.02, 529.07, 332.42, 529.07, 28.40, 11.74
2.43, 47, white car, 5.95, 510.24, 35.09, 522.84, 20.52, 516.54, 5.95, 516.54, 35.09, 516.54, 29.14, 12.59
2.43, 53, red car, 155.58, 517.51, 177.77, 528.04, 166.67, 522.77, 155.58, 522.77, 177.77, 522.77, 22.19, 10.53
2.47, 9, white car, 301.92, 523.22, 330.74, 535.14, 316.33, 529.18, 301.92, 529.18, 330.74, 529.18, 28.82, 11.92
2.47, 47, white car, 4.04, 510.24, 33.15, 522.87, 18.59, 516.55, 4.04, 516.55, 33.15, 516.55, 29.11, 12.63
2.47, 53, red car, 153.70, 517.27, 176.05, 527.85, 164.88, 522.56, 153.70, 522.56, 176.05, 522.56, 22.35, 10.58
2.50, 9, white car, 299.75, 523.14, 328.86, 535.19, 314.31, 529.17, 299.75, 529.17, 328.86, 529.17, 29.12, 12.05
2.50, 47, white car, 2.12, 510.18, 30.72, 522.58, 16.42, 516.38, 2.12, 516.38, 30.72, 516.38, 28.60, 12.40
2.53, 9, white car, 297.59, 523.05, 326.39, 534.94, 311.99, 528.99, 297.59, 528.99, 326.39, 528.99, 28.79, 11.89
2.53, 47, white car, 0.91, 509.95, 28.59, 521.91, 14.75, 515.93, 0.91, 515.93, 28.59, 515.93, 27.68, 11.96
2.57, 9, white car, 295.62, 522.78, 324.65, 534.78, 310.14, 528.78, 295.62, 528.78, 324.65, 528.78, 29.03, 12.00
2.57, 47, white car, 0.00, 509.98, 27.06, 521.79, 13.53, 515.89, 0.00, 515.89, 27.06, 515.89, 27.06, 11.80
2.60, 9, white car, 293.58, 522.47, 322.45, 534.42, 308.01, 528.44, 293.58, 528.44, 322.45, 528.44, 28.87, 11.95
2.60, 47, white car, 0.00, 510.05, 25.06, 521.60, 12.53, 515.82, 0.00, 515.82, 25.06, 515.82, 25.06, 11.54
2.63, 9, white car, 291.54, 522.33, 320.27, 534.21, 305.91, 528.27, 291.54, 528.27, 320.27, 528.27, 28.73, 11.88
2.63, 47, white car, 0.00, 510.36, 23.33, 521.59, 11.67, 515.98, 0.00, 515.98, 23.33, 515.98, 23.33, 11.23
2.67, 9, white car, 289.46, 522.30, 318.01, 534.11, 303.74, 528.21, 289.46, 528.21, 318.01, 528.21, 28.56, 11.81
2.67, 47, white car, 0.00, 510.24, 21.61, 521.35, 10.80, 515.79, 0.00, 515.79, 21.61, 515.79, 21.61, 11.11
2.67, 53, red car, 140.57, 516.48, 162.70, 526.97, 151.64, 521.72, 140.57, 521.72, 162.70, 521.72, 22.14, 10.49
2.70, 9, white car, 287.35, 522.52, 315.70, 534.26, 301.53, 528.39, 287.35, 528.39, 315.70, 528.39, 28.34, 11.74
2.70, 47, white car, 0.00, 510.24, 19.98, 521.18, 9.99, 515.71, 0.00, 515.71, 19.98, 515.71, 19.98, 10.94
2.70, 53, red car, 138.47, 516.48, 161.04, 527.12, 149.76, 521.80, 138.47, 521.80, 161.04, 521.80, 22.56, 10.64
2.73, 9, white car, 285.16, 522.66, 313.36, 534.34, 299.26, 528.50, 285.16, 528.50, 313.36, 528.50, 28.21, 11.68
2.73, 47, white car, 0.00, 510.32, 18.51, 521.02, 9.25, 515.67, 0.00, 515.67, 18.51, 515.67, 18.51, 10.70
2.77, 9, white car, 282.95, 522.51, 311.21, 534.21, 297.08, 528.36, 282.95, 528.36, 311.21, 528.36, 28.26, 11.70
2.80, 9, white car, 281.22, 522.51, 309.19, 534.06, 295.20, 528.29, 281.22, 528.29, 309.19, 528.29, 27.97, 11.55
2.83, 9, white car, 279.54, 522.50, 307.36, 533.96, 293.45, 528.23, 279.54, 528.23, 307.36, 528.23, 27.82, 11.46
2.87, 9, white car, 277.86, 522.37, 305.64, 533.79, 291.75, 528.08, 277.86, 528.08, 305.64, 528.08, 27.77, 11.42
2.90, 9, white car, 275.37, 522.17, 303.33, 533.66, 289.35, 527.92, 275.37, 527.92, 303.33, 527.92, 27.97, 11.49
2.90, 53, red car, 125.18, 515.81, 147.04, 526.20, 136.11, 521.01, 125.18, 521.01, 147.04, 521.01, 21.86, 10.39
2.93, 9, white car, 273.17, 522.15, 301.34, 533.74, 287.26, 527.94, 273.17, 527.94, 301.34, 527.94, 28.17, 11.60
2.93, 53, red car, 123.46, 515.62, 145.27, 525.99, 134.37, 520.80, 123.46, 520.80, 145.27, 520.80, 21.81, 10.36
2.97, 9, white car, 270.28, 522.08, 298.65, 533.75, 284.47, 527.92, 270.28, 527.92, 298.65, 527.92, 28.37, 11.67
2.97, 53, red car, 121.36, 515.57, 143.25, 525.99, 132.30, 520.78, 121.36, 520.78, 143.25, 520.78, 21.90, 10.42
3.00, 9, white car, 267.97, 521.50, 297.45, 533.67, 282.71, 527.59, 267.97, 527.59, 297.45, 527.59, 29.48, 12.18
3.03, 9, white car, 266.17, 521.54, 295.36, 533.63, 280.76, 527.58, 266.17, 527.58, 295.36, 527.58, 29.19, 12.09
3.07, 9, white car, 264.50, 521.48, 293.30, 533.43, 278.90, 527.46, 264.50, 527.46, 293.30, 527.46, 28.80, 11.95
3.10, 9, white car, 262.07, 521.43, 290.89, 533.38, 276.48, 527.40, 262.07, 527.40, 290.89, 527.40, 28.82, 11.95
3.13, 9, white car, 260.05, 521.37, 288.68, 533.26, 274.36, 527.32, 260.05, 527.32, 288.68, 527.32, 28.63, 11.88
3.17, 9, white car, 258.09, 521.32, 286.76, 533.24, 272.43, 527.28, 258.09, 527.28, 286.76, 527.28, 28.67, 11.91
3.20, 9, white car, 255.98, 521.25, 284.66, 533.18, 270.32, 527.21, 255.98, 527.21, 284.66, 527.21, 28.67, 11.93
3.23, 9, white car, 253.93, 521.22, 282.63, 533.13, 268.28, 527.17, 253.93, 527.17, 282.63, 527.17, 28.70, 11.91
3.27, 9, white car, 251.66, 520.93, 280.55, 532.94, 266.11, 526.93, 251.66, 526.93, 280.55, 526.93, 28.89, 12.00
3.30, 9, white car, 249.19, 520.75, 278.25, 532.82, 263.72, 526.79, 249.19, 526.79, 278.25, 526.79, 29.06, 12.07
3.33, 9, white car, 246.95, 520.62, 275.86, 532.64, 261.40, 526.63, 246.95, 526.63, 275.86, 526.63, 28.91, 12.02
3.37, 9, white car, 244.92, 520.58, 273.77, 532.60, 259.34, 526.59, 244.92, 526.59, 273.77, 526.59, 28.85, 12.02
3.40, 9, white car, 243.01, 520.30, 272.68, 532.68, 257.85, 526.49, 243.01, 526.49, 272.68, 526.49, 29.67, 12.38
3.43, 9, white car, 241.13, 520.15, 270.81, 532.54, 255.97, 526.34, 241.13, 526.34, 270.81, 526.34, 29.67, 12.39
3.47, 9, white car, 238.81, 519.99, 268.07, 532.24, 253.44, 526.12, 238.81, 526.12, 268.07, 526.12, 29.26, 12.25
3.50, 9, white car, 237.06, 519.82, 266.11, 532.03, 251.58, 525.93, 237.06, 525.93, 266.11, 525.93, 29.05, 12.21
3.53, 9, white car, 234.76, 519.68, 264.12, 532.05, 249.44, 525.87, 234.76, 525.87, 264.12, 525.87, 29.36, 12.37
3.57, 9, white car, 232.14, 519.59, 261.81, 532.11, 246.97, 525.85, 232.14, 525.85, 261.81, 525.85, 29.67, 12.52
3.60, 9, white car, 230.66, 519.56, 260.04, 531.97, 245.35, 525.76, 230.66, 525.76, 260.04, 525.76, 29.38, 12.41
3.63, 9, white car, 228.94, 519.48, 258.28, 531.87, 243.61, 525.68, 228.94, 525.68, 258.28, 525.68, 29.33, 12.39
3.67, 9, white car, 227.28, 519.46, 256.19, 531.71, 241.74, 525.59, 227.28, 525.59, 256.19, 525.59, 28.91, 12.24
3.70, 9, white car, 225.45, 519.52, 254.05, 531.61, 239.75, 525.56, 225.45, 525.56, 254.05, 525.56, 28.60, 12.08
3.73, 9, white car, 223.31, 519.38, 251.97, 531.47, 237.64, 525.42, 223.31, 525.42, 251.97, 525.42, 28.66, 12.08
3.77, 9, white car, 221.20, 519.37, 249.90, 531.41, 235.55, 525.39, 221.20, 525.39, 249.90, 525.39, 28.69, 12.04
3.80, 9, white car, 218.69, 519.36, 247.63, 531.47, 233.16, 525.41, 218.69, 525.41, 247.63, 525.41, 28.93, 12.11
3.83, 9, white car, 216.51, 519.28, 245.66, 531.47, 231.09, 525.38, 216.51, 525.38, 245.66, 525.38, 29.14, 12.18
3.87, 9, white car, 214.66, 519.35, 243.68, 531.48, 229.17, 525.42, 214.66, 525.42, 243.68, 525.42, 29.02, 12.12
3.90, 9, white car, 213.18, 519.41, 241.68, 531.30, 227.43, 525.36, 213.18, 525.36, 241.68, 525.36, 28.50, 11.89
3.93, 9, white car, 211.13, 519.36, 239.28, 531.09, 225.21, 525.22, 211.13, 525.22, 239.28, 525.22, 28.15, 11.73
3.97, 9, white car, 209.55, 519.24, 237.41, 530.84, 223.48, 525.04, 209.55, 525.04, 237.41, 525.04, 27.87, 11.60
4.00, 9, white car, 207.25, 519.20, 234.93, 530.70, 221.09, 524.95, 207.25, 524.95, 234.93, 524.95, 27.69, 11.50
4.03, 9, white car, 204.90, 519.03, 232.90, 530.64, 218.90, 524.83, 204.90, 524.83, 232.90, 524.83, 28.00, 11.60
4.07, 9, white car, 203.09, 518.72, 231.31, 530.39, 217.20, 524.56, 203.09, 524.56, 231.31, 524.56, 28.22, 11.67
4.10, 9, white car, 200.96, 518.55, 229.39, 530.29, 215.18, 524.42, 200.96, 524.42, 229.39, 524.42, 28.42, 11.74
4.10, 36, white car, 1346.49, 526.04, 1371.11, 537.85, 1358.80, 531.95, 1346.49, 531.95, 1371.11, 531.95, 24.63, 11.81
4.13, 9, white car, 199.20, 518.47, 227.44, 530.12, 213.32, 524.29, 199.20, 524.29, 227.44, 524.29, 28.23, 11.65
4.17, 9, white car, 197.07, 518.45, 225.29, 530.06, 211.18, 524.25, 197.07, 524.25, 225.29, 524.25, 28.21, 11.60
4.20, 9, white car, 195.06, 518.51, 223.09, 530.01, 209.07, 524.26, 195.06, 524.26, 223.09, 524.26, 28.03, 11.50
4.23, 9, white car, 193.15, 518.54, 221.02, 529.93, 207.08, 524.23, 193.15, 524.23, 221.02, 524.23, 27.87, 11.40
4.27, 9, white car, 191.14, 518.55, 218.94, 529.88, 205.04, 524.21, 191.14, 524.21, 218.94, 524.21, 27.81, 11.33
4.30, 9, white car, 188.91, 518.49, 216.98, 529.90, 202.94, 524.19, 188.91, 524.19, 216.98, 524.19, 28.07, 11.42
4.33, 9, white car, 186.66, 518.15, 215.00, 529.64, 200.83, 523.90, 186.66, 523.90, 215.00, 523.90, 28.34, 11.49
4.37, 9, white car, 184.14, 517.71, 213.64, 529.69, 198.89, 523.70, 184.14, 523.70, 213.64, 523.70, 29.50, 11.98
4.40, 9, white car, 181.74, 517.56, 212.17, 529.96, 196.95, 523.76, 181.74, 523.76, 212.17, 523.76, 30.43, 12.40
4.43, 9, white car, 179.75, 517.51, 210.00, 529.89, 194.87, 523.70, 179.75, 523.70, 210.00, 523.70, 30.25, 12.38
4.47, 9, white car, 177.73, 517.47, 207.62, 529.72, 192.67, 523.59, 177.73, 523.59, 207.62, 523.59, 29.89, 12.25
4.50, 9, white car, 175.83, 517.63, 205.66, 529.88, 190.74, 523.76, 175.83, 523.76, 205.66, 523.76, 29.83, 12.25
4.53, 9, white car, 173.55, 517.46, 203.50, 529.79, 188.52, 523.62, 173.55, 523.62, 203.50, 523.62, 29.95, 12.33
4.57, 9, white car, 172.30, 517.32, 201.51, 529.32, 186.90, 523.32, 172.30, 523.32, 201.51, 523.32, 29.21, 12.00
4.57, 82, red car, 14.19, 511.80, 38.33, 522.73, 26.26, 517.26, 14.19, 517.26, 38.33, 517.26, 24.14, 10.92
4.60, 9, white car, 170.58, 517.18, 199.60, 529.10, 185.09, 523.14, 170.58, 523.14, 199.60, 523.14, 29.01, 11.92
4.60, 82, red car, 12.51, 511.87, 36.72, 522.83, 24.62, 517.35, 12.51, 517.35, 36.72, 517.35, 24.22, 10.96
4.63, 9, white car, 168.06, 516.82, 197.43, 528.94, 182.75, 522.88, 168.06, 522.88, 197.43, 522.88, 29.37, 12.11
4.63, 82, red car, 10.08, 511.54, 34.86, 522.74, 22.47, 517.14, 10.08, 517.14, 34.86, 517.14, 24.78, 11.20
4.67, 9, white car, 165.87, 516.72, 194.95, 528.70, 180.41, 522.71, 165.87, 522.71, 194.95, 522.71, 29.08, 11.98
4.67, 82, red car, 7.91, 511.19, 32.88, 522.48, 20.40, 516.84, 7.91, 516.84, 32.88, 516.84, 24.97, 11.29
4.70, 9, white car, 163.88, 516.63, 193.01, 528.60, 178.44, 522.62, 163.88, 522.62, 193.01, 522.62, 29.13, 11.97
4.70, 82, red car, 6.09, 511.12, 30.49, 522.17, 18.29, 516.64, 6.09, 516.64, 30.49, 516.64, 24.40, 11.05
4.73, 9, white car, 161.89, 516.49, 191.32, 528.59, 176.60, 522.54, 161.89, 522.54, 191.32, 522.54, 29.43, 12.10
4.73, 82, red car, 3.95, 510.98, 27.71, 521.74, 15.83, 516.36, 3.95, 516.36, 27.71, 516.36, 23.76, 10.77
4.77, 9, white car, 159.70, 516.38, 189.41, 528.63, 174.55, 522.50, 159.70, 522.50, 189.41, 522.50, 29.71, 12.25
4.77, 82, red car, 1.38, 510.87, 24.89, 521.53, 13.13, 516.20, 1.38, 516.20, 24.89, 516.20, 23.51, 10.65
4.80, 9, white car, 157.60, 516.16, 187.41, 528.49, 172.51, 522.33, 157.60, 522.33, 187.41, 522.33, 29.81, 12.34
4.80, 82, red car, 0.00, 510.95, 23.20, 521.66, 11.60, 516.30, 0.00, 516.30, 23.20, 516.30, 23.20, 10.71
4.83, 9, white car, 155.56, 515.91, 185.47, 528.33, 170.51, 522.12, 155.56, 522.12, 185.47, 522.12, 29.91, 12.42
4.83, 82, red car, 0.00, 510.89, 21.88, 521.46, 10.94, 516.18, 0.00, 516.18, 21.88, 516.18, 21.88, 10.57
4.87, 9, white car, 153.68, 515.82, 183.10, 528.11, 168.39, 521.96, 153.68, 521.96, 183.10, 521.96, 29.42, 12.29
4.87, 82, red car, 0.00, 510.66, 20.78, 521.29, 10.39, 515.98, 0.00, 515.98, 20.78, 515.98, 20.78, 10.63
4.90, 9, white car, 151.80, 515.72, 181.11, 528.03, 166.45, 521.88, 151.80, 521.88, 181.11, 521.88, 29.31, 12.31
4.90, 82, red car, 0.00, 510.49, 19.64, 521.37, 9.82, 515.93, 0.00, 515.93, 19.64, 515.93, 19.64, 10.88
4.93, 9, white car, 149.98, 515.86, 178.93, 528.04, 164.45, 521.95, 149.98, 521.95, 178.93, 521.95, 28.95, 12.18
4.93, 82, red car, 0.00, 510.33, 18.27, 521.22, 9.13, 515.78, 0.00, 515.78, 18.27, 515.78, 18.27, 10.89
4.97, 9, white car, 148.08, 515.82, 176.85, 527.93, 162.46, 521.88, 148.08, 521.88, 176.85, 521.88, 28.77, 12.12
5.00, 9, white car, 145.84, 515.90, 174.49, 528.00, 160.17, 521.95, 145.84, 521.95, 174.49, 521.95, 28.65, 12.10
5.03, 9, white car, 144.26, 515.87, 172.28, 527.71, 158.27, 521.79, 144.26, 521.79, 172.28, 521.79, 28.02, 11.83
5.07, 9, white car, 142.25, 515.59, 170.11, 527.34, 156.18, 521.46, 142.25, 521.46, 170.11, 521.46, 27.86, 11.75
5.10, 9, white car, 139.99, 515.45, 168.14, 527.36, 154.07, 521.40, 139.99, 521.40, 168.14, 521.40, 28.15, 11.91
5.13, 9, white car, 138.09, 515.46, 166.27, 527.40, 152.18, 521.43, 138.09, 521.43, 166.27, 521.43, 28.18, 11.94
5.17, 9, white car, 136.10, 515.49, 164.25, 527.40, 150.18, 521.45, 136.10, 521.45, 164.25, 521.45, 28.15, 11.91
5.20, 9, white car, 134.17, 515.49, 162.47, 527.43, 148.32, 521.46, 134.17, 521.46, 162.47, 521.46, 28.30, 11.94
5.23, 9, white car, 132.48, 515.52, 160.48, 527.31, 146.48, 521.42, 132.48, 521.42, 160.48, 521.42, 28.00, 11.79
5.27, 9, white car, 130.40, 515.36, 158.51, 527.20, 144.46, 521.28, 130.40, 521.28, 158.51, 521.28, 28.11, 11.84
5.30, 9, white car, 128.64, 515.09, 156.58, 526.87, 142.61, 520.98, 128.64, 520.98, 156.58, 520.98, 27.93, 11.78
5.33, 9, white car, 126.73, 515.16, 154.44, 526.89, 140.58, 521.03, 126.73, 521.03, 154.44, 521.03, 27.71, 11.73
5.37, 9, white car, 124.65, 514.98, 152.70, 526.89, 138.68, 520.93, 124.65, 520.93, 152.70, 520.93, 28.05, 11.92
5.40, 9, white car, 122.80, 514.92, 150.76, 526.81, 136.78, 520.86, 122.80, 520.86, 150.76, 520.86, 27.96, 11.89
5.43, 9, white car, 120.46, 514.77, 148.61, 526.72, 134.53, 520.74, 120.46, 520.74, 148.61, 520.74, 28.14, 11.95
5.47, 9, white car, 118.30, 514.73, 146.37, 526.65, 132.34, 520.69, 118.30, 520.69, 146.37, 520.69, 28.07, 11.92
5.50, 9, white car, 116.75, 514.79, 144.44, 526.57, 130.59, 520.68, 116.75, 520.68, 144.44, 520.68, 27.69, 11.78
5.53, 9, white car, 114.73, 514.71, 142.33, 526.46, 128.53, 520.58, 114.73, 520.58, 142.33, 520.58, 27.60, 11.75
5.57, 9, white car, 112.63, 514.57, 140.51, 526.45, 126.57, 520.51, 112.63, 520.51, 140.51, 520.51, 27.88, 11.88
5.57, 35, black car, 904.11, 523.48, 931.90, 535.15, 918.00, 529.31, 904.11, 529.31, 931.90, 529.31, 27.79, 11.67
5.60, 9, white car, 110.87, 514.43, 138.85, 526.38, 124.86, 520.40, 110.87, 520.40, 138.85, 520.40, 27.98, 11.94
5.60, 35, black car, 900.29, 523.93, 928.90, 535.99, 914.60, 529.96, 900.29, 529.96, 928.90, 529.96, 28.61, 12.06
5.63, 9, white car, 108.70, 514.38, 136.82, 526.38, 122.76, 520.38, 108.70, 520.38, 136.82, 520.38, 28.12, 12.00
5.63, 35, black car, 896.58, 524.10, 925.92, 536.55, 911.25, 530.33, 896.58, 530.33, 925.92, 530.33, 29.33, 12.45
5.67, 9, white car, 106.38, 514.28, 134.80, 526.42, 120.59, 520.35, 106.38, 520.35, 134.80, 520.35, 28.42, 12.15
5.67, 35, black car, 892.97, 524.17, 922.98, 536.99, 907.98, 530.58, 892.97, 530.58, 922.98, 530.58, 30.02, 12.82
5.70, 9, white car, 104.26, 514.19, 132.66, 526.37, 118.46, 520.28, 104.26, 520.28, 132.66, 520.28, 28.40, 12.19
5.73, 9, white car, 101.98, 514.15, 130.14, 526.26, 116.06, 520.21, 101.98, 520.21, 130.14, 520.21, 28.16, 12.11
5.73, 35, black car, 886.87, 525.12, 915.69, 537.43, 901.28, 531.27, 886.87, 531.27, 915.69, 531.27, 28.82, 12.32
5.77, 9, white car, 99.85, 514.12, 127.86, 526.16, 113.86, 520.14, 99.85, 520.14, 127.86, 520.14, 28.00, 12.04
5.77, 35, black car, 883.84, 525.56, 911.53, 537.40, 897.69, 531.48, 883.84, 531.48, 911.53, 531.48, 27.69, 11.85
5.80, 9, white car, 98.02, 513.99, 126.09, 526.05, 112.05, 520.02, 98.02, 520.02, 126.09, 520.02, 28.07, 12.06
5.80, 35, black car, 880.43, 525.60, 908.59, 537.68, 894.51, 531.64, 880.43, 531.64, 908.59, 531.64, 28.17, 12.09
5.83, 9, white car, 96.17, 513.89, 124.45, 526.01, 110.31, 519.95, 96.17, 519.95, 124.45, 519.95, 28.27, 12.11
5.83, 40, black car, 1117.78, 517.40, 1145.23, 529.29, 1131.51, 523.34, 1117.78, 523.34, 1145.23, 523.34, 27.45, 11.89
5.83, 35, black car, 877.27, 525.94, 905.25, 537.94, 891.26, 531.94, 877.27, 531.94, 905.25, 531.94, 27.98, 12.00
5.87, 9, white car, 94.01, 513.71, 122.54, 525.90, 108.27, 519.81, 94.01, 519.81, 122.54, 519.81, 28.53, 12.19
5.87, 40, black car, 1114.41, 518.00, 1141.46, 529.66, 1127.93, 523.83, 1114.41, 523.83, 1141.46, 523.83, 27.05, 11.66
5.87, 35, black car, 873.64, 526.02, 901.89, 538.12, 887.76, 532.07, 873.64, 532.07, 901.89, 532.07, 28.25, 12.10
5.90, 9, white car, 91.88, 513.62, 120.45, 525.83, 106.17, 519.73, 91.88, 519.73, 120.45, 519.73, 28.57, 12.21
5.90, 40, black car, 1110.84, 518.14, 1138.47, 529.95, 1124.65, 524.04, 1110.84, 524.04, 1138.47, 524.04, 27.63, 11.81
5.90, 35, black car, 870.12, 526.13, 899.01, 538.51, 884.57, 532.32, 870.12, 532.32, 899.01, 532.32, 28.89, 12.38
5.93, 9, white car, 89.28, 513.45, 118.12, 525.83, 103.70, 519.64, 89.28, 519.64, 118.12, 519.64, 28.84, 12.38
5.93, 40, black car, 1107.24, 518.42, 1135.20, 530.33, 1121.22, 524.38, 1107.24, 524.38, 1135.20, 524.38, 27.96, 11.91
5.93, 35, black car, 866.64, 526.18, 896.26, 538.89, 881.45, 532.53, 866.64, 532.53, 896.26, 532.53, 29.62, 12.71
5.97, 9, white car, 87.08, 513.42, 115.64, 525.69, 101.36, 519.56, 87.08, 519.56, 115.64, 519.56, 28.56, 12.27
5.97, 40, black car, 1104.52, 518.60, 1132.68, 530.58, 1118.60, 524.59, 1104.52, 524.59, 1132.68, 524.59, 28.16, 11.98
5.97, 35, black car, 862.81, 526.52, 892.19, 539.16, 877.50, 532.84, 862.81, 532.84, 892.19, 532.84, 29.38, 12.65
6.00, 9, white car, 85.11, 513.52, 113.26, 525.60, 99.19, 519.56, 85.11, 519.56, 113.26, 519.56, 28.15, 12.09
6.00, 40, black car, 1101.35, 518.69, 1129.68, 530.70, 1115.51, 524.70, 1101.35, 524.70, 1129.68, 524.70, 28.32, 12.02
6.00, 35, black car, 858.80, 526.59, 888.57, 539.42, 873.68, 533.01, 858.80, 533.01, 888.57, 533.01, 29.77, 12.83
6.03, 9, white car, 83.01, 513.15, 111.44, 525.31, 97.23, 519.23, 83.01, 519.23, 111.44, 519.23, 28.43, 12.16
6.03, 40, black car, 1098.33, 518.38, 1127.10, 530.57, 1112.71, 524.47, 1098.33, 524.47, 1127.10, 524.47, 28.77, 12.18
6.03, 35, black car, 855.79, 526.92, 885.18, 539.64, 870.49, 533.28, 855.79, 533.28, 885.18, 533.28, 29.39, 12.72
6.07, 9, white car, 81.44, 513.12, 110.00, 525.23, 95.72, 519.18, 81.44, 519.18, 110.00, 519.18, 28.56, 12.11
6.07, 40, black car, 1095.21, 518.75, 1123.38, 530.64, 1109.29, 524.70, 1095.21, 524.70, 1123.38, 524.70, 28.17, 11.89
6.07, 35, black car, 852.72, 527.01, 882.16, 539.77, 867.44, 533.39, 852.72, 533.39, 882.16, 533.39, 29.44, 12.76
6.10, 9, white car, 78.70, 513.10, 106.97, 525.10, 92.84, 519.10, 78.70, 519.10, 106.97, 519.10, 28.27, 12.00
6.10, 40, black car, 1091.96, 519.21, 1120.37, 531.16, 1106.17, 525.18, 1091.96, 525.18, 1120.37, 525.18, 28.40, 11.95
6.13, 9, white car, 76.44, 512.88, 104.74, 524.92, 90.59, 518.90, 76.44, 518.90, 104.74, 518.90, 28.30, 12.04
6.13, 40, black car, 1088.74, 519.68, 1117.40, 531.69, 1103.07, 525.69, 1088.74, 525.69, 1117.40, 525.69, 28.66, 12.01
6.13, 35, black car, 846.13, 527.44, 874.94, 539.92, 860.54, 533.68, 846.13, 533.68, 874.94, 533.68, 28.80, 12.48
6.17, 9, white car, 74.42, 512.73, 102.95, 524.91, 88.69, 518.82, 74.42, 518.82, 102.95, 518.82, 28.53, 12.18
6.17, 40, black car, 1085.99, 520.32, 1113.95, 531.99, 1099.97, 526.15, 1085.99, 526.15, 1113.95, 526.15, 27.96, 11.68
6.17, 35, black car, 843.25, 527.62, 872.15, 540.15, 857.70, 533.89, 843.25, 533.89, 872.15, 533.89, 28.91, 12.53
6.20, 9, white car, 72.52, 512.68, 100.83, 524.78, 86.67, 518.73, 72.52, 518.73, 100.83, 518.73, 28.31, 12.10
6.20, 40, black car, 1082.97, 520.34, 1111.48, 532.19, 1097.22, 526.26, 1082.97, 526.26, 1111.48, 526.26, 28.50, 11.85
6.23, 9, white car, 70.13, 512.48, 98.75, 524.75, 84.44, 518.61, 70.13, 518.61, 98.75, 518.61, 28.62, 12.26
6.23, 40, black car, 1078.95, 520.12, 1108.46, 532.39, 1093.71, 526.26, 1078.95, 526.26, 1108.46, 526.26, 29.51, 12.27
6.23, 35, black car, 836.33, 527.93, 865.33, 540.57, 850.83, 534.25, 836.33, 534.25, 865.33, 534.25, 29.00, 12.64
6.27, 9, white car, 67.95, 512.41, 96.96, 524.86, 82.46, 518.63, 67.95, 518.63, 96.96, 518.63, 29.01, 12.46
6.27, 40, black car, 1075.06, 520.20, 1105.03, 532.65, 1090.04, 526.42, 1075.06, 526.42, 1105.03, 526.42, 29.96, 12.45
6.27, 35, black car, 832.97, 528.38, 861.03, 540.64, 847.00, 534.51, 832.97, 534.51, 861.03, 534.51, 28.05, 12.25
6.30, 9, white car, 65.75, 512.26, 95.02, 524.84, 80.38, 518.55, 65.75, 518.55, 95.02, 518.55, 29.28, 12.58
6.30, 40, black car, 1072.51, 520.75, 1101.46, 532.80, 1086.98, 526.78, 1072.51, 526.78, 1101.46, 526.78, 28.95, 12.05
6.30, 35, black car, 829.89, 528.70, 857.73, 540.91, 843.81, 534.81, 829.89, 534.81, 857.73, 534.81, 27.85, 12.20
6.33, 9, white car, 63.64, 512.21, 93.08, 524.86, 78.36, 518.53, 63.64, 518.53, 93.08, 518.53, 29.44, 12.65
6.33, 40, black car, 1069.27, 520.99, 1098.31, 533.10, 1083.79, 527.04, 1069.27, 527.04, 1098.31, 527.04, 29.04, 12.12
6.33, 35, black car, 826.30, 528.87, 854.71, 541.29, 840.51, 535.08, 826.30, 535.08, 854.71, 535.08, 28.40, 12.42
6.37, 9, white car, 61.62, 512.12, 91.15, 524.80, 76.39, 518.46, 61.62, 518.46, 91.15, 518.46, 29.52, 12.68
6.37, 40, black car, 1065.64, 521.05, 1096.07, 533.84, 1080.85, 527.44, 1065.64, 527.44, 1096.07, 527.44, 30.42, 12.78
6.37, 35, black car, 823.21, 529.06, 851.93, 541.60, 837.57, 535.33, 823.21, 535.33, 851.93, 535.33, 28.72, 12.53
6.40, 9, white car, 59.51, 512.18, 88.90, 524.78, 74.20, 518.48, 59.51, 518.48, 88.90, 518.48, 29.39, 12.60
6.40, 40, black car, 1062.64, 521.31, 1093.25, 534.25, 1077.94, 527.78, 1062.64, 527.78, 1093.25, 527.78, 30.61, 12.95
6.43, 9, white car, 58.16, 512.35, 86.49, 524.44, 72.33, 518.39, 58.16, 518.39, 86.49, 518.39, 28.33, 12.08
6.43, 40, black car, 1060.10, 521.52, 1090.68, 534.48, 1075.39, 528.00, 1060.10, 528.00, 1090.68, 528.00, 30.57, 12.96
6.47, 9, white car, 56.35, 512.25, 84.81, 524.36, 70.58, 518.31, 56.35, 518.31, 84.81, 518.31, 28.46, 12.11
6.47, 40, black car, 1056.84, 521.83, 1087.32, 534.72, 1072.08, 528.28, 1056.84, 528.28, 1087.32, 528.28, 30.47, 12.89
6.50, 9, white car, 54.30, 512.11, 83.16, 524.37, 68.73, 518.24, 54.30, 518.24, 83.16, 518.24, 28.86, 12.26
6.50, 40, black car, 1054.80, 522.43, 1084.01, 534.78, 1069.41, 528.60, 1054.80, 528.60, 1084.01, 528.60, 29.22, 12.35
6.53, 9, white car, 52.22, 512.00, 81.31, 524.33, 66.77, 518.16, 52.22, 518.16, 81.31, 518.16, 29.09, 12.34
6.53, 40, black car, 1051.75, 522.31, 1080.71, 534.58, 1066.23, 528.45, 1051.75, 528.45, 1080.71, 528.45, 28.96, 12.27
6.57, 9, white car, 49.66, 511.84, 79.20, 524.38, 64.43, 518.11, 49.66, 518.11, 79.20, 518.11, 29.54, 12.54
6.57, 40, black car, 1048.39, 522.27, 1077.38, 534.59, 1062.88, 528.43, 1048.39, 528.43, 1077.38, 528.43, 28.99, 12.32
6.60, 9, white car, 47.65, 511.75, 77.47, 524.41, 62.56, 518.08, 47.65, 518.08, 77.47, 518.08, 29.82, 12.66
6.60, 40, black car, 1045.35, 522.39, 1074.50, 534.82, 1059.92, 528.61, 1045.35, 528.61, 1074.50, 528.61, 29.15, 12.43
6.60, 35, black car, 800.25, 530.08, 828.39, 542.26, 814.32, 536.17, 800.25, 536.17, 828.39, 536.17, 28.14, 12.19
6.63, 9, white car, 45.55, 511.68, 75.40, 524.33, 60.47, 518.01, 45.55, 518.01, 75.40, 518.01, 29.85, 12.65
6.63, 40, black car, 1041.82, 522.32, 1071.75, 535.15, 1056.79, 528.74, 1041.82, 528.74, 1071.75, 528.74, 29.93, 12.83
6.63, 35, black car, 796.66, 530.17, 824.88, 542.30, 810.77, 536.23, 796.66, 536.23, 824.88, 536.23, 28.22, 12.13
6.67, 9, white car, 43.94, 511.79, 72.88, 524.00, 58.41, 517.90, 43.94, 517.90, 72.88, 517.90, 28.93, 12.21
6.67, 40, black car, 1038.32, 522.68, 1068.58, 535.72, 1053.45, 529.20, 1038.32, 529.20, 1068.58, 529.20, 30.26, 13.04
6.67, 35, black car, 793.04, 530.47, 821.20, 542.53, 807.12, 536.50, 793.04, 536.50, 821.20, 536.50, 28.16, 12.06
6.70, 9, white car, 42.03, 511.76, 71.03, 523.95, 56.53, 517.86, 42.03, 517.86, 71.03, 517.86, 29.00, 12.19
6.70, 40, black car, 1034.16, 522.73, 1065.66, 536.40, 1049.91, 529.56, 1034.16, 529.56, 1065.66, 529.56, 31.50, 13.67
6.73, 9, white car, 40.41, 511.74, 69.47, 523.95, 54.94, 517.85, 40.41, 517.85, 69.47, 517.85, 29.06, 12.21
6.73, 40, black car, 1031.29, 522.95, 1062.59, 536.60, 1046.94, 529.78, 1031.29, 529.78, 1062.59, 529.78, 31.30, 13.65
6.73, 35, black car, 785.56, 530.91, 813.82, 543.03, 799.69, 536.97, 785.56, 536.97, 813.82, 536.97, 28.26, 12.12
6.77, 9, white car, 38.29, 511.84, 67.26, 524.01, 52.77, 517.93, 38.29, 517.93, 67.26, 517.93, 28.97, 12.17
6.77, 40, black car, 1028.77, 523.31, 1059.11, 536.59, 1043.94, 529.95, 1028.77, 529.95, 1059.11, 529.95, 30.33, 13.28
6.77, 35, black car, 782.03, 530.71, 810.82, 543.04, 796.43, 536.87, 782.03, 536.87, 810.82, 536.87, 28.80, 12.34
6.80, 9, white car, 36.44, 511.73, 65.36, 523.83, 50.90, 517.78, 36.44, 517.78, 65.36, 517.78, 28.91, 12.11
6.80, 40, black car, 1025.72, 523.39, 1055.91, 536.64, 1040.81, 530.01, 1025.72, 530.01, 1055.91, 530.01, 30.19, 13.24
6.80, 35, black car, 779.34, 530.96, 807.46, 542.96, 793.40, 536.96, 779.34, 536.96, 807.46, 536.96, 28.12, 12.01
6.83, 9, white car, 34.62, 511.53, 63.58, 523.63, 49.10, 517.58, 34.62, 517.58, 63.58, 517.58, 28.96, 12.10
6.83, 40, black car, 1023.15, 523.59, 1053.19, 536.81, 1038.17, 530.20, 1023.15, 530.20, 1053.19, 530.20, 30.04, 13.22
6.87, 9, white car, 32.35, 511.36, 61.67, 523.58, 47.01, 517.47, 32.35, 517.47, 61.67, 517.47, 29.32, 12.22
6.87, 40, black car, 1019.94, 524.09, 1050.16, 537.44, 1035.05, 530.77, 1019.94, 530.77, 1050.16, 530.77, 30.21, 13.34
6.87, 35, black car, 772.99, 531.20, 800.91, 543.06, 786.95, 537.13, 772.99, 537.13, 800.91, 537.13, 27.92, 11.86
6.90, 9, white car, 30.71, 511.41, 59.51, 523.38, 45.11, 517.40, 30.71, 517.40, 59.51, 517.40, 28.81, 11.97
6.90, 40, black car, 1017.27, 524.07, 1046.81, 537.13, 1032.04, 530.60, 1017.27, 530.60, 1046.81, 530.60, 29.55, 13.07
6.90, 35, black car, 769.26, 531.17, 797.83, 543.29, 783.54, 537.23, 769.26, 537.23, 797.83, 537.23, 28.57, 12.12
6.93, 9, white car, 28.55, 511.42, 57.21, 523.28, 42.88, 517.35, 28.55, 517.35, 57.21, 517.35, 28.65, 11.85
6.93, 40, black car, 1013.95, 524.33, 1043.01, 537.17, 1028.48, 530.75, 1013.95, 530.75, 1043.01, 530.75, 29.07, 12.84
6.93, 35, black car, 766.20, 531.25, 794.62, 543.27, 780.41, 537.26, 766.20, 537.26, 794.62, 537.26, 28.42, 12.02
6.97, 9, white car, 26.60, 511.23, 55.45, 523.18, 41.02, 517.21, 26.60, 517.21, 55.45, 517.21, 28.85, 11.95
6.97, 40, black car, 1010.80, 524.53, 1040.16, 537.46, 1025.48, 530.99, 1010.80, 530.99, 1040.16, 530.99, 29.37, 12.93
6.97, 35, black car, 762.76, 531.39, 791.20, 543.41, 776.98, 537.40, 762.76, 537.40, 791.20, 537.40, 28.44, 12.02
7.00, 9, white car, 24.76, 511.14, 53.57, 523.09, 39.17, 517.12, 24.76, 517.12, 53.57, 517.12, 28.81, 11.95
7.00, 40, black car, 1007.38, 524.71, 1036.88, 537.73, 1022.13, 531.22, 1007.38, 531.22, 1036.88, 531.22, 29.50, 13.02
7.00, 35, black car, 759.92, 531.51, 788.64, 543.60, 774.28, 537.55, 759.92, 537.55, 788.64, 537.55, 28.72, 12.09
7.03, 9, white car, 23.25, 511.00, 51.97, 522.90, 37.61, 516.95, 23.25, 516.95, 51.97, 516.95, 28.72, 11.90
7.03, 40, black car, 1005.07, 525.19, 1033.79, 537.93, 1019.43, 531.56, 1005.07, 531.56, 1033.79, 531.56, 28.72, 12.74
7.03, 35, black car, 756.79, 531.72, 785.77, 543.85, 771.28, 537.78, 756.79, 537.78, 785.77, 537.78, 28.98, 12.13
7.07, 9, white car, 21.55, 510.99, 50.34, 522.91, 35.94, 516.95, 21.55, 516.95, 50.34, 516.95, 28.79, 11.92
7.07, 40, black car, 1002.58, 525.62, 1030.83, 538.19, 1016.71, 531.90, 1002.58, 531.90, 1030.83, 531.90, 28.25, 12.57
7.07, 35, black car, 753.51, 532.11, 782.36, 544.13, 767.94, 538.12, 753.51, 538.12, 782.36, 538.12, 28.85, 12.02
7.07, 63, white car, 386.25, 520.76, 414.27, 533.22, 400.26, 526.99, 386.25, 526.99, 414.27, 526.99, 28.02, 12.46
7.10, 9, white car, 20.39, 510.89, 48.84, 522.66, 34.61, 516.78, 20.39, 516.78, 48.84, 516.78, 28.44, 11.77
7.10, 40, black car, 999.84, 525.70, 1027.81, 538.12, 1013.83, 531.91, 999.84, 531.91, 1027.81, 531.91, 27.97, 12.41
7.10, 35, black car, 749.75, 532.20, 778.48, 544.14, 764.11, 538.17, 749.75, 538.17, 778.48, 538.17, 28.73, 11.93
7.10, 63, white car, 383.90, 520.61, 411.91, 533.16, 397.91, 526.89, 383.90, 526.89, 411.91, 526.89, 28.00, 12.55
7.13, 9, white car, 18.08, 510.52, 47.35, 522.68, 32.71, 516.60, 18.08, 516.60, 47.35, 516.60, 29.27, 12.16
7.13, 40, black car, 997.21, 526.13, 1025.01, 538.47, 1011.11, 532.30, 997.21, 532.30, 1025.01, 532.30, 27.81, 12.34
7.17, 9, white car, 16.50, 510.54, 45.68, 522.70, 31.09, 516.62, 16.50, 516.62, 45.68, 516.62, 29.18, 12.16
7.17, 40, black car, 993.81, 526.26, 1021.72, 538.69, 1007.77, 532.48, 993.81, 532.48, 1021.72, 532.48, 27.91, 12.43
7.20, 9, white car, 14.60, 510.53, 44.10, 522.85, 29.35, 516.69, 14.60, 516.69, 44.10, 516.69, 29.50, 12.32
7.20, 40, black car, 990.72, 526.02, 1019.09, 538.61, 1004.91, 532.32, 990.72, 532.32, 1019.09, 532.32, 28.37, 12.59
7.20, 35, black car, 740.36, 532.49, 768.91, 544.37, 754.63, 538.43, 740.36, 538.43, 768.91, 538.43, 28.55, 11.88
7.23, 9, white car, 12.78, 510.47, 42.13, 522.73, 27.46, 516.60, 12.78, 516.60, 42.13, 516.60, 29.35, 12.26
7.23, 40, black car, 987.79, 526.08, 1016.04, 538.56, 1001.91, 532.32, 987.79, 532.32, 1016.04, 532.32, 28.24, 12.48
7.27, 9, white car, 10.90, 510.51, 40.24, 522.78, 25.57, 516.65, 10.90, 516.65, 40.24, 516.65, 29.34, 12.27
7.27, 40, black car, 984.71, 526.22, 1013.16, 538.78, 998.93, 532.50, 984.71, 532.50, 1013.16, 532.50, 28.45, 12.57
7.27, 35, black car, 733.14, 532.43, 762.43, 544.62, 747.78, 538.53, 733.14, 538.53, 762.43, 538.53, 29.29, 12.18
7.30, 9, white car, 9.40, 510.31, 38.83, 522.61, 24.11, 516.46, 9.40, 516.46, 38.83, 516.46, 29.42, 12.31
7.30, 40, black car, 981.84, 526.57, 1009.92, 538.99, 995.88, 532.78, 981.84, 532.78, 1009.92, 532.78, 28.09, 12.41
7.33, 9, white car, 7.70, 510.38, 37.22, 522.73, 22.46, 516.56, 7.70, 516.56, 37.22, 516.56, 29.53, 12.35
7.33, 40, black car, 978.70, 526.87, 1006.90, 539.37, 992.80, 533.12, 978.70, 533.12, 1006.90, 533.12, 28.20, 12.50
7.33, 96, white car, 371.24, 520.62, 398.16, 533.20, 384.70, 526.91, 371.24, 526.91, 398.16, 526.91, 26.91, 12.58
7.33, 35, black car, 725.89, 532.52, 755.42, 544.79, 740.66, 538.66, 725.89, 538.66, 755.42, 538.66, 29.53, 12.28
7.37, 9, white car, 6.34, 510.21, 36.05, 522.66, 21.20, 516.43, 6.34, 516.43, 36.05, 516.43, 29.72, 12.46
7.37, 40, black car, 976.54, 526.85, 1004.01, 539.04, 990.28, 532.95, 976.54, 532.95, 1004.01, 532.95, 27.48, 12.19
7.40, 9, white car, 4.79, 510.17, 34.56, 522.67, 19.67, 516.42, 4.79, 516.42, 34.56, 516.42, 29.76, 12.50
7.40, 40, black car, 973.57, 527.29, 1000.38, 539.09, 986.97, 533.19, 973.57, 533.19, 1000.38, 533.19, 26.81, 11.81
7.40, 97, black car, 262.29, 520.73, 290.35, 533.56, 276.32, 527.14, 262.29, 527.14, 290.35, 527.14, 28.06, 12.84
7.43, 9, white car, 3.19, 510.01, 32.99, 522.54, 18.09, 516.28, 3.19, 516.28, 32.99, 516.28, 29.80, 12.52
7.43, 40, black car, 969.71, 527.43, 996.73, 539.28, 983.22, 533.36, 969.71, 533.36, 996.73, 533.36, 27.02, 11.85
7.43, 97, black car, 261.63, 520.51, 290.57, 533.72, 276.10, 527.12, 261.63, 527.12, 290.57, 527.12, 28.94, 13.21
7.43, 96, white car, 364.33, 521.10, 391.55, 533.81, 377.94, 527.45, 364.33, 527.45, 391.55, 527.45, 27.22, 12.71
7.47, 9, white car, 1.91, 509.96, 31.62, 522.44, 16.77, 516.20, 1.91, 516.20, 31.62, 516.20, 29.71, 12.48
7.47, 40, black car, 966.20, 527.37, 993.87, 539.54, 980.03, 533.46, 966.20, 533.46, 993.87, 533.46, 27.66, 12.16
7.47, 97, black car, 259.47, 520.67, 287.59, 533.49, 273.53, 527.08, 259.47, 527.08, 287.59, 527.08, 28.12, 12.82
7.50, 9, white car, 0.90, 510.06, 30.37, 522.45, 15.63, 516.26, 0.90, 516.26, 30.37, 516.26, 29.47, 12.39
7.50, 40, black car, 963.91, 527.52, 991.45, 539.68, 977.68, 533.60, 963.91, 533.60, 991.45, 533.60, 27.54, 12.16
7.50, 35, black car, 710.44, 532.54, 740.50, 544.95, 725.47, 538.75, 710.44, 538.75, 740.50, 538.75, 30.05, 12.41
7.53, 9, white car, 0.00, 509.94, 28.90, 522.18, 14.45, 516.06, 0.00, 516.06, 28.90, 516.06, 28.90, 12.25
7.53, 40, black car, 960.68, 527.67, 988.83, 540.11, 974.76, 533.89, 960.68, 533.89, 988.83, 533.89, 28.15, 12.44
7.53, 35, black car, 706.34, 532.45, 736.47, 544.88, 721.41, 538.67, 706.34, 538.67, 736.47, 538.67, 30.13, 12.43
7.57, 9, white car, 0.00, 509.94, 27.52, 522.00, 13.76, 515.97, 0.00, 515.97, 27.52, 515.97, 27.52, 12.06
7.57, 40, black car, 958.23, 528.13, 986.07, 540.42, 972.15, 534.27, 958.23, 534.27, 986.07, 534.27, 27.84, 12.29
7.57, 96, white car, 356.19, 520.96, 383.07, 533.50, 369.63, 527.23, 356.19, 527.23, 383.07, 527.23, 26.88, 12.54
7.60, 9, white car, 0.00, 509.62, 26.38, 521.57, 13.19, 515.60, 0.00, 515.60, 26.38, 515.60, 26.38, 11.95
7.60, 40, black car, 954.95, 528.45, 982.96, 540.86, 968.96, 534.65, 954.95, 534.65, 982.96, 534.65, 28.01, 12.40
7.63, 9, white car, 0.00, 509.68, 25.31, 521.38, 12.66, 515.53, 0.00, 515.53, 25.31, 515.53, 25.31, 11.70
7.63, 40, black car, 951.68, 528.57, 979.61, 540.98, 965.64, 534.78, 951.68, 534.78, 979.61, 534.78, 27.93, 12.41
7.63, 97, black car, 246.99, 519.82, 275.48, 532.77, 261.24, 526.29, 246.99, 526.29, 275.48, 526.29, 28.49, 12.95
7.67, 9, white car, 0.00, 509.66, 24.25, 521.21, 12.12, 515.44, 0.00, 515.44, 24.25, 515.44, 24.25, 11.55
7.67, 40, black car, 949.15, 528.81, 976.52, 541.00, 962.84, 534.91, 949.15, 534.91, 976.52, 534.91, 27.37, 12.19
7.70, 9, white car, 0.00, 509.58, 23.18, 521.11, 11.59, 515.34, 0.00, 515.34, 23.18, 515.34, 23.18, 11.53
7.70, 40, black car, 946.65, 529.03, 973.67, 541.07, 960.16, 535.05, 946.65, 535.05, 973.67, 535.05, 27.02, 12.04
7.73, 9, white car, 0.00, 509.79, 22.13, 521.23, 11.07, 515.51, 0.00, 515.51, 22.13, 515.51, 22.13, 11.44
7.73, 40, black car, 943.52, 529.39, 970.42, 541.39, 956.97, 535.39, 943.52, 535.39, 970.42, 535.39, 26.91, 12.00
7.73, 96, white car, 345.44, 520.44, 372.64, 533.09, 359.04, 526.77, 345.44, 526.77, 372.64, 526.77, 27.20, 12.65
7.77, 9, white car, 0.00, 509.56, 21.21, 521.02, 10.60, 515.29, 0.00, 515.29, 21.21, 515.29, 21.21, 11.46
7.77, 40, black car, 940.09, 529.13, 967.34, 541.30, 953.71, 535.22, 940.09, 535.22, 967.34, 535.22, 27.25, 12.17
7.80, 9, white car, 0.00, 509.31, 20.30, 520.84, 10.15, 515.08, 0.00, 515.08, 20.30, 515.08, 20.30, 11.53
7.80, 40, black car, 936.46, 528.96, 964.10, 541.32, 950.28, 535.14, 936.46, 535.14, 964.10, 535.14, 27.64, 12.35
7.83, 9, white car, 0.00, 508.99, 19.57, 520.70, 9.78, 514.84, 0.00, 514.84, 19.57, 514.84, 19.57, 11.71
7.83, 40, black car, 934.30, 528.89, 962.10, 541.38, 948.20, 535.13, 934.30, 535.13, 962.10, 535.13, 27.80, 12.50
7.87, 9, white car, 0.00, 508.73, 18.61, 520.51, 9.31, 514.62, 0.00, 514.62, 18.61, 514.62, 18.61, 11.77
7.87, 40, black car, 930.46, 528.80, 959.11, 541.68, 944.79, 535.24, 930.46, 535.24, 959.11, 535.24, 28.65, 12.88
7.87, 96, white car, 335.80, 520.08, 364.03, 533.22, 349.91, 526.65, 335.80, 526.65, 364.03, 526.65, 28.23, 13.14
7.90, 9, white car, 0.00, 508.52, 17.71, 520.41, 8.86, 514.46, 0.00, 514.46, 17.71, 514.46, 17.71, 11.89
7.90, 40, black car, 927.01, 528.88, 956.33, 542.09, 941.67, 535.49, 927.01, 535.49, 956.33, 535.49, 29.31, 13.22
7.90, 96, white car, 333.85, 520.10, 362.09, 533.27, 347.97, 526.68, 333.85, 526.68, 362.09, 526.68, 28.25, 13.17
7.93, 40, black car, 923.60, 528.92, 953.23, 542.30, 938.41, 535.61, 923.60, 535.61, 953.23, 535.61, 29.62, 13.38
7.93, 96, white car, 331.74, 520.07, 360.03, 533.33, 345.88, 526.70, 331.74, 526.70, 360.03, 526.70, 28.30, 13.25
7.97, 40, black car, 920.93, 529.29, 949.89, 542.41, 935.41, 535.85, 920.93, 535.85, 949.89, 535.85, 28.96, 13.11
7.97, 96, white car, 330.31, 520.03, 358.52, 533.28, 344.41, 526.65, 330.31, 526.65, 358.52, 526.65, 28.21, 13.26
8.00, 40, black car, 918.03, 529.79, 946.79, 542.80, 932.41, 536.30, 918.03, 536.30, 946.79, 536.30, 28.76, 13.00
8.03, 40, black car, 916.02, 530.00, 944.35, 542.87, 930.19, 536.43, 916.02, 536.43, 944.35, 536.43, 28.33, 12.87
8.07, 40, black car, 913.45, 530.67, 940.60, 542.97, 927.02, 536.82, 913.45, 536.82, 940.60, 536.82, 27.15, 12.30
8.10, 40, black car, 909.75, 530.56, 937.17, 542.96, 923.46, 536.76, 909.75, 536.76, 937.17, 536.76, 27.41, 12.40
8.13, 40, black car, 906.40, 530.58, 934.01, 543.05, 920.20, 536.82, 906.40, 536.82, 934.01, 536.82, 27.61, 12.48
8.13, 96, white car, 321.89, 520.19, 348.26, 532.53, 335.08, 526.36, 321.89, 526.36, 348.26, 526.36, 26.37, 12.33
8.17, 40, black car, 902.84, 530.55, 931.21, 543.32, 917.02, 536.93, 902.84, 536.93, 931.21, 536.93, 28.37, 12.77
8.20, 40, black car, 899.33, 530.42, 927.98, 543.31, 913.65, 536.86, 899.33, 536.86, 927.98, 536.86, 28.65, 12.89
8.23, 40, black car, 896.04, 530.31, 924.99, 543.38, 910.51, 536.85, 896.04, 536.85, 924.99, 536.85, 28.95, 13.06
8.27, 40, black car, 893.84, 530.90, 921.83, 543.55, 907.84, 537.23, 893.84, 537.23, 921.83, 537.23, 27.99, 12.65
8.27, 96, black car, 313.98, 520.20, 340.25, 532.51, 327.11, 526.35, 313.98, 526.35, 340.25, 526.35, 26.28, 12.30
8.30, 40, black car, 891.75, 531.09, 919.58, 543.65, 905.67, 537.37, 891.75, 537.37, 919.58, 537.37, 27.82, 12.56
8.30, 96, black car, 312.10, 520.11, 338.50, 532.48, 325.30, 526.29, 312.10, 526.29, 338.50, 526.29, 26.40, 12.37
8.33, 40, black car, 888.50, 531.19, 916.36, 543.71, 902.43, 537.45, 888.50, 537.45, 916.36, 537.45, 27.86, 12.53
8.37, 40, black car, 885.88, 531.49, 913.49, 543.92, 899.68, 537.70, 885.88, 537.70, 913.49, 537.70, 27.60, 12.43
8.37, 96, black car, 307.16, 520.07, 334.02, 532.59, 320.59, 526.33, 307.16, 526.33, 334.02, 526.33, 26.86, 12.52
8.40, 40, black car, 882.38, 531.49, 910.64, 544.24, 896.51, 537.87, 882.38, 537.87, 910.64, 537.87, 28.26, 12.75
8.40, 96, black car, 304.62, 519.99, 332.01, 532.67, 318.31, 526.33, 304.62, 526.33, 332.01, 526.33, 27.39, 12.68
8.43, 40, black car, 879.45, 531.67, 907.70, 544.44, 893.57, 538.06, 879.45, 538.06, 907.70, 538.06, 28.25, 12.77
8.47, 40, black car, 876.99, 531.48, 905.61, 544.48, 891.30, 537.98, 876.99, 537.98, 905.61, 537.98, 28.62, 13.01
8.47, 96, black car, 301.27, 520.20, 328.27, 532.70, 314.77, 526.45, 301.27, 526.45, 328.27, 526.45, 27.01, 12.49
8.50, 40, black car, 873.58, 531.47, 902.38, 544.56, 887.98, 538.01, 873.58, 538.01, 902.38, 538.01, 28.80, 13.10
8.53, 40, black car, 870.47, 531.60, 899.40, 544.79, 884.93, 538.20, 870.47, 538.20, 899.40, 538.20, 28.92, 13.18
8.57, 40, black car, 868.63, 531.84, 896.51, 544.58, 882.57, 538.21, 868.63, 538.21, 896.51, 538.21, 27.88, 12.74
8.60, 40, black car, 866.09, 532.16, 893.77, 544.81, 879.93, 538.48, 866.09, 538.48, 893.77, 538.48, 27.68, 12.66
8.63, 40, black car, 862.88, 532.27, 889.83, 544.49, 876.36, 538.38, 862.88, 538.38, 889.83, 538.38, 26.95, 12.22
8.67, 40, black car, 860.22, 532.28, 886.81, 544.29, 873.52, 538.28, 860.22, 538.28, 886.81, 538.28, 26.59, 12.02
8.70, 40, black car, 856.81, 532.41, 883.06, 544.25, 869.93, 538.33, 856.81, 538.33, 883.06, 538.33, 26.25, 11.84
8.77, 40, black car, 850.85, 532.32, 877.35, 544.24, 864.10, 538.28, 850.85, 538.28, 877.35, 538.28, 26.50, 11.92
8.80, 40, black car, 847.74, 532.11, 874.99, 544.33, 861.36, 538.22, 847.74, 538.22, 874.99, 538.22, 27.25, 12.23
8.83, 40, black car, 845.34, 532.07, 872.74, 544.29, 859.04, 538.18, 845.34, 538.18, 872.74, 538.18, 27.40, 12.22
8.87, 40, black car, 842.60, 531.97, 870.40, 544.27, 856.50, 538.12, 842.60, 538.12, 870.40, 538.12, 27.79, 12.29
8.90, 96, black car, 275.97, 519.27, 302.07, 531.17, 289.02, 525.22, 275.97, 525.22, 302.07, 525.22, 26.10, 11.90
8.93, 96, black car, 273.65, 519.31, 300.34, 531.37, 287.00, 525.34, 273.65, 525.34, 300.34, 525.34, 26.69, 12.06
9.13, 96, black car, 262.35, 519.35, 289.17, 531.36, 275.76, 525.35, 262.35, 525.35, 289.17, 525.35, 26.82, 12.01
9.17, 106, black car, 555.20, 532.29, 583.91, 545.17, 569.55, 538.73, 555.20, 538.73, 583.91, 538.73, 28.71, 12.87
9.17, 96, black car, 260.95, 519.33, 288.15, 531.40, 274.55, 525.37, 260.95, 525.37, 288.15, 525.37, 27.20, 12.06
9.20, 106, black car, 552.17, 531.98, 580.82, 544.82, 566.50, 538.40, 552.17, 538.40, 580.82, 538.40, 28.65, 12.84
9.23, 106, black car, 549.73, 532.02, 578.28, 544.81, 564.01, 538.42, 549.73, 538.42, 578.28, 538.42, 28.55, 12.80
9.23, 96, black car, 257.59, 519.22, 284.63, 531.16, 271.11, 525.19, 257.59, 525.19, 284.63, 525.19, 27.04, 11.94
9.27, 106, black car, 546.60, 532.15, 574.80, 544.78, 560.70, 538.47, 546.60, 538.47, 574.80, 538.47, 28.20, 12.63
9.27, 96, black car, 255.96, 519.24, 282.86, 531.08, 269.41, 525.16, 255.96, 525.16, 282.86, 525.16, 26.91, 11.84
9.30, 106, black car, 543.47, 531.95, 572.20, 544.81, 557.83, 538.38, 543.47, 538.38, 572.20, 538.38, 28.73, 12.86
9.30, 96, black car, 253.72, 519.08, 281.42, 531.25, 267.57, 525.17, 253.72, 525.17, 281.42, 525.17, 27.70, 12.17
9.33, 106, black car, 540.78, 531.98, 569.60, 544.87, 555.19, 538.43, 540.78, 538.43, 569.60, 538.43, 28.83, 12.89
9.37, 106, black car, 537.74, 531.92, 566.58, 544.80, 552.16, 538.36, 537.74, 538.36, 566.58, 538.36, 28.84, 12.88
9.37, 96, black car, 248.92, 519.21, 276.20, 531.24, 262.56, 525.22, 248.92, 525.22, 276.20, 525.22, 27.28, 12.03
9.40, 106, black car, 534.60, 531.85, 563.93, 544.92, 549.27, 538.39, 534.60, 538.39, 563.93, 538.39, 29.33, 13.08
9.43, 106, black car, 531.34, 531.96, 560.15, 544.78, 545.74, 538.37, 531.34, 538.37, 560.15, 538.37, 28.80, 12.82
9.47, 106, black car, 527.82, 531.82, 556.95, 544.82, 542.38, 538.32, 527.82, 538.32, 556.95, 538.32, 29.13, 13.00
9.50, 106, black car, 525.11, 531.79, 553.82, 544.62, 539.46, 538.20, 525.11, 538.20, 553.82, 538.20, 28.71, 12.83
9.53, 106, black car, 522.62, 531.62, 551.27, 544.41, 536.94, 538.02, 522.62, 538.02, 551.27, 538.02, 28.65, 12.80
9.57, 106, black car, 519.92, 531.71, 549.17, 544.76, 534.55, 538.24, 519.92, 538.24, 549.17, 538.24, 29.25, 13.05
9.57, 96, white car, 238.34, 518.86, 265.67, 531.00, 252.01, 524.93, 238.34, 524.93, 265.67, 524.93, 27.33, 12.14
9.60, 106, black car, 517.05, 531.70, 546.19, 544.70, 531.62, 538.20, 517.05, 538.20, 546.19, 538.20, 29.14, 13.00
9.60, 96, white car, 237.06, 518.83, 263.60, 530.68, 250.33, 524.76, 237.06, 524.76, 263.60, 524.76, 26.53, 11.85
9.63, 106, black car, 514.12, 531.41, 543.10, 544.36, 528.61, 537.88, 514.12, 537.88, 543.10, 537.88, 28.98, 12.95
9.67, 106, black car, 510.96, 531.25, 539.83, 544.16, 525.39, 537.71, 510.96, 537.71, 539.83, 537.71, 28.88, 12.91
9.70, 106, black car, 508.65, 531.12, 537.38, 543.94, 523.02, 537.53, 508.65, 537.53, 537.38, 537.53, 28.73, 12.82
9.70, 96, white car, 231.16, 518.65, 257.42, 530.42, 244.29, 524.54, 231.16, 524.54, 257.42, 524.54, 26.26, 11.78
9.73, 106, black car, 506.30, 531.27, 534.88, 544.00, 520.59, 537.64, 506.30, 537.64, 534.88, 537.64, 28.58, 12.73
9.73, 96, white car, 229.22, 518.55, 255.27, 530.32, 242.25, 524.43, 229.22, 524.43, 255.27, 524.43, 26.05, 11.76
9.77, 106, black car, 503.20, 531.21, 531.44, 543.79, 517.32, 537.50, 503.20, 537.50, 531.44, 537.50, 28.24, 12.57
9.77, 96, white car, 227.43, 518.38, 253.43, 530.17, 240.43, 524.28, 227.43, 524.28, 253.43, 524.28, 26.00, 11.79
9.80, 106, black car, 500.73, 531.05, 528.97, 543.64, 514.85, 537.35, 500.73, 537.35, 528.97, 537.35, 28.24, 12.59
9.83, 106, black car, 498.09, 531.32, 525.97, 543.73, 512.03, 537.53, 498.09, 537.53, 525.97, 537.53, 27.88, 12.41
9.83, 96, white car, 223.42, 518.44, 249.52, 530.34, 236.47, 524.39, 223.42, 524.39, 249.52, 524.39, 26.10, 11.90
9.87, 106, black car, 495.38, 531.33, 523.12, 543.64, 509.25, 537.48, 495.38, 537.48, 523.12, 537.48, 27.74, 12.32
9.87, 96, white car, 221.85, 518.46, 247.57, 530.28, 234.71, 524.37, 221.85, 524.37, 247.57, 524.37, 25.72, 11.82
9.90, 106, black car, 493.20, 531.60, 520.31, 543.56, 506.75, 537.58, 493.20, 537.58, 520.31, 537.58, 27.10, 11.96
9.90, 96, white car, 220.32, 518.28, 246.12, 530.21, 233.22, 524.25, 220.32, 524.25, 246.12, 524.25, 25.81, 11.93
9.93, 106, black car, 490.27, 531.89, 516.40, 543.35, 503.33, 537.62, 490.27, 537.62, 516.40, 537.62, 26.13, 11.47
9.93, 96, white car, 218.48, 518.18, 244.36, 530.18, 231.42, 524.18, 218.48, 524.18, 244.36, 524.18, 25.88, 12.00
9.93, 40, black car, 748.85, 535.64, 776.41, 547.72, 762.63, 541.68, 748.85, 541.68, 776.41, 541.68, 27.56, 12.08
9.97, 96, white car, 216.07, 517.65, 242.99, 530.25, 229.53, 523.95, 216.07, 523.95, 242.99, 523.95, 26.92, 12.60
9.97, 40, black car, 746.05, 535.71, 773.63, 547.87, 759.84, 541.79, 746.05, 541.79, 773.63, 541.79, 27.57, 12.15
