3.30, 5, white car, 1409.87, 548.26, 1443.18, 563.44, 1426.53, 555.85, 1409.87, 555.85, 1443.18, 555.85, 33.31, 15.18
3.33, 5, white car, 1406.77, 548.20, 1440.27, 563.47, 1423.52, 555.83, 1406.77, 555.83, 1440.27, 555.83, 33.50, 15.26
3.37, 5, white car, 1403.95, 548.29, 1437.17, 563.40, 1420.56, 555.85, 1403.95, 555.85, 1437.17, 555.85, 33.22, 15.11
3.40, 5, white car, 1400.73, 548.32, 1433.49, 563.22, 1417.11, 555.77, 1400.73, 555.77, 1433.49, 555.77, 32.76, 14.90
3.43, 5, white car, 1397.41, 548.47, 1429.98, 563.28, 1413.69, 555.88, 1397.41, 555.88, 1429.98, 555.88, 32.57, 14.81
3.47, 5, white car, 1394.57, 548.54, 1426.56, 563.07, 1410.57, 555.81, 1394.57, 555.81, 1426.56, 555.81, 31.99, 14.53
3.50, 5, white car, 1391.78, 548.49, 1423.35, 562.77, 1407.57, 555.63, 1391.78, 555.63, 1423.35, 555.63, 31.57, 14.27
3.53, 5, white car, 1388.50, 548.42, 1419.92, 562.60, 1404.21, 555.51, 1388.50, 555.51, 1419.92, 555.51, 31.42, 14.18
3.57, 5, white car, 1385.04, 548.32, 1416.80, 562.61, 1400.92, 555.46, 1385.04, 555.46, 1416.80, 555.46, 31.77, 14.29
3.60, 5, white car, 1381.24, 548.30, 1413.24, 562.68, 1397.24, 555.49, 1381.24, 555.49, 1413.24, 555.49, 32.00, 14.38
3.63, 5, white car, 1377.92, 548.19, 1410.28, 562.71, 1394.10, 555.45, 1377.92, 555.45, 1410.28, 555.45, 32.36, 14.51
3.67, 5, white car, 1374.54, 548.24, 1406.99, 562.77, 1390.77, 555.50, 1374.54, 555.50, 1406.99, 555.50, 32.45, 14.53
3.70, 5, white car, 1371.18, 548.13, 1403.75, 562.73, 1387.46, 555.43, 1371.18, 555.43, 1403.75, 555.43, 32.57, 14.60
3.73, 5, white car, 1367.92, 548.19, 1400.11, 562.61, 1384.01, 555.40, 1367.92, 555.40, 1400.11, 555.40, 32.19, 14.42
3.77, 5, white car, 1364.92, 548.13, 1396.67, 562.33, 1380.80, 555.23, 1364.92, 555.23, 1396.67, 555.23, 31.76, 14.20
3.80, 5, white car, 1361.89, 548.12, 1393.38, 562.15, 1377.63, 555.14, 1361.89, 555.14, 1393.38, 555.14, 31.49, 14.03
3.83, 5, white car, 1358.56, 548.11, 1389.90, 562.03, 1374.23, 555.07, 1358.56, 555.07, 1389.90, 555.07, 31.34, 13.92
3.87, 5, white car, 1355.27, 548.09, 1386.80, 562.05, 1371.03, 555.07, 1355.27, 555.07, 1386.80, 555.07, 31.54, 13.96
3.90, 5, white car, 1351.76, 547.82, 1383.73, 561.96, 1367.75, 554.89, 1351.76, 554.89, 1383.73, 554.89, 31.97, 14.13
3.93, 5, white car, 1348.54, 547.71, 1380.70, 561.91, 1364.62, 554.81, 1348.54, 554.81, 1380.70, 554.81, 32.15, 14.20
3.97, 5, white car, 1345.21, 547.68, 1377.36, 561.89, 1361.29, 554.78, 1345.21, 554.78, 1377.36, 554.78, 32.15, 14.21
4.00, 5, white car, 1341.92, 547.66, 1374.22, 561.94, 1358.07, 554.80, 1341.92, 554.80, 1374.22, 554.80, 32.30, 14.28
4.03, 5, white car, 1338.84, 547.46, 1371.08, 561.71, 1354.96, 554.59, 1338.84, 554.59, 1371.08, 554.59, 32.24, 14.25
4.07, 5, white car, 1335.77, 547.50, 1367.39, 561.42, 1351.58, 554.46, 1335.77, 554.46, 1367.39, 554.46, 31.62, 13.92
4.10, 5, white car, 1332.59, 547.50, 1364.38, 561.48, 1348.48, 554.49, 1332.59, 554.49, 1364.38, 554.49, 31.79, 13.98
4.13, 5, white car, 1328.83, 547.36, 1360.94, 561.47, 1344.88, 554.42, 1328.83, 554.42, 1360.94, 554.42, 32.10, 14.11
4.17, 5, white car, 1325.29, 547.18, 1357.75, 561.47, 1341.52, 554.32, 1325.29, 554.32, 1357.75, 554.32, 32.46, 14.29
4.20, 5, white car, 1322.05, 546.96, 1354.71, 561.33, 1338.38, 554.14, 1322.05, 554.14, 1354.71, 554.14, 32.65, 14.37
4.23, 5, white car, 1318.66, 546.89, 1351.73, 561.42, 1335.20, 554.15, 1318.66, 554.15, 1351.73, 554.15, 33.07, 14.53
4.27, 5, white car, 1315.44, 546.98, 1348.13, 561.34, 1331.79, 554.16, 1315.44, 554.16, 1348.13, 554.16, 32.69, 14.36
4.30, 5, white car, 1312.52, 547.07, 1344.43, 561.07, 1328.47, 554.07, 1312.52, 554.07, 1344.43, 554.07, 31.90, 14.00
4.33, 5, white car, 1309.47, 546.96, 1340.68, 560.62, 1325.07, 553.79, 1309.47, 553.79, 1340.68, 553.79, 31.21, 13.65
4.37, 5, white car, 1305.86, 546.85, 1337.19, 560.52, 1321.53, 553.68, 1305.86, 553.68, 1337.19, 553.68, 31.34, 13.66
4.40, 5, white car, 1302.90, 547.05, 1334.03, 560.62, 1318.46, 553.83, 1302.90, 553.83, 1334.03, 553.83, 31.13, 13.57
4.43, 5, white car, 1299.86, 547.25, 1330.64, 560.63, 1315.25, 553.94, 1299.86, 553.94, 1330.64, 553.94, 30.79, 13.38
4.47, 5, white car, 1296.77, 547.34, 1327.05, 560.43, 1311.91, 553.88, 1296.77, 553.88, 1327.05, 553.88, 30.27, 13.10
4.50, 5, white car, 1293.59, 547.32, 1323.91, 560.35, 1308.75, 553.84, 1293.59, 553.84, 1323.91, 553.84, 30.32, 13.03
4.53, 5, white car, 1290.45, 547.28, 1320.86, 560.30, 1305.66, 553.79, 1290.45, 553.79, 1320.86, 553.79, 30.41, 13.02
4.57, 5, white car, 1286.54, 547.23, 1317.60, 560.50, 1302.07, 553.87, 1286.54, 553.87, 1317.60, 553.87, 31.06, 13.27
4.60, 5, white car, 1283.49, 547.08, 1314.18, 560.19, 1298.84, 553.63, 1283.49, 553.63, 1314.18, 553.63, 30.69, 13.11
4.63, 5, white car, 1280.97, 547.39, 1310.46, 559.90, 1295.71, 553.65, 1280.97, 553.65, 1310.46, 553.65, 29.49, 12.52
4.67, 5, white car, 1277.38, 547.42, 1307.37, 560.08, 1292.38, 553.75, 1277.38, 553.75, 1307.37, 553.75, 29.99, 12.66
4.70, 5, white car, 1273.59, 547.59, 1303.79, 560.28, 1288.69, 553.94, 1273.59, 553.94, 1303.79, 553.94, 30.20, 12.69
4.73, 5, white car, 1270.19, 547.58, 1300.43, 560.28, 1285.31, 553.93, 1270.19, 553.93, 1300.43, 553.93, 30.24, 12.71
4.77, 5, white car, 1267.01, 547.51, 1296.97, 560.08, 1281.99, 553.79, 1267.01, 553.79, 1296.97, 553.79, 29.96, 12.57
4.80, 5, white car, 1263.74, 547.40, 1293.52, 559.84, 1278.63, 553.62, 1263.74, 553.62, 1293.52, 553.62, 29.78, 12.44
4.83, 5, white car, 1260.84, 547.46, 1290.42, 559.77, 1275.63, 553.61, 1260.84, 553.61, 1290.42, 553.61, 29.57, 12.31
4.87, 4, white car, 1413.14, 545.66, 1443.17, 558.46, 1428.16, 552.06, 1413.14, 552.06, 1443.17, 552.06, 30.03, 12.80
4.87, 5, white car, 1257.36, 547.41, 1287.65, 560.01, 1272.51, 553.71, 1257.36, 553.71, 1287.65, 553.71, 30.29, 12.60
4.90, 4, white car, 1409.57, 545.38, 1440.32, 558.49, 1424.95, 551.94, 1409.57, 551.94, 1440.32, 551.94, 30.75, 13.11
4.90, 5, white car, 1254.30, 547.27, 1284.64, 559.90, 1269.47, 553.58, 1254.30, 553.58, 1284.64, 553.58, 30.34, 12.63
4.93, 4, white car, 1406.05, 545.02, 1437.57, 558.48, 1421.81, 551.75, 1406.05, 551.75, 1437.57, 551.75, 31.52, 13.46
4.93, 5, white car, 1250.73, 547.32, 1280.76, 559.80, 1265.75, 553.56, 1250.73, 553.56, 1280.76, 553.56, 30.03, 12.48
4.97, 4, white car, 1402.98, 544.95, 1434.43, 558.39, 1418.70, 551.67, 1402.98, 551.67, 1434.43, 551.67, 31.45, 13.45
4.97, 5, white car, 1247.63, 547.29, 1277.88, 559.83, 1262.76, 553.56, 1247.63, 553.56, 1277.88, 553.56, 30.25, 12.53
5.00, 4, white car, 1400.09, 545.05, 1430.61, 558.06, 1415.35, 551.56, 1400.09, 551.56, 1430.61, 551.56, 30.52, 13.01
5.00, 5, white car, 1244.21, 547.40, 1274.14, 559.76, 1259.17, 553.58, 1244.21, 553.58, 1274.14, 553.58, 29.93, 12.37
5.03, 4, white car, 1396.90, 544.77, 1427.80, 557.94, 1412.35, 551.36, 1396.90, 551.36, 1427.80, 551.36, 30.90, 13.17
5.03, 5, white car, 1240.93, 547.36, 1270.96, 559.76, 1255.94, 553.56, 1240.93, 553.56, 1270.96, 553.56, 30.03, 12.39
5.07, 4, white car, 1394.15, 544.78, 1424.54, 557.70, 1409.35, 551.24, 1394.15, 551.24, 1424.54, 551.24, 30.39, 12.91
5.07, 5, white car, 1237.71, 547.37, 1267.38, 559.59, 1252.54, 553.48, 1237.71, 553.48, 1267.38, 553.48, 29.67, 12.22
5.10, 4, white car, 1391.15, 544.71, 1421.38, 557.50, 1406.26, 551.11, 1391.15, 551.11, 1421.38, 551.11, 30.23, 12.80
5.10, 5, white car, 1234.23, 547.30, 1264.18, 559.58, 1249.21, 553.44, 1234.23, 553.44, 1264.18, 553.44, 29.95, 12.28
5.13, 4, white car, 1387.67, 544.49, 1417.94, 557.26, 1402.80, 550.88, 1387.67, 550.88, 1417.94, 550.88, 30.27, 12.77
5.13, 5, white car, 1230.67, 547.14, 1261.04, 559.57, 1245.85, 553.35, 1230.67, 553.35, 1261.04, 553.35, 30.37, 12.43
5.17, 4, white car, 1384.41, 544.30, 1414.85, 557.11, 1399.63, 550.71, 1384.41, 550.71, 1414.85, 550.71, 30.44, 12.82
5.17, 5, white car, 1227.60, 546.96, 1257.91, 559.38, 1242.76, 553.17, 1227.60, 553.17, 1257.91, 553.17, 30.31, 12.42
5.20, 4, white car, 1381.15, 544.35, 1411.43, 557.11, 1396.29, 550.73, 1381.15, 550.73, 1411.43, 550.73, 30.27, 12.75
5.20, 5, white car, 1224.25, 546.77, 1254.55, 559.21, 1239.40, 552.99, 1224.25, 552.99, 1254.55, 552.99, 30.30, 12.44
5.23, 4, white car, 1377.78, 544.53, 1407.95, 557.21, 1392.86, 550.87, 1377.78, 550.87, 1407.95, 550.87, 30.17, 12.68
5.23, 5, white car, 1220.57, 546.72, 1251.01, 559.20, 1235.79, 552.96, 1220.57, 552.96, 1251.01, 552.96, 30.43, 12.48
5.27, 4, white car, 1374.54, 544.47, 1404.58, 557.05, 1389.56, 550.76, 1374.54, 550.76, 1404.58, 550.76, 30.04, 12.58
5.27, 5, white car, 1217.09, 546.61, 1247.69, 559.16, 1232.39, 552.88, 1217.09, 552.88, 1247.69, 552.88, 30.61, 12.54
5.30, 4, white car, 1371.27, 544.36, 1401.30, 556.93, 1386.29, 550.64, 1371.27, 550.64, 1401.30, 550.64, 30.03, 12.57
5.30, 5, white car, 1213.58, 546.39, 1244.65, 559.15, 1229.11, 552.77, 1213.58, 552.77, 1244.65, 552.77, 31.07, 12.75
5.33, 4, white car, 1368.10, 544.06, 1398.21, 556.66, 1383.15, 550.36, 1368.10, 550.36, 1398.21, 550.36, 30.10, 12.60
5.33, 5, white car, 1210.29, 546.31, 1241.59, 559.18, 1225.94, 552.74, 1210.29, 552.74, 1241.59, 552.74, 31.31, 12.87
5.37, 4, white car, 1364.61, 543.72, 1395.58, 556.69, 1380.10, 550.21, 1364.61, 550.21, 1395.58, 550.21, 30.96, 12.97
5.37, 5, white car, 1206.68, 546.26, 1238.44, 559.32, 1222.56, 552.79, 1206.68, 552.79, 1238.44, 552.79, 31.76, 13.06
5.40, 4, white car, 1361.07, 543.34, 1392.88, 556.71, 1376.98, 550.03, 1361.07, 550.03, 1392.88, 550.03, 31.81, 13.37
5.40, 5, white car, 1202.87, 545.95, 1235.33, 559.34, 1219.10, 552.65, 1202.87, 552.65, 1235.33, 552.65, 32.46, 13.39
5.43, 4, white car, 1357.77, 543.12, 1389.58, 556.53, 1373.67, 549.82, 1357.77, 549.82, 1389.58, 549.82, 31.81, 13.42
5.43, 5, white car, 1199.10, 545.65, 1232.48, 559.53, 1215.79, 552.59, 1199.10, 552.59, 1232.48, 552.59, 33.39, 13.87
5.47, 4, white car, 1354.38, 542.92, 1386.24, 556.39, 1370.31, 549.66, 1354.38, 549.66, 1386.24, 549.66, 31.86, 13.47
5.47, 5, white car, 1195.86, 545.42, 1229.47, 559.48, 1212.66, 552.45, 1195.86, 552.45, 1229.47, 552.45, 33.60, 14.06
5.50, 4, white car, 1351.45, 542.93, 1383.08, 556.34, 1367.27, 549.63, 1351.45, 549.63, 1383.08, 549.63, 31.63, 13.41
5.50, 5, white car, 1193.12, 545.64, 1225.97, 559.44, 1209.54, 552.54, 1193.12, 552.54, 1225.97, 552.54, 32.85, 13.80
5.53, 4, white car, 1348.55, 542.90, 1379.61, 556.08, 1364.08, 549.49, 1348.55, 549.49, 1379.61, 549.49, 31.06, 13.18
5.53, 5, white car, 1189.85, 545.70, 1222.13, 559.32, 1205.99, 552.51, 1189.85, 552.51, 1222.13, 552.51, 32.28, 13.62
5.57, 4, white car, 1345.21, 542.76, 1376.22, 555.96, 1360.71, 549.36, 1345.21, 549.36, 1376.22, 549.36, 31.01, 13.20
5.57, 5, white car, 1186.64, 545.62, 1218.69, 559.21, 1202.66, 552.41, 1186.64, 552.41, 1218.69, 552.41, 32.04, 13.59
5.60, 4, white car, 1342.24, 542.77, 1372.78, 555.76, 1357.51, 549.26, 1342.24, 549.26, 1372.78, 549.26, 30.53, 13.00
5.60, 5, white car, 1183.63, 545.68, 1214.98, 559.04, 1199.30, 552.36, 1183.63, 552.36, 1214.98, 552.36, 31.35, 13.36
5.63, 4, white car, 1339.13, 542.65, 1369.46, 555.57, 1354.30, 549.11, 1339.13, 549.11, 1369.46, 549.11, 30.33, 12.92
5.67, 4, white car, 1335.74, 542.60, 1366.27, 555.62, 1351.00, 549.11, 1335.74, 549.11, 1366.27, 549.11, 30.54, 13.02
5.70, 4, white car, 1332.44, 542.51, 1363.17, 555.64, 1347.81, 549.07, 1332.44, 549.07, 1363.17, 549.07, 30.74, 13.13
5.73, 4, white car, 1329.01, 542.30, 1359.94, 555.54, 1344.47, 548.92, 1329.01, 548.92, 1359.94, 548.92, 30.93, 13.24
5.77, 4, white car, 1326.05, 542.38, 1356.35, 555.32, 1341.20, 548.85, 1326.05, 548.85, 1356.35, 548.85, 30.30, 12.95
5.80, 4, white car, 1323.07, 542.54, 1352.72, 555.17, 1337.89, 548.86, 1323.07, 548.86, 1352.72, 548.86, 29.64, 12.63
5.83, 4, white car, 1319.75, 542.34, 1349.87, 555.16, 1334.81, 548.75, 1319.75, 548.75, 1349.87, 548.75, 30.12, 12.82
5.87, 4, white car, 1316.41, 542.05, 1346.60, 554.90, 1331.51, 548.48, 1316.41, 548.48, 1346.60, 548.48, 30.19, 12.85
5.90, 4, white car, 1312.83, 541.80, 1343.48, 554.83, 1328.15, 548.32, 1312.83, 548.32, 1343.48, 548.32, 30.65, 13.02
5.93, 4, white car, 1309.89, 541.67, 1340.62, 554.70, 1325.25, 548.19, 1309.89, 548.19, 1340.62, 548.19, 30.73, 13.03
5.97, 4, white car, 1306.61, 541.44, 1337.66, 554.59, 1322.14, 548.01, 1306.61, 548.01, 1337.66, 548.01, 31.05, 13.15
6.00, 4, white car, 1303.12, 541.25, 1334.64, 554.60, 1318.88, 547.92, 1303.12, 547.92, 1334.64, 547.92, 31.52, 13.35
6.00, 11, black car, 1411.34, 551.78, 1444.40, 566.55, 1427.87, 559.17, 1411.34, 559.17, 1444.40, 559.17, 33.06, 14.77
6.03, 4, white car, 1299.90, 541.11, 1331.65, 554.52, 1315.78, 547.81, 1299.90, 547.81, 1331.65, 547.81, 31.75, 13.41
6.03, 11, black car, 1408.22, 551.63, 1441.13, 566.30, 1424.68, 558.96, 1408.22, 558.96, 1441.13, 558.96, 32.91, 14.67
6.07, 4, white car, 1296.54, 540.94, 1328.29, 554.33, 1312.42, 547.63, 1296.54, 547.63, 1328.29, 547.63, 31.75, 13.40
6.07, 11, black car, 1406.03, 551.82, 1439.03, 566.48, 1422.53, 559.15, 1406.03, 559.15, 1439.03, 559.15, 33.00, 14.66
6.10, 4, white car, 1293.09, 540.82, 1324.99, 554.26, 1309.04, 547.54, 1293.09, 547.54, 1324.99, 547.54, 31.89, 13.44
6.10, 11, black car, 1402.78, 551.87, 1436.15, 566.68, 1419.46, 559.28, 1402.78, 559.28, 1436.15, 559.28, 33.37, 14.80
6.13, 4, white car, 1290.00, 540.75, 1321.68, 554.11, 1305.84, 547.43, 1290.00, 547.43, 1321.68, 547.43, 31.68, 13.36
6.13, 11, black car, 1399.77, 551.86, 1433.03, 566.60, 1416.40, 559.23, 1399.77, 559.23, 1433.03, 559.23, 33.26, 14.74
6.17, 4, white car, 1287.06, 540.72, 1318.30, 553.86, 1302.68, 547.29, 1287.06, 547.29, 1318.30, 547.29, 31.25, 13.14
6.17, 11, black car, 1397.67, 552.14, 1429.22, 566.05, 1413.44, 559.10, 1397.67, 559.10, 1429.22, 559.10, 31.55, 13.91
6.20, 4, white car, 1283.62, 540.66, 1315.15, 553.95, 1299.39, 547.30, 1283.62, 547.30, 1315.15, 547.30, 31.53, 13.28
6.20, 11, black car, 1394.76, 552.38, 1426.34, 566.26, 1410.55, 559.32, 1394.76, 559.32, 1426.34, 559.32, 31.58, 13.88
6.23, 4, white car, 1280.48, 540.58, 1311.45, 553.62, 1295.97, 547.10, 1280.48, 547.10, 1311.45, 547.10, 30.97, 13.04
6.27, 4, white car, 1277.61, 540.60, 1308.34, 553.53, 1292.98, 547.06, 1277.61, 547.06, 1308.34, 547.06, 30.73, 12.93
6.30, 4, white car, 1274.38, 540.53, 1304.97, 553.41, 1289.67, 546.97, 1274.38, 546.97, 1304.97, 546.97, 30.59, 12.88
6.33, 4, white car, 1270.84, 540.31, 1301.52, 553.22, 1286.18, 546.76, 1270.84, 546.76, 1301.52, 546.76, 30.69, 12.91
6.37, 4, white car, 1267.57, 540.25, 1298.40, 553.23, 1282.99, 546.74, 1267.57, 546.74, 1298.40, 546.74, 30.84, 12.98
6.40, 4, white car, 1264.37, 540.41, 1294.80, 553.20, 1279.58, 546.81, 1264.37, 546.81, 1294.80, 546.81, 30.43, 12.79
6.43, 4, white car, 1261.44, 540.46, 1291.80, 553.23, 1276.62, 546.84, 1261.44, 546.84, 1291.80, 546.84, 30.36, 12.77
6.47, 4, white car, 1258.23, 540.34, 1288.31, 552.97, 1273.27, 546.65, 1258.23, 546.65, 1288.31, 546.65, 30.08, 12.63
6.50, 4, white car, 1255.13, 540.18, 1285.47, 552.88, 1270.30, 546.53, 1255.13, 546.53, 1285.47, 546.53, 30.33, 12.70
6.53, 4, white car, 1251.75, 540.26, 1281.52, 552.72, 1266.63, 546.49, 1251.75, 546.49, 1281.52, 546.49, 29.77, 12.45
6.57, 4, white car, 1248.28, 540.01, 1278.46, 552.65, 1263.37, 546.33, 1248.28, 546.33, 1278.46, 546.33, 30.17, 12.64
6.60, 4, white car, 1245.00, 539.81, 1275.06, 552.40, 1260.03, 546.11, 1245.00, 546.11, 1275.06, 546.11, 30.06, 12.59
6.63, 4, white car, 1242.09, 539.91, 1271.60, 552.23, 1256.85, 546.07, 1242.09, 546.07, 1271.60, 546.07, 29.51, 12.32
6.67, 4, white car, 1238.85, 539.75, 1267.92, 551.87, 1253.38, 545.81, 1238.85, 545.81, 1267.92, 545.81, 29.07, 12.11
6.70, 4, white car, 1235.33, 539.43, 1265.32, 551.95, 1250.33, 545.69, 1235.33, 545.69, 1265.32, 545.69, 29.99, 12.52
6.73, 4, white car, 1231.61, 539.12, 1262.22, 551.91, 1246.91, 545.51, 1231.61, 545.51, 1262.22, 545.51, 30.61, 12.79
6.77, 4, white car, 1228.69, 539.07, 1258.75, 551.62, 1243.72, 545.34, 1228.69, 545.34, 1258.75, 545.34, 30.06, 12.55
6.80, 4, white car, 1225.16, 538.78, 1255.39, 551.41, 1240.27, 545.10, 1225.16, 545.10, 1255.39, 545.10, 30.23, 12.64
6.83, 4, white car, 1221.75, 538.66, 1252.28, 551.43, 1237.02, 545.04, 1221.75, 545.04, 1252.28, 545.04, 30.53, 12.77
6.87, 4, white car, 1218.56, 538.65, 1249.13, 551.43, 1233.84, 545.04, 1218.56, 545.04, 1249.13, 545.04, 30.58, 12.79
6.90, 4, white car, 1215.55, 538.58, 1245.52, 551.09, 1230.53, 544.84, 1215.55, 544.84, 1245.52, 544.84, 29.98, 12.51
6.93, 4, white car, 1212.56, 538.48, 1242.12, 550.79, 1227.34, 544.64, 1212.56, 544.64, 1242.12, 544.64, 29.56, 12.31
6.97, 4, white car, 1209.04, 538.39, 1238.52, 550.61, 1223.78, 544.50, 1209.04, 544.50, 1238.52, 544.50, 29.48, 12.22
7.00, 4, white car, 1205.75, 538.42, 1235.12, 550.58, 1220.43, 544.50, 1205.75, 544.50, 1235.12, 544.50, 29.37, 12.17
7.03, 4, white car, 1202.33, 538.32, 1231.80, 550.49, 1217.07, 544.41, 1202.33, 544.41, 1231.80, 544.41, 29.47, 12.17
7.07, 4, white car, 1198.97, 538.07, 1228.61, 550.30, 1213.79, 544.18, 1198.97, 544.18, 1228.61, 544.18, 29.64, 12.24
7.10, 4, white car, 1195.41, 538.00, 1225.17, 550.27, 1210.29, 544.13, 1195.41, 544.13, 1225.17, 544.13, 29.76, 12.27
7.13, 4, white car, 1192.54, 537.97, 1222.11, 550.15, 1207.32, 544.06, 1192.54, 544.06, 1222.11, 544.06, 29.57, 12.18
7.17, 4, white car, 1189.12, 537.90, 1218.69, 550.07, 1203.90, 543.99, 1189.12, 543.99, 1218.69, 543.99, 29.57, 12.17
7.20, 4, white car, 1185.87, 537.59, 1215.70, 549.87, 1200.79, 543.73, 1185.87, 543.73, 1215.70, 543.73, 29.83, 12.28
7.23, 4, white car, 1182.55, 537.40, 1212.30, 549.68, 1197.42, 543.54, 1182.55, 543.54, 1212.30, 543.54, 29.75, 12.29
7.27, 4, white car, 1179.21, 537.34, 1209.08, 549.66, 1194.15, 543.50, 1179.21, 543.50, 1209.08, 543.50, 29.87, 12.32
7.30, 4, white car, 1175.83, 537.32, 1205.89, 549.75, 1190.86, 543.53, 1175.83, 543.53, 1205.89, 543.53, 30.07, 12.42
7.33, 4, white car, 1172.51, 536.96, 1203.03, 549.61, 1187.77, 543.29, 1172.51, 543.29, 1203.03, 543.29, 30.53, 12.65
7.37, 4, white car, 1169.28, 536.76, 1199.79, 549.43, 1184.54, 543.10, 1169.28, 543.10, 1199.79, 543.10, 30.51, 12.67
7.40, 4, white car, 1166.13, 536.68, 1196.37, 549.22, 1181.25, 542.95, 1166.13, 542.95, 1196.37, 542.95, 30.24, 12.55
7.43, 4, white car, 1163.15, 536.64, 1193.06, 549.06, 1178.11, 542.85, 1163.15, 542.85, 1193.06, 542.85, 29.91, 12.42
7.47, 4, white car, 1159.77, 536.52, 1189.41, 548.83, 1174.59, 542.68, 1159.77, 542.68, 1189.41, 542.68, 29.64, 12.30
7.50, 4, white car, 1156.62, 536.59, 1186.14, 548.85, 1171.38, 542.72, 1156.62, 542.72, 1186.14, 542.72, 29.52, 12.26
7.53, 4, white car, 1153.30, 536.44, 1182.77, 548.69, 1168.04, 542.57, 1153.30, 542.57, 1182.77, 542.57, 29.47, 12.24
7.57, 4, white car, 1150.10, 536.45, 1179.41, 548.65, 1164.76, 542.55, 1150.10, 542.55, 1179.41, 542.55, 29.31, 12.20
7.60, 4, white car, 1146.77, 536.34, 1176.22, 548.59, 1161.50, 542.46, 1146.77, 542.46, 1176.22, 542.46, 29.45, 12.25
7.63, 4, white car, 1143.40, 535.99, 1173.06, 548.37, 1158.23, 542.18, 1143.40, 542.18, 1173.06, 542.18, 29.66, 12.38
7.67, 4, white car, 1140.13, 535.66, 1169.97, 548.18, 1155.05, 541.92, 1140.13, 541.92, 1169.97, 541.92, 29.84, 12.52
7.70, 4, white car, 1136.59, 535.44, 1166.76, 548.15, 1151.67, 541.80, 1136.59, 541.80, 1166.76, 541.80, 30.17, 12.72
7.73, 4, white car, 1133.46, 535.39, 1163.55, 548.10, 1148.51, 541.75, 1133.46, 541.75, 1163.55, 541.75, 30.09, 12.71
7.77, 4, white car, 1130.21, 535.36, 1160.11, 548.01, 1145.16, 541.69, 1130.21, 541.69, 1160.11, 541.69, 29.90, 12.64
7.80, 4, white car, 1127.29, 535.45, 1156.69, 547.88, 1141.99, 541.66, 1127.29, 541.66, 1156.69, 541.66, 29.40, 12.43
7.83, 4, white car, 1124.42, 535.43, 1153.67, 547.78, 1139.04, 541.60, 1124.42, 541.60, 1153.67, 541.60, 29.25, 12.35
7.87, 4, white car, 1120.94, 535.30, 1150.30, 547.71, 1135.62, 541.51, 1120.94, 541.51, 1150.30, 541.51, 29.36, 12.41
7.90, 4, white car, 1117.48, 535.20, 1146.94, 547.67, 1132.21, 541.43, 1117.48, 541.43, 1146.94, 541.43, 29.46, 12.47
7.93, 4, white car, 1114.03, 534.96, 1143.99, 547.65, 1129.01, 541.31, 1114.03, 541.31, 1143.99, 541.31, 29.95, 12.69
7.97, 4, white car, 1110.95, 535.02, 1140.60, 547.59, 1125.78, 541.30, 1110.95, 541.30, 1140.60, 541.30, 29.65, 12.57
8.53, 4, white car, 1056.09, 532.41, 1085.36, 544.87, 1070.73, 538.64, 1056.09, 538.64, 1085.36, 538.64, 29.27, 12.46
8.57, 4, white car, 1052.45, 532.29, 1082.17, 544.99, 1067.31, 538.64, 1052.45, 538.64, 1082.17, 538.64, 29.72, 12.70
8.60, 4, white car, 1049.04, 532.01, 1079.20, 544.93, 1064.12, 538.47, 1049.04, 538.47, 1079.20, 538.47, 30.16, 12.91
8.63, 4, white car, 1045.66, 531.72, 1076.22, 544.88, 1060.94, 538.30, 1045.66, 538.30, 1076.22, 538.30, 30.56, 13.16
8.67, 4, white car, 1042.72, 531.72, 1072.88, 544.72, 1057.80, 538.22, 1042.72, 538.22, 1072.88, 538.22, 30.16, 13.00
8.70, 4, white car, 1039.43, 531.66, 1069.56, 544.67, 1054.49, 538.17, 1039.43, 538.17, 1069.56, 538.17, 30.13, 13.01
8.73, 4, white car, 1036.76, 531.94, 1066.52, 544.82, 1051.64, 538.38, 1036.76, 538.38, 1066.52, 538.38, 29.76, 12.88
8.77, 4, white car, 1033.22, 531.77, 1062.99, 544.66, 1048.10, 538.21, 1033.22, 538.21, 1062.99, 538.21, 29.77, 12.89
8.80, 4, white car, 1030.26, 531.71, 1059.56, 544.39, 1044.91, 538.05, 1030.26, 538.05, 1059.56, 538.05, 29.29, 12.68
8.83, 4, white car, 1027.01, 531.75, 1056.15, 544.34, 1041.58, 538.04, 1027.01, 538.04, 1056.15, 538.04, 29.15, 12.59
8.87, 4, white car, 1023.68, 531.89, 1053.04, 544.59, 1038.36, 538.24, 1023.68, 538.24, 1053.04, 538.24, 29.36, 12.70
8.90, 4, white car, 1020.58, 531.54, 1050.27, 544.31, 1035.42, 537.93, 1020.58, 537.93, 1050.27, 537.93, 29.70, 12.78
8.93, 4, white car, 1016.99, 531.14, 1047.38, 544.23, 1032.19, 537.69, 1016.99, 537.69, 1047.38, 537.69, 30.39, 13.09
8.97, 4, white car, 1013.89, 530.86, 1044.17, 543.91, 1029.03, 537.38, 1013.89, 537.38, 1044.17, 537.38, 30.27, 13.05
9.00, 4, white car, 1010.63, 530.79, 1041.17, 543.98, 1025.90, 537.38, 1010.63, 537.38, 1041.17, 537.38, 30.55, 13.19
9.03, 4, white car, 1007.34, 530.70, 1037.65, 543.77, 1022.50, 537.24, 1007.34, 537.24, 1037.65, 537.24, 30.31, 13.08
9.07, 4, white car, 1003.89, 530.40, 1034.36, 543.54, 1019.13, 536.97, 1003.89, 536.97, 1034.36, 536.97, 30.46, 13.14
9.10, 4, white car, 1000.53, 530.09, 1031.14, 543.32, 1015.84, 536.71, 1000.53, 536.71, 1031.14, 536.71, 30.61, 13.23
9.13, 4, white car, 997.81, 530.05, 1028.31, 543.26, 1013.06, 536.65, 997.81, 536.65, 1028.31, 536.65, 30.50, 13.21
9.17, 4, white car, 994.81, 530.07, 1025.25, 543.32, 1010.03, 536.69, 994.81, 536.69, 1025.25, 536.69, 30.45, 13.24
9.20, 4, white car, 991.23, 530.16, 1021.71, 543.37, 1006.47, 536.76, 991.23, 536.76, 1021.71, 536.76, 30.48, 13.21
9.23, 4, white car, 988.34, 530.17, 1018.47, 543.25, 1003.40, 536.71, 988.34, 536.71, 1018.47, 536.71, 30.13, 13.07
9.27, 4, white car, 985.48, 530.15, 1015.21, 543.06, 1000.35, 536.61, 985.48, 536.61, 1015.21, 536.61, 29.73, 12.91
9.30, 4, white car, 982.27, 530.11, 1012.02, 543.01, 997.15, 536.56, 982.27, 536.56, 1012.02, 536.56, 29.75, 12.90
9.33, 4, white car, 978.63, 529.98, 1008.82, 543.08, 993.73, 536.53, 978.63, 536.53, 1008.82, 536.53, 30.18, 13.10
9.37, 4, white car, 975.58, 529.91, 1005.79, 543.03, 990.69, 536.47, 975.58, 536.47, 1005.79, 536.47, 30.20, 13.12
9.40, 4, white car, 972.30, 529.72, 1002.97, 543.13, 987.63, 536.43, 972.30, 536.43, 1002.97, 536.43, 30.67, 13.41
9.43, 4, white car, 969.91, 529.71, 1000.10, 542.88, 985.01, 536.29, 969.91, 536.29, 1000.10, 536.29, 30.19, 13.17
9.47, 4, white car, 967.00, 529.69, 996.48, 542.55, 981.74, 536.12, 967.00, 536.12, 996.48, 536.12, 29.48, 12.87
9.50, 4, white car, 963.61, 529.65, 993.14, 542.55, 978.37, 536.10, 963.61, 536.10, 993.14, 536.10, 29.53, 12.89
9.53, 4, white car, 960.22, 529.36, 990.22, 542.45, 975.22, 535.90, 960.22, 535.90, 990.22, 535.90, 30.01, 13.09
9.57, 4, white car, 957.93, 529.39, 987.20, 542.14, 972.56, 535.77, 957.93, 535.77, 987.20, 535.77, 29.26, 12.75
9.60, 4, white car, 955.09, 529.32, 983.98, 541.86, 969.54, 535.59, 955.09, 535.59, 983.98, 535.59, 28.89, 12.54
9.63, 4, white car, 951.46, 529.01, 980.96, 541.78, 966.21, 535.40, 951.46, 535.40, 980.96, 535.40, 29.49, 12.77
9.67, 4, white car, 947.86, 528.88, 977.58, 541.69, 962.72, 535.29, 947.86, 535.29, 977.58, 535.29, 29.72, 12.81
9.70, 4, white car, 945.19, 528.75, 974.60, 541.39, 959.89, 535.07, 945.19, 535.07, 974.60, 535.07, 29.41, 12.64
9.73, 4, white car, 941.97, 528.83, 971.43, 541.46, 956.70, 535.15, 941.97, 535.15, 971.43, 535.15, 29.46, 12.64
9.77, 4, white car, 938.18, 528.55, 967.81, 541.24, 953.00, 534.89, 938.18, 534.89, 967.81, 534.89, 29.64, 12.68
9.80, 4, white car, 934.89, 528.41, 964.69, 541.14, 949.79, 534.78, 934.89, 534.78, 964.69, 534.78, 29.81, 12.73
9.83, 4, white car, 931.94, 528.18, 961.50, 540.81, 946.72, 534.50, 931.94, 534.50, 961.50, 534.50, 29.56, 12.63
9.87, 4, white car, 928.89, 528.00, 958.18, 540.51, 943.54, 534.26, 928.89, 534.26, 958.18, 534.26, 29.29, 12.51
9.90, 4, white car, 925.95, 527.93, 955.27, 540.41, 940.61, 534.17, 925.95, 534.17, 955.27, 534.17, 29.32, 12.48
9.93, 4, white car, 922.90, 527.61, 952.90, 540.41, 937.90, 534.01, 922.90, 534.01, 952.90, 534.01, 30.00, 12.80
9.97, 4, white car, 919.67, 527.53, 949.45, 540.24, 934.56, 533.89, 919.67, 533.89, 949.45, 533.89, 29.77, 12.70
