0.37, 12, black car, 1330.70, 544.06, 1359.47, 556.67, 1345.08, 550.37, 1330.70, 550.37, 1359.47, 550.37, 28.76, 12.62
0.40, 12, black car, 1327.16, 544.08, 1356.60, 557.01, 1341.88, 550.55, 1327.16, 550.55, 1356.60, 550.55, 29.43, 12.92
0.43, 12, black car, 1324.00, 544.18, 1353.61, 557.16, 1338.81, 550.67, 1324.00, 550.67, 1353.61, 550.67, 29.61, 12.98
0.47, 12, black car, 1319.15, 544.11, 1349.50, 557.40, 1334.33, 550.75, 1319.15, 550.75, 1349.50, 550.75, 30.35, 13.29
0.50, 12, black car, 1315.25, 544.08, 1345.73, 557.40, 1330.49, 550.74, 1315.25, 550.74, 1345.73, 550.74, 30.48, 13.31
0.53, 12, black car, 1312.23, 544.15, 1342.40, 557.32, 1327.31, 550.73, 1312.23, 550.73, 1342.40, 550.73, 30.17, 13.17
0.57, 12, black car, 1308.82, 544.18, 1339.22, 557.41, 1324.02, 550.80, 1308.82, 550.80, 1339.22, 550.80, 30.40, 13.22
0.60, 12, black car, 1304.56, 544.23, 1335.57, 557.71, 1320.06, 550.97, 1304.56, 550.97, 1335.57, 550.97, 31.01, 13.48
0.63, 12, black car, 1301.18, 544.08, 1332.29, 557.53, 1316.74, 550.80, 1301.18, 550.80, 1332.29, 550.80, 31.11, 13.44
0.67, 12, black car, 1297.95, 544.02, 1329.63, 557.61, 1313.79, 550.81, 1297.95, 550.81, 1329.63, 550.81, 31.68, 13.59
0.70, 12, black car, 1293.92, 544.08, 1326.11, 557.79, 1310.02, 550.94, 1293.92, 550.94, 1326.11, 550.94, 32.18, 13.71
0.73, 12, black car, 1289.56, 544.12, 1321.38, 557.65, 1305.47, 550.88, 1289.56, 550.88, 1321.38, 550.88, 31.81, 13.53
0.77, 12, black car, 1285.71, 544.11, 1317.83, 557.76, 1301.77, 550.94, 1285.71, 550.94, 1317.83, 550.94, 32.11, 13.64
0.80, 12, black car, 1282.51, 544.03, 1314.46, 557.61, 1298.48, 550.82, 1282.51, 550.82, 1314.46, 550.82, 31.96, 13.59
0.83, 12, black car, 1279.19, 543.94, 1312.02, 557.94, 1295.61, 550.94, 1279.19, 550.94, 1312.02, 550.94, 32.83, 13.99
0.87, 12, black car, 1275.47, 543.73, 1308.62, 557.96, 1292.05, 550.85, 1275.47, 550.85, 1308.62, 550.85, 33.15, 14.23
0.90, 12, black car, 1270.72, 543.43, 1304.87, 558.18, 1287.80, 550.80, 1270.72, 550.80, 1304.87, 550.80, 34.15, 14.75
0.93, 12, black car, 1266.53, 543.13, 1300.92, 558.07, 1283.73, 550.60, 1266.53, 550.60, 1300.92, 550.60, 34.40, 14.94
0.97, 12, black car, 1262.43, 542.77, 1297.79, 558.20, 1280.11, 550.49, 1262.43, 550.49, 1297.79, 550.49, 35.36, 15.43
1.00, 12, black car, 1259.01, 542.97, 1293.34, 558.00, 1276.18, 550.49, 1259.01, 550.49, 1293.34, 550.49, 34.33, 15.03
1.03, 12, black car, 1256.05, 543.24, 1289.79, 557.99, 1272.92, 550.62, 1256.05, 550.62, 1289.79, 550.62, 33.74, 14.75
1.07, 12, black car, 1253.05, 543.04, 1286.82, 557.76, 1269.93, 550.40, 1253.05, 550.40, 1286.82, 550.40, 33.77, 14.72
1.10, 12, black car, 1249.51, 543.23, 1282.53, 557.65, 1266.02, 550.44, 1249.51, 550.44, 1282.53, 550.44, 33.02, 14.41
1.13, 12, black car, 1245.81, 543.38, 1278.59, 557.71, 1262.20, 550.55, 1245.81, 550.55, 1278.59, 550.55, 32.78, 14.33
1.17, 12, black car, 1242.30, 543.48, 1274.06, 557.42, 1258.18, 550.45, 1242.30, 550.45, 1274.06, 550.45, 31.76, 13.95
1.20, 12, black car, 1239.06, 543.57, 1270.85, 557.55, 1254.95, 550.56, 1239.06, 550.56, 1270.85, 550.56, 31.78, 13.99
1.23, 12, black car, 1235.78, 543.68, 1266.93, 557.46, 1251.36, 550.57, 1235.78, 550.57, 1266.93, 550.57, 31.16, 13.78
1.27, 12, black car, 1232.51, 543.66, 1264.16, 557.72, 1248.33, 550.69, 1232.51, 550.69, 1264.16, 550.69, 31.65, 14.05
1.30, 12, black car, 1228.12, 543.58, 1259.66, 557.61, 1243.89, 550.59, 1228.12, 550.59, 1259.66, 550.59, 31.54, 14.02
1.33, 12, black car, 1224.29, 543.52, 1255.74, 557.52, 1240.02, 550.52, 1224.29, 550.52, 1255.74, 550.52, 31.46, 14.00
1.37, 12, black car, 1220.58, 543.75, 1251.94, 557.75, 1236.26, 550.75, 1220.58, 550.75, 1251.94, 550.75, 31.36, 14.00
1.40, 12, black car, 1217.08, 543.70, 1248.47, 557.73, 1232.77, 550.72, 1217.08, 550.72, 1248.47, 550.72, 31.39, 14.03
1.43, 12, black car, 1212.90, 543.59, 1244.34, 557.62, 1228.62, 550.60, 1212.90, 550.60, 1244.34, 550.60, 31.44, 14.03
1.47, 12, black car, 1209.37, 543.41, 1241.19, 557.54, 1225.28, 550.48, 1209.37, 550.48, 1241.19, 550.48, 31.83, 14.14
1.50, 12, black car, 1205.77, 543.51, 1237.23, 557.50, 1221.50, 550.50, 1205.77, 550.50, 1237.23, 550.50, 31.46, 13.99
1.53, 12, black car, 1201.91, 543.50, 1233.55, 557.56, 1217.73, 550.53, 1201.91, 550.53, 1233.55, 550.53, 31.63, 14.06
1.57, 12, black car, 1198.01, 543.45, 1228.95, 557.20, 1213.48, 550.32, 1198.01, 550.32, 1228.95, 550.32, 30.94, 13.75
1.60, 12, black car, 1195.00, 543.70, 1225.95, 557.51, 1210.47, 550.61, 1195.00, 550.61, 1225.95, 550.61, 30.95, 13.81
1.63, 12, black car, 1191.35, 543.73, 1221.89, 557.37, 1206.62, 550.55, 1191.35, 550.55, 1221.89, 550.55, 30.54, 13.64
1.67, 12, black car, 1188.05, 543.88, 1218.30, 557.42, 1203.18, 550.65, 1188.05, 550.65, 1218.30, 550.65, 30.25, 13.54
1.70, 12, black car, 1184.26, 543.82, 1214.31, 557.29, 1199.29, 550.56, 1184.26, 550.56, 1214.31, 550.56, 30.05, 13.47
1.73, 12, black car, 1181.26, 543.89, 1210.59, 557.04, 1195.92, 550.47, 1181.26, 550.47, 1210.59, 550.47, 29.33, 13.16
1.77, 12, black car, 1177.22, 543.70, 1206.57, 556.87, 1191.89, 550.28, 1177.22, 550.28, 1206.57, 550.28, 29.35, 13.17
1.80, 12, black car, 1173.20, 543.65, 1202.43, 556.75, 1187.81, 550.20, 1173.20, 550.20, 1202.43, 550.20, 29.22, 13.10
1.83, 12, black car, 1170.04, 543.50, 1199.26, 556.55, 1184.65, 550.03, 1170.04, 550.03, 1199.26, 550.03, 29.22, 13.05
1.87, 12, black car, 1166.40, 543.58, 1195.36, 556.49, 1180.88, 550.03, 1166.40, 550.03, 1195.36, 550.03, 28.97, 12.91
1.90, 12, black car, 1162.81, 543.83, 1191.16, 556.46, 1176.99, 550.15, 1162.81, 550.15, 1191.16, 550.15, 28.35, 12.63
1.93, 12, black car, 1158.69, 543.90, 1185.97, 556.03, 1172.33, 549.96, 1158.69, 549.96, 1185.97, 549.96, 27.28, 12.13
1.97, 12, black car, 1156.82, 544.10, 1183.00, 555.77, 1169.91, 549.94, 1156.82, 549.94, 1183.00, 549.94, 26.18, 11.67
2.00, 12, black car, 1152.98, 544.11, 1179.16, 555.79, 1166.07, 549.95, 1152.98, 549.95, 1179.16, 549.95, 26.18, 11.68
2.03, 12, black car, 1149.68, 543.91, 1176.31, 555.78, 1162.99, 549.84, 1149.68, 549.84, 1176.31, 549.84, 26.63, 11.87
2.07, 12, black car, 1144.71, 543.71, 1171.89, 555.78, 1158.30, 549.74, 1144.71, 549.74, 1171.89, 549.74, 27.18, 12.06
2.10, 12, black car, 1140.84, 543.71, 1168.11, 555.79, 1154.47, 549.75, 1140.84, 549.75, 1168.11, 549.75, 27.28, 12.08
2.13, 12, black car, 1136.33, 543.38, 1164.54, 555.82, 1150.44, 549.60, 1136.33, 549.60, 1164.54, 549.60, 28.21, 12.44
2.17, 12, black car, 1132.07, 543.13, 1160.48, 555.68, 1146.27, 549.41, 1132.07, 549.41, 1160.48, 549.41, 28.41, 12.55
2.20, 12, black car, 1128.41, 543.12, 1156.82, 555.64, 1142.62, 549.38, 1128.41, 549.38, 1156.82, 549.38, 28.41, 12.52
2.23, 12, black car, 1125.02, 543.04, 1153.51, 555.58, 1139.27, 549.31, 1125.02, 549.31, 1153.51, 549.31, 28.49, 12.53
2.27, 12, black car, 1122.12, 543.07, 1151.12, 555.79, 1136.62, 549.43, 1122.12, 549.43, 1151.12, 549.43, 29.00, 12.72
2.30, 12, black car, 1118.14, 542.84, 1146.88, 555.49, 1132.51, 549.16, 1118.14, 549.16, 1146.88, 549.16, 28.74, 12.66
2.33, 12, black car, 1113.62, 542.55, 1142.74, 555.38, 1128.18, 548.97, 1113.62, 548.97, 1142.74, 548.97, 29.12, 12.83
2.37, 12, black car, 1109.39, 542.37, 1138.56, 555.31, 1123.98, 548.84, 1109.39, 548.84, 1138.56, 548.84, 29.17, 12.93
2.40, 12, black car, 1105.63, 542.26, 1135.15, 555.37, 1120.39, 548.82, 1105.63, 548.82, 1135.15, 548.82, 29.52, 13.11
2.43, 12, black car, 1102.33, 542.29, 1131.43, 555.26, 1116.88, 548.77, 1102.33, 548.77, 1131.43, 548.77, 29.10, 12.97
2.47, 12, black car, 1098.90, 542.50, 1127.59, 555.31, 1113.24, 548.91, 1098.90, 548.91, 1127.59, 548.91, 28.69, 12.81
2.50, 12, black car, 1094.93, 542.45, 1123.72, 555.29, 1109.32, 548.87, 1094.93, 548.87, 1123.72, 548.87, 28.79, 12.85
2.53, 12, black car, 1090.94, 542.31, 1119.45, 555.02, 1105.20, 548.67, 1090.94, 548.67, 1119.45, 548.67, 28.51, 12.70
2.57, 12, black car, 1086.85, 542.27, 1115.47, 554.95, 1101.16, 548.61, 1086.85, 548.61, 1115.47, 548.61, 28.61, 12.68
2.60, 12, black car, 1083.06, 542.23, 1111.22, 554.69, 1097.14, 548.46, 1083.06, 548.46, 1111.22, 548.46, 28.16, 12.46
2.63, 12, black car, 1079.30, 541.92, 1108.64, 554.85, 1093.97, 548.38, 1079.30, 548.38, 1108.64, 548.38, 29.33, 12.93
2.67, 12, black car, 1075.73, 542.03, 1104.68, 554.76, 1090.20, 548.39, 1075.73, 548.39, 1104.68, 548.39, 28.95, 12.73
2.70, 12, black car, 1071.68, 542.06, 1100.51, 554.71, 1086.10, 548.39, 1071.68, 548.39, 1100.51, 548.39, 28.83, 12.65
2.73, 12, black car, 1068.04, 542.07, 1096.64, 554.60, 1082.34, 548.33, 1068.04, 548.33, 1096.64, 548.33, 28.60, 12.53
2.77, 12, black car, 1064.77, 541.96, 1093.19, 554.37, 1078.98, 548.17, 1064.77, 548.17, 1093.19, 548.17, 28.42, 12.41
2.80, 12, black car, 1061.00, 541.90, 1089.39, 554.28, 1075.19, 548.09, 1061.00, 548.09, 1089.39, 548.09, 28.39, 12.38
2.83, 12, black car, 1057.23, 541.62, 1085.99, 554.17, 1071.61, 547.89, 1057.23, 547.89, 1085.99, 547.89, 28.76, 12.55
2.87, 12, black car, 1053.06, 541.22, 1082.03, 553.85, 1067.54, 547.54, 1053.06, 547.54, 1082.03, 547.54, 28.97, 12.63
2.90, 12, black car, 1049.83, 541.16, 1078.68, 553.75, 1064.26, 547.46, 1049.83, 547.46, 1078.68, 547.46, 28.85, 12.59
2.93, 12, black car, 1045.86, 541.19, 1074.18, 553.56, 1060.02, 547.38, 1045.86, 547.38, 1074.18, 547.38, 28.32, 12.37
2.97, 12, black car, 1041.46, 540.89, 1069.72, 553.26, 1055.59, 547.08, 1041.46, 547.08, 1069.72, 547.08, 28.27, 12.37
3.00, 12, black car, 1038.08, 540.93, 1066.66, 553.47, 1052.37, 547.20, 1038.08, 547.20, 1066.66, 547.20, 28.58, 12.54
3.03, 12, black car, 1034.37, 541.05, 1063.61, 553.84, 1048.99, 547.45, 1034.37, 547.45, 1063.61, 547.45, 29.24, 12.78
3.07, 12, black car, 1029.95, 541.14, 1059.42, 554.00, 1044.69, 547.57, 1029.95, 547.57, 1059.42, 547.57, 29.47, 12.86
3.10, 12, black car, 1025.86, 541.16, 1054.74, 553.70, 1040.30, 547.43, 1025.86, 547.43, 1054.74, 547.43, 28.88, 12.54
3.13, 12, black car, 1022.21, 541.29, 1050.61, 553.57, 1036.41, 547.43, 1022.21, 547.43, 1050.61, 547.43, 28.40, 12.28
3.17, 12, black car, 1019.16, 541.26, 1047.14, 553.34, 1033.15, 547.30, 1019.16, 547.30, 1047.14, 547.30, 27.99, 12.07
3.20, 12, black car, 1015.56, 541.33, 1042.78, 553.04, 1029.17, 547.19, 1015.56, 547.19, 1042.78, 547.19, 27.22, 11.71
3.23, 12, black car, 1011.52, 541.23, 1038.74, 552.92, 1025.13, 547.07, 1011.52, 547.07, 1038.74, 547.07, 27.22, 11.69
3.27, 12, black car, 1007.16, 541.12, 1035.22, 553.19, 1021.19, 547.15, 1007.16, 547.15, 1035.22, 547.15, 28.07, 12.08
3.30, 12, black car, 1003.31, 540.80, 1032.06, 553.14, 1017.69, 546.97, 1003.31, 546.97, 1032.06, 546.97, 28.76, 12.34
3.33, 12, black car, 999.10, 540.39, 1028.19, 552.86, 1013.65, 546.63, 999.10, 546.63, 1028.19, 546.63, 29.09, 12.47
3.37, 12, black car, 995.64, 540.43, 1024.75, 552.91, 1010.19, 546.67, 995.64, 546.67, 1024.75, 546.67, 29.11, 12.48
3.40, 12, black car, 991.77, 540.24, 1021.49, 553.00, 1006.63, 546.62, 991.77, 546.62, 1021.49, 546.62, 29.72, 12.76
3.43, 12, black car, 988.15, 540.52, 1017.50, 553.09, 1002.83, 546.81, 988.15, 546.81, 1017.50, 546.81, 29.36, 12.58
3.47, 12, black car, 984.56, 540.71, 1013.59, 553.13, 999.07, 546.92, 984.56, 546.92, 1013.59, 546.92, 29.03, 12.41
3.50, 12, black car, 980.13, 540.71, 1009.41, 553.22, 994.77, 546.96, 980.13, 546.96, 1009.41, 546.96, 29.28, 12.51
3.53, 12, black car, 976.22, 540.57, 1005.84, 553.24, 991.03, 546.91, 976.22, 546.91, 1005.84, 546.91, 29.63, 12.66
3.57, 12, black car, 972.17, 540.36, 1002.23, 553.21, 987.20, 546.78, 972.17, 546.78, 1002.23, 546.78, 30.06, 12.85
3.60, 12, black car, 968.36, 539.97, 998.85, 553.07, 983.60, 546.52, 968.36, 546.52, 998.85, 546.52, 30.50, 13.11
3.63, 12, black car, 963.90, 539.51, 995.22, 553.06, 979.56, 546.28, 963.90, 546.28, 995.22, 546.28, 31.32, 13.55
3.67, 12, black car, 959.67, 538.92, 991.71, 552.86, 975.69, 545.89, 959.67, 545.89, 991.71, 545.89, 32.03, 13.94
3.70, 12, black car, 955.80, 538.73, 988.10, 552.89, 971.95, 545.81, 955.80, 545.81, 988.10, 545.81, 32.30, 14.16
3.73, 12, black car, 952.60, 538.55, 984.51, 552.62, 968.56, 545.59, 952.60, 545.59, 984.51, 545.59, 31.91, 14.07
3.77, 12, black car, 949.24, 538.77, 980.61, 552.67, 964.93, 545.72, 949.24, 545.72, 980.61, 545.72, 31.37, 13.89
3.80, 12, black car, 946.08, 538.75, 977.13, 552.51, 961.60, 545.63, 946.08, 545.63, 977.13, 545.63, 31.05, 13.76
3.83, 12, black car, 942.45, 539.00, 972.44, 552.29, 957.44, 545.65, 942.45, 545.65, 972.44, 545.65, 29.99, 13.29
3.87, 12, black car, 937.70, 538.87, 967.76, 552.20, 952.73, 545.54, 937.70, 545.54, 967.76, 545.54, 30.06, 13.33
3.90, 12, black car, 934.46, 539.01, 963.82, 552.05, 949.14, 545.53, 934.46, 545.53, 963.82, 545.53, 29.36, 13.04
3.93, 12, black car, 930.27, 538.63, 959.78, 551.70, 945.02, 545.17, 930.27, 545.17, 959.78, 545.17, 29.51, 13.07
3.97, 12, black car, 926.86, 538.15, 956.68, 551.37, 941.77, 544.76, 926.86, 544.76, 956.68, 544.76, 29.82, 13.22
4.00, 12, black car, 922.07, 537.79, 953.15, 551.63, 937.61, 544.71, 922.07, 544.71, 953.15, 544.71, 31.07, 13.85
4.03, 12, black car, 918.27, 537.20, 950.02, 551.48, 934.15, 544.34, 918.27, 544.34, 950.02, 544.34, 31.76, 14.28
4.07, 12, black car, 914.10, 536.78, 946.68, 551.50, 930.39, 544.14, 914.10, 544.14, 946.68, 544.14, 32.58, 14.72
4.13, 12, black car, 907.21, 536.49, 939.58, 551.24, 923.40, 543.87, 907.21, 543.87, 939.58, 543.87, 32.36, 14.75
4.17, 12, black car, 905.02, 536.55, 936.65, 551.04, 920.84, 543.80, 905.02, 543.80, 936.65, 543.80, 31.63, 14.48
4.20, 12, black car, 901.73, 536.90, 931.51, 550.49, 916.62, 543.69, 901.73, 543.69, 931.51, 543.69, 29.78, 13.59
4.23, 12, black car, 898.63, 537.32, 926.68, 550.06, 912.66, 543.69, 898.63, 543.69, 926.68, 543.69, 28.05, 12.74
4.27, 12, black car, 894.75, 537.28, 922.66, 549.98, 908.70, 543.63, 894.75, 543.63, 922.66, 543.63, 27.91, 12.70
4.30, 12, black car, 891.10, 537.33, 918.25, 549.68, 904.68, 543.51, 891.10, 543.51, 918.25, 543.51, 27.14, 12.35
4.33, 12, black car, 886.68, 536.91, 914.44, 549.51, 900.56, 543.21, 886.68, 543.21, 914.44, 543.21, 27.76, 12.60
4.37, 12, black car, 883.03, 536.80, 910.81, 549.36, 896.92, 543.08, 883.03, 543.08, 910.81, 543.08, 27.78, 12.56
4.40, 12, black car, 878.64, 536.66, 906.50, 549.24, 892.57, 542.95, 878.64, 542.95, 906.50, 542.95, 27.86, 12.59
4.43, 12, black car, 874.61, 536.39, 903.01, 549.19, 888.81, 542.79, 874.61, 542.79, 903.01, 542.79, 28.40, 12.80
4.47, 12, black car, 870.69, 535.91, 899.52, 548.96, 885.10, 542.44, 870.69, 542.44, 899.52, 542.44, 28.83, 13.05
4.50, 12, black car, 867.05, 535.75, 895.78, 548.76, 881.42, 542.25, 867.05, 542.25, 895.78, 542.25, 28.72, 13.02
4.53, 5, white car, 1076.99, 537.43, 1105.73, 550.02, 1091.36, 543.73, 1076.99, 543.73, 1105.73, 543.73, 28.74, 12.58
4.53, 12, black car, 863.90, 535.63, 892.25, 548.53, 878.07, 542.08, 863.90, 542.08, 892.25, 542.08, 28.35, 12.90
4.57, 5, white car, 1073.62, 537.32, 1102.44, 549.94, 1088.03, 543.63, 1073.62, 543.63, 1102.44, 543.63, 28.82, 12.63
4.57, 12, black car, 860.21, 535.54, 888.61, 548.44, 874.41, 541.99, 860.21, 541.99, 888.61, 541.99, 28.41, 12.89
4.60, 5, white car, 1070.14, 537.28, 1099.08, 549.99, 1084.61, 543.64, 1070.14, 543.64, 1099.08, 543.64, 28.94, 12.71
4.60, 12, black car, 856.84, 535.51, 885.03, 548.28, 870.94, 541.90, 856.84, 541.90, 885.03, 541.90, 28.19, 12.77
4.63, 5, white car, 1066.61, 537.34, 1095.53, 550.01, 1081.07, 543.67, 1066.61, 543.67, 1095.53, 543.67, 28.92, 12.68
4.63, 12, black car, 852.54, 535.45, 880.88, 548.25, 866.71, 541.85, 852.54, 541.85, 880.88, 541.85, 28.34, 12.80
4.67, 5, white car, 1063.27, 537.50, 1091.74, 549.99, 1077.50, 543.75, 1063.27, 543.75, 1091.74, 543.75, 28.47, 12.49
4.67, 12, black car, 849.10, 535.26, 877.38, 547.98, 863.24, 541.62, 849.10, 541.62, 877.38, 541.62, 28.29, 12.72
4.70, 5, white car, 1059.80, 537.14, 1088.59, 549.78, 1074.19, 543.46, 1059.80, 543.46, 1088.59, 543.46, 28.78, 12.64
4.70, 12, black car, 845.50, 535.21, 873.63, 547.85, 859.57, 541.53, 845.50, 541.53, 873.63, 541.53, 28.12, 12.64
4.73, 5, white car, 1056.35, 537.09, 1085.03, 549.71, 1070.69, 543.40, 1056.35, 543.40, 1085.03, 543.40, 28.68, 12.62
4.73, 12, black car, 841.88, 535.18, 870.02, 547.79, 855.95, 541.49, 841.88, 541.49, 870.02, 541.49, 28.14, 12.61
4.77, 5, white car, 1052.49, 537.00, 1081.42, 549.72, 1066.95, 543.36, 1052.49, 543.36, 1081.42, 543.36, 28.94, 12.71
4.77, 12, black car, 837.61, 534.97, 866.25, 547.85, 851.93, 541.41, 837.61, 541.41, 866.25, 541.41, 28.64, 12.87
4.80, 5, white car, 1048.90, 536.91, 1078.02, 549.72, 1063.46, 543.32, 1048.90, 543.32, 1078.02, 543.32, 29.12, 12.81
4.80, 12, black car, 832.93, 534.25, 862.96, 547.77, 847.94, 541.01, 832.93, 541.01, 862.96, 541.01, 30.02, 13.51
4.83, 5, white car, 1045.42, 536.76, 1074.85, 549.73, 1060.13, 543.25, 1045.42, 543.25, 1074.85, 543.25, 29.43, 12.97
4.87, 5, white car, 1042.04, 536.59, 1071.56, 549.62, 1056.80, 543.10, 1042.04, 543.10, 1071.56, 543.10, 29.52, 13.04
4.90, 5, white car, 1038.63, 536.49, 1068.16, 549.54, 1053.40, 543.01, 1038.63, 543.01, 1068.16, 543.01, 29.53, 13.05
4.93, 5, white car, 1034.95, 536.38, 1064.81, 549.61, 1049.88, 543.00, 1034.95, 543.00, 1064.81, 543.00, 29.86, 13.23
4.97, 5, white car, 1031.54, 536.19, 1062.01, 549.69, 1046.78, 542.94, 1031.54, 542.94, 1062.01, 542.94, 30.46, 13.50
5.00, 5, white car, 1028.08, 536.20, 1058.35, 549.66, 1043.21, 542.93, 1028.08, 542.93, 1058.35, 542.93, 30.27, 13.46
5.03, 5, white car, 1024.65, 536.32, 1054.55, 549.63, 1039.60, 542.97, 1024.65, 542.97, 1054.55, 542.97, 29.90, 13.30
5.07, 5, white car, 1021.02, 536.34, 1051.01, 549.73, 1036.01, 543.03, 1021.02, 543.03, 1051.01, 543.03, 29.99, 13.39
5.10, 5, white car, 1017.64, 536.28, 1047.65, 549.70, 1032.65, 542.99, 1017.64, 542.99, 1047.65, 542.99, 30.00, 13.42
5.10, 12, black car, 800.69, 532.39, 829.43, 545.25, 815.06, 538.82, 800.69, 538.82, 829.43, 538.82, 28.74, 12.86
5.13, 5, white car, 1014.39, 536.13, 1044.56, 549.66, 1029.48, 542.90, 1014.39, 542.90, 1044.56, 542.90, 30.17, 13.54
5.13, 12, black car, 796.42, 532.36, 825.37, 545.28, 810.90, 538.82, 796.42, 538.82, 825.37, 538.82, 28.95, 12.92
5.17, 5, white car, 1010.80, 536.17, 1040.82, 549.64, 1025.81, 542.91, 1010.80, 542.91, 1040.82, 542.91, 30.03, 13.47
5.17, 12, black car, 793.27, 532.03, 821.94, 544.77, 807.61, 538.40, 793.27, 538.40, 821.94, 538.40, 28.66, 12.74
5.20, 5, white car, 1007.04, 536.20, 1037.01, 549.66, 1022.03, 542.93, 1007.04, 542.93, 1037.01, 542.93, 29.98, 13.47
5.20, 12, black car, 789.36, 531.84, 818.07, 544.59, 803.71, 538.22, 789.36, 538.22, 818.07, 538.22, 28.71, 12.75
5.23, 5, white car, 1003.59, 536.21, 1033.67, 549.71, 1018.63, 542.96, 1003.59, 542.96, 1033.67, 542.96, 30.08, 13.51
5.23, 12, black car, 786.38, 531.59, 815.12, 544.43, 800.75, 538.01, 786.38, 538.01, 815.12, 538.01, 28.74, 12.84
5.27, 5, white car, 1000.25, 535.99, 1030.34, 549.53, 1015.30, 542.76, 1000.25, 542.76, 1030.34, 542.76, 30.09, 13.54
5.27, 12, black car, 782.52, 531.04, 811.87, 544.19, 797.19, 537.62, 782.52, 537.62, 811.87, 537.62, 29.35, 13.15
5.30, 5, white car, 996.84, 536.00, 1026.97, 549.55, 1011.90, 542.78, 996.84, 542.78, 1026.97, 542.78, 30.13, 13.55
5.30, 12, black car, 779.19, 530.45, 808.53, 543.69, 793.86, 537.07, 779.19, 537.07, 808.53, 537.07, 29.34, 13.24
5.33, 5, white car, 993.32, 535.94, 1023.36, 549.48, 1008.34, 542.71, 993.32, 542.71, 1023.36, 542.71, 30.04, 13.54
5.33, 12, black car, 775.86, 530.14, 805.50, 543.57, 790.68, 536.85, 775.86, 536.85, 805.50, 536.85, 29.65, 13.43
5.37, 5, white car, 989.90, 535.96, 1020.25, 549.63, 1005.07, 542.79, 989.90, 542.79, 1020.25, 542.79, 30.35, 13.67
5.37, 12, black car, 772.38, 529.60, 802.44, 543.23, 787.41, 536.41, 772.38, 536.41, 802.44, 536.41, 30.05, 13.63
5.40, 5, white car, 986.47, 535.71, 1016.97, 549.49, 1001.72, 542.60, 986.47, 542.60, 1016.97, 542.60, 30.50, 13.77
5.40, 12, black car, 769.05, 529.52, 798.98, 543.05, 784.02, 536.29, 769.05, 536.29, 798.98, 536.29, 29.93, 13.52
5.43, 5, white car, 982.87, 535.81, 1013.20, 549.52, 998.03, 542.66, 982.87, 542.66, 1013.20, 542.66, 30.33, 13.71
5.43, 12, black car, 766.03, 529.70, 795.03, 542.78, 780.53, 536.24, 766.03, 536.24, 795.03, 536.24, 29.01, 13.08
5.47, 5, white car, 979.56, 535.81, 1009.62, 549.42, 994.59, 542.62, 979.56, 542.62, 1009.62, 542.62, 30.06, 13.61
5.47, 12, black car, 762.45, 529.89, 790.62, 542.60, 776.53, 536.25, 762.45, 536.25, 790.62, 536.25, 28.17, 12.71
5.50, 5, white car, 976.11, 535.95, 1005.99, 549.47, 991.05, 542.71, 976.11, 542.71, 1005.99, 542.71, 29.88, 13.53
5.50, 12, black car, 758.97, 529.86, 786.56, 542.36, 772.76, 536.11, 758.97, 536.11, 786.56, 536.11, 27.59, 12.50
5.53, 5, white car, 972.86, 535.70, 1002.71, 549.23, 987.79, 542.46, 972.86, 542.46, 1002.71, 542.46, 29.85, 13.53
5.53, 12, black car, 754.25, 529.56, 782.38, 542.30, 768.32, 535.93, 754.25, 535.93, 782.38, 535.93, 28.13, 12.74
5.57, 5, white car, 969.52, 535.61, 999.16, 549.02, 984.34, 542.31, 969.52, 542.31, 999.16, 542.31, 29.63, 13.42
5.57, 12, black car, 750.81, 529.05, 779.62, 542.10, 765.22, 535.58, 750.81, 535.58, 779.62, 535.58, 28.81, 13.05
5.60, 5, white car, 966.04, 535.56, 995.45, 548.89, 980.75, 542.23, 966.04, 542.23, 995.45, 542.23, 29.41, 13.33
5.60, 12, black car, 747.45, 528.67, 776.55, 541.87, 762.00, 535.27, 747.45, 535.27, 776.55, 535.27, 29.10, 13.20
5.63, 5, white car, 961.88, 535.46, 991.99, 549.13, 976.94, 542.30, 961.88, 542.30, 991.99, 542.30, 30.11, 13.66
5.63, 12, black car, 744.04, 528.46, 773.68, 541.96, 758.86, 535.21, 744.04, 535.21, 773.68, 535.21, 29.64, 13.51
5.67, 5, white car, 958.42, 535.26, 988.66, 549.02, 973.54, 542.14, 958.42, 542.14, 988.66, 542.14, 30.24, 13.76
5.67, 12, black car, 740.35, 528.13, 770.19, 541.74, 755.27, 534.94, 740.35, 534.94, 770.19, 534.94, 29.83, 13.62
5.70, 5, white car, 955.32, 535.25, 985.37, 548.94, 970.35, 542.09, 955.32, 542.09, 985.37, 542.09, 30.05, 13.69
5.70, 12, black car, 736.66, 527.94, 766.03, 541.35, 751.34, 534.65, 736.66, 534.65, 766.03, 534.65, 29.37, 13.41
5.73, 5, white car, 951.69, 535.26, 981.74, 548.98, 966.71, 542.12, 951.69, 542.12, 981.74, 542.12, 30.05, 13.72
5.73, 12, black car, 733.45, 527.69, 762.26, 540.81, 747.86, 534.25, 733.45, 534.25, 762.26, 534.25, 28.81, 13.12
5.77, 5, white car, 948.11, 535.33, 978.35, 549.17, 963.23, 542.25, 948.11, 542.25, 978.35, 542.25, 30.24, 13.84
5.77, 12, black car, 729.59, 527.05, 758.12, 539.95, 743.85, 533.50, 729.59, 533.50, 758.12, 533.50, 28.54, 12.90
5.80, 5, white car, 944.82, 535.26, 975.14, 549.12, 959.98, 542.19, 944.82, 542.19, 975.14, 542.19, 30.32, 13.86
5.80, 12, black car, 726.24, 526.68, 755.81, 540.00, 741.02, 533.34, 726.24, 533.34, 755.81, 533.34, 29.57, 13.32
5.83, 5, white car, 941.66, 535.27, 971.68, 548.99, 956.67, 542.13, 941.66, 542.13, 971.68, 542.13, 30.02, 13.72
5.83, 12, black car, 722.78, 526.44, 752.05, 539.56, 737.42, 533.00, 722.78, 533.00, 752.05, 533.00, 29.27, 13.11
5.87, 5, white car, 938.20, 535.30, 967.56, 548.73, 952.88, 542.01, 938.20, 542.01, 967.56, 542.01, 29.36, 13.42
5.87, 12, black car, 718.29, 526.24, 747.55, 539.26, 732.92, 532.75, 718.29, 532.75, 747.55, 532.75, 29.26, 13.02
5.90, 5, white car, 934.60, 535.36, 964.01, 548.81, 949.30, 542.09, 934.60, 542.09, 964.01, 542.09, 29.40, 13.45
5.90, 12, black car, 715.49, 526.29, 744.34, 539.07, 729.91, 532.68, 715.49, 532.68, 744.34, 532.68, 28.85, 12.78
5.93, 5, white car, 931.19, 535.20, 960.56, 548.63, 945.88, 541.91, 931.19, 541.91, 960.56, 541.91, 29.37, 13.43
5.93, 12, black car, 712.59, 526.28, 741.38, 539.02, 726.99, 532.65, 712.59, 532.65, 741.38, 532.65, 28.80, 12.74
5.97, 5, white car, 927.62, 535.14, 957.24, 548.68, 942.43, 541.91, 927.62, 541.91, 957.24, 541.91, 29.61, 13.53
5.97, 12, black car, 708.82, 526.05, 738.06, 538.94, 723.44, 532.50, 708.82, 532.50, 738.06, 532.50, 29.24, 12.90
6.00, 5, white car, 923.90, 535.09, 953.58, 548.65, 938.74, 541.87, 923.90, 541.87, 953.58, 541.87, 29.68, 13.56
6.00, 12, black car, 704.69, 525.26, 734.33, 538.29, 719.51, 531.77, 704.69, 531.77, 734.33, 531.77, 29.65, 13.03
6.03, 5, white car, 920.01, 534.93, 950.14, 548.69, 935.08, 541.81, 920.01, 541.81, 950.14, 541.81, 30.13, 13.76
6.03, 12, black car, 701.42, 524.81, 731.02, 537.82, 716.22, 531.32, 701.42, 531.32, 731.02, 531.32, 29.60, 13.01
6.07, 5, white car, 916.64, 534.61, 946.92, 548.45, 931.78, 541.53, 916.64, 541.53, 946.92, 541.53, 30.27, 13.84
6.07, 12, black car, 697.49, 524.60, 727.79, 537.92, 712.64, 531.26, 697.49, 531.26, 727.79, 531.26, 30.30, 13.33
6.10, 5, white car, 913.51, 534.60, 943.52, 548.30, 928.52, 541.45, 913.51, 541.45, 943.52, 541.45, 30.01, 13.71
6.10, 12, black car, 694.25, 524.29, 724.61, 537.70, 709.43, 530.99, 694.25, 530.99, 724.61, 530.99, 30.35, 13.40
6.13, 5, white car, 910.03, 534.49, 939.97, 548.18, 925.00, 541.34, 910.03, 541.34, 939.97, 541.34, 29.95, 13.69
6.13, 12, black car, 690.61, 523.89, 720.78, 537.17, 705.70, 530.53, 690.61, 530.53, 720.78, 530.53, 30.18, 13.29
6.17, 5, white car, 906.29, 534.11, 936.74, 548.07, 921.51, 541.09, 906.29, 541.09, 936.74, 541.09, 30.45, 13.96
6.17, 12, black car, 687.32, 523.41, 717.60, 536.79, 702.46, 530.10, 687.32, 530.10, 717.60, 530.10, 30.28, 13.38
6.20, 5, white car, 902.87, 534.04, 933.22, 547.96, 918.05, 541.00, 902.87, 541.00, 933.22, 541.00, 30.36, 13.93
6.20, 12, black car, 683.98, 523.07, 714.21, 536.45, 699.09, 529.76, 683.98, 529.76, 714.21, 529.76, 30.23, 13.38
6.23, 5, white car, 899.36, 533.86, 929.92, 547.88, 914.64, 540.87, 899.36, 540.87, 929.92, 540.87, 30.55, 14.03
6.23, 12, black car, 680.52, 522.60, 710.84, 536.01, 695.68, 529.31, 680.52, 529.31, 710.84, 529.31, 30.32, 13.41
6.27, 12, black car, 676.96, 522.60, 706.97, 535.86, 691.96, 529.23, 676.96, 529.23, 706.97, 529.23, 30.02, 13.25
6.30, 12, black car, 673.94, 522.57, 703.59, 535.65, 688.76, 529.11, 673.94, 529.11, 703.59, 529.11, 29.65, 13.08
6.33, 12, black car, 670.32, 522.39, 699.81, 535.39, 685.06, 528.89, 670.32, 528.89, 699.81, 528.89, 29.49, 13.00
6.37, 12, black car, 667.02, 522.05, 696.68, 535.17, 681.85, 528.61, 667.02, 528.61, 696.68, 528.61, 29.65, 13.11
6.40, 12, black car, 663.79, 521.71, 693.37, 534.76, 678.58, 528.23, 663.79, 528.23, 693.37, 528.23, 29.58, 13.05
6.43, 12, black car, 660.99, 521.45, 690.38, 534.42, 675.69, 527.93, 660.99, 527.93, 690.38, 527.93, 29.39, 12.98
6.47, 12, black car, 657.95, 521.40, 686.96, 534.20, 672.46, 527.80, 657.95, 527.80, 686.96, 527.80, 29.01, 12.81
6.50, 12, black car, 654.45, 520.94, 683.47, 533.79, 668.96, 527.37, 654.45, 527.37, 683.47, 527.37, 29.02, 12.86
6.53, 12, black car, 651.15, 520.58, 680.67, 533.68, 665.91, 527.13, 651.15, 527.13, 680.67, 527.13, 29.52, 13.10
6.57, 12, black car, 646.89, 519.84, 677.46, 533.43, 662.18, 526.63, 646.89, 526.63, 677.46, 526.63, 30.57, 13.59
6.60, 12, black car, 643.70, 519.43, 674.46, 533.13, 659.08, 526.28, 643.70, 526.28, 674.46, 526.28, 30.76, 13.70
6.63, 12, black car, 640.62, 519.29, 671.21, 532.95, 655.92, 526.12, 640.62, 526.12, 671.21, 526.12, 30.59, 13.66
6.67, 12, black car, 638.00, 519.18, 668.41, 532.80, 653.21, 525.99, 638.00, 525.99, 668.41, 525.99, 30.41, 13.62
6.70, 12, black car, 635.52, 519.02, 665.50, 532.44, 650.51, 525.73, 635.52, 525.73, 665.50, 525.73, 29.98, 13.42
6.70, 5, white car, 850.94, 532.34, 880.71, 545.91, 865.83, 539.13, 850.94, 539.13, 880.71, 539.13, 29.77, 13.57
6.73, 12, black car, 632.38, 518.94, 661.36, 531.87, 646.87, 525.40, 632.38, 525.40, 661.36, 525.40, 28.99, 12.93
6.73, 5, white car, 847.20, 532.19, 876.59, 545.56, 861.89, 538.87, 847.20, 538.87, 876.59, 538.87, 29.39, 13.37
6.77, 12, black car, 629.15, 518.78, 658.02, 531.64, 643.59, 525.21, 629.15, 525.21, 658.02, 525.21, 28.87, 12.86
6.77, 5, white car, 843.99, 532.15, 873.45, 545.50, 858.72, 538.82, 843.99, 538.82, 873.45, 538.82, 29.46, 13.35
6.80, 12, black car, 625.36, 518.25, 654.54, 531.27, 639.95, 524.76, 625.36, 524.76, 654.54, 524.76, 29.18, 13.02
6.80, 5, white car, 840.58, 532.02, 870.49, 545.55, 855.53, 538.79, 840.58, 538.79, 870.49, 538.79, 29.91, 13.53
6.83, 12, black car, 621.77, 517.87, 651.32, 531.05, 636.55, 524.46, 621.77, 524.46, 651.32, 524.46, 29.55, 13.18
6.83, 5, white car, 837.00, 531.95, 866.94, 545.48, 851.97, 538.71, 837.00, 538.71, 866.94, 538.71, 29.93, 13.52
6.87, 12, black car, 619.07, 517.53, 648.38, 530.60, 633.73, 524.06, 619.07, 524.06, 648.38, 524.06, 29.30, 13.07
6.87, 5, white car, 833.00, 531.68, 863.08, 545.30, 848.04, 538.49, 833.00, 538.49, 863.08, 538.49, 30.09, 13.62
6.90, 12, black car, 615.54, 517.27, 644.83, 530.35, 630.18, 523.81, 615.54, 523.81, 644.83, 523.81, 29.29, 13.08
6.90, 5, white car, 829.56, 531.57, 859.69, 545.22, 844.62, 538.40, 829.56, 538.40, 859.69, 538.40, 30.13, 13.65
6.93, 12, black car, 612.41, 517.02, 642.19, 530.33, 627.30, 523.67, 612.41, 523.67, 642.19, 523.67, 29.78, 13.31
6.93, 5, white car, 826.10, 531.25, 856.68, 545.12, 841.39, 538.18, 826.10, 538.18, 856.68, 538.18, 30.58, 13.87
6.97, 12, black car, 608.86, 516.58, 638.52, 529.84, 623.69, 523.21, 608.86, 523.21, 638.52, 523.21, 29.66, 13.27
6.97, 5, white car, 822.53, 531.16, 852.73, 544.90, 837.63, 538.03, 822.53, 538.03, 852.73, 538.03, 30.20, 13.73
7.00, 12, black car, 604.93, 515.74, 635.43, 529.46, 620.18, 522.60, 604.93, 522.60, 635.43, 522.60, 30.50, 13.71
7.00, 5, white car, 818.97, 531.03, 849.29, 544.86, 834.13, 537.94, 818.97, 537.94, 849.29, 537.94, 30.33, 13.83
7.03, 12, black car, 602.06, 515.37, 632.25, 529.02, 617.16, 522.20, 602.06, 522.20, 632.25, 522.20, 30.19, 13.65
7.03, 5, white car, 815.61, 530.79, 846.10, 544.73, 830.85, 537.76, 815.61, 537.76, 846.10, 537.76, 30.49, 13.94
7.07, 12, black car, 599.08, 515.11, 629.19, 528.78, 614.14, 521.94, 599.08, 521.94, 629.19, 521.94, 30.11, 13.68
7.07, 5, white car, 812.35, 530.55, 843.43, 544.77, 827.89, 537.66, 812.35, 537.66, 843.43, 537.66, 31.08, 14.23
7.10, 22, black car, 1351.00, 543.55, 1384.74, 558.18, 1367.87, 550.86, 1351.00, 550.86, 1384.74, 550.86, 33.74, 14.63
7.10, 12, black car, 596.45, 514.97, 626.39, 528.62, 611.42, 521.79, 596.45, 521.79, 626.39, 521.79, 29.95, 13.65
7.10, 5, white car, 808.49, 530.36, 839.50, 544.59, 823.99, 537.47, 808.49, 537.47, 839.50, 537.47, 31.00, 14.23
7.13, 22, black car, 1348.27, 543.82, 1381.10, 558.03, 1364.68, 550.93, 1348.27, 550.93, 1381.10, 550.93, 32.83, 14.21
7.13, 12, black car, 593.96, 514.71, 623.41, 528.09, 608.69, 521.40, 593.96, 521.40, 623.41, 521.40, 29.45, 13.38
7.13, 5, white car, 805.12, 530.26, 835.98, 544.46, 820.55, 537.36, 805.12, 537.36, 835.98, 537.36, 30.86, 14.20
7.17, 22, black car, 1345.34, 543.97, 1377.91, 558.06, 1361.62, 551.01, 1345.34, 551.01, 1377.91, 551.01, 32.56, 14.09
7.17, 12, black car, 590.77, 514.48, 620.19, 527.80, 605.48, 521.14, 590.77, 521.14, 620.19, 521.14, 29.42, 13.32
7.17, 5, white car, 801.48, 530.05, 832.26, 544.25, 816.87, 537.15, 801.48, 537.15, 832.26, 537.15, 30.78, 14.19
7.20, 22, black car, 1342.75, 543.93, 1374.94, 557.80, 1358.84, 550.87, 1342.75, 550.87, 1374.94, 550.87, 32.19, 13.87
7.20, 12, black car, 586.53, 514.10, 616.62, 527.69, 601.57, 520.89, 586.53, 520.89, 616.62, 520.89, 30.09, 13.58
7.20, 5, white car, 798.28, 529.84, 829.24, 544.13, 813.76, 536.99, 798.28, 536.99, 829.24, 536.99, 30.96, 14.29
7.23, 22, black car, 1339.25, 544.07, 1370.93, 557.70, 1355.09, 550.88, 1339.25, 550.88, 1370.93, 550.88, 31.67, 13.63
7.23, 12, black car, 582.80, 513.71, 613.05, 527.39, 597.92, 520.55, 582.80, 520.55, 613.05, 520.55, 30.25, 13.68
7.23, 5, white car, 794.71, 529.66, 825.27, 543.78, 809.99, 536.72, 794.71, 536.72, 825.27, 536.72, 30.56, 14.12
7.27, 22, black car, 1336.42, 544.32, 1366.94, 557.38, 1351.68, 550.85, 1336.42, 550.85, 1366.94, 550.85, 30.52, 13.06
7.27, 12, black car, 579.72, 513.30, 609.85, 526.92, 594.78, 520.11, 579.72, 520.11, 609.85, 520.11, 30.12, 13.63
7.27, 5, white car, 791.49, 529.56, 821.73, 543.57, 806.61, 536.57, 791.49, 536.57, 821.73, 536.57, 30.24, 14.01
7.30, 22, black car, 1333.60, 544.58, 1363.41, 557.27, 1348.51, 550.92, 1333.60, 550.92, 1363.41, 550.92, 29.80, 12.68
7.30, 12, black car, 576.78, 513.05, 606.40, 526.44, 591.59, 519.74, 576.78, 519.74, 606.40, 519.74, 29.61, 13.39
7.30, 5, white car, 787.88, 529.21, 818.42, 543.41, 803.15, 536.31, 787.88, 536.31, 818.42, 536.31, 30.54, 14.20
7.33, 22, black car, 1330.59, 544.85, 1360.20, 557.40, 1345.39, 551.12, 1330.59, 551.12, 1360.20, 551.12, 29.61, 12.55
7.33, 12, black car, 573.39, 512.87, 602.72, 526.11, 588.06, 519.49, 573.39, 519.49, 602.72, 519.49, 29.33, 13.24
7.33, 5, white car, 784.17, 528.79, 815.54, 543.43, 799.85, 536.11, 784.17, 536.11, 815.54, 536.11, 31.36, 14.64
7.37, 22, black car, 1327.50, 544.88, 1357.39, 557.51, 1342.45, 551.20, 1327.50, 551.20, 1357.39, 551.20, 29.89, 12.63
7.37, 12, black car, 570.16, 512.57, 599.76, 525.90, 584.96, 519.23, 570.16, 519.23, 599.76, 519.23, 29.60, 13.33
7.37, 5, white car, 780.26, 528.22, 812.14, 543.20, 796.20, 535.71, 780.26, 535.71, 812.14, 535.71, 31.88, 14.98
7.40, 22, black car, 1324.48, 544.79, 1354.70, 557.52, 1339.59, 551.15, 1324.48, 551.15, 1354.70, 551.15, 30.23, 12.73
7.40, 12, black car, 567.20, 512.41, 596.20, 525.48, 581.70, 518.95, 567.20, 518.95, 596.20, 518.95, 28.99, 13.07
7.40, 5, white car, 776.86, 527.94, 808.47, 542.85, 792.67, 535.39, 776.86, 535.39, 808.47, 535.39, 31.61, 14.91
7.43, 22, black car, 1320.86, 544.98, 1351.33, 557.72, 1336.09, 551.35, 1320.86, 551.35, 1351.33, 551.35, 30.48, 12.75
7.43, 12, black car, 564.43, 512.21, 593.40, 525.26, 578.91, 518.74, 564.43, 518.74, 593.40, 518.74, 28.97, 13.05
7.43, 5, white car, 773.56, 527.86, 804.83, 542.65, 789.19, 535.25, 773.56, 535.25, 804.83, 535.25, 31.27, 14.79
7.47, 22, black car, 1316.80, 544.74, 1348.02, 557.76, 1332.41, 551.25, 1316.80, 551.25, 1348.02, 551.25, 31.22, 13.02
7.47, 12, black car, 561.30, 511.98, 589.78, 524.80, 575.54, 518.39, 561.30, 518.39, 589.78, 518.39, 28.48, 12.82
7.47, 5, white car, 770.31, 527.68, 801.70, 542.57, 786.01, 535.12, 770.31, 535.12, 801.70, 535.12, 31.39, 14.89
7.50, 22, black car, 1313.53, 544.68, 1344.99, 557.78, 1329.26, 551.23, 1313.53, 551.23, 1344.99, 551.23, 31.46, 13.09
7.50, 12, black car, 558.30, 511.60, 587.51, 524.74, 572.91, 518.17, 558.30, 518.17, 587.51, 518.17, 29.21, 13.14
7.50, 5, white car, 767.07, 527.41, 798.31, 542.26, 782.69, 534.84, 767.07, 534.84, 798.31, 534.84, 31.25, 14.85
7.53, 22, black car, 1310.20, 544.51, 1341.87, 557.67, 1326.03, 551.09, 1310.20, 551.09, 1341.87, 551.09, 31.66, 13.16
7.53, 12, black car, 555.12, 511.31, 584.65, 524.62, 569.89, 517.97, 555.12, 517.97, 584.65, 517.97, 29.53, 13.31
7.53, 5, white car, 763.75, 527.43, 794.46, 542.05, 779.10, 534.74, 763.75, 534.74, 794.46, 534.74, 30.71, 14.62
7.57, 22, black car, 1306.98, 544.62, 1339.01, 557.92, 1322.99, 551.27, 1306.98, 551.27, 1339.01, 551.27, 32.04, 13.30
7.57, 12, black car, 551.92, 511.10, 581.12, 524.26, 566.52, 517.68, 551.92, 517.68, 581.12, 517.68, 29.20, 13.15
7.57, 5, white car, 760.55, 527.44, 790.75, 541.81, 775.65, 534.62, 760.55, 534.62, 790.75, 534.62, 30.20, 14.36
7.60, 22, black car, 1303.80, 544.62, 1335.92, 557.93, 1319.86, 551.28, 1303.80, 551.28, 1335.92, 551.28, 32.12, 13.31
7.60, 12, black car, 548.92, 510.71, 578.05, 523.82, 563.48, 517.26, 548.92, 517.26, 578.05, 517.26, 29.14, 13.10
7.60, 5, white car, 757.16, 527.28, 787.74, 541.84, 772.45, 534.56, 757.16, 534.56, 787.74, 534.56, 30.58, 14.56
7.63, 22, black car, 1300.67, 544.36, 1332.85, 557.66, 1316.76, 551.01, 1300.67, 551.01, 1332.85, 551.01, 32.18, 13.30
7.63, 12, black car, 545.79, 510.52, 574.52, 523.47, 560.16, 517.00, 545.79, 517.00, 574.52, 517.00, 28.74, 12.95
7.63, 5, white car, 753.68, 526.99, 784.16, 541.52, 768.92, 534.26, 753.68, 534.26, 784.16, 534.26, 30.49, 14.53
7.67, 22, black car, 1298.13, 544.14, 1330.83, 557.58, 1314.48, 550.86, 1298.13, 550.86, 1330.83, 550.86, 32.71, 13.43
7.67, 12, black car, 542.61, 510.28, 571.43, 523.32, 557.02, 516.80, 542.61, 516.80, 571.43, 516.80, 28.82, 13.04
7.67, 5, white car, 750.20, 526.78, 780.53, 541.23, 765.36, 534.01, 750.20, 534.01, 780.53, 534.01, 30.33, 14.46
7.70, 22, black car, 1294.64, 544.11, 1327.53, 557.61, 1311.08, 550.86, 1294.64, 550.86, 1327.53, 550.86, 32.89, 13.49
7.70, 12, black car, 539.24, 509.68, 567.98, 522.72, 553.61, 516.20, 539.24, 516.20, 567.98, 516.20, 28.74, 13.04
7.70, 5, white car, 746.79, 526.57, 777.25, 541.08, 762.02, 533.83, 746.79, 533.83, 777.25, 533.83, 30.46, 14.51
7.73, 22, black car, 1291.26, 544.39, 1323.79, 557.71, 1307.52, 551.05, 1291.26, 551.05, 1323.79, 551.05, 32.53, 13.32
7.73, 12, black car, 535.57, 508.93, 564.40, 522.03, 549.99, 515.48, 535.57, 515.48, 564.40, 515.48, 28.84, 13.11
7.73, 5, white car, 743.40, 526.21, 774.07, 540.83, 758.74, 533.52, 743.40, 533.52, 774.07, 533.52, 30.67, 14.62
7.77, 22, black car, 1288.01, 544.52, 1319.82, 557.54, 1303.91, 551.03, 1288.01, 551.03, 1319.82, 551.03, 31.81, 13.02
7.77, 12, black car, 532.59, 508.59, 561.53, 521.78, 547.06, 515.18, 532.59, 515.18, 561.53, 515.18, 28.95, 13.18
7.77, 5, white car, 739.57, 525.97, 770.34, 540.66, 754.95, 533.31, 739.57, 533.31, 770.34, 533.31, 30.77, 14.69
7.80, 22, black car, 1284.93, 544.83, 1316.60, 557.74, 1300.77, 551.29, 1284.93, 551.29, 1316.60, 551.29, 31.67, 12.92
7.80, 12, black car, 529.45, 508.35, 558.75, 521.71, 544.10, 515.03, 529.45, 515.03, 558.75, 515.03, 29.30, 13.36
7.80, 5, white car, 736.19, 525.54, 766.99, 540.26, 751.59, 532.90, 736.19, 532.90, 766.99, 532.90, 30.80, 14.73
7.83, 22, black car, 1281.66, 544.45, 1314.07, 557.67, 1297.87, 551.06, 1281.66, 551.06, 1314.07, 551.06, 32.41, 13.22
7.83, 12, black car, 526.22, 508.07, 555.80, 521.61, 541.01, 514.84, 526.22, 514.84, 555.80, 514.84, 29.58, 13.54
7.83, 5, white car, 732.78, 525.39, 763.51, 540.12, 748.14, 532.75, 732.78, 532.75, 763.51, 532.75, 30.73, 14.73
7.87, 22, black car, 1278.31, 544.39, 1311.44, 557.90, 1294.87, 551.15, 1278.31, 551.15, 1311.44, 551.15, 33.12, 13.50
7.87, 12, black car, 524.02, 507.77, 553.12, 521.09, 538.57, 514.43, 524.02, 514.43, 553.12, 514.43, 29.10, 13.33
7.87, 5, white car, 729.48, 525.09, 760.34, 539.88, 744.91, 532.49, 729.48, 532.49, 760.34, 532.49, 30.85, 14.79
7.90, 22, black car, 1275.29, 544.41, 1307.97, 557.75, 1291.63, 551.08, 1275.29, 551.08, 1307.97, 551.08, 32.69, 13.34
7.90, 12, black car, 521.15, 507.41, 549.98, 520.61, 535.56, 514.01, 521.15, 514.01, 549.98, 514.01, 28.83, 13.20
7.90, 5, white car, 725.89, 524.98, 756.91, 539.87, 741.40, 532.43, 725.89, 532.43, 756.91, 532.43, 31.02, 14.89
7.93, 22, black car, 1272.11, 544.44, 1304.84, 557.80, 1288.48, 551.12, 1272.11, 551.12, 1304.84, 551.12, 32.74, 13.35
7.93, 12, black car, 517.65, 506.95, 546.64, 520.17, 532.15, 513.56, 517.65, 513.56, 546.64, 513.56, 28.99, 13.23
7.93, 5, white car, 722.53, 524.67, 753.77, 539.67, 738.15, 532.17, 722.53, 532.17, 753.77, 532.17, 31.24, 15.00
7.97, 22, black car, 1268.71, 544.43, 1301.01, 557.60, 1284.86, 551.01, 1268.71, 551.01, 1301.01, 551.01, 32.30, 13.17
7.97, 12, black car, 513.92, 506.70, 543.14, 520.02, 528.53, 513.36, 513.92, 513.36, 543.14, 513.36, 29.22, 13.32
7.97, 5, white car, 719.31, 524.66, 750.23, 539.48, 734.77, 532.07, 719.31, 532.07, 750.23, 532.07, 30.92, 14.83
8.00, 22, black car, 1265.46, 544.34, 1297.87, 557.54, 1281.67, 550.94, 1265.46, 550.94, 1297.87, 550.94, 32.40, 13.20
8.00, 12, black car, 510.77, 506.48, 540.37, 519.94, 525.57, 513.21, 510.77, 513.21, 540.37, 513.21, 29.61, 13.47
8.00, 5, white car, 715.84, 524.38, 746.81, 539.22, 731.33, 531.80, 715.84, 531.80, 746.81, 531.80, 30.97, 14.84
8.03, 22, black car, 1262.76, 544.63, 1294.49, 557.55, 1278.62, 551.09, 1262.76, 551.09, 1294.49, 551.09, 31.73, 12.93
8.03, 12, black car, 508.01, 505.97, 538.21, 519.70, 523.11, 512.83, 508.01, 512.83, 538.21, 512.83, 30.20, 13.73
8.03, 5, white car, 712.38, 524.04, 743.63, 539.01, 728.01, 531.52, 712.38, 531.52, 743.63, 531.52, 31.25, 14.98
8.07, 22, black car, 1259.59, 544.55, 1291.01, 557.36, 1275.30, 550.95, 1259.59, 550.95, 1291.01, 550.95, 31.42, 12.81
8.07, 5, white car, 708.90, 523.84, 739.83, 538.68, 724.36, 531.26, 708.90, 531.26, 739.83, 531.26, 30.93, 14.84
8.10, 22, black car, 1256.44, 544.64, 1287.58, 557.35, 1272.01, 551.00, 1256.44, 551.00, 1287.58, 551.00, 31.14, 12.71
8.10, 5, white car, 705.86, 523.67, 736.67, 538.45, 721.27, 531.06, 705.86, 531.06, 736.67, 531.06, 30.81, 14.78
8.13, 22, black car, 1253.66, 544.30, 1285.12, 557.12, 1269.39, 550.71, 1253.66, 550.71, 1285.12, 550.71, 31.45, 12.82
8.13, 5, white car, 702.27, 523.27, 733.37, 538.24, 717.82, 530.76, 702.27, 530.76, 733.37, 530.76, 31.10, 14.97
8.17, 22, black car, 1250.66, 544.29, 1283.15, 557.50, 1266.90, 550.90, 1250.66, 550.90, 1283.15, 550.90, 32.49, 13.21
8.17, 5, white car, 699.05, 522.82, 730.28, 537.88, 714.66, 530.35, 699.05, 530.35, 730.28, 530.35, 31.23, 15.05
8.20, 22, black car, 1247.24, 544.47, 1279.35, 557.54, 1263.29, 551.00, 1247.24, 551.00, 1279.35, 551.00, 32.11, 13.07
8.20, 5, white car, 695.23, 522.51, 726.73, 537.72, 710.98, 530.11, 695.23, 530.11, 726.73, 530.11, 31.50, 15.21
8.23, 22, black car, 1244.03, 544.53, 1276.23, 557.64, 1260.13, 551.09, 1244.03, 551.09, 1276.23, 551.09, 32.20, 13.11
8.23, 5, white car, 692.40, 522.16, 723.63, 537.23, 708.02, 529.69, 692.40, 529.69, 723.63, 529.69, 31.23, 15.07
8.27, 22, black car, 1240.35, 544.52, 1272.50, 557.63, 1256.43, 551.08, 1240.35, 551.08, 1272.50, 551.08, 32.15, 13.11
8.27, 5, white car, 688.70, 521.91, 720.07, 537.07, 704.39, 529.49, 688.70, 529.49, 720.07, 529.49, 31.37, 15.17
8.27, 12, black car, 486.87, 503.98, 516.04, 517.19, 501.46, 510.58, 486.87, 510.58, 516.04, 510.58, 29.17, 13.21
8.30, 22, black car, 1237.40, 544.47, 1269.67, 557.64, 1253.53, 551.06, 1237.40, 551.06, 1269.67, 551.06, 32.27, 13.17
8.30, 5, white car, 685.52, 521.57, 717.22, 536.91, 701.37, 529.24, 685.52, 529.24, 717.22, 529.24, 31.69, 15.34
8.30, 12, black car, 483.93, 503.70, 512.85, 516.73, 498.39, 510.21, 483.93, 510.21, 512.85, 510.21, 28.92, 13.02
8.33, 22, black car, 1235.14, 544.61, 1266.79, 557.55, 1250.96, 551.08, 1235.14, 551.08, 1266.79, 551.08, 31.65, 12.94
8.33, 5, white car, 682.16, 521.46, 713.31, 536.54, 697.74, 529.00, 682.16, 529.00, 713.31, 529.00, 31.15, 15.08
8.33, 12, black car, 480.91, 503.42, 509.85, 516.39, 495.38, 509.90, 480.91, 509.90, 509.85, 509.90, 28.95, 12.96
8.37, 22, black car, 1232.23, 544.58, 1263.69, 557.48, 1247.96, 551.03, 1232.23, 551.03, 1263.69, 551.03, 31.46, 12.90
8.37, 5, white car, 679.24, 521.25, 709.99, 536.11, 694.62, 528.68, 679.24, 528.68, 709.99, 528.68, 30.75, 14.86
8.37, 12, black car, 478.30, 503.14, 506.73, 515.81, 492.52, 509.47, 478.30, 509.47, 506.73, 509.47, 28.44, 12.67
8.40, 22, black car, 1228.02, 544.40, 1260.15, 557.54, 1244.08, 550.97, 1228.02, 550.97, 1260.15, 550.97, 32.13, 13.14
8.40, 5, white car, 676.03, 521.08, 706.42, 535.72, 691.23, 528.40, 676.03, 528.40, 706.42, 528.40, 30.39, 14.64
8.40, 12, black car, 475.46, 503.07, 503.41, 515.45, 489.44, 509.26, 475.46, 509.26, 503.41, 509.26, 27.95, 12.39
8.43, 22, black car, 1224.57, 544.22, 1256.74, 557.37, 1240.65, 550.79, 1224.57, 550.79, 1256.74, 550.79, 32.18, 13.15
8.43, 5, white car, 672.57, 520.84, 703.30, 535.61, 687.94, 528.22, 672.57, 528.22, 703.30, 528.22, 30.74, 14.77
8.43, 12, black car, 471.41, 502.39, 500.17, 515.12, 485.79, 508.75, 471.41, 508.75, 500.17, 508.75, 28.76, 12.74
8.47, 22, black car, 1222.01, 544.34, 1253.85, 557.39, 1237.93, 550.87, 1222.01, 550.87, 1253.85, 550.87, 31.84, 13.05
8.47, 5, white car, 669.08, 520.59, 699.60, 535.25, 684.34, 527.92, 669.08, 527.92, 699.60, 527.92, 30.53, 14.66
8.47, 12, black car, 467.95, 501.66, 497.58, 514.74, 482.77, 508.20, 467.95, 508.20, 497.58, 508.20, 29.63, 13.09
8.50, 22, black car, 1219.29, 544.44, 1250.60, 557.31, 1234.95, 550.87, 1219.29, 550.87, 1250.60, 550.87, 31.31, 12.88
8.50, 5, white car, 665.44, 520.34, 696.44, 535.23, 680.94, 527.79, 665.44, 527.79, 696.44, 527.79, 31.00, 14.89
8.50, 12, black car, 464.75, 501.38, 495.05, 514.69, 479.90, 508.03, 464.75, 508.03, 495.05, 508.03, 30.30, 13.31
8.53, 22, black car, 1215.88, 544.37, 1247.22, 557.26, 1231.55, 550.81, 1215.88, 550.81, 1247.22, 550.81, 31.34, 12.89
8.53, 5, white car, 662.37, 520.02, 692.98, 534.68, 677.68, 527.35, 662.37, 527.35, 692.98, 527.35, 30.60, 14.66
8.53, 12, black car, 462.00, 501.13, 492.52, 514.45, 477.26, 507.79, 462.00, 507.79, 492.52, 507.79, 30.52, 13.32
8.57, 22, black car, 1212.57, 544.34, 1244.05, 557.31, 1228.31, 550.83, 1212.57, 550.83, 1244.05, 550.83, 31.48, 12.96
8.57, 5, white car, 658.91, 519.62, 689.75, 534.38, 674.33, 527.00, 658.91, 527.00, 689.75, 527.00, 30.84, 14.76
8.57, 12, black car, 458.81, 500.80, 489.89, 514.26, 474.35, 507.53, 458.81, 507.53, 489.89, 507.53, 31.08, 13.46
8.60, 22, black car, 1209.94, 544.22, 1241.36, 557.13, 1225.65, 550.68, 1209.94, 550.68, 1241.36, 550.68, 31.42, 12.91
8.60, 5, white car, 655.81, 519.26, 686.38, 533.90, 671.09, 526.58, 655.81, 526.58, 686.38, 526.58, 30.57, 14.64
8.60, 12, black car, 455.78, 500.64, 486.27, 513.85, 471.03, 507.25, 455.78, 507.25, 486.27, 507.25, 30.49, 13.21
8.63, 22, black car, 1207.43, 544.42, 1238.39, 557.17, 1222.91, 550.79, 1207.43, 550.79, 1238.39, 550.79, 30.97, 12.75
8.63, 5, white car, 652.50, 518.92, 683.23, 533.65, 667.87, 526.29, 652.50, 526.29, 683.23, 526.29, 30.74, 14.73
8.63, 12, black car, 453.13, 500.40, 483.06, 513.38, 468.09, 506.89, 453.13, 506.89, 483.06, 506.89, 29.93, 12.98
8.67, 22, black car, 1204.14, 544.66, 1234.49, 557.16, 1219.32, 550.91, 1204.14, 550.91, 1234.49, 550.91, 30.35, 12.50
8.67, 5, white car, 648.95, 518.71, 679.41, 533.28, 664.18, 526.00, 648.95, 526.00, 679.41, 526.00, 30.46, 14.58
8.67, 12, black car, 449.97, 499.91, 479.81, 512.85, 464.89, 506.38, 449.97, 506.38, 479.81, 506.38, 29.84, 12.94
8.70, 22, black car, 1201.23, 544.74, 1231.45, 557.18, 1216.34, 550.96, 1201.23, 550.96, 1231.45, 550.96, 30.22, 12.44
8.70, 5, white car, 645.81, 518.44, 676.23, 532.95, 661.02, 525.70, 645.81, 525.70, 676.23, 525.70, 30.42, 14.51
8.70, 12, black car, 446.96, 499.59, 476.82, 512.54, 461.89, 506.07, 446.96, 506.07, 476.82, 506.07, 29.86, 12.95
8.73, 22, black car, 1198.27, 544.68, 1228.34, 557.06, 1213.30, 550.87, 1198.27, 550.87, 1228.34, 550.87, 30.07, 12.38
8.73, 5, white car, 642.31, 518.16, 673.15, 532.85, 657.73, 525.50, 642.31, 525.50, 673.15, 525.50, 30.84, 14.70
8.73, 12, black car, 444.35, 499.47, 474.29, 512.47, 459.32, 505.97, 444.35, 505.97, 474.29, 505.97, 29.93, 13.00
8.77, 22, black car, 1195.17, 544.58, 1225.46, 557.06, 1210.31, 550.82, 1195.17, 550.82, 1225.46, 550.82, 30.30, 12.48
8.77, 5, white car, 638.61, 517.84, 669.94, 532.80, 654.28, 525.32, 638.61, 525.32, 669.94, 525.32, 31.34, 14.96
8.77, 12, black car, 440.84, 499.12, 471.10, 512.27, 455.97, 505.70, 440.84, 505.70, 471.10, 505.70, 30.26, 13.15
8.80, 22, black car, 1192.67, 544.35, 1222.86, 556.81, 1207.76, 550.58, 1192.67, 550.58, 1222.86, 550.58, 30.20, 12.45
8.80, 5, white car, 635.26, 517.33, 666.65, 532.31, 650.95, 524.82, 635.26, 524.82, 666.65, 524.82, 31.38, 14.97
8.80, 12, black car, 438.67, 498.58, 469.13, 511.79, 453.90, 505.19, 438.67, 505.19, 469.13, 505.19, 30.46, 13.21
8.83, 22, black car, 1189.15, 544.23, 1219.80, 556.88, 1204.48, 550.55, 1189.15, 550.55, 1219.80, 550.55, 30.65, 12.65
8.83, 5, white car, 632.12, 517.25, 663.12, 532.02, 647.62, 524.64, 632.12, 524.64, 663.12, 524.64, 31.00, 14.77
8.83, 12, black car, 435.49, 498.11, 465.80, 511.22, 450.65, 504.66, 435.49, 504.66, 465.80, 504.66, 30.31, 13.11
8.87, 22, black car, 1185.88, 544.38, 1215.82, 556.77, 1200.85, 550.57, 1185.88, 550.57, 1215.82, 550.57, 29.94, 12.39
8.87, 5, white car, 628.88, 516.89, 660.23, 531.83, 644.56, 524.36, 628.88, 524.36, 660.23, 524.36, 31.35, 14.94
8.87, 12, black car, 432.20, 497.83, 462.86, 511.04, 447.53, 504.44, 432.20, 504.44, 462.86, 504.44, 30.65, 13.21
8.90, 22, black car, 1183.06, 544.49, 1212.91, 556.87, 1197.98, 550.68, 1183.06, 550.68, 1212.91, 550.68, 29.85, 12.38
8.90, 5, white car, 625.33, 516.58, 656.87, 531.62, 641.10, 524.10, 625.33, 524.10, 656.87, 524.10, 31.54, 15.05
8.90, 12, black car, 429.49, 497.49, 460.42, 510.80, 444.95, 504.15, 429.49, 504.15, 460.42, 504.15, 30.92, 13.31
8.93, 22, black car, 1180.03, 544.50, 1209.85, 556.89, 1194.94, 550.70, 1180.03, 550.70, 1209.85, 550.70, 29.81, 12.39
8.93, 5, white car, 621.93, 516.27, 653.11, 531.16, 637.52, 523.71, 621.93, 523.71, 653.11, 523.71, 31.18, 14.89
8.93, 12, black car, 426.57, 497.20, 457.40, 510.52, 441.98, 503.86, 426.57, 503.86, 457.40, 503.86, 30.83, 13.32
8.97, 22, black car, 1176.85, 544.46, 1206.98, 557.01, 1191.92, 550.74, 1176.85, 550.74, 1206.98, 550.74, 30.14, 12.55
8.97, 5, white car, 618.80, 515.93, 650.03, 530.86, 634.42, 523.40, 618.80, 523.40, 650.03, 523.40, 31.23, 14.93
8.97, 12, black car, 424.34, 497.04, 454.74, 510.16, 439.54, 503.60, 424.34, 503.60, 454.74, 503.60, 30.40, 13.12
9.00, 22, black car, 1173.98, 544.35, 1204.09, 556.93, 1189.04, 550.64, 1173.98, 550.64, 1204.09, 550.64, 30.11, 12.58
9.00, 5, white car, 615.83, 515.78, 647.15, 530.75, 631.49, 523.26, 615.83, 523.26, 647.15, 523.26, 31.32, 14.97
9.00, 12, black car, 421.67, 496.79, 451.97, 509.83, 436.82, 503.31, 421.67, 503.31, 451.97, 503.31, 30.30, 13.05
9.03, 22, black car, 1170.85, 544.25, 1200.92, 556.83, 1185.89, 550.54, 1170.85, 550.54, 1200.92, 550.54, 30.07, 12.57
9.03, 5, white car, 612.19, 515.27, 643.89, 530.43, 628.04, 522.85, 612.19, 522.85, 643.89, 522.85, 31.70, 15.16
9.03, 12, black car, 418.98, 496.73, 448.75, 509.49, 433.86, 503.11, 418.98, 503.11, 448.75, 503.11, 29.76, 12.77
9.07, 22, black car, 1167.60, 544.14, 1198.21, 556.91, 1182.90, 550.52, 1167.60, 550.52, 1198.21, 550.52, 30.61, 12.77
9.07, 5, white car, 608.88, 515.00, 640.69, 530.21, 624.78, 522.60, 608.88, 522.60, 640.69, 522.60, 31.82, 15.20
9.07, 12, black car, 416.21, 496.69, 445.95, 509.46, 431.08, 503.08, 416.21, 503.08, 445.95, 503.08, 29.74, 12.77
9.10, 22, black car, 1164.94, 544.30, 1195.13, 556.92, 1180.04, 550.61, 1164.94, 550.61, 1195.13, 550.61, 30.19, 12.62
9.10, 5, white car, 605.27, 514.57, 636.96, 529.74, 621.11, 522.16, 605.27, 522.16, 636.96, 522.16, 31.69, 15.17
9.10, 12, black car, 413.36, 496.35, 443.02, 509.13, 428.19, 502.74, 413.36, 502.74, 443.02, 502.74, 29.66, 12.79
9.13, 22, black car, 1161.81, 544.28, 1191.80, 556.82, 1176.80, 550.55, 1161.81, 550.55, 1191.80, 550.55, 29.99, 12.54
9.13, 5, white car, 602.06, 514.31, 633.68, 529.47, 617.87, 521.89, 602.06, 521.89, 633.68, 521.89, 31.62, 15.16
9.13, 12, black car, 411.20, 496.17, 439.91, 508.52, 425.55, 502.35, 411.20, 502.35, 439.91, 502.35, 28.71, 12.34
9.17, 22, black car, 1158.22, 544.02, 1188.48, 556.70, 1173.35, 550.36, 1158.22, 550.36, 1188.48, 550.36, 30.26, 12.68
9.17, 5, white car, 598.61, 513.80, 630.15, 528.95, 614.38, 521.38, 598.61, 521.38, 630.15, 521.38, 31.54, 15.15
9.17, 12, black car, 408.20, 495.46, 437.14, 507.90, 422.67, 501.68, 408.20, 501.68, 437.14, 501.68, 28.94, 12.44
9.20, 22, black car, 1155.45, 544.01, 1185.88, 556.76, 1170.67, 550.39, 1155.45, 550.39, 1185.88, 550.39, 30.43, 12.75
9.20, 5, white car, 595.76, 513.64, 626.62, 528.48, 611.19, 521.06, 595.76, 521.06, 626.62, 521.06, 30.86, 14.84
9.20, 12, black car, 405.52, 495.13, 434.36, 507.50, 419.94, 501.31, 405.52, 501.31, 434.36, 501.31, 28.84, 12.37
9.23, 22, black car, 1152.29, 543.97, 1182.80, 556.76, 1167.55, 550.36, 1152.29, 550.36, 1182.80, 550.36, 30.52, 12.78
9.23, 5, white car, 592.60, 513.48, 622.93, 528.04, 607.77, 520.76, 592.60, 520.76, 622.93, 520.76, 30.33, 14.56
9.23, 12, black car, 402.74, 495.12, 431.85, 507.61, 417.29, 501.36, 402.74, 501.36, 431.85, 501.36, 29.12, 12.49
9.27, 22, black car, 1149.75, 543.90, 1180.05, 556.63, 1164.90, 550.26, 1149.75, 550.26, 1180.05, 550.26, 30.29, 12.74
9.27, 5, white car, 589.46, 513.18, 619.86, 527.75, 604.66, 520.47, 589.46, 520.47, 619.86, 520.47, 30.41, 14.57
9.27, 12, black car, 399.36, 494.83, 429.04, 507.61, 414.20, 501.22, 399.36, 501.22, 429.04, 501.22, 29.69, 12.78
9.30, 22, black car, 1146.50, 543.68, 1177.27, 556.63, 1161.88, 550.16, 1146.50, 550.16, 1177.27, 550.16, 30.77, 12.95
9.30, 5, white car, 585.89, 512.86, 616.35, 527.48, 601.12, 520.17, 585.89, 520.17, 616.35, 520.17, 30.46, 14.61
9.30, 12, black car, 396.91, 494.43, 426.67, 507.28, 411.79, 500.86, 396.91, 500.86, 426.67, 500.86, 29.76, 12.85
9.33, 22, black car, 1143.43, 543.71, 1174.14, 556.66, 1158.79, 550.19, 1143.43, 550.19, 1174.14, 550.19, 30.70, 12.95
9.33, 5, white car, 582.67, 512.49, 612.85, 526.96, 597.76, 519.72, 582.67, 519.72, 612.85, 519.72, 30.18, 14.47
9.33, 12, black car, 394.40, 494.17, 423.85, 506.85, 409.12, 500.51, 394.40, 500.51, 423.85, 500.51, 29.45, 12.67
9.37, 22, black car, 1140.19, 543.66, 1171.43, 556.84, 1155.81, 550.25, 1140.19, 550.25, 1171.43, 550.25, 31.23, 13.18
9.37, 5, white car, 579.54, 512.25, 609.37, 526.54, 594.46, 519.40, 579.54, 519.40, 609.37, 519.40, 29.83, 14.29
9.37, 12, black car, 391.29, 493.81, 420.73, 506.42, 406.01, 500.12, 391.29, 500.12, 420.73, 500.12, 29.44, 12.62
9.40, 22, black car, 1137.15, 543.68, 1168.40, 556.89, 1152.77, 550.28, 1137.15, 550.28, 1168.40, 550.28, 31.25, 13.21
9.40, 5, white car, 576.05, 511.94, 605.90, 526.22, 590.98, 519.08, 576.05, 519.08, 605.90, 519.08, 29.86, 14.28
9.40, 12, black car, 389.29, 493.76, 418.54, 506.26, 403.91, 500.01, 389.29, 500.01, 418.54, 500.01, 29.25, 12.50
9.43, 22, black car, 1133.85, 543.64, 1165.47, 557.04, 1149.66, 550.34, 1133.85, 550.34, 1165.47, 550.34, 31.63, 13.40
9.43, 5, white car, 572.90, 511.53, 602.93, 525.88, 587.91, 518.70, 572.90, 518.70, 602.93, 518.70, 30.02, 14.34
9.43, 12, black car, 386.02, 493.54, 415.26, 506.07, 400.64, 499.81, 386.02, 499.81, 415.26, 499.81, 29.24, 12.53
9.47, 22, black car, 1130.64, 543.47, 1162.30, 556.91, 1146.47, 550.19, 1130.64, 550.19, 1162.30, 550.19, 31.66, 13.44
9.47, 5, white car, 569.68, 511.23, 599.70, 525.57, 584.69, 518.40, 569.68, 518.40, 599.70, 518.40, 30.01, 14.33
9.47, 12, black car, 383.11, 493.36, 412.50, 505.99, 397.80, 499.67, 383.11, 499.67, 412.50, 499.67, 29.39, 12.63
9.50, 22, black car, 1127.52, 543.41, 1158.96, 556.77, 1143.24, 550.09, 1127.52, 550.09, 1158.96, 550.09, 31.43, 13.36
9.50, 5, white car, 566.16, 510.67, 596.61, 525.24, 581.39, 517.95, 566.16, 517.95, 596.61, 517.95, 30.45, 14.57
9.50, 12, black car, 381.85, 493.42, 410.29, 505.65, 396.07, 499.53, 381.85, 499.53, 410.29, 499.53, 28.44, 12.22
9.53, 22, black car, 1124.65, 543.41, 1155.79, 556.70, 1140.22, 550.06, 1124.65, 550.06, 1155.79, 550.06, 31.15, 13.29
9.53, 5, white car, 562.72, 510.50, 593.42, 525.21, 578.07, 517.85, 562.72, 517.85, 593.42, 517.85, 30.70, 14.71
9.57, 22, black car, 1122.34, 543.36, 1153.44, 556.66, 1137.89, 550.01, 1122.34, 550.01, 1153.44, 550.01, 31.10, 13.30
9.57, 5, white car, 559.03, 509.90, 590.43, 524.99, 574.73, 517.45, 559.03, 517.45, 590.43, 517.45, 31.40, 15.09
9.57, 12, black car, 376.43, 492.85, 403.88, 504.50, 390.15, 498.67, 376.43, 498.67, 403.88, 498.67, 27.45, 11.65
9.60, 22, black car, 1120.05, 543.50, 1150.07, 556.38, 1135.06, 549.94, 1120.05, 549.94, 1150.07, 549.94, 30.01, 12.88
9.60, 5, white car, 555.70, 509.71, 587.04, 524.82, 571.37, 517.26, 555.70, 517.26, 587.04, 517.26, 31.34, 15.11
9.60, 12, black car, 373.30, 492.27, 400.96, 503.96, 387.13, 498.12, 373.30, 498.12, 400.96, 498.12, 27.66, 11.69
9.63, 22, black car, 1116.53, 543.27, 1146.28, 556.08, 1131.40, 549.68, 1116.53, 549.68, 1146.28, 549.68, 29.75, 12.80
9.63, 5, white car, 552.72, 509.43, 583.60, 524.31, 568.16, 516.87, 552.72, 516.87, 583.60, 516.87, 30.88, 14.88
9.63, 12, black car, 371.44, 492.10, 399.41, 503.91, 385.43, 498.01, 371.44, 498.01, 399.41, 498.01, 27.97, 11.82
9.67, 22, black car, 1113.05, 543.05, 1142.90, 555.89, 1127.98, 549.47, 1113.05, 549.47, 1142.90, 549.47, 29.85, 12.83
9.67, 5, white car, 549.62, 509.30, 580.31, 524.08, 564.96, 516.69, 549.62, 516.69, 580.31, 516.69, 30.70, 14.77
9.67, 12, black car, 369.22, 491.96, 397.18, 503.75, 383.20, 497.86, 369.22, 497.86, 397.18, 497.86, 27.96, 11.79
9.70, 22, black car, 1109.64, 543.11, 1139.69, 556.03, 1124.66, 549.57, 1109.64, 549.57, 1139.69, 549.57, 30.06, 12.92
9.70, 5, white car, 546.70, 509.02, 576.53, 523.33, 561.62, 516.17, 546.70, 516.17, 576.53, 516.17, 29.83, 14.31
9.73, 22, black car, 1106.56, 542.98, 1136.73, 556.00, 1121.65, 549.49, 1106.56, 549.49, 1136.73, 549.49, 30.16, 13.02
9.73, 5, white car, 543.64, 508.77, 573.15, 522.94, 558.40, 515.86, 543.64, 515.86, 573.15, 515.86, 29.51, 14.17
9.73, 12, black car, 363.79, 491.55, 391.21, 503.05, 377.50, 497.30, 363.79, 497.30, 391.21, 497.30, 27.42, 11.50
9.77, 22, black car, 1104.06, 542.94, 1134.08, 555.94, 1119.07, 549.44, 1104.06, 549.44, 1134.08, 549.44, 30.03, 13.00
9.77, 5, white car, 540.56, 508.74, 569.49, 522.59, 555.03, 515.67, 540.56, 515.67, 569.49, 515.67, 28.93, 13.85
9.80, 22, black car, 1100.21, 542.55, 1130.61, 555.70, 1115.41, 549.13, 1100.21, 549.13, 1130.61, 549.13, 30.40, 13.15
9.80, 5, white car, 537.27, 508.32, 565.99, 522.02, 551.63, 515.17, 537.27, 515.17, 565.99, 515.17, 28.72, 13.70
9.80, 12, black car, 358.96, 490.99, 386.41, 502.44, 372.68, 496.71, 358.96, 496.71, 386.41, 496.71, 27.45, 11.45
9.83, 22, black car, 1096.69, 542.31, 1127.66, 555.72, 1112.17, 549.01, 1096.69, 549.01, 1127.66, 549.01, 30.97, 13.41
9.83, 5, white car, 533.79, 507.81, 562.75, 521.63, 548.27, 514.72, 533.79, 514.72, 562.75, 514.72, 28.96, 13.82
9.87, 22, black car, 1093.82, 542.26, 1124.69, 555.69, 1109.25, 548.97, 1093.82, 548.97, 1124.69, 548.97, 30.88, 13.43
9.87, 5, white car, 530.44, 507.37, 559.44, 521.24, 544.94, 514.30, 530.44, 514.30, 559.44, 514.30, 29.00, 13.87
9.90, 22, black car, 1090.46, 542.03, 1121.99, 555.78, 1106.22, 548.91, 1090.46, 548.91, 1121.99, 548.91, 31.53, 13.75
9.90, 5, white car, 527.40, 506.98, 556.41, 520.87, 541.90, 513.92, 527.40, 513.92, 556.41, 513.92, 29.01, 13.89
9.93, 22, black car, 1087.95, 542.16, 1118.79, 555.64, 1103.37, 548.90, 1087.95, 548.90, 1118.79, 548.90, 30.85, 13.48
9.93, 5, white car, 524.73, 506.72, 553.34, 520.36, 539.04, 513.54, 524.73, 513.54, 553.34, 513.54, 28.61, 13.64
9.97, 22, black car, 1084.78, 542.13, 1115.67, 555.61, 1100.22, 548.87, 1084.78, 548.87, 1115.67, 548.87, 30.89, 13.48
9.97, 5, white car, 521.37, 506.20, 550.30, 519.97, 535.83, 513.09, 521.37, 513.09, 550.30, 513.09, 28.93, 13.77
9.97, 12, black car, 345.35, 489.50, 374.80, 501.67, 360.07, 495.59, 345.35, 495.59, 374.80, 495.59, 29.45, 12.17
