0.00, 9, white car, 89.77, 440.64, 119.93, 457.28, 104.85, 448.96, 89.77, 448.96, 119.93, 448.96, 30.16, 16.64
0.00, 11, white car, 280.36, 466.05, 310.36, 481.58, 295.36, 473.82, 280.36, 473.82, 310.36, 473.82, 29.99, 15.54
0.00, 14, white car, 687.71, 520.88, 718.15, 534.74, 702.93, 527.81, 687.71, 527.81, 718.15, 527.81, 30.43, 13.86
0.00, 38, white car, 569.40, 508.15, 590.77, 520.00, 580.09, 514.07, 569.40, 514.07, 590.77, 514.07, 21.37, 11.86
0.03, 9, white car, 88.42, 440.58, 118.52, 457.18, 103.47, 448.88, 88.42, 448.88, 118.52, 448.88, 30.10, 16.60
0.03, 11, white car, 277.97, 465.43, 308.35, 481.17, 293.16, 473.30, 277.97, 473.30, 308.35, 473.30, 30.38, 15.74
0.03, 14, white car, 685.30, 520.70, 716.45, 534.89, 700.88, 527.80, 685.30, 527.80, 716.45, 527.80, 31.15, 14.19
0.03, 38, white car, 566.81, 507.64, 588.54, 519.70, 577.67, 513.67, 566.81, 513.67, 588.54, 513.67, 21.73, 12.06
0.07, 9, white car, 87.01, 440.47, 116.94, 456.98, 101.98, 448.72, 87.01, 448.72, 116.94, 448.72, 29.93, 16.51
0.07, 11, white car, 275.84, 465.30, 305.87, 480.86, 290.85, 473.08, 275.84, 473.08, 305.87, 473.08, 30.04, 15.56
0.07, 14, white car, 682.51, 520.37, 713.81, 534.64, 698.16, 527.50, 682.51, 527.50, 713.81, 527.50, 31.30, 14.27
0.07, 38, white car, 564.37, 507.28, 586.41, 519.52, 575.39, 513.40, 564.37, 513.40, 586.41, 513.40, 22.04, 12.24
0.10, 9, white car, 85.24, 440.29, 114.84, 456.60, 100.04, 448.45, 85.24, 448.45, 114.84, 448.45, 29.60, 16.31
0.10, 11, white car, 273.47, 465.12, 303.45, 480.65, 288.46, 472.88, 273.47, 472.88, 303.45, 472.88, 29.97, 15.53
0.10, 14, white car, 679.26, 519.93, 710.56, 534.22, 694.91, 527.07, 679.26, 527.07, 710.56, 527.07, 31.31, 14.28
0.13, 9, white car, 83.21, 440.09, 113.14, 456.57, 98.18, 448.33, 83.21, 448.33, 113.14, 448.33, 29.93, 16.48
0.13, 11, white car, 271.07, 464.58, 301.35, 480.29, 286.21, 472.44, 271.07, 472.44, 301.35, 472.44, 30.29, 15.71
0.13, 14, white car, 676.03, 519.41, 707.39, 533.71, 691.71, 526.56, 676.03, 526.56, 707.39, 526.56, 31.36, 14.30
0.17, 9, white car, 81.11, 439.77, 111.43, 456.45, 96.27, 448.11, 81.11, 448.11, 111.43, 448.11, 30.33, 16.67
0.17, 11, white car, 268.99, 464.25, 299.32, 479.98, 284.16, 472.12, 268.99, 472.12, 299.32, 472.12, 30.33, 15.73
0.17, 14, white car, 673.17, 519.15, 704.01, 533.21, 688.59, 526.18, 673.17, 526.18, 704.01, 526.18, 30.84, 14.05
0.20, 9, white car, 79.50, 439.55, 109.80, 456.20, 94.65, 447.88, 79.50, 447.88, 109.80, 447.88, 30.30, 16.65
0.20, 11, white car, 266.81, 463.95, 297.09, 479.68, 281.95, 471.81, 266.81, 471.81, 297.09, 471.81, 30.28, 15.73
0.20, 14, white car, 670.30, 518.91, 700.78, 532.81, 685.54, 525.86, 670.30, 525.86, 700.78, 525.86, 30.49, 13.89
0.23, 9, white car, 78.12, 439.42, 108.22, 455.96, 93.17, 447.69, 78.12, 447.69, 108.22, 447.69, 30.10, 16.54
0.23, 11, white car, 264.56, 463.73, 294.34, 479.18, 279.45, 471.45, 264.56, 471.45, 294.34, 471.45, 29.78, 15.45
0.23, 14, white car, 667.57, 518.75, 697.96, 532.60, 682.76, 525.67, 667.57, 525.67, 697.96, 525.67, 30.39, 13.85
0.27, 9, white car, 76.63, 439.37, 106.17, 455.58, 91.40, 447.47, 76.63, 447.47, 106.17, 447.47, 29.55, 16.21
0.27, 11, white car, 262.13, 463.20, 292.02, 478.71, 277.08, 470.96, 262.13, 470.96, 292.02, 470.96, 29.89, 15.51
0.27, 14, white car, 664.64, 518.50, 695.00, 532.35, 679.82, 525.43, 664.64, 525.43, 695.00, 525.43, 30.36, 13.84
0.30, 9, white car, 75.12, 439.21, 104.55, 455.32, 89.84, 447.26, 75.12, 447.26, 104.55, 447.26, 29.43, 16.10
0.30, 11, white car, 260.16, 462.88, 289.47, 478.09, 274.81, 470.49, 260.16, 470.49, 289.47, 470.49, 29.32, 15.21
0.30, 14, white car, 661.52, 517.91, 691.79, 531.75, 676.66, 524.83, 661.52, 524.83, 691.79, 524.83, 30.27, 13.84
0.33, 9, white car, 73.51, 439.04, 103.03, 455.17, 88.27, 447.11, 73.51, 447.11, 103.03, 447.11, 29.52, 16.13
0.33, 11, white car, 258.25, 462.86, 286.77, 477.57, 272.51, 470.22, 258.25, 470.22, 286.77, 470.22, 28.52, 14.72
0.33, 14, white car, 659.27, 517.44, 689.55, 531.30, 674.41, 524.37, 659.27, 524.37, 689.55, 524.37, 30.29, 13.85
0.37, 9, white car, 71.88, 438.78, 101.82, 455.12, 86.85, 446.95, 71.88, 446.95, 101.82, 446.95, 29.95, 16.34
0.37, 11, white car, 256.10, 462.73, 284.49, 477.32, 270.29, 470.03, 256.10, 470.03, 284.49, 470.03, 28.39, 14.59
0.37, 14, white car, 656.32, 517.28, 686.16, 530.92, 671.24, 524.10, 656.32, 524.10, 686.16, 524.10, 29.83, 13.64
0.40, 9, white car, 70.16, 438.35, 100.69, 455.02, 85.43, 446.68, 70.16, 446.68, 100.69, 446.68, 30.53, 16.67
0.40, 11, white car, 253.75, 462.20, 282.48, 476.92, 268.11, 469.56, 253.75, 469.56, 282.48, 469.56, 28.72, 14.72
0.40, 14, white car, 653.26, 516.80, 683.12, 530.44, 668.19, 523.62, 653.26, 523.62, 683.12, 523.62, 29.86, 13.64
0.43, 9, white car, 68.10, 437.92, 99.34, 455.02, 83.72, 446.47, 68.10, 446.47, 99.34, 446.47, 31.24, 17.10
0.43, 11, white car, 251.35, 461.93, 280.10, 476.60, 265.72, 469.26, 251.35, 469.26, 280.10, 469.26, 28.75, 14.68
0.43, 14, white car, 649.84, 516.32, 680.42, 530.31, 665.13, 523.31, 649.84, 523.31, 680.42, 523.31, 30.58, 13.99
0.43, 56, white car, 531.33, 503.81, 552.21, 515.12, 541.77, 509.47, 531.33, 509.47, 552.21, 509.47, 20.87, 11.31
0.47, 9, white car, 65.93, 437.31, 97.88, 454.84, 81.90, 446.08, 65.93, 446.08, 97.88, 446.08, 31.95, 17.54
0.47, 11, white car, 249.21, 461.89, 278.21, 476.66, 263.71, 469.27, 249.21, 469.27, 278.21, 469.27, 29.00, 14.76
0.47, 14, white car, 647.03, 515.89, 677.80, 530.02, 662.41, 522.95, 647.03, 522.95, 677.80, 522.95, 30.77, 14.12
0.47, 56, white car, 528.76, 503.64, 549.60, 514.91, 539.18, 509.27, 528.76, 509.27, 549.60, 509.27, 20.84, 11.28
0.50, 9, white car, 64.47, 436.99, 96.31, 454.51, 80.39, 445.75, 64.47, 445.75, 96.31, 445.75, 31.84, 17.52
0.50, 11, white car, 246.95, 461.68, 275.89, 476.39, 261.42, 469.04, 246.95, 469.04, 275.89, 469.04, 28.94, 14.71
0.50, 14, white car, 644.40, 515.70, 674.58, 529.54, 659.49, 522.62, 644.40, 522.62, 674.58, 522.62, 30.18, 13.84
0.50, 56, white car, 525.64, 503.34, 546.67, 514.70, 536.16, 509.02, 525.64, 509.02, 546.67, 509.02, 21.03, 11.36
0.53, 9, white car, 62.76, 436.96, 94.18, 454.25, 78.47, 445.61, 62.76, 445.61, 94.18, 445.61, 31.42, 17.29
0.53, 11, white car, 244.83, 461.52, 273.45, 476.02, 259.14, 468.77, 244.83, 468.77, 273.45, 468.77, 28.62, 14.50
0.53, 14, white car, 641.52, 515.32, 671.58, 529.12, 656.55, 522.22, 641.52, 522.22, 671.58, 522.22, 30.06, 13.80
0.53, 56, white car, 522.26, 502.69, 544.15, 514.49, 533.20, 508.59, 522.26, 508.59, 544.15, 508.59, 21.89, 11.80
0.57, 9, white car, 60.92, 437.05, 92.10, 454.16, 76.51, 445.60, 60.92, 445.60, 92.10, 445.60, 31.18, 17.11
0.57, 11, white car, 242.33, 461.24, 271.28, 475.86, 256.81, 468.55, 242.33, 468.55, 271.28, 468.55, 28.95, 14.62
0.57, 14, white car, 638.66, 514.94, 668.42, 528.61, 653.54, 521.78, 638.66, 521.78, 668.42, 521.78, 29.76, 13.67
0.57, 56, white car, 519.17, 502.17, 541.41, 514.16, 530.29, 508.16, 519.17, 508.16, 541.41, 508.16, 22.24, 11.98
0.60, 9, white car, 59.85, 436.85, 90.76, 453.79, 75.30, 445.32, 59.85, 445.32, 90.76, 445.32, 30.91, 16.94
0.60, 11, white car, 239.78, 460.70, 269.51, 475.71, 254.65, 468.21, 239.78, 468.21, 269.51, 468.21, 29.73, 15.02
0.60, 14, white car, 635.83, 514.48, 665.54, 528.11, 650.68, 521.30, 635.83, 521.30, 665.54, 521.30, 29.71, 13.63
0.60, 56, white car, 516.46, 501.60, 538.48, 513.45, 527.47, 507.53, 516.46, 507.53, 538.48, 507.53, 22.01, 11.84
0.63, 9, white car, 58.43, 436.56, 89.13, 453.38, 73.78, 444.97, 58.43, 444.97, 89.13, 444.97, 30.70, 16.82
0.63, 11, white car, 237.53, 460.39, 267.23, 475.39, 252.38, 467.89, 237.53, 467.89, 267.23, 467.89, 29.70, 15.00
0.63, 14, white car, 633.17, 514.29, 662.64, 527.78, 647.91, 521.03, 633.17, 521.03, 662.64, 521.03, 29.46, 13.49
0.63, 56, white car, 512.72, 501.07, 535.21, 513.16, 523.97, 507.11, 512.72, 507.11, 535.21, 507.11, 22.49, 12.09
0.67, 9, white car, 56.44, 436.41, 87.40, 453.33, 71.92, 444.87, 56.44, 444.87, 87.40, 444.87, 30.96, 16.92
0.67, 11, white car, 235.51, 460.23, 265.03, 475.14, 250.27, 467.68, 235.51, 467.68, 265.03, 467.68, 29.52, 14.91
0.67, 14, white car, 630.05, 513.84, 659.96, 527.52, 645.01, 520.68, 630.05, 520.68, 659.96, 520.68, 29.90, 13.68
0.67, 56, white car, 509.26, 500.77, 532.02, 513.03, 520.64, 506.90, 509.26, 506.90, 532.02, 506.90, 22.75, 12.26
0.70, 9, white car, 55.14, 436.27, 85.82, 453.04, 70.48, 444.66, 55.14, 444.66, 85.82, 444.66, 30.68, 16.77
0.70, 11, white car, 233.55, 459.90, 262.75, 474.68, 248.15, 467.29, 233.55, 467.29, 262.75, 467.29, 29.19, 14.78
0.70, 14, white car, 627.11, 513.22, 657.05, 526.92, 642.08, 520.07, 627.11, 520.07, 657.05, 520.07, 29.94, 13.70
0.70, 56, white car, 506.37, 500.20, 529.05, 512.41, 517.71, 506.30, 506.37, 506.30, 529.05, 506.30, 22.68, 12.20
0.73, 9, white car, 53.81, 436.02, 84.34, 452.73, 69.08, 444.38, 53.81, 444.38, 84.34, 444.38, 30.53, 16.71
0.73, 11, white car, 230.97, 459.55, 260.31, 474.38, 245.64, 466.96, 230.97, 466.96, 260.31, 466.96, 29.34, 14.83
0.73, 14, white car, 624.28, 512.98, 653.51, 526.34, 638.89, 519.66, 624.28, 519.66, 653.51, 519.66, 29.24, 13.36
0.73, 56, white car, 503.63, 499.95, 526.26, 512.09, 514.94, 506.02, 503.63, 506.02, 526.26, 506.02, 22.62, 12.14
0.77, 9, white car, 52.05, 435.74, 82.38, 452.27, 67.21, 444.01, 52.05, 444.01, 82.38, 444.01, 30.33, 16.52
0.77, 11, white car, 228.84, 459.22, 258.30, 474.10, 243.57, 466.66, 228.84, 466.66, 258.30, 466.66, 29.46, 14.88
0.77, 14, white car, 621.32, 512.71, 650.59, 526.06, 635.95, 519.38, 621.32, 519.38, 650.59, 519.38, 29.27, 13.35
0.77, 56, white car, 500.81, 499.59, 523.60, 511.80, 512.21, 505.69, 500.81, 505.69, 523.60, 505.69, 22.78, 12.21
0.80, 9, white car, 50.25, 435.58, 80.60, 452.03, 65.42, 443.81, 50.25, 443.81, 80.60, 443.81, 30.34, 16.45
0.80, 11, white car, 226.95, 459.01, 255.91, 473.63, 241.43, 466.32, 226.95, 466.32, 255.91, 466.32, 28.96, 14.62
0.80, 14, white car, 618.73, 512.51, 647.84, 525.74, 633.29, 519.12, 618.73, 519.12, 647.84, 519.12, 29.11, 13.23
0.80, 56, white car, 497.78, 499.22, 520.60, 511.47, 509.19, 505.34, 497.78, 505.34, 520.60, 505.34, 22.83, 12.25
0.83, 9, white car, 48.93, 435.53, 78.93, 451.72, 63.93, 443.63, 48.93, 443.63, 78.93, 443.63, 29.99, 16.19
0.83, 11, white car, 224.43, 458.62, 253.79, 473.44, 239.11, 466.03, 224.43, 466.03, 253.79, 466.03, 29.36, 14.82
0.83, 14, white car, 615.84, 512.13, 645.34, 525.49, 630.59, 518.81, 615.84, 518.81, 645.34, 518.81, 29.50, 13.36
0.83, 56, white car, 494.58, 498.84, 517.77, 511.33, 506.17, 505.08, 494.58, 505.08, 517.77, 505.08, 23.19, 12.48
0.87, 9, white car, 47.20, 435.43, 77.31, 451.65, 62.25, 443.54, 47.20, 443.54, 77.31, 443.54, 30.11, 16.22
0.87, 11, white car, 222.33, 458.34, 251.86, 473.25, 237.09, 465.80, 222.33, 465.80, 251.86, 465.80, 29.53, 14.91
0.87, 14, white car, 613.08, 512.01, 642.51, 525.31, 627.79, 518.66, 613.08, 518.66, 642.51, 518.66, 29.43, 13.29
0.87, 56, white car, 491.54, 498.61, 514.77, 511.16, 503.15, 504.88, 491.54, 504.88, 514.77, 504.88, 23.22, 12.54
0.90, 9, white car, 45.82, 435.30, 75.84, 451.44, 60.83, 443.37, 45.82, 443.37, 75.84, 443.37, 30.02, 16.15
0.90, 11, white car, 219.77, 457.87, 249.79, 473.07, 234.78, 465.47, 219.77, 465.47, 249.79, 465.47, 30.02, 15.19
0.90, 14, white car, 609.89, 511.59, 639.65, 525.02, 624.77, 518.31, 609.89, 518.31, 639.65, 518.31, 29.76, 13.43
0.90, 56, white car, 488.93, 498.41, 512.16, 510.97, 500.54, 504.69, 488.93, 504.69, 512.16, 504.69, 23.22, 12.56
0.93, 9, white car, 44.41, 435.07, 74.50, 451.25, 59.45, 443.16, 44.41, 443.16, 74.50, 443.16, 30.09, 16.18
0.93, 11, white car, 218.48, 457.75, 247.92, 472.71, 233.20, 465.23, 218.48, 465.23, 247.92, 465.23, 29.43, 14.96
0.93, 14, white car, 606.87, 511.20, 636.80, 524.71, 621.84, 517.96, 606.87, 517.96, 636.80, 517.96, 29.94, 13.50
0.93, 56, white car, 486.09, 498.36, 508.89, 510.70, 497.49, 504.53, 486.09, 504.53, 508.89, 504.53, 22.79, 12.34
0.97, 9, white car, 42.77, 434.78, 73.03, 451.07, 57.90, 442.93, 42.77, 442.93, 73.03, 442.93, 30.26, 16.29
0.97, 11, white car, 215.12, 457.26, 245.02, 472.40, 230.07, 464.83, 215.12, 464.83, 245.02, 464.83, 29.90, 15.14
0.97, 14, white car, 604.16, 510.71, 634.01, 524.16, 619.08, 517.44, 604.16, 517.44, 634.01, 517.44, 29.85, 13.45
0.97, 56, white car, 483.00, 498.09, 505.46, 510.27, 494.23, 504.18, 483.00, 504.18, 505.46, 504.18, 22.46, 12.18
1.00, 9, white car, 41.07, 434.49, 71.51, 450.88, 56.29, 442.68, 41.07, 442.68, 71.51, 442.68, 30.44, 16.39
1.00, 11, white car, 212.08, 456.50, 243.20, 472.32, 227.64, 464.41, 212.08, 464.41, 243.20, 464.41, 31.13, 15.82
1.00, 14, white car, 601.53, 510.40, 631.21, 523.77, 616.37, 517.09, 601.53, 517.09, 631.21, 517.09, 29.68, 13.37
1.00, 56, white car, 480.02, 497.68, 502.41, 509.83, 491.21, 503.75, 480.02, 503.75, 502.41, 503.75, 22.40, 12.14
1.03, 9, white car, 39.67, 434.27, 70.20, 450.69, 54.93, 442.48, 39.67, 442.48, 70.20, 442.48, 30.53, 16.42
1.03, 11, white car, 209.76, 455.93, 241.51, 472.17, 225.63, 464.05, 209.76, 464.05, 241.51, 464.05, 31.75, 16.24
1.03, 14, white car, 598.89, 510.26, 628.58, 523.64, 613.73, 516.95, 598.89, 516.95, 628.58, 516.95, 29.69, 13.37
1.03, 56, white car, 477.03, 497.22, 499.66, 509.50, 488.34, 503.36, 477.03, 503.36, 499.66, 503.36, 22.63, 12.28
1.07, 9, white car, 38.25, 434.08, 68.49, 450.30, 53.37, 442.19, 38.25, 442.19, 68.49, 442.19, 30.24, 16.22
1.07, 11, white car, 207.68, 455.69, 239.11, 471.80, 223.39, 463.75, 207.68, 463.75, 239.11, 463.75, 31.43, 16.11
1.07, 14, white car, 596.12, 509.81, 625.68, 523.08, 610.90, 516.45, 596.12, 516.45, 625.68, 516.45, 29.55, 13.27
1.07, 56, white car, 474.11, 496.86, 496.76, 509.16, 485.44, 503.01, 474.11, 503.01, 496.76, 503.01, 22.65, 12.30
1.10, 9, white car, 36.54, 433.84, 67.05, 450.21, 51.79, 442.02, 36.54, 442.02, 67.05, 442.02, 30.51, 16.36
1.10, 11, white car, 205.89, 455.80, 236.32, 471.42, 221.11, 463.61, 205.89, 463.61, 236.32, 463.61, 30.44, 15.62
1.10, 14, white car, 593.28, 509.60, 622.97, 522.90, 608.12, 516.25, 593.28, 516.25, 622.97, 516.25, 29.69, 13.30
1.10, 56, white car, 471.02, 496.59, 494.12, 509.13, 482.57, 502.86, 471.02, 502.86, 494.12, 502.86, 23.10, 12.55
1.13, 9, white car, 34.98, 433.78, 65.34, 450.05, 50.16, 441.91, 34.98, 441.91, 65.34, 441.91, 30.35, 16.26
1.13, 11, white car, 204.21, 455.66, 234.09, 471.03, 219.15, 463.34, 204.21, 463.34, 234.09, 463.34, 29.88, 15.37
1.13, 14, white car, 590.38, 509.03, 620.35, 522.44, 605.37, 515.74, 590.38, 515.74, 620.35, 515.74, 29.97, 13.41
1.13, 56, white car, 468.08, 496.14, 491.16, 508.72, 479.62, 502.43, 468.08, 502.43, 491.16, 502.43, 23.08, 12.58
1.17, 9, white car, 33.10, 433.51, 63.69, 449.88, 48.40, 441.69, 33.10, 441.69, 63.69, 441.69, 30.59, 16.37
1.17, 11, white car, 202.18, 455.26, 231.96, 470.58, 217.07, 462.92, 202.18, 462.92, 231.96, 462.92, 29.78, 15.32
1.17, 14, white car, 587.36, 508.52, 617.13, 521.84, 602.24, 515.18, 587.36, 515.18, 617.13, 515.18, 29.78, 13.32
1.17, 56, white car, 465.42, 495.88, 488.19, 508.33, 476.81, 502.11, 465.42, 502.11, 488.19, 502.11, 22.77, 12.45
1.20, 9, white car, 30.91, 433.35, 61.96, 449.94, 46.43, 441.65, 30.91, 441.65, 61.96, 441.65, 31.05, 16.59
1.20, 11, white car, 200.17, 454.93, 230.02, 470.28, 215.10, 462.61, 200.17, 462.61, 230.02, 462.61, 29.85, 15.35
1.20, 14, white car, 584.30, 508.12, 614.29, 521.55, 599.30, 514.83, 584.30, 514.83, 614.29, 514.83, 29.99, 13.43
1.20, 56, white car, 462.44, 495.45, 485.33, 507.98, 473.89, 501.71, 462.44, 501.71, 485.33, 501.71, 22.89, 12.53
1.23, 9, white car, 29.28, 433.13, 60.91, 450.02, 45.09, 441.57, 29.28, 441.57, 60.91, 441.57, 31.63, 16.89
1.23, 11, white car, 198.03, 454.52, 228.53, 470.20, 213.28, 462.36, 198.03, 462.36, 228.53, 462.36, 30.49, 15.67
1.23, 14, white car, 581.22, 507.76, 611.54, 521.36, 596.38, 514.56, 581.22, 514.56, 611.54, 514.56, 30.32, 13.60
1.23, 56, white car, 459.90, 495.09, 482.84, 507.62, 471.37, 501.35, 459.90, 501.35, 482.84, 501.35, 22.93, 12.53
1.27, 9, white car, 27.66, 432.65, 60.14, 449.98, 43.90, 441.32, 27.66, 441.32, 60.14, 441.32, 32.48, 17.33
1.27, 11, white car, 195.61, 454.37, 225.64, 469.82, 210.63, 462.10, 195.61, 462.10, 225.64, 462.10, 30.02, 15.44
1.27, 14, white car, 578.39, 507.28, 608.96, 521.02, 593.68, 514.15, 578.39, 514.15, 608.96, 514.15, 30.57, 13.74
1.27, 56, white car, 456.89, 494.82, 479.10, 506.93, 467.99, 500.87, 456.89, 500.87, 479.10, 500.87, 22.21, 12.11
1.30, 9, white car, 26.33, 432.23, 59.57, 449.82, 42.95, 441.03, 26.33, 441.03, 59.57, 441.03, 33.24, 17.59
1.30, 11, white car, 193.59, 454.23, 223.65, 469.73, 208.62, 461.98, 193.59, 461.98, 223.65, 461.98, 30.06, 15.49
1.30, 14, white car, 575.63, 506.83, 606.01, 520.47, 590.82, 513.65, 575.63, 513.65, 606.01, 513.65, 30.38, 13.64
1.30, 56, white car, 453.68, 494.31, 475.93, 506.46, 464.81, 500.39, 453.68, 500.39, 475.93, 500.39, 22.25, 12.15
1.33, 9, white car, 25.14, 432.04, 58.66, 449.62, 41.90, 440.83, 25.14, 440.83, 58.66, 440.83, 33.52, 17.58
1.33, 11, white car, 190.92, 453.52, 222.57, 469.74, 206.74, 461.63, 190.92, 461.63, 222.57, 461.63, 31.65, 16.22
1.33, 14, white car, 572.73, 506.42, 603.21, 520.11, 587.97, 513.27, 572.73, 513.27, 603.21, 513.27, 30.48, 13.69
1.33, 56, white car, 451.00, 494.16, 472.55, 505.83, 461.78, 499.99, 451.00, 499.99, 472.55, 499.99, 21.55, 11.67
1.37, 9, white car, 24.50, 432.11, 58.31, 449.64, 41.41, 440.88, 24.50, 440.88, 58.31, 440.88, 33.81, 17.53
1.37, 11, white car, 187.98, 453.26, 220.54, 469.75, 204.26, 461.51, 187.98, 461.51, 220.54, 461.51, 32.56, 16.49
1.37, 14, white car, 569.87, 506.01, 600.13, 519.62, 585.00, 512.82, 569.87, 512.82, 600.13, 512.82, 30.26, 13.60
1.37, 56, white car, 447.83, 493.91, 469.72, 505.63, 458.77, 499.77, 447.83, 499.77, 469.72, 499.77, 21.89, 11.72
1.40, 9, white car, 22.64, 432.06, 56.65, 449.50, 39.65, 440.78, 22.64, 440.78, 56.65, 440.78, 34.01, 17.43
1.40, 11, white car, 185.45, 453.06, 218.14, 469.56, 201.80, 461.31, 185.45, 461.31, 218.14, 461.31, 32.70, 16.51
1.40, 14, white car, 567.02, 505.77, 597.60, 519.57, 582.31, 512.67, 567.02, 512.67, 597.60, 512.67, 30.58, 13.79
1.40, 56, white car, 444.82, 493.31, 467.24, 505.22, 456.03, 499.27, 444.82, 499.27, 467.24, 499.27, 22.42, 11.91
1.43, 9, white car, 19.14, 432.11, 52.74, 449.36, 35.94, 440.73, 19.14, 440.73, 52.74, 440.73, 33.61, 17.25
1.43, 11, white car, 183.13, 452.98, 214.97, 469.09, 199.05, 461.03, 183.13, 461.03, 214.97, 461.03, 31.84, 16.11
1.43, 14, white car, 564.00, 505.54, 594.93, 519.53, 579.46, 512.53, 564.00, 512.53, 594.93, 512.53, 30.92, 13.99
1.43, 56, white car, 441.42, 492.61, 464.85, 505.19, 453.13, 498.90, 441.42, 498.90, 464.85, 498.90, 23.43, 12.58
1.47, 9, white car, 16.94, 431.92, 49.61, 448.76, 33.28, 440.34, 16.94, 440.34, 49.61, 440.34, 32.67, 16.84
1.47, 11, white car, 181.10, 452.66, 212.25, 468.52, 196.68, 460.59, 181.10, 460.59, 212.25, 460.59, 31.16, 15.86
1.50, 9, white car, 15.31, 431.73, 47.71, 448.49, 31.51, 440.11, 15.31, 440.11, 47.71, 440.11, 32.39, 16.76
1.50, 11, white car, 178.98, 452.37, 209.89, 468.17, 194.43, 460.27, 178.98, 460.27, 209.89, 460.27, 30.91, 15.79
1.53, 9, white car, 14.02, 431.59, 46.32, 448.34, 30.17, 439.96, 14.02, 439.96, 46.32, 439.96, 32.29, 16.75
1.53, 11, white car, 177.38, 452.25, 207.85, 467.86, 192.61, 460.05, 177.38, 460.05, 207.85, 460.05, 30.48, 15.61
1.53, 14, white car, 555.83, 504.29, 585.72, 517.81, 570.77, 511.05, 555.83, 511.05, 585.72, 511.05, 29.88, 13.53
1.53, 56, white car, 434.23, 491.71, 456.44, 503.56, 445.34, 497.64, 434.23, 497.64, 456.44, 497.64, 22.21, 11.86
1.57, 9, white car, 12.67, 431.21, 44.90, 447.98, 28.78, 439.60, 12.67, 439.60, 44.90, 439.60, 32.24, 16.76
1.57, 11, white car, 175.59, 452.20, 205.74, 467.72, 190.66, 459.96, 175.59, 459.96, 205.74, 459.96, 30.14, 15.52
1.57, 14, white car, 552.92, 503.79, 582.62, 517.19, 567.77, 510.49, 552.92, 510.49, 582.62, 510.49, 29.70, 13.39
1.57, 56, white car, 431.71, 491.41, 453.89, 503.15, 442.80, 497.28, 431.71, 497.28, 453.89, 497.28, 22.18, 11.73
1.60, 9, white car, 11.38, 431.16, 43.24, 447.78, 27.31, 439.47, 11.38, 439.47, 43.24, 439.47, 31.86, 16.61
1.60, 11, white car, 173.39, 451.80, 203.80, 467.53, 188.59, 459.66, 173.39, 459.66, 203.80, 459.66, 30.41, 15.74
1.60, 14, white car, 549.79, 503.47, 579.68, 516.98, 564.74, 510.22, 549.79, 510.22, 579.68, 510.22, 29.89, 13.51
1.60, 56, white car, 428.22, 490.98, 450.47, 502.71, 439.34, 496.85, 428.22, 496.85, 450.47, 496.85, 22.25, 11.73
1.63, 9, white car, 10.18, 431.06, 41.74, 447.55, 25.96, 439.31, 10.18, 439.31, 41.74, 439.31, 31.56, 16.49
1.63, 11, white car, 171.25, 451.43, 201.82, 467.31, 186.53, 459.37, 171.25, 459.37, 201.82, 459.37, 30.58, 15.89
1.63, 14, white car, 547.12, 503.22, 576.99, 516.73, 562.06, 509.97, 547.12, 509.97, 576.99, 509.97, 29.87, 13.51
1.63, 56, white car, 424.98, 490.61, 447.16, 502.34, 436.07, 496.47, 424.98, 496.47, 447.16, 496.47, 22.18, 11.73
1.67, 9, white car, 9.20, 431.04, 39.93, 447.09, 24.57, 439.07, 9.20, 439.07, 39.93, 439.07, 30.74, 16.05
1.67, 11, white car, 168.95, 451.10, 199.44, 466.98, 184.19, 459.04, 168.95, 459.04, 199.44, 459.04, 30.49, 15.88
1.67, 14, white car, 544.54, 502.95, 574.43, 516.46, 559.48, 509.71, 544.54, 509.71, 574.43, 509.71, 29.89, 13.51
1.67, 56, white car, 421.84, 490.36, 444.01, 502.09, 432.93, 496.23, 421.84, 496.23, 444.01, 496.23, 22.17, 11.72
1.70, 9, white car, 7.95, 431.03, 37.93, 446.68, 22.94, 438.86, 7.95, 438.86, 37.93, 438.86, 29.99, 15.65
1.70, 11, white car, 167.04, 450.78, 196.91, 466.36, 181.97, 458.57, 167.04, 458.57, 196.91, 458.57, 29.87, 15.58
1.70, 14, white car, 541.46, 502.17, 572.23, 516.12, 556.84, 509.14, 541.46, 509.14, 572.23, 509.14, 30.77, 13.95
1.70, 56, white car, 418.96, 490.00, 440.93, 501.61, 429.94, 495.80, 418.96, 495.80, 440.93, 495.80, 21.97, 11.61
1.73, 9, white car, 6.14, 430.91, 36.00, 446.51, 21.07, 438.71, 6.14, 438.71, 36.00, 438.71, 29.86, 15.59
1.73, 11, white car, 164.85, 450.30, 194.68, 465.89, 179.77, 458.10, 164.85, 458.10, 194.68, 458.10, 29.84, 15.58
1.73, 14, white car, 538.63, 501.91, 568.95, 515.69, 553.79, 508.80, 538.63, 508.80, 568.95, 508.80, 30.32, 13.78
1.73, 56, white car, 415.91, 489.60, 438.14, 501.32, 427.02, 495.46, 415.91, 495.46, 438.14, 495.46, 22.23, 11.72
1.77, 9, white car, 4.10, 430.62, 34.28, 446.35, 19.19, 438.48, 4.10, 438.48, 34.28, 438.48, 30.19, 15.73
1.77, 11, white car, 162.66, 450.05, 192.55, 465.72, 177.60, 457.89, 162.66, 457.89, 192.55, 457.89, 29.90, 15.67
1.77, 14, white car, 535.70, 501.39, 566.10, 515.27, 550.90, 508.33, 535.70, 508.33, 566.10, 508.33, 30.40, 13.87
1.77, 56, white car, 413.04, 489.17, 435.70, 501.11, 424.37, 495.14, 413.04, 495.14, 435.70, 495.14, 22.66, 11.93
1.80, 9, white car, 2.55, 430.37, 32.78, 446.11, 17.67, 438.24, 2.55, 438.24, 32.78, 438.24, 30.23, 15.75
1.80, 11, white car, 160.69, 449.76, 190.59, 465.48, 175.64, 457.62, 160.69, 457.62, 190.59, 457.62, 29.90, 15.72
1.80, 14, white car, 532.99, 500.85, 563.74, 514.94, 548.36, 507.89, 532.99, 507.89, 563.74, 507.89, 30.76, 14.09
1.80, 56, white car, 410.38, 488.79, 433.00, 500.76, 421.69, 494.77, 410.38, 494.77, 433.00, 494.77, 22.62, 11.96
1.83, 9, white car, 1.08, 430.14, 31.48, 446.00, 16.28, 438.07, 1.08, 438.07, 31.48, 438.07, 30.41, 15.86
1.83, 11, white car, 158.76, 449.48, 189.10, 465.45, 173.93, 457.46, 158.76, 457.46, 189.10, 457.46, 30.33, 15.97
1.83, 14, white car, 530.22, 500.63, 560.98, 514.76, 545.60, 507.70, 530.22, 507.70, 560.98, 507.70, 30.76, 14.13
1.83, 56, white car, 407.26, 488.31, 430.20, 500.50, 418.73, 494.40, 407.26, 494.40, 430.20, 494.40, 22.94, 12.19
1.87, 9, white car, 0.00, 429.92, 30.20, 445.77, 15.10, 437.84, 0.00, 437.84, 30.20, 437.84, 30.20, 15.85
1.87, 11, white car, 156.99, 449.20, 187.70, 465.35, 172.35, 457.28, 156.99, 457.28, 187.70, 457.28, 30.72, 16.15
1.87, 14, white car, 527.41, 500.28, 558.06, 514.41, 542.74, 507.35, 527.41, 507.35, 558.06, 507.35, 30.65, 14.12
1.87, 56, white car, 404.44, 488.02, 427.20, 500.10, 415.82, 494.06, 404.44, 494.06, 427.20, 494.06, 22.75, 12.07
1.90, 9, white car, 0.00, 429.79, 29.00, 445.48, 14.50, 437.63, 0.00, 437.63, 29.00, 437.63, 29.00, 15.69
1.90, 11, white car, 154.70, 449.02, 185.28, 465.09, 169.99, 457.05, 154.70, 457.05, 185.28, 457.05, 30.58, 16.07
1.90, 14, white car, 524.72, 500.07, 554.66, 513.91, 539.69, 506.99, 524.72, 506.99, 554.66, 506.99, 29.94, 13.84
1.90, 56, white car, 401.42, 487.37, 424.22, 499.43, 412.82, 493.40, 401.42, 493.40, 424.22, 493.40, 22.80, 12.07
1.93, 9, white car, 0.00, 429.69, 28.06, 445.23, 14.03, 437.46, 0.00, 437.46, 28.06, 437.46, 28.06, 15.54
1.93, 11, white car, 152.92, 448.76, 182.62, 464.32, 167.77, 456.54, 152.92, 456.54, 182.62, 456.54, 29.70, 15.56
1.93, 14, white car, 522.14, 499.64, 552.14, 513.51, 537.14, 506.58, 522.14, 506.58, 552.14, 506.58, 30.01, 13.87
1.93, 56, white car, 398.18, 486.78, 421.42, 499.02, 409.80, 492.90, 398.18, 492.90, 421.42, 492.90, 23.23, 12.24
1.97, 9, white car, 0.00, 429.41, 26.98, 444.95, 13.49, 437.18, 0.00, 437.18, 26.98, 437.18, 26.98, 15.54
1.97, 11, white car, 150.97, 448.56, 180.59, 464.00, 165.78, 456.28, 150.97, 456.28, 180.59, 456.28, 29.62, 15.44
1.97, 14, white car, 519.22, 499.29, 549.28, 513.19, 534.25, 506.24, 519.22, 506.24, 549.28, 506.24, 30.06, 13.90
2.00, 9, white car, 0.00, 429.49, 26.02, 444.72, 13.01, 437.11, 0.00, 437.11, 26.02, 437.11, 26.02, 15.23
2.00, 11, white car, 148.89, 448.39, 178.46, 463.78, 163.68, 456.08, 148.89, 456.08, 178.46, 456.08, 29.56, 15.39
2.00, 14, white car, 516.38, 498.80, 546.91, 512.94, 531.65, 505.87, 516.38, 505.87, 546.91, 505.87, 30.53, 14.14
2.00, 56, white car, 392.34, 486.09, 415.53, 498.31, 403.93, 492.20, 392.34, 492.20, 415.53, 492.20, 23.19, 12.22
2.03, 9, white car, 0.00, 429.39, 24.93, 444.42, 12.46, 436.91, 0.00, 436.91, 24.93, 436.91, 24.93, 15.03
2.03, 11, white car, 146.71, 448.15, 176.33, 463.57, 161.52, 455.86, 146.71, 455.86, 176.33, 455.86, 29.62, 15.42
2.03, 14, white car, 514.03, 498.51, 544.17, 512.47, 529.10, 505.49, 514.03, 505.49, 544.17, 505.49, 30.14, 13.97
2.07, 9, white car, 0.00, 429.42, 23.94, 444.28, 11.97, 436.85, 0.00, 436.85, 23.94, 436.85, 23.94, 14.85
2.07, 11, white car, 144.32, 447.98, 173.85, 463.32, 159.09, 455.65, 144.32, 455.65, 173.85, 455.65, 29.52, 15.34
2.07, 14, white car, 511.24, 498.18, 541.14, 512.04, 526.19, 505.11, 511.24, 505.11, 541.14, 505.11, 29.90, 13.85
2.07, 56, white car, 386.11, 485.29, 409.36, 497.49, 397.73, 491.39, 386.11, 491.39, 409.36, 491.39, 23.24, 12.20
2.10, 9, white car, 0.00, 429.48, 23.39, 444.08, 11.69, 436.78, 0.00, 436.78, 23.39, 436.78, 23.39, 14.60
2.10, 11, white car, 142.12, 447.58, 171.56, 462.87, 156.84, 455.23, 142.12, 455.23, 171.56, 455.23, 29.44, 15.30
2.10, 14, white car, 508.11, 497.63, 538.20, 511.58, 523.15, 504.61, 508.11, 504.61, 538.20, 504.61, 30.10, 13.95
2.10, 56, white car, 381.74, 484.78, 405.81, 497.24, 393.77, 491.01, 381.74, 491.01, 405.81, 491.01, 24.06, 12.46
2.13, 9, white car, 0.00, 429.61, 21.45, 443.86, 10.73, 436.73, 0.00, 436.73, 21.45, 436.73, 21.45, 14.25
2.13, 11, white car, 140.09, 447.18, 169.52, 462.46, 154.81, 454.82, 140.09, 454.82, 169.52, 454.82, 29.43, 15.27
2.13, 14, white car, 505.41, 497.24, 535.61, 511.23, 520.51, 504.23, 505.41, 504.23, 535.61, 504.23, 30.20, 13.99
2.13, 56, white car, 378.45, 484.28, 403.14, 496.97, 390.80, 490.63, 378.45, 490.63, 403.14, 490.63, 24.69, 12.69
2.17, 9, white car, 0.00, 429.64, 20.11, 443.79, 10.06, 436.72, 0.00, 436.72, 20.11, 436.72, 20.11, 14.15
2.17, 11, white car, 138.31, 447.05, 167.48, 462.15, 152.89, 454.60, 138.31, 454.60, 167.48, 454.60, 29.16, 15.10
2.17, 14, white car, 502.67, 496.82, 533.16, 510.96, 517.91, 503.89, 502.67, 503.89, 533.16, 503.89, 30.49, 14.14
2.17, 56, white car, 376.66, 484.23, 400.91, 496.71, 388.78, 490.47, 376.66, 490.47, 400.91, 490.47, 24.24, 12.48
2.20, 9, white car, 0.00, 429.05, 19.03, 443.86, 9.51, 436.46, 0.00, 436.46, 19.03, 436.46, 19.03, 14.81
2.20, 11, white car, 136.40, 446.94, 165.30, 461.86, 150.85, 454.40, 136.40, 454.40, 165.30, 454.40, 28.90, 14.92
2.20, 14, white car, 499.71, 496.56, 530.35, 510.81, 515.03, 503.69, 499.71, 503.69, 530.35, 503.69, 30.64, 14.25
2.20, 56, white car, 374.84, 483.30, 399.45, 496.03, 387.15, 489.66, 374.84, 489.66, 399.45, 489.66, 24.61, 12.74
2.23, 9, white car, 0.00, 428.53, 18.02, 444.00, 9.01, 436.26, 0.00, 436.26, 18.02, 436.26, 18.02, 15.46
2.23, 11, white car, 134.12, 446.48, 163.79, 461.82, 148.95, 454.15, 134.12, 454.15, 163.79, 454.15, 29.67, 15.34
2.23, 14, white car, 497.10, 496.10, 528.00, 510.51, 512.55, 503.31, 497.10, 503.31, 528.00, 503.31, 30.90, 14.40
2.23, 56, white car, 372.73, 482.88, 397.15, 495.62, 384.94, 489.25, 372.73, 489.25, 397.15, 489.25, 24.42, 12.74
2.27, 9, white car, 0.00, 428.45, 16.58, 443.94, 8.29, 436.19, 0.00, 436.19, 16.58, 436.19, 16.58, 15.49
2.27, 11, white car, 131.75, 446.16, 161.81, 461.73, 146.78, 453.95, 131.75, 453.95, 161.81, 453.95, 30.05, 15.57
2.27, 14, white car, 494.46, 495.77, 525.12, 510.09, 509.79, 502.93, 494.46, 502.93, 525.12, 502.93, 30.66, 14.32
2.27, 56, white car, 369.65, 482.15, 394.15, 495.04, 381.90, 488.60, 369.65, 488.60, 394.15, 488.60, 24.50, 12.89
2.30, 9, white car, 0.00, 428.42, 15.15, 443.73, 7.58, 436.07, 0.00, 436.07, 15.15, 436.07, 15.15, 15.31
2.30, 11, white car, 129.42, 445.81, 159.87, 461.60, 144.65, 453.71, 129.42, 453.71, 159.87, 453.71, 30.45, 15.79
2.30, 14, white car, 491.44, 495.40, 522.50, 509.93, 506.97, 502.66, 491.44, 502.66, 522.50, 502.66, 31.05, 14.53
2.30, 56, white car, 366.61, 481.85, 391.20, 494.81, 378.91, 488.33, 366.61, 488.33, 391.20, 488.33, 24.59, 12.97
2.33, 9, white car, 0.00, 428.71, 13.86, 443.72, 6.93, 436.22, 0.00, 436.22, 13.86, 436.22, 13.86, 15.00
2.33, 11, white car, 127.44, 445.50, 158.02, 461.40, 142.73, 453.45, 127.44, 453.45, 158.02, 453.45, 30.58, 15.90
2.33, 14, white car, 488.77, 495.02, 519.52, 509.43, 504.15, 502.22, 488.77, 502.22, 519.52, 502.22, 30.75, 14.41
2.33, 56, white car, 364.50, 481.74, 389.38, 494.88, 376.94, 488.31, 364.50, 488.31, 389.38, 488.31, 24.88, 13.14
2.37, 11, white car, 125.60, 445.13, 156.15, 461.01, 140.87, 453.07, 125.60, 453.07, 156.15, 453.07, 30.55, 15.89
2.37, 14, white car, 486.16, 494.76, 516.93, 509.25, 501.54, 502.01, 486.16, 502.01, 516.93, 502.01, 30.78, 14.49
2.37, 56, white car, 362.81, 481.52, 387.98, 494.70, 375.39, 488.11, 362.81, 488.11, 387.98, 488.11, 25.18, 13.18
2.40, 11, white car, 123.84, 445.04, 154.08, 460.77, 138.96, 452.91, 123.84, 452.91, 154.08, 452.91, 30.24, 15.72
2.40, 14, white car, 483.42, 494.33, 514.10, 508.82, 498.76, 501.57, 483.42, 501.57, 514.10, 501.57, 30.68, 14.50
2.40, 56, white car, 360.52, 481.18, 385.43, 494.16, 372.97, 487.67, 360.52, 487.67, 385.43, 487.67, 24.90, 12.99
2.43, 11, white car, 121.69, 444.79, 151.80, 460.43, 136.75, 452.61, 121.69, 452.61, 151.80, 452.61, 30.11, 15.64
2.43, 14, white car, 480.46, 493.65, 511.00, 508.10, 495.73, 500.88, 480.46, 500.88, 511.00, 500.88, 30.55, 14.44
2.43, 56, white car, 356.20, 480.73, 380.26, 493.42, 368.23, 487.07, 356.20, 487.07, 380.26, 487.07, 24.06, 12.69
2.47, 11, white car, 119.38, 444.38, 149.99, 460.33, 134.69, 452.35, 119.38, 452.35, 149.99, 452.35, 30.61, 15.95
2.47, 14, white car, 477.84, 493.14, 508.33, 507.58, 493.09, 500.36, 477.84, 500.36, 508.33, 500.36, 30.49, 14.44
2.47, 56, white car, 352.19, 479.91, 376.42, 492.72, 364.30, 486.32, 352.19, 486.32, 376.42, 486.32, 24.23, 12.81
2.50, 11, white car, 117.14, 443.97, 148.05, 460.10, 132.59, 452.04, 117.14, 452.04, 148.05, 452.04, 30.91, 16.14
2.50, 14, white car, 475.20, 492.74, 505.33, 507.05, 490.26, 499.90, 475.20, 499.90, 505.33, 499.90, 30.13, 14.31
2.53, 11, white car, 115.02, 443.51, 146.17, 459.83, 130.60, 451.67, 115.02, 451.67, 146.17, 451.67, 31.15, 16.33
2.53, 14, white car, 472.96, 492.48, 502.72, 506.64, 487.84, 499.56, 472.96, 499.56, 502.72, 499.56, 29.76, 14.16
2.57, 11, white car, 112.96, 443.22, 144.08, 459.56, 128.52, 451.39, 112.96, 451.39, 144.08, 451.39, 31.12, 16.33
2.57, 14, white car, 470.30, 492.35, 499.91, 506.46, 485.11, 499.40, 470.30, 499.40, 499.91, 499.40, 29.61, 14.11
2.57, 56, white car, 344.25, 478.71, 368.48, 491.56, 356.37, 485.14, 344.25, 485.14, 368.48, 485.14, 24.23, 12.85
2.60, 11, white car, 111.37, 443.13, 141.87, 459.14, 126.62, 451.14, 111.37, 451.14, 141.87, 451.14, 30.51, 16.01
2.60, 14, white car, 467.67, 492.22, 497.30, 506.31, 482.48, 499.26, 467.67, 499.26, 497.30, 499.26, 29.63, 14.09
2.63, 11, white car, 109.60, 442.91, 139.78, 458.75, 124.69, 450.83, 109.60, 450.83, 139.78, 450.83, 30.18, 15.84
2.63, 14, white car, 465.03, 491.88, 494.28, 505.74, 479.65, 498.81, 465.03, 498.81, 494.28, 498.81, 29.24, 13.86
2.67, 11, white car, 107.44, 442.54, 137.82, 458.52, 122.63, 450.53, 107.44, 450.53, 137.82, 450.53, 30.38, 15.98
2.67, 14, white car, 462.62, 491.52, 491.30, 505.05, 476.96, 498.28, 462.62, 498.28, 491.30, 498.28, 28.68, 13.52
2.70, 11, white car, 105.01, 442.26, 135.44, 458.31, 120.23, 450.29, 105.01, 450.29, 135.44, 450.29, 30.44, 16.05
2.70, 14, white car, 459.88, 491.36, 488.49, 504.80, 474.19, 498.08, 459.88, 498.08, 488.49, 498.08, 28.61, 13.44
2.73, 11, white car, 103.05, 442.02, 133.06, 457.88, 118.05, 449.95, 103.05, 449.95, 133.06, 449.95, 30.02, 15.86
2.73, 14, white car, 457.13, 491.13, 485.35, 504.32, 471.24, 497.72, 457.13, 497.72, 485.35, 497.72, 28.22, 13.19
2.77, 11, white car, 101.35, 441.79, 130.93, 457.41, 116.14, 449.60, 101.35, 449.60, 130.93, 449.60, 29.58, 15.62
2.77, 14, white car, 454.37, 490.68, 482.77, 503.90, 468.57, 497.29, 454.37, 497.29, 482.77, 497.29, 28.40, 13.22
2.80, 11, white car, 99.29, 441.57, 128.80, 457.13, 114.05, 449.35, 99.29, 449.35, 128.80, 449.35, 29.51, 15.56
2.80, 14, white car, 451.51, 490.43, 479.93, 503.62, 465.72, 497.02, 451.51, 497.02, 479.93, 497.02, 28.42, 13.19
2.83, 11, white car, 97.47, 441.41, 127.03, 456.96, 112.25, 449.19, 97.47, 449.19, 127.03, 449.19, 29.55, 15.56
2.83, 14, white car, 448.74, 489.96, 477.22, 503.14, 462.98, 496.55, 448.74, 496.55, 477.22, 496.55, 28.47, 13.18
2.87, 11, white car, 95.73, 441.35, 125.02, 456.74, 110.37, 449.04, 95.73, 449.04, 125.02, 449.04, 29.29, 15.39
2.87, 14, white car, 446.53, 489.66, 474.57, 502.62, 460.55, 496.14, 446.53, 496.14, 474.57, 496.14, 28.04, 12.95
2.90, 11, white car, 93.72, 441.15, 123.17, 456.59, 108.44, 448.87, 93.72, 448.87, 123.17, 448.87, 29.44, 15.44
2.90, 14, white car, 443.92, 489.45, 471.82, 502.29, 457.87, 495.87, 443.92, 495.87, 471.82, 495.87, 27.90, 12.84
2.93, 11, white car, 91.65, 440.89, 121.21, 456.39, 106.43, 448.64, 91.65, 448.64, 121.21, 448.64, 29.56, 15.50
2.93, 14, white car, 440.94, 489.19, 469.25, 502.17, 455.09, 495.68, 440.94, 495.68, 469.25, 495.68, 28.31, 12.98
2.93, 56, white car, 314.02, 475.37, 337.09, 487.54, 325.56, 481.46, 314.02, 481.46, 337.09, 481.46, 23.07, 12.17
2.97, 11, white car, 89.79, 440.57, 119.21, 455.98, 104.50, 448.27, 89.79, 448.27, 119.21, 448.27, 29.42, 15.41
2.97, 14, white car, 437.85, 488.76, 466.88, 502.08, 452.36, 495.42, 437.85, 495.42, 466.88, 495.42, 29.03, 13.31
2.97, 56, white car, 311.08, 475.31, 334.05, 487.38, 322.56, 481.34, 311.08, 481.34, 334.05, 481.34, 22.97, 12.06
3.00, 11, white car, 87.63, 440.18, 117.14, 455.63, 102.39, 447.91, 87.63, 447.91, 117.14, 447.91, 29.51, 15.45
3.00, 14, white car, 434.85, 488.18, 464.57, 501.84, 449.71, 495.01, 434.85, 495.01, 464.57, 495.01, 29.72, 13.66
3.00, 56, white car, 308.29, 475.00, 331.31, 487.09, 319.80, 481.04, 308.29, 481.04, 331.31, 481.04, 23.02, 12.09
3.03, 11, white car, 85.64, 440.00, 114.94, 455.32, 100.29, 447.66, 85.64, 447.66, 114.94, 447.66, 29.30, 15.32
3.03, 14, white car, 431.93, 487.60, 462.01, 501.46, 446.97, 494.53, 431.93, 494.53, 462.01, 494.53, 30.09, 13.86
3.03, 56, white car, 306.06, 474.68, 328.97, 486.67, 317.51, 480.68, 306.06, 480.68, 328.97, 480.68, 22.91, 11.98
3.07, 11, white car, 83.73, 439.78, 113.15, 455.15, 98.44, 447.46, 83.73, 447.46, 113.15, 447.46, 29.41, 15.37
3.07, 14, white car, 429.02, 487.01, 459.37, 501.03, 444.19, 494.02, 429.02, 494.02, 459.37, 494.02, 30.35, 14.02
3.07, 56, white car, 303.06, 474.11, 326.23, 486.24, 314.64, 480.18, 303.06, 480.18, 326.23, 480.18, 23.17, 12.12
3.10, 11, white car, 81.49, 439.50, 111.36, 455.10, 96.42, 447.30, 81.49, 447.30, 111.36, 447.30, 29.88, 15.60
3.10, 14, white car, 426.58, 486.62, 456.42, 500.45, 441.50, 493.54, 426.58, 493.54, 456.42, 493.54, 29.84, 13.82
3.10, 56, white car, 299.25, 473.46, 323.04, 485.98, 311.14, 479.72, 299.25, 479.72, 323.04, 479.72, 23.80, 12.53
3.13, 11, white car, 79.39, 439.17, 109.57, 454.97, 94.48, 447.07, 79.39, 447.07, 109.57, 447.07, 30.18, 15.80
3.13, 14, white car, 424.08, 486.31, 453.85, 500.12, 438.97, 493.22, 424.08, 493.22, 453.85, 493.22, 29.77, 13.81
3.13, 56, white car, 296.79, 473.14, 320.20, 485.52, 308.49, 479.33, 296.79, 479.33, 320.20, 479.33, 23.41, 12.39
3.17, 11, white car, 77.49, 438.92, 107.92, 454.89, 92.70, 446.90, 77.49, 446.90, 107.92, 446.90, 30.43, 15.97
3.17, 14, white car, 421.49, 486.12, 451.01, 499.84, 436.25, 492.98, 421.49, 492.98, 451.01, 492.98, 29.52, 13.72
3.17, 56, white car, 294.30, 472.31, 317.42, 484.59, 305.86, 478.45, 294.30, 478.45, 317.42, 478.45, 23.12, 12.28
3.20, 11, white car, 75.56, 438.64, 105.88, 454.57, 90.72, 446.61, 75.56, 446.61, 105.88, 446.61, 30.32, 15.94
3.20, 14, white car, 418.90, 485.74, 448.48, 499.52, 433.69, 492.63, 418.90, 492.63, 448.48, 492.63, 29.58, 13.78
3.20, 56, white car, 291.78, 471.81, 314.90, 484.14, 303.34, 477.98, 291.78, 477.98, 314.90, 477.98, 23.12, 12.34
3.23, 11, white car, 73.63, 438.42, 103.91, 454.35, 88.77, 446.39, 73.63, 446.39, 103.91, 446.39, 30.28, 15.93
3.23, 14, white car, 416.03, 485.23, 445.71, 499.10, 430.87, 492.16, 416.03, 492.16, 445.71, 492.16, 29.67, 13.88
3.23, 56, white car, 289.39, 471.27, 312.50, 483.58, 300.95, 477.43, 289.39, 477.43, 312.50, 477.43, 23.11, 12.31
3.27, 11, white car, 71.85, 438.15, 101.96, 454.00, 86.91, 446.07, 71.85, 446.07, 101.96, 446.07, 30.10, 15.85
3.27, 14, white car, 413.31, 484.84, 442.91, 498.72, 428.11, 491.78, 413.31, 491.78, 442.91, 491.78, 29.60, 13.88
3.27, 56, white car, 285.74, 470.93, 308.87, 483.26, 297.30, 477.09, 285.74, 477.09, 308.87, 477.09, 23.13, 12.34
3.30, 11, white car, 70.02, 437.85, 100.37, 453.85, 85.20, 445.85, 70.02, 445.85, 100.37, 445.85, 30.35, 16.00
3.30, 14, white car, 410.63, 484.52, 440.40, 498.51, 425.52, 491.51, 410.63, 491.51, 440.40, 491.51, 29.77, 13.99
3.30, 56, white car, 283.42, 470.45, 306.88, 483.03, 295.15, 476.74, 283.42, 476.74, 306.88, 476.74, 23.46, 12.59
3.33, 11, white car, 67.85, 437.25, 98.56, 453.50, 83.21, 445.37, 67.85, 445.37, 98.56, 445.37, 30.70, 16.24
3.33, 14, white car, 408.29, 484.37, 437.43, 498.06, 422.86, 491.21, 408.29, 491.21, 437.43, 491.21, 29.14, 13.68
3.33, 56, white car, 280.94, 470.10, 304.23, 482.65, 292.58, 476.37, 280.94, 476.37, 304.23, 476.37, 23.29, 12.56
3.37, 11, white car, 65.44, 436.59, 96.72, 453.23, 81.08, 444.91, 65.44, 444.91, 96.72, 444.91, 31.28, 16.64
3.37, 14, white car, 405.67, 484.10, 434.88, 497.82, 420.28, 490.96, 405.67, 490.96, 434.88, 490.96, 29.21, 13.72
3.37, 56, white car, 278.72, 469.85, 301.87, 482.35, 290.29, 476.10, 278.72, 476.10, 301.87, 476.10, 23.16, 12.50
3.40, 11, white car, 63.71, 436.47, 94.69, 453.02, 79.20, 444.75, 63.71, 444.75, 94.69, 444.75, 30.98, 16.55
3.40, 14, white car, 402.92, 483.85, 432.20, 497.60, 417.56, 490.73, 402.92, 490.73, 432.20, 490.73, 29.28, 13.75
3.40, 56, white car, 275.94, 469.66, 299.15, 482.16, 287.54, 475.91, 275.94, 475.91, 299.15, 475.91, 23.21, 12.50
3.43, 11, white car, 61.84, 436.47, 92.41, 452.80, 77.13, 444.63, 61.84, 444.63, 92.41, 444.63, 30.58, 16.33
3.43, 14, white car, 400.29, 483.36, 429.54, 497.11, 414.91, 490.23, 400.29, 490.23, 429.54, 490.23, 29.25, 13.74
3.43, 56, white car, 272.58, 469.37, 295.74, 481.83, 284.16, 475.60, 272.58, 475.60, 295.74, 475.60, 23.16, 12.46
3.47, 11, white car, 60.45, 436.25, 90.52, 452.32, 75.48, 444.29, 60.45, 444.29, 90.52, 444.29, 30.06, 16.07
3.47, 14, white car, 397.53, 482.87, 427.01, 496.73, 412.27, 489.80, 397.53, 489.80, 427.01, 489.80, 29.48, 13.86
3.47, 56, white car, 269.77, 469.24, 292.86, 481.66, 281.32, 475.45, 269.77, 475.45, 292.86, 475.45, 23.10, 12.42
3.50, 11, white car, 59.05, 435.95, 88.76, 451.85, 73.91, 443.90, 59.05, 443.90, 88.76, 443.90, 29.70, 15.90
3.50, 14, white car, 394.13, 482.28, 424.12, 496.37, 409.12, 489.32, 394.13, 489.32, 424.12, 489.32, 29.99, 14.09
3.50, 56, white car, 267.14, 468.88, 290.20, 481.31, 278.67, 475.09, 267.14, 475.09, 290.20, 475.09, 23.06, 12.43
3.53, 11, white car, 56.36, 435.60, 86.50, 451.68, 71.43, 443.64, 56.36, 443.64, 86.50, 443.64, 30.14, 16.08
3.53, 14, white car, 391.18, 481.80, 421.80, 496.21, 406.49, 489.01, 391.18, 489.01, 421.80, 489.01, 30.62, 14.41
3.53, 56, white car, 264.94, 468.54, 287.86, 480.89, 276.40, 474.71, 264.94, 474.71, 287.86, 474.71, 22.92, 12.35
3.57, 11, white car, 55.72, 435.48, 85.39, 451.42, 70.55, 443.45, 55.72, 443.45, 85.39, 443.45, 29.66, 15.93
3.57, 14, white car, 388.84, 481.39, 419.86, 496.08, 404.35, 488.74, 388.84, 488.74, 419.86, 488.74, 31.02, 14.70
3.57, 56, white car, 262.39, 468.12, 285.38, 480.54, 273.88, 474.33, 262.39, 474.33, 285.38, 474.33, 22.99, 12.41
3.60, 11, white car, 53.45, 435.17, 83.24, 451.16, 68.34, 443.16, 53.45, 443.16, 83.24, 443.16, 29.78, 15.99
3.60, 14, white car, 386.54, 481.32, 417.28, 495.93, 401.91, 488.63, 386.54, 488.63, 417.28, 488.63, 30.73, 14.62
3.60, 56, white car, 259.66, 467.94, 282.55, 480.25, 271.11, 474.09, 259.66, 474.09, 282.55, 474.09, 22.90, 12.31
3.63, 11, white car, 51.19, 434.72, 81.53, 451.01, 66.36, 442.87, 51.19, 442.87, 81.53, 442.87, 30.34, 16.29
3.63, 14, white car, 384.42, 481.11, 414.50, 495.45, 399.46, 488.28, 384.42, 488.28, 414.50, 488.28, 30.08, 14.34
3.63, 56, white car, 256.86, 467.69, 279.31, 479.69, 268.08, 473.69, 256.86, 473.69, 279.31, 473.69, 22.45, 12.01
3.67, 11, white car, 49.01, 434.59, 79.48, 450.94, 64.24, 442.76, 49.01, 442.76, 79.48, 442.76, 30.47, 16.35
3.67, 14, white car, 380.92, 480.74, 410.96, 494.97, 395.94, 487.85, 380.92, 487.85, 410.96, 487.85, 30.04, 14.23
3.67, 56, white car, 254.23, 467.35, 277.01, 479.51, 265.62, 473.43, 254.23, 473.43, 277.01, 473.43, 22.78, 12.16
3.70, 11, white car, 47.02, 434.20, 77.70, 450.68, 62.36, 442.44, 47.02, 442.44, 77.70, 442.44, 30.68, 16.48
3.70, 14, white car, 377.19, 479.88, 408.12, 494.50, 392.65, 487.19, 377.19, 487.19, 408.12, 487.19, 30.93, 14.62
3.70, 56, white car, 251.23, 467.05, 274.12, 479.29, 262.67, 473.17, 251.23, 473.17, 274.12, 473.17, 22.89, 12.24
3.73, 11, white car, 45.36, 433.96, 75.79, 450.32, 60.58, 442.14, 45.36, 442.14, 75.79, 442.14, 30.43, 16.37
3.73, 14, white car, 374.94, 479.35, 405.66, 493.88, 390.30, 486.61, 374.94, 486.61, 405.66, 486.61, 30.71, 14.54
3.73, 56, white car, 248.47, 466.49, 271.36, 478.71, 259.92, 472.60, 248.47, 472.60, 271.36, 472.60, 22.89, 12.22
3.77, 11, white car, 43.62, 433.70, 73.98, 450.06, 58.80, 441.88, 43.62, 441.88, 73.98, 441.88, 30.36, 16.36
3.77, 14, white car, 373.09, 479.12, 403.36, 493.51, 388.22, 486.32, 373.09, 486.32, 403.36, 486.32, 30.28, 14.39
3.77, 56, white car, 246.25, 465.53, 269.37, 477.86, 257.81, 471.70, 246.25, 471.70, 269.37, 471.70, 23.11, 12.33
3.80, 11, white car, 41.85, 433.64, 71.99, 449.88, 56.92, 441.76, 41.85, 441.76, 71.99, 441.76, 30.14, 16.24
3.80, 14, white car, 371.01, 479.01, 400.63, 493.11, 385.82, 486.06, 371.01, 486.06, 400.63, 486.06, 29.62, 14.10
3.80, 56, white car, 243.25, 465.56, 265.67, 477.52, 254.46, 471.54, 243.25, 471.54, 265.67, 471.54, 22.42, 11.95
3.83, 11, white car, 40.12, 433.48, 70.13, 449.65, 55.13, 441.56, 40.12, 441.56, 70.13, 441.56, 30.01, 16.17
3.83, 14, white car, 368.60, 478.73, 398.11, 492.78, 383.36, 485.76, 368.60, 485.76, 398.11, 485.76, 29.50, 14.05
3.83, 56, white car, 240.84, 465.12, 263.21, 477.10, 252.02, 471.11, 240.84, 471.11, 263.21, 471.11, 22.37, 11.99
3.87, 11, white car, 38.50, 433.36, 68.21, 449.34, 53.35, 441.35, 38.50, 441.35, 68.21, 441.35, 29.71, 15.98
3.87, 14, white car, 366.22, 478.15, 395.61, 492.12, 380.91, 485.13, 366.22, 485.13, 395.61, 485.13, 29.39, 13.97
3.87, 56, white car, 238.76, 464.87, 260.27, 476.34, 249.52, 470.60, 238.76, 470.60, 260.27, 470.60, 21.52, 11.47
3.90, 11, white car, 36.99, 433.21, 66.16, 448.86, 51.57, 441.03, 36.99, 441.03, 66.16, 441.03, 29.18, 15.65
3.90, 14, white car, 363.69, 477.86, 392.91, 491.69, 378.30, 484.78, 363.69, 484.78, 392.91, 484.78, 29.22, 13.83
3.90, 56, white car, 236.79, 464.57, 258.14, 475.88, 247.47, 470.23, 236.79, 470.23, 258.14, 470.23, 21.34, 11.32
3.93, 11, white car, 35.30, 433.02, 64.48, 448.63, 49.89, 440.82, 35.30, 440.82, 64.48, 440.82, 29.18, 15.61
3.93, 14, white car, 361.06, 477.45, 390.93, 491.58, 375.99, 484.51, 361.06, 484.51, 390.93, 484.51, 29.87, 14.13
3.93, 56, white car, 234.08, 463.98, 256.00, 475.61, 245.04, 469.79, 234.08, 469.79, 256.00, 469.79, 21.92, 11.63
3.97, 11, white car, 33.71, 432.53, 63.69, 448.53, 48.70, 440.53, 33.71, 440.53, 63.69, 440.53, 29.98, 16.00
3.97, 14, white car, 358.43, 477.18, 388.73, 491.48, 373.58, 484.33, 358.43, 484.33, 388.73, 484.33, 30.30, 14.31
3.97, 56, white car, 231.21, 463.58, 253.46, 475.39, 242.33, 469.48, 231.21, 469.48, 253.46, 469.48, 22.25, 11.81
4.00, 11, white car, 32.09, 432.42, 61.96, 448.29, 47.02, 440.36, 32.09, 440.36, 61.96, 440.36, 29.87, 15.87
4.00, 14, white car, 355.32, 477.05, 385.74, 491.39, 370.53, 484.22, 355.32, 484.22, 385.74, 484.22, 30.42, 14.34
4.00, 56, white car, 228.95, 463.33, 251.07, 475.16, 240.01, 469.24, 228.95, 469.24, 251.07, 469.24, 22.12, 11.83
4.03, 11, white car, 30.46, 432.20, 60.40, 448.08, 45.43, 440.14, 30.46, 440.14, 60.40, 440.14, 29.94, 15.88
4.03, 14, white car, 352.09, 476.92, 382.70, 491.26, 367.40, 484.09, 352.09, 484.09, 382.70, 484.09, 30.61, 14.34
4.03, 56, white car, 224.43, 462.73, 247.69, 475.17, 236.06, 468.95, 224.43, 468.95, 247.69, 468.95, 23.26, 12.44
4.07, 11, white car, 28.47, 431.73, 58.49, 447.62, 43.48, 439.67, 28.47, 439.67, 58.49, 439.67, 30.02, 15.89
4.07, 56, white car, 221.80, 462.49, 244.72, 474.73, 233.26, 468.61, 221.80, 468.61, 244.72, 468.61, 22.92, 12.25
4.10, 11, white car, 27.08, 431.54, 56.97, 447.33, 42.03, 439.44, 27.08, 439.44, 56.97, 439.44, 29.89, 15.79
4.10, 56, white car, 218.64, 462.27, 241.83, 474.59, 230.23, 468.43, 218.64, 468.43, 241.83, 468.43, 23.19, 12.32
4.10, 14, white car, 346.88, 476.00, 377.80, 490.51, 362.34, 483.25, 346.88, 483.25, 377.80, 483.25, 30.93, 14.51
4.13, 11, white car, 24.33, 431.61, 54.36, 447.36, 39.35, 439.48, 24.33, 439.48, 54.36, 439.48, 30.03, 15.75
4.13, 56, white car, 214.66, 459.99, 239.07, 473.02, 226.87, 466.50, 214.66, 466.50, 239.07, 466.50, 24.42, 13.03
4.13, 14, white car, 343.95, 475.63, 374.56, 490.07, 359.26, 482.85, 343.95, 482.85, 374.56, 482.85, 30.61, 14.44
4.17, 11, white car, 20.97, 431.34, 51.71, 447.37, 36.34, 439.35, 20.97, 439.35, 51.71, 439.35, 30.74, 16.03
4.17, 56, white car, 212.79, 459.53, 236.99, 472.53, 224.89, 466.03, 212.79, 466.03, 236.99, 466.03, 24.20, 13.00
4.17, 14, white car, 341.56, 475.16, 371.68, 489.40, 356.62, 482.28, 341.56, 482.28, 371.68, 482.28, 30.12, 14.23
4.20, 11, white car, 18.94, 430.99, 49.60, 446.98, 34.27, 438.98, 18.94, 438.98, 49.60, 438.98, 30.66, 16.00
4.20, 56, white car, 211.12, 459.27, 234.95, 472.27, 223.04, 465.77, 211.12, 465.77, 234.95, 465.77, 23.83, 13.00
4.20, 14, white car, 339.19, 474.64, 368.84, 488.66, 354.01, 481.65, 339.19, 481.65, 368.84, 481.65, 29.65, 14.02
4.23, 11, white car, 17.52, 430.71, 47.90, 446.55, 32.71, 438.63, 17.52, 438.63, 47.90, 438.63, 30.38, 15.84
4.23, 56, white car, 208.69, 458.63, 232.75, 471.91, 220.72, 465.27, 208.69, 465.27, 232.75, 465.27, 24.06, 13.27
4.23, 14, white car, 336.82, 474.47, 366.09, 488.32, 351.45, 481.40, 336.82, 481.40, 366.09, 481.40, 29.27, 13.86
4.27, 11, white car, 16.03, 430.41, 46.50, 446.29, 31.26, 438.35, 16.03, 438.35, 46.50, 438.35, 30.47, 15.88
4.27, 56, white car, 207.88, 458.95, 230.46, 471.39, 219.17, 465.17, 207.88, 465.17, 230.46, 465.17, 22.57, 12.45
4.27, 14, white car, 334.55, 474.16, 363.93, 488.12, 349.24, 481.14, 334.55, 481.14, 363.93, 481.14, 29.38, 13.96
4.30, 11, white car, 14.34, 430.15, 44.52, 445.86, 29.43, 438.00, 14.34, 438.00, 44.52, 438.00, 30.18, 15.70
4.30, 56, white car, 205.19, 458.86, 227.41, 471.10, 216.30, 464.98, 205.19, 464.98, 227.41, 464.98, 22.21, 12.23
4.30, 14, white car, 332.13, 473.88, 361.15, 487.72, 346.64, 480.80, 332.13, 480.80, 361.15, 480.80, 29.02, 13.84
4.33, 11, white car, 12.94, 429.87, 43.19, 445.59, 28.06, 437.73, 12.94, 437.73, 43.19, 437.73, 30.25, 15.71
4.33, 14, white car, 329.10, 473.41, 358.42, 487.40, 343.76, 480.41, 329.10, 480.41, 358.42, 480.41, 29.32, 14.00
4.37, 11, white car, 11.55, 429.71, 41.66, 445.35, 26.61, 437.53, 11.55, 437.53, 41.66, 437.53, 30.12, 15.64
4.37, 14, white car, 326.85, 473.08, 355.80, 486.86, 341.32, 479.97, 326.85, 479.97, 355.80, 479.97, 28.95, 13.78
4.37, 56, white car, 200.64, 458.34, 223.60, 470.97, 212.12, 464.66, 200.64, 464.66, 223.60, 464.66, 22.96, 12.63
4.40, 11, white car, 10.31, 429.45, 40.00, 444.85, 25.16, 437.15, 10.31, 437.15, 40.00, 437.15, 29.69, 15.40
4.40, 14, white car, 324.16, 472.80, 353.00, 486.53, 338.58, 479.67, 324.16, 479.67, 353.00, 479.67, 28.84, 13.73
4.40, 56, white car, 196.25, 457.95, 218.92, 470.45, 207.58, 464.20, 196.25, 464.20, 218.92, 464.20, 22.67, 12.50
4.43, 11, white car, 8.40, 429.20, 38.12, 444.64, 23.26, 436.92, 8.40, 436.92, 38.12, 436.92, 29.72, 15.44
4.43, 14, white car, 321.84, 472.39, 351.00, 486.26, 336.42, 479.32, 321.84, 479.32, 351.00, 479.32, 29.16, 13.87
4.43, 56, white car, 191.85, 457.37, 214.95, 470.02, 203.40, 463.69, 191.85, 463.69, 214.95, 463.69, 23.10, 12.66
4.47, 11, white car, 5.97, 428.79, 35.96, 444.39, 20.96, 436.59, 5.97, 436.59, 35.96, 436.59, 29.99, 15.60
4.47, 14, white car, 318.84, 471.86, 348.38, 485.95, 333.61, 478.90, 318.84, 478.90, 348.38, 478.90, 29.54, 14.09
4.47, 56, white car, 187.49, 456.78, 211.06, 469.52, 199.28, 463.15, 187.49, 463.15, 211.06, 463.15, 23.57, 12.75
4.50, 11, white car, 3.87, 428.52, 33.60, 443.95, 18.73, 436.24, 3.87, 436.24, 33.60, 436.24, 29.73, 15.43
4.50, 14, white car, 315.97, 471.15, 345.57, 485.30, 330.77, 478.23, 315.97, 478.23, 345.57, 478.23, 29.60, 14.15
4.50, 56, white car, 184.46, 456.27, 208.16, 468.94, 196.31, 462.60, 184.46, 462.60, 208.16, 462.60, 23.70, 12.67
4.53, 11, white car, 2.37, 428.50, 31.67, 443.66, 17.02, 436.08, 2.37, 436.08, 31.67, 436.08, 29.30, 15.16
4.53, 14, white car, 313.41, 470.97, 342.47, 484.89, 327.94, 477.93, 313.41, 477.93, 342.47, 477.93, 29.05, 13.92
4.53, 56, white car, 183.10, 456.06, 207.07, 468.84, 195.08, 462.45, 183.10, 462.45, 207.07, 462.45, 23.97, 12.78
4.57, 11, white car, 1.41, 428.61, 30.16, 443.48, 15.79, 436.04, 1.41, 436.04, 30.16, 436.04, 28.75, 14.87
4.57, 14, white car, 311.05, 470.69, 340.18, 484.66, 325.61, 477.67, 311.05, 477.67, 340.18, 477.67, 29.14, 13.96
4.57, 56, white car, 182.65, 456.62, 205.55, 468.88, 194.10, 462.75, 182.65, 462.75, 205.55, 462.75, 22.90, 12.26
4.60, 11, white car, 0.58, 428.42, 28.97, 443.14, 14.78, 435.78, 0.58, 435.78, 28.97, 435.78, 28.39, 14.72
4.60, 14, white car, 308.38, 470.35, 337.47, 484.31, 322.92, 477.33, 308.38, 477.33, 337.47, 477.33, 29.09, 13.96
4.60, 56, white car, 181.08, 456.42, 203.74, 468.60, 192.41, 462.51, 181.08, 462.51, 203.74, 462.51, 22.66, 12.18
4.63, 11, white car, 0.00, 428.17, 27.58, 442.70, 13.79, 435.44, 0.00, 435.44, 27.58, 435.44, 27.58, 14.53
4.63, 14, white car, 305.90, 470.13, 335.39, 484.33, 320.65, 477.23, 305.90, 477.23, 335.39, 477.23, 29.48, 14.20
4.63, 56, white car, 179.49, 456.15, 202.32, 468.43, 190.90, 462.29, 179.49, 462.29, 202.32, 462.29, 22.83, 12.28
4.67, 11, white car, 0.00, 428.15, 26.21, 442.31, 13.11, 435.23, 0.00, 435.23, 26.21, 435.23, 26.21, 14.17
4.67, 14, white car, 303.26, 469.96, 332.78, 484.20, 318.02, 477.08, 303.26, 477.08, 332.78, 477.08, 29.52, 14.25
4.67, 56, white car, 176.51, 455.90, 198.85, 467.97, 187.68, 461.94, 176.51, 461.94, 198.85, 461.94, 22.35, 12.06
4.70, 11, white car, 0.00, 428.13, 25.48, 442.12, 12.74, 435.12, 0.00, 435.12, 25.48, 435.12, 25.48, 13.99
4.70, 14, white car, 300.72, 469.64, 329.94, 483.72, 315.33, 476.68, 300.72, 476.68, 329.94, 476.68, 29.23, 14.08
4.70, 56, white car, 173.61, 455.70, 195.93, 467.74, 184.77, 461.72, 173.61, 461.72, 195.93, 461.72, 22.32, 12.04
4.73, 11, white car, 0.00, 427.97, 25.14, 442.25, 12.57, 435.11, 0.00, 435.11, 25.14, 435.11, 25.14, 14.28
4.73, 14, white car, 298.53, 469.35, 327.76, 483.42, 313.15, 476.39, 298.53, 476.39, 327.76, 476.39, 29.23, 14.07
4.73, 56, white car, 170.88, 455.49, 192.71, 467.29, 181.80, 461.39, 170.88, 461.39, 192.71, 461.39, 21.83, 11.80
4.77, 11, white car, 0.00, 427.59, 24.56, 442.29, 12.28, 434.94, 0.00, 434.94, 24.56, 434.94, 24.56, 14.70
4.77, 14, white car, 296.02, 469.27, 324.77, 483.07, 310.40, 476.17, 296.02, 476.17, 324.77, 476.17, 28.74, 13.80
4.77, 56, white car, 168.46, 455.33, 190.15, 467.05, 179.31, 461.19, 168.46, 461.19, 190.15, 461.19, 21.69, 11.72
4.80, 11, white car, 0.00, 427.33, 23.38, 441.95, 11.69, 434.64, 0.00, 434.64, 23.38, 434.64, 23.38, 14.61
4.80, 14, white car, 293.15, 468.47, 322.58, 482.64, 307.87, 475.56, 293.15, 475.56, 322.58, 475.56, 29.43, 14.17
4.80, 56, white car, 166.88, 454.84, 188.89, 466.68, 177.89, 460.76, 166.88, 460.76, 188.89, 460.76, 22.01, 11.84
4.83, 11, white car, 0.00, 427.41, 22.02, 441.65, 11.01, 434.53, 0.00, 434.53, 22.02, 434.53, 22.02, 14.24
4.83, 14, white car, 290.35, 467.83, 320.18, 482.23, 305.26, 475.03, 290.35, 475.03, 320.18, 475.03, 29.83, 14.40
4.83, 56, white car, 165.46, 454.45, 187.81, 466.29, 176.64, 460.37, 165.46, 460.37, 187.81, 460.37, 22.35, 11.84
4.87, 11, white car, 0.00, 427.34, 20.04, 441.46, 10.02, 434.40, 0.00, 434.40, 20.04, 434.40, 20.04, 14.12
4.87, 14, white car, 288.05, 467.66, 317.82, 482.05, 302.93, 474.86, 288.05, 474.86, 317.82, 474.86, 29.77, 14.39
4.87, 56, white car, 162.52, 454.44, 184.68, 466.11, 173.60, 460.28, 162.52, 460.28, 184.68, 460.28, 22.16, 11.67
4.90, 11, white car, 0.00, 427.04, 18.65, 441.42, 9.33, 434.23, 0.00, 434.23, 18.65, 434.23, 18.65, 14.38
4.90, 14, white car, 285.48, 467.34, 315.43, 481.83, 300.45, 474.59, 285.48, 474.59, 315.43, 474.59, 29.94, 14.49
4.90, 56, white car, 158.99, 454.02, 181.57, 465.94, 170.28, 459.98, 158.99, 459.98, 181.57, 459.98, 22.58, 11.92
4.93, 11, white car, 0.00, 426.92, 17.04, 441.24, 8.52, 434.08, 0.00, 434.08, 17.04, 434.08, 17.04, 14.32
4.93, 14, white car, 282.94, 466.92, 313.01, 481.47, 297.98, 474.19, 282.94, 474.19, 313.01, 474.19, 30.07, 14.55
4.93, 56, white car, 155.89, 453.43, 179.07, 465.72, 167.48, 459.57, 155.89, 459.57, 179.07, 459.57, 23.18, 12.29
4.97, 14, white car, 280.39, 466.48, 310.57, 481.10, 295.48, 473.79, 280.39, 473.79, 310.57, 473.79, 30.18, 14.62
4.97, 56, white car, 153.28, 453.14, 176.23, 465.31, 164.76, 459.23, 153.28, 459.23, 176.23, 459.23, 22.95, 12.18
5.00, 14, white car, 277.84, 466.12, 307.77, 480.60, 292.81, 473.36, 277.84, 473.36, 307.77, 473.36, 29.93, 14.47
5.00, 56, white car, 150.79, 452.85, 173.88, 465.09, 162.33, 458.97, 150.79, 458.97, 173.88, 458.97, 23.08, 12.24
5.03, 14, white car, 275.32, 465.90, 305.14, 480.32, 290.23, 473.11, 275.32, 473.11, 305.14, 473.11, 29.82, 14.42
5.03, 56, white car, 148.95, 452.48, 171.71, 464.49, 160.33, 458.48, 148.95, 458.48, 171.71, 458.48, 22.75, 12.01
5.07, 14, white car, 272.57, 465.50, 302.54, 480.01, 287.56, 472.76, 272.57, 472.76, 302.54, 472.76, 29.97, 14.50
5.07, 56, white car, 145.89, 452.37, 168.12, 464.06, 157.01, 458.22, 145.89, 458.22, 168.12, 458.22, 22.23, 11.69
5.10, 14, white car, 270.09, 465.17, 300.28, 479.77, 285.18, 472.47, 270.09, 472.47, 300.28, 472.47, 30.19, 14.61
5.10, 56, white car, 143.22, 451.80, 165.43, 463.46, 154.33, 457.63, 143.22, 457.63, 165.43, 457.63, 22.21, 11.65
5.13, 14, white car, 267.40, 464.66, 297.76, 479.37, 282.58, 472.01, 267.40, 472.01, 297.76, 472.01, 30.37, 14.71
5.13, 56, white car, 141.00, 451.35, 163.34, 463.09, 152.17, 457.22, 141.00, 457.22, 163.34, 457.22, 22.34, 11.74
5.17, 14, white car, 264.79, 464.36, 295.21, 479.13, 280.00, 471.74, 264.79, 471.74, 295.21, 471.74, 30.42, 14.77
5.20, 14, white car, 262.23, 463.90, 292.82, 478.78, 277.52, 471.34, 262.23, 471.34, 292.82, 471.34, 30.58, 14.89
5.23, 14, white car, 260.19, 463.35, 290.29, 478.02, 275.24, 470.69, 260.19, 470.69, 290.29, 470.69, 30.10, 14.67
5.27, 14, white car, 257.49, 463.28, 287.48, 477.91, 272.48, 470.60, 257.49, 470.60, 287.48, 470.60, 29.99, 14.62
5.30, 14, white car, 255.02, 463.22, 284.96, 477.81, 269.99, 470.52, 255.02, 470.52, 284.96, 470.52, 29.94, 14.59
5.33, 14, white car, 252.58, 462.68, 282.70, 477.34, 267.64, 470.01, 252.58, 470.01, 282.70, 470.01, 30.12, 14.65
5.37, 14, white car, 250.25, 462.33, 280.20, 476.85, 265.22, 469.59, 250.25, 469.59, 280.20, 469.59, 29.95, 14.53
5.40, 14, white car, 248.11, 462.30, 277.75, 476.65, 262.93, 469.47, 248.11, 469.47, 277.75, 469.47, 29.65, 14.35
5.43, 14, white car, 245.65, 462.09, 275.03, 476.28, 260.34, 469.18, 245.65, 469.18, 275.03, 469.18, 29.38, 14.20
5.47, 14, white car, 243.10, 461.72, 272.55, 475.94, 257.83, 468.83, 243.10, 468.83, 272.55, 468.83, 29.45, 14.22
5.47, 56, white car, 115.83, 447.49, 139.60, 459.98, 127.72, 453.73, 115.83, 453.73, 139.60, 453.73, 23.76, 12.49
5.50, 14, white car, 240.10, 461.37, 269.76, 475.68, 254.93, 468.53, 240.10, 468.53, 269.76, 468.53, 29.65, 14.32
5.50, 56, white car, 113.37, 447.38, 136.57, 459.61, 124.97, 453.50, 113.37, 453.50, 136.57, 453.50, 23.20, 12.23
5.53, 14, white car, 237.69, 461.08, 267.17, 475.28, 252.43, 468.18, 237.69, 468.18, 267.17, 468.18, 29.48, 14.20
5.53, 56, white car, 111.19, 447.22, 133.94, 459.25, 122.56, 453.23, 111.19, 453.23, 133.94, 453.23, 22.75, 12.03
5.57, 14, white car, 235.72, 460.89, 264.86, 474.91, 250.29, 467.90, 235.72, 467.90, 264.86, 467.90, 29.14, 14.01
5.57, 56, white car, 109.39, 446.96, 132.06, 458.96, 120.73, 452.96, 109.39, 452.96, 132.06, 452.96, 22.67, 12.01
5.57, 68, white car, 1264.68, 560.45, 1296.36, 573.67, 1280.52, 567.06, 1264.68, 567.06, 1296.36, 567.06, 31.68, 13.22
5.60, 14, white car, 232.88, 460.43, 262.33, 474.63, 247.61, 467.53, 232.88, 467.53, 262.33, 467.53, 29.45, 14.21
5.60, 56, white car, 106.69, 446.68, 129.32, 458.67, 118.01, 452.68, 106.69, 452.68, 129.32, 452.68, 22.63, 11.99
5.60, 68, white car, 1261.73, 560.50, 1293.66, 573.81, 1277.69, 567.16, 1261.73, 567.16, 1293.66, 567.16, 31.93, 13.32
5.63, 14, white car, 230.26, 460.05, 259.78, 474.30, 245.02, 467.18, 230.26, 467.18, 259.78, 467.18, 29.52, 14.25
5.63, 56, white car, 103.82, 446.36, 126.44, 458.31, 115.13, 452.33, 103.82, 452.33, 126.44, 452.33, 22.62, 11.96
5.63, 68, white car, 1258.61, 560.53, 1290.03, 573.61, 1274.32, 567.07, 1258.61, 567.07, 1290.03, 567.07, 31.42, 13.09
5.67, 14, white car, 228.55, 459.94, 257.36, 473.82, 242.95, 466.88, 228.55, 466.88, 257.36, 466.88, 28.81, 13.89
5.67, 56, white car, 101.61, 446.22, 124.28, 458.19, 112.95, 452.21, 101.61, 452.21, 124.28, 452.21, 22.67, 11.97
5.67, 68, white car, 1255.65, 560.49, 1287.19, 573.62, 1271.42, 567.05, 1255.65, 567.05, 1287.19, 567.05, 31.54, 13.13
5.70, 14, white car, 225.62, 459.53, 254.61, 473.48, 240.11, 466.50, 225.62, 466.50, 254.61, 466.50, 28.99, 13.95
5.70, 56, white car, 99.50, 445.87, 122.10, 457.82, 110.80, 451.84, 99.50, 451.84, 122.10, 451.84, 22.59, 11.94
5.70, 68, white car, 1252.75, 560.37, 1283.96, 573.35, 1268.35, 566.86, 1252.75, 566.86, 1283.96, 566.86, 31.21, 12.98
5.73, 14, white car, 222.52, 458.93, 252.22, 473.23, 237.37, 466.08, 222.52, 466.08, 252.22, 466.08, 29.71, 14.30
5.73, 56, white car, 96.71, 445.51, 119.53, 457.62, 108.12, 451.56, 96.71, 451.56, 119.53, 451.56, 22.82, 12.11
5.73, 68, white car, 1250.14, 560.43, 1280.79, 573.15, 1265.47, 566.79, 1250.14, 566.79, 1280.79, 566.79, 30.65, 12.72
5.77, 14, white car, 219.62, 458.39, 249.78, 472.91, 234.70, 465.65, 219.62, 465.65, 249.78, 465.65, 30.16, 14.52
5.77, 56, white car, 94.29, 445.19, 117.23, 457.37, 105.76, 451.28, 94.29, 451.28, 117.23, 451.28, 22.94, 12.18
5.77, 68, white car, 1246.95, 560.52, 1277.72, 573.27, 1262.34, 566.90, 1246.95, 566.90, 1277.72, 566.90, 30.77, 12.75
5.80, 14, white car, 217.04, 457.90, 247.52, 472.56, 232.28, 465.23, 217.04, 465.23, 247.52, 465.23, 30.48, 14.66
5.80, 56, white car, 91.96, 444.76, 114.91, 456.96, 103.44, 450.86, 91.96, 450.86, 114.91, 450.86, 22.94, 12.20
5.80, 68, white car, 1243.85, 560.42, 1275.03, 573.31, 1259.44, 566.86, 1243.85, 566.86, 1275.03, 566.86, 31.18, 12.89
5.83, 14, white car, 214.20, 457.38, 245.03, 472.21, 229.61, 464.79, 214.20, 464.79, 245.03, 464.79, 30.83, 14.83
5.83, 56, white car, 89.03, 444.19, 111.98, 456.42, 100.51, 450.31, 89.03, 450.31, 111.98, 450.31, 22.94, 12.23
5.83, 68, white car, 1240.80, 560.27, 1272.69, 573.46, 1256.74, 566.87, 1240.80, 566.87, 1272.69, 566.87, 31.89, 13.18
5.87, 14, white car, 211.92, 456.85, 242.87, 471.82, 227.39, 464.33, 211.92, 464.33, 242.87, 464.33, 30.95, 14.97
5.87, 56, white car, 86.86, 444.13, 109.29, 456.08, 98.07, 450.11, 86.86, 450.11, 109.29, 450.11, 22.43, 11.95
5.87, 68, white car, 1237.89, 560.23, 1269.11, 573.11, 1253.50, 566.67, 1237.89, 566.67, 1269.11, 566.67, 31.22, 12.87
5.90, 14, white car, 210.12, 456.63, 240.28, 471.24, 225.20, 463.93, 210.12, 463.93, 240.28, 463.93, 30.16, 14.61
5.90, 56, white car, 85.18, 443.98, 107.03, 455.62, 96.11, 449.80, 85.18, 449.80, 107.03, 449.80, 21.84, 11.64
5.90, 68, white car, 1234.84, 560.06, 1266.38, 573.06, 1250.61, 566.56, 1234.84, 566.56, 1266.38, 566.56, 31.54, 12.99
5.93, 14, white car, 207.83, 456.56, 237.61, 470.99, 222.72, 463.78, 207.83, 463.78, 237.61, 463.78, 29.78, 14.43
5.93, 56, white car, 82.35, 443.59, 104.67, 455.48, 93.51, 449.53, 82.35, 449.53, 104.67, 449.53, 22.32, 11.89
5.93, 68, white car, 1231.45, 559.95, 1263.48, 573.13, 1247.47, 566.54, 1231.45, 566.54, 1263.48, 566.54, 32.03, 13.19
5.97, 14, white car, 205.39, 456.32, 235.05, 470.72, 220.22, 463.52, 205.39, 463.52, 235.05, 463.52, 29.66, 14.40
5.97, 56, white car, 80.34, 443.23, 102.98, 455.31, 91.66, 449.27, 80.34, 449.27, 102.98, 449.27, 22.65, 12.07
5.97, 68, white car, 1228.32, 559.75, 1260.41, 572.94, 1244.36, 566.34, 1228.32, 566.34, 1260.41, 566.34, 32.09, 13.19
6.00, 14, white car, 203.34, 456.12, 232.39, 470.19, 217.86, 463.15, 203.34, 463.15, 232.39, 463.15, 29.06, 14.07
6.00, 56, white car, 77.84, 442.76, 100.52, 454.89, 89.18, 448.82, 77.84, 448.82, 100.52, 448.82, 22.68, 12.12
6.00, 68, white car, 1225.47, 559.56, 1257.33, 572.67, 1241.40, 566.12, 1225.47, 566.12, 1257.33, 566.12, 31.86, 13.11
6.03, 14, white car, 201.09, 455.86, 229.88, 469.77, 215.48, 462.82, 201.09, 462.82, 229.88, 462.82, 28.79, 13.91
6.03, 56, white car, 75.08, 442.35, 97.74, 454.48, 86.41, 448.41, 75.08, 448.41, 97.74, 448.41, 22.65, 12.13
6.03, 68, white car, 1222.73, 559.45, 1254.41, 572.47, 1238.57, 565.96, 1222.73, 565.96, 1254.41, 565.96, 31.68, 13.02
6.07, 14, white car, 198.79, 455.61, 227.53, 469.44, 213.16, 462.53, 198.79, 462.53, 227.53, 462.53, 28.74, 13.84
6.07, 56, white car, 72.75, 442.06, 95.54, 454.29, 84.15, 448.17, 72.75, 448.17, 95.54, 448.17, 22.79, 12.23
6.07, 68, white car, 1219.58, 559.27, 1251.61, 572.44, 1235.59, 565.86, 1219.58, 565.86, 1251.61, 565.86, 32.03, 13.16
6.10, 14, white car, 196.37, 455.11, 225.48, 469.10, 210.92, 462.11, 196.37, 462.11, 225.48, 462.11, 29.12, 13.99
6.10, 56, white car, 70.23, 441.61, 92.98, 453.83, 81.60, 447.72, 70.23, 447.72, 92.98, 447.72, 22.75, 12.23
6.10, 68, white car, 1216.15, 558.95, 1248.94, 572.42, 1232.54, 565.69, 1216.15, 565.69, 1248.94, 565.69, 32.80, 13.47
6.13, 14, white car, 192.97, 454.54, 222.76, 468.83, 207.86, 461.68, 192.97, 461.68, 222.76, 461.68, 29.79, 14.28
6.13, 56, white car, 67.78, 441.13, 90.91, 453.61, 79.34, 447.37, 67.78, 447.37, 90.91, 447.37, 23.13, 12.48
6.13, 68, white car, 1213.22, 558.71, 1246.51, 572.39, 1229.86, 565.55, 1213.22, 565.55, 1246.51, 565.55, 33.29, 13.69
6.17, 14, white car, 188.40, 454.38, 217.92, 468.45, 203.16, 461.42, 188.40, 461.42, 217.92, 461.42, 29.51, 14.06
6.17, 56, white car, 65.84, 440.80, 89.16, 453.40, 77.50, 447.10, 65.84, 447.10, 89.16, 447.10, 23.32, 12.60
6.17, 68, white car, 1210.42, 558.70, 1243.51, 572.30, 1226.97, 565.50, 1210.42, 565.50, 1243.51, 565.50, 33.09, 13.60
6.20, 14, white car, 185.86, 454.13, 215.32, 468.11, 200.59, 461.12, 185.86, 461.12, 215.32, 461.12, 29.47, 13.99
6.20, 56, white car, 63.61, 440.38, 86.82, 452.94, 75.21, 446.66, 63.61, 446.66, 86.82, 446.66, 23.21, 12.55
6.20, 68, white car, 1207.56, 558.75, 1240.35, 572.24, 1223.96, 565.49, 1207.56, 565.49, 1240.35, 565.49, 32.79, 13.48
6.23, 14, white car, 184.09, 454.00, 213.27, 467.86, 198.68, 460.93, 184.09, 460.93, 213.27, 460.93, 29.18, 13.86
6.23, 68, white car, 1204.50, 558.78, 1237.07, 572.20, 1220.79, 565.49, 1204.50, 565.49, 1237.07, 565.49, 32.57, 13.42
6.27, 14, white car, 182.36, 453.75, 211.07, 467.42, 196.71, 460.59, 182.36, 460.59, 211.07, 460.59, 28.71, 13.67
6.27, 68, white car, 1201.88, 558.80, 1233.94, 571.99, 1217.91, 565.40, 1201.88, 565.40, 1233.94, 565.40, 32.06, 13.19
6.27, 56, white car, 58.22, 439.79, 81.21, 452.28, 69.71, 446.04, 58.22, 446.04, 81.21, 446.04, 22.99, 12.48
6.30, 14, white car, 180.54, 453.20, 209.64, 467.10, 195.09, 460.15, 180.54, 460.15, 209.64, 460.15, 29.10, 13.90
6.30, 68, white car, 1199.40, 558.81, 1231.29, 571.92, 1215.34, 565.36, 1199.40, 565.36, 1231.29, 565.36, 31.89, 13.11
6.30, 56, white car, 56.90, 439.71, 79.32, 451.99, 68.11, 445.85, 56.90, 445.85, 79.32, 445.85, 22.42, 12.28
6.33, 14, white car, 178.43, 453.01, 207.21, 466.76, 192.82, 459.89, 178.43, 459.89, 207.21, 459.89, 28.78, 13.74
6.33, 68, white car, 1196.48, 558.87, 1228.04, 571.83, 1212.26, 565.35, 1196.48, 565.35, 1228.04, 565.35, 31.56, 12.96
6.33, 56, white car, 54.63, 439.55, 77.10, 451.92, 65.87, 445.74, 54.63, 445.74, 77.10, 445.74, 22.47, 12.37
6.37, 14, white car, 176.31, 452.85, 204.76, 466.44, 190.54, 459.65, 176.31, 459.65, 204.76, 459.65, 28.45, 13.58
6.37, 68, white car, 1193.56, 558.84, 1224.98, 571.70, 1209.27, 565.27, 1193.56, 565.27, 1224.98, 565.27, 31.41, 12.86
6.37, 56, white car, 51.55, 439.06, 75.00, 451.93, 63.28, 445.49, 51.55, 445.49, 75.00, 445.49, 23.45, 12.87
6.40, 14, white car, 173.70, 452.38, 202.90, 466.34, 188.30, 459.36, 173.70, 459.36, 202.90, 459.36, 29.20, 13.97
6.40, 68, white car, 1190.30, 558.77, 1221.86, 571.68, 1206.08, 565.23, 1190.30, 565.23, 1221.86, 565.23, 31.56, 12.91
6.40, 56, white car, 48.90, 438.64, 72.99, 451.91, 60.94, 445.28, 48.90, 445.28, 72.99, 445.28, 24.09, 13.27
6.43, 14, white car, 170.97, 451.90, 200.39, 465.97, 185.68, 458.93, 170.97, 458.93, 200.39, 458.93, 29.42, 14.07
6.43, 68, white car, 1187.41, 558.56, 1218.84, 571.41, 1203.12, 564.99, 1187.41, 564.99, 1218.84, 564.99, 31.42, 12.85
6.47, 14, white car, 168.49, 451.46, 197.97, 465.57, 183.23, 458.51, 168.49, 458.51, 197.97, 458.51, 29.47, 14.11
6.47, 68, white car, 1184.49, 558.30, 1216.18, 571.25, 1200.34, 564.78, 1184.49, 564.78, 1216.18, 564.78, 31.70, 12.96
6.47, 56, white car, 43.87, 437.68, 67.91, 451.04, 55.89, 444.36, 43.87, 444.36, 67.91, 444.36, 24.04, 13.37
6.50, 14, white car, 166.19, 451.03, 195.65, 465.15, 180.92, 458.09, 166.19, 458.09, 195.65, 458.09, 29.46, 14.12
6.50, 68, white car, 1181.42, 558.07, 1213.24, 571.05, 1197.33, 564.56, 1181.42, 564.56, 1213.24, 564.56, 31.82, 12.99
6.50, 56, white car, 41.55, 437.42, 65.52, 450.85, 53.53, 444.14, 41.55, 444.14, 65.52, 444.14, 23.97, 13.43
6.53, 14, white car, 163.82, 450.75, 193.39, 464.93, 178.61, 457.84, 163.82, 457.84, 193.39, 457.84, 29.56, 14.18
6.53, 68, white car, 1178.63, 557.74, 1210.60, 570.79, 1194.61, 564.27, 1178.63, 564.27, 1210.60, 564.27, 31.96, 13.04
6.53, 56, white car, 39.57, 437.12, 62.95, 450.21, 51.26, 443.67, 39.57, 443.67, 62.95, 443.67, 23.38, 13.09
6.57, 14, white car, 161.42, 450.36, 191.03, 464.60, 176.23, 457.48, 161.42, 457.48, 191.03, 457.48, 29.61, 14.23
6.57, 68, white car, 1175.51, 557.46, 1208.01, 570.74, 1191.76, 564.10, 1175.51, 564.10, 1208.01, 564.10, 32.50, 13.28
6.57, 56, white car, 37.63, 436.77, 61.28, 450.02, 49.46, 443.39, 37.63, 443.39, 61.28, 443.39, 23.66, 13.24
6.60, 14, white car, 159.22, 450.12, 188.92, 464.40, 174.07, 457.26, 159.22, 457.26, 188.92, 457.26, 29.71, 14.28
6.60, 68, white car, 1172.50, 557.31, 1205.01, 570.58, 1188.76, 563.94, 1172.50, 563.94, 1205.01, 563.94, 32.50, 13.26
6.60, 56, white car, 35.68, 436.50, 59.48, 449.79, 47.58, 443.14, 35.68, 443.14, 59.48, 443.14, 23.81, 13.29
6.63, 14, white car, 157.24, 449.89, 186.80, 464.05, 172.02, 456.97, 157.24, 456.97, 186.80, 456.97, 29.56, 14.16
6.63, 68, white car, 1169.77, 557.23, 1201.59, 570.20, 1185.68, 563.71, 1169.77, 563.71, 1201.59, 563.71, 31.81, 12.97
6.63, 56, white car, 33.54, 436.42, 57.30, 449.57, 45.42, 443.00, 33.54, 443.00, 57.30, 443.00, 23.76, 13.15
6.67, 14, white car, 154.88, 449.72, 183.83, 463.55, 169.35, 456.63, 154.88, 456.63, 183.83, 456.63, 28.96, 13.83
6.67, 68, white car, 1167.00, 557.19, 1198.63, 570.05, 1182.82, 563.62, 1167.00, 563.62, 1198.63, 563.62, 31.63, 12.86
6.67, 56, white car, 31.39, 436.10, 55.19, 449.19, 43.29, 442.64, 31.39, 442.64, 55.19, 442.64, 23.80, 13.08
6.70, 14, white car, 152.19, 449.43, 181.36, 463.31, 166.78, 456.37, 152.19, 456.37, 181.36, 456.37, 29.17, 13.87
6.70, 68, white car, 1163.82, 556.99, 1195.97, 570.08, 1179.89, 563.54, 1163.82, 563.54, 1195.97, 563.54, 32.15, 13.08
6.70, 56, white car, 29.00, 435.78, 53.08, 449.11, 41.04, 442.45, 29.00, 442.45, 53.08, 442.45, 24.09, 13.33
6.73, 14, white car, 149.87, 449.10, 179.61, 463.24, 164.74, 456.17, 149.87, 456.17, 179.61, 456.17, 29.74, 14.14
6.73, 68, white car, 1160.64, 556.78, 1193.09, 570.00, 1176.87, 563.39, 1160.64, 563.39, 1193.09, 563.39, 32.45, 13.23
6.73, 56, white car, 24.53, 435.57, 49.10, 449.24, 36.81, 442.40, 24.53, 442.40, 49.10, 442.40, 24.57, 13.67
6.77, 14, white car, 147.41, 448.85, 177.10, 462.99, 162.26, 455.92, 147.41, 455.92, 177.10, 455.92, 29.69, 14.14
6.77, 68, white car, 1157.96, 556.75, 1190.31, 569.93, 1174.13, 563.34, 1157.96, 563.34, 1190.31, 563.34, 32.35, 13.18
6.77, 56, white car, 21.42, 435.25, 46.44, 449.18, 33.93, 442.22, 21.42, 442.22, 46.44, 442.22, 25.01, 13.93
6.80, 68, white car, 1155.48, 556.84, 1187.31, 569.80, 1171.39, 563.32, 1155.48, 563.32, 1187.31, 563.32, 31.83, 12.96
6.80, 56, white car, 18.93, 434.73, 44.36, 448.92, 31.64, 441.83, 18.93, 441.83, 44.36, 441.83, 25.43, 14.19
6.83, 68, white car, 1152.60, 556.76, 1184.18, 569.59, 1168.39, 563.17, 1152.60, 563.17, 1184.18, 563.17, 31.58, 12.83
6.83, 14, white car, 142.47, 447.77, 172.53, 462.11, 157.50, 454.94, 142.47, 454.94, 172.53, 454.94, 30.06, 14.34
6.87, 68, white car, 1149.47, 556.54, 1181.17, 569.44, 1165.32, 562.99, 1149.47, 562.99, 1181.17, 562.99, 31.69, 12.90
6.87, 14, white car, 140.16, 447.46, 170.13, 461.77, 155.15, 454.61, 140.16, 454.61, 170.13, 454.61, 29.97, 14.32
6.90, 68, white car, 1146.19, 556.45, 1177.99, 569.41, 1162.09, 562.93, 1146.19, 562.93, 1177.99, 562.93, 31.80, 12.96
6.90, 14, white car, 137.78, 447.25, 167.86, 461.63, 152.82, 454.44, 137.78, 454.44, 167.86, 454.44, 30.08, 14.38
6.93, 68, white car, 1143.25, 556.24, 1175.32, 569.32, 1159.28, 562.78, 1143.25, 562.78, 1175.32, 562.78, 32.07, 13.09
6.93, 14, white car, 135.70, 447.03, 165.61, 461.32, 150.65, 454.17, 135.70, 454.17, 165.61, 454.17, 29.91, 14.29
6.97, 68, white car, 1140.54, 556.16, 1172.38, 569.15, 1156.46, 562.66, 1140.54, 562.66, 1172.38, 562.66, 31.85, 13.00
6.97, 14, white car, 133.55, 446.77, 163.35, 461.02, 148.45, 453.90, 133.55, 453.90, 163.35, 453.90, 29.80, 14.26
6.97, 56, white car, 11.22, 433.55, 36.21, 447.61, 23.71, 440.58, 11.22, 440.58, 36.21, 440.58, 24.98, 14.06
7.00, 68, white car, 1137.53, 556.13, 1169.36, 569.12, 1153.45, 562.63, 1137.53, 562.63, 1169.36, 562.63, 31.83, 12.99
7.00, 14, white car, 131.03, 446.45, 160.98, 460.75, 146.01, 453.60, 131.03, 453.60, 160.98, 453.60, 29.96, 14.30
7.00, 56, white car, 10.30, 433.66, 34.54, 447.40, 22.42, 440.53, 10.30, 440.53, 34.54, 440.53, 24.24, 13.73
7.03, 68, white car, 1134.37, 555.80, 1166.98, 569.15, 1150.68, 562.48, 1134.37, 562.48, 1166.98, 562.48, 32.61, 13.36
7.03, 14, white car, 128.69, 446.06, 158.72, 460.39, 143.70, 453.23, 128.69, 453.23, 158.72, 453.23, 30.03, 14.33
7.03, 56, white car, 7.63, 433.81, 31.22, 447.13, 19.42, 440.47, 7.63, 440.47, 31.22, 440.47, 23.59, 13.32
7.07, 68, white car, 1131.19, 555.45, 1164.35, 569.06, 1147.77, 562.25, 1131.19, 562.25, 1164.35, 562.25, 33.16, 13.62
7.07, 14, white car, 126.38, 445.74, 156.46, 460.11, 141.42, 452.92, 126.38, 452.92, 156.46, 452.92, 30.08, 14.37
7.07, 56, white car, 5.04, 433.82, 28.26, 446.88, 16.65, 440.35, 5.04, 440.35, 28.26, 440.35, 23.22, 13.06
7.10, 68, white car, 1128.22, 555.30, 1161.33, 568.91, 1144.77, 562.11, 1128.22, 562.11, 1161.33, 562.11, 33.11, 13.61
7.10, 14, white car, 124.18, 445.47, 154.46, 459.95, 139.32, 452.71, 124.18, 452.71, 154.46, 452.71, 30.27, 14.49
7.10, 56, white car, 2.94, 433.67, 26.02, 446.59, 14.48, 440.13, 2.94, 440.13, 26.02, 440.13, 23.08, 12.92
7.13, 68, white car, 1125.63, 555.17, 1158.49, 568.70, 1142.06, 561.94, 1125.63, 561.94, 1158.49, 561.94, 32.86, 13.53
7.13, 14, white car, 121.71, 445.18, 152.03, 459.69, 136.87, 452.43, 121.71, 452.43, 152.03, 452.43, 30.32, 14.52
7.13, 56, white car, 1.03, 433.72, 24.06, 446.60, 12.54, 440.16, 1.03, 440.16, 24.06, 440.16, 23.03, 12.88
7.17, 68, white car, 1123.16, 555.15, 1155.81, 568.60, 1139.49, 561.87, 1123.16, 561.87, 1155.81, 561.87, 32.65, 13.45
7.17, 14, white car, 118.90, 444.61, 149.99, 459.57, 134.44, 452.09, 118.90, 452.09, 149.99, 452.09, 31.09, 14.96
7.17, 56, white car, 0.00, 433.71, 22.60, 446.56, 11.30, 440.13, 0.00, 440.13, 22.60, 440.13, 22.60, 12.85
7.20, 68, white car, 1120.22, 555.03, 1152.78, 568.46, 1136.50, 561.74, 1120.22, 561.74, 1152.78, 561.74, 32.56, 13.43
7.20, 14, white car, 116.45, 444.16, 147.79, 459.30, 132.12, 451.73, 116.45, 451.73, 147.79, 451.73, 31.34, 15.14
7.20, 56, white car, 0.00, 433.68, 21.60, 446.48, 10.80, 440.08, 0.00, 440.08, 21.60, 440.08, 21.60, 12.81
7.23, 68, white car, 1117.13, 554.94, 1149.40, 568.24, 1133.27, 561.59, 1117.13, 561.59, 1149.40, 561.59, 32.27, 13.30
7.23, 14, white car, 114.34, 443.79, 145.67, 458.97, 130.00, 451.38, 114.34, 451.38, 145.67, 451.38, 31.33, 15.18
7.23, 56, white car, 0.00, 433.43, 20.98, 446.10, 10.49, 439.76, 0.00, 439.76, 20.98, 439.76, 20.98, 12.67
7.27, 68, white car, 1114.16, 554.85, 1146.30, 568.08, 1130.23, 561.46, 1114.16, 561.46, 1146.30, 561.46, 32.14, 13.23
7.27, 14, white car, 111.88, 443.31, 143.36, 458.62, 127.62, 450.97, 111.88, 450.97, 143.36, 450.97, 31.48, 15.32
7.30, 68, white car, 1111.56, 554.69, 1143.58, 567.88, 1127.57, 561.28, 1111.56, 561.28, 1143.58, 561.28, 32.02, 13.19
7.30, 14, white car, 109.79, 442.96, 141.11, 458.25, 125.45, 450.60, 109.79, 450.60, 141.11, 450.60, 31.32, 15.30
7.33, 68, white car, 1108.39, 554.46, 1140.88, 567.86, 1124.64, 561.16, 1108.39, 561.16, 1140.88, 561.16, 32.49, 13.41
7.33, 14, white car, 107.75, 442.60, 139.02, 457.91, 123.38, 450.25, 107.75, 450.25, 139.02, 450.25, 31.27, 15.30
7.37, 68, white car, 1105.48, 554.29, 1138.15, 567.83, 1121.81, 561.06, 1105.48, 561.06, 1138.15, 561.06, 32.67, 13.54
7.37, 14, white car, 105.23, 442.26, 136.07, 457.39, 120.65, 449.82, 105.23, 449.82, 136.07, 449.82, 30.84, 15.13
7.40, 68, white car, 1102.66, 554.07, 1135.16, 567.55, 1118.91, 560.81, 1102.66, 560.81, 1135.16, 560.81, 32.50, 13.47
7.40, 14, white car, 103.12, 442.11, 133.53, 457.04, 118.33, 449.57, 103.12, 449.57, 133.53, 449.57, 30.41, 14.93
7.43, 68, white car, 1099.90, 554.06, 1132.26, 567.48, 1116.08, 560.77, 1099.90, 560.77, 1132.26, 560.77, 32.36, 13.42
7.43, 14, white car, 101.17, 442.03, 131.19, 456.77, 116.18, 449.40, 101.17, 449.40, 131.19, 449.40, 30.02, 14.74
7.47, 68, white car, 1097.02, 553.86, 1129.14, 567.18, 1113.08, 560.52, 1097.02, 560.52, 1129.14, 560.52, 32.13, 13.32
7.47, 14, white car, 98.82, 441.68, 128.93, 456.46, 113.88, 449.07, 98.82, 449.07, 128.93, 449.07, 30.12, 14.77
7.50, 68, white car, 1094.09, 553.68, 1126.21, 567.02, 1110.15, 560.35, 1094.09, 560.35, 1126.21, 560.35, 32.12, 13.34
7.50, 14, white car, 96.55, 441.42, 126.65, 456.20, 111.60, 448.81, 96.55, 448.81, 126.65, 448.81, 30.10, 14.78
7.53, 68, white car, 1091.15, 553.77, 1123.29, 567.16, 1107.22, 560.46, 1091.15, 560.46, 1123.29, 560.46, 32.14, 13.38
7.53, 14, white car, 94.26, 441.10, 124.55, 455.98, 109.41, 448.54, 94.26, 448.54, 124.55, 448.54, 30.29, 14.88
7.57, 68, white car, 1088.32, 553.54, 1120.04, 566.74, 1104.18, 560.14, 1088.32, 560.14, 1120.04, 560.14, 31.72, 13.20
7.57, 14, white car, 92.11, 440.97, 121.94, 455.62, 107.03, 448.30, 92.11, 448.30, 121.94, 448.30, 29.83, 14.65
7.60, 68, white car, 1085.64, 553.52, 1117.37, 566.70, 1101.51, 560.11, 1085.64, 560.11, 1117.37, 560.11, 31.73, 13.19
7.60, 14, white car, 90.07, 440.69, 119.66, 455.20, 104.87, 447.95, 90.07, 447.95, 119.66, 447.95, 29.59, 14.51
7.63, 68, white car, 1082.67, 553.24, 1114.38, 566.42, 1098.53, 559.83, 1082.67, 559.83, 1114.38, 559.83, 31.71, 13.18
7.63, 14, white car, 87.68, 440.43, 117.63, 455.11, 102.66, 447.77, 87.68, 447.77, 117.63, 447.77, 29.95, 14.68
7.67, 68, white car, 1079.83, 553.02, 1111.75, 566.32, 1095.79, 559.67, 1079.83, 559.67, 1111.75, 559.67, 31.93, 13.30
7.67, 14, white car, 85.05, 440.10, 115.18, 454.89, 100.12, 447.49, 85.05, 447.49, 115.18, 447.49, 30.13, 14.78
7.70, 68, white car, 1077.07, 552.87, 1109.21, 566.30, 1093.14, 559.58, 1077.07, 559.58, 1109.21, 559.58, 32.14, 13.43
7.70, 14, white car, 82.81, 439.66, 113.19, 454.58, 98.00, 447.12, 82.81, 447.12, 113.19, 447.12, 30.38, 14.92
7.73, 68, white car, 1074.45, 552.69, 1106.01, 565.89, 1090.23, 559.29, 1074.45, 559.29, 1106.01, 559.29, 31.56, 13.20
7.73, 14, white car, 80.32, 439.22, 111.39, 454.51, 95.86, 446.86, 80.32, 446.86, 111.39, 446.86, 31.08, 15.28
7.77, 68, white car, 1071.86, 552.74, 1103.06, 565.76, 1087.46, 559.25, 1071.86, 559.25, 1103.06, 559.25, 31.20, 13.02
7.77, 14, white car, 78.03, 439.04, 109.04, 454.33, 93.53, 446.68, 78.03, 446.68, 109.04, 446.68, 31.01, 15.29
7.80, 68, white car, 1068.67, 552.42, 1100.24, 565.56, 1084.45, 558.99, 1068.67, 558.99, 1100.24, 558.99, 31.56, 13.14
7.80, 14, white car, 75.98, 438.74, 106.92, 454.03, 91.45, 446.38, 75.98, 446.38, 106.92, 446.38, 30.94, 15.29
7.83, 68, white car, 1066.22, 552.45, 1097.24, 565.34, 1081.73, 558.90, 1066.22, 558.90, 1097.24, 558.90, 31.02, 12.89
7.83, 14, white car, 73.93, 438.53, 104.89, 453.85, 89.41, 446.19, 73.93, 446.19, 104.89, 446.19, 30.97, 15.32
7.87, 68, white car, 1062.85, 552.27, 1094.47, 565.42, 1078.66, 558.84, 1062.85, 558.84, 1094.47, 558.84, 31.62, 13.16
7.87, 14, white car, 71.90, 438.32, 102.56, 453.49, 87.23, 445.90, 71.90, 445.90, 102.56, 445.90, 30.66, 15.16
7.90, 68, white car, 1060.02, 551.99, 1091.57, 565.10, 1075.80, 558.55, 1060.02, 558.55, 1091.57, 558.55, 31.55, 13.10
7.90, 14, white car, 69.49, 437.71, 100.81, 453.22, 85.15, 445.47, 69.49, 445.47, 100.81, 445.47, 31.31, 15.51
7.93, 68, white car, 1057.31, 551.93, 1088.65, 564.93, 1072.98, 558.43, 1057.31, 558.43, 1088.65, 558.43, 31.35, 13.00
7.93, 14, white car, 67.28, 437.04, 98.87, 452.72, 83.07, 444.88, 67.28, 444.88, 98.87, 444.88, 31.60, 15.68
7.97, 68, white car, 1054.15, 551.66, 1085.80, 564.76, 1069.97, 558.21, 1054.15, 558.21, 1085.80, 558.21, 31.65, 13.10
7.97, 14, white car, 64.98, 436.55, 96.27, 452.11, 80.63, 444.33, 64.98, 444.33, 96.27, 444.33, 31.29, 15.56
8.00, 68, white car, 1051.57, 551.51, 1083.02, 564.49, 1067.29, 558.00, 1051.57, 558.00, 1083.02, 558.00, 31.45, 12.98
8.00, 14, white car, 62.10, 436.20, 93.58, 451.85, 77.84, 444.03, 62.10, 444.03, 93.58, 444.03, 31.48, 15.65
8.03, 68, white car, 1048.48, 551.15, 1080.48, 564.38, 1064.48, 557.76, 1048.48, 557.76, 1080.48, 557.76, 32.00, 13.23
8.03, 14, white car, 60.56, 436.11, 91.73, 451.63, 76.15, 443.87, 60.56, 443.87, 91.73, 443.87, 31.17, 15.53
8.07, 68, white car, 1045.41, 550.95, 1077.46, 564.20, 1061.43, 557.58, 1045.41, 557.58, 1077.46, 557.58, 32.05, 13.25
8.07, 14, white car, 59.00, 436.05, 89.44, 451.22, 74.22, 443.64, 59.00, 443.64, 89.44, 443.64, 30.45, 15.18
8.10, 68, white car, 1042.65, 550.82, 1074.56, 564.02, 1058.60, 557.42, 1042.65, 557.42, 1074.56, 557.42, 31.91, 13.20
8.10, 14, white car, 56.56, 435.73, 86.83, 450.80, 71.69, 443.26, 56.56, 443.26, 86.83, 443.26, 30.26, 15.06
8.13, 68, white car, 1040.02, 550.45, 1071.60, 563.52, 1055.81, 556.98, 1040.02, 556.98, 1071.60, 556.98, 31.58, 13.07
8.13, 14, white car, 56.19, 435.70, 85.38, 450.32, 70.78, 443.01, 56.19, 443.01, 85.38, 443.01, 29.19, 14.62
8.17, 68, white car, 1037.83, 550.32, 1068.78, 563.13, 1053.30, 556.72, 1037.83, 556.72, 1068.78, 556.72, 30.95, 12.82
8.17, 14, white car, 54.39, 435.48, 83.53, 450.18, 68.96, 442.83, 54.39, 442.83, 83.53, 442.83, 29.14, 14.69
8.20, 68, white car, 1034.65, 550.05, 1065.78, 562.99, 1050.22, 556.52, 1034.65, 556.52, 1065.78, 556.52, 31.12, 12.93
8.20, 14, white car, 52.09, 435.22, 81.13, 449.86, 66.61, 442.54, 52.09, 442.54, 81.13, 442.54, 29.05, 14.64
8.23, 68, white car, 1032.08, 549.95, 1062.87, 562.73, 1047.48, 556.34, 1032.08, 556.34, 1062.87, 556.34, 30.79, 12.78
8.23, 14, white car, 49.16, 434.63, 78.84, 449.56, 64.00, 442.10, 49.16, 442.10, 78.84, 442.10, 29.68, 14.93
8.27, 68, white car, 1029.22, 549.93, 1059.65, 562.55, 1044.44, 556.24, 1029.22, 556.24, 1059.65, 556.24, 30.43, 12.62
8.27, 14, white car, 46.43, 434.32, 76.76, 449.58, 61.59, 441.95, 46.43, 441.95, 76.76, 441.95, 30.33, 15.26
8.30, 68, white car, 1026.31, 549.74, 1056.65, 562.31, 1041.48, 556.03, 1026.31, 556.03, 1056.65, 556.03, 30.33, 12.56
8.30, 14, white car, 44.15, 434.07, 74.77, 449.47, 59.46, 441.77, 44.15, 441.77, 74.77, 441.77, 30.62, 15.41
8.33, 68, white car, 1023.82, 549.63, 1053.63, 561.93, 1038.73, 555.78, 1023.82, 555.78, 1053.63, 555.78, 29.81, 12.30
8.33, 14, white car, 41.99, 433.70, 72.63, 449.13, 57.31, 441.41, 41.99, 441.41, 72.63, 441.41, 30.64, 15.43
8.37, 68, white car, 1020.93, 549.50, 1050.79, 561.77, 1035.86, 555.63, 1020.93, 555.63, 1050.79, 555.63, 29.86, 12.27
8.37, 14, white car, 39.96, 433.34, 70.44, 448.64, 55.20, 440.99, 39.96, 440.99, 70.44, 440.99, 30.48, 15.30
8.40, 68, white car, 1017.97, 549.37, 1048.18, 561.71, 1033.08, 555.54, 1017.97, 555.54, 1048.18, 555.54, 30.21, 12.34
8.40, 14, white car, 37.98, 433.15, 68.22, 448.25, 53.10, 440.70, 37.98, 440.70, 68.22, 440.70, 30.24, 15.10
8.43, 68, white car, 1014.97, 549.09, 1045.61, 561.59, 1030.29, 555.34, 1014.97, 555.34, 1045.61, 555.34, 30.63, 12.50
8.43, 14, white car, 35.82, 432.93, 66.03, 447.94, 50.93, 440.43, 35.82, 440.43, 66.03, 440.43, 30.21, 15.02
8.47, 68, white car, 1011.94, 548.99, 1042.70, 561.55, 1027.32, 555.27, 1011.94, 555.27, 1042.70, 555.27, 30.77, 12.56
8.47, 14, white car, 33.98, 432.68, 64.10, 447.61, 49.04, 440.15, 33.98, 440.15, 64.10, 440.15, 30.12, 14.93
8.50, 68, white car, 1009.14, 548.89, 1039.77, 561.41, 1024.45, 555.15, 1009.14, 555.15, 1039.77, 555.15, 30.63, 12.52
8.50, 14, white car, 32.24, 432.57, 62.19, 447.38, 47.22, 439.98, 32.24, 439.98, 62.19, 439.98, 29.95, 14.81
8.53, 68, white car, 1006.11, 548.54, 1037.02, 561.22, 1021.56, 554.88, 1006.11, 554.88, 1037.02, 554.88, 30.91, 12.68
8.53, 14, white car, 30.69, 432.51, 60.28, 447.11, 45.49, 439.81, 30.69, 439.81, 60.28, 439.81, 29.59, 14.60
8.57, 68, white car, 1003.13, 548.36, 1033.79, 560.95, 1018.46, 554.65, 1003.13, 554.65, 1033.79, 554.65, 30.66, 12.59
8.57, 14, white car, 28.58, 432.15, 58.04, 446.66, 43.31, 439.40, 28.58, 439.40, 58.04, 439.40, 29.46, 14.51
8.60, 68, white car, 1000.89, 548.18, 1030.88, 560.47, 1015.88, 554.33, 1000.89, 554.33, 1030.88, 554.33, 29.99, 12.29
8.60, 14, white car, 27.71, 432.10, 56.89, 446.47, 42.30, 439.28, 27.71, 439.28, 56.89, 439.28, 29.19, 14.37
8.63, 68, white car, 998.21, 548.11, 1027.98, 560.31, 1013.09, 554.21, 998.21, 554.21, 1027.98, 554.21, 29.77, 12.20
8.63, 14, white car, 23.76, 431.91, 52.98, 446.26, 38.37, 439.08, 23.76, 439.08, 52.98, 439.08, 29.23, 14.35
8.67, 68, white car, 995.50, 547.96, 1025.16, 560.13, 1010.33, 554.05, 995.50, 554.05, 1025.16, 554.05, 29.66, 12.17
8.67, 14, white car, 20.30, 431.43, 50.19, 446.07, 35.25, 438.75, 20.30, 438.75, 50.19, 438.75, 29.88, 14.64
8.70, 68, white car, 992.88, 547.88, 1022.56, 560.03, 1007.72, 553.96, 992.88, 553.96, 1022.56, 553.96, 29.67, 12.15
8.70, 14, white car, 18.61, 431.18, 48.76, 445.94, 33.69, 438.56, 18.61, 438.56, 48.76, 438.56, 30.15, 14.76
8.73, 68, white car, 989.99, 547.85, 1019.30, 559.82, 1004.64, 553.83, 989.99, 553.83, 1019.30, 553.83, 29.31, 11.98
8.73, 14, white car, 16.93, 430.73, 47.37, 445.61, 32.15, 438.17, 16.93, 438.17, 47.37, 438.17, 30.44, 14.88
8.77, 68, white car, 987.04, 547.65, 1016.59, 559.71, 1001.82, 553.68, 987.04, 553.68, 1016.59, 553.68, 29.54, 12.06
8.77, 14, white car, 15.09, 430.41, 45.51, 445.26, 30.30, 437.83, 15.09, 437.83, 45.51, 437.83, 30.42, 14.86
8.80, 68, white car, 984.00, 547.51, 1013.53, 559.57, 998.76, 553.54, 984.00, 553.54, 1013.53, 553.54, 29.52, 12.06
8.80, 14, white car, 12.87, 429.93, 43.55, 444.95, 28.21, 437.44, 12.87, 437.44, 43.55, 437.44, 30.69, 15.02
8.83, 68, white car, 981.18, 547.48, 1010.35, 559.40, 995.76, 553.44, 981.18, 553.44, 1010.35, 553.44, 29.17, 11.93
8.83, 14, white car, 11.04, 429.65, 41.51, 444.59, 26.28, 437.12, 11.04, 437.12, 41.51, 437.12, 30.47, 14.94
8.87, 68, white car, 978.34, 547.24, 1007.73, 559.26, 993.03, 553.25, 978.34, 553.25, 1007.73, 553.25, 29.39, 12.01
8.87, 14, white car, 9.20, 429.34, 39.46, 444.21, 24.33, 436.77, 9.20, 436.77, 39.46, 436.77, 30.26, 14.87
8.90, 68, white car, 975.52, 547.05, 1004.73, 558.98, 990.12, 553.02, 975.52, 553.02, 1004.73, 553.02, 29.21, 11.94
8.90, 14, white car, 6.21, 428.72, 37.26, 444.04, 21.74, 436.38, 6.21, 436.38, 37.26, 436.38, 31.05, 15.32
8.93, 68, white car, 972.86, 546.55, 1003.07, 558.95, 987.97, 552.75, 972.86, 552.75, 1003.07, 552.75, 30.21, 12.40
8.93, 14, white car, 4.02, 428.45, 35.19, 443.83, 19.60, 436.14, 4.02, 436.14, 35.19, 436.14, 31.17, 15.38
8.97, 68, white car, 970.55, 546.41, 999.93, 558.48, 985.24, 552.44, 970.55, 552.44, 999.93, 552.44, 29.37, 12.07
8.97, 14, white car, 2.78, 428.49, 33.45, 443.61, 18.12, 436.05, 2.78, 436.05, 33.45, 436.05, 30.68, 15.12
9.00, 68, white car, 967.93, 546.37, 996.88, 558.27, 982.41, 552.32, 967.93, 552.32, 996.88, 552.32, 28.95, 11.90
9.00, 14, white car, 1.81, 428.42, 31.80, 443.20, 16.81, 435.81, 1.81, 435.81, 31.80, 435.81, 30.00, 14.79
9.03, 68, white car, 965.53, 546.41, 993.93, 558.07, 979.73, 552.24, 965.53, 552.24, 993.93, 552.24, 28.40, 11.66
9.03, 14, white car, 0.82, 428.38, 29.96, 442.77, 15.39, 435.58, 0.82, 435.58, 29.96, 435.58, 29.14, 14.39
9.07, 68, white car, 961.43, 545.70, 991.40, 558.05, 976.41, 551.87, 961.43, 551.87, 991.40, 551.87, 29.97, 12.35
9.07, 14, white car, 0.01, 428.10, 28.65, 442.30, 14.33, 435.20, 0.01, 435.20, 28.65, 435.20, 28.63, 14.20
9.10, 68, white car, 958.20, 545.30, 988.90, 558.00, 973.55, 551.65, 958.20, 551.65, 988.90, 551.65, 30.70, 12.70
9.10, 14, white car, 0.00, 428.12, 27.43, 442.09, 13.72, 435.10, 0.00, 435.10, 27.43, 435.10, 27.43, 13.98
9.13, 68, white car, 954.92, 544.93, 986.18, 557.90, 970.55, 551.42, 954.92, 551.42, 986.18, 551.42, 31.26, 12.97
9.13, 14, white car, 0.00, 428.09, 25.92, 441.80, 12.96, 434.95, 0.00, 434.95, 25.92, 434.95, 25.92, 13.71
9.17, 68, white car, 952.10, 544.62, 983.84, 557.83, 967.97, 551.23, 952.10, 551.23, 983.84, 551.23, 31.73, 13.21
9.17, 14, white car, 0.00, 427.98, 24.59, 441.43, 12.30, 434.70, 0.00, 434.70, 24.59, 434.70, 24.59, 13.45
9.20, 68, white car, 949.16, 544.41, 980.92, 557.67, 965.04, 551.04, 949.16, 551.04, 980.92, 551.04, 31.76, 13.26
9.20, 14, white car, 0.00, 427.70, 23.61, 440.95, 11.80, 434.32, 0.00, 434.32, 23.61, 434.32, 23.61, 13.25
9.23, 68, white car, 946.53, 544.25, 977.95, 557.40, 962.24, 550.82, 946.53, 550.82, 977.95, 550.82, 31.42, 13.15
9.23, 14, white car, 0.00, 427.52, 23.35, 440.86, 11.68, 434.19, 0.00, 434.19, 23.35, 434.19, 23.35, 13.34
9.27, 68, white car, 944.19, 544.22, 975.13, 557.19, 959.66, 550.71, 944.19, 550.71, 975.13, 550.71, 30.94, 12.97
9.30, 68, white car, 941.44, 544.30, 971.80, 557.00, 956.62, 550.65, 941.44, 550.65, 971.80, 550.65, 30.36, 12.70
9.33, 68, white car, 938.94, 544.23, 968.80, 556.74, 953.87, 550.48, 938.94, 550.48, 968.80, 550.48, 29.86, 12.52
9.37, 68, white car, 935.95, 544.00, 965.72, 556.51, 950.84, 550.26, 935.95, 550.26, 965.72, 550.26, 29.77, 12.50
9.40, 68, white car, 933.33, 543.77, 963.17, 556.33, 948.25, 550.05, 933.33, 550.05, 963.17, 550.05, 29.85, 12.56
9.43, 68, white car, 930.70, 543.58, 960.42, 556.09, 945.56, 549.84, 930.70, 549.84, 960.42, 549.84, 29.72, 12.51
9.47, 68, white car, 927.83, 543.62, 957.17, 555.97, 942.50, 549.79, 927.83, 549.79, 957.17, 549.79, 29.34, 12.34
9.50, 68, white car, 924.88, 543.19, 954.62, 555.71, 939.75, 549.45, 924.88, 549.45, 954.62, 549.45, 29.74, 12.52
9.53, 68, white car, 921.60, 542.91, 952.08, 555.79, 936.84, 549.35, 921.60, 549.35, 952.08, 549.35, 30.47, 12.88
9.57, 68, white car, 919.04, 542.63, 949.46, 555.52, 934.25, 549.08, 919.04, 549.08, 949.46, 549.08, 30.43, 12.89
9.60, 68, white car, 916.23, 542.16, 946.70, 555.08, 931.47, 548.62, 916.23, 548.62, 946.70, 548.62, 30.46, 12.92
9.63, 68, white car, 913.42, 542.01, 943.61, 554.85, 928.52, 548.43, 913.42, 548.43, 943.61, 548.43, 30.18, 12.84
9.67, 68, white car, 910.81, 541.80, 941.04, 554.68, 925.93, 548.24, 910.81, 548.24, 941.04, 548.24, 30.23, 12.88
9.70, 68, white car, 908.02, 541.52, 938.35, 554.47, 923.18, 547.99, 908.02, 547.99, 938.35, 547.99, 30.33, 12.96
9.73, 68, white car, 905.31, 541.50, 935.23, 554.26, 920.27, 547.88, 905.31, 547.88, 935.23, 547.88, 29.92, 12.76
9.77, 68, white car, 902.74, 541.53, 932.12, 554.02, 917.43, 547.77, 902.74, 547.77, 932.12, 547.77, 29.39, 12.49
9.80, 68, white car, 899.94, 541.59, 928.72, 553.81, 914.33, 547.70, 899.94, 547.70, 928.72, 547.70, 28.78, 12.22
9.83, 68, white car, 897.66, 541.45, 926.22, 553.55, 911.94, 547.50, 897.66, 547.50, 926.22, 547.50, 28.56, 12.11
9.87, 68, white car, 894.60, 541.19, 923.39, 553.40, 909.00, 547.30, 894.60, 547.30, 923.39, 547.30, 28.79, 12.22
9.90, 68, white car, 891.71, 541.01, 920.60, 553.28, 906.15, 547.15, 891.71, 547.15, 920.60, 547.15, 28.89, 12.26
9.93, 68, white car, 888.89, 540.85, 917.76, 553.06, 903.32, 546.95, 888.89, 546.95, 917.76, 546.95, 28.88, 12.21
9.97, 68, white car, 885.78, 540.62, 914.50, 552.76, 900.14, 546.69, 885.78, 546.69, 914.50, 546.69, 28.72, 12.13
