0.00, 1, white car, 130.98, 501.18, 161.67, 514.18, 146.32, 507.68, 130.98, 507.68, 161.67, 507.68, 30.70, 13.00
0.03, 1, white car, 129.21, 501.13, 159.36, 513.90, 144.28, 507.51, 129.21, 507.51, 159.36, 507.51, 30.15, 12.77
0.07, 1, white car, 126.75, 501.02, 157.24, 513.94, 141.99, 507.48, 126.75, 507.48, 157.24, 507.48, 30.50, 12.92
0.10, 1, white car, 124.71, 501.10, 154.89, 513.88, 139.80, 507.49, 124.71, 507.49, 154.89, 507.49, 30.18, 12.78
0.13, 1, white car, 122.23, 500.91, 152.66, 513.80, 137.44, 507.36, 122.23, 507.36, 152.66, 507.36, 30.43, 12.88
0.13, 7, black car, 1343.01, 501.56, 1371.34, 514.70, 1357.17, 508.13, 1343.01, 508.13, 1371.34, 508.13, 28.33, 13.14
0.17, 1, white car, 119.31, 500.50, 149.99, 513.51, 134.65, 507.01, 119.31, 507.01, 149.99, 507.01, 30.68, 13.00
0.17, 7, black car, 1340.37, 501.50, 1368.77, 514.65, 1354.57, 508.08, 1340.37, 508.08, 1368.77, 508.08, 28.40, 13.14
0.20, 1, white car, 117.22, 500.53, 147.50, 513.36, 132.36, 506.95, 117.22, 506.95, 147.50, 506.95, 30.28, 12.84
0.20, 7, black car, 1337.69, 501.37, 1367.17, 514.97, 1352.43, 508.17, 1337.69, 508.17, 1367.17, 508.17, 29.48, 13.60
0.23, 1, white car, 114.74, 500.43, 144.87, 513.23, 129.80, 506.83, 114.74, 506.83, 144.87, 506.83, 30.13, 12.80
0.23, 7, black car, 1334.49, 501.27, 1365.04, 515.32, 1349.76, 508.29, 1334.49, 508.29, 1365.04, 508.29, 30.54, 14.06
0.27, 1, white car, 112.36, 500.33, 142.53, 513.16, 127.45, 506.74, 112.36, 506.74, 142.53, 506.74, 30.18, 12.83
0.27, 7, black car, 1330.75, 501.40, 1361.72, 515.65, 1346.23, 508.52, 1330.75, 508.52, 1361.72, 508.52, 30.97, 14.25
0.30, 1, white car, 110.49, 500.40, 140.31, 513.07, 125.40, 506.74, 110.49, 506.74, 140.31, 506.74, 29.82, 12.68
0.30, 7, black car, 1326.84, 501.75, 1357.33, 515.80, 1342.09, 508.77, 1326.84, 508.77, 1357.33, 508.77, 30.49, 14.05
0.33, 1, white car, 107.35, 499.97, 138.07, 513.01, 122.71, 506.49, 107.35, 506.49, 138.07, 506.49, 30.71, 13.04
0.33, 7, black car, 1323.62, 502.08, 1353.50, 515.82, 1338.56, 508.95, 1323.62, 508.95, 1353.50, 508.95, 29.88, 13.74
0.37, 1, white car, 104.24, 499.67, 135.64, 513.01, 119.94, 506.34, 104.24, 506.34, 135.64, 506.34, 31.40, 13.34
0.37, 7, black car, 1320.53, 502.16, 1350.45, 515.88, 1335.49, 509.02, 1320.53, 509.02, 1350.45, 509.02, 29.91, 13.72
0.40, 1, white car, 102.17, 499.67, 133.24, 512.86, 117.70, 506.26, 102.17, 506.26, 133.24, 506.26, 31.07, 13.19
0.40, 7, black car, 1317.62, 502.12, 1347.49, 515.80, 1332.55, 508.96, 1317.62, 508.96, 1347.49, 508.96, 29.86, 13.69
0.43, 1, white car, 99.96, 499.64, 130.37, 512.51, 115.16, 506.07, 99.96, 506.07, 130.37, 506.07, 30.40, 12.87
0.43, 7, black car, 1315.15, 502.39, 1344.56, 515.82, 1329.85, 509.10, 1315.15, 509.10, 1344.56, 509.10, 29.40, 13.43
0.47, 1, white car, 97.92, 499.57, 128.09, 512.33, 113.01, 505.95, 97.92, 505.95, 128.09, 505.95, 30.17, 12.76
0.47, 7, black car, 1312.24, 502.24, 1341.68, 515.67, 1326.96, 508.96, 1312.24, 508.96, 1341.68, 508.96, 29.45, 13.43
0.50, 1, white car, 95.86, 499.59, 125.95, 512.28, 110.90, 505.93, 95.86, 505.93, 125.95, 505.93, 30.08, 12.70
0.50, 7, black car, 1308.71, 502.36, 1338.13, 515.72, 1323.42, 509.04, 1308.71, 509.04, 1338.13, 509.04, 29.42, 13.36
0.53, 1, white car, 93.14, 499.45, 123.45, 512.22, 108.29, 505.83, 93.14, 505.83, 123.45, 505.83, 30.31, 12.77
0.53, 7, black car, 1305.67, 502.57, 1335.40, 516.05, 1320.53, 509.31, 1305.67, 509.31, 1335.40, 509.31, 29.73, 13.47
0.57, 1, white car, 90.23, 499.31, 121.11, 512.36, 105.67, 505.84, 90.23, 505.84, 121.11, 505.84, 30.88, 13.05
0.57, 7, black car, 1301.38, 502.75, 1331.92, 516.55, 1316.65, 509.65, 1301.38, 509.65, 1331.92, 509.65, 30.54, 13.80
0.60, 1, white car, 88.07, 499.30, 118.96, 512.37, 103.51, 505.84, 88.07, 505.84, 118.96, 505.84, 30.89, 13.07
0.60, 7, black car, 1298.13, 502.89, 1328.72, 516.66, 1313.42, 509.77, 1298.13, 509.77, 1328.72, 509.77, 30.59, 13.78
0.63, 1, white car, 85.72, 499.16, 116.48, 512.13, 101.10, 505.65, 85.72, 505.65, 116.48, 505.65, 30.76, 12.97
0.63, 7, black car, 1295.65, 503.10, 1325.65, 516.59, 1310.65, 509.85, 1295.65, 509.85, 1325.65, 509.85, 30.00, 13.49
0.67, 1, white car, 83.35, 498.93, 114.43, 512.03, 98.89, 505.48, 83.35, 505.48, 114.43, 505.48, 31.08, 13.10
0.67, 7, black car, 1293.55, 502.99, 1322.80, 516.20, 1308.18, 509.60, 1293.55, 509.60, 1322.80, 509.60, 29.25, 13.21
0.70, 1, white car, 81.20, 498.94, 112.29, 512.08, 96.74, 505.51, 81.20, 505.51, 112.29, 505.51, 31.09, 13.13
0.70, 7, black car, 1290.10, 502.95, 1319.53, 516.23, 1304.81, 509.59, 1290.10, 509.59, 1319.53, 509.59, 29.43, 13.29
0.73, 1, white car, 78.47, 498.76, 109.31, 511.80, 93.89, 505.28, 78.47, 505.28, 109.31, 505.28, 30.85, 13.05
0.73, 7, black car, 1286.89, 503.34, 1316.32, 516.62, 1301.60, 509.98, 1286.89, 509.98, 1316.32, 509.98, 29.43, 13.28
0.77, 1, white car, 76.01, 498.65, 106.81, 511.71, 91.41, 505.18, 76.01, 505.18, 106.81, 505.18, 30.80, 13.06
0.77, 7, black car, 1283.52, 503.63, 1313.12, 517.03, 1298.32, 510.33, 1283.52, 510.33, 1313.12, 510.33, 29.60, 13.40
0.80, 1, white car, 73.48, 498.79, 104.60, 512.02, 89.04, 505.41, 73.48, 505.41, 104.60, 505.41, 31.12, 13.23
0.80, 7, black car, 1281.98, 503.82, 1310.00, 516.46, 1295.99, 510.14, 1281.98, 510.14, 1310.00, 510.14, 28.02, 12.64
0.83, 1, white car, 71.03, 498.79, 102.24, 512.10, 86.63, 505.44, 71.03, 505.44, 102.24, 505.44, 31.21, 13.30
0.83, 7, black car, 1279.73, 503.85, 1306.43, 515.85, 1293.08, 509.85, 1279.73, 509.85, 1306.43, 509.85, 26.70, 12.00
0.87, 1, white car, 69.06, 498.79, 100.26, 512.10, 84.66, 505.45, 69.06, 505.45, 100.26, 505.45, 31.20, 13.31
0.87, 7, black car, 1276.35, 503.93, 1303.63, 516.19, 1289.99, 510.06, 1276.35, 510.06, 1303.63, 510.06, 27.28, 12.25
0.90, 1, white car, 67.16, 498.75, 97.78, 511.81, 82.47, 505.28, 67.16, 505.28, 97.78, 505.28, 30.62, 13.05
0.93, 1, white car, 64.78, 498.58, 95.21, 511.53, 80.00, 505.06, 64.78, 505.06, 95.21, 505.06, 30.43, 12.95
0.97, 1, white car, 62.45, 498.38, 92.80, 511.29, 77.63, 504.84, 62.45, 504.84, 92.80, 504.84, 30.34, 12.91
1.00, 1, white car, 60.25, 498.41, 90.36, 511.18, 75.31, 504.80, 60.25, 504.80, 90.36, 504.80, 30.11, 12.77
1.03, 1, white car, 57.94, 498.42, 88.09, 511.18, 73.02, 504.80, 57.94, 504.80, 88.09, 504.80, 30.15, 12.77
1.07, 1, white car, 55.62, 498.29, 85.67, 511.01, 70.65, 504.65, 55.62, 504.65, 85.67, 504.65, 30.05, 12.71
1.10, 1, white car, 53.51, 498.23, 83.19, 510.75, 68.35, 504.49, 53.51, 504.49, 83.19, 504.49, 29.68, 12.52
1.13, 1, white car, 50.93, 498.10, 80.54, 510.54, 65.73, 504.32, 50.93, 504.32, 80.54, 504.32, 29.62, 12.44
1.17, 1, white car, 48.54, 497.95, 78.45, 510.51, 63.50, 504.23, 48.54, 504.23, 78.45, 504.23, 29.91, 12.55
1.20, 1, white car, 46.31, 497.86, 76.27, 510.38, 61.29, 504.12, 46.31, 504.12, 76.27, 504.12, 29.96, 12.52
1.23, 1, white car, 43.87, 497.80, 73.49, 510.15, 58.68, 503.98, 43.87, 503.98, 73.49, 503.98, 29.62, 12.35
1.27, 1, white car, 41.39, 497.58, 71.21, 509.99, 56.30, 503.79, 41.39, 503.79, 71.21, 503.79, 29.82, 12.41
1.30, 1, white car, 39.51, 497.64, 68.91, 509.82, 54.21, 503.73, 39.51, 503.73, 68.91, 503.73, 29.40, 12.18
1.30, 7, black car, 1235.47, 506.61, 1264.02, 519.44, 1249.74, 513.03, 1235.47, 513.03, 1264.02, 513.03, 28.55, 12.83
1.33, 1, white car, 37.15, 497.49, 66.62, 509.62, 51.88, 503.55, 37.15, 503.55, 66.62, 503.55, 29.47, 12.14
1.37, 1, white car, 34.55, 497.38, 64.43, 509.67, 49.49, 503.52, 34.55, 503.52, 64.43, 503.52, 29.88, 12.29
1.37, 7, black car, 1228.96, 506.46, 1258.23, 519.60, 1243.59, 513.03, 1228.96, 513.03, 1258.23, 513.03, 29.27, 13.14
1.40, 1, white car, 31.88, 497.27, 62.20, 509.72, 47.04, 503.49, 31.88, 503.49, 62.20, 503.49, 30.32, 12.45
1.40, 7, black car, 1225.65, 506.76, 1254.49, 519.60, 1240.07, 513.18, 1225.65, 513.18, 1254.49, 513.18, 28.84, 12.84
1.43, 1, white car, 29.49, 497.24, 60.06, 509.77, 44.78, 503.51, 29.49, 503.51, 60.06, 503.51, 30.57, 12.54
1.43, 7, black car, 1222.18, 506.83, 1251.13, 519.74, 1236.66, 513.28, 1222.18, 513.28, 1251.13, 513.28, 28.95, 12.91
1.47, 1, white car, 26.79, 497.05, 57.91, 509.83, 42.35, 503.44, 26.79, 503.44, 57.91, 503.44, 31.12, 12.77
1.47, 7, black car, 1218.66, 506.72, 1247.93, 519.77, 1233.30, 513.25, 1218.66, 513.25, 1247.93, 513.25, 29.27, 13.05
1.50, 1, white car, 24.22, 496.69, 55.84, 509.69, 40.03, 503.19, 24.22, 503.19, 55.84, 503.19, 31.62, 13.00
1.50, 7, black car, 1216.18, 507.00, 1244.95, 519.84, 1230.57, 513.42, 1216.18, 513.42, 1244.95, 513.42, 28.77, 12.84
1.53, 1, white car, 21.67, 496.52, 53.37, 509.56, 37.52, 503.04, 21.67, 503.04, 53.37, 503.04, 31.70, 13.04
1.53, 7, black car, 1213.48, 507.00, 1241.76, 519.69, 1227.62, 513.35, 1213.48, 513.35, 1241.76, 513.35, 28.28, 12.69
1.57, 1, white car, 18.76, 496.37, 50.70, 509.54, 34.73, 502.95, 18.76, 502.95, 50.70, 502.95, 31.94, 13.17
1.57, 7, black car, 1209.96, 507.10, 1238.11, 519.74, 1224.03, 513.42, 1209.96, 513.42, 1238.11, 513.42, 28.15, 12.65
1.60, 1, white car, 16.81, 496.32, 48.56, 509.40, 32.68, 502.86, 16.81, 502.86, 48.56, 502.86, 31.75, 13.08
1.60, 7, black car, 1206.29, 507.17, 1234.80, 519.98, 1220.55, 513.57, 1206.29, 513.57, 1234.80, 513.57, 28.51, 12.82
1.63, 1, white car, 15.12, 496.35, 46.10, 509.13, 30.61, 502.74, 15.12, 502.74, 46.10, 502.74, 30.98, 12.78
1.63, 7, black car, 1202.86, 507.14, 1231.76, 520.15, 1217.31, 513.65, 1202.86, 513.65, 1231.76, 513.65, 28.90, 13.01
1.67, 1, white car, 12.98, 496.27, 43.44, 508.84, 28.21, 502.55, 12.98, 502.55, 43.44, 502.55, 30.46, 12.58
1.67, 7, black car, 1200.64, 507.54, 1228.47, 520.05, 1214.55, 513.80, 1200.64, 513.80, 1228.47, 513.80, 27.83, 12.52
1.70, 1, white car, 11.07, 496.27, 41.28, 508.74, 26.17, 502.50, 11.07, 502.50, 41.28, 502.50, 30.21, 12.47
1.70, 7, black car, 1197.37, 507.58, 1225.32, 520.11, 1211.35, 513.84, 1197.37, 513.84, 1225.32, 513.84, 27.95, 12.53
1.73, 1, white car, 8.61, 496.16, 38.79, 508.61, 23.70, 502.39, 8.61, 502.39, 38.79, 502.39, 30.18, 12.46
1.73, 7, black car, 1194.51, 507.50, 1222.82, 520.16, 1208.67, 513.83, 1194.51, 513.83, 1222.82, 513.83, 28.31, 12.66
1.77, 1, white car, 5.84, 495.94, 36.62, 508.67, 21.23, 502.30, 5.84, 502.30, 36.62, 502.30, 30.78, 12.74
1.77, 7, black car, 1191.29, 507.71, 1219.71, 520.39, 1205.50, 514.05, 1191.29, 514.05, 1219.71, 514.05, 28.42, 12.69
1.80, 1, white car, 3.29, 495.69, 34.54, 508.62, 18.92, 502.15, 3.29, 502.15, 34.54, 502.15, 31.25, 12.93
1.80, 7, black car, 1188.32, 507.78, 1216.49, 520.40, 1202.41, 514.09, 1188.32, 514.09, 1216.49, 514.09, 28.18, 12.61
1.83, 1, white car, 0.95, 495.53, 32.30, 508.54, 16.62, 502.03, 0.95, 502.03, 32.30, 502.03, 31.35, 13.01
1.83, 7, black car, 1185.68, 507.95, 1213.34, 520.29, 1199.51, 514.12, 1185.68, 514.12, 1213.34, 514.12, 27.66, 12.34
1.87, 1, white car, 0.00, 495.52, 30.23, 508.42, 15.12, 501.97, 0.00, 501.97, 30.23, 501.97, 30.23, 12.91
1.87, 7, black car, 1182.43, 508.34, 1209.82, 520.47, 1196.12, 514.41, 1182.43, 514.41, 1209.82, 514.41, 27.39, 12.12
1.90, 1, white car, 0.00, 495.39, 28.63, 508.17, 14.32, 501.78, 0.00, 501.78, 28.63, 501.78, 28.63, 12.78
1.90, 7, black car, 1178.73, 508.27, 1206.91, 520.68, 1192.82, 514.48, 1178.73, 514.48, 1206.91, 514.48, 28.18, 12.41
1.93, 1, white car, 0.00, 495.22, 27.41, 507.90, 13.71, 501.56, 0.00, 501.56, 27.41, 501.56, 27.41, 12.68
1.93, 7, black car, 1175.39, 508.11, 1204.31, 520.81, 1189.85, 514.46, 1175.39, 514.46, 1204.31, 514.46, 28.92, 12.70
1.97, 1, white car, 0.00, 495.33, 26.03, 508.14, 13.01, 501.73, 0.00, 501.73, 26.03, 501.73, 26.03, 12.81
1.97, 7, black car, 1172.27, 508.23, 1201.27, 520.94, 1186.77, 514.58, 1172.27, 514.58, 1201.27, 514.58, 29.00, 12.71
2.00, 1, white car, 0.00, 495.39, 24.43, 508.06, 12.21, 501.73, 0.00, 501.73, 24.43, 501.73, 24.43, 12.68
2.00, 7, black car, 1169.61, 508.29, 1198.07, 520.75, 1183.84, 514.52, 1169.61, 514.52, 1198.07, 514.52, 28.47, 12.46
2.03, 1, white car, 0.00, 495.44, 23.33, 507.99, 11.67, 501.71, 0.00, 501.71, 23.33, 501.71, 23.33, 12.55
2.03, 7, black car, 1166.80, 508.70, 1194.89, 521.02, 1180.85, 514.86, 1166.80, 514.86, 1194.89, 514.86, 28.08, 12.31
2.07, 1, white car, 0.00, 495.28, 21.23, 507.78, 10.61, 501.53, 0.00, 501.53, 21.23, 501.53, 21.23, 12.50
2.07, 7, black car, 1163.63, 508.71, 1191.86, 521.11, 1177.74, 514.91, 1163.63, 514.91, 1191.86, 514.91, 28.23, 12.40
2.10, 1, white car, 0.00, 495.03, 19.29, 507.28, 9.64, 501.15, 0.00, 501.15, 19.29, 501.15, 19.29, 12.25
2.10, 7, black car, 1159.49, 508.80, 1188.49, 521.58, 1173.99, 515.19, 1159.49, 515.19, 1188.49, 515.19, 29.00, 12.78
2.13, 1, white car, 0.00, 494.94, 17.06, 507.03, 8.53, 500.98, 0.00, 500.98, 17.06, 500.98, 17.06, 12.09
2.13, 7, black car, 1156.57, 508.83, 1184.69, 521.21, 1170.63, 515.02, 1156.57, 515.02, 1184.69, 515.02, 28.12, 12.39
2.17, 1, white car, 0.00, 495.11, 14.99, 506.84, 7.50, 500.97, 0.00, 500.97, 14.99, 500.97, 14.99, 11.73
2.17, 7, black car, 1154.10, 509.26, 1181.47, 521.35, 1167.78, 515.30, 1154.10, 515.30, 1181.47, 515.30, 27.38, 12.09
2.20, 7, black car, 1151.57, 509.27, 1178.77, 521.31, 1165.17, 515.29, 1151.57, 515.29, 1178.77, 515.29, 27.20, 12.04
2.23, 7, black car, 1147.97, 508.92, 1176.32, 521.56, 1162.14, 515.24, 1147.97, 515.24, 1176.32, 515.24, 28.34, 12.64
2.27, 7, black car, 1144.01, 508.87, 1172.95, 521.76, 1158.48, 515.31, 1144.01, 515.31, 1172.95, 515.31, 28.94, 12.89
2.30, 7, black car, 1140.66, 508.65, 1169.18, 521.25, 1154.92, 514.95, 1140.66, 514.95, 1169.18, 514.95, 28.52, 12.60
2.33, 7, black car, 1137.66, 508.99, 1166.05, 521.52, 1151.86, 515.25, 1137.66, 515.25, 1166.05, 515.25, 28.39, 12.52
2.37, 7, black car, 1135.65, 509.55, 1163.66, 521.92, 1149.65, 515.73, 1135.65, 515.73, 1163.66, 515.73, 28.01, 12.37
2.40, 7, black car, 1133.36, 509.31, 1161.09, 521.59, 1147.23, 515.45, 1133.36, 515.45, 1161.09, 515.45, 27.73, 12.28
2.43, 7, black car, 1130.17, 509.66, 1157.57, 521.79, 1143.87, 515.72, 1130.17, 515.72, 1157.57, 515.72, 27.40, 12.13
2.47, 7, black car, 1128.22, 510.41, 1154.83, 522.26, 1141.53, 516.34, 1128.22, 516.34, 1154.83, 516.34, 26.61, 11.85
2.50, 7, black car, 1124.08, 510.93, 1150.44, 522.64, 1137.26, 516.78, 1124.08, 516.78, 1150.44, 516.78, 26.36, 11.71
2.53, 7, black car, 1119.44, 511.00, 1146.85, 523.21, 1133.14, 517.11, 1119.44, 517.11, 1146.85, 517.11, 27.40, 12.21
2.57, 7, black car, 1116.24, 510.95, 1143.53, 523.14, 1129.88, 517.05, 1116.24, 517.05, 1143.53, 517.05, 27.30, 12.18
2.60, 7, black car, 1114.10, 511.04, 1141.39, 523.21, 1127.74, 517.12, 1114.10, 517.12, 1141.39, 517.12, 27.29, 12.17
2.63, 7, black car, 1111.82, 511.30, 1138.50, 523.23, 1125.16, 517.27, 1111.82, 517.27, 1138.50, 517.27, 26.67, 11.93
2.67, 7, black car, 1108.88, 511.54, 1135.02, 523.29, 1121.95, 517.42, 1108.88, 517.42, 1135.02, 517.42, 26.14, 11.75
2.70, 7, black car, 1104.16, 511.35, 1130.77, 523.31, 1117.47, 517.33, 1104.16, 517.33, 1130.77, 517.33, 26.61, 11.96
2.73, 7, black car, 1100.61, 511.49, 1127.67, 523.63, 1114.14, 517.56, 1100.61, 517.56, 1127.67, 517.56, 27.06, 12.14
2.77, 7, black car, 1097.81, 511.80, 1124.95, 523.95, 1111.38, 517.88, 1097.81, 517.88, 1124.95, 517.88, 27.14, 12.15
2.80, 7, black car, 1094.77, 512.27, 1122.56, 524.71, 1108.67, 518.49, 1094.77, 518.49, 1122.56, 518.49, 27.79, 12.43
2.83, 7, black car, 1092.73, 512.51, 1120.91, 525.15, 1106.82, 518.83, 1092.73, 518.83, 1120.91, 518.83, 28.18, 12.64
2.87, 7, black car, 1088.79, 512.49, 1117.38, 525.39, 1103.08, 518.94, 1088.79, 518.94, 1117.38, 518.94, 28.60, 12.89
2.90, 7, black car, 1085.01, 512.06, 1113.93, 525.14, 1099.47, 518.60, 1085.01, 518.60, 1113.93, 518.60, 28.92, 13.08
2.93, 7, black car, 1082.43, 511.97, 1111.36, 525.07, 1096.90, 518.52, 1082.43, 518.52, 1111.36, 518.52, 28.93, 13.09
2.97, 7, black car, 1079.23, 512.46, 1108.25, 525.56, 1093.74, 519.01, 1079.23, 519.01, 1108.25, 519.01, 29.03, 13.09
3.00, 7, black car, 1075.89, 512.77, 1104.38, 525.67, 1090.14, 519.22, 1075.89, 519.22, 1104.38, 519.22, 28.48, 12.90
3.03, 7, black car, 1072.89, 512.65, 1101.25, 525.53, 1087.07, 519.09, 1072.89, 519.09, 1101.25, 519.09, 28.37, 12.88
3.07, 7, black car, 1069.20, 512.52, 1097.90, 525.59, 1083.55, 519.05, 1069.20, 519.05, 1097.90, 519.05, 28.70, 13.07
3.10, 7, black car, 1065.71, 512.57, 1094.82, 525.88, 1080.27, 519.22, 1065.71, 519.22, 1094.82, 519.22, 29.11, 13.31
3.13, 7, black car, 1063.03, 512.95, 1091.69, 526.10, 1077.36, 519.52, 1063.03, 519.52, 1091.69, 519.52, 28.66, 13.15
3.17, 7, black car, 1060.25, 512.84, 1088.36, 525.77, 1074.31, 519.30, 1060.25, 519.30, 1088.36, 519.30, 28.11, 12.93
3.20, 7, black car, 1057.28, 512.69, 1085.20, 525.54, 1071.24, 519.11, 1057.28, 519.11, 1085.20, 519.11, 27.93, 12.85
3.23, 7, black car, 1053.91, 512.83, 1081.75, 525.65, 1067.83, 519.24, 1053.91, 519.24, 1081.75, 519.24, 27.84, 12.82
3.27, 7, black car, 1049.69, 513.07, 1078.24, 526.21, 1063.96, 519.64, 1049.69, 519.64, 1078.24, 519.64, 28.55, 13.14
3.30, 7, black car, 1047.53, 513.91, 1075.19, 526.64, 1061.36, 520.28, 1047.53, 520.28, 1075.19, 520.28, 27.66, 12.73
3.33, 7, black car, 1044.93, 514.42, 1071.90, 526.82, 1058.42, 520.62, 1044.93, 520.62, 1071.90, 520.62, 26.97, 12.40
3.37, 7, black car, 1042.44, 515.26, 1068.19, 527.07, 1055.31, 521.16, 1042.44, 521.16, 1068.19, 521.16, 25.75, 11.81
3.40, 7, black car, 1039.42, 515.36, 1065.05, 527.12, 1052.24, 521.24, 1039.42, 521.24, 1065.05, 521.24, 25.64, 11.76
3.43, 7, black car, 1036.67, 515.24, 1062.65, 527.23, 1049.66, 521.24, 1036.67, 521.24, 1062.65, 521.24, 25.98, 11.99
3.47, 7, black car, 1033.18, 515.23, 1059.13, 527.24, 1046.15, 521.23, 1033.18, 521.23, 1059.13, 521.23, 25.95, 12.01
3.50, 7, black car, 1030.17, 515.29, 1056.44, 527.50, 1043.30, 521.40, 1030.17, 521.40, 1056.44, 521.40, 26.27, 12.21
3.53, 7, black car, 1027.21, 516.10, 1053.46, 528.39, 1040.33, 522.25, 1027.21, 522.25, 1053.46, 522.25, 26.25, 12.29
3.57, 7, black car, 1023.65, 515.44, 1050.35, 527.98, 1037.00, 521.71, 1023.65, 521.71, 1050.35, 521.71, 26.70, 12.54
3.60, 7, black car, 1020.15, 515.29, 1047.48, 528.16, 1033.82, 521.72, 1020.15, 521.72, 1047.48, 521.72, 27.33, 12.87
3.63, 7, black car, 1017.32, 515.18, 1044.40, 527.95, 1030.86, 521.57, 1017.32, 521.57, 1044.40, 521.57, 27.08, 12.77
3.67, 7, black car, 1013.47, 515.61, 1040.90, 528.52, 1027.18, 522.06, 1013.47, 522.06, 1040.90, 522.06, 27.44, 12.91
3.70, 7, black car, 1009.87, 516.06, 1037.34, 528.92, 1023.60, 522.49, 1009.87, 522.49, 1037.34, 522.49, 27.47, 12.86
3.73, 7, black car, 1006.77, 516.89, 1033.12, 529.19, 1019.95, 523.04, 1006.77, 523.04, 1033.12, 523.04, 26.36, 12.30
3.77, 7, black car, 1004.99, 517.27, 1030.55, 529.20, 1017.77, 523.23, 1004.99, 523.23, 1030.55, 523.23, 25.55, 11.93
3.80, 7, black car, 1001.23, 517.96, 1027.20, 530.01, 1014.22, 523.99, 1001.23, 523.99, 1027.20, 523.99, 25.97, 12.06
3.83, 7, black car, 998.53, 518.05, 1024.07, 529.88, 1011.30, 523.97, 998.53, 523.97, 1024.07, 523.97, 25.54, 11.83
3.87, 7, black car, 995.76, 518.17, 1021.12, 529.86, 1008.44, 524.01, 995.76, 524.01, 1021.12, 524.01, 25.36, 11.69
3.90, 7, black car, 992.25, 517.78, 1018.14, 529.66, 1005.19, 523.72, 992.25, 523.72, 1018.14, 523.72, 25.89, 11.89
3.93, 7, black car, 989.14, 517.61, 1015.13, 529.53, 1002.14, 523.57, 989.14, 523.57, 1015.13, 523.57, 25.99, 11.92
3.97, 7, black car, 985.31, 516.90, 1012.67, 529.45, 998.99, 523.18, 985.31, 523.18, 1012.67, 523.18, 27.37, 12.55
4.00, 7, black car, 981.57, 516.32, 1009.90, 529.28, 995.74, 522.80, 981.57, 522.80, 1009.90, 522.80, 28.33, 12.96
4.03, 7, black car, 977.93, 516.15, 1006.52, 529.21, 992.23, 522.68, 977.93, 522.68, 1006.52, 522.68, 28.59, 13.06
4.07, 7, black car, 974.69, 516.33, 1003.17, 529.36, 988.93, 522.84, 974.69, 522.84, 1003.17, 522.84, 28.47, 13.03
4.10, 7, black car, 971.26, 516.53, 1000.04, 529.75, 985.65, 523.14, 971.26, 523.14, 1000.04, 523.14, 28.78, 13.21
4.13, 7, black car, 967.99, 516.29, 997.07, 529.69, 982.53, 522.99, 967.99, 522.99, 997.07, 522.99, 29.08, 13.40
4.17, 7, black car, 964.92, 516.49, 994.00, 529.89, 979.46, 523.19, 964.92, 523.19, 994.00, 523.19, 29.07, 13.40
4.20, 7, black car, 962.82, 516.80, 990.59, 529.59, 976.71, 523.20, 962.82, 523.20, 990.59, 523.20, 27.77, 12.79
4.23, 7, black car, 960.33, 517.35, 986.75, 529.48, 973.54, 523.42, 960.33, 523.42, 986.75, 523.42, 26.42, 12.13
4.27, 7, black car, 957.80, 517.63, 983.65, 529.45, 970.72, 523.54, 957.80, 523.54, 983.65, 523.54, 25.85, 11.82
4.30, 7, black car, 954.18, 517.08, 980.69, 529.20, 967.43, 523.14, 954.18, 523.14, 980.69, 523.14, 26.51, 12.12
4.33, 7, black car, 952.03, 518.28, 976.86, 529.59, 964.44, 523.94, 952.03, 523.94, 976.86, 523.94, 24.84, 11.31
4.37, 7, black car, 948.37, 517.75, 974.20, 529.50, 961.28, 523.62, 948.37, 523.62, 974.20, 523.62, 25.82, 11.76
4.40, 7, black car, 944.78, 517.40, 971.11, 529.40, 957.94, 523.40, 944.78, 523.40, 971.11, 523.40, 26.33, 11.99
4.43, 7, black car, 939.77, 517.37, 967.21, 529.86, 953.49, 523.62, 939.77, 523.62, 967.21, 523.62, 27.44, 12.50
4.47, 7, black car, 936.04, 517.23, 964.03, 530.02, 950.04, 523.62, 936.04, 523.62, 964.03, 523.62, 27.99, 12.79
4.50, 7, black car, 933.66, 517.07, 961.19, 529.64, 947.43, 523.36, 933.66, 523.36, 961.19, 523.36, 27.53, 12.57
4.53, 7, black car, 930.88, 517.10, 959.19, 530.00, 945.03, 523.55, 930.88, 523.55, 959.19, 523.55, 28.32, 12.91
4.57, 7, black car, 928.32, 517.67, 955.60, 530.10, 941.96, 523.88, 928.32, 523.88, 955.60, 523.88, 27.28, 12.43
4.60, 7, black car, 923.84, 517.94, 951.68, 530.60, 937.76, 524.27, 923.84, 524.27, 951.68, 524.27, 27.85, 12.66
4.63, 7, black car, 920.41, 517.95, 948.37, 530.60, 934.39, 524.27, 920.41, 524.27, 948.37, 524.27, 27.96, 12.65
4.67, 7, black car, 917.70, 517.72, 945.33, 530.20, 931.52, 523.96, 917.70, 523.96, 945.33, 523.96, 27.63, 12.48
4.70, 7, black car, 915.19, 518.31, 942.36, 530.60, 928.78, 524.45, 915.19, 524.45, 942.36, 524.45, 27.17, 12.29
4.73, 7, black car, 913.65, 518.68, 940.20, 530.69, 926.93, 524.68, 913.65, 524.68, 940.20, 524.68, 26.55, 12.01
4.77, 7, black car, 910.70, 519.16, 936.86, 531.00, 923.78, 525.08, 910.70, 525.08, 936.86, 525.08, 26.16, 11.84
4.80, 7, black car, 907.02, 518.78, 933.80, 530.85, 920.41, 524.81, 907.02, 524.81, 933.80, 524.81, 26.77, 12.07
4.83, 7, black car, 903.00, 518.92, 929.93, 530.99, 916.47, 524.95, 903.00, 524.95, 929.93, 524.95, 26.93, 12.07
4.87, 7, black car, 899.31, 519.06, 925.82, 530.90, 912.56, 524.98, 899.31, 524.98, 925.82, 524.98, 26.51, 11.85
4.90, 7, black car, 895.84, 519.31, 922.45, 531.21, 909.14, 525.26, 895.84, 525.26, 922.45, 525.26, 26.61, 11.90
4.93, 7, black car, 893.21, 519.34, 919.92, 531.30, 906.57, 525.32, 893.21, 525.32, 919.92, 525.32, 26.71, 11.97
4.97, 7, black car, 890.55, 519.53, 918.20, 531.88, 904.37, 525.71, 890.55, 525.71, 918.20, 525.71, 27.65, 12.35
5.00, 7, black car, 887.58, 519.53, 915.23, 531.88, 901.40, 525.71, 887.58, 525.71, 915.23, 525.71, 27.65, 12.36
5.03, 7, black car, 884.09, 519.57, 911.20, 531.77, 897.65, 525.67, 884.09, 525.67, 911.20, 525.67, 27.11, 12.21
5.07, 7, black car, 881.09, 519.58, 908.41, 531.96, 894.75, 525.77, 881.09, 525.77, 908.41, 525.77, 27.32, 12.38
5.10, 7, black car, 877.98, 519.67, 905.45, 532.19, 891.71, 525.93, 877.98, 525.93, 905.45, 525.93, 27.47, 12.52
5.13, 7, black car, 874.11, 519.67, 901.60, 532.20, 887.86, 525.94, 874.11, 525.94, 901.60, 525.94, 27.49, 12.53
5.17, 7, black car, 870.68, 519.68, 898.60, 532.38, 884.64, 526.03, 870.68, 526.03, 898.60, 526.03, 27.92, 12.71
5.20, 7, black car, 867.98, 519.91, 895.50, 532.45, 881.74, 526.18, 867.98, 526.18, 895.50, 526.18, 27.52, 12.53
5.23, 7, black car, 864.58, 520.01, 892.47, 532.71, 878.52, 526.36, 864.58, 526.36, 892.47, 526.36, 27.89, 12.70
5.30, 7, black car, 858.71, 520.11, 886.08, 532.57, 872.39, 526.34, 858.71, 526.34, 886.08, 526.34, 27.36, 12.45
5.33, 7, black car, 855.46, 520.11, 882.00, 532.24, 868.73, 526.18, 855.46, 526.18, 882.00, 526.18, 26.54, 12.13
5.37, 7, black car, 852.59, 520.04, 879.37, 532.33, 865.98, 526.19, 852.59, 526.19, 879.37, 526.19, 26.79, 12.28
5.40, 7, black car, 849.35, 519.76, 876.76, 532.37, 863.06, 526.06, 849.35, 526.06, 876.76, 526.06, 27.41, 12.60
5.43, 7, black car, 846.60, 519.81, 873.96, 532.40, 860.28, 526.11, 846.60, 526.11, 873.96, 526.11, 27.36, 12.59
5.47, 7, black car, 843.44, 519.93, 870.80, 532.53, 857.12, 526.23, 843.44, 526.23, 870.80, 526.23, 27.36, 12.60
5.50, 7, black car, 840.81, 520.49, 867.41, 532.78, 854.11, 526.63, 840.81, 526.63, 867.41, 526.63, 26.60, 12.29
5.53, 7, black car, 837.89, 520.64, 864.55, 532.93, 851.22, 526.79, 837.89, 526.79, 864.55, 526.79, 26.66, 12.29
5.57, 7, black car, 834.10, 520.78, 861.66, 533.48, 847.88, 527.13, 834.10, 527.13, 861.66, 527.13, 27.55, 12.69
5.60, 7, black car, 831.20, 521.06, 858.80, 533.77, 845.00, 527.42, 831.20, 527.42, 858.80, 527.42, 27.61, 12.71
5.63, 7, black car, 829.21, 521.25, 855.91, 533.57, 842.56, 527.41, 829.21, 527.41, 855.91, 527.41, 26.70, 12.32
5.67, 7, black car, 826.17, 521.25, 852.87, 533.58, 839.52, 527.42, 826.17, 527.42, 852.87, 527.42, 26.70, 12.33
5.70, 7, black car, 823.11, 521.20, 849.66, 533.46, 836.38, 527.33, 823.11, 527.33, 849.66, 527.33, 26.54, 12.26
5.73, 7, black car, 820.73, 520.96, 846.86, 533.02, 833.79, 526.99, 820.73, 526.99, 846.86, 526.99, 26.13, 12.06
5.87, 7, black car, 808.02, 520.78, 834.40, 532.93, 821.21, 526.85, 808.02, 526.85, 834.40, 526.85, 26.38, 12.15
5.90, 7, black car, 804.07, 521.10, 831.34, 533.64, 817.71, 527.37, 804.07, 527.37, 831.34, 527.37, 27.28, 12.54
5.93, 7, black car, 800.74, 521.25, 828.04, 533.78, 814.39, 527.52, 800.74, 527.52, 828.04, 527.52, 27.30, 12.54
5.97, 7, black car, 797.21, 521.37, 824.96, 534.12, 811.09, 527.74, 797.21, 527.74, 824.96, 527.74, 27.76, 12.75
6.00, 7, black car, 793.73, 521.32, 821.58, 534.15, 807.65, 527.73, 793.73, 527.73, 821.58, 527.73, 27.85, 12.82
6.03, 7, black car, 791.36, 521.32, 818.47, 533.81, 804.92, 527.57, 791.36, 527.57, 818.47, 527.57, 27.11, 12.48
6.07, 7, black car, 789.50, 521.38, 816.15, 533.63, 802.82, 527.51, 789.50, 527.51, 816.15, 527.51, 26.65, 12.25
6.10, 7, black car, 786.89, 521.89, 813.44, 534.09, 800.17, 527.99, 786.89, 527.99, 813.44, 527.99, 26.54, 12.19
6.13, 7, black car, 783.11, 522.22, 810.35, 534.72, 796.73, 528.47, 783.11, 528.47, 810.35, 528.47, 27.24, 12.50
6.17, 7, black car, 780.29, 522.43, 807.28, 534.78, 793.78, 528.60, 780.29, 528.60, 807.28, 528.60, 26.98, 12.35
6.20, 7, black car, 778.31, 522.76, 804.32, 534.64, 791.32, 528.70, 778.31, 528.70, 804.32, 528.70, 26.02, 11.89
6.23, 7, black car, 775.35, 522.93, 800.76, 534.51, 788.06, 528.72, 775.35, 528.72, 800.76, 528.72, 25.41, 11.58
6.27, 7, black car, 772.39, 523.53, 797.50, 534.91, 784.95, 529.22, 772.39, 529.22, 797.50, 529.22, 25.11, 11.38
6.30, 7, black car, 768.60, 523.83, 794.81, 535.70, 781.70, 529.77, 768.60, 529.77, 794.81, 529.77, 26.21, 11.87
6.33, 7, black car, 765.94, 523.59, 792.33, 535.54, 779.13, 529.56, 765.94, 529.56, 792.33, 529.56, 26.38, 11.95
6.37, 7, black car, 762.22, 523.43, 789.70, 535.80, 775.96, 529.61, 762.22, 529.61, 789.70, 529.61, 27.48, 12.38
6.40, 7, black car, 759.92, 523.05, 787.81, 535.52, 773.86, 529.28, 759.92, 529.28, 787.81, 529.28, 27.89, 12.48
6.43, 7, black car, 756.81, 522.63, 783.80, 534.70, 770.31, 528.66, 756.81, 528.66, 783.80, 528.66, 26.98, 12.07
6.47, 7, black car, 753.30, 522.34, 780.87, 534.68, 767.09, 528.51, 753.30, 528.51, 780.87, 528.51, 27.57, 12.34
6.50, 7, black car, 750.74, 522.26, 778.50, 534.70, 764.62, 528.48, 750.74, 528.48, 778.50, 528.48, 27.76, 12.43
6.53, 7, black car, 747.45, 522.58, 776.15, 535.42, 761.80, 529.00, 747.45, 529.00, 776.15, 529.00, 28.70, 12.84
6.57, 7, black car, 743.96, 523.29, 772.50, 536.09, 758.23, 529.69, 743.96, 529.69, 772.50, 529.69, 28.54, 12.80
6.60, 7, black car, 740.88, 523.35, 768.86, 535.95, 754.87, 529.65, 740.88, 529.65, 768.86, 529.65, 27.98, 12.60
6.63, 7, black car, 738.63, 523.13, 766.70, 535.81, 752.66, 529.47, 738.63, 529.47, 766.70, 529.47, 28.08, 12.68
6.67, 7, black car, 737.05, 522.74, 764.71, 535.19, 750.88, 528.96, 737.05, 528.96, 764.71, 528.96, 27.66, 12.45
6.70, 7, black car, 734.08, 522.72, 761.28, 534.93, 747.68, 528.83, 734.08, 528.83, 761.28, 528.83, 27.20, 12.21
6.73, 7, black car, 730.02, 523.18, 757.21, 535.31, 743.61, 529.25, 730.02, 529.25, 757.21, 529.25, 27.18, 12.12
6.77, 7, black car, 725.68, 523.74, 752.96, 535.89, 739.32, 529.82, 725.68, 529.82, 752.96, 529.82, 27.28, 12.16
6.80, 7, black car, 723.16, 523.65, 750.55, 535.86, 736.86, 529.75, 723.16, 529.75, 750.55, 529.75, 27.40, 12.21
6.83, 7, black car, 721.89, 523.35, 748.39, 535.18, 735.14, 529.27, 721.89, 529.27, 748.39, 529.27, 26.50, 11.83
6.87, 7, black car, 719.03, 523.01, 745.48, 534.79, 732.26, 528.90, 719.03, 528.90, 745.48, 528.90, 26.45, 11.78
6.90, 7, black car, 716.34, 522.73, 742.90, 534.52, 729.62, 528.63, 716.34, 528.63, 742.90, 528.63, 26.56, 11.79
6.93, 7, black car, 712.80, 522.79, 740.21, 534.95, 726.51, 528.87, 712.80, 528.87, 740.21, 528.87, 27.41, 12.16
6.97, 7, black car, 708.95, 522.18, 737.18, 534.68, 723.06, 528.43, 708.95, 528.43, 737.18, 528.43, 28.23, 12.50
7.00, 7, black car, 705.80, 521.84, 734.46, 534.53, 720.13, 528.19, 705.80, 528.19, 734.46, 528.19, 28.66, 12.68
7.03, 7, black car, 702.65, 522.02, 731.21, 534.65, 716.93, 528.33, 702.65, 528.33, 731.21, 528.33, 28.56, 12.63
7.07, 7, black car, 700.01, 522.00, 728.56, 534.64, 714.28, 528.32, 700.01, 528.32, 728.56, 528.32, 28.55, 12.64
7.10, 7, black car, 697.17, 522.03, 726.08, 534.85, 711.63, 528.44, 697.17, 528.44, 726.08, 528.44, 28.90, 12.82
7.13, 7, black car, 695.27, 522.16, 723.49, 534.70, 709.38, 528.43, 695.27, 528.43, 723.49, 528.43, 28.22, 12.54
7.17, 7, black car, 692.77, 521.85, 721.02, 534.38, 706.89, 528.11, 692.77, 528.11, 721.02, 528.11, 28.25, 12.53
7.20, 7, black car, 689.99, 522.16, 717.63, 534.41, 703.81, 528.29, 689.99, 528.29, 717.63, 528.29, 27.64, 12.25
7.23, 7, black car, 686.23, 522.59, 713.10, 534.44, 699.67, 528.52, 686.23, 528.52, 713.10, 528.52, 26.87, 11.85
7.27, 7, black car, 682.68, 523.12, 709.51, 534.92, 696.09, 529.02, 682.68, 529.02, 709.51, 529.02, 26.82, 11.80
7.30, 7, black car, 680.03, 523.03, 707.48, 535.14, 693.76, 529.09, 680.03, 529.09, 707.48, 529.09, 27.45, 12.10
7.33, 7, black car, 678.02, 523.12, 705.36, 535.24, 691.69, 529.18, 678.02, 529.18, 705.36, 529.18, 27.34, 12.12
7.37, 7, black car, 675.38, 523.99, 702.73, 536.14, 689.05, 530.07, 675.38, 530.07, 702.73, 530.07, 27.34, 12.15
7.40, 7, black car, 672.29, 523.13, 700.11, 535.49, 686.20, 529.31, 672.29, 529.31, 700.11, 529.31, 27.82, 12.36
7.43, 7, black car, 668.73, 523.23, 697.00, 535.75, 682.87, 529.49, 668.73, 529.49, 697.00, 529.49, 28.27, 12.51
7.47, 7, black car, 665.50, 521.80, 695.19, 534.94, 680.34, 528.37, 665.50, 528.37, 695.19, 528.37, 29.69, 13.14
7.50, 7, black car, 663.94, 521.52, 692.69, 534.23, 678.31, 527.88, 663.94, 527.88, 692.69, 527.88, 28.76, 12.71
7.53, 7, black car, 661.38, 522.16, 688.74, 534.24, 675.06, 528.20, 661.38, 528.20, 688.74, 528.20, 27.36, 12.08
7.57, 7, black car, 657.90, 522.43, 685.65, 534.70, 671.77, 528.56, 657.90, 528.56, 685.65, 528.56, 27.76, 12.28
7.60, 7, black car, 655.24, 522.49, 682.79, 534.69, 669.02, 528.59, 655.24, 528.59, 682.79, 528.59, 27.55, 12.20
7.63, 7, black car, 653.01, 522.48, 680.47, 534.59, 666.74, 528.53, 653.01, 528.53, 680.47, 528.53, 27.45, 12.11
7.67, 7, black car, 649.24, 521.84, 677.29, 534.17, 663.26, 528.01, 649.24, 528.01, 677.29, 528.01, 28.05, 12.33
7.70, 7, black car, 645.93, 521.58, 674.19, 533.97, 660.06, 527.78, 645.93, 527.78, 674.19, 527.78, 28.26, 12.39
7.73, 7, black car, 643.47, 521.49, 671.74, 533.85, 657.60, 527.67, 643.47, 527.67, 671.74, 527.67, 28.27, 12.35
7.77, 7, black car, 639.64, 521.27, 668.53, 533.89, 654.09, 527.58, 639.64, 527.58, 668.53, 527.58, 28.89, 12.62
7.80, 7, black car, 637.06, 521.12, 666.44, 533.94, 651.75, 527.53, 637.06, 527.53, 666.44, 527.53, 29.39, 12.82
7.83, 7, black car, 634.69, 521.34, 663.79, 534.00, 649.24, 527.67, 634.69, 527.67, 663.79, 527.67, 29.11, 12.66
7.87, 7, black car, 632.48, 521.74, 661.55, 534.34, 647.01, 528.04, 632.48, 528.04, 661.55, 528.04, 29.07, 12.60
7.90, 7, black car, 630.37, 521.31, 658.99, 533.75, 644.68, 527.53, 630.37, 527.53, 658.99, 527.53, 28.62, 12.43
7.93, 7, black car, 627.02, 520.80, 655.84, 533.37, 641.43, 527.09, 627.02, 527.09, 655.84, 527.09, 28.82, 12.58
7.97, 7, black car, 624.47, 520.46, 653.78, 533.30, 639.12, 526.88, 624.47, 526.88, 653.78, 526.88, 29.31, 12.84
8.00, 7, black car, 621.78, 520.21, 651.13, 533.09, 636.46, 526.65, 621.78, 526.65, 651.13, 526.65, 29.35, 12.88
8.03, 7, black car, 618.34, 520.09, 647.83, 533.01, 633.09, 526.55, 618.34, 526.55, 647.83, 526.55, 29.48, 12.92
8.07, 7, black car, 615.51, 520.06, 645.07, 532.99, 630.29, 526.52, 615.51, 526.52, 645.07, 526.52, 29.56, 12.93
8.10, 7, black car, 612.45, 520.18, 641.99, 533.06, 627.22, 526.62, 612.45, 526.62, 641.99, 526.62, 29.53, 12.88
8.13, 7, black car, 609.25, 520.14, 638.75, 532.96, 624.00, 526.55, 609.25, 526.55, 638.75, 526.55, 29.50, 12.82
8.17, 7, black car, 606.76, 520.18, 636.33, 533.03, 621.55, 526.60, 606.76, 526.60, 636.33, 526.60, 29.57, 12.85
8.20, 7, black car, 604.10, 520.20, 632.74, 532.64, 618.42, 526.42, 604.10, 526.42, 632.74, 526.42, 28.63, 12.44
8.23, 7, black car, 601.06, 520.25, 629.37, 532.57, 615.21, 526.41, 601.06, 526.41, 629.37, 526.41, 28.31, 12.32
8.27, 7, black car, 597.42, 520.03, 626.25, 532.60, 611.83, 526.32, 597.42, 526.32, 626.25, 526.32, 28.82, 12.57
8.30, 7, black car, 594.99, 519.81, 623.93, 532.46, 609.46, 526.13, 594.99, 526.13, 623.93, 526.13, 28.94, 12.65
8.33, 7, black car, 592.51, 519.81, 621.53, 532.49, 607.02, 526.15, 592.51, 526.15, 621.53, 526.15, 29.02, 12.68
8.37, 7, black car, 589.77, 519.64, 619.15, 532.43, 604.46, 526.04, 589.77, 526.04, 619.15, 526.04, 29.38, 12.80
8.40, 7, black car, 587.42, 519.67, 616.63, 532.37, 602.03, 526.02, 587.42, 526.02, 616.63, 526.02, 29.22, 12.70
8.43, 7, black car, 585.12, 519.78, 614.43, 532.52, 599.78, 526.15, 585.12, 526.15, 614.43, 526.15, 29.32, 12.74
8.47, 7, black car, 582.52, 519.88, 612.44, 532.89, 597.48, 526.39, 582.52, 526.39, 612.44, 526.39, 29.93, 13.01
8.50, 7, black car, 579.36, 519.81, 609.93, 533.10, 594.64, 526.46, 579.36, 526.46, 609.93, 526.46, 30.57, 13.29
8.53, 7, black car, 576.67, 519.55, 606.25, 532.38, 591.46, 525.96, 576.67, 525.96, 606.25, 525.96, 29.58, 12.84
8.57, 7, black car, 574.05, 519.28, 602.90, 531.81, 588.48, 525.55, 574.05, 525.55, 602.90, 525.55, 28.86, 12.53
8.60, 7, black car, 572.13, 519.28, 600.05, 531.44, 586.09, 525.36, 572.13, 525.36, 600.05, 525.36, 27.92, 12.16
8.63, 7, black car, 569.30, 519.31, 597.14, 531.42, 583.22, 525.37, 569.30, 525.37, 597.14, 525.37, 27.84, 12.11
8.67, 7, black car, 567.15, 519.31, 594.85, 531.33, 581.00, 525.32, 567.15, 525.32, 594.85, 525.32, 27.70, 12.03
8.70, 7, black car, 564.00, 519.17, 592.18, 531.38, 578.09, 525.28, 564.00, 525.28, 592.18, 525.28, 28.18, 12.21
8.73, 7, black car, 561.15, 519.23, 588.74, 531.19, 574.94, 525.21, 561.15, 525.21, 588.74, 525.21, 27.59, 11.96
8.77, 7, black car, 557.88, 519.13, 585.42, 531.06, 571.65, 525.10, 557.88, 525.10, 585.42, 525.10, 27.54, 11.94
8.90, 7, black car, 547.60, 519.04, 574.95, 530.90, 561.27, 524.97, 547.60, 524.97, 574.95, 524.97, 27.36, 11.85
8.93, 7, black car, 544.20, 518.67, 572.38, 530.85, 558.29, 524.76, 544.20, 524.76, 572.38, 524.76, 28.17, 12.17
8.97, 7, black car, 541.93, 518.43, 570.42, 530.74, 556.18, 524.59, 541.93, 524.59, 570.42, 524.59, 28.49, 12.31
9.00, 7, black car, 539.76, 518.19, 568.13, 530.41, 553.95, 524.30, 539.76, 524.30, 568.13, 524.30, 28.37, 12.23
9.03, 7, black car, 536.81, 518.09, 565.20, 530.29, 551.01, 524.19, 536.81, 524.19, 565.20, 524.19, 28.39, 12.21
9.07, 7, black car, 534.41, 518.07, 562.42, 530.07, 548.41, 524.07, 534.41, 524.07, 562.42, 524.07, 28.01, 12.00
9.10, 7, black car, 530.80, 517.41, 559.49, 529.74, 545.15, 523.57, 530.80, 523.57, 559.49, 523.57, 28.70, 12.33
9.13, 7, black car, 527.01, 517.06, 556.88, 529.94, 541.95, 523.50, 527.01, 523.50, 556.88, 523.50, 29.87, 12.88
9.17, 7, black car, 524.27, 517.18, 554.28, 530.13, 539.27, 523.65, 524.27, 523.65, 554.28, 523.65, 30.01, 12.95
9.20, 7, black car, 521.92, 517.06, 552.11, 530.08, 537.01, 523.57, 521.92, 523.57, 552.11, 523.57, 30.18, 13.02
9.23, 7, black car, 519.63, 516.96, 549.24, 529.78, 534.43, 523.37, 519.63, 523.37, 549.24, 523.37, 29.62, 12.82
9.27, 7, black car, 517.07, 517.00, 545.63, 529.41, 531.35, 523.20, 517.07, 523.20, 545.63, 523.20, 28.56, 12.41
9.30, 7, black car, 513.51, 516.85, 541.96, 529.22, 527.74, 523.04, 513.51, 523.04, 541.96, 523.04, 28.45, 12.37
9.33, 7, black car, 511.25, 516.90, 539.46, 529.19, 525.35, 523.04, 511.25, 523.04, 539.46, 523.04, 28.21, 12.29
9.37, 7, black car, 509.54, 517.37, 537.86, 529.64, 523.70, 523.51, 509.54, 523.51, 537.86, 523.51, 28.32, 12.27
9.40, 7, black car, 506.51, 516.85, 536.30, 529.77, 521.40, 523.31, 506.51, 523.31, 536.30, 523.31, 29.79, 12.93
9.43, 7, black car, 504.26, 517.43, 533.09, 529.90, 518.68, 523.67, 504.26, 523.67, 533.09, 523.67, 28.83, 12.47
9.47, 7, black car, 501.36, 516.53, 530.64, 529.25, 516.00, 522.89, 501.36, 522.89, 530.64, 522.89, 29.28, 12.72
9.50, 7, black car, 499.05, 516.23, 528.15, 528.92, 513.60, 522.57, 499.05, 522.57, 528.15, 522.57, 29.10, 12.69
9.53, 7, black car, 497.00, 515.93, 525.78, 528.46, 511.39, 522.20, 497.00, 522.20, 525.78, 522.20, 28.78, 12.53
9.57, 7, black car, 494.86, 515.78, 523.28, 528.11, 509.07, 521.95, 494.86, 521.95, 523.28, 521.95, 28.42, 12.33
9.60, 7, black car, 491.76, 515.54, 519.82, 527.74, 505.79, 521.64, 491.76, 521.64, 519.82, 521.64, 28.06, 12.20
9.63, 7, black car, 489.92, 515.58, 517.34, 527.52, 503.63, 521.55, 489.92, 521.55, 517.34, 521.55, 27.42, 11.95
9.67, 7, black car, 487.53, 515.61, 514.22, 527.29, 500.87, 521.45, 487.53, 521.45, 514.22, 521.45, 26.69, 11.68
9.67, 106, white car, 1062.46, 513.08, 1086.99, 523.83, 1074.72, 518.45, 1062.46, 518.45, 1086.99, 518.45, 24.53, 10.74
9.70, 7, black car, 484.65, 515.67, 511.38, 527.41, 498.02, 521.54, 484.65, 521.54, 511.38, 521.54, 26.73, 11.74
9.70, 106, white car, 1059.73, 513.04, 1084.41, 523.84, 1072.07, 518.44, 1059.73, 518.44, 1084.41, 518.44, 24.68, 10.80
9.73, 7, black car, 482.26, 515.83, 508.31, 527.30, 495.28, 521.56, 482.26, 521.56, 508.31, 521.56, 26.04, 11.46
9.73, 106, white car, 1056.95, 513.03, 1082.03, 523.99, 1069.49, 518.51, 1056.95, 518.51, 1082.03, 518.51, 25.08, 10.97
9.77, 7, black car, 478.69, 515.55, 504.93, 527.13, 491.81, 521.34, 478.69, 521.34, 504.93, 521.34, 26.24, 11.58
9.77, 106, white car, 1053.38, 513.03, 1078.95, 524.20, 1066.16, 518.62, 1053.38, 518.62, 1078.95, 518.62, 25.56, 11.17
9.80, 7, black car, 475.75, 515.36, 502.69, 527.26, 489.22, 521.31, 475.75, 521.31, 502.69, 521.31, 26.94, 11.90
9.80, 106, white car, 1050.39, 513.17, 1076.00, 524.34, 1063.20, 518.76, 1050.39, 518.76, 1076.00, 518.76, 25.61, 11.17
9.83, 7, black car, 472.87, 515.27, 500.32, 527.37, 486.59, 521.32, 472.87, 521.32, 500.32, 521.32, 27.46, 12.10
9.83, 106, white car, 1048.04, 513.46, 1072.88, 524.28, 1060.46, 518.87, 1048.04, 518.87, 1072.88, 518.87, 24.84, 10.82
9.87, 7, black car, 469.00, 515.12, 497.19, 527.53, 483.09, 521.33, 469.00, 521.33, 497.19, 521.33, 28.18, 12.41
9.87, 106, white car, 1045.20, 513.61, 1069.81, 524.30, 1057.51, 518.95, 1045.20, 518.95, 1069.81, 518.95, 24.61, 10.69
9.90, 7, black car, 466.63, 515.06, 495.32, 527.67, 480.97, 521.37, 466.63, 521.37, 495.32, 521.37, 28.69, 12.61
9.90, 106, white car, 1042.57, 513.88, 1067.20, 524.57, 1054.89, 519.22, 1042.57, 519.22, 1067.20, 519.22, 24.64, 10.69
9.93, 7, black car, 464.58, 515.01, 492.56, 527.35, 478.57, 521.18, 464.58, 521.18, 492.56, 521.18, 27.97, 12.34
9.97, 7, black car, 463.13, 514.75, 490.92, 527.01, 477.02, 520.88, 463.13, 520.88, 490.92, 520.88, 27.79, 12.26
9.97, 106, white car, 1036.15, 513.84, 1061.51, 524.84, 1048.83, 519.34, 1036.15, 519.34, 1061.51, 519.34, 25.36, 11.00
