0.00, 1, white car, 171.83, 466.77, 201.14, 479.78, 186.49, 473.28, 171.83, 473.28, 201.14, 473.28, 29.31, 13.01
0.03, 1, white car, 169.35, 466.24, 198.82, 479.33, 184.09, 472.78, 169.35, 472.78, 198.82, 472.78, 29.48, 13.09
0.07, 1, white car, 166.87, 465.71, 196.25, 478.76, 181.56, 472.24, 166.87, 472.24, 196.25, 472.24, 29.38, 13.04
0.10, 1, white car, 163.47, 465.28, 193.31, 478.52, 178.39, 471.90, 163.47, 471.90, 193.31, 471.90, 29.84, 13.24
0.13, 1, white car, 160.53, 464.80, 190.78, 478.23, 175.66, 471.51, 160.53, 471.51, 190.78, 471.51, 30.25, 13.42
0.17, 1, white car, 157.53, 464.49, 188.53, 478.24, 173.03, 471.37, 157.53, 471.37, 188.53, 471.37, 31.00, 13.76
0.20, 1, white car, 155.14, 464.25, 185.66, 477.75, 170.40, 471.00, 155.14, 471.00, 185.66, 471.00, 30.52, 13.50
0.23, 1, white car, 152.13, 463.87, 182.01, 477.08, 167.07, 470.47, 152.13, 470.47, 182.01, 470.47, 29.88, 13.21
0.27, 1, white car, 149.51, 463.54, 178.83, 476.51, 164.17, 470.02, 149.51, 470.02, 178.83, 470.02, 29.32, 12.97
0.30, 1, white car, 147.02, 463.44, 175.91, 476.23, 161.46, 469.84, 147.02, 469.84, 175.91, 469.84, 28.89, 12.79
0.33, 1, white car, 144.48, 463.10, 173.71, 475.98, 159.09, 469.54, 144.48, 469.54, 173.71, 469.54, 29.23, 12.88
0.37, 1, white car, 141.85, 462.87, 171.14, 475.75, 156.50, 469.31, 141.85, 469.31, 171.14, 469.31, 29.29, 12.88
0.40, 1, white car, 139.37, 462.50, 168.49, 475.25, 153.93, 468.88, 139.37, 468.88, 168.49, 468.88, 29.12, 12.75
0.43, 1, white car, 137.10, 462.33, 166.04, 474.96, 151.57, 468.64, 137.10, 468.64, 166.04, 468.64, 28.94, 12.63
0.47, 1, white car, 134.18, 462.04, 162.35, 474.32, 148.27, 468.18, 134.18, 468.18, 162.35, 468.18, 28.17, 12.28
0.50, 1, white car, 131.38, 461.70, 159.83, 474.05, 145.60, 467.87, 131.38, 467.87, 159.83, 467.87, 28.45, 12.35
0.53, 1, white car, 128.52, 461.16, 157.37, 473.65, 142.94, 467.41, 128.52, 467.41, 157.37, 467.41, 28.85, 12.49
0.57, 1, white car, 126.10, 460.87, 154.90, 473.27, 140.50, 467.07, 126.10, 467.07, 154.90, 467.07, 28.81, 12.40
0.60, 1, white car, 123.58, 460.61, 152.66, 473.04, 138.12, 466.83, 123.58, 466.83, 152.66, 466.83, 29.08, 12.43
0.63, 1, white car, 120.81, 460.40, 149.78, 472.79, 135.29, 466.60, 120.81, 466.60, 149.78, 466.60, 28.97, 12.38
0.67, 1, white car, 117.71, 459.90, 147.17, 472.50, 132.44, 466.20, 117.71, 466.20, 147.17, 466.20, 29.46, 12.60
0.70, 1, white car, 115.15, 459.56, 145.08, 472.36, 130.11, 465.96, 115.15, 465.96, 145.08, 465.96, 29.94, 12.80
0.73, 1, white car, 112.80, 459.15, 142.64, 471.84, 127.72, 465.49, 112.80, 465.49, 142.64, 465.49, 29.84, 12.69
0.77, 1, white car, 110.33, 458.92, 139.59, 471.33, 124.96, 465.12, 110.33, 465.12, 139.59, 465.12, 29.26, 12.40
0.80, 1, white car, 107.62, 458.31, 137.94, 471.12, 122.78, 464.72, 107.62, 464.72, 137.94, 464.72, 30.31, 12.81
0.83, 1, white car, 103.76, 457.64, 134.60, 470.73, 119.18, 464.18, 103.76, 464.18, 134.60, 464.18, 30.84, 13.09
0.87, 1, white car, 100.74, 457.23, 132.10, 470.60, 116.42, 463.92, 100.74, 463.92, 132.10, 463.92, 31.36, 13.37
0.90, 1, white car, 98.34, 456.97, 129.49, 470.27, 113.92, 463.62, 98.34, 463.62, 129.49, 463.62, 31.15, 13.30
0.93, 1, white car, 96.19, 456.58, 127.21, 469.81, 111.70, 463.19, 96.19, 463.19, 127.21, 463.19, 31.02, 13.23
0.97, 1, white car, 93.98, 456.27, 124.50, 469.28, 109.24, 462.78, 93.98, 462.78, 124.50, 462.78, 30.53, 13.00
1.00, 1, white car, 90.94, 455.93, 121.57, 468.99, 106.25, 462.46, 90.94, 462.46, 121.57, 462.46, 30.63, 13.06
1.03, 1, white car, 88.20, 455.51, 119.39, 468.83, 103.79, 462.17, 88.20, 462.17, 119.39, 462.17, 31.19, 13.32
1.07, 1, white car, 85.59, 454.96, 116.76, 468.30, 101.18, 461.63, 85.59, 461.63, 116.76, 461.63, 31.17, 13.34
1.10, 1, white car, 83.20, 454.58, 113.80, 467.67, 98.50, 461.12, 83.20, 461.12, 113.80, 461.12, 30.59, 13.10
1.13, 1, white car, 81.00, 454.23, 111.67, 467.33, 96.33, 460.78, 81.00, 460.78, 111.67, 460.78, 30.66, 13.09
1.17, 1, white car, 78.25, 453.97, 109.31, 467.22, 93.78, 460.59, 78.25, 460.59, 109.31, 460.59, 31.06, 13.26
1.20, 1, white car, 75.28, 453.40, 106.67, 466.82, 90.98, 460.11, 75.28, 460.11, 106.67, 460.11, 31.39, 13.43
1.23, 1, white car, 72.93, 453.11, 104.12, 466.42, 88.53, 459.77, 72.93, 459.77, 104.12, 459.77, 31.19, 13.31
10.17, 4, white car, 882.12, 531.80, 912.18, 544.82, 897.15, 538.31, 882.12, 538.31, 912.18, 538.31, 30.06, 13.02
10.20, 4, white car, 879.67, 531.85, 909.69, 544.81, 894.68, 538.33, 879.67, 538.33, 909.69, 538.33, 30.02, 12.96
10.23, 4, white car, 876.58, 531.69, 907.30, 544.96, 891.94, 538.32, 876.58, 538.32, 907.30, 538.32, 30.72, 13.27
10.27, 4, white car, 873.95, 531.57, 904.80, 544.91, 889.38, 538.24, 873.95, 538.24, 904.80, 538.24, 30.85, 13.34
10.30, 4, white car, 871.47, 531.61, 902.23, 544.88, 886.85, 538.24, 871.47, 538.24, 902.23, 538.24, 30.76, 13.27
10.33, 4, white car, 869.29, 531.73, 899.87, 544.88, 884.58, 538.30, 869.29, 538.30, 899.87, 538.30, 30.59, 13.15
10.37, 4, white car, 866.92, 531.70, 897.62, 544.90, 882.27, 538.30, 866.92, 538.30, 897.62, 538.30, 30.70, 13.20
10.40, 4, white car, 864.31, 531.71, 895.25, 545.00, 879.78, 538.35, 864.31, 538.35, 895.25, 538.35, 30.94, 13.29
10.43, 4, white car, 861.55, 531.57, 893.28, 545.25, 877.41, 538.41, 861.55, 538.41, 893.28, 538.41, 31.73, 13.68
10.47, 4, white car, 859.27, 531.45, 890.93, 545.12, 875.10, 538.29, 859.27, 538.29, 890.93, 538.29, 31.66, 13.67
10.50, 4, white car, 856.93, 531.57, 888.07, 545.01, 872.50, 538.29, 856.93, 538.29, 888.07, 538.29, 31.14, 13.45
10.53, 4, white car, 854.78, 531.87, 885.50, 545.07, 870.14, 538.47, 854.78, 538.47, 885.50, 538.47, 30.72, 13.20
10.57, 4, white car, 852.41, 531.77, 883.46, 545.08, 867.93, 538.43, 852.41, 538.43, 883.46, 538.43, 31.05, 13.30
10.60, 4, white car, 849.65, 531.46, 881.48, 545.11, 865.57, 538.29, 849.65, 538.29, 881.48, 538.29, 31.83, 13.64
10.63, 4, white car, 846.99, 531.38, 879.28, 545.25, 863.14, 538.31, 846.99, 538.31, 879.28, 538.31, 32.29, 13.87
10.67, 4, white car, 844.62, 531.16, 877.07, 545.13, 860.85, 538.14, 844.62, 538.14, 877.07, 538.14, 32.45, 13.96
10.70, 4, white car, 842.22, 531.15, 874.42, 545.01, 858.32, 538.08, 842.22, 538.08, 874.42, 538.08, 32.19, 13.87
10.73, 4, white car, 840.36, 531.40, 872.09, 545.04, 856.22, 538.22, 840.36, 538.22, 872.09, 538.22, 31.73, 13.64
10.77, 4, white car, 837.79, 531.35, 869.83, 545.11, 853.81, 538.23, 837.79, 538.23, 869.83, 538.23, 32.04, 13.76
10.80, 4, white car, 835.42, 531.30, 867.41, 545.03, 851.41, 538.17, 835.42, 538.17, 867.41, 538.17, 31.99, 13.73
10.83, 4, white car, 833.52, 531.46, 865.17, 545.00, 849.34, 538.23, 833.52, 538.23, 865.17, 538.23, 31.65, 13.54
10.87, 4, white car, 831.07, 531.41, 862.70, 544.94, 846.89, 538.18, 831.07, 538.18, 862.70, 538.18, 31.63, 13.53
10.90, 4, white car, 828.65, 531.48, 859.90, 544.83, 844.27, 538.15, 828.65, 538.15, 859.90, 538.15, 31.25, 13.35
10.93, 4, white car, 826.69, 531.55, 857.96, 544.88, 842.33, 538.21, 826.69, 538.21, 857.96, 538.21, 31.27, 13.33
10.97, 4, white car, 823.64, 531.24, 855.73, 544.95, 839.69, 538.09, 823.64, 538.09, 855.73, 538.09, 32.09, 13.70
