0.00, 7, white car, 501.45, 511.28, 528.43, 524.03, 514.94, 517.66, 501.45, 517.66, 528.43, 517.66, 26.98, 12.75
0.03, 7, white car, 499.34, 510.99, 526.44, 523.79, 512.89, 517.39, 499.34, 517.39, 526.44, 517.39, 27.10, 12.80
0.07, 7, white car, 497.67, 510.68, 525.12, 523.64, 511.39, 517.16, 497.67, 517.16, 525.12, 517.16, 27.45, 12.96
0.10, 7, white car, 495.87, 510.27, 523.50, 523.31, 509.68, 516.79, 495.87, 516.79, 523.50, 516.79, 27.63, 13.04
0.13, 7, white car, 494.32, 510.21, 521.76, 523.14, 508.04, 516.68, 494.32, 516.68, 521.76, 516.68, 27.44, 12.93
0.17, 7, white car, 492.93, 510.10, 520.32, 522.99, 506.63, 516.54, 492.93, 516.54, 520.32, 516.54, 27.39, 12.88
0.20, 7, white car, 491.35, 509.76, 518.90, 522.71, 505.13, 516.24, 491.35, 516.24, 518.90, 516.24, 27.55, 12.94
0.23, 7, white car, 489.67, 509.59, 517.06, 522.44, 503.37, 516.01, 489.67, 516.01, 517.06, 516.01, 27.38, 12.85
0.27, 7, white car, 488.03, 509.55, 515.56, 522.45, 501.80, 516.00, 488.03, 516.00, 515.56, 516.00, 27.52, 12.90
0.30, 7, white car, 486.54, 509.32, 514.34, 522.34, 500.44, 515.83, 486.54, 515.83, 514.34, 515.83, 27.80, 13.02
0.33, 7, white car, 484.83, 509.24, 512.52, 522.18, 498.67, 515.71, 484.83, 515.71, 512.52, 515.71, 27.69, 12.94
0.37, 7, white car, 482.99, 509.10, 510.85, 522.10, 496.92, 515.60, 482.99, 515.60, 510.85, 515.60, 27.86, 13.00
0.40, 7, white car, 481.09, 508.93, 509.10, 521.97, 495.09, 515.45, 481.09, 515.45, 509.10, 515.45, 28.01, 13.05
0.43, 7, white car, 479.33, 508.82, 507.25, 521.81, 493.29, 515.31, 479.33, 515.31, 507.25, 515.31, 27.92, 12.99
0.47, 7, white car, 477.25, 508.28, 505.98, 521.69, 491.62, 514.99, 477.25, 514.99, 505.98, 514.99, 28.74, 13.42
0.50, 7, white car, 475.59, 508.24, 504.41, 521.72, 490.00, 514.98, 475.59, 514.98, 504.41, 514.98, 28.83, 13.49
0.53, 7, white car, 473.91, 508.05, 502.89, 521.63, 488.40, 514.84, 473.91, 514.84, 502.89, 514.84, 28.98, 13.58
0.57, 7, white car, 472.25, 507.93, 501.34, 521.60, 486.80, 514.77, 472.25, 514.77, 501.34, 514.77, 29.09, 13.67
0.60, 7, white car, 470.45, 507.70, 499.31, 521.28, 484.88, 514.49, 470.45, 514.49, 499.31, 514.49, 28.86, 13.58
0.63, 7, white car, 469.06, 507.56, 497.76, 521.09, 483.41, 514.33, 469.06, 514.33, 497.76, 514.33, 28.70, 13.53
0.67, 7, white car, 467.67, 507.41, 495.97, 520.74, 481.82, 514.08, 467.67, 514.08, 495.97, 514.08, 28.30, 13.33
0.70, 7, white car, 466.15, 507.27, 494.01, 520.34, 480.08, 513.80, 466.15, 513.80, 494.01, 513.80, 27.86, 13.07
0.73, 7, white car, 464.57, 507.14, 492.59, 520.28, 478.58, 513.71, 464.57, 513.71, 492.59, 513.71, 28.02, 13.14
0.77, 7, white car, 463.05, 507.03, 490.97, 520.13, 477.01, 513.58, 463.05, 513.58, 490.97, 513.58, 27.92, 13.10
0.80, 7, white car, 461.62, 506.88, 489.54, 519.95, 475.58, 513.41, 461.62, 513.41, 489.54, 513.41, 27.92, 13.07
0.83, 7, white car, 459.81, 506.77, 487.71, 519.81, 473.76, 513.29, 459.81, 513.29, 487.71, 513.29, 27.89, 13.04
0.87, 7, white car, 458.15, 506.71, 485.93, 519.71, 472.04, 513.21, 458.15, 513.21, 485.93, 513.21, 27.77, 13.00
0.90, 7, white car, 456.52, 506.55, 484.56, 519.72, 470.54, 513.13, 456.52, 513.13, 484.56, 513.13, 28.04, 13.17
0.93, 7, white car, 454.96, 506.41, 483.19, 519.69, 469.08, 513.05, 454.96, 513.05, 483.19, 513.05, 28.23, 13.29
0.97, 7, white car, 453.38, 506.21, 481.72, 519.59, 467.55, 512.90, 453.38, 512.90, 481.72, 512.90, 28.34, 13.38
1.27, 7, white car, 438.34, 504.11, 466.63, 517.48, 452.48, 510.79, 438.34, 510.79, 466.63, 510.79, 28.29, 13.37
1.30, 7, white car, 436.96, 504.01, 464.97, 517.29, 450.96, 510.65, 436.96, 510.65, 464.97, 510.65, 28.01, 13.28
1.33, 7, white car, 435.93, 503.95, 463.46, 517.03, 449.70, 510.49, 435.93, 510.49, 463.46, 510.49, 27.52, 13.08
1.37, 7, white car, 434.81, 503.87, 462.20, 516.89, 448.51, 510.38, 434.81, 510.38, 462.20, 510.38, 27.39, 13.02
1.40, 7, white car, 433.38, 503.91, 460.42, 516.72, 446.90, 510.31, 433.38, 510.31, 460.42, 510.31, 27.04, 12.81
1.43, 7, white car, 431.83, 503.96, 458.83, 516.72, 445.33, 510.34, 431.83, 510.34, 458.83, 510.34, 27.00, 12.75
1.47, 7, white car, 430.24, 503.86, 457.44, 516.67, 443.84, 510.26, 430.24, 510.26, 457.44, 510.26, 27.20, 12.81
1.50, 7, white car, 428.32, 503.56, 455.80, 516.44, 442.06, 510.00, 428.32, 510.00, 455.80, 510.00, 27.48, 12.88
1.53, 7, white car, 426.76, 503.40, 454.09, 516.18, 440.42, 509.79, 426.76, 509.79, 454.09, 509.79, 27.33, 12.78
1.57, 7, white car, 424.88, 503.05, 452.40, 515.92, 438.64, 509.49, 424.88, 509.49, 452.40, 509.49, 27.52, 12.87
1.60, 7, white car, 423.41, 502.80, 451.19, 515.80, 437.30, 509.30, 423.41, 509.30, 451.19, 509.30, 27.78, 13.00
1.63, 7, white car, 421.77, 502.61, 449.74, 515.70, 435.75, 509.15, 421.77, 509.15, 449.74, 509.15, 27.97, 13.08
1.67, 7, white car, 420.35, 502.62, 448.00, 515.55, 434.18, 509.09, 420.35, 509.09, 448.00, 509.09, 27.64, 12.93
1.70, 7, white car, 418.77, 502.42, 446.36, 515.33, 432.56, 508.87, 418.77, 508.87, 446.36, 508.87, 27.59, 12.90
1.73, 7, white car, 417.25, 502.38, 444.83, 515.27, 431.04, 508.83, 417.25, 508.83, 444.83, 508.83, 27.58, 12.89
1.77, 7, white car, 415.66, 502.21, 442.95, 514.98, 429.30, 508.59, 415.66, 508.59, 442.95, 508.59, 27.29, 12.76
1.80, 7, white car, 414.24, 502.10, 441.41, 514.78, 427.82, 508.44, 414.24, 508.44, 441.41, 508.44, 27.16, 12.68
1.83, 7, white car, 412.44, 501.74, 440.11, 514.66, 426.27, 508.20, 412.44, 508.20, 440.11, 508.20, 27.66, 12.92
1.87, 7, white car, 410.55, 501.53, 438.34, 514.51, 424.44, 508.02, 410.55, 508.02, 438.34, 508.02, 27.79, 12.98
1.90, 7, white car, 408.81, 501.29, 436.66, 514.32, 422.74, 507.80, 408.81, 507.80, 436.66, 507.80, 27.85, 13.03
1.93, 7, white car, 407.10, 501.18, 435.00, 514.26, 421.05, 507.72, 407.10, 507.72, 435.00, 507.72, 27.90, 13.08
1.97, 7, white car, 405.67, 500.97, 433.67, 514.12, 419.67, 507.55, 405.67, 507.55, 433.67, 507.55, 28.01, 13.15
2.00, 7, white car, 404.17, 500.70, 432.38, 513.96, 418.28, 507.33, 404.17, 507.33, 432.38, 507.33, 28.21, 13.27
2.03, 7, white car, 402.77, 500.42, 430.96, 513.70, 416.87, 507.06, 402.77, 507.06, 430.96, 507.06, 28.19, 13.28
2.07, 7, white car, 401.29, 500.35, 429.15, 513.50, 415.22, 506.92, 401.29, 506.92, 429.15, 506.92, 27.86, 13.15
2.10, 7, white car, 399.75, 500.16, 427.44, 513.23, 413.60, 506.69, 399.75, 506.69, 427.44, 506.69, 27.69, 13.07
2.13, 7, white car, 398.07, 499.89, 425.95, 513.03, 412.01, 506.46, 398.07, 506.46, 425.95, 506.46, 27.88, 13.14
2.17, 7, white car, 396.44, 499.73, 424.25, 512.82, 410.35, 506.27, 396.44, 506.27, 424.25, 506.27, 27.82, 13.09
2.20, 7, white car, 394.98, 499.68, 422.56, 512.64, 408.77, 506.16, 394.98, 506.16, 422.56, 506.16, 27.58, 12.96
2.23, 7, white car, 393.36, 499.66, 420.87, 512.58, 407.12, 506.12, 393.36, 506.12, 420.87, 506.12, 27.52, 12.92
2.27, 7, white car, 391.68, 499.63, 419.42, 512.65, 405.55, 506.14, 391.68, 506.14, 419.42, 506.14, 27.74, 13.02
2.30, 7, white car, 389.93, 499.28, 417.95, 512.46, 403.94, 505.87, 389.93, 505.87, 417.95, 505.87, 28.02, 13.18
2.33, 7, white car, 388.37, 499.05, 416.49, 512.29, 402.43, 505.67, 388.37, 505.67, 416.49, 505.67, 28.12, 13.24
2.37, 7, white car, 386.97, 498.89, 414.91, 512.09, 400.94, 505.49, 386.97, 505.49, 414.91, 505.49, 27.94, 13.20
2.40, 7, white car, 385.53, 498.75, 413.33, 511.88, 399.43, 505.31, 385.53, 505.31, 413.33, 505.31, 27.80, 13.13
2.43, 7, white car, 384.05, 498.62, 411.60, 511.60, 397.83, 505.11, 384.05, 505.11, 411.60, 505.11, 27.55, 12.98
2.47, 7, white car, 382.48, 498.53, 409.80, 511.34, 396.14, 504.93, 382.48, 504.93, 409.80, 504.93, 27.32, 12.81
2.50, 7, white car, 380.91, 498.46, 408.23, 511.22, 394.57, 504.84, 380.91, 504.84, 408.23, 504.84, 27.32, 12.76
2.53, 7, white car, 379.53, 498.35, 406.81, 511.05, 393.17, 504.70, 379.53, 504.70, 406.81, 504.70, 27.28, 12.70
2.57, 7, white car, 378.09, 498.27, 405.55, 511.04, 391.82, 504.66, 378.09, 504.66, 405.55, 504.66, 27.46, 12.77
2.60, 7, white car, 376.33, 498.16, 404.15, 511.10, 390.24, 504.63, 376.33, 504.63, 404.15, 504.63, 27.82, 12.94
2.63, 7, white car, 374.97, 498.12, 402.74, 511.04, 388.86, 504.58, 374.97, 504.58, 402.74, 504.58, 27.77, 12.93
2.67, 7, white car, 373.79, 498.09, 401.38, 510.95, 387.58, 504.52, 373.79, 504.52, 401.38, 504.52, 27.60, 12.86
2.70, 7, white car, 372.17, 497.88, 399.87, 510.81, 386.02, 504.35, 372.17, 504.35, 399.87, 504.35, 27.70, 12.93
2.73, 7, white car, 370.18, 497.53, 398.33, 510.66, 384.26, 504.10, 370.18, 504.10, 398.33, 504.10, 28.15, 13.13
2.77, 7, white car, 368.64, 497.31, 396.75, 510.43, 382.70, 503.87, 368.64, 503.87, 396.75, 503.87, 28.11, 13.12
2.80, 7, white car, 367.10, 497.15, 395.20, 510.25, 381.15, 503.70, 367.10, 503.70, 395.20, 503.70, 28.11, 13.10
2.83, 7, white car, 365.87, 496.96, 393.89, 510.00, 379.88, 503.48, 365.87, 503.48, 393.89, 503.48, 28.02, 13.04
2.87, 7, white car, 365.09, 496.94, 392.17, 509.54, 378.63, 503.24, 365.09, 503.24, 392.17, 503.24, 27.09, 12.60
2.90, 7, white car, 363.91, 496.57, 391.14, 509.30, 377.52, 502.94, 363.91, 502.94, 391.14, 502.94, 27.23, 12.72
2.93, 7, white car, 362.19, 496.52, 389.33, 509.23, 375.76, 502.88, 362.19, 502.88, 389.33, 502.88, 27.15, 12.71
2.97, 7, white car, 360.73, 496.49, 387.73, 509.13, 374.23, 502.81, 360.73, 502.81, 387.73, 502.81, 27.00, 12.64
3.00, 7, white car, 358.68, 496.29, 385.84, 508.98, 372.26, 502.64, 358.68, 502.64, 385.84, 502.64, 27.16, 12.69
3.03, 7, white car, 356.47, 495.96, 383.94, 508.73, 370.21, 502.35, 356.47, 502.35, 383.94, 502.35, 27.48, 12.77
3.07, 7, white car, 353.87, 495.53, 382.10, 508.53, 367.98, 502.03, 353.87, 502.03, 382.10, 502.03, 28.23, 12.99
3.10, 7, white car, 351.27, 495.19, 380.57, 508.57, 365.92, 501.88, 351.27, 501.88, 380.57, 501.88, 29.31, 13.38
3.13, 7, white car, 349.76, 495.06, 379.35, 508.48, 364.55, 501.77, 349.76, 501.77, 379.35, 501.77, 29.59, 13.42
3.17, 7, white car, 348.53, 494.81, 378.38, 508.34, 363.46, 501.57, 348.53, 501.57, 378.38, 501.57, 29.85, 13.54
3.20, 7, white car, 347.67, 494.67, 377.15, 508.04, 362.41, 501.36, 347.67, 501.36, 377.15, 501.36, 29.48, 13.37
3.23, 7, white car, 346.45, 494.45, 375.91, 507.87, 361.18, 501.16, 346.45, 501.16, 375.91, 501.16, 29.46, 13.42
3.27, 7, white car, 345.72, 494.51, 374.60, 507.72, 360.16, 501.11, 345.72, 501.11, 374.60, 501.11, 28.89, 13.20
3.30, 7, white car, 344.94, 494.52, 373.28, 507.53, 359.11, 501.02, 344.94, 501.02, 373.28, 501.02, 28.35, 13.01
3.33, 7, white car, 343.72, 494.54, 371.68, 507.39, 357.70, 500.96, 343.72, 500.96, 371.68, 500.96, 27.96, 12.85
3.37, 7, white car, 341.79, 494.09, 370.12, 507.16, 355.95, 500.63, 341.79, 500.63, 370.12, 500.63, 28.33, 13.07
3.40, 7, white car, 339.74, 493.75, 368.47, 507.07, 354.11, 500.41, 339.74, 500.41, 368.47, 500.41, 28.73, 13.31
3.43, 7, white car, 338.35, 493.66, 366.77, 506.85, 352.56, 500.25, 338.35, 500.25, 366.77, 500.25, 28.41, 13.18
3.47, 7, white car, 336.66, 493.50, 364.89, 506.57, 350.78, 500.04, 336.66, 500.04, 364.89, 500.04, 28.23, 13.07
3.50, 7, white car, 335.09, 493.29, 363.87, 506.55, 349.48, 499.92, 335.09, 499.92, 363.87, 499.92, 28.78, 13.26
3.53, 7, white car, 334.00, 493.32, 362.80, 506.49, 348.40, 499.90, 334.00, 499.90, 362.80, 499.90, 28.80, 13.17
3.57, 7, white car, 333.13, 493.26, 361.85, 506.28, 347.49, 499.77, 333.13, 499.77, 361.85, 499.77, 28.72, 13.02
3.60, 7, white car, 332.14, 493.28, 360.45, 506.03, 346.30, 499.66, 332.14, 499.66, 360.45, 499.66, 28.32, 12.75
3.63, 7, white car, 330.54, 493.12, 358.33, 505.64, 344.44, 499.38, 330.54, 499.38, 358.33, 499.38, 27.79, 12.52
3.67, 7, white car, 327.64, 492.84, 355.35, 505.42, 341.50, 499.13, 327.64, 499.13, 355.35, 499.13, 27.71, 12.58
3.70, 7, white car, 325.20, 492.54, 353.26, 505.30, 339.23, 498.92, 325.20, 498.92, 353.26, 498.92, 28.07, 12.76
3.73, 7, white car, 322.44, 492.55, 350.15, 504.99, 336.30, 498.77, 322.44, 498.77, 350.15, 498.77, 27.71, 12.44
3.77, 7, white car, 320.97, 492.43, 348.74, 504.79, 334.85, 498.61, 320.97, 498.61, 348.74, 498.61, 27.77, 12.36
3.80, 7, white car, 320.13, 492.42, 348.24, 504.83, 334.18, 498.63, 320.13, 498.63, 348.24, 498.63, 28.11, 12.41
3.83, 7, white car, 319.13, 492.34, 347.61, 504.86, 333.37, 498.60, 319.13, 498.60, 347.61, 498.60, 28.48, 12.53
3.87, 7, white car, 318.23, 492.16, 346.80, 504.72, 332.51, 498.44, 318.23, 498.44, 346.80, 498.44, 28.57, 12.56
3.90, 7, white car, 316.97, 491.93, 345.74, 504.59, 331.35, 498.26, 316.97, 498.26, 345.74, 498.26, 28.77, 12.66
3.93, 7, white car, 315.94, 491.84, 344.64, 504.48, 330.29, 498.16, 315.94, 498.16, 344.64, 498.16, 28.70, 12.64
3.97, 7, white car, 315.00, 491.80, 343.86, 504.51, 329.43, 498.16, 315.00, 498.16, 343.86, 498.16, 28.85, 12.70
4.00, 7, white car, 313.34, 491.71, 342.07, 504.36, 327.70, 498.03, 313.34, 498.03, 342.07, 498.03, 28.73, 12.65
4.03, 7, white car, 311.39, 491.60, 339.82, 504.15, 325.60, 497.87, 311.39, 497.87, 339.82, 497.87, 28.43, 12.55
4.07, 7, white car, 309.93, 491.39, 338.37, 503.98, 324.15, 497.69, 309.93, 497.69, 338.37, 497.69, 28.44, 12.58
4.10, 7, white car, 308.42, 491.22, 336.62, 503.74, 322.52, 497.48, 308.42, 497.48, 336.62, 497.48, 28.20, 12.52
4.13, 7, white car, 307.03, 491.05, 335.30, 503.63, 321.17, 497.34, 307.03, 497.34, 335.30, 497.34, 28.27, 12.58
4.17, 7, white car, 305.93, 490.76, 334.22, 503.38, 320.08, 497.07, 305.93, 497.07, 334.22, 497.07, 28.30, 12.62
4.20, 7, white car, 304.59, 490.87, 332.40, 503.28, 318.50, 497.07, 304.59, 497.07, 332.40, 497.07, 27.81, 12.42
4.23, 7, white car, 303.45, 490.91, 330.57, 503.00, 317.01, 496.95, 303.45, 496.95, 330.57, 496.95, 27.12, 12.09
4.27, 7, white car, 302.33, 490.72, 329.09, 502.60, 315.71, 496.66, 302.33, 496.66, 329.09, 496.66, 26.76, 11.88
4.30, 7, white car, 301.02, 490.49, 327.84, 502.33, 314.43, 496.41, 301.02, 496.41, 327.84, 496.41, 26.82, 11.84
4.33, 7, white car, 299.19, 490.18, 326.30, 502.11, 312.74, 496.14, 299.19, 496.14, 326.30, 496.14, 27.10, 11.93
4.37, 7, white car, 297.48, 489.83, 324.98, 501.92, 311.23, 495.88, 297.48, 495.88, 324.98, 495.88, 27.50, 12.08
4.40, 7, white car, 296.38, 489.62, 323.78, 501.62, 310.08, 495.62, 296.38, 495.62, 323.78, 495.62, 27.41, 12.01
4.43, 7, white car, 295.30, 489.47, 322.75, 501.45, 309.03, 495.46, 295.30, 495.46, 322.75, 495.46, 27.45, 11.98
4.47, 7, white car, 294.06, 489.37, 321.33, 501.24, 307.70, 495.31, 294.06, 495.31, 321.33, 495.31, 27.27, 11.87
4.50, 7, white car, 292.83, 489.03, 320.51, 501.04, 306.67, 495.04, 292.83, 495.04, 320.51, 495.04, 27.68, 12.01
4.53, 7, white car, 291.09, 488.82, 319.09, 500.97, 305.09, 494.89, 291.09, 494.89, 319.09, 494.89, 28.00, 12.15
4.57, 7, white car, 289.43, 488.58, 317.08, 500.62, 303.25, 494.60, 289.43, 494.60, 317.08, 494.60, 27.64, 12.04
4.60, 7, white car, 287.71, 488.49, 314.90, 500.35, 301.30, 494.42, 287.71, 494.42, 314.90, 494.42, 27.19, 11.86
4.63, 7, white car, 286.22, 488.35, 313.32, 500.17, 299.77, 494.26, 286.22, 494.26, 313.32, 494.26, 27.10, 11.83
4.67, 7, white car, 284.67, 488.09, 311.92, 499.98, 298.30, 494.03, 284.67, 494.03, 311.92, 494.03, 27.25, 11.89
4.70, 7, white car, 283.25, 487.99, 310.37, 499.81, 296.81, 493.90, 283.25, 493.90, 310.37, 493.90, 27.12, 11.82
4.73, 7, white car, 281.78, 487.81, 308.90, 499.66, 295.34, 493.73, 281.78, 493.73, 308.90, 493.73, 27.12, 11.85
4.77, 7, white car, 280.48, 487.65, 307.62, 499.54, 294.05, 493.59, 280.48, 493.59, 307.62, 493.59, 27.14, 11.90
4.80, 7, white car, 278.98, 487.26, 306.63, 499.42, 292.81, 493.34, 278.98, 493.34, 306.63, 493.34, 27.65, 12.16
4.83, 15, white car, 1413.63, 555.81, 1442.49, 567.71, 1428.06, 561.76, 1413.63, 561.76, 1442.49, 561.76, 28.85, 11.91
4.83, 7, white car, 277.30, 486.94, 305.25, 499.27, 291.27, 493.11, 277.30, 493.11, 305.25, 493.11, 27.96, 12.33
4.87, 15, white car, 1411.32, 556.05, 1439.83, 567.81, 1425.57, 561.93, 1411.32, 561.93, 1439.83, 561.93, 28.51, 11.76
4.87, 7, white car, 275.63, 486.42, 304.09, 499.01, 289.86, 492.71, 275.63, 492.71, 304.09, 492.71, 28.45, 12.60
4.90, 15, white car, 1409.07, 556.07, 1437.14, 567.67, 1423.11, 561.87, 1409.07, 561.87, 1437.14, 561.87, 28.07, 11.60
4.90, 7, white car, 274.15, 486.18, 302.49, 498.76, 288.32, 492.47, 274.15, 492.47, 302.49, 492.47, 28.33, 12.58
4.93, 15, white car, 1406.72, 556.16, 1434.86, 567.79, 1420.79, 561.97, 1406.72, 561.97, 1434.86, 561.97, 28.15, 11.62
4.93, 7, white car, 272.68, 485.90, 301.00, 498.53, 286.84, 492.22, 272.68, 492.22, 301.00, 492.22, 28.32, 12.63
4.97, 15, white car, 1404.27, 556.15, 1432.56, 567.85, 1418.42, 562.00, 1404.27, 562.00, 1432.56, 562.00, 28.29, 11.70
4.97, 7, white car, 271.51, 485.80, 299.79, 498.44, 285.65, 492.12, 271.51, 492.12, 299.79, 492.12, 28.27, 12.65
5.00, 15, white car, 1401.45, 556.23, 1429.60, 567.88, 1415.53, 562.06, 1401.45, 562.06, 1429.60, 562.06, 28.16, 11.66
5.00, 7, white car, 270.15, 485.57, 298.32, 498.20, 284.24, 491.89, 270.15, 491.89, 298.32, 491.89, 28.17, 12.64
5.03, 15, white car, 1398.73, 556.42, 1426.91, 568.10, 1412.82, 562.26, 1398.73, 562.26, 1426.91, 562.26, 28.17, 11.68
5.03, 7, white car, 268.90, 485.45, 296.90, 498.02, 282.90, 491.73, 268.90, 491.73, 296.90, 491.73, 28.00, 12.57
5.07, 15, white car, 1396.26, 556.57, 1424.25, 568.21, 1410.26, 562.39, 1396.26, 562.39, 1424.25, 562.39, 27.99, 11.63
5.07, 7, white car, 267.51, 485.28, 295.57, 497.92, 281.54, 491.60, 267.51, 491.60, 295.57, 491.60, 28.06, 12.64
5.10, 15, white car, 1393.86, 556.75, 1421.87, 568.40, 1407.87, 562.58, 1393.86, 562.58, 1421.87, 562.58, 28.01, 11.66
5.10, 7, white car, 265.99, 485.09, 294.24, 497.87, 280.11, 491.48, 265.99, 491.48, 294.24, 491.48, 28.24, 12.78
5.13, 15, white car, 1391.42, 556.92, 1419.35, 568.53, 1405.38, 562.72, 1391.42, 562.72, 1419.35, 562.72, 27.93, 11.61
5.13, 7, white car, 264.53, 484.87, 293.02, 497.82, 278.78, 491.34, 264.53, 491.34, 293.02, 491.34, 28.49, 12.95
5.17, 15, white car, 1388.45, 556.96, 1416.45, 568.61, 1402.45, 562.79, 1388.45, 562.79, 1416.45, 562.79, 28.00, 11.64
5.17, 7, white car, 263.19, 484.78, 291.34, 497.63, 277.26, 491.20, 263.19, 491.20, 291.34, 491.20, 28.15, 12.85
5.20, 15, white car, 1385.85, 556.95, 1414.20, 568.72, 1400.02, 562.84, 1385.85, 562.84, 1414.20, 562.84, 28.35, 11.77
5.20, 7, white car, 262.12, 484.72, 289.76, 497.34, 275.94, 491.03, 262.12, 491.03, 289.76, 491.03, 27.64, 12.62
5.23, 15, white car, 1383.45, 557.07, 1411.74, 568.80, 1397.59, 562.93, 1383.45, 562.93, 1411.74, 562.93, 28.29, 11.73
5.23, 7, white car, 261.08, 484.68, 288.20, 497.08, 274.64, 490.88, 261.08, 490.88, 288.20, 490.88, 27.12, 12.40
5.27, 15, white car, 1380.68, 557.13, 1409.17, 568.96, 1394.93, 563.05, 1380.68, 563.05, 1409.17, 563.05, 28.49, 11.83
5.27, 7, white car, 259.62, 484.58, 286.52, 496.87, 273.07, 490.73, 259.62, 490.73, 286.52, 490.73, 26.90, 12.29
5.30, 15, white car, 1377.91, 557.02, 1406.68, 568.94, 1392.29, 562.98, 1377.91, 562.98, 1406.68, 562.98, 28.76, 11.92
5.30, 7, white car, 258.30, 484.39, 284.96, 496.55, 271.63, 490.47, 258.30, 490.47, 284.96, 490.47, 26.66, 12.16
5.33, 15, white car, 1375.15, 556.83, 1404.33, 568.92, 1389.74, 562.88, 1375.15, 562.88, 1404.33, 562.88, 29.17, 12.09
5.33, 7, white car, 256.75, 484.27, 283.31, 496.35, 270.03, 490.31, 256.75, 490.31, 283.31, 490.31, 26.57, 12.09
5.37, 15, white car, 1372.60, 556.84, 1401.70, 568.93, 1387.15, 562.89, 1372.60, 562.89, 1401.70, 562.89, 29.10, 12.09
5.37, 7, white car, 255.28, 484.09, 282.15, 496.28, 268.72, 490.18, 255.28, 490.18, 282.15, 490.18, 26.87, 12.19
5.40, 15, white car, 1370.17, 557.01, 1398.99, 569.00, 1384.58, 563.00, 1370.17, 563.00, 1398.99, 563.00, 28.83, 11.99
5.40, 7, white car, 253.96, 483.95, 280.81, 496.11, 267.38, 490.03, 253.96, 490.03, 280.81, 490.03, 26.85, 12.16
5.43, 15, white car, 1367.88, 557.29, 1396.35, 569.13, 1382.12, 563.21, 1367.88, 563.21, 1396.35, 563.21, 28.48, 11.85
5.43, 7, white car, 252.34, 483.70, 279.26, 495.90, 265.80, 489.80, 252.34, 489.80, 279.26, 489.80, 26.93, 12.19
5.47, 15, white car, 1365.49, 557.24, 1394.01, 569.12, 1379.75, 563.18, 1365.49, 563.18, 1394.01, 563.18, 28.52, 11.88
5.47, 7, white car, 251.02, 483.53, 278.06, 495.78, 264.54, 489.65, 251.02, 489.65, 278.06, 489.65, 27.04, 12.25
5.50, 15, white car, 1362.64, 557.09, 1391.92, 569.30, 1377.28, 563.19, 1362.64, 563.19, 1391.92, 563.19, 29.27, 12.20
5.50, 7, white car, 249.35, 483.35, 276.47, 495.64, 262.91, 489.49, 249.35, 489.49, 276.47, 489.49, 27.12, 12.30
5.53, 15, white car, 1359.92, 557.18, 1389.03, 569.31, 1374.48, 563.25, 1359.92, 563.25, 1389.03, 563.25, 29.11, 12.13
5.53, 7, white car, 247.80, 483.16, 275.19, 495.59, 261.50, 489.38, 247.80, 489.38, 275.19, 489.38, 27.39, 12.43
5.57, 15, white car, 1357.14, 557.02, 1386.40, 569.22, 1371.77, 563.12, 1357.14, 563.12, 1386.40, 563.12, 29.26, 12.20
5.57, 7, white car, 246.67, 483.12, 273.85, 495.47, 260.26, 489.29, 246.67, 489.29, 273.85, 489.29, 27.18, 12.35
5.60, 15, white car, 1354.63, 557.21, 1383.43, 569.21, 1369.03, 563.21, 1354.63, 563.21, 1383.43, 563.21, 28.79, 11.99
5.60, 7, white car, 244.89, 482.75, 272.25, 495.19, 258.57, 488.97, 244.89, 488.97, 272.25, 488.97, 27.37, 12.44
5.63, 15, white car, 1352.42, 557.45, 1380.82, 569.27, 1366.62, 563.36, 1352.42, 563.36, 1380.82, 563.36, 28.40, 11.81
5.63, 7, white car, 243.49, 482.45, 271.22, 495.07, 257.35, 488.76, 243.49, 488.76, 271.22, 488.76, 27.73, 12.62
5.67, 15, white car, 1349.77, 557.30, 1378.53, 569.24, 1364.15, 563.27, 1349.77, 563.27, 1378.53, 563.27, 28.75, 11.94
5.67, 7, white car, 242.13, 482.28, 269.90, 494.94, 256.02, 488.61, 242.13, 488.61, 269.90, 488.61, 27.77, 12.66
5.70, 15, white car, 1346.75, 557.05, 1376.21, 569.28, 1361.48, 563.16, 1346.75, 563.16, 1376.21, 563.16, 29.46, 12.24
5.70, 7, white car, 240.77, 482.24, 268.62, 494.94, 254.70, 488.59, 240.77, 488.59, 268.62, 488.59, 27.86, 12.70
5.73, 15, white car, 1344.01, 557.09, 1373.62, 569.38, 1358.82, 563.24, 1344.01, 563.24, 1373.62, 563.24, 29.61, 12.29
5.73, 7, white car, 239.62, 482.11, 267.42, 494.80, 253.52, 488.45, 239.62, 488.45, 267.42, 488.45, 27.79, 12.69
5.77, 15, white car, 1341.60, 557.12, 1371.01, 569.33, 1356.30, 563.22, 1341.60, 563.22, 1371.01, 563.22, 29.41, 12.21
5.77, 7, white car, 237.91, 481.64, 265.87, 494.47, 251.89, 488.06, 237.91, 488.06, 265.87, 488.06, 27.96, 12.83
5.80, 15, white car, 1339.14, 557.25, 1368.50, 569.44, 1353.82, 563.35, 1339.14, 563.35, 1368.50, 563.35, 29.36, 12.20
5.80, 7, white car, 236.51, 481.37, 264.57, 494.31, 250.54, 487.84, 236.51, 487.84, 264.57, 487.84, 28.07, 12.93
5.83, 15, white car, 1336.16, 557.26, 1365.83, 569.57, 1351.00, 563.41, 1336.16, 563.41, 1365.83, 563.41, 29.66, 12.31
5.83, 7, white car, 234.75, 481.04, 263.03, 494.11, 248.89, 487.58, 234.75, 487.58, 263.03, 487.58, 28.28, 13.07
5.87, 15, white car, 1333.22, 556.98, 1363.52, 569.57, 1348.37, 563.28, 1333.22, 563.28, 1363.52, 563.28, 30.30, 12.59
5.87, 7, white car, 233.37, 480.97, 261.57, 494.02, 247.47, 487.50, 233.37, 487.50, 261.57, 487.50, 28.20, 13.05
5.90, 15, white car, 1330.32, 556.77, 1361.18, 569.64, 1345.75, 563.20, 1330.32, 563.20, 1361.18, 563.20, 30.86, 12.87
5.90, 7, white car, 232.34, 480.78, 260.35, 493.79, 246.35, 487.28, 232.34, 487.28, 260.35, 487.28, 28.01, 13.01
5.93, 15, white car, 1327.55, 556.57, 1358.62, 569.57, 1343.09, 563.07, 1327.55, 563.07, 1358.62, 563.07, 31.07, 13.00
5.93, 7, white car, 230.96, 480.59, 258.77, 493.51, 244.86, 487.05, 230.96, 487.05, 258.77, 487.05, 27.81, 12.92
5.97, 15, white car, 1325.19, 556.75, 1356.19, 569.73, 1340.69, 563.24, 1325.19, 563.24, 1356.19, 563.24, 31.00, 12.98
5.97, 7, white car, 229.81, 480.39, 257.62, 493.31, 243.72, 486.85, 229.81, 486.85, 257.62, 486.85, 27.80, 12.92
6.00, 15, white car, 1323.08, 556.92, 1353.73, 569.77, 1338.40, 563.34, 1323.08, 563.34, 1353.73, 563.34, 30.66, 12.85
6.00, 7, white car, 228.28, 480.29, 256.01, 493.14, 242.15, 486.72, 228.28, 486.72, 256.01, 486.72, 27.72, 12.85
6.03, 15, white car, 1320.89, 556.93, 1351.18, 569.64, 1336.04, 563.29, 1320.89, 563.29, 1351.18, 563.29, 30.29, 12.70
6.03, 7, white car, 226.82, 480.23, 254.64, 493.10, 240.73, 486.66, 226.82, 486.66, 254.64, 486.66, 27.83, 12.86
6.07, 15, white car, 1318.21, 557.04, 1348.11, 569.58, 1333.16, 563.31, 1318.21, 563.31, 1348.11, 563.31, 29.90, 12.55
6.07, 7, white car, 225.27, 479.81, 253.27, 492.76, 239.27, 486.28, 225.27, 486.28, 253.27, 486.28, 28.00, 12.96
6.10, 15, white car, 1315.47, 557.03, 1345.56, 569.66, 1330.52, 563.34, 1315.47, 563.34, 1345.56, 563.34, 30.09, 12.64
6.10, 7, white car, 223.82, 479.60, 251.66, 492.50, 237.74, 486.05, 223.82, 486.05, 251.66, 486.05, 27.84, 12.90
6.13, 15, white car, 1312.68, 557.13, 1342.54, 569.66, 1327.61, 563.40, 1312.68, 563.40, 1342.54, 563.40, 29.87, 12.53
6.13, 7, white car, 222.50, 479.42, 250.48, 492.39, 236.49, 485.90, 222.50, 485.90, 250.48, 485.90, 27.98, 12.97
6.17, 15, white car, 1310.45, 557.41, 1340.02, 569.83, 1325.24, 563.62, 1310.45, 563.62, 1340.02, 563.62, 29.57, 12.42
6.17, 7, white car, 221.23, 479.17, 249.08, 492.08, 235.16, 485.63, 221.23, 485.63, 249.08, 485.63, 27.84, 12.91
6.20, 15, white car, 1307.71, 557.31, 1337.62, 569.86, 1322.67, 563.59, 1307.71, 563.59, 1337.62, 563.59, 29.92, 12.55
6.20, 7, white car, 220.03, 479.04, 247.66, 491.85, 233.84, 485.45, 220.03, 485.45, 247.66, 485.45, 27.63, 12.81
6.23, 15, white car, 1304.91, 557.07, 1335.04, 569.72, 1319.98, 563.40, 1304.91, 563.40, 1335.04, 563.40, 30.13, 12.65
6.23, 7, white car, 218.75, 478.83, 246.44, 491.69, 232.60, 485.26, 218.75, 485.26, 246.44, 485.26, 27.68, 12.86
6.27, 15, white car, 1302.10, 557.03, 1332.24, 569.68, 1317.17, 563.35, 1302.10, 563.35, 1332.24, 563.35, 30.14, 12.65
6.27, 7, white car, 217.12, 478.65, 245.00, 491.66, 231.06, 485.16, 217.12, 485.16, 245.00, 485.16, 27.87, 13.01
6.30, 15, white car, 1299.65, 557.03, 1329.54, 569.57, 1314.59, 563.30, 1299.65, 563.30, 1329.54, 563.30, 29.89, 12.54
6.30, 7, white car, 215.99, 478.65, 243.71, 491.59, 229.85, 485.12, 215.99, 485.12, 243.71, 485.12, 27.72, 12.95
6.33, 15, white car, 1297.01, 557.18, 1326.59, 569.56, 1311.80, 563.37, 1297.01, 563.37, 1326.59, 563.37, 29.58, 12.38
6.33, 29, white car, 1414.05, 555.20, 1443.62, 567.91, 1428.84, 561.55, 1414.05, 561.55, 1443.62, 561.55, 29.57, 12.71
6.33, 7, white car, 214.64, 478.63, 242.21, 491.53, 228.43, 485.08, 214.64, 485.08, 242.21, 485.08, 27.57, 12.90
6.37, 15, white car, 1294.69, 557.31, 1324.24, 569.68, 1309.46, 563.50, 1294.69, 563.50, 1324.24, 563.50, 29.55, 12.37
6.37, 29, white car, 1411.10, 555.30, 1440.88, 568.09, 1425.99, 561.70, 1411.10, 561.70, 1440.88, 561.70, 29.78, 12.79
6.37, 7, white car, 213.35, 478.42, 240.89, 491.32, 227.12, 484.87, 213.35, 484.87, 240.89, 484.87, 27.54, 12.90
6.40, 15, white car, 1292.07, 557.13, 1321.99, 569.64, 1307.03, 563.38, 1292.07, 563.38, 1321.99, 563.38, 29.91, 12.52
6.40, 29, white car, 1408.75, 555.47, 1437.84, 567.97, 1423.29, 561.72, 1408.75, 561.72, 1437.84, 561.72, 29.09, 12.50
6.40, 7, white car, 212.01, 478.25, 239.59, 491.18, 225.80, 484.72, 212.01, 484.72, 239.59, 484.72, 27.58, 12.93
6.43, 15, white car, 1289.10, 556.80, 1319.43, 569.53, 1304.27, 563.17, 1289.10, 563.17, 1319.43, 563.17, 30.34, 12.73
6.43, 29, white car, 1406.14, 555.46, 1435.41, 568.02, 1420.77, 561.74, 1406.14, 561.74, 1435.41, 561.74, 29.27, 12.57
6.43, 7, white car, 210.46, 478.20, 238.10, 491.16, 224.28, 484.68, 210.46, 484.68, 238.10, 484.68, 27.64, 12.96
6.47, 15, white car, 1286.36, 556.67, 1316.87, 569.48, 1301.62, 563.07, 1286.36, 563.07, 1316.87, 563.07, 30.51, 12.82
6.47, 29, white car, 1403.29, 555.44, 1432.69, 568.06, 1417.99, 561.75, 1403.29, 561.75, 1432.69, 561.75, 29.40, 12.62
6.47, 7, white car, 209.06, 477.96, 236.94, 491.07, 223.00, 484.52, 209.06, 484.52, 236.94, 484.52, 27.88, 13.10
6.50, 15, white car, 1284.00, 556.76, 1314.14, 569.42, 1299.07, 563.09, 1284.00, 563.09, 1314.14, 563.09, 30.14, 12.66
6.50, 29, white car, 1400.16, 555.50, 1429.75, 568.18, 1414.95, 561.84, 1400.16, 561.84, 1429.75, 561.84, 29.59, 12.68
6.50, 7, white car, 207.61, 477.71, 235.90, 491.06, 221.76, 484.38, 207.61, 484.38, 235.90, 484.38, 28.28, 13.35
6.53, 15, white car, 1281.65, 557.08, 1311.50, 569.62, 1296.57, 563.35, 1281.65, 563.35, 1311.50, 563.35, 29.85, 12.54
6.53, 29, white car, 1397.31, 555.80, 1426.73, 568.37, 1412.02, 562.09, 1397.31, 562.09, 1426.73, 562.09, 29.41, 12.57
6.57, 15, white car, 1278.86, 556.88, 1309.06, 569.58, 1293.96, 563.23, 1278.86, 563.23, 1309.06, 563.23, 30.20, 12.70
6.57, 29, white car, 1394.85, 556.00, 1423.73, 568.34, 1409.29, 562.17, 1394.85, 562.17, 1423.73, 562.17, 28.88, 12.33
6.60, 15, white car, 1275.82, 556.68, 1306.42, 569.58, 1291.12, 563.13, 1275.82, 563.13, 1306.42, 563.13, 30.60, 12.90
6.60, 29, white car, 1392.33, 556.10, 1421.28, 568.43, 1406.81, 562.27, 1392.33, 562.27, 1421.28, 562.27, 28.95, 12.34
6.63, 15, white car, 1273.17, 556.73, 1303.65, 569.60, 1288.41, 563.17, 1273.17, 563.17, 1303.65, 563.17, 30.48, 12.87
6.63, 29, white car, 1389.17, 556.06, 1418.55, 568.58, 1403.86, 562.32, 1389.17, 562.32, 1418.55, 562.32, 29.38, 12.52
6.67, 15, white car, 1270.83, 556.82, 1300.72, 569.44, 1285.77, 563.13, 1270.83, 563.13, 1300.72, 563.13, 29.89, 12.62
6.67, 29, white car, 1385.92, 556.04, 1415.59, 568.66, 1400.75, 562.35, 1385.92, 562.35, 1415.59, 562.35, 29.67, 12.62
6.70, 15, white car, 1268.57, 557.00, 1298.13, 569.45, 1283.35, 563.22, 1268.57, 563.22, 1298.13, 563.22, 29.56, 12.46
6.70, 29, white car, 1383.22, 556.30, 1412.70, 568.81, 1397.96, 562.56, 1383.22, 562.56, 1412.70, 562.56, 29.47, 12.52
6.73, 15, white car, 1266.04, 556.93, 1295.53, 569.34, 1280.79, 563.14, 1266.04, 563.14, 1295.53, 563.14, 29.49, 12.42
6.73, 29, white car, 1380.56, 556.42, 1409.82, 568.83, 1395.19, 562.63, 1380.56, 562.63, 1409.82, 562.63, 29.26, 12.41
6.77, 15, white car, 1263.12, 556.58, 1293.19, 569.27, 1278.16, 562.92, 1263.12, 562.92, 1293.19, 562.92, 30.07, 12.69
6.77, 29, white car, 1377.67, 556.41, 1407.32, 568.96, 1392.49, 562.68, 1377.67, 562.68, 1407.32, 562.68, 29.64, 12.55
6.80, 15, white car, 1260.40, 556.35, 1290.59, 569.11, 1275.49, 562.73, 1260.40, 562.73, 1290.59, 562.73, 30.19, 12.76
6.80, 29, white car, 1374.47, 556.17, 1404.91, 569.10, 1389.69, 562.63, 1374.47, 562.63, 1404.91, 562.63, 30.44, 12.92
6.80, 7, white car, 194.58, 475.83, 223.37, 489.44, 208.97, 482.63, 194.58, 482.63, 223.37, 482.63, 28.79, 13.61
6.83, 15, white car, 1257.69, 556.32, 1287.83, 569.06, 1272.76, 562.69, 1257.69, 562.69, 1287.83, 562.69, 30.14, 12.74
6.83, 29, white car, 1371.27, 556.01, 1402.07, 569.11, 1386.67, 562.56, 1371.27, 562.56, 1402.07, 562.56, 30.80, 13.10
6.83, 7, white car, 192.04, 475.53, 221.65, 489.42, 206.84, 482.48, 192.04, 482.48, 221.65, 482.48, 29.60, 13.89
6.87, 15, white car, 1255.17, 556.28, 1285.07, 568.90, 1270.12, 562.59, 1255.17, 562.59, 1285.07, 562.59, 29.91, 12.62
6.87, 29, white car, 1368.60, 556.27, 1398.91, 569.15, 1383.75, 562.71, 1368.60, 562.71, 1398.91, 562.71, 30.31, 12.87
6.87, 7, white car, 190.14, 475.30, 220.27, 489.38, 205.20, 482.34, 190.14, 482.34, 220.27, 482.34, 30.13, 14.08
6.90, 15, white car, 1252.65, 556.41, 1282.09, 568.85, 1267.37, 562.63, 1252.65, 562.63, 1282.09, 562.63, 29.44, 12.44
6.90, 29, white car, 1366.18, 556.33, 1396.08, 569.02, 1381.13, 562.67, 1366.18, 562.67, 1396.08, 562.67, 29.90, 12.69
6.90, 7, white car, 189.05, 475.28, 218.93, 489.18, 203.99, 482.23, 189.05, 482.23, 218.93, 482.23, 29.88, 13.89
6.93, 15, white car, 1250.00, 556.35, 1279.78, 568.94, 1264.89, 562.65, 1250.00, 562.65, 1279.78, 562.65, 29.78, 12.60
6.93, 29, white car, 1363.75, 556.45, 1393.63, 569.12, 1378.69, 562.79, 1363.75, 562.79, 1393.63, 562.79, 29.88, 12.67
6.93, 7, white car, 187.76, 475.22, 217.62, 489.03, 202.69, 482.13, 187.76, 482.13, 217.62, 482.13, 29.86, 13.80
6.97, 15, white car, 1247.08, 556.15, 1277.11, 568.87, 1262.09, 562.51, 1247.08, 562.51, 1277.11, 562.51, 30.02, 12.73
6.97, 29, white car, 1360.52, 556.36, 1391.00, 569.30, 1375.76, 562.83, 1360.52, 562.83, 1391.00, 562.83, 30.48, 12.95
6.97, 7, white car, 186.29, 474.84, 216.57, 488.78, 201.43, 481.81, 186.29, 481.81, 216.57, 481.81, 30.28, 13.95
7.00, 15, white car, 1244.79, 556.26, 1274.33, 568.74, 1259.56, 562.50, 1244.79, 562.50, 1274.33, 562.50, 29.54, 12.48
7.00, 29, white car, 1357.69, 556.40, 1387.83, 569.20, 1372.76, 562.80, 1357.69, 562.80, 1387.83, 562.80, 30.14, 12.79
7.00, 7, white car, 185.57, 474.70, 215.49, 488.47, 200.53, 481.59, 185.57, 481.59, 215.49, 481.59, 29.92, 13.77
7.03, 15, white car, 1242.23, 556.26, 1271.69, 568.68, 1256.96, 562.47, 1242.23, 562.47, 1271.69, 562.47, 29.46, 12.42
7.03, 29, white car, 1354.91, 556.52, 1384.97, 569.28, 1369.94, 562.90, 1354.91, 562.90, 1384.97, 562.90, 30.06, 12.76
7.03, 7, white car, 184.45, 474.27, 214.57, 488.20, 199.51, 481.24, 184.45, 481.24, 214.57, 481.24, 30.12, 13.93
7.07, 15, white car, 1239.78, 556.32, 1269.01, 568.62, 1254.39, 562.47, 1239.78, 562.47, 1269.01, 562.47, 29.23, 12.30
7.07, 29, white car, 1352.45, 556.64, 1382.06, 569.19, 1367.26, 562.92, 1352.45, 562.92, 1382.06, 562.92, 29.61, 12.55
7.07, 7, white car, 183.25, 473.92, 213.44, 487.99, 198.35, 480.95, 183.25, 480.95, 213.44, 480.95, 30.19, 14.07
7.10, 15, white car, 1237.20, 556.18, 1266.71, 568.61, 1251.95, 562.40, 1237.20, 562.40, 1266.71, 562.40, 29.51, 12.42
7.10, 29, white car, 1349.92, 556.73, 1379.55, 569.27, 1364.73, 563.00, 1349.92, 563.00, 1379.55, 563.00, 29.63, 12.54
7.10, 7, white car, 182.25, 473.66, 212.38, 487.83, 197.32, 480.74, 182.25, 480.74, 212.38, 480.74, 30.14, 14.16
7.13, 15, white car, 1234.20, 555.90, 1264.42, 568.67, 1249.31, 562.28, 1234.20, 562.28, 1264.42, 562.28, 30.22, 12.76
7.13, 29, white car, 1346.71, 556.62, 1376.77, 569.38, 1361.74, 563.00, 1346.71, 563.00, 1376.77, 563.00, 30.06, 12.75
7.13, 7, white car, 181.42, 473.55, 210.96, 487.54, 196.19, 480.55, 181.42, 480.55, 210.96, 480.55, 29.54, 13.98
7.17, 15, white car, 1231.69, 555.79, 1261.63, 568.46, 1246.66, 562.13, 1231.69, 562.13, 1261.63, 562.13, 29.94, 12.67
7.17, 29, white car, 1343.59, 556.37, 1373.73, 569.15, 1358.66, 562.76, 1343.59, 562.76, 1373.73, 562.76, 30.14, 12.78
7.17, 7, white car, 180.44, 473.69, 209.34, 487.42, 194.89, 480.55, 180.44, 480.55, 209.34, 480.55, 28.90, 13.73
7.20, 15, white car, 1229.23, 556.04, 1258.80, 568.55, 1244.02, 562.30, 1229.23, 562.30, 1258.80, 562.30, 29.57, 12.51
7.20, 29, white car, 1340.71, 556.24, 1371.32, 569.22, 1356.01, 562.73, 1340.71, 562.73, 1371.32, 562.73, 30.60, 12.99
7.20, 7, white car, 179.50, 473.62, 208.06, 487.24, 193.78, 480.43, 179.50, 480.43, 208.06, 480.43, 28.56, 13.62
7.23, 15, white car, 1226.85, 556.12, 1255.91, 568.41, 1241.38, 562.27, 1226.85, 562.27, 1255.91, 562.27, 29.06, 12.29
7.23, 29, white car, 1337.99, 556.13, 1368.59, 569.10, 1353.29, 562.61, 1337.99, 562.61, 1368.59, 562.61, 30.59, 12.98
7.23, 7, white car, 178.15, 473.60, 206.55, 487.18, 192.35, 480.39, 178.15, 480.39, 206.55, 480.39, 28.40, 13.59
7.27, 15, white car, 1224.36, 556.06, 1253.40, 568.35, 1238.88, 562.21, 1224.36, 562.21, 1253.40, 562.21, 29.04, 12.29
7.27, 29, white car, 1335.04, 555.93, 1365.90, 569.03, 1350.47, 562.48, 1335.04, 562.48, 1365.90, 562.48, 30.86, 13.10
7.27, 7, white car, 177.03, 473.47, 205.54, 487.17, 191.29, 480.32, 177.03, 480.32, 205.54, 480.32, 28.50, 13.69
7.30, 15, white car, 1221.58, 555.87, 1250.94, 568.31, 1236.26, 562.09, 1221.58, 562.09, 1250.94, 562.09, 29.36, 12.44
7.30, 29, white car, 1332.01, 555.73, 1363.20, 569.01, 1347.60, 562.37, 1332.01, 562.37, 1363.20, 562.37, 31.19, 13.28
7.30, 7, white car, 176.17, 473.57, 204.02, 486.98, 190.10, 480.28, 176.17, 480.28, 204.02, 480.28, 27.85, 13.41
7.33, 15, white car, 1219.03, 555.64, 1248.35, 568.08, 1233.69, 561.86, 1219.03, 561.86, 1248.35, 561.86, 29.32, 12.44
7.33, 29, white car, 1329.31, 555.64, 1360.34, 568.91, 1344.83, 562.28, 1329.31, 562.28, 1360.34, 562.28, 31.02, 13.26
7.33, 7, white car, 174.61, 473.55, 202.02, 486.72, 188.32, 480.13, 174.61, 480.13, 202.02, 480.13, 27.41, 13.18
7.37, 15, white car, 1216.53, 555.73, 1245.55, 568.01, 1231.04, 561.87, 1216.53, 561.87, 1245.55, 561.87, 29.02, 12.28
7.37, 29, white car, 1326.83, 555.80, 1357.61, 568.99, 1342.22, 562.40, 1326.83, 562.40, 1357.61, 562.40, 30.78, 13.19
7.37, 7, white car, 173.57, 473.51, 200.51, 486.41, 187.04, 479.96, 173.57, 479.96, 200.51, 479.96, 26.94, 12.90
7.40, 15, white car, 1214.05, 555.75, 1242.54, 567.76, 1228.30, 561.76, 1214.05, 561.76, 1242.54, 561.76, 28.49, 12.01
7.40, 29, white car, 1324.57, 555.91, 1354.92, 568.91, 1339.75, 562.41, 1324.57, 562.41, 1354.92, 562.41, 30.35, 13.00
7.40, 7, white car, 172.35, 473.70, 198.95, 486.36, 185.65, 480.03, 172.35, 480.03, 198.95, 480.03, 26.59, 12.65
7.43, 15, white car, 1211.28, 555.79, 1239.71, 567.77, 1225.50, 561.78, 1211.28, 561.78, 1239.71, 561.78, 28.43, 11.98
7.43, 29, white car, 1322.30, 556.22, 1351.95, 568.90, 1337.13, 562.56, 1322.30, 562.56, 1351.95, 562.56, 29.65, 12.68
7.43, 7, white car, 171.31, 473.60, 198.27, 486.33, 184.79, 479.97, 171.31, 479.97, 198.27, 479.97, 26.97, 12.73
7.47, 15, white car, 1208.44, 555.69, 1237.45, 567.90, 1222.94, 561.79, 1208.44, 561.79, 1237.45, 561.79, 29.01, 12.21
7.47, 29, white car, 1319.34, 556.13, 1349.17, 568.90, 1334.25, 562.51, 1319.34, 562.51, 1349.17, 562.51, 29.82, 12.77
7.47, 7, white car, 169.99, 473.38, 196.82, 485.97, 183.40, 479.68, 169.99, 479.68, 196.82, 479.68, 26.83, 12.58
7.50, 15, white car, 1205.83, 555.60, 1235.00, 567.91, 1220.42, 561.75, 1205.83, 561.75, 1235.00, 561.75, 29.16, 12.30
7.50, 29, white car, 1316.05, 556.04, 1345.90, 568.85, 1330.98, 562.45, 1316.05, 562.45, 1345.90, 562.45, 29.85, 12.81
7.50, 7, white car, 168.68, 473.30, 195.83, 485.96, 182.26, 479.63, 168.68, 479.63, 195.83, 479.63, 27.15, 12.66
7.53, 15, white car, 1203.17, 555.51, 1232.26, 567.79, 1217.72, 561.65, 1203.17, 561.65, 1232.26, 561.65, 29.09, 12.28
7.53, 29, white car, 1313.41, 556.24, 1343.04, 568.95, 1328.22, 562.59, 1313.41, 562.59, 1343.04, 562.59, 29.63, 12.71
7.53, 7, white car, 166.51, 473.10, 193.40, 485.64, 179.96, 479.37, 166.51, 479.37, 193.40, 479.37, 26.89, 12.54
7.57, 15, white car, 1200.42, 555.44, 1229.65, 567.76, 1215.04, 561.60, 1200.42, 561.60, 1229.65, 561.60, 29.24, 12.32
7.57, 29, white car, 1311.07, 556.30, 1340.47, 568.87, 1325.77, 562.59, 1311.07, 562.59, 1340.47, 562.59, 29.39, 12.57
7.57, 7, white car, 163.69, 472.88, 190.61, 485.44, 177.15, 479.16, 163.69, 479.16, 190.61, 479.16, 26.92, 12.56
7.60, 15, white car, 1198.17, 555.35, 1226.91, 567.44, 1212.54, 561.40, 1198.17, 561.40, 1226.91, 561.40, 28.74, 12.09
7.60, 29, white car, 1308.30, 556.31, 1337.54, 568.76, 1322.92, 562.54, 1308.30, 562.54, 1337.54, 562.54, 29.24, 12.45
7.60, 7, white car, 160.33, 472.72, 187.36, 485.35, 173.85, 479.03, 160.33, 479.03, 187.36, 479.03, 27.04, 12.63
7.63, 15, white car, 1195.38, 555.20, 1224.33, 567.37, 1209.86, 561.29, 1195.38, 561.29, 1224.33, 561.29, 28.94, 12.17
7.63, 29, white car, 1305.13, 556.10, 1334.97, 568.80, 1320.05, 562.45, 1305.13, 562.45, 1334.97, 562.45, 29.84, 12.70
7.63, 7, white car, 157.25, 472.58, 184.05, 485.11, 170.65, 478.84, 157.25, 478.84, 184.05, 478.84, 26.80, 12.53
7.67, 15, white car, 1192.76, 555.18, 1221.80, 567.40, 1207.28, 561.29, 1192.76, 561.29, 1221.80, 561.29, 29.04, 12.22
7.67, 29, white car, 1301.74, 555.80, 1331.90, 568.64, 1316.82, 562.22, 1301.74, 562.22, 1331.90, 562.22, 30.16, 12.84
7.67, 7, white car, 156.03, 472.41, 183.26, 485.17, 169.64, 478.79, 156.03, 478.79, 183.26, 478.79, 27.23, 12.76
7.70, 15, white car, 1190.10, 555.16, 1219.02, 567.34, 1204.56, 561.25, 1190.10, 561.25, 1219.02, 561.25, 28.92, 12.18
7.70, 29, white car, 1299.28, 555.91, 1329.16, 568.62, 1314.22, 562.27, 1299.28, 562.27, 1329.16, 562.27, 29.88, 12.71
7.70, 7, white car, 155.34, 472.26, 182.85, 485.15, 169.10, 478.70, 155.34, 478.70, 182.85, 478.70, 27.52, 12.89
7.73, 15, white car, 1187.40, 555.18, 1216.35, 567.32, 1201.87, 561.25, 1187.40, 561.25, 1216.35, 561.25, 28.95, 12.15
7.73, 29, white car, 1297.13, 556.04, 1326.83, 568.66, 1311.98, 562.35, 1297.13, 562.35, 1326.83, 562.35, 29.70, 12.62
7.73, 7, white car, 155.11, 472.15, 182.81, 485.13, 168.96, 478.64, 155.11, 478.64, 182.81, 478.64, 27.70, 12.98
7.77, 15, white car, 1185.10, 555.19, 1213.47, 567.04, 1199.29, 561.11, 1185.10, 561.11, 1213.47, 561.11, 28.37, 11.85
7.77, 29, white car, 1294.71, 556.13, 1323.90, 568.49, 1309.30, 562.31, 1294.71, 562.31, 1323.90, 562.31, 29.19, 12.35
7.77, 7, white car, 154.99, 472.22, 182.01, 484.86, 168.50, 478.54, 154.99, 478.54, 182.01, 478.54, 27.02, 12.64
7.80, 15, white car, 1182.70, 555.13, 1210.74, 566.81, 1196.72, 560.97, 1182.70, 560.97, 1210.74, 560.97, 28.04, 11.68
7.80, 29, white car, 1291.89, 555.96, 1321.33, 568.41, 1306.61, 562.18, 1291.89, 562.18, 1321.33, 562.18, 29.45, 12.46
7.80, 7, white car, 154.20, 472.17, 181.34, 484.86, 167.77, 478.51, 154.20, 478.51, 181.34, 478.51, 27.14, 12.68
7.83, 15, white car, 1179.78, 555.11, 1208.48, 567.06, 1194.13, 561.08, 1179.78, 561.08, 1208.48, 561.08, 28.70, 11.94
7.83, 29, white car, 1288.64, 555.70, 1318.48, 568.32, 1303.56, 562.01, 1288.64, 562.01, 1318.48, 562.01, 29.84, 12.63
7.83, 7, white car, 153.33, 472.03, 180.52, 484.75, 166.93, 478.39, 153.33, 478.39, 180.52, 478.39, 27.19, 12.72
7.87, 15, white car, 1177.42, 555.00, 1206.31, 567.03, 1191.87, 561.02, 1177.42, 561.02, 1206.31, 561.02, 28.90, 12.03
7.87, 29, white car, 1285.92, 555.67, 1315.77, 568.30, 1300.84, 561.99, 1285.92, 561.99, 1315.77, 561.99, 29.86, 12.63
7.87, 7, white car, 152.44, 471.94, 179.63, 484.65, 166.04, 478.30, 152.44, 478.30, 179.63, 478.30, 27.19, 12.72
7.90, 15, white car, 1174.80, 554.93, 1203.74, 566.97, 1189.27, 560.95, 1174.80, 560.95, 1203.74, 560.95, 28.94, 12.04
7.90, 29, white car, 1283.42, 555.65, 1313.37, 568.33, 1298.39, 561.99, 1283.42, 561.99, 1313.37, 561.99, 29.95, 12.67
7.90, 7, white car, 151.45, 471.89, 178.51, 484.54, 164.98, 478.21, 151.45, 478.21, 178.51, 478.21, 27.05, 12.66
7.93, 15, white car, 1171.94, 554.87, 1200.95, 566.91, 1186.44, 560.89, 1171.94, 560.89, 1200.95, 560.89, 29.01, 12.04
7.93, 29, white car, 1280.88, 555.64, 1310.59, 568.20, 1295.74, 561.92, 1280.88, 561.92, 1310.59, 561.92, 29.70, 12.56
7.93, 7, white car, 150.13, 471.72, 177.20, 484.40, 163.66, 478.06, 150.13, 478.06, 177.20, 478.06, 27.08, 12.68
7.97, 15, white car, 1169.47, 554.76, 1198.22, 566.68, 1183.85, 560.72, 1169.47, 560.72, 1198.22, 560.72, 28.76, 11.93
7.97, 29, white car, 1278.05, 555.47, 1308.14, 568.19, 1293.09, 561.83, 1278.05, 561.83, 1308.14, 561.83, 30.09, 12.72
7.97, 7, white car, 148.88, 471.39, 176.33, 484.24, 162.60, 477.82, 148.88, 477.82, 176.33, 477.82, 27.45, 12.85
8.00, 15, white car, 1166.63, 554.69, 1195.61, 566.72, 1181.12, 560.71, 1166.63, 560.71, 1195.61, 560.71, 28.98, 12.03
8.00, 29, white car, 1275.19, 555.33, 1305.38, 568.08, 1290.29, 561.70, 1275.19, 561.70, 1305.38, 561.70, 30.20, 12.75
8.00, 7, white car, 147.58, 471.16, 175.05, 484.03, 161.32, 477.60, 147.58, 477.60, 175.05, 477.60, 27.47, 12.87
8.03, 15, white car, 1163.94, 554.81, 1193.14, 566.96, 1178.54, 560.89, 1163.94, 560.89, 1193.14, 560.89, 29.20, 12.14
8.03, 29, white car, 1272.07, 555.35, 1302.16, 568.07, 1287.11, 561.71, 1272.07, 561.71, 1302.16, 561.71, 30.08, 12.71
8.03, 7, white car, 145.84, 471.03, 173.17, 483.86, 159.51, 477.44, 145.84, 477.44, 173.17, 477.44, 27.33, 12.83
8.07, 15, white car, 1161.40, 554.75, 1190.59, 566.91, 1176.00, 560.83, 1161.40, 560.83, 1190.59, 560.83, 29.19, 12.16
8.07, 29, white car, 1269.58, 555.35, 1299.62, 568.00, 1284.60, 561.68, 1269.58, 561.68, 1299.62, 561.68, 30.04, 12.66
8.07, 7, white car, 144.53, 470.99, 171.74, 483.77, 158.14, 477.38, 144.53, 477.38, 171.74, 477.38, 27.21, 12.78
8.10, 15, white car, 1158.58, 554.64, 1188.07, 566.90, 1173.33, 560.77, 1158.58, 560.77, 1188.07, 560.77, 29.50, 12.26
8.10, 29, white car, 1267.17, 555.29, 1297.15, 567.91, 1282.16, 561.60, 1267.17, 561.60, 1297.15, 561.60, 29.99, 12.62
8.10, 7, white car, 143.25, 471.00, 170.24, 483.66, 156.75, 477.33, 143.25, 477.33, 170.24, 477.33, 26.98, 12.67
8.13, 15, white car, 1156.28, 554.55, 1185.33, 566.57, 1170.81, 560.56, 1156.28, 560.56, 1185.33, 560.56, 29.04, 12.02
8.13, 29, white car, 1264.28, 555.23, 1294.18, 567.80, 1279.23, 561.52, 1264.28, 561.52, 1294.18, 561.52, 29.90, 12.57
8.13, 7, white car, 142.08, 470.93, 168.97, 483.51, 155.52, 477.22, 142.08, 477.22, 168.97, 477.22, 26.88, 12.58
8.17, 15, white car, 1153.50, 554.42, 1182.73, 566.52, 1168.12, 560.47, 1153.50, 560.47, 1182.73, 560.47, 29.23, 12.10
8.17, 29, white car, 1261.74, 555.22, 1291.42, 567.71, 1276.58, 561.47, 1261.74, 561.47, 1291.42, 561.47, 29.68, 12.49
8.17, 7, white car, 140.71, 470.89, 167.39, 483.36, 154.05, 477.12, 140.71, 477.12, 167.39, 477.12, 26.68, 12.47
8.20, 15, white car, 1150.72, 554.41, 1180.06, 566.58, 1165.39, 560.49, 1150.72, 560.49, 1180.06, 560.49, 29.34, 12.17
8.20, 29, white car, 1258.62, 555.16, 1288.37, 567.68, 1273.50, 561.42, 1258.62, 561.42, 1288.37, 561.42, 29.75, 12.52
8.20, 7, white car, 139.41, 470.65, 165.98, 483.06, 152.70, 476.86, 139.41, 476.86, 165.98, 476.86, 26.57, 12.41
8.23, 15, white car, 1148.33, 554.42, 1177.65, 566.61, 1162.99, 560.51, 1148.33, 560.51, 1177.65, 560.51, 29.32, 12.18
8.23, 29, white car, 1256.12, 555.10, 1285.85, 567.57, 1270.98, 561.34, 1256.12, 561.34, 1285.85, 561.34, 29.72, 12.48
8.23, 7, white car, 138.17, 470.51, 164.79, 482.91, 151.48, 476.71, 138.17, 476.71, 164.79, 476.71, 26.62, 12.39
8.27, 15, white car, 1145.79, 554.28, 1175.18, 566.52, 1160.49, 560.40, 1145.79, 560.40, 1175.18, 560.40, 29.39, 12.23
8.27, 29, white car, 1253.60, 555.06, 1283.21, 567.49, 1268.40, 561.27, 1253.60, 561.27, 1283.21, 561.27, 29.61, 12.43
8.27, 7, white car, 136.96, 470.46, 163.57, 482.80, 150.27, 476.63, 136.96, 476.63, 163.57, 476.63, 26.61, 12.35
8.30, 15, white car, 1143.38, 554.15, 1172.51, 566.24, 1157.94, 560.19, 1143.38, 560.19, 1172.51, 560.19, 29.14, 12.09
8.30, 29, white car, 1250.94, 555.01, 1280.49, 567.39, 1265.71, 561.20, 1250.94, 561.20, 1280.49, 561.20, 29.55, 12.37
8.30, 7, white car, 135.72, 470.40, 162.33, 482.72, 149.02, 476.56, 135.72, 476.56, 162.33, 476.56, 26.62, 12.32
8.33, 15, white car, 1141.01, 553.90, 1169.92, 565.90, 1155.47, 559.90, 1141.01, 559.90, 1169.92, 559.90, 28.92, 12.00
8.33, 29, white car, 1248.16, 555.03, 1277.88, 567.48, 1263.02, 561.25, 1248.16, 561.25, 1277.88, 561.25, 29.72, 12.45
8.33, 7, white car, 134.88, 470.32, 161.23, 482.47, 148.06, 476.40, 134.88, 476.40, 161.23, 476.40, 26.35, 12.15
8.37, 15, white car, 1138.09, 553.74, 1167.18, 565.84, 1152.64, 559.79, 1138.09, 559.79, 1167.18, 559.79, 29.09, 12.09
8.37, 29, white car, 1245.23, 554.95, 1275.13, 567.47, 1260.18, 561.21, 1245.23, 561.21, 1275.13, 561.21, 29.90, 12.52
8.37, 7, white car, 133.90, 470.28, 160.32, 482.44, 147.11, 476.36, 133.90, 476.36, 160.32, 476.36, 26.42, 12.15
8.40, 15, white car, 1135.34, 553.69, 1164.61, 565.88, 1149.98, 559.78, 1135.34, 559.78, 1164.61, 559.78, 29.27, 12.19
8.40, 29, white car, 1242.68, 554.77, 1272.46, 567.22, 1257.57, 560.99, 1242.68, 560.99, 1272.46, 560.99, 29.78, 12.45
8.40, 7, white car, 132.65, 470.16, 159.57, 482.47, 146.11, 476.31, 132.65, 476.31, 159.57, 476.31, 26.93, 12.31
8.43, 15, white car, 1132.55, 553.47, 1162.11, 565.79, 1147.33, 559.63, 1132.55, 559.63, 1162.11, 559.63, 29.56, 12.32
8.43, 29, white car, 1240.24, 554.85, 1269.62, 567.12, 1254.93, 560.99, 1240.24, 560.99, 1269.62, 560.99, 29.39, 12.27
8.43, 7, white car, 131.48, 469.96, 158.77, 482.35, 145.12, 476.15, 131.48, 476.15, 158.77, 476.15, 27.29, 12.39
8.47, 15, white car, 1130.15, 553.48, 1159.29, 565.61, 1144.72, 559.55, 1130.15, 559.55, 1159.29, 559.55, 29.14, 12.13
8.47, 29, white car, 1237.65, 554.85, 1266.93, 567.06, 1252.29, 560.96, 1237.65, 560.96, 1266.93, 560.96, 29.28, 12.21
8.47, 7, white car, 130.07, 469.67, 157.94, 482.27, 144.01, 475.97, 130.07, 475.97, 157.94, 475.97, 27.87, 12.60
8.50, 15, white car, 1127.68, 553.47, 1156.54, 565.45, 1142.11, 559.46, 1127.68, 559.46, 1156.54, 559.46, 28.87, 11.98
8.50, 29, white car, 1235.09, 554.87, 1264.53, 567.15, 1249.81, 561.01, 1235.09, 561.01, 1264.53, 561.01, 29.43, 12.28
8.50, 7, white car, 128.52, 469.45, 156.90, 482.22, 142.71, 475.84, 128.52, 475.84, 156.90, 475.84, 28.38, 12.77
8.53, 15, white car, 1124.84, 553.48, 1153.69, 565.46, 1139.26, 559.47, 1124.84, 559.47, 1153.69, 559.47, 28.85, 11.98
8.53, 29, white car, 1232.19, 554.83, 1261.76, 567.18, 1246.98, 561.00, 1232.19, 561.00, 1261.76, 561.00, 29.57, 12.35
8.53, 7, white car, 126.90, 469.37, 155.23, 482.14, 141.06, 475.76, 126.90, 475.76, 155.23, 475.76, 28.33, 12.76
8.57, 15, white car, 1122.16, 553.39, 1151.51, 565.61, 1136.84, 559.50, 1122.16, 559.50, 1151.51, 559.50, 29.34, 12.22
8.57, 29, white car, 1229.71, 554.71, 1259.03, 566.94, 1244.37, 560.83, 1229.71, 560.83, 1259.03, 560.83, 29.32, 12.23
8.57, 7, white car, 125.09, 469.19, 153.46, 482.01, 139.28, 475.60, 125.09, 475.60, 153.46, 475.60, 28.37, 12.82
8.60, 15, white car, 1119.71, 553.40, 1148.94, 565.60, 1134.32, 559.50, 1119.71, 559.50, 1148.94, 559.50, 29.22, 12.20
8.60, 29, white car, 1227.40, 554.83, 1256.15, 566.79, 1241.78, 560.81, 1227.40, 560.81, 1256.15, 560.81, 28.75, 11.96
8.60, 7, white car, 123.55, 468.95, 152.16, 481.91, 137.86, 475.43, 123.55, 475.43, 152.16, 475.43, 28.61, 12.96
8.63, 15, white car, 1117.09, 553.32, 1146.50, 565.63, 1131.79, 559.48, 1117.09, 559.48, 1146.50, 559.48, 29.41, 12.31
8.63, 29, white car, 1224.75, 554.78, 1253.23, 566.62, 1238.99, 560.70, 1224.75, 560.70, 1253.23, 560.70, 28.48, 11.84
8.63, 7, white car, 122.17, 468.87, 150.37, 481.68, 136.27, 475.27, 122.17, 475.27, 150.37, 475.27, 28.20, 12.81
8.67, 15, white car, 1114.42, 553.03, 1144.00, 565.43, 1129.21, 559.23, 1114.42, 559.23, 1144.00, 559.23, 29.58, 12.40
8.67, 29, white car, 1221.84, 554.68, 1250.81, 566.72, 1236.32, 560.70, 1221.84, 560.70, 1250.81, 560.70, 28.97, 12.04
8.67, 7, white car, 120.93, 468.84, 148.70, 481.46, 134.81, 475.15, 120.93, 475.15, 148.70, 475.15, 27.77, 12.62
8.70, 15, white car, 1111.52, 552.67, 1141.53, 565.29, 1126.53, 558.98, 1111.52, 558.98, 1141.53, 558.98, 30.01, 12.62
8.70, 29, white car, 1219.30, 554.70, 1248.23, 566.72, 1233.77, 560.71, 1219.30, 560.71, 1248.23, 560.71, 28.93, 12.03
8.70, 7, white car, 119.88, 468.86, 147.39, 481.39, 133.63, 475.13, 119.88, 475.13, 147.39, 475.13, 27.50, 12.53
8.73, 15, white car, 1108.75, 552.69, 1138.53, 565.25, 1123.64, 558.97, 1108.75, 558.97, 1138.53, 558.97, 29.78, 12.57
8.73, 29, white car, 1216.99, 554.49, 1245.59, 566.33, 1231.29, 560.41, 1216.99, 560.41, 1245.59, 560.41, 28.59, 11.84
8.73, 7, white car, 118.55, 468.81, 145.96, 481.29, 132.26, 475.05, 118.55, 475.05, 145.96, 475.05, 27.41, 12.49
8.77, 15, white car, 1106.17, 552.75, 1135.66, 565.23, 1120.92, 558.99, 1106.17, 558.99, 1135.66, 558.99, 29.49, 12.48
8.77, 29, white car, 1214.40, 554.50, 1242.73, 566.17, 1228.56, 560.34, 1214.40, 560.34, 1242.73, 560.34, 28.33, 11.67
8.77, 7, white car, 117.30, 468.74, 144.62, 481.19, 130.96, 474.96, 117.30, 474.96, 144.62, 474.96, 27.33, 12.45
8.80, 15, white car, 1103.79, 552.76, 1133.07, 565.18, 1118.43, 558.97, 1103.79, 558.97, 1133.07, 558.97, 29.28, 12.42
8.80, 29, white car, 1211.61, 554.53, 1239.66, 566.06, 1225.64, 560.30, 1211.61, 560.30, 1239.66, 560.30, 28.05, 11.54
8.80, 7, white car, 116.00, 468.61, 143.28, 481.04, 129.64, 474.82, 116.00, 474.82, 143.28, 474.82, 27.27, 12.43
8.83, 15, white car, 1101.52, 552.82, 1130.23, 564.95, 1115.87, 558.89, 1101.52, 558.89, 1130.23, 558.89, 28.71, 12.14
8.83, 29, white car, 1208.78, 554.60, 1236.91, 566.16, 1222.84, 560.38, 1208.78, 560.38, 1236.91, 560.38, 28.13, 11.56
8.83, 7, white car, 114.66, 468.66, 141.91, 481.09, 128.28, 474.87, 114.66, 474.87, 141.91, 474.87, 27.25, 12.43
8.87, 15, white car, 1099.00, 552.74, 1127.54, 564.79, 1113.27, 558.76, 1099.00, 558.76, 1127.54, 558.76, 28.54, 12.05
8.87, 29, white car, 1206.13, 554.53, 1234.70, 566.29, 1220.42, 560.41, 1206.13, 560.41, 1234.70, 560.41, 28.57, 11.76
8.87, 7, white car, 113.24, 468.57, 140.60, 481.04, 126.92, 474.80, 113.24, 474.80, 140.60, 474.80, 27.36, 12.47
8.90, 15, white car, 1096.02, 552.62, 1124.92, 564.82, 1110.47, 558.72, 1096.02, 558.72, 1124.92, 558.72, 28.91, 12.20
8.90, 29, white car, 1203.11, 554.27, 1232.03, 566.19, 1217.57, 560.23, 1203.11, 560.23, 1232.03, 560.23, 28.92, 11.92
8.90, 7, white car, 111.77, 468.27, 139.64, 481.00, 125.70, 474.64, 111.77, 474.64, 139.64, 474.64, 27.87, 12.72
8.93, 15, white car, 1093.64, 552.68, 1122.44, 564.87, 1108.04, 558.78, 1093.64, 558.78, 1122.44, 558.78, 28.80, 12.19
8.93, 29, white car, 1200.62, 554.13, 1229.76, 566.11, 1215.19, 560.12, 1200.62, 560.12, 1229.76, 560.12, 29.14, 11.97
8.93, 7, white car, 110.33, 468.03, 138.32, 480.84, 124.32, 474.43, 110.33, 474.43, 138.32, 474.43, 28.00, 12.81
8.97, 15, white car, 1090.83, 552.54, 1120.04, 564.92, 1105.44, 558.73, 1090.83, 558.73, 1120.04, 558.73, 29.21, 12.38
8.97, 29, white car, 1198.18, 554.09, 1227.15, 565.98, 1212.67, 560.04, 1198.18, 560.04, 1227.15, 560.04, 28.97, 11.88
8.97, 7, white car, 108.99, 467.85, 137.11, 480.74, 123.05, 474.29, 108.99, 474.29, 137.11, 474.29, 28.11, 12.89
