0.00, 7, white car, 1037.54, 521.89, 1063.21, 533.14, 1050.37, 527.51, 1037.54, 527.51, 1063.21, 527.51, 25.67, 11.26
0.00, 25, white car, 1373.04, 532.20, 1402.55, 544.89, 1387.80, 538.54, 1373.04, 538.54, 1402.55, 538.54, 29.51, 12.69
0.03, 7, white car, 1034.45, 521.51, 1060.40, 532.89, 1047.42, 527.20, 1034.45, 527.20, 1060.40, 527.20, 25.95, 11.38
0.03, 25, white car, 1370.56, 532.04, 1399.65, 544.55, 1385.10, 538.30, 1370.56, 538.30, 1399.65, 538.30, 29.09, 12.51
0.07, 25, white car, 1367.82, 531.83, 1396.61, 544.21, 1382.21, 538.02, 1367.82, 538.02, 1396.61, 538.02, 28.79, 12.38
0.10, 25, white car, 1364.69, 531.90, 1393.64, 544.36, 1379.16, 538.13, 1364.69, 538.13, 1393.64, 538.13, 28.95, 12.46
0.10, 7, white car, 1028.30, 521.39, 1053.72, 532.55, 1041.01, 526.97, 1028.30, 526.97, 1053.72, 526.97, 25.42, 11.16
0.13, 25, white car, 1361.31, 531.77, 1390.18, 544.20, 1375.75, 537.98, 1361.31, 537.98, 1390.18, 537.98, 28.87, 12.43
0.13, 7, white car, 1024.67, 521.21, 1049.91, 532.28, 1037.29, 526.74, 1024.67, 526.74, 1049.91, 526.74, 25.23, 11.07
0.17, 25, white car, 1357.83, 531.68, 1386.95, 544.23, 1372.39, 537.95, 1357.83, 537.95, 1386.95, 537.95, 29.12, 12.55
0.17, 7, white car, 1020.90, 521.15, 1046.32, 532.30, 1033.61, 526.72, 1020.90, 526.72, 1046.32, 526.72, 25.42, 11.15
0.20, 25, white car, 1354.19, 531.33, 1383.86, 544.14, 1369.02, 537.74, 1354.19, 537.74, 1383.86, 537.74, 29.67, 12.80
0.20, 7, white car, 1017.36, 520.97, 1042.61, 532.05, 1029.98, 526.51, 1017.36, 526.51, 1042.61, 526.51, 25.25, 11.08
0.23, 25, white car, 1351.35, 531.45, 1380.71, 544.15, 1366.03, 537.80, 1351.35, 537.80, 1380.71, 537.80, 29.36, 12.70
0.23, 7, white car, 1013.44, 520.96, 1038.57, 532.00, 1026.01, 526.48, 1013.44, 526.48, 1038.57, 526.48, 25.12, 11.04
0.27, 25, white car, 1348.21, 531.42, 1377.83, 544.23, 1363.02, 537.83, 1348.21, 537.83, 1377.83, 537.83, 29.62, 12.81
0.27, 7, white car, 1009.69, 520.79, 1035.02, 531.92, 1022.35, 526.35, 1009.69, 526.35, 1035.02, 526.35, 25.33, 11.14
0.30, 25, white car, 1345.14, 531.42, 1374.23, 543.99, 1359.69, 537.70, 1345.14, 537.70, 1374.23, 537.70, 29.09, 12.57
0.30, 7, white car, 1006.11, 520.65, 1031.63, 531.88, 1018.87, 526.26, 1006.11, 526.26, 1031.63, 526.26, 25.52, 11.24
0.33, 25, white car, 1342.22, 531.35, 1370.59, 543.60, 1356.40, 537.47, 1342.22, 537.47, 1370.59, 537.47, 28.36, 12.25
0.37, 25, white car, 1339.14, 531.18, 1367.40, 543.38, 1353.27, 537.28, 1339.14, 537.28, 1367.40, 537.28, 28.26, 12.20
0.37, 7, white car, 999.29, 520.42, 1024.61, 531.58, 1011.95, 526.00, 999.29, 526.00, 1024.61, 526.00, 25.32, 11.16
0.40, 25, white car, 1336.24, 531.42, 1363.80, 543.32, 1350.02, 537.37, 1336.24, 537.37, 1363.80, 537.37, 27.56, 11.90
0.40, 7, white car, 995.91, 520.25, 1021.20, 531.41, 1008.55, 525.83, 995.91, 525.83, 1021.20, 525.83, 25.29, 11.16
0.43, 25, white car, 1333.08, 531.21, 1361.08, 543.29, 1347.08, 537.25, 1333.08, 537.25, 1361.08, 537.25, 28.00, 12.08
0.43, 7, white car, 992.24, 520.04, 1017.95, 531.40, 1005.09, 525.72, 992.24, 525.72, 1017.95, 525.72, 25.71, 11.36
0.47, 25, white car, 1329.85, 531.10, 1358.07, 543.27, 1343.96, 537.18, 1329.85, 537.18, 1358.07, 537.18, 28.22, 12.16
0.47, 7, white car, 989.03, 519.85, 1014.40, 531.08, 1001.72, 525.46, 989.03, 525.46, 1014.40, 525.46, 25.38, 11.22
0.50, 25, white car, 1326.53, 530.95, 1354.52, 543.03, 1340.52, 536.99, 1326.53, 536.99, 1354.52, 536.99, 27.99, 12.07
0.50, 7, white car, 985.47, 519.88, 1010.67, 531.07, 998.07, 525.48, 985.47, 525.48, 1010.67, 525.48, 25.21, 11.19
0.53, 25, white car, 1323.08, 530.85, 1351.34, 543.04, 1337.21, 536.94, 1323.08, 536.94, 1351.34, 536.94, 28.26, 12.19
0.53, 7, white car, 982.38, 519.81, 1007.14, 530.79, 994.76, 525.30, 982.38, 525.30, 1007.14, 525.30, 24.76, 10.98
0.57, 25, white car, 1320.01, 530.65, 1348.20, 542.81, 1334.11, 536.73, 1320.01, 536.73, 1348.20, 536.73, 28.19, 12.16
0.57, 7, white car, 978.55, 519.67, 1003.49, 530.71, 991.02, 525.19, 978.55, 525.19, 1003.49, 525.19, 24.94, 11.03
0.60, 25, white car, 1316.93, 530.65, 1344.83, 542.68, 1330.88, 536.66, 1316.93, 536.66, 1344.83, 536.66, 27.90, 12.04
0.63, 25, white car, 1313.61, 530.40, 1341.84, 542.60, 1327.72, 536.50, 1313.61, 536.50, 1341.84, 536.50, 28.23, 12.20
0.63, 7, white car, 971.84, 519.52, 996.30, 530.31, 984.07, 524.91, 971.84, 524.91, 996.30, 524.91, 24.47, 10.79
0.67, 25, white car, 1310.44, 530.41, 1338.13, 542.41, 1324.28, 536.41, 1310.44, 536.41, 1338.13, 536.41, 27.69, 11.99
0.67, 7, white car, 968.83, 519.41, 993.15, 530.10, 980.99, 524.75, 968.83, 524.75, 993.15, 524.75, 24.32, 10.69
0.70, 25, white car, 1307.21, 530.33, 1334.73, 542.26, 1320.97, 536.29, 1307.21, 536.29, 1334.73, 536.29, 27.52, 11.93
0.70, 7, white car, 965.21, 519.26, 989.80, 530.07, 977.50, 524.67, 965.21, 524.67, 989.80, 524.67, 24.59, 10.81
0.73, 25, white car, 1304.02, 530.24, 1331.54, 542.18, 1317.78, 536.21, 1304.02, 536.21, 1331.54, 536.21, 27.52, 11.94
0.73, 7, white car, 962.10, 519.12, 986.33, 529.75, 974.22, 524.44, 962.10, 524.44, 986.33, 524.44, 24.22, 10.63
0.77, 25, white car, 1301.21, 530.23, 1328.43, 542.04, 1314.82, 536.13, 1301.21, 536.13, 1328.43, 536.13, 27.22, 11.81
0.77, 7, white car, 958.13, 519.07, 982.71, 529.86, 970.42, 524.46, 958.13, 524.46, 982.71, 524.46, 24.58, 10.79
0.80, 25, white car, 1298.28, 530.04, 1325.37, 541.76, 1311.83, 535.90, 1298.28, 535.90, 1325.37, 535.90, 27.09, 11.72
0.80, 7, white car, 954.61, 518.83, 979.31, 529.66, 966.96, 524.24, 954.61, 524.24, 979.31, 524.24, 24.69, 10.83
0.83, 25, white car, 1295.03, 530.01, 1322.20, 541.76, 1308.61, 535.89, 1295.03, 535.89, 1322.20, 535.89, 27.17, 11.74
0.83, 7, white car, 951.06, 518.60, 976.17, 529.57, 963.62, 524.09, 951.06, 524.09, 976.17, 524.09, 25.10, 10.97
0.87, 25, white car, 1291.67, 529.95, 1318.85, 541.70, 1305.26, 535.82, 1291.67, 535.82, 1318.85, 535.82, 27.18, 11.75
0.87, 7, white car, 947.82, 518.20, 973.40, 529.39, 960.61, 523.79, 947.82, 523.79, 973.40, 523.79, 25.58, 11.19
0.90, 25, white car, 1288.68, 529.87, 1316.13, 541.74, 1302.40, 535.81, 1288.68, 535.81, 1316.13, 535.81, 27.45, 11.87
0.90, 7, white car, 944.40, 518.26, 969.74, 529.36, 957.07, 523.81, 944.40, 523.81, 969.74, 523.81, 25.34, 11.10
0.93, 25, white car, 1285.53, 529.70, 1312.99, 541.57, 1299.26, 535.63, 1285.53, 535.63, 1312.99, 535.63, 27.46, 11.86
0.93, 7, white car, 941.17, 518.24, 966.27, 529.22, 953.72, 523.73, 941.17, 523.73, 966.27, 523.73, 25.10, 10.97
0.97, 25, white car, 1282.57, 529.58, 1309.94, 541.38, 1296.26, 535.48, 1282.57, 535.48, 1309.94, 535.48, 27.37, 11.80
0.97, 7, white car, 937.67, 517.92, 962.96, 528.97, 950.31, 523.44, 937.67, 523.44, 962.96, 523.44, 25.29, 11.05
1.00, 25, white car, 1279.26, 529.48, 1307.03, 541.42, 1293.15, 535.45, 1279.26, 535.45, 1307.03, 535.45, 27.77, 11.94
1.00, 7, white car, 934.05, 517.78, 959.50, 528.92, 946.77, 523.35, 934.05, 523.35, 959.50, 523.35, 25.45, 11.14
1.03, 25, white car, 1275.85, 529.28, 1304.08, 541.42, 1289.97, 535.35, 1275.85, 535.35, 1304.08, 535.35, 28.24, 12.14
1.03, 7, white car, 930.45, 517.68, 956.00, 528.84, 943.22, 523.26, 930.45, 523.26, 956.00, 523.26, 25.55, 11.16
1.07, 25, white car, 1272.97, 529.27, 1300.64, 541.17, 1286.81, 535.22, 1272.97, 535.22, 1300.64, 535.22, 27.67, 11.90
1.07, 7, white car, 926.81, 517.32, 952.69, 528.63, 939.75, 522.98, 926.81, 522.98, 952.69, 522.98, 25.88, 11.31
1.10, 25, white car, 1269.53, 529.14, 1297.50, 541.17, 1283.52, 535.16, 1269.53, 535.16, 1297.50, 535.16, 27.97, 12.03
1.10, 7, white car, 923.27, 516.95, 949.47, 528.44, 936.37, 522.70, 923.27, 522.70, 949.47, 522.70, 26.20, 11.50
1.13, 25, white car, 1266.32, 529.13, 1294.35, 541.18, 1280.34, 535.16, 1266.32, 535.16, 1294.35, 535.16, 28.02, 12.05
1.13, 7, white car, 920.34, 516.90, 946.00, 528.20, 933.17, 522.55, 920.34, 522.55, 946.00, 522.55, 25.67, 11.30
1.17, 25, white car, 1262.86, 528.94, 1291.21, 541.13, 1277.03, 535.04, 1262.86, 535.04, 1291.21, 535.04, 28.35, 12.19
1.17, 7, white car, 916.62, 516.60, 942.80, 528.20, 929.71, 522.40, 916.62, 522.40, 942.80, 522.40, 26.19, 11.60
1.20, 25, white car, 1259.46, 528.98, 1287.45, 541.06, 1273.46, 535.02, 1259.46, 535.02, 1287.45, 535.02, 27.99, 12.07
1.20, 7, white car, 913.48, 516.69, 939.28, 528.18, 926.38, 522.44, 913.48, 522.44, 939.28, 522.44, 25.81, 11.49
1.23, 25, white car, 1256.45, 528.97, 1284.20, 540.95, 1270.33, 534.96, 1256.45, 534.96, 1284.20, 534.96, 27.75, 11.98
1.23, 7, white car, 909.92, 516.38, 935.69, 527.88, 922.81, 522.13, 909.92, 522.13, 935.69, 522.13, 25.77, 11.50
1.27, 25, white car, 1253.50, 529.00, 1281.06, 540.92, 1267.28, 534.96, 1253.50, 534.96, 1281.06, 534.96, 27.57, 11.92
1.27, 7, white car, 906.87, 516.33, 932.29, 527.68, 919.58, 522.00, 906.87, 522.00, 932.29, 522.00, 25.42, 11.36
1.30, 25, white car, 1250.33, 528.87, 1278.03, 540.86, 1264.18, 534.86, 1250.33, 534.86, 1278.03, 534.86, 27.70, 11.99
1.30, 7, white car, 903.34, 516.07, 928.80, 527.47, 916.07, 521.77, 903.34, 521.77, 928.80, 521.77, 25.46, 11.40
1.33, 25, white car, 1247.02, 528.76, 1274.76, 540.79, 1260.89, 534.78, 1247.02, 534.78, 1274.76, 534.78, 27.74, 12.03
1.33, 7, white car, 900.24, 516.05, 925.61, 527.43, 912.92, 521.74, 900.24, 521.74, 925.61, 521.74, 25.37, 11.38
1.37, 25, white car, 1244.09, 528.92, 1271.25, 540.70, 1257.67, 534.81, 1244.09, 534.81, 1271.25, 534.81, 27.16, 11.78
1.37, 7, white car, 896.56, 515.76, 921.95, 527.17, 909.26, 521.46, 896.56, 521.46, 921.95, 521.46, 25.39, 11.41
1.40, 25, white car, 1241.22, 528.84, 1268.34, 540.60, 1254.78, 534.72, 1241.22, 534.72, 1268.34, 534.72, 27.11, 11.76
1.40, 7, white car, 893.37, 515.60, 918.41, 526.88, 905.89, 521.24, 893.37, 521.24, 918.41, 521.24, 25.05, 11.28
1.43, 25, white car, 1238.20, 528.93, 1264.86, 540.46, 1251.53, 534.70, 1238.20, 534.70, 1264.86, 534.70, 26.66, 11.54
1.43, 7, white car, 889.73, 515.46, 914.69, 526.71, 902.21, 521.08, 889.73, 521.08, 914.69, 521.08, 24.96, 11.25
1.47, 25, white car, 1234.73, 528.55, 1261.59, 540.17, 1248.16, 534.36, 1234.73, 534.36, 1261.59, 534.36, 26.86, 11.62
1.47, 7, white car, 886.45, 515.26, 911.67, 526.62, 899.06, 520.94, 886.45, 520.94, 911.67, 520.94, 25.22, 11.37
1.50, 25, white car, 1231.79, 528.59, 1258.42, 540.09, 1245.10, 534.34, 1231.79, 534.34, 1258.42, 534.34, 26.63, 11.49
1.50, 7, white car, 883.11, 515.11, 908.31, 526.46, 895.71, 520.78, 883.11, 520.78, 908.31, 520.78, 25.19, 11.35
1.53, 25, white car, 1228.37, 528.56, 1255.00, 540.02, 1241.69, 534.29, 1228.37, 534.29, 1255.00, 534.29, 26.63, 11.46
1.53, 7, white car, 879.69, 514.97, 904.62, 526.21, 892.15, 520.59, 879.69, 520.59, 904.62, 520.59, 24.93, 11.24
1.57, 25, white car, 1225.36, 528.64, 1251.73, 539.96, 1238.54, 534.30, 1225.36, 534.30, 1251.73, 534.30, 26.37, 11.32
1.57, 7, white car, 876.61, 514.90, 901.37, 526.09, 888.99, 520.50, 876.61, 520.50, 901.37, 520.50, 24.76, 11.19
1.60, 25, white car, 1221.99, 528.42, 1248.51, 539.79, 1235.25, 534.10, 1221.99, 534.10, 1248.51, 534.10, 26.52, 11.36
1.60, 7, white car, 873.46, 514.88, 898.01, 525.97, 885.74, 520.43, 873.46, 520.43, 898.01, 520.43, 24.55, 11.09
1.63, 25, white car, 1218.98, 528.27, 1245.43, 539.59, 1232.21, 533.93, 1218.98, 533.93, 1245.43, 533.93, 26.44, 11.33
1.63, 7, white car, 870.28, 514.61, 894.78, 525.65, 882.53, 520.13, 870.28, 520.13, 894.78, 520.13, 24.50, 11.04
1.67, 25, white car, 1215.78, 528.45, 1242.33, 539.79, 1229.05, 534.12, 1215.78, 534.12, 1242.33, 534.12, 26.55, 11.34
1.67, 7, white car, 866.82, 514.30, 891.29, 525.33, 879.06, 519.81, 866.82, 519.81, 891.29, 519.81, 24.47, 11.03
1.70, 25, white car, 1212.51, 528.31, 1239.23, 539.72, 1225.87, 534.02, 1212.51, 534.02, 1239.23, 534.02, 26.72, 11.41
1.70, 7, white car, 863.34, 514.13, 888.07, 525.29, 875.71, 519.71, 863.34, 519.71, 888.07, 519.71, 24.72, 11.16
1.73, 25, white car, 1209.07, 528.06, 1236.10, 539.61, 1222.59, 533.84, 1209.07, 533.84, 1236.10, 533.84, 27.04, 11.54
1.73, 7, white car, 860.08, 513.74, 885.02, 525.01, 872.55, 519.37, 860.08, 519.37, 885.02, 519.37, 24.94, 11.26
1.77, 25, white car, 1205.68, 527.81, 1232.85, 539.42, 1219.26, 533.61, 1205.68, 533.61, 1232.85, 533.61, 27.17, 11.60
1.77, 7, white car, 856.41, 513.31, 881.77, 524.75, 869.09, 519.03, 856.41, 519.03, 881.77, 519.03, 25.36, 11.44
1.80, 25, white car, 1202.78, 527.90, 1229.19, 539.18, 1215.98, 533.54, 1202.78, 533.54, 1229.19, 533.54, 26.41, 11.27
1.80, 7, white car, 853.34, 513.16, 878.45, 524.49, 865.90, 518.83, 853.34, 518.83, 878.45, 518.83, 25.11, 11.33
1.83, 25, white car, 1199.96, 527.92, 1226.20, 539.11, 1213.08, 533.52, 1199.96, 533.52, 1226.20, 533.52, 26.25, 11.19
1.83, 7, white car, 850.05, 513.15, 874.78, 524.31, 862.41, 518.73, 850.05, 518.73, 874.78, 518.73, 24.73, 11.16
1.87, 25, white car, 1196.74, 527.74, 1223.33, 539.07, 1210.04, 533.40, 1196.74, 533.40, 1223.33, 533.40, 26.59, 11.33
1.87, 7, white car, 846.67, 512.95, 871.18, 524.01, 858.92, 518.48, 846.67, 518.48, 871.18, 518.48, 24.51, 11.06
1.90, 25, white car, 1192.98, 527.54, 1220.05, 539.07, 1206.51, 533.31, 1192.98, 533.31, 1220.05, 533.31, 27.07, 11.54
1.90, 7, white car, 843.29, 512.80, 867.88, 523.89, 855.59, 518.35, 843.29, 518.35, 867.88, 518.35, 24.59, 11.09
1.93, 25, white car, 1189.81, 527.41, 1216.68, 538.90, 1203.25, 533.16, 1189.81, 533.16, 1216.68, 533.16, 26.87, 11.48
1.93, 7, white car, 840.51, 512.69, 864.64, 523.55, 852.58, 518.12, 840.51, 518.12, 864.64, 518.12, 24.13, 10.85
1.97, 25, white car, 1186.24, 527.44, 1213.18, 538.97, 1199.71, 533.20, 1186.24, 533.20, 1213.18, 533.20, 26.94, 11.52
1.97, 7, white car, 836.78, 512.43, 861.53, 523.56, 849.15, 518.00, 836.78, 518.00, 861.53, 518.00, 24.75, 11.13
2.00, 25, white car, 1183.33, 527.23, 1210.48, 538.88, 1196.90, 533.05, 1183.33, 533.05, 1210.48, 533.05, 27.15, 11.65
2.00, 7, white car, 833.40, 512.11, 858.04, 523.14, 845.72, 517.62, 833.40, 517.62, 858.04, 517.62, 24.64, 11.03
2.03, 25, white car, 1179.67, 526.87, 1207.18, 538.69, 1193.43, 532.78, 1179.67, 532.78, 1207.18, 532.78, 27.51, 11.82
2.03, 7, white car, 830.38, 511.91, 854.88, 522.85, 842.63, 517.38, 830.38, 517.38, 854.88, 517.38, 24.50, 10.94
2.07, 25, white car, 1176.12, 526.70, 1204.03, 538.71, 1190.07, 532.71, 1176.12, 532.71, 1204.03, 532.71, 27.91, 12.02
2.07, 7, white car, 826.61, 511.81, 851.32, 522.81, 838.96, 517.31, 826.61, 517.31, 851.32, 517.31, 24.71, 11.01
2.10, 25, white car, 1172.93, 526.78, 1200.73, 538.78, 1186.83, 532.78, 1172.93, 532.78, 1200.73, 532.78, 27.80, 12.00
2.10, 7, white car, 822.99, 511.51, 848.22, 522.76, 835.61, 517.13, 822.99, 517.13, 848.22, 517.13, 25.23, 11.25
2.13, 25, white car, 1169.81, 526.85, 1197.42, 538.79, 1183.62, 532.82, 1169.81, 532.82, 1197.42, 532.82, 27.61, 11.94
2.13, 7, white car, 819.64, 511.33, 844.69, 522.49, 832.16, 516.91, 819.64, 516.91, 844.69, 516.91, 25.05, 11.16
2.17, 25, white car, 1166.56, 526.88, 1193.47, 538.54, 1180.01, 532.71, 1166.56, 532.71, 1193.47, 532.71, 26.91, 11.66
2.17, 7, white car, 816.60, 511.02, 841.81, 522.27, 829.21, 516.65, 816.60, 516.65, 841.81, 516.65, 25.21, 11.25
2.20, 25, white car, 1163.85, 526.80, 1190.27, 538.26, 1177.06, 532.53, 1163.85, 532.53, 1190.27, 532.53, 26.41, 11.46
2.20, 7, white car, 813.32, 511.09, 837.97, 522.05, 825.64, 516.57, 813.32, 516.57, 837.97, 516.57, 24.66, 10.96
2.23, 25, white car, 1160.84, 526.74, 1187.03, 538.11, 1173.94, 532.43, 1160.84, 532.43, 1187.03, 532.43, 26.19, 11.37
2.23, 7, white car, 810.10, 510.93, 834.82, 521.91, 822.46, 516.42, 810.10, 516.42, 834.82, 516.42, 24.73, 10.98
2.27, 25, white car, 1157.67, 526.76, 1183.77, 538.07, 1170.72, 532.42, 1157.67, 532.42, 1183.77, 532.42, 26.10, 11.30
2.27, 7, white car, 807.00, 510.70, 831.60, 521.60, 819.30, 516.15, 807.00, 516.15, 831.60, 516.15, 24.61, 10.90
2.30, 25, white car, 1154.69, 526.73, 1180.55, 537.88, 1167.62, 532.31, 1154.69, 532.31, 1180.55, 532.31, 25.86, 11.15
2.30, 7, white car, 803.91, 510.18, 828.78, 521.18, 816.35, 515.68, 803.91, 515.68, 828.78, 515.68, 24.87, 11.00
2.33, 25, white car, 1151.41, 526.71, 1177.36, 537.86, 1164.39, 532.28, 1151.41, 532.28, 1177.36, 532.28, 25.95, 11.15
2.33, 7, white car, 800.57, 510.05, 825.43, 521.02, 813.00, 515.53, 800.57, 515.53, 825.43, 515.53, 24.86, 10.97
2.37, 25, white car, 1148.27, 526.61, 1174.16, 537.71, 1161.22, 532.16, 1148.27, 532.16, 1174.16, 532.16, 25.89, 11.10
2.37, 7, white car, 797.07, 509.87, 821.83, 520.75, 809.45, 515.31, 797.07, 515.31, 821.83, 515.31, 24.76, 10.89
2.40, 25, white car, 1145.20, 526.71, 1170.74, 537.62, 1157.97, 532.16, 1145.20, 532.16, 1170.74, 532.16, 25.55, 10.90
2.40, 7, white car, 794.07, 509.68, 818.54, 520.41, 806.30, 515.04, 794.07, 515.04, 818.54, 515.04, 24.47, 10.73
2.43, 25, white car, 1141.83, 526.66, 1167.47, 537.55, 1154.65, 532.10, 1141.83, 532.10, 1167.47, 532.10, 25.65, 10.89
2.43, 7, white car, 790.63, 509.28, 815.30, 520.09, 802.97, 514.69, 790.63, 514.69, 815.30, 514.69, 24.67, 10.80
2.47, 25, white car, 1138.31, 526.59, 1164.32, 537.60, 1151.31, 532.09, 1138.31, 532.09, 1164.32, 532.09, 26.02, 11.01
2.47, 7, white car, 787.32, 508.90, 812.12, 519.76, 799.72, 514.33, 787.32, 514.33, 812.12, 514.33, 24.81, 10.86
2.50, 25, white car, 1135.13, 526.47, 1161.61, 537.67, 1148.37, 532.07, 1135.13, 532.07, 1161.61, 532.07, 26.48, 11.20
2.50, 7, white car, 783.54, 508.62, 808.89, 519.70, 796.22, 514.16, 783.54, 514.16, 808.89, 514.16, 25.35, 11.09
2.53, 25, white car, 1131.94, 526.21, 1158.57, 537.50, 1145.26, 531.85, 1131.94, 531.85, 1158.57, 531.85, 26.63, 11.29
2.53, 7, white car, 780.09, 508.17, 806.06, 519.57, 793.07, 513.87, 780.09, 513.87, 806.06, 513.87, 25.97, 11.40
2.57, 25, white car, 1128.86, 526.04, 1155.32, 537.28, 1142.09, 531.66, 1128.86, 531.66, 1155.32, 531.66, 26.46, 11.24
2.57, 7, white car, 776.46, 507.84, 802.72, 519.40, 789.59, 513.62, 776.46, 513.62, 802.72, 513.62, 26.26, 11.56
2.60, 25, white car, 1125.58, 525.88, 1151.57, 536.94, 1138.57, 531.41, 1125.58, 531.41, 1151.57, 531.41, 25.99, 11.06
2.60, 7, white car, 773.13, 507.53, 799.89, 519.37, 786.51, 513.45, 773.13, 513.45, 799.89, 513.45, 26.75, 11.84
2.63, 25, white car, 1122.21, 525.71, 1148.34, 536.82, 1135.28, 531.27, 1122.21, 531.27, 1148.34, 531.27, 26.13, 11.11
2.67, 25, white car, 1119.10, 525.40, 1144.95, 536.39, 1132.02, 530.90, 1119.10, 530.90, 1144.95, 530.90, 25.85, 11.00
2.70, 25, white car, 1115.70, 525.21, 1141.62, 536.24, 1128.66, 530.72, 1115.70, 530.72, 1141.62, 530.72, 25.93, 11.02
2.73, 25, white car, 1112.58, 525.14, 1138.32, 536.05, 1125.45, 530.60, 1112.58, 530.60, 1138.32, 530.60, 25.75, 10.92
2.77, 25, white car, 1109.23, 525.03, 1135.03, 535.94, 1122.13, 530.49, 1109.23, 530.49, 1135.03, 530.49, 25.80, 10.91
2.80, 25, white car, 1105.93, 524.91, 1131.94, 535.90, 1118.94, 530.40, 1105.93, 530.40, 1131.94, 530.40, 26.01, 11.00
2.83, 25, white car, 1103.05, 524.86, 1128.54, 535.61, 1115.80, 530.23, 1103.05, 530.23, 1128.54, 530.23, 25.49, 10.74
2.87, 25, white car, 1099.69, 524.84, 1125.14, 535.53, 1112.41, 530.18, 1099.69, 530.18, 1125.14, 530.18, 25.45, 10.69
2.90, 25, white car, 1096.26, 524.72, 1122.09, 535.53, 1109.17, 530.13, 1096.26, 530.13, 1122.09, 530.13, 25.83, 10.81
2.93, 25, white car, 1092.40, 524.62, 1118.72, 535.64, 1105.56, 530.13, 1092.40, 530.13, 1118.72, 530.13, 26.33, 11.02
2.97, 25, white car, 1089.59, 524.50, 1115.98, 535.56, 1102.78, 530.03, 1089.59, 530.03, 1115.98, 530.03, 26.39, 11.05
3.00, 25, white car, 1086.18, 524.36, 1112.83, 535.55, 1099.50, 529.95, 1086.18, 529.95, 1112.83, 529.95, 26.66, 11.19
3.03, 25, white car, 1082.95, 524.33, 1109.33, 535.39, 1096.14, 529.86, 1082.95, 529.86, 1109.33, 529.86, 26.39, 11.06
3.03, 7, white car, 731.38, 504.24, 757.14, 515.72, 744.26, 509.98, 731.38, 509.98, 757.14, 509.98, 25.75, 11.48
3.07, 25, white car, 1079.61, 524.18, 1106.12, 535.30, 1092.86, 529.74, 1079.61, 529.74, 1106.12, 529.74, 26.51, 11.12
3.07, 7, white car, 728.23, 503.95, 753.80, 515.34, 741.01, 509.64, 728.23, 509.64, 753.80, 509.64, 25.57, 11.39
3.10, 25, white car, 1076.76, 523.94, 1102.84, 534.87, 1089.80, 529.41, 1076.76, 529.41, 1102.84, 529.41, 26.08, 10.92
3.10, 7, white car, 725.16, 503.72, 750.83, 515.16, 737.99, 509.44, 725.16, 509.44, 750.83, 509.44, 25.67, 11.44
3.13, 25, white car, 1073.38, 523.79, 1099.44, 534.69, 1086.41, 529.24, 1073.38, 529.24, 1099.44, 529.24, 26.06, 10.90
3.13, 7, white car, 722.18, 503.29, 747.87, 514.71, 735.02, 509.00, 722.18, 509.00, 747.87, 509.00, 25.70, 11.41
3.17, 25, white car, 1070.32, 523.73, 1096.14, 534.53, 1083.23, 529.13, 1070.32, 529.13, 1096.14, 529.13, 25.82, 10.79
3.17, 7, white car, 719.05, 503.02, 744.59, 514.38, 731.82, 508.70, 719.05, 508.70, 744.59, 508.70, 25.54, 11.36
3.20, 25, white car, 1066.96, 523.52, 1092.54, 534.17, 1079.75, 528.84, 1066.96, 528.84, 1092.54, 528.84, 25.58, 10.65
3.20, 7, white car, 716.09, 502.72, 741.27, 513.93, 728.68, 508.32, 716.09, 508.32, 741.27, 508.32, 25.18, 11.21
3.23, 25, white car, 1063.78, 523.36, 1089.70, 534.13, 1076.74, 528.74, 1063.78, 528.74, 1089.70, 528.74, 25.92, 10.77
3.23, 7, white car, 712.21, 502.20, 737.87, 513.60, 725.04, 507.90, 712.21, 507.90, 737.87, 507.90, 25.66, 11.40
3.27, 25, white car, 1060.75, 523.25, 1086.43, 533.87, 1073.59, 528.56, 1060.75, 528.56, 1086.43, 528.56, 25.69, 10.62
3.27, 7, white car, 709.18, 501.87, 734.68, 513.17, 721.93, 507.52, 709.18, 507.52, 734.68, 507.52, 25.50, 11.30
3.30, 25, white car, 1057.51, 523.16, 1083.36, 533.82, 1070.43, 528.49, 1057.51, 528.49, 1083.36, 528.49, 25.85, 10.66
3.30, 7, white car, 705.77, 501.55, 731.29, 512.82, 718.53, 507.18, 705.77, 507.18, 731.29, 507.18, 25.52, 11.28
3.33, 25, white car, 1053.90, 523.01, 1079.72, 533.64, 1066.81, 528.32, 1053.90, 528.32, 1079.72, 528.32, 25.82, 10.63
3.33, 7, white car, 703.02, 501.34, 728.31, 512.50, 715.66, 506.92, 703.02, 506.92, 728.31, 506.92, 25.29, 11.16
3.33, 18, black car, 1370.99, 532.26, 1400.42, 545.01, 1385.71, 538.63, 1370.99, 538.63, 1400.42, 538.63, 29.43, 12.75
3.37, 25, white car, 1050.44, 522.83, 1076.80, 533.69, 1063.62, 528.26, 1050.44, 528.26, 1076.80, 528.26, 26.36, 10.86
3.37, 7, white car, 699.06, 500.92, 724.91, 512.32, 711.98, 506.62, 699.06, 506.62, 724.91, 506.62, 25.85, 11.41
3.40, 25, white car, 1046.88, 522.71, 1073.48, 533.67, 1060.18, 528.19, 1046.88, 528.19, 1073.48, 528.19, 26.60, 10.96
3.40, 7, white car, 696.10, 500.63, 721.78, 511.97, 708.94, 506.30, 696.10, 506.30, 721.78, 506.30, 25.69, 11.35
3.43, 25, white car, 1043.63, 522.61, 1070.43, 533.67, 1057.03, 528.14, 1043.63, 528.14, 1070.43, 528.14, 26.80, 11.06
3.43, 7, white car, 693.14, 500.60, 718.66, 511.87, 705.90, 506.24, 693.14, 506.24, 718.66, 506.24, 25.52, 11.27
3.47, 25, white car, 1039.98, 522.38, 1066.91, 533.50, 1053.44, 527.94, 1039.98, 527.94, 1066.91, 527.94, 26.92, 11.12
3.47, 7, white car, 689.71, 499.97, 715.83, 511.53, 702.77, 505.75, 689.71, 505.75, 715.83, 505.75, 26.12, 11.56
3.50, 25, white car, 1036.39, 522.21, 1063.57, 533.46, 1049.98, 527.83, 1036.39, 527.83, 1063.57, 527.83, 27.18, 11.25
3.50, 7, white car, 686.61, 499.49, 712.66, 511.03, 699.63, 505.26, 686.61, 505.26, 712.66, 505.26, 26.06, 11.54
3.53, 25, white car, 1033.20, 522.08, 1060.60, 533.46, 1046.90, 527.77, 1033.20, 527.77, 1060.60, 527.77, 27.41, 11.38
3.53, 7, white car, 683.54, 499.22, 709.57, 510.78, 696.55, 505.00, 683.54, 505.00, 709.57, 505.00, 26.03, 11.56
3.57, 7, white car, 680.45, 499.02, 706.15, 510.46, 693.30, 504.74, 680.45, 504.74, 706.15, 504.74, 25.70, 11.43
3.60, 7, white car, 677.02, 498.61, 702.67, 510.04, 689.84, 504.32, 677.02, 504.32, 702.67, 504.32, 25.64, 11.43
3.60, 25, white car, 1027.38, 521.73, 1054.40, 532.99, 1040.89, 527.36, 1027.38, 527.36, 1054.40, 527.36, 27.02, 11.26
3.63, 7, white car, 674.34, 498.30, 700.15, 509.82, 687.25, 504.06, 674.34, 504.06, 700.15, 504.06, 25.82, 11.52
3.63, 25, white car, 1024.07, 521.58, 1050.95, 532.80, 1037.51, 527.19, 1024.07, 527.19, 1050.95, 527.19, 26.88, 11.22
3.67, 7, white car, 671.24, 498.02, 696.81, 509.41, 684.02, 503.72, 671.24, 503.72, 696.81, 503.72, 25.57, 11.39
3.67, 25, white car, 1020.90, 521.60, 1047.44, 532.66, 1034.17, 527.13, 1020.90, 527.13, 1047.44, 527.13, 26.55, 11.07
3.70, 7, white car, 667.72, 497.85, 693.31, 509.26, 680.52, 503.55, 667.72, 503.55, 693.31, 503.55, 25.59, 11.41
3.70, 25, white car, 1017.73, 521.45, 1044.12, 532.45, 1030.93, 526.95, 1017.73, 526.95, 1044.12, 526.95, 26.39, 10.99
3.73, 7, white car, 664.61, 497.53, 689.92, 508.79, 677.27, 503.16, 664.61, 503.16, 689.92, 503.16, 25.31, 11.26
3.73, 25, white car, 1014.33, 521.36, 1040.37, 532.21, 1027.35, 526.78, 1014.33, 526.78, 1040.37, 526.78, 26.04, 10.85
3.77, 7, white car, 661.70, 497.12, 687.02, 508.39, 674.36, 502.76, 661.70, 502.76, 687.02, 502.76, 25.32, 11.27
3.77, 25, white car, 1010.66, 521.35, 1037.15, 532.39, 1023.91, 526.87, 1010.66, 526.87, 1037.15, 526.87, 26.49, 11.04
3.80, 7, white car, 658.64, 496.86, 684.03, 508.15, 671.33, 502.51, 658.64, 502.51, 684.03, 502.51, 25.40, 11.29
3.80, 25, white car, 1007.14, 521.09, 1034.17, 532.38, 1020.66, 526.74, 1007.14, 526.74, 1034.17, 526.74, 27.03, 11.29
3.80, 18, black car, 1331.67, 531.02, 1362.05, 544.05, 1346.86, 537.54, 1331.67, 537.54, 1362.05, 537.54, 30.38, 13.04
3.83, 7, white car, 655.25, 496.74, 680.77, 508.10, 668.01, 502.42, 655.25, 502.42, 680.77, 502.42, 25.52, 11.36
3.83, 18, black car, 1328.50, 530.84, 1359.18, 544.01, 1343.84, 537.43, 1328.50, 537.43, 1359.18, 537.43, 30.67, 13.17
3.87, 7, white car, 652.23, 496.45, 677.66, 507.79, 664.94, 502.12, 652.23, 502.12, 677.66, 502.12, 25.43, 11.35
3.87, 18, black car, 1325.67, 530.72, 1356.74, 544.07, 1341.21, 537.40, 1325.67, 537.40, 1356.74, 537.40, 31.07, 13.34
3.87, 25, white car, 1000.90, 520.65, 1027.95, 531.99, 1014.42, 526.32, 1000.90, 526.32, 1027.95, 526.32, 27.05, 11.34
3.90, 7, white car, 648.86, 495.94, 674.45, 507.36, 661.66, 501.65, 648.86, 501.65, 674.45, 501.65, 25.59, 11.43
3.90, 18, black car, 1322.80, 530.65, 1354.08, 544.10, 1338.44, 537.38, 1322.80, 537.38, 1354.08, 537.38, 31.28, 13.45
3.90, 25, white car, 997.08, 520.38, 1024.23, 531.82, 1010.65, 526.10, 997.08, 526.10, 1024.23, 526.10, 27.15, 11.44
3.93, 7, white car, 645.80, 495.51, 671.53, 507.01, 658.66, 501.26, 645.80, 501.26, 671.53, 501.26, 25.73, 11.51
3.93, 18, black car, 1320.01, 530.50, 1351.35, 543.97, 1335.68, 537.23, 1320.01, 537.23, 1351.35, 537.23, 31.34, 13.47
3.93, 25, white car, 993.56, 520.11, 1020.94, 531.69, 1007.25, 525.90, 993.56, 525.90, 1020.94, 525.90, 27.38, 11.58
3.97, 7, white car, 642.44, 494.97, 668.25, 506.50, 655.35, 500.73, 642.44, 500.73, 668.25, 500.73, 25.81, 11.53
3.97, 18, black car, 1317.17, 530.39, 1348.25, 543.73, 1332.71, 537.06, 1317.17, 537.06, 1348.25, 537.06, 31.08, 13.34
3.97, 25, white car, 990.32, 519.81, 1017.77, 531.44, 1004.05, 525.62, 990.32, 525.62, 1017.77, 525.62, 27.45, 11.63
4.00, 7, white car, 639.45, 494.68, 664.88, 506.08, 652.16, 500.38, 639.45, 500.38, 664.88, 500.38, 25.43, 11.40
4.00, 25, white car, 987.41, 519.74, 1014.65, 531.28, 1001.03, 525.51, 987.41, 525.51, 1014.65, 525.51, 27.25, 11.54
4.03, 7, white car, 636.23, 494.50, 661.27, 505.70, 648.75, 500.10, 636.23, 500.10, 661.27, 500.10, 25.04, 11.20
4.03, 25, white car, 983.99, 519.72, 1010.57, 531.01, 997.28, 525.37, 983.99, 525.37, 1010.57, 525.37, 26.57, 11.29
4.07, 7, white car, 633.70, 494.18, 658.53, 505.25, 646.11, 499.72, 633.70, 499.72, 658.53, 499.72, 24.82, 11.06
4.07, 25, white car, 980.17, 519.66, 1007.21, 531.14, 993.69, 525.40, 980.17, 525.40, 1007.21, 525.40, 27.04, 11.48
4.10, 7, white car, 630.58, 493.94, 655.47, 504.98, 643.03, 499.46, 630.58, 499.46, 655.47, 499.46, 24.89, 11.04
4.10, 25, white car, 977.21, 519.47, 1004.15, 530.87, 990.68, 525.17, 977.21, 525.17, 1004.15, 525.17, 26.94, 11.41
4.13, 7, white car, 627.70, 493.63, 652.44, 504.57, 640.07, 499.10, 627.70, 499.10, 652.44, 499.10, 24.74, 10.94
4.17, 7, white car, 624.59, 493.41, 649.01, 504.18, 636.80, 498.79, 624.59, 498.79, 649.01, 498.79, 24.42, 10.77
4.17, 25, white car, 971.21, 519.42, 997.42, 530.50, 984.31, 524.96, 971.21, 524.96, 997.42, 524.96, 26.21, 11.08
4.20, 7, white car, 621.15, 493.11, 645.58, 503.86, 633.37, 498.49, 621.15, 498.49, 645.58, 498.49, 24.43, 10.75
4.20, 25, white car, 967.79, 519.34, 993.75, 530.29, 980.77, 524.82, 967.79, 524.82, 993.75, 524.82, 25.96, 10.95
4.23, 7, white car, 617.99, 492.84, 642.62, 503.68, 630.31, 498.26, 617.99, 498.26, 642.62, 498.26, 24.63, 10.84
4.23, 25, white car, 964.90, 519.15, 990.92, 530.13, 977.91, 524.64, 964.90, 524.64, 990.92, 524.64, 26.02, 10.97
4.27, 7, white car, 614.63, 492.59, 639.63, 503.59, 627.13, 498.09, 614.63, 498.09, 639.63, 498.09, 25.00, 10.99
4.27, 25, white car, 961.53, 519.03, 987.51, 529.96, 974.52, 524.49, 961.53, 524.49, 987.51, 524.49, 25.97, 10.93
4.30, 7, white car, 611.35, 492.34, 636.37, 503.34, 623.86, 497.84, 611.35, 497.84, 636.37, 497.84, 25.02, 10.99
4.30, 25, white car, 958.24, 519.01, 984.03, 529.84, 971.13, 524.42, 958.24, 524.42, 984.03, 524.42, 25.79, 10.83
4.33, 25, white car, 954.65, 518.77, 980.90, 529.77, 967.78, 524.27, 954.65, 524.27, 980.90, 524.27, 26.25, 11.01
4.37, 25, white car, 951.02, 518.46, 977.62, 529.59, 964.32, 524.02, 951.02, 524.02, 977.62, 524.02, 26.60, 11.12
4.37, 7, white car, 605.18, 491.48, 630.21, 502.45, 617.69, 496.97, 605.18, 496.97, 630.21, 496.97, 25.03, 10.97
4.40, 25, white car, 947.89, 518.16, 974.82, 529.42, 961.35, 523.79, 947.89, 523.79, 974.82, 523.79, 26.93, 11.26
4.40, 7, white car, 602.31, 491.15, 627.34, 502.07, 614.82, 496.61, 602.31, 496.61, 627.34, 496.61, 25.04, 10.92
4.43, 25, white car, 944.79, 518.22, 971.18, 529.26, 957.98, 523.74, 944.79, 523.74, 971.18, 523.74, 26.39, 11.04
4.43, 7, white car, 599.08, 490.92, 624.27, 501.89, 611.68, 496.41, 599.08, 496.41, 624.27, 496.41, 25.19, 10.97
4.47, 25, white car, 941.41, 517.91, 968.13, 529.11, 954.77, 523.51, 941.41, 523.51, 968.13, 523.51, 26.72, 11.20
4.47, 7, white car, 596.25, 490.52, 621.10, 501.32, 608.67, 495.92, 596.25, 495.92, 621.10, 495.92, 24.85, 10.80
4.50, 25, white car, 937.80, 517.72, 964.54, 528.93, 951.17, 523.33, 937.80, 523.33, 964.54, 523.33, 26.74, 11.21
4.50, 7, white car, 592.96, 490.15, 617.87, 500.95, 605.42, 495.55, 592.96, 495.55, 617.87, 495.55, 24.91, 10.80
4.53, 25, white car, 934.48, 517.52, 961.23, 528.75, 947.85, 523.14, 934.48, 523.14, 961.23, 523.14, 26.75, 11.23
4.53, 7, white car, 589.97, 489.80, 614.89, 500.62, 602.43, 495.21, 589.97, 495.21, 614.89, 495.21, 24.92, 10.81
4.57, 25, white car, 931.28, 517.51, 957.59, 528.51, 944.43, 523.01, 931.28, 523.01, 957.59, 523.01, 26.30, 11.00
4.57, 7, white car, 586.60, 489.35, 611.91, 500.34, 599.26, 494.84, 586.60, 494.84, 611.91, 494.84, 25.31, 10.99
4.60, 25, white car, 927.80, 517.42, 954.13, 528.39, 940.96, 522.90, 927.80, 522.90, 954.13, 522.90, 26.33, 10.98
4.60, 7, white car, 583.75, 489.18, 608.65, 499.99, 596.20, 494.59, 583.75, 494.59, 608.65, 494.59, 24.91, 10.81
4.63, 25, white car, 924.39, 517.09, 951.34, 528.35, 937.86, 522.72, 924.39, 522.72, 951.34, 522.72, 26.95, 11.26
4.63, 7, white car, 580.23, 488.50, 605.90, 499.62, 593.06, 494.06, 580.23, 494.06, 605.90, 494.06, 25.67, 11.13
4.67, 25, white car, 921.39, 516.93, 948.04, 528.08, 934.71, 522.51, 921.39, 522.51, 948.04, 522.51, 26.65, 11.15
4.67, 7, white car, 577.17, 488.20, 602.83, 499.30, 590.00, 493.75, 577.17, 493.75, 602.83, 493.75, 25.67, 11.10
4.70, 25, white car, 917.92, 516.62, 944.72, 527.84, 931.32, 522.23, 917.92, 522.23, 944.72, 522.23, 26.80, 11.23
4.70, 7, white car, 574.01, 487.91, 599.71, 499.01, 586.86, 493.46, 574.01, 493.46, 599.71, 493.46, 25.70, 11.10
4.73, 25, white car, 914.38, 516.28, 941.31, 527.61, 927.84, 521.94, 914.38, 521.94, 941.31, 521.94, 26.93, 11.33
4.73, 7, white car, 570.68, 487.45, 596.81, 498.74, 583.74, 493.09, 570.68, 493.09, 596.81, 493.09, 26.12, 11.29
4.77, 25, white car, 911.09, 516.14, 937.79, 527.37, 924.44, 521.75, 911.09, 521.75, 937.79, 521.75, 26.71, 11.23
4.77, 7, white car, 567.89, 487.23, 593.70, 498.42, 580.80, 492.83, 567.89, 492.83, 593.70, 492.83, 25.81, 11.18
4.80, 25, white car, 908.00, 516.02, 934.37, 527.10, 921.19, 521.56, 908.00, 521.56, 934.37, 521.56, 26.37, 11.08
4.80, 7, white car, 564.74, 487.00, 590.58, 498.21, 577.66, 492.60, 564.74, 492.60, 590.58, 492.60, 25.83, 11.21
4.83, 25, white car, 905.04, 515.89, 930.81, 526.69, 917.93, 521.29, 905.04, 521.29, 930.81, 521.29, 25.77, 10.80
4.83, 7, white car, 562.02, 486.76, 587.40, 497.76, 574.71, 492.26, 562.02, 492.26, 587.40, 492.26, 25.38, 11.00
4.87, 25, white car, 901.84, 515.74, 927.73, 526.60, 914.78, 521.17, 901.84, 521.17, 927.73, 521.17, 25.90, 10.86
4.87, 7, white car, 558.84, 486.22, 584.72, 497.44, 571.78, 491.83, 558.84, 491.83, 584.72, 491.83, 25.88, 11.22
4.87, 18, black car, 1242.19, 529.98, 1272.05, 542.78, 1257.12, 536.38, 1242.19, 536.38, 1272.05, 536.38, 29.86, 12.81
4.90, 25, white car, 898.44, 515.65, 924.51, 526.58, 911.48, 521.11, 898.44, 521.11, 924.51, 521.11, 26.07, 10.94
4.90, 7, white car, 555.65, 485.54, 582.04, 497.02, 568.84, 491.28, 555.65, 491.28, 582.04, 491.28, 26.39, 11.48
4.90, 18, black car, 1239.81, 530.13, 1269.09, 542.62, 1254.45, 536.37, 1239.81, 536.37, 1269.09, 536.37, 29.28, 12.49
4.93, 25, white car, 895.04, 515.34, 921.38, 526.40, 908.21, 520.87, 895.04, 520.87, 921.38, 520.87, 26.34, 11.06
4.93, 7, white car, 552.71, 485.24, 578.59, 496.52, 565.65, 490.88, 552.71, 490.88, 578.59, 490.88, 25.88, 11.28
4.93, 18, black car, 1237.09, 530.26, 1266.72, 542.85, 1251.91, 536.56, 1237.09, 536.56, 1266.72, 536.56, 29.64, 12.59
4.97, 25, white car, 891.54, 515.10, 918.03, 526.24, 904.78, 520.67, 891.54, 520.67, 918.03, 520.67, 26.49, 11.14
4.97, 7, white car, 549.49, 485.05, 575.31, 496.31, 562.40, 490.68, 549.49, 490.68, 575.31, 490.68, 25.81, 11.26
4.97, 18, black car, 1233.83, 530.06, 1263.79, 542.77, 1248.81, 536.42, 1233.83, 536.42, 1263.79, 536.42, 29.96, 12.71
5.00, 25, white car, 888.25, 514.98, 914.79, 526.16, 901.52, 520.57, 888.25, 520.57, 914.79, 520.57, 26.54, 11.18
5.00, 7, white car, 546.81, 484.80, 572.26, 495.90, 559.53, 490.35, 546.81, 490.35, 572.26, 490.35, 25.45, 11.10
5.00, 18, black car, 1231.02, 530.16, 1260.89, 542.78, 1245.95, 536.47, 1231.02, 536.47, 1260.89, 536.47, 29.87, 12.62
5.03, 25, white car, 884.83, 514.81, 911.44, 526.04, 898.14, 520.42, 884.83, 520.42, 911.44, 520.42, 26.61, 11.23
5.03, 7, white car, 544.10, 484.53, 569.29, 495.49, 556.69, 490.01, 544.10, 490.01, 569.29, 490.01, 25.19, 10.96
5.03, 18, black car, 1228.11, 530.12, 1258.08, 542.74, 1243.09, 536.43, 1228.11, 536.43, 1258.08, 536.43, 29.97, 12.62
5.03, 9, white car, 1403.82, 532.49, 1432.49, 544.79, 1418.15, 538.64, 1403.82, 538.64, 1432.49, 538.64, 28.67, 12.29
5.07, 25, white car, 881.62, 514.46, 908.24, 525.70, 894.93, 520.08, 881.62, 520.08, 908.24, 520.08, 26.63, 11.24
5.07, 7, white car, 540.94, 484.31, 566.10, 495.25, 553.52, 489.78, 540.94, 489.78, 566.10, 489.78, 25.16, 10.95
5.07, 18, black car, 1225.43, 530.16, 1255.19, 542.65, 1240.31, 536.40, 1225.43, 536.40, 1255.19, 536.40, 29.76, 12.49
5.07, 9, white car, 1401.24, 532.29, 1430.31, 544.72, 1415.77, 538.51, 1401.24, 538.51, 1430.31, 538.51, 29.07, 12.42
5.10, 25, white car, 878.46, 514.34, 904.79, 525.46, 891.62, 519.90, 878.46, 519.90, 904.79, 519.90, 26.33, 11.12
5.10, 7, white car, 538.02, 484.19, 562.50, 494.78, 550.26, 489.49, 538.02, 489.49, 562.50, 489.49, 24.48, 10.59
5.10, 18, black car, 1222.43, 530.25, 1252.59, 542.88, 1237.51, 536.56, 1222.43, 536.56, 1252.59, 536.56, 30.15, 12.62
5.10, 9, white car, 1398.30, 532.22, 1427.68, 544.75, 1412.99, 538.49, 1398.30, 538.49, 1427.68, 538.49, 29.38, 12.53
5.13, 25, white car, 875.03, 514.09, 901.54, 525.30, 888.28, 519.70, 875.03, 519.70, 901.54, 519.70, 26.51, 11.21
5.13, 7, white car, 535.18, 483.87, 559.59, 494.40, 547.39, 489.13, 535.18, 489.13, 559.59, 489.13, 24.41, 10.52
5.13, 18, black car, 1219.46, 530.34, 1249.43, 542.91, 1234.44, 536.62, 1219.46, 536.62, 1249.43, 536.62, 29.97, 12.57
5.13, 9, white car, 1395.32, 532.23, 1424.39, 544.60, 1409.86, 538.42, 1395.32, 538.42, 1424.39, 538.42, 29.07, 12.37
5.17, 25, white car, 871.71, 514.11, 898.03, 525.25, 884.87, 519.68, 871.71, 519.68, 898.03, 519.68, 26.31, 11.14
5.17, 7, white car, 531.91, 483.52, 556.80, 494.23, 544.36, 488.88, 531.91, 488.88, 556.80, 488.88, 24.89, 10.71
5.17, 18, black car, 1216.65, 530.38, 1246.62, 542.95, 1231.63, 536.66, 1216.65, 536.66, 1246.62, 536.66, 29.97, 12.57
5.17, 9, white car, 1392.41, 532.30, 1421.10, 544.52, 1406.75, 538.41, 1392.41, 538.41, 1421.10, 538.41, 28.69, 12.22
5.20, 25, white car, 868.29, 513.67, 894.93, 524.98, 881.61, 519.32, 868.29, 519.32, 894.93, 519.32, 26.64, 11.31
5.20, 7, white car, 528.48, 483.25, 553.32, 493.92, 540.90, 488.59, 528.48, 488.59, 553.32, 488.59, 24.84, 10.66
5.20, 18, black car, 1213.92, 530.35, 1244.01, 542.98, 1228.97, 536.67, 1213.92, 536.67, 1244.01, 536.67, 30.09, 12.63
5.20, 9, white car, 1389.41, 532.32, 1418.16, 544.57, 1403.79, 538.44, 1389.41, 538.44, 1418.16, 538.44, 28.75, 12.25
5.23, 25, white car, 864.77, 513.45, 891.36, 524.77, 878.06, 519.11, 864.77, 519.11, 891.36, 519.11, 26.59, 11.32
5.23, 7, white car, 525.04, 482.93, 550.29, 493.75, 537.67, 488.34, 525.04, 488.34, 550.29, 488.34, 25.24, 10.82
5.23, 18, black car, 1210.74, 530.35, 1241.29, 543.21, 1226.01, 536.78, 1210.74, 536.78, 1241.29, 536.78, 30.55, 12.86
5.23, 9, white car, 1386.41, 532.06, 1415.21, 544.34, 1400.81, 538.20, 1386.41, 538.20, 1415.21, 538.20, 28.80, 12.27
5.27, 25, white car, 861.29, 513.14, 887.92, 524.51, 874.61, 518.83, 861.29, 518.83, 887.92, 518.83, 26.63, 11.37
5.27, 7, white car, 521.94, 482.36, 547.65, 493.40, 534.79, 487.88, 521.94, 487.88, 547.65, 487.88, 25.71, 11.05
5.27, 18, black car, 1208.39, 530.60, 1238.73, 543.36, 1223.56, 536.98, 1208.39, 536.98, 1238.73, 536.98, 30.34, 12.76
5.27, 9, white car, 1383.79, 531.94, 1412.42, 544.16, 1398.10, 538.05, 1383.79, 538.05, 1412.42, 538.05, 28.64, 12.22
5.30, 25, white car, 858.08, 512.95, 884.51, 524.27, 871.29, 518.61, 858.08, 518.61, 884.51, 518.61, 26.43, 11.32
5.30, 7, white car, 519.34, 482.06, 545.09, 493.15, 532.22, 487.61, 519.34, 487.61, 545.09, 487.61, 25.76, 11.09
5.30, 18, black car, 1205.58, 530.69, 1235.67, 543.36, 1220.63, 537.03, 1205.58, 537.03, 1235.67, 537.03, 30.09, 12.67
5.30, 9, white car, 1380.79, 531.80, 1409.34, 544.01, 1395.07, 537.90, 1380.79, 537.90, 1409.34, 537.90, 28.54, 12.20
5.33, 25, white car, 854.76, 512.81, 880.99, 524.05, 867.87, 518.43, 854.76, 518.43, 880.99, 518.43, 26.23, 11.24
5.33, 7, white car, 516.13, 481.97, 541.96, 493.10, 529.05, 487.53, 516.13, 487.53, 541.96, 487.53, 25.83, 11.13
5.33, 18, black car, 1202.92, 530.80, 1232.38, 543.19, 1217.65, 536.99, 1202.92, 536.99, 1232.38, 536.99, 29.46, 12.39
5.33, 9, white car, 1377.78, 531.91, 1406.19, 544.08, 1391.98, 537.99, 1377.78, 537.99, 1406.19, 537.99, 28.41, 12.17
5.37, 25, white car, 851.64, 512.76, 877.77, 523.96, 864.71, 518.36, 851.64, 518.36, 877.77, 518.36, 26.14, 11.20
5.37, 7, white car, 513.09, 481.84, 538.89, 492.98, 525.99, 487.41, 513.09, 487.41, 538.89, 487.41, 25.80, 11.15
5.37, 18, black car, 1200.80, 530.96, 1229.42, 542.97, 1215.11, 536.96, 1200.80, 536.96, 1229.42, 536.96, 28.62, 12.01
5.37, 9, white car, 1374.53, 531.72, 1403.28, 544.07, 1388.91, 537.89, 1374.53, 537.89, 1403.28, 537.89, 28.74, 12.35
5.40, 25, white car, 848.40, 512.83, 874.18, 523.86, 861.29, 518.35, 848.40, 518.35, 874.18, 518.35, 25.78, 11.03
5.40, 7, white car, 510.28, 481.44, 535.58, 492.35, 522.93, 486.90, 510.28, 486.90, 535.58, 486.90, 25.30, 10.91
5.40, 18, black car, 1198.13, 531.19, 1226.25, 542.97, 1212.19, 537.08, 1198.13, 537.08, 1226.25, 537.08, 28.11, 11.78
5.40, 9, white car, 1371.61, 531.56, 1400.58, 544.02, 1386.09, 537.79, 1371.61, 537.79, 1400.58, 537.79, 28.97, 12.45
5.43, 25, white car, 845.16, 512.68, 870.89, 523.67, 858.02, 518.18, 845.16, 518.18, 870.89, 518.18, 25.73, 10.99
5.43, 7, white car, 507.22, 480.90, 532.58, 491.82, 519.90, 486.36, 507.22, 486.36, 532.58, 486.36, 25.36, 10.92
5.43, 18, black car, 1194.90, 531.15, 1223.63, 543.16, 1209.27, 537.16, 1194.90, 537.16, 1223.63, 537.16, 28.73, 12.01
5.43, 9, white car, 1368.45, 531.14, 1398.29, 544.02, 1383.37, 537.58, 1368.45, 537.58, 1398.29, 537.58, 29.84, 12.88
5.47, 25, white car, 841.61, 512.50, 867.36, 523.46, 854.49, 517.98, 841.61, 517.98, 867.36, 517.98, 25.75, 10.96
5.47, 7, white car, 504.16, 480.65, 529.52, 491.57, 516.84, 486.11, 504.16, 486.11, 529.52, 486.11, 25.36, 10.92
5.47, 18, black car, 1192.12, 531.25, 1220.44, 543.04, 1206.28, 537.14, 1192.12, 537.14, 1220.44, 537.14, 28.32, 11.79
5.47, 9, white car, 1365.67, 530.98, 1395.14, 543.70, 1380.41, 537.34, 1365.67, 537.34, 1395.14, 537.34, 29.47, 12.71
5.50, 25, white car, 838.56, 512.32, 864.23, 523.23, 851.40, 517.77, 838.56, 517.77, 864.23, 517.77, 25.67, 10.91
5.50, 7, white car, 500.63, 480.04, 526.45, 491.20, 513.54, 485.62, 500.63, 485.62, 526.45, 485.62, 25.81, 11.16
5.50, 18, black car, 1189.58, 531.49, 1217.28, 542.99, 1203.43, 537.24, 1189.58, 537.24, 1217.28, 537.24, 27.70, 11.49
5.50, 9, white car, 1362.90, 531.08, 1391.90, 543.61, 1377.40, 537.35, 1362.90, 537.35, 1391.90, 537.35, 29.00, 12.53
5.53, 25, white car, 835.25, 512.06, 861.01, 522.99, 848.13, 517.53, 835.25, 517.53, 861.01, 517.53, 25.75, 10.93
5.53, 18, black car, 1186.67, 531.76, 1214.37, 543.17, 1200.52, 537.46, 1186.67, 537.46, 1214.37, 537.46, 27.71, 11.42
5.53, 9, white car, 1360.14, 531.07, 1388.77, 543.45, 1374.45, 537.26, 1360.14, 537.26, 1388.77, 537.26, 28.63, 12.37
5.57, 25, white car, 831.82, 511.85, 857.43, 522.68, 844.63, 517.27, 831.82, 517.27, 857.43, 517.27, 25.61, 10.83
5.57, 18, black car, 1183.95, 531.74, 1211.81, 543.19, 1197.88, 537.47, 1183.95, 537.47, 1211.81, 537.47, 27.87, 11.45
5.57, 9, white car, 1357.58, 531.09, 1385.46, 543.11, 1371.52, 537.10, 1357.58, 537.10, 1385.46, 537.10, 27.88, 12.02
5.60, 25, white car, 828.11, 511.57, 854.10, 522.55, 841.10, 517.06, 828.11, 517.06, 854.10, 517.06, 26.00, 10.98
5.60, 18, black car, 1180.82, 531.84, 1208.80, 543.25, 1194.81, 537.55, 1180.82, 537.55, 1208.80, 537.55, 27.98, 11.41
5.60, 9, white car, 1354.36, 530.78, 1382.48, 542.92, 1368.42, 536.85, 1354.36, 536.85, 1382.48, 536.85, 28.12, 12.14
5.63, 25, white car, 824.88, 511.38, 850.86, 522.34, 837.87, 516.86, 824.88, 516.86, 850.86, 516.86, 25.98, 10.97
5.63, 9, white car, 1351.66, 530.78, 1379.68, 542.87, 1365.67, 536.83, 1351.66, 536.83, 1379.68, 536.83, 28.02, 12.09
5.67, 25, white car, 821.31, 511.19, 847.52, 522.25, 834.42, 516.72, 821.31, 516.72, 847.52, 516.72, 26.21, 11.07
5.67, 9, white car, 1348.52, 530.65, 1376.89, 542.89, 1362.71, 536.77, 1348.52, 536.77, 1376.89, 536.77, 28.37, 12.24
5.67, 18, black car, 1174.83, 531.68, 1203.63, 543.40, 1189.23, 537.54, 1174.83, 537.54, 1203.63, 537.54, 28.80, 11.73
5.70, 25, white car, 818.14, 510.93, 844.24, 521.94, 831.19, 516.43, 818.14, 516.43, 844.24, 516.43, 26.10, 11.01
5.70, 9, white car, 1345.36, 530.57, 1373.78, 542.81, 1359.57, 536.69, 1345.36, 536.69, 1373.78, 536.69, 28.42, 12.24
5.70, 18, black car, 1172.07, 531.48, 1201.34, 543.38, 1186.71, 537.43, 1172.07, 537.43, 1201.34, 537.43, 29.27, 11.90
5.73, 25, white car, 814.81, 510.73, 840.63, 521.61, 827.72, 516.17, 814.81, 516.17, 840.63, 516.17, 25.83, 10.88
5.73, 9, white car, 1342.68, 530.34, 1371.12, 542.60, 1356.90, 536.47, 1342.68, 536.47, 1371.12, 536.47, 28.44, 12.26
5.73, 18, black car, 1169.25, 531.61, 1198.41, 543.43, 1183.83, 537.52, 1169.25, 537.52, 1198.41, 537.52, 29.16, 11.82
5.77, 25, white car, 811.49, 510.45, 837.58, 521.43, 824.53, 515.94, 811.49, 515.94, 837.58, 515.94, 26.09, 10.99
5.77, 9, white car, 1339.74, 530.23, 1367.98, 542.41, 1353.86, 536.32, 1339.74, 536.32, 1367.98, 536.32, 28.24, 12.18
5.77, 18, black car, 1166.44, 531.91, 1195.10, 543.50, 1180.77, 537.70, 1166.44, 537.70, 1195.10, 537.70, 28.66, 11.59
5.80, 25, white car, 808.25, 510.23, 834.25, 521.18, 821.25, 515.71, 808.25, 515.71, 834.25, 515.71, 26.00, 10.95
5.80, 9, white car, 1336.84, 530.17, 1365.04, 542.31, 1350.94, 536.24, 1336.84, 536.24, 1365.04, 536.24, 28.20, 12.14
5.80, 18, black car, 1163.84, 532.14, 1192.47, 543.70, 1178.16, 537.92, 1163.84, 537.92, 1192.47, 537.92, 28.63, 11.56
5.83, 25, white car, 804.90, 509.92, 830.97, 520.89, 817.94, 515.41, 804.90, 515.41, 830.97, 515.41, 26.07, 10.97
5.83, 9, white car, 1333.45, 529.91, 1362.13, 542.23, 1347.79, 536.07, 1333.45, 536.07, 1362.13, 536.07, 28.68, 12.33
5.83, 18, black car, 1160.63, 532.01, 1189.95, 543.83, 1175.29, 537.92, 1160.63, 537.92, 1189.95, 537.92, 29.32, 11.82
5.87, 25, white car, 801.92, 509.76, 827.38, 520.43, 814.65, 515.10, 801.92, 515.10, 827.38, 515.10, 25.46, 10.67
5.87, 9, white car, 1330.68, 529.81, 1359.18, 542.06, 1344.93, 535.94, 1330.68, 535.94, 1359.18, 535.94, 28.51, 12.25
5.87, 7, white car, 467.15, 475.96, 494.68, 487.92, 480.92, 481.94, 467.15, 481.94, 494.68, 481.94, 27.52, 11.97
5.90, 25, white car, 798.37, 509.43, 824.05, 520.17, 811.21, 514.80, 798.37, 514.80, 824.05, 514.80, 25.68, 10.74
5.90, 9, white car, 1328.15, 529.71, 1356.06, 541.68, 1342.11, 535.70, 1328.15, 535.70, 1356.06, 535.70, 27.91, 11.96
5.90, 7, white car, 464.03, 475.68, 491.51, 487.68, 477.77, 481.68, 464.03, 481.68, 491.51, 481.68, 27.48, 12.01
5.90, 18, black car, 1154.89, 532.14, 1184.34, 543.98, 1169.62, 538.06, 1154.89, 538.06, 1184.34, 538.06, 29.45, 11.84
5.93, 25, white car, 795.05, 509.14, 820.80, 519.91, 807.92, 514.52, 795.05, 514.52, 820.80, 514.52, 25.75, 10.77
5.93, 9, white car, 1325.02, 529.75, 1352.80, 541.64, 1338.91, 535.69, 1325.02, 535.69, 1352.80, 535.69, 27.77, 11.90
5.93, 7, white car, 461.71, 475.49, 488.32, 487.16, 475.01, 481.32, 461.71, 481.32, 488.32, 481.32, 26.61, 11.67
5.93, 18, black car, 1152.24, 532.19, 1181.64, 543.97, 1166.94, 538.08, 1152.24, 538.08, 1181.64, 538.08, 29.40, 11.78
5.97, 25, white car, 791.39, 508.68, 817.51, 519.58, 804.45, 514.13, 791.39, 514.13, 817.51, 514.13, 26.11, 10.90
5.97, 9, white car, 1321.70, 529.19, 1350.08, 541.32, 1335.89, 535.26, 1321.70, 535.26, 1350.08, 535.26, 28.38, 12.13
5.97, 7, white car, 458.84, 475.12, 485.00, 486.64, 471.92, 480.88, 458.84, 480.88, 485.00, 480.88, 26.16, 11.51
5.97, 18, black car, 1149.54, 532.28, 1178.82, 544.01, 1164.18, 538.14, 1149.54, 538.14, 1178.82, 538.14, 29.28, 11.72
6.00, 25, white car, 788.15, 508.73, 813.87, 519.46, 801.01, 514.09, 788.15, 514.09, 813.87, 514.09, 25.72, 10.73
6.00, 9, white car, 1318.16, 528.99, 1347.10, 541.40, 1332.63, 535.20, 1318.16, 535.20, 1347.10, 535.20, 28.94, 12.40
6.00, 7, white car, 455.92, 474.90, 482.08, 486.44, 469.00, 480.67, 455.92, 480.67, 482.08, 480.67, 26.16, 11.53
6.00, 18, black car, 1146.26, 532.22, 1175.79, 544.02, 1161.03, 538.12, 1146.26, 538.12, 1175.79, 538.12, 29.53, 11.80
6.03, 9, white car, 1315.35, 528.88, 1343.86, 541.10, 1329.61, 534.99, 1315.35, 534.99, 1343.86, 534.99, 28.52, 12.22
6.03, 7, white car, 452.95, 474.50, 479.19, 486.06, 466.07, 480.28, 452.95, 480.28, 479.19, 480.28, 26.24, 11.56
6.07, 9, white car, 1312.00, 528.88, 1340.36, 541.05, 1326.18, 534.96, 1312.00, 534.96, 1340.36, 534.96, 28.36, 12.18
6.07, 7, white car, 449.97, 474.29, 476.17, 485.83, 463.07, 480.06, 449.97, 480.06, 476.17, 480.06, 26.20, 11.54
6.07, 25, white car, 781.07, 508.28, 807.54, 519.36, 794.31, 513.82, 781.07, 513.82, 807.54, 513.82, 26.46, 11.08
6.10, 9, white car, 1309.00, 528.85, 1337.20, 540.99, 1323.10, 534.92, 1309.00, 534.92, 1337.20, 534.92, 28.20, 12.13
6.10, 7, white car, 446.76, 473.90, 472.88, 485.39, 459.82, 479.64, 446.76, 479.64, 472.88, 479.64, 26.12, 11.49
6.13, 9, white car, 1306.07, 528.73, 1334.12, 540.81, 1320.09, 534.77, 1306.07, 534.77, 1334.12, 534.77, 28.05, 12.08
6.13, 7, white car, 443.55, 473.43, 470.11, 485.13, 456.83, 479.28, 443.55, 479.28, 470.11, 479.28, 26.57, 11.70
6.17, 9, white car, 1302.99, 528.65, 1331.18, 540.80, 1317.09, 534.73, 1302.99, 534.73, 1331.18, 534.73, 28.19, 12.15
6.17, 7, white car, 440.86, 473.11, 467.31, 484.78, 454.09, 478.95, 440.86, 478.95, 467.31, 478.95, 26.45, 11.67
6.20, 9, white car, 1300.46, 528.60, 1327.95, 540.44, 1314.21, 534.52, 1300.46, 534.52, 1327.95, 534.52, 27.49, 11.84
6.20, 7, white car, 437.74, 472.81, 464.06, 484.45, 450.90, 478.63, 437.74, 478.63, 464.06, 478.63, 26.32, 11.64
6.23, 9, white car, 1297.20, 528.61, 1324.70, 540.45, 1310.95, 534.53, 1297.20, 534.53, 1324.70, 534.53, 27.51, 11.85
6.23, 7, white car, 434.89, 472.48, 461.29, 484.16, 448.09, 478.32, 434.89, 478.32, 461.29, 478.32, 26.40, 11.68
6.27, 9, white car, 1293.99, 528.37, 1321.53, 540.23, 1307.76, 534.30, 1293.99, 534.30, 1321.53, 534.30, 27.54, 11.86
6.27, 7, white car, 431.69, 471.83, 458.50, 483.71, 445.09, 477.77, 431.69, 477.77, 458.50, 477.77, 26.81, 11.89
6.30, 9, white car, 1290.93, 528.12, 1318.40, 539.97, 1304.66, 534.04, 1290.93, 534.04, 1318.40, 534.04, 27.47, 11.85
6.30, 7, white car, 428.89, 471.45, 455.66, 483.37, 442.28, 477.41, 428.89, 477.41, 455.66, 477.41, 26.77, 11.92
6.33, 9, white car, 1287.93, 528.10, 1315.40, 539.95, 1301.67, 534.03, 1287.93, 534.03, 1315.40, 534.03, 27.47, 11.85
6.33, 7, white car, 425.88, 471.10, 452.82, 483.13, 439.35, 477.11, 425.88, 477.11, 452.82, 477.11, 26.93, 12.03
6.37, 9, white car, 1285.00, 528.14, 1312.22, 539.86, 1298.61, 534.00, 1285.00, 534.00, 1312.22, 534.00, 27.22, 11.72
6.37, 7, white car, 422.53, 470.74, 449.69, 482.94, 436.11, 476.84, 422.53, 476.84, 449.69, 476.84, 27.16, 12.20
6.40, 9, white car, 1281.45, 527.69, 1309.27, 539.68, 1295.36, 533.68, 1281.45, 533.68, 1309.27, 533.68, 27.82, 11.99
6.40, 7, white car, 419.75, 470.54, 446.68, 482.67, 433.21, 476.60, 419.75, 476.60, 446.68, 476.60, 26.92, 12.13
6.43, 9, white car, 1278.34, 527.33, 1306.42, 539.43, 1292.38, 533.38, 1278.34, 533.38, 1306.42, 533.38, 28.08, 12.10
6.43, 7, white car, 417.13, 470.33, 443.46, 482.19, 430.30, 476.26, 417.13, 476.26, 443.46, 476.26, 26.33, 11.86
6.47, 9, white car, 1275.31, 527.25, 1303.13, 539.23, 1289.22, 533.24, 1275.31, 533.24, 1303.13, 533.24, 27.82, 11.98
6.47, 7, white car, 414.46, 470.08, 440.77, 481.93, 427.62, 476.01, 414.46, 476.01, 440.77, 476.01, 26.31, 11.85
6.50, 9, white car, 1272.40, 527.28, 1299.50, 538.95, 1285.95, 533.11, 1272.40, 533.11, 1299.50, 533.11, 27.10, 11.67
6.50, 7, white car, 411.68, 469.75, 437.85, 481.54, 424.76, 475.64, 411.68, 475.64, 437.85, 475.64, 26.17, 11.79
6.53, 9, white car, 1268.89, 527.12, 1296.09, 538.84, 1282.49, 532.98, 1268.89, 532.98, 1296.09, 532.98, 27.20, 11.72
6.53, 7, white car, 408.52, 469.59, 434.71, 481.38, 421.62, 475.48, 408.52, 475.48, 434.71, 475.48, 26.18, 11.79
6.57, 9, white car, 1265.44, 526.96, 1293.02, 538.84, 1279.23, 532.90, 1265.44, 532.90, 1293.02, 532.90, 27.57, 11.88
6.57, 7, white car, 405.81, 469.33, 431.80, 481.05, 418.81, 475.19, 405.81, 475.19, 431.80, 475.19, 25.99, 11.72
6.60, 9, white car, 1262.23, 526.94, 1290.18, 538.99, 1276.20, 532.96, 1262.23, 532.96, 1290.18, 532.96, 27.95, 12.05
6.60, 7, white car, 403.10, 469.06, 428.95, 480.71, 416.03, 474.88, 403.10, 474.88, 428.95, 474.88, 25.86, 11.65
6.60, 25, white car, 726.93, 504.05, 753.93, 515.42, 740.43, 509.74, 726.93, 509.74, 753.93, 509.74, 27.00, 11.37
6.63, 9, white car, 1258.93, 526.94, 1286.68, 538.92, 1272.81, 532.93, 1258.93, 532.93, 1286.68, 532.93, 27.75, 11.98
6.63, 7, white car, 400.11, 468.64, 426.08, 480.36, 413.10, 474.50, 400.11, 474.50, 426.08, 474.50, 25.97, 11.72
6.63, 25, white car, 723.77, 503.85, 750.42, 515.06, 737.10, 509.46, 723.77, 509.46, 750.42, 509.46, 26.65, 11.21
6.67, 9, white car, 1255.69, 526.79, 1283.20, 538.65, 1269.45, 532.72, 1255.69, 532.72, 1283.20, 532.72, 27.51, 11.86
6.67, 7, white car, 397.21, 468.31, 423.04, 479.96, 410.12, 474.14, 397.21, 474.14, 423.04, 474.14, 25.83, 11.65
6.67, 25, white car, 720.83, 503.65, 747.82, 514.98, 734.32, 509.31, 720.83, 509.31, 747.82, 509.31, 26.99, 11.34
6.70, 9, white car, 1252.58, 526.72, 1280.16, 538.61, 1266.37, 532.66, 1252.58, 532.66, 1280.16, 532.66, 27.58, 11.89
6.70, 7, white car, 394.32, 467.84, 420.25, 479.56, 407.28, 473.70, 394.32, 473.70, 420.25, 473.70, 25.93, 11.72
6.70, 25, white car, 717.58, 503.47, 743.98, 514.59, 730.78, 509.03, 717.58, 509.03, 743.98, 509.03, 26.40, 11.12
6.73, 9, white car, 1249.62, 526.72, 1277.03, 538.52, 1263.32, 532.62, 1249.62, 532.62, 1277.03, 532.62, 27.41, 11.80
6.73, 7, white car, 391.61, 467.61, 417.63, 479.38, 404.62, 473.49, 391.61, 473.49, 417.63, 473.49, 26.02, 11.77
6.73, 25, white car, 714.15, 503.22, 740.40, 514.28, 727.28, 508.75, 714.15, 508.75, 740.40, 508.75, 26.25, 11.06
6.77, 9, white car, 1246.35, 526.63, 1273.65, 538.38, 1260.00, 532.50, 1246.35, 532.50, 1273.65, 532.50, 27.30, 11.75
6.77, 7, white car, 388.64, 467.46, 414.47, 479.16, 401.56, 473.31, 388.64, 473.31, 414.47, 473.31, 25.84, 11.70
6.77, 25, white car, 710.55, 502.73, 737.13, 513.93, 723.84, 508.33, 710.55, 508.33, 737.13, 508.33, 26.58, 11.20
6.80, 9, white car, 1243.28, 526.58, 1270.23, 538.14, 1256.76, 532.36, 1243.28, 532.36, 1270.23, 532.36, 26.95, 11.56
6.80, 7, white car, 385.74, 467.08, 411.84, 478.93, 398.79, 473.01, 385.74, 473.01, 411.84, 473.01, 26.10, 11.85
6.80, 25, white car, 707.36, 502.39, 733.59, 513.45, 720.48, 507.92, 707.36, 507.92, 733.59, 507.92, 26.23, 11.05
6.83, 9, white car, 1240.12, 526.39, 1266.95, 537.88, 1253.54, 532.13, 1240.12, 532.13, 1266.95, 532.13, 26.84, 11.49
6.83, 7, white car, 382.85, 466.56, 409.12, 478.48, 395.99, 472.52, 382.85, 472.52, 409.12, 472.52, 26.27, 11.92
6.83, 25, white car, 704.03, 502.04, 730.40, 513.18, 717.21, 507.61, 704.03, 507.61, 730.40, 507.61, 26.38, 11.14
6.87, 9, white car, 1236.80, 526.32, 1263.77, 537.81, 1250.29, 532.07, 1236.80, 532.07, 1263.77, 532.07, 26.96, 11.50
6.87, 7, white car, 380.13, 466.14, 406.25, 477.97, 393.19, 472.05, 380.13, 472.05, 406.25, 472.05, 26.12, 11.83
6.87, 25, white car, 700.63, 501.83, 726.92, 512.94, 713.77, 507.39, 700.63, 507.39, 726.92, 507.39, 26.29, 11.11
6.90, 9, white car, 1233.32, 526.18, 1260.42, 537.71, 1246.87, 531.95, 1233.32, 531.95, 1260.42, 531.95, 27.10, 11.53
6.90, 7, white car, 377.53, 465.82, 403.38, 477.47, 390.46, 471.65, 377.53, 471.65, 403.38, 471.65, 25.85, 11.65
6.90, 25, white car, 697.34, 501.48, 723.93, 512.71, 710.64, 507.09, 697.34, 507.09, 723.93, 507.09, 26.59, 11.23
6.93, 9, white car, 1230.22, 526.11, 1257.22, 537.58, 1243.72, 531.84, 1230.22, 531.84, 1257.22, 531.84, 27.00, 11.48
6.93, 7, white car, 374.51, 465.51, 399.99, 476.97, 387.25, 471.24, 374.51, 471.24, 399.99, 471.24, 25.49, 11.46
6.93, 25, white car, 694.09, 501.41, 720.30, 512.46, 707.19, 506.94, 694.09, 506.94, 720.30, 506.94, 26.21, 11.05
6.97, 9, white car, 1227.04, 525.96, 1253.95, 537.35, 1240.49, 531.66, 1227.04, 531.66, 1253.95, 531.66, 26.92, 11.40
6.97, 7, white car, 372.19, 465.30, 397.12, 476.48, 384.65, 470.89, 372.19, 470.89, 397.12, 470.89, 24.93, 11.18
6.97, 25, white car, 690.88, 501.09, 717.11, 512.14, 704.00, 506.61, 690.88, 506.61, 717.11, 506.61, 26.24, 11.05
7.00, 9, white car, 1223.35, 525.95, 1250.41, 537.39, 1236.88, 531.67, 1223.35, 531.67, 1250.41, 531.67, 27.07, 11.44
7.00, 7, white car, 369.48, 465.07, 394.54, 476.27, 382.01, 470.67, 369.48, 470.67, 394.54, 470.67, 25.06, 11.19
7.00, 25, white car, 687.43, 500.85, 713.67, 511.91, 700.55, 506.38, 687.43, 506.38, 713.67, 506.38, 26.24, 11.06
7.03, 9, white car, 1219.90, 525.80, 1247.20, 537.32, 1233.55, 531.56, 1219.90, 531.56, 1247.20, 531.56, 27.30, 11.52
7.03, 7, white car, 366.36, 464.89, 391.44, 476.06, 378.90, 470.47, 366.36, 470.47, 391.44, 470.47, 25.08, 11.17
7.03, 25, white car, 684.06, 500.42, 710.54, 511.62, 697.30, 506.02, 684.06, 506.02, 710.54, 506.02, 26.48, 11.20
7.07, 9, white car, 1216.64, 525.62, 1243.85, 537.11, 1230.24, 531.37, 1216.64, 531.37, 1243.85, 531.37, 27.21, 11.50
7.07, 7, white car, 363.49, 464.74, 388.66, 475.93, 376.07, 470.33, 363.49, 470.33, 388.66, 470.33, 25.17, 11.19
7.07, 25, white car, 680.75, 500.01, 707.56, 511.39, 694.15, 505.70, 680.75, 505.70, 707.56, 505.70, 26.82, 11.38
7.10, 9, white car, 1213.29, 525.38, 1240.40, 536.84, 1226.85, 531.11, 1213.29, 531.11, 1240.40, 531.11, 27.12, 11.46
7.10, 7, white car, 360.28, 464.44, 385.38, 475.58, 372.83, 470.01, 360.28, 470.01, 385.38, 470.01, 25.10, 11.14
7.10, 25, white car, 677.17, 499.44, 704.18, 510.95, 690.68, 505.20, 677.17, 505.20, 704.18, 505.20, 27.01, 11.51
7.13, 9, white car, 1209.91, 525.09, 1237.30, 536.68, 1223.60, 530.88, 1209.91, 530.88, 1237.30, 530.88, 27.39, 11.60
7.13, 7, white car, 357.43, 464.18, 382.53, 475.29, 369.98, 469.73, 357.43, 469.73, 382.53, 469.73, 25.10, 11.11
7.13, 25, white car, 674.03, 499.12, 701.11, 510.69, 687.57, 504.90, 674.03, 504.90, 701.11, 504.90, 27.08, 11.57
7.17, 9, white car, 1206.25, 524.97, 1233.47, 536.50, 1219.86, 530.74, 1206.25, 530.74, 1233.47, 530.74, 27.21, 11.53
7.17, 25, white car, 670.69, 498.79, 697.73, 510.36, 684.21, 504.58, 670.69, 504.58, 697.73, 504.58, 27.04, 11.57
7.20, 9, white car, 1202.99, 524.84, 1230.03, 536.31, 1216.51, 530.58, 1202.99, 530.58, 1230.03, 530.58, 27.04, 11.47
7.20, 25, white car, 667.37, 498.61, 694.35, 510.16, 680.86, 504.39, 667.37, 504.39, 694.35, 504.39, 26.98, 11.56
7.20, 7, white car, 351.91, 463.30, 377.11, 474.41, 364.51, 468.85, 351.91, 468.85, 377.11, 468.85, 25.20, 11.12
7.23, 9, white car, 1200.00, 524.67, 1226.84, 536.06, 1213.42, 530.37, 1200.00, 530.37, 1226.84, 530.37, 26.84, 11.39
7.23, 25, white car, 664.07, 498.58, 690.53, 509.89, 677.30, 504.24, 664.07, 504.24, 690.53, 504.24, 26.46, 11.31
7.23, 7, white car, 349.70, 463.11, 374.65, 474.07, 362.18, 468.59, 349.70, 468.59, 374.65, 468.59, 24.95, 10.97
7.27, 9, white car, 1196.75, 524.67, 1223.90, 536.18, 1210.32, 530.42, 1196.75, 530.42, 1223.90, 530.42, 27.15, 11.51
7.27, 25, white car, 660.99, 498.30, 687.27, 509.52, 674.13, 503.91, 660.99, 503.91, 687.27, 503.91, 26.29, 11.23
7.27, 7, white car, 346.83, 462.99, 371.91, 473.97, 359.37, 468.48, 346.83, 468.48, 371.91, 468.48, 25.09, 10.98
7.30, 9, white car, 1192.89, 524.58, 1220.30, 536.23, 1206.60, 530.41, 1192.89, 530.41, 1220.30, 530.41, 27.40, 11.65
7.30, 25, white car, 657.51, 497.90, 683.94, 509.18, 670.72, 503.54, 657.51, 503.54, 683.94, 503.54, 26.43, 11.27
7.30, 7, white car, 344.30, 462.75, 369.34, 473.71, 356.82, 468.23, 344.30, 468.23, 369.34, 468.23, 25.04, 10.95
7.33, 9, white car, 1189.30, 524.45, 1216.99, 536.24, 1203.15, 530.34, 1189.30, 530.34, 1216.99, 530.34, 27.68, 11.79
7.33, 25, white car, 654.22, 497.52, 680.95, 508.94, 667.59, 503.23, 654.22, 503.23, 680.95, 503.23, 26.73, 11.42
7.33, 7, white car, 341.93, 462.40, 366.90, 473.32, 354.42, 467.86, 341.93, 467.86, 366.90, 467.86, 24.98, 10.91
7.37, 9, white car, 1185.90, 524.31, 1213.34, 535.99, 1199.62, 530.15, 1185.90, 530.15, 1213.34, 530.15, 27.44, 11.69
7.37, 25, white car, 650.78, 497.22, 677.49, 508.63, 664.14, 502.93, 650.78, 502.93, 677.49, 502.93, 26.71, 11.41
7.37, 7, white car, 338.72, 461.98, 363.58, 472.80, 351.15, 467.39, 338.72, 467.39, 363.58, 467.39, 24.85, 10.83
7.40, 9, white car, 1182.99, 524.14, 1210.33, 535.80, 1196.66, 529.97, 1182.99, 529.97, 1210.33, 529.97, 27.33, 11.66
7.40, 25, white car, 647.62, 496.97, 674.21, 508.34, 660.92, 502.66, 647.62, 502.66, 674.21, 502.66, 26.59, 11.36
7.40, 7, white car, 336.23, 461.70, 360.89, 472.44, 348.56, 467.07, 336.23, 467.07, 360.89, 467.07, 24.66, 10.73
7.43, 9, white car, 1179.42, 524.09, 1206.75, 535.75, 1193.09, 529.92, 1179.42, 529.92, 1206.75, 529.92, 27.34, 11.66
7.43, 25, white car, 644.20, 496.63, 670.88, 508.02, 657.54, 502.33, 644.20, 502.33, 670.88, 502.33, 26.68, 11.39
7.43, 7, white car, 332.94, 461.29, 357.69, 472.03, 345.32, 466.66, 332.94, 466.66, 357.69, 466.66, 24.76, 10.74
7.47, 9, white car, 1176.16, 523.92, 1203.72, 535.67, 1189.94, 529.79, 1176.16, 529.79, 1203.72, 529.79, 27.56, 11.75
7.47, 25, white car, 640.97, 496.26, 667.95, 507.78, 654.46, 502.02, 640.97, 502.02, 667.95, 502.02, 26.98, 11.53
7.47, 7, white car, 330.13, 460.99, 355.47, 471.98, 342.80, 466.49, 330.13, 466.49, 355.47, 466.49, 25.35, 10.99
7.50, 9, white car, 1172.82, 523.69, 1200.85, 535.62, 1186.83, 529.65, 1172.82, 529.65, 1200.85, 529.65, 28.03, 11.93
7.50, 25, white car, 637.78, 495.97, 664.18, 507.25, 650.98, 501.61, 637.78, 501.61, 664.18, 501.61, 26.41, 11.29
7.50, 7, white car, 327.05, 460.46, 352.92, 471.67, 339.98, 466.06, 327.05, 466.06, 352.92, 466.06, 25.87, 11.22
7.53, 9, white car, 1169.24, 523.64, 1197.41, 535.65, 1183.33, 529.65, 1169.24, 529.65, 1197.41, 529.65, 28.17, 12.01
7.53, 25, white car, 634.50, 495.39, 660.73, 506.59, 647.61, 500.99, 634.50, 500.99, 660.73, 500.99, 26.23, 11.19
7.53, 7, white car, 323.87, 459.94, 350.15, 471.34, 337.01, 465.64, 323.87, 465.64, 350.15, 465.64, 26.28, 11.40
7.57, 9, white car, 1165.60, 523.85, 1193.19, 535.62, 1179.40, 529.73, 1165.60, 529.73, 1193.19, 529.73, 27.59, 11.78
7.57, 25, white car, 631.22, 495.04, 657.30, 506.14, 644.26, 500.59, 631.22, 500.59, 657.30, 500.59, 26.08, 11.09
7.57, 7, white car, 321.34, 459.55, 347.73, 471.01, 334.53, 465.28, 321.34, 465.28, 347.73, 465.28, 26.40, 11.46
7.60, 9, white car, 1162.24, 523.81, 1189.86, 535.63, 1176.05, 529.72, 1162.24, 529.72, 1189.86, 529.72, 27.61, 11.81
7.60, 25, white car, 627.73, 494.54, 654.37, 505.86, 641.05, 500.20, 627.73, 500.20, 654.37, 500.20, 26.64, 11.33
7.60, 7, white car, 318.17, 459.13, 344.92, 470.74, 331.54, 464.94, 318.17, 464.94, 344.92, 464.94, 26.76, 11.60
7.63, 9, white car, 1159.01, 523.81, 1186.20, 535.46, 1172.61, 529.64, 1159.01, 529.64, 1186.20, 529.64, 27.19, 11.66
7.63, 25, white car, 624.59, 494.37, 651.19, 505.68, 637.89, 500.02, 624.59, 500.02, 651.19, 500.02, 26.60, 11.31
7.63, 7, white car, 315.55, 458.83, 342.23, 470.42, 328.89, 464.63, 315.55, 464.63, 342.23, 464.63, 26.69, 11.59
7.67, 9, white car, 1155.62, 523.45, 1183.39, 535.39, 1169.50, 529.42, 1155.62, 529.42, 1183.39, 529.42, 27.77, 11.94
7.67, 25, white car, 621.33, 494.12, 647.78, 505.33, 634.56, 499.73, 621.33, 499.73, 647.78, 499.73, 26.45, 11.20
7.67, 7, white car, 312.81, 458.54, 339.02, 469.96, 325.92, 464.25, 312.81, 464.25, 339.02, 464.25, 26.21, 11.42
7.70, 9, white car, 1152.04, 523.43, 1179.65, 535.30, 1165.84, 529.36, 1152.04, 529.36, 1179.65, 529.36, 27.62, 11.87
7.70, 25, white car, 618.17, 493.95, 644.44, 505.07, 631.31, 499.51, 618.17, 499.51, 644.44, 499.51, 26.27, 11.12
7.70, 7, white car, 309.88, 458.11, 336.16, 469.60, 323.02, 463.86, 309.88, 463.86, 336.16, 463.86, 26.28, 11.49
7.73, 9, white car, 1148.51, 523.29, 1175.98, 535.10, 1162.24, 529.20, 1148.51, 529.20, 1175.98, 529.20, 27.47, 11.82
7.73, 25, white car, 614.88, 493.78, 641.28, 504.94, 628.08, 499.36, 614.88, 499.36, 641.28, 499.36, 26.40, 11.16
7.73, 7, white car, 307.36, 457.88, 333.64, 469.39, 320.50, 463.64, 307.36, 463.64, 333.64, 463.64, 26.28, 11.51
7.77, 9, white car, 1145.25, 523.19, 1172.31, 534.83, 1158.78, 529.01, 1145.25, 529.01, 1172.31, 529.01, 27.06, 11.64
7.77, 25, white car, 611.11, 493.66, 637.93, 505.02, 624.52, 499.34, 611.11, 499.34, 637.93, 499.34, 26.82, 11.35
7.77, 7, white car, 304.39, 457.45, 331.44, 469.31, 317.92, 463.38, 304.39, 463.38, 331.44, 463.38, 27.06, 11.86
7.80, 9, white car, 1141.71, 522.98, 1169.07, 534.74, 1155.39, 528.86, 1141.71, 528.86, 1169.07, 528.86, 27.36, 11.76
7.80, 7, white car, 301.38, 457.05, 328.85, 469.11, 315.12, 463.08, 301.38, 463.08, 328.85, 463.08, 27.47, 12.06
7.83, 9, white car, 1138.24, 523.07, 1165.09, 534.58, 1151.66, 528.83, 1138.24, 528.83, 1165.09, 528.83, 26.85, 11.50
7.83, 7, white car, 298.78, 456.89, 326.05, 468.91, 312.42, 462.90, 298.78, 462.90, 326.05, 462.90, 27.26, 12.01
7.83, 25, white car, 605.26, 492.61, 631.67, 503.79, 618.46, 498.20, 605.26, 498.20, 631.67, 498.20, 26.41, 11.18
7.87, 9, white car, 1134.76, 522.82, 1161.68, 534.36, 1148.22, 528.59, 1134.76, 528.59, 1161.68, 528.59, 26.91, 11.54
7.87, 7, white car, 296.17, 456.72, 323.15, 468.65, 309.66, 462.69, 296.17, 462.69, 323.15, 462.69, 26.98, 11.93
7.87, 25, white car, 601.90, 492.23, 628.16, 503.33, 615.03, 497.78, 601.90, 497.78, 628.16, 497.78, 26.25, 11.10
7.90, 9, white car, 1131.21, 522.58, 1158.38, 534.22, 1144.80, 528.40, 1131.21, 528.40, 1158.38, 528.40, 27.16, 11.64
7.90, 7, white car, 293.73, 456.38, 320.60, 468.28, 307.17, 462.33, 293.73, 462.33, 320.60, 462.33, 26.87, 11.90
7.90, 25, white car, 598.88, 491.92, 625.01, 502.94, 611.94, 497.43, 598.88, 497.43, 625.01, 497.43, 26.13, 11.02
7.93, 9, white car, 1127.61, 522.40, 1154.93, 534.13, 1141.27, 528.26, 1127.61, 528.26, 1154.93, 528.26, 27.32, 11.73
7.93, 7, white car, 291.10, 456.03, 317.53, 467.69, 304.31, 461.86, 291.10, 461.86, 317.53, 461.86, 26.43, 11.66
7.93, 25, white car, 595.37, 491.62, 621.44, 502.62, 608.41, 497.12, 595.37, 497.12, 621.44, 497.12, 26.07, 11.00
7.97, 9, white car, 1123.87, 522.21, 1151.35, 534.03, 1137.61, 528.12, 1123.87, 528.12, 1151.35, 528.12, 27.48, 11.81
7.97, 7, white car, 288.51, 455.86, 314.78, 467.43, 301.64, 461.65, 288.51, 461.65, 314.78, 461.65, 26.27, 11.58
7.97, 25, white car, 592.17, 491.44, 618.08, 502.36, 605.13, 496.90, 592.17, 496.90, 618.08, 496.90, 25.92, 10.92
8.00, 9, white car, 1120.30, 522.03, 1147.65, 533.80, 1133.97, 527.92, 1120.30, 527.92, 1147.65, 527.92, 27.35, 11.78
8.00, 7, white car, 285.88, 455.65, 311.85, 467.09, 298.87, 461.37, 285.88, 461.37, 311.85, 461.37, 25.97, 11.44
8.00, 25, white car, 588.67, 491.09, 614.71, 502.07, 601.69, 496.58, 588.67, 496.58, 614.71, 496.58, 26.04, 10.98
8.03, 9, white car, 1117.02, 521.95, 1144.38, 533.75, 1130.70, 527.85, 1117.02, 527.85, 1144.38, 527.85, 27.36, 11.80
8.03, 7, white car, 283.49, 455.36, 309.01, 466.55, 296.25, 460.95, 283.49, 460.95, 309.01, 460.95, 25.52, 11.20
8.03, 25, white car, 585.32, 490.80, 611.45, 501.80, 598.39, 496.30, 585.32, 496.30, 611.45, 496.30, 26.12, 10.99
8.07, 9, white car, 1113.33, 521.83, 1140.67, 533.66, 1127.00, 527.75, 1113.33, 527.75, 1140.67, 527.75, 27.34, 11.83
8.07, 7, white car, 280.69, 455.05, 306.26, 466.24, 293.48, 460.65, 280.69, 460.65, 306.26, 460.65, 25.57, 11.19
8.07, 25, white car, 582.08, 490.60, 608.11, 501.51, 595.09, 496.05, 582.08, 496.05, 608.11, 496.05, 26.03, 10.91
8.10, 9, white car, 1109.83, 521.78, 1137.38, 533.70, 1123.61, 527.74, 1109.83, 527.74, 1137.38, 527.74, 27.55, 11.92
8.10, 7, white car, 277.66, 454.64, 303.53, 465.92, 290.60, 460.28, 277.66, 460.28, 303.53, 460.28, 25.88, 11.28
8.10, 25, white car, 578.68, 490.07, 605.55, 501.36, 592.11, 495.71, 578.68, 495.71, 605.55, 495.71, 26.88, 11.29
8.13, 9, white car, 1106.16, 521.82, 1133.76, 533.75, 1119.96, 527.79, 1106.16, 527.79, 1133.76, 527.79, 27.60, 11.94
8.13, 7, white car, 275.20, 454.31, 301.29, 465.67, 288.25, 459.99, 275.20, 459.99, 301.29, 459.99, 26.09, 11.35
8.13, 25, white car, 575.65, 489.94, 602.00, 501.01, 588.82, 495.48, 575.65, 495.48, 602.00, 495.48, 26.35, 11.07
8.17, 9, white car, 1102.57, 521.83, 1130.03, 533.68, 1116.30, 527.75, 1102.57, 527.75, 1130.03, 527.75, 27.46, 11.85
8.17, 7, white car, 272.32, 453.89, 298.87, 465.42, 285.60, 459.66, 272.32, 459.66, 298.87, 459.66, 26.55, 11.53
8.17, 25, white car, 572.31, 489.49, 598.70, 500.57, 585.51, 495.03, 572.31, 495.03, 598.70, 495.03, 26.39, 11.08
8.20, 9, white car, 1098.76, 521.91, 1126.14, 533.74, 1112.45, 527.83, 1098.76, 527.83, 1126.14, 527.83, 27.38, 11.82
8.20, 7, white car, 269.79, 453.54, 296.68, 465.21, 283.24, 459.38, 269.79, 459.38, 296.68, 459.38, 26.89, 11.67
8.20, 25, white car, 569.05, 489.11, 595.41, 500.20, 582.23, 494.65, 569.05, 494.65, 595.41, 494.65, 26.37, 11.09
8.23, 9, white car, 1095.19, 521.89, 1122.42, 533.65, 1108.81, 527.77, 1095.19, 527.77, 1122.42, 527.77, 27.23, 11.76
8.23, 7, white car, 267.21, 453.24, 293.83, 464.79, 280.52, 459.01, 267.21, 459.01, 293.83, 459.01, 26.62, 11.55
8.23, 25, white car, 565.72, 488.48, 592.09, 499.56, 578.91, 494.02, 565.72, 494.02, 592.09, 494.02, 26.37, 11.08
8.27, 9, white car, 1091.51, 521.67, 1118.85, 533.44, 1105.18, 527.56, 1091.51, 527.56, 1118.85, 527.56, 27.35, 11.77
8.27, 7, white car, 264.33, 453.05, 290.96, 464.60, 277.64, 458.83, 264.33, 458.83, 290.96, 458.83, 26.62, 11.55
8.27, 25, white car, 562.41, 488.09, 588.85, 499.22, 575.63, 493.65, 562.41, 493.65, 588.85, 493.65, 26.44, 11.13
8.30, 7, white car, 261.12, 452.72, 287.77, 464.28, 274.45, 458.50, 261.12, 458.50, 287.77, 458.50, 26.65, 11.57
8.30, 25, white car, 558.97, 487.86, 585.59, 499.07, 572.28, 493.47, 558.97, 493.47, 585.59, 493.47, 26.62, 11.21
8.30, 55, white car, 1305.63, 531.44, 1335.58, 544.55, 1320.60, 537.99, 1305.63, 537.99, 1335.58, 537.99, 29.95, 13.11
8.33, 7, white car, 258.53, 452.42, 285.41, 464.11, 271.97, 458.26, 258.53, 458.26, 285.41, 458.26, 26.88, 11.70
8.33, 25, white car, 555.78, 487.57, 582.60, 498.88, 569.19, 493.22, 555.78, 493.22, 582.60, 493.22, 26.82, 11.31
8.33, 55, white car, 1302.97, 531.24, 1333.26, 544.50, 1318.11, 537.87, 1302.97, 537.87, 1333.26, 537.87, 30.29, 13.26
8.33, 9, white car, 1084.61, 521.23, 1111.36, 532.73, 1097.99, 526.98, 1084.61, 526.98, 1111.36, 526.98, 26.75, 11.50
8.37, 7, white car, 255.92, 451.95, 282.92, 463.72, 269.42, 457.84, 255.92, 457.84, 282.92, 457.84, 27.00, 11.77
8.37, 25, white car, 552.62, 487.24, 579.20, 498.44, 565.91, 492.84, 552.62, 492.84, 579.20, 492.84, 26.58, 11.20
8.37, 55, white car, 1300.54, 531.40, 1330.40, 544.46, 1315.47, 537.93, 1300.54, 537.93, 1330.40, 537.93, 29.86, 13.06
8.37, 9, white car, 1080.94, 521.11, 1107.96, 532.73, 1094.45, 526.92, 1080.94, 526.92, 1107.96, 526.92, 27.02, 11.61
8.40, 7, white car, 253.36, 451.74, 280.02, 463.38, 266.69, 457.56, 253.36, 457.56, 280.02, 457.56, 26.66, 11.64
8.40, 25, white car, 549.56, 486.97, 575.64, 497.96, 562.60, 492.46, 549.56, 492.46, 575.64, 492.46, 26.08, 10.99
8.40, 55, white car, 1298.09, 531.23, 1327.73, 544.19, 1312.91, 537.71, 1298.09, 537.71, 1327.73, 537.71, 29.64, 12.96
8.40, 9, white car, 1077.17, 520.94, 1104.81, 532.83, 1090.99, 526.89, 1077.17, 526.89, 1104.81, 526.89, 27.64, 11.89
8.43, 7, white car, 250.84, 451.37, 277.42, 463.01, 264.13, 457.19, 250.84, 457.19, 277.42, 457.19, 26.58, 11.64
8.43, 25, white car, 546.37, 486.70, 572.22, 497.61, 559.29, 492.16, 546.37, 492.16, 572.22, 492.16, 25.85, 10.91
8.43, 55, white car, 1294.73, 530.97, 1324.30, 543.90, 1309.52, 537.43, 1294.73, 537.43, 1324.30, 537.43, 29.57, 12.93
8.43, 9, white car, 1073.33, 520.63, 1101.04, 532.55, 1087.18, 526.59, 1073.33, 526.59, 1101.04, 526.59, 27.71, 11.92
8.47, 7, white car, 247.92, 450.96, 274.89, 462.79, 261.40, 456.87, 247.92, 456.87, 274.89, 456.87, 26.97, 11.83
8.47, 25, white car, 543.20, 486.26, 569.22, 497.26, 556.21, 491.76, 543.20, 491.76, 569.22, 491.76, 26.02, 11.00
8.47, 55, white car, 1291.73, 531.04, 1321.02, 543.85, 1306.38, 537.45, 1291.73, 537.45, 1321.02, 537.45, 29.29, 12.81
8.47, 9, white car, 1069.76, 520.62, 1097.19, 532.44, 1083.48, 526.53, 1069.76, 526.53, 1097.19, 526.53, 27.43, 11.82
8.50, 25, white car, 539.91, 485.81, 566.08, 496.91, 552.99, 491.36, 539.91, 491.36, 566.08, 491.36, 26.17, 11.10
8.50, 55, white car, 1289.13, 530.91, 1318.27, 543.65, 1303.70, 537.28, 1289.13, 537.28, 1318.27, 537.28, 29.14, 12.74
8.50, 9, white car, 1065.86, 520.32, 1093.62, 532.27, 1079.74, 526.29, 1065.86, 526.29, 1093.62, 526.29, 27.75, 11.96
8.53, 25, white car, 536.75, 485.38, 562.54, 496.30, 549.64, 490.84, 536.75, 490.84, 562.54, 490.84, 25.79, 10.92
8.53, 9, white car, 1062.57, 520.17, 1090.52, 532.21, 1076.54, 526.19, 1062.57, 526.19, 1090.52, 526.19, 27.95, 12.03
8.57, 25, white car, 533.76, 485.04, 559.43, 495.91, 546.60, 490.48, 533.76, 490.48, 559.43, 490.48, 25.66, 10.87
8.57, 55, white car, 1284.22, 530.54, 1313.02, 543.11, 1298.62, 536.83, 1284.22, 536.83, 1313.02, 536.83, 28.80, 12.57
8.60, 25, white car, 530.26, 484.79, 556.33, 495.83, 543.29, 490.31, 530.26, 490.31, 556.33, 490.31, 26.06, 11.04
8.60, 55, white car, 1281.37, 530.45, 1310.32, 543.04, 1295.84, 536.74, 1281.37, 536.74, 1310.32, 536.74, 28.95, 12.59
8.60, 9, white car, 1056.08, 520.01, 1082.65, 531.40, 1069.36, 525.71, 1056.08, 525.71, 1082.65, 525.71, 26.58, 11.39
8.63, 25, white car, 526.63, 484.43, 553.13, 495.66, 539.88, 490.05, 526.63, 490.05, 553.13, 490.05, 26.50, 11.23
8.63, 55, white car, 1278.29, 530.27, 1307.75, 543.09, 1293.02, 536.68, 1278.29, 536.68, 1307.75, 536.68, 29.46, 12.82
8.63, 9, white car, 1052.29, 519.96, 1078.75, 531.24, 1065.52, 525.60, 1052.29, 525.60, 1078.75, 525.60, 26.46, 11.28
8.63, 45, white car, 1368.83, 532.30, 1400.52, 545.20, 1384.68, 538.75, 1368.83, 538.75, 1400.52, 538.75, 31.69, 12.89
8.67, 25, white car, 522.94, 484.01, 549.67, 495.33, 536.30, 489.67, 522.94, 489.67, 549.67, 489.67, 26.73, 11.32
8.67, 55, white car, 1275.55, 530.19, 1305.02, 542.99, 1290.29, 536.59, 1275.55, 536.59, 1305.02, 536.59, 29.47, 12.80
8.67, 9, white car, 1048.45, 519.89, 1075.30, 531.31, 1061.88, 525.60, 1048.45, 525.60, 1075.30, 525.60, 26.85, 11.42
8.67, 45, white car, 1366.27, 532.30, 1397.88, 545.20, 1382.08, 538.75, 1366.27, 538.75, 1397.88, 538.75, 31.61, 12.90
8.70, 25, white car, 520.30, 483.57, 547.06, 494.92, 533.68, 489.25, 520.30, 489.25, 547.06, 489.25, 26.76, 11.35
8.70, 55, white car, 1272.87, 530.11, 1302.40, 542.93, 1287.63, 536.52, 1272.87, 536.52, 1302.40, 536.52, 29.53, 12.82
8.70, 9, white car, 1044.72, 519.88, 1072.04, 531.47, 1058.38, 525.68, 1044.72, 525.68, 1072.04, 525.68, 27.33, 11.59
8.70, 45, white car, 1363.38, 532.29, 1394.84, 545.13, 1379.11, 538.71, 1363.38, 538.71, 1394.84, 538.71, 31.45, 12.84
8.73, 25, white car, 517.22, 483.40, 543.84, 494.69, 530.53, 489.05, 517.22, 489.05, 543.84, 489.05, 26.62, 11.29
8.73, 55, white car, 1270.19, 529.99, 1299.56, 542.73, 1284.88, 536.36, 1270.19, 536.36, 1299.56, 536.36, 29.37, 12.74
8.73, 9, white car, 1041.01, 519.85, 1068.51, 531.49, 1054.76, 525.67, 1041.01, 525.67, 1068.51, 525.67, 27.50, 11.65
8.73, 45, white car, 1360.76, 532.30, 1392.34, 545.22, 1376.55, 538.76, 1360.76, 538.76, 1392.34, 538.76, 31.57, 12.92
8.77, 25, white car, 514.10, 483.31, 540.42, 494.47, 527.26, 488.89, 514.10, 488.89, 540.42, 488.89, 26.31, 11.16
8.77, 55, white car, 1267.39, 529.94, 1296.86, 542.72, 1282.12, 536.33, 1267.39, 536.33, 1296.86, 536.33, 29.48, 12.78
8.77, 9, white car, 1037.31, 519.73, 1064.93, 531.42, 1051.12, 525.57, 1037.31, 525.57, 1064.93, 525.57, 27.62, 11.69
8.77, 45, white car, 1358.14, 532.07, 1389.83, 545.05, 1373.98, 538.56, 1358.14, 538.56, 1389.83, 538.56, 31.69, 12.98
8.80, 25, white car, 510.91, 482.96, 537.06, 494.06, 523.99, 488.51, 510.91, 488.51, 537.06, 488.51, 26.15, 11.10
8.80, 55, white car, 1264.55, 529.80, 1293.85, 542.49, 1279.20, 536.15, 1264.55, 536.15, 1293.85, 536.15, 29.30, 12.69
8.80, 9, white car, 1033.62, 519.61, 1061.40, 531.34, 1047.51, 525.48, 1033.62, 525.48, 1061.40, 525.48, 27.78, 11.73
8.80, 45, white car, 1355.35, 531.86, 1387.16, 544.89, 1371.26, 538.38, 1355.35, 538.38, 1387.16, 538.38, 31.81, 13.03
8.83, 25, white car, 507.66, 482.45, 533.92, 493.59, 520.79, 488.02, 507.66, 488.02, 533.92, 488.02, 26.26, 11.14
8.83, 55, white car, 1261.66, 529.77, 1291.31, 542.60, 1276.48, 536.19, 1261.66, 536.19, 1291.31, 536.19, 29.65, 12.82
8.83, 9, white car, 1030.05, 519.55, 1057.35, 531.07, 1043.70, 525.31, 1030.05, 525.31, 1057.35, 525.31, 27.30, 11.52
8.83, 45, white car, 1352.64, 531.86, 1384.46, 544.91, 1368.55, 538.39, 1352.64, 538.39, 1384.46, 538.39, 31.83, 13.05
8.83, 7, white car, 218.44, 447.44, 246.26, 459.64, 232.35, 453.54, 218.44, 453.54, 246.26, 453.54, 27.81, 12.19
8.87, 25, white car, 504.37, 482.01, 530.60, 493.14, 517.48, 487.58, 504.37, 487.58, 530.60, 487.58, 26.23, 11.13
8.87, 55, white car, 1259.07, 529.72, 1288.58, 542.47, 1273.83, 536.10, 1259.07, 536.10, 1288.58, 536.10, 29.51, 12.75
8.87, 9, white car, 1026.78, 519.34, 1054.03, 530.86, 1040.40, 525.10, 1026.78, 525.10, 1054.03, 525.10, 27.25, 11.52
8.87, 45, white car, 1349.96, 531.92, 1381.34, 544.80, 1365.65, 538.36, 1349.96, 538.36, 1381.34, 538.36, 31.38, 12.88
8.87, 7, white car, 215.97, 447.20, 243.62, 459.35, 229.79, 453.28, 215.97, 453.28, 243.62, 453.28, 27.65, 12.15
8.90, 25, white car, 500.74, 481.05, 527.52, 492.43, 514.13, 486.74, 500.74, 486.74, 527.52, 486.74, 26.78, 11.37
8.90, 55, white car, 1256.34, 529.72, 1285.42, 542.30, 1270.88, 536.01, 1256.34, 536.01, 1285.42, 536.01, 29.08, 12.58
8.90, 9, white car, 1022.96, 519.06, 1050.55, 530.73, 1036.75, 524.90, 1022.96, 524.90, 1050.55, 524.90, 27.59, 11.67
8.90, 45, white car, 1347.19, 531.90, 1378.86, 544.92, 1363.02, 538.41, 1347.19, 538.41, 1378.86, 538.41, 31.67, 13.02
8.90, 7, white car, 213.28, 446.81, 241.50, 459.26, 227.39, 453.03, 213.28, 453.03, 241.50, 453.03, 28.22, 12.45
8.93, 25, white car, 497.88, 480.56, 524.64, 491.91, 511.26, 486.24, 497.88, 486.24, 524.64, 486.24, 26.76, 11.35
8.93, 55, white car, 1254.16, 529.63, 1283.03, 542.12, 1268.59, 535.87, 1254.16, 535.87, 1283.03, 535.87, 28.88, 12.48
8.93, 9, white car, 1019.54, 519.01, 1047.14, 530.68, 1033.34, 524.85, 1019.54, 524.85, 1047.14, 524.85, 27.60, 11.67
8.93, 45, white car, 1344.49, 531.68, 1376.51, 544.86, 1360.50, 538.27, 1344.49, 538.27, 1376.51, 538.27, 32.02, 13.18
8.93, 7, white car, 210.83, 446.69, 238.94, 459.15, 224.89, 452.92, 210.83, 452.92, 238.94, 452.92, 28.11, 12.46
8.97, 25, white car, 494.27, 479.96, 521.53, 491.52, 507.90, 485.74, 494.27, 485.74, 521.53, 485.74, 27.26, 11.56
8.97, 55, white car, 1251.21, 529.50, 1280.12, 542.00, 1265.67, 535.75, 1251.21, 535.75, 1280.12, 535.75, 28.91, 12.50
8.97, 9, white car, 1015.87, 518.88, 1043.42, 530.51, 1029.65, 524.69, 1015.87, 524.69, 1043.42, 524.69, 27.55, 11.63
8.97, 45, white car, 1341.81, 531.49, 1374.43, 544.94, 1358.12, 538.22, 1341.81, 538.22, 1374.43, 538.22, 32.63, 13.46
8.97, 7, white car, 208.56, 446.33, 236.10, 458.57, 222.33, 452.45, 208.56, 452.45, 236.10, 452.45, 27.54, 12.24
9.00, 25, white car, 491.15, 479.59, 518.54, 491.25, 504.84, 485.42, 491.15, 485.42, 518.54, 485.42, 27.39, 11.66
9.00, 55, white car, 1248.35, 529.23, 1277.60, 541.85, 1262.98, 535.54, 1248.35, 535.54, 1277.60, 535.54, 29.24, 12.62
9.00, 9, white car, 1012.37, 518.79, 1039.36, 530.21, 1025.86, 524.50, 1012.37, 524.50, 1039.36, 524.50, 26.99, 11.42
9.00, 45, white car, 1339.20, 531.18, 1372.09, 544.80, 1355.64, 537.99, 1339.20, 537.99, 1372.09, 537.99, 32.89, 13.62
9.00, 7, white car, 205.88, 445.85, 233.56, 458.20, 219.72, 452.03, 205.88, 452.03, 233.56, 452.03, 27.69, 12.35
9.03, 55, white car, 1245.65, 529.04, 1274.91, 541.67, 1260.28, 535.35, 1245.65, 535.35, 1274.91, 535.35, 29.26, 12.63
9.03, 9, white car, 1008.62, 518.60, 1035.48, 529.97, 1022.05, 524.29, 1008.62, 524.29, 1035.48, 524.29, 26.86, 11.37
9.03, 45, white car, 1336.71, 531.12, 1368.98, 544.52, 1352.84, 537.82, 1336.71, 537.82, 1368.98, 537.82, 32.27, 13.41
9.03, 7, white car, 203.09, 445.22, 230.86, 457.63, 216.97, 451.43, 203.09, 451.43, 230.86, 451.43, 27.77, 12.41
9.07, 55, white car, 1243.23, 529.09, 1271.95, 541.47, 1257.59, 535.28, 1243.23, 535.28, 1271.95, 535.28, 28.72, 12.37
9.07, 9, white car, 1004.56, 518.54, 1031.79, 530.08, 1018.17, 524.31, 1004.56, 524.31, 1031.79, 524.31, 27.23, 11.54
9.07, 45, white car, 1334.26, 531.28, 1366.03, 544.49, 1350.14, 537.89, 1334.26, 537.89, 1366.03, 537.89, 31.78, 13.20
9.07, 7, white car, 200.46, 444.89, 228.34, 457.38, 214.40, 451.14, 200.46, 451.14, 228.34, 451.14, 27.88, 12.50
9.10, 9, white car, 1000.90, 518.30, 1028.09, 529.83, 1014.49, 524.07, 1000.90, 524.07, 1028.09, 524.07, 27.20, 11.53
9.10, 45, white car, 1331.55, 531.10, 1363.56, 544.42, 1347.55, 537.76, 1331.55, 537.76, 1363.56, 537.76, 32.01, 13.32
9.10, 7, white car, 197.88, 444.60, 225.57, 457.01, 211.73, 450.80, 197.88, 450.80, 225.57, 450.80, 27.69, 12.41
9.13, 9, white car, 997.07, 517.89, 1024.66, 529.60, 1010.86, 523.75, 997.07, 523.75, 1024.66, 523.75, 27.59, 11.71
9.13, 45, white car, 1328.91, 530.78, 1361.30, 544.25, 1345.11, 537.52, 1328.91, 537.52, 1361.30, 537.52, 32.38, 13.47
9.13, 7, white car, 195.65, 444.43, 222.75, 456.57, 209.20, 450.50, 195.65, 450.50, 222.75, 450.50, 27.10, 12.14
9.17, 9, white car, 993.57, 517.49, 1021.00, 529.14, 1007.29, 523.31, 993.57, 523.31, 1021.00, 523.31, 27.42, 11.65
9.17, 45, white car, 1326.24, 530.57, 1358.54, 544.01, 1342.39, 537.29, 1326.24, 537.29, 1358.54, 537.29, 32.30, 13.44
9.17, 7, white car, 193.45, 444.29, 220.28, 456.31, 206.86, 450.30, 193.45, 450.30, 220.28, 450.30, 26.84, 12.03
9.17, 55, white car, 1234.75, 528.66, 1264.01, 541.23, 1249.38, 534.95, 1234.75, 534.95, 1264.01, 534.95, 29.25, 12.57
9.20, 9, white car, 990.10, 517.25, 1017.75, 529.03, 1003.93, 523.14, 990.10, 523.14, 1017.75, 523.14, 27.66, 11.78
9.20, 45, white car, 1323.60, 530.40, 1355.54, 543.67, 1339.57, 537.04, 1323.60, 537.04, 1355.54, 537.04, 31.95, 13.27
9.20, 7, white car, 190.74, 443.78, 217.79, 455.91, 204.27, 449.84, 190.74, 449.84, 217.79, 449.84, 27.05, 12.14
9.23, 9, white car, 986.76, 516.82, 1014.27, 528.57, 1000.51, 522.70, 986.76, 522.70, 1014.27, 522.70, 27.50, 11.74
9.23, 45, white car, 1320.48, 530.16, 1353.10, 543.73, 1336.79, 536.94, 1320.48, 536.94, 1353.10, 536.94, 32.62, 13.57
9.23, 7, white car, 188.15, 443.37, 215.22, 455.53, 201.69, 449.45, 188.15, 449.45, 215.22, 449.45, 27.07, 12.16
9.27, 9, white car, 983.51, 516.83, 1010.88, 528.54, 997.19, 522.69, 983.51, 522.69, 1010.88, 522.69, 27.37, 11.71
9.27, 45, white car, 1317.55, 529.82, 1350.68, 543.63, 1334.11, 536.73, 1317.55, 536.73, 1350.68, 536.73, 33.13, 13.81
9.27, 7, white car, 185.93, 443.09, 212.61, 455.08, 199.27, 449.09, 185.93, 449.09, 212.61, 449.09, 26.68, 11.99
9.27, 55, white car, 1227.15, 528.63, 1255.53, 540.76, 1241.34, 534.69, 1227.15, 534.69, 1255.53, 534.69, 28.39, 12.14
9.30, 9, white car, 979.28, 516.66, 1007.23, 528.62, 993.26, 522.64, 979.28, 522.64, 1007.23, 522.64, 27.96, 11.96
9.30, 45, white car, 1314.85, 529.75, 1348.05, 543.63, 1331.45, 536.69, 1314.85, 536.69, 1348.05, 536.69, 33.20, 13.88
9.30, 7, white car, 183.20, 442.83, 209.86, 454.81, 196.53, 448.82, 183.20, 448.82, 209.86, 448.82, 26.65, 11.98
9.30, 25, white car, 462.28, 476.01, 490.14, 488.01, 476.21, 482.01, 462.28, 482.01, 490.14, 482.01, 27.86, 12.00
9.33, 9, white car, 975.63, 516.38, 1003.63, 528.35, 989.63, 522.36, 975.63, 522.36, 1003.63, 522.36, 28.00, 11.97
9.33, 45, white car, 1312.08, 529.54, 1345.68, 543.64, 1328.88, 536.59, 1312.08, 536.59, 1345.68, 536.59, 33.60, 14.10
9.33, 7, white car, 180.78, 442.62, 207.42, 454.59, 194.10, 448.61, 180.78, 448.61, 207.42, 448.61, 26.64, 11.98
9.33, 25, white car, 459.18, 475.81, 487.21, 487.94, 473.19, 481.87, 459.18, 481.87, 487.21, 481.87, 28.03, 12.13
9.37, 9, white car, 972.38, 516.49, 1000.05, 528.31, 986.22, 522.40, 972.38, 522.40, 1000.05, 522.40, 27.66, 11.82
9.37, 45, white car, 1309.49, 529.56, 1342.39, 543.41, 1325.94, 536.48, 1309.49, 536.48, 1342.39, 536.48, 32.90, 13.85
9.37, 7, white car, 178.01, 442.41, 204.61, 454.34, 191.31, 448.38, 178.01, 448.38, 204.61, 448.38, 26.60, 11.93
9.37, 25, white car, 456.01, 475.59, 483.74, 487.64, 469.87, 481.62, 456.01, 481.62, 483.74, 481.62, 27.73, 12.06
9.40, 9, white car, 968.66, 516.49, 996.00, 528.15, 982.33, 522.32, 968.66, 522.32, 996.00, 522.32, 27.34, 11.66
9.40, 45, white car, 1306.83, 529.63, 1339.56, 543.44, 1323.19, 536.54, 1306.83, 536.54, 1339.56, 536.54, 32.72, 13.82
9.40, 7, white car, 175.31, 442.22, 202.14, 454.22, 188.72, 448.22, 175.31, 448.22, 202.14, 448.22, 26.83, 12.00
9.40, 25, white car, 452.96, 475.32, 480.78, 487.46, 466.87, 481.39, 452.96, 481.39, 480.78, 481.39, 27.82, 12.14
9.43, 9, white car, 964.94, 516.19, 992.47, 527.93, 978.71, 522.06, 964.94, 522.06, 992.47, 522.06, 27.53, 11.74
9.43, 45, white car, 1303.64, 529.28, 1336.92, 543.38, 1320.28, 536.33, 1303.64, 536.33, 1336.92, 536.33, 33.28, 14.10
9.43, 7, white car, 173.04, 442.11, 199.50, 453.95, 186.27, 448.03, 173.04, 448.03, 199.50, 448.03, 26.46, 11.84
9.43, 25, white car, 449.97, 475.09, 477.25, 486.98, 463.61, 481.03, 449.97, 481.03, 477.25, 481.03, 27.28, 11.89
9.43, 55, white car, 1213.44, 528.28, 1242.25, 540.53, 1227.85, 534.41, 1213.44, 534.41, 1242.25, 534.41, 28.81, 12.26
9.47, 9, white car, 961.42, 515.92, 988.49, 527.48, 974.95, 521.70, 961.42, 521.70, 988.49, 521.70, 27.07, 11.56
9.47, 45, white car, 1301.30, 529.22, 1334.41, 543.27, 1317.86, 536.24, 1301.30, 536.24, 1334.41, 536.24, 33.11, 14.06
9.47, 7, white car, 170.82, 441.85, 196.99, 453.49, 183.91, 447.67, 170.82, 447.67, 196.99, 447.67, 26.17, 11.64
9.47, 25, white car, 446.66, 474.54, 473.88, 486.41, 460.27, 480.48, 446.66, 480.48, 473.88, 480.48, 27.23, 11.88
9.47, 55, white car, 1210.51, 528.11, 1239.65, 540.49, 1225.08, 534.30, 1210.51, 534.30, 1239.65, 534.30, 29.13, 12.38
9.50, 9, white car, 957.70, 515.76, 984.81, 527.34, 971.25, 521.55, 957.70, 521.55, 984.81, 521.55, 27.11, 11.58
9.50, 45, white car, 1298.95, 529.19, 1331.63, 543.10, 1315.29, 536.15, 1298.95, 536.15, 1331.63, 536.15, 32.68, 13.90
9.50, 7, white car, 167.99, 441.51, 194.34, 453.21, 181.17, 447.36, 167.99, 447.36, 194.34, 447.36, 26.35, 11.70
9.50, 25, white car, 443.55, 473.96, 471.09, 486.01, 457.32, 479.98, 443.55, 479.98, 471.09, 479.98, 27.54, 12.06
9.50, 55, white car, 1207.57, 527.66, 1236.69, 540.05, 1222.13, 533.86, 1207.57, 533.86, 1236.69, 533.86, 29.13, 12.39
9.53, 9, white car, 954.03, 515.59, 981.06, 527.11, 967.55, 521.35, 954.03, 521.35, 981.06, 521.35, 27.03, 11.52
9.53, 45, white car, 1296.62, 529.18, 1328.69, 542.82, 1312.66, 536.00, 1296.62, 536.00, 1328.69, 536.00, 32.08, 13.64
9.53, 7, white car, 165.28, 441.17, 191.82, 452.96, 178.55, 447.07, 165.28, 447.07, 191.82, 447.07, 26.54, 11.78
9.53, 25, white car, 440.04, 473.55, 467.70, 485.65, 453.87, 479.60, 440.04, 479.60, 467.70, 479.60, 27.67, 12.10
9.57, 9, white car, 950.55, 515.20, 978.28, 527.01, 964.42, 521.10, 950.55, 521.10, 978.28, 521.10, 27.73, 11.81
9.57, 45, white car, 1294.37, 529.15, 1326.10, 542.62, 1310.24, 535.89, 1294.37, 535.89, 1326.10, 535.89, 31.73, 13.47
9.57, 7, white car, 162.31, 440.68, 189.51, 452.75, 175.91, 446.72, 162.31, 446.72, 189.51, 446.72, 27.21, 12.07
9.57, 25, white car, 436.78, 473.14, 464.70, 485.39, 450.74, 479.27, 436.78, 479.27, 464.70, 479.27, 27.92, 12.25
9.57, 55, white car, 1202.22, 527.33, 1230.97, 539.53, 1216.60, 533.43, 1202.22, 533.43, 1230.97, 533.43, 28.76, 12.20
9.60, 9, white car, 947.12, 514.94, 974.73, 526.68, 960.92, 520.81, 947.12, 520.81, 974.73, 520.81, 27.62, 11.74
9.60, 45, white car, 1291.61, 529.02, 1323.22, 542.44, 1307.42, 535.73, 1291.61, 535.73, 1323.22, 535.73, 31.61, 13.43
9.60, 7, white car, 159.82, 440.36, 186.87, 452.36, 173.35, 446.36, 159.82, 446.36, 186.87, 446.36, 27.05, 12.00
9.60, 25, white car, 433.66, 472.66, 461.51, 484.91, 447.58, 478.78, 433.66, 478.78, 461.51, 478.78, 27.84, 12.25
9.60, 55, white car, 1199.72, 527.18, 1228.29, 539.27, 1214.01, 533.23, 1199.72, 533.23, 1228.29, 533.23, 28.57, 12.09
9.63, 9, white car, 943.66, 514.96, 971.09, 526.64, 957.38, 520.80, 943.66, 520.80, 971.09, 520.80, 27.43, 11.68
9.63, 45, white car, 1289.15, 528.83, 1320.65, 542.23, 1304.90, 535.53, 1289.15, 535.53, 1320.65, 535.53, 31.50, 13.39
9.63, 7, white car, 157.83, 439.98, 184.43, 451.77, 171.13, 445.88, 157.83, 445.88, 184.43, 445.88, 26.60, 11.79
9.63, 25, white car, 430.62, 472.09, 458.54, 484.40, 444.58, 478.25, 430.62, 478.25, 458.54, 478.25, 27.92, 12.31
9.67, 9, white car, 939.61, 514.75, 967.43, 526.61, 953.52, 520.68, 939.61, 520.68, 967.43, 520.68, 27.81, 11.87
9.67, 45, white car, 1286.54, 528.92, 1317.81, 542.20, 1302.17, 535.56, 1286.54, 535.56, 1317.81, 535.56, 31.26, 13.28
9.67, 7, white car, 155.26, 439.72, 181.80, 451.46, 168.53, 445.59, 155.26, 445.59, 181.80, 445.59, 26.54, 11.74
9.67, 25, white car, 427.47, 471.68, 455.44, 484.05, 441.45, 477.86, 427.47, 477.86, 455.44, 477.86, 27.97, 12.37
9.67, 55, white car, 1193.46, 526.73, 1223.03, 539.25, 1208.25, 532.99, 1193.46, 532.99, 1223.03, 532.99, 29.57, 12.52
9.70, 9, white car, 936.17, 514.57, 963.67, 526.33, 949.92, 520.45, 936.17, 520.45, 963.67, 520.45, 27.49, 11.76
9.70, 45, white car, 1283.85, 528.72, 1315.14, 541.98, 1299.49, 535.35, 1283.85, 535.35, 1315.14, 535.35, 31.28, 13.27
9.70, 7, white car, 152.74, 439.41, 179.11, 451.06, 165.92, 445.23, 152.74, 445.23, 179.11, 445.23, 26.37, 11.65
9.70, 25, white car, 424.21, 471.24, 452.14, 483.61, 438.17, 477.42, 424.21, 477.42, 452.14, 477.42, 27.93, 12.37
9.70, 55, white car, 1190.69, 526.61, 1220.45, 539.19, 1205.57, 532.90, 1190.69, 532.90, 1220.45, 532.90, 29.76, 12.58
9.73, 9, white car, 932.76, 514.50, 959.84, 526.08, 946.30, 520.29, 932.76, 520.29, 959.84, 520.29, 27.08, 11.57
9.73, 45, white car, 1281.27, 528.53, 1312.71, 541.84, 1296.99, 535.18, 1281.27, 535.18, 1312.71, 535.18, 31.44, 13.31
9.73, 7, white car, 150.04, 439.27, 176.39, 450.90, 163.21, 445.08, 150.04, 445.08, 176.39, 445.08, 26.36, 11.63
9.73, 25, white car, 421.14, 470.92, 448.97, 483.29, 435.06, 477.10, 421.14, 477.10, 448.97, 477.10, 27.83, 12.37
9.77, 9, white car, 928.83, 514.19, 956.12, 525.83, 942.48, 520.01, 928.83, 520.01, 956.12, 520.01, 27.29, 11.65
9.77, 45, white car, 1278.31, 528.21, 1310.32, 541.78, 1294.31, 535.00, 1278.31, 535.00, 1310.32, 535.00, 32.01, 13.57
9.77, 7, white car, 147.29, 438.96, 173.89, 450.70, 160.59, 444.83, 147.29, 444.83, 173.89, 444.83, 26.60, 11.74
9.77, 25, white car, 417.93, 470.58, 445.22, 482.69, 431.58, 476.63, 417.93, 476.63, 445.22, 476.63, 27.29, 12.12
9.80, 9, white car, 924.92, 513.55, 953.11, 525.60, 939.01, 519.58, 924.92, 519.58, 953.11, 519.58, 28.19, 12.04
9.80, 45, white car, 1275.63, 528.05, 1307.58, 541.60, 1291.61, 534.82, 1275.63, 534.82, 1307.58, 534.82, 31.95, 13.55
9.80, 7, white car, 144.98, 438.60, 171.80, 450.45, 158.39, 444.53, 144.98, 444.53, 171.80, 444.53, 26.81, 11.86
9.80, 25, white car, 415.09, 470.27, 442.34, 482.36, 428.72, 476.31, 415.09, 476.31, 442.34, 476.31, 27.25, 12.09
9.83, 9, white car, 921.40, 513.20, 949.48, 525.23, 935.44, 519.22, 921.40, 519.22, 949.48, 519.22, 28.08, 12.04
9.83, 45, white car, 1273.08, 528.11, 1304.92, 541.60, 1289.00, 534.86, 1273.08, 534.86, 1304.92, 534.86, 31.84, 13.49
9.83, 7, white car, 142.38, 438.18, 169.17, 450.01, 155.78, 444.09, 142.38, 444.09, 169.17, 444.09, 26.79, 11.83
9.83, 25, white car, 411.86, 470.00, 439.16, 482.09, 425.51, 476.04, 411.86, 476.04, 439.16, 476.04, 27.29, 12.10
9.87, 9, white car, 917.79, 513.03, 945.40, 524.88, 931.59, 518.95, 917.79, 518.95, 945.40, 518.95, 27.61, 11.86
9.87, 45, white car, 1270.62, 528.27, 1301.61, 541.37, 1286.12, 534.82, 1270.62, 534.82, 1301.61, 534.82, 30.99, 13.10
9.87, 7, white car, 139.99, 437.90, 166.81, 449.72, 153.40, 443.81, 139.99, 443.81, 166.81, 443.81, 26.82, 11.82
9.87, 25, white car, 408.77, 469.52, 436.30, 481.70, 422.54, 475.61, 408.77, 475.61, 436.30, 475.61, 27.53, 12.19
9.90, 9, white car, 914.03, 512.69, 941.89, 524.66, 927.96, 518.67, 914.03, 518.67, 941.89, 518.67, 27.86, 11.97
9.90, 45, white car, 1267.85, 528.14, 1298.98, 541.28, 1283.41, 534.71, 1267.85, 534.71, 1298.98, 534.71, 31.13, 13.14
9.90, 7, white car, 137.66, 437.64, 164.33, 449.37, 150.99, 443.51, 137.66, 443.51, 164.33, 443.51, 26.67, 11.73
9.90, 25, white car, 405.46, 468.95, 433.16, 481.20, 419.31, 475.08, 405.46, 475.08, 433.16, 475.08, 27.70, 12.26
9.90, 55, white car, 1174.56, 526.43, 1203.48, 538.58, 1189.02, 532.51, 1174.56, 532.51, 1203.48, 532.51, 28.92, 12.15
9.93, 9, white car, 910.20, 512.63, 938.49, 524.81, 924.34, 518.72, 910.20, 518.72, 938.49, 518.72, 28.30, 12.18
9.93, 45, white car, 1264.76, 528.07, 1296.15, 541.33, 1280.45, 534.70, 1264.76, 534.70, 1296.15, 534.70, 31.39, 13.26
9.93, 7, white car, 134.60, 437.41, 160.85, 448.93, 147.72, 443.17, 134.60, 443.17, 160.85, 443.17, 26.24, 11.53
9.93, 25, white car, 402.63, 468.66, 430.13, 480.82, 416.38, 474.74, 402.63, 474.74, 430.13, 474.74, 27.50, 12.16
9.93, 55, white car, 1171.59, 526.40, 1200.72, 538.62, 1186.16, 532.51, 1171.59, 532.51, 1200.72, 532.51, 29.13, 12.22
9.97, 9, white car, 906.70, 512.58, 934.93, 524.75, 920.81, 518.66, 906.70, 518.66, 934.93, 518.66, 28.23, 12.17
9.97, 45, white car, 1261.80, 527.97, 1293.62, 541.43, 1277.71, 534.70, 1261.80, 534.70, 1293.62, 534.70, 31.82, 13.47
9.97, 7, white car, 131.57, 437.16, 158.05, 448.80, 144.81, 442.98, 131.57, 442.98, 158.05, 442.98, 26.48, 11.65
9.97, 25, white car, 399.43, 468.20, 427.18, 480.47, 413.30, 474.34, 399.43, 474.34, 427.18, 474.34, 27.75, 12.27
9.97, 55, white car, 1169.15, 526.29, 1198.20, 538.46, 1183.68, 532.38, 1169.15, 532.38, 1198.20, 532.38, 29.06, 12.18
