0.00, 14, white car, 462.91, 489.71, 494.72, 504.39, 478.81, 497.05, 462.91, 497.05, 494.72, 497.05, 31.82, 14.68
0.03, 14, white car, 459.67, 489.43, 491.25, 503.99, 475.46, 496.71, 459.67, 496.71, 491.25, 496.71, 31.58, 14.56
0.07, 14, white car, 456.30, 489.30, 487.79, 503.81, 472.05, 496.56, 456.30, 496.56, 487.79, 496.56, 31.49, 14.51
0.10, 14, white car, 451.33, 488.66, 483.91, 503.70, 467.62, 496.18, 451.33, 496.18, 483.91, 496.18, 32.58, 15.04
0.13, 14, white car, 447.22, 488.14, 479.97, 503.28, 463.60, 495.71, 447.22, 495.71, 479.97, 495.71, 32.75, 15.13
0.17, 14, white car, 443.23, 487.60, 476.63, 503.06, 459.93, 495.33, 443.23, 495.33, 476.63, 495.33, 33.40, 15.47
0.20, 14, white car, 439.26, 486.79, 473.40, 502.64, 456.33, 494.72, 439.26, 494.72, 473.40, 494.72, 34.14, 15.85
0.23, 14, white car, 434.73, 486.16, 469.55, 502.41, 452.14, 494.29, 434.73, 494.29, 469.55, 494.29, 34.82, 16.25
0.27, 14, white car, 430.91, 485.61, 465.55, 501.85, 448.23, 493.73, 430.91, 493.73, 465.55, 493.73, 34.64, 16.24
0.30, 14, white car, 426.99, 484.89, 461.93, 501.40, 444.46, 493.14, 426.99, 493.14, 461.93, 493.14, 34.95, 16.50
0.33, 14, white car, 423.99, 484.95, 457.16, 500.64, 440.58, 492.80, 423.99, 492.80, 457.16, 492.80, 33.18, 15.69
0.37, 14, white car, 420.28, 484.63, 453.32, 500.32, 436.80, 492.47, 420.28, 492.47, 453.32, 492.47, 33.03, 15.69
0.40, 14, white car, 417.25, 484.45, 449.42, 499.72, 433.34, 492.08, 417.25, 492.08, 449.42, 492.08, 32.17, 15.27
0.43, 14, white car, 413.72, 484.07, 445.75, 499.29, 429.74, 491.68, 413.72, 491.68, 445.75, 491.68, 32.03, 15.22
0.47, 14, white car, 410.08, 483.96, 441.36, 498.82, 425.72, 491.39, 410.08, 491.39, 441.36, 491.39, 31.28, 14.86
0.50, 14, white car, 406.49, 483.60, 437.91, 498.55, 422.20, 491.08, 406.49, 491.08, 437.91, 491.08, 31.42, 14.95
0.53, 14, white car, 402.95, 483.30, 433.63, 497.87, 418.29, 490.59, 402.95, 490.59, 433.63, 490.59, 30.68, 14.58
0.57, 14, white car, 399.27, 482.82, 430.26, 497.54, 414.76, 490.18, 399.27, 490.18, 430.26, 490.18, 30.98, 14.72
0.60, 14, white car, 395.57, 482.27, 426.46, 496.99, 411.01, 489.63, 395.57, 489.63, 426.46, 489.63, 30.88, 14.72
0.63, 14, white car, 391.50, 481.77, 422.91, 496.77, 407.20, 489.27, 391.50, 489.27, 422.91, 489.27, 31.40, 15.00
0.67, 14, white car, 387.93, 481.37, 419.39, 496.43, 403.66, 488.90, 387.93, 488.90, 419.39, 488.90, 31.46, 15.06
0.70, 14, white car, 384.38, 480.96, 415.67, 495.93, 400.02, 488.45, 384.38, 488.45, 415.67, 488.45, 31.29, 14.97
0.73, 14, white car, 381.20, 480.73, 411.88, 495.36, 396.54, 488.04, 381.20, 488.04, 411.88, 488.04, 30.68, 14.64
0.77, 14, white car, 377.43, 480.60, 408.11, 495.20, 392.77, 487.90, 377.43, 487.90, 408.11, 487.90, 30.68, 14.60
0.80, 14, white car, 373.97, 480.20, 404.37, 494.67, 389.17, 487.44, 373.97, 487.44, 404.37, 487.44, 30.40, 14.47
0.83, 14, white car, 370.64, 479.90, 400.98, 494.32, 385.81, 487.11, 370.64, 487.11, 400.98, 487.11, 30.34, 14.42
0.87, 14, white car, 367.31, 479.70, 397.69, 494.14, 382.50, 486.92, 367.31, 486.92, 397.69, 486.92, 30.38, 14.45
0.90, 14, white car, 363.66, 479.11, 394.15, 493.64, 378.91, 486.38, 363.66, 486.38, 394.15, 486.38, 30.49, 14.54
0.93, 14, white car, 360.08, 478.58, 390.78, 493.25, 375.43, 485.91, 360.08, 485.91, 390.78, 485.91, 30.70, 14.67
0.97, 14, white car, 356.15, 477.99, 387.48, 493.02, 371.81, 485.50, 356.15, 485.50, 387.48, 485.50, 31.33, 15.04
1.00, 14, white car, 352.89, 477.65, 383.45, 492.33, 368.17, 484.99, 352.89, 484.99, 383.45, 484.99, 30.56, 14.67
1.03, 14, white car, 349.32, 477.13, 379.89, 491.80, 364.60, 484.46, 349.32, 484.46, 379.89, 484.46, 30.58, 14.68
1.07, 14, white car, 345.85, 476.57, 376.60, 491.36, 361.22, 483.96, 345.85, 483.96, 376.60, 483.96, 30.75, 14.80
1.10, 14, white car, 342.46, 475.87, 373.11, 490.62, 357.79, 483.24, 342.46, 483.24, 373.11, 483.24, 30.65, 14.75
1.13, 14, white car, 339.00, 475.47, 369.26, 490.04, 354.13, 482.75, 339.00, 482.75, 369.26, 482.75, 30.27, 14.56
1.17, 14, white car, 336.06, 475.36, 365.85, 489.68, 350.95, 482.52, 336.06, 482.52, 365.85, 482.52, 29.79, 14.31
1.20, 14, white car, 333.20, 475.52, 362.27, 489.39, 347.74, 482.46, 333.20, 482.46, 362.27, 482.46, 29.06, 13.88
1.20, 20, black car, 1414.53, 552.15, 1444.84, 565.25, 1429.69, 558.70, 1414.53, 558.70, 1444.84, 558.70, 30.31, 13.09
1.23, 14, white car, 329.85, 475.57, 358.77, 489.31, 344.31, 482.44, 329.85, 482.44, 358.77, 482.44, 28.92, 13.74
1.23, 20, black car, 1411.25, 551.65, 1441.97, 564.96, 1426.61, 558.31, 1411.25, 558.31, 1441.97, 558.31, 30.72, 13.31
1.27, 14, white car, 326.14, 475.33, 354.99, 488.95, 340.57, 482.14, 326.14, 482.14, 354.99, 482.14, 28.85, 13.63
1.27, 20, black car, 1408.77, 551.33, 1439.65, 564.72, 1424.21, 558.02, 1408.77, 558.02, 1439.65, 558.02, 30.88, 13.39
1.30, 14, white car, 322.52, 474.96, 351.70, 488.66, 337.11, 481.81, 322.52, 481.81, 351.70, 481.81, 29.18, 13.71
1.30, 20, black car, 1406.44, 551.37, 1436.89, 564.55, 1421.66, 557.96, 1406.44, 557.96, 1436.89, 557.96, 30.45, 13.18
1.33, 14, white car, 318.97, 474.52, 348.39, 488.28, 333.68, 481.40, 318.97, 481.40, 348.39, 481.40, 29.42, 13.76
1.33, 20, black car, 1404.16, 551.53, 1433.92, 564.40, 1419.04, 557.96, 1404.16, 557.96, 1433.92, 557.96, 29.76, 12.87
1.37, 14, white car, 315.29, 473.95, 345.13, 487.90, 330.21, 480.92, 315.29, 480.92, 345.13, 480.92, 29.85, 13.94
1.37, 20, black car, 1401.55, 551.63, 1430.86, 564.30, 1416.21, 557.97, 1401.55, 557.97, 1430.86, 557.97, 29.31, 12.67
1.40, 14, white car, 312.06, 473.50, 342.29, 487.62, 327.17, 480.56, 312.06, 480.56, 342.29, 480.56, 30.23, 14.13
1.40, 20, black car, 1399.08, 551.57, 1428.27, 564.17, 1413.67, 557.87, 1399.08, 557.87, 1428.27, 557.87, 29.18, 12.60
1.43, 14, white car, 308.53, 472.75, 339.24, 487.14, 323.88, 479.94, 308.53, 479.94, 339.24, 479.94, 30.71, 14.39
1.43, 20, black car, 1396.65, 551.65, 1424.71, 563.69, 1410.68, 557.67, 1396.65, 557.67, 1424.71, 557.67, 28.05, 12.04
1.47, 14, white car, 304.86, 472.20, 335.45, 486.53, 320.16, 479.36, 304.86, 479.36, 335.45, 479.36, 30.58, 14.33
1.47, 20, black car, 1393.44, 551.65, 1421.29, 563.51, 1407.37, 557.58, 1393.44, 557.58, 1421.29, 557.58, 27.85, 11.86
1.50, 14, white car, 301.38, 471.50, 332.55, 486.14, 316.97, 478.82, 301.38, 478.82, 332.55, 478.82, 31.17, 14.65
1.50, 20, black car, 1391.15, 551.65, 1418.70, 563.33, 1404.93, 557.49, 1391.15, 557.49, 1418.70, 557.49, 27.55, 11.67
1.53, 14, white car, 298.34, 471.08, 329.17, 485.57, 313.76, 478.33, 298.34, 478.33, 329.17, 478.33, 30.83, 14.49
1.53, 20, black car, 1388.36, 551.66, 1416.05, 563.34, 1402.20, 557.50, 1388.36, 557.50, 1416.05, 557.50, 27.69, 11.68
1.57, 14, white car, 295.09, 470.94, 325.66, 485.31, 310.38, 478.13, 295.09, 478.13, 325.66, 478.13, 30.57, 14.37
1.57, 20, black car, 1385.81, 551.50, 1413.61, 563.15, 1399.71, 557.32, 1385.81, 557.32, 1413.61, 557.32, 27.80, 11.65
1.60, 14, white car, 291.91, 470.72, 322.25, 484.96, 307.08, 477.84, 291.91, 477.84, 322.25, 477.84, 30.34, 14.25
1.60, 20, black car, 1382.61, 551.40, 1410.45, 563.01, 1396.53, 557.20, 1382.61, 557.20, 1410.45, 557.20, 27.84, 11.62
1.63, 14, white car, 289.10, 470.51, 319.12, 484.56, 304.11, 477.54, 289.10, 477.54, 319.12, 477.54, 30.01, 14.05
1.63, 20, black car, 1379.19, 551.38, 1407.71, 563.23, 1393.45, 557.31, 1379.19, 557.31, 1407.71, 557.31, 28.51, 11.85
1.67, 14, white car, 285.73, 470.44, 315.57, 484.36, 300.65, 477.40, 285.73, 477.40, 315.57, 477.40, 29.84, 13.92
1.67, 20, black car, 1376.51, 551.18, 1405.37, 563.16, 1390.94, 557.17, 1376.51, 557.17, 1405.37, 557.17, 28.86, 11.98
1.70, 14, white car, 282.45, 470.17, 312.29, 484.07, 297.37, 477.12, 282.45, 477.12, 312.29, 477.12, 29.84, 13.89
1.70, 20, black car, 1373.41, 551.00, 1402.72, 563.18, 1388.06, 557.09, 1373.41, 557.09, 1402.72, 557.09, 29.31, 12.19
1.73, 14, white car, 279.03, 469.81, 309.55, 484.04, 294.29, 476.93, 279.03, 476.93, 309.55, 476.93, 30.52, 14.22
1.73, 20, black car, 1370.72, 550.57, 1400.18, 562.80, 1385.45, 556.68, 1370.72, 556.68, 1400.18, 556.68, 29.45, 12.24
1.77, 14, white car, 275.94, 469.49, 306.09, 483.53, 291.01, 476.51, 275.94, 476.51, 306.09, 476.51, 30.15, 14.03
1.77, 20, black car, 1367.65, 550.17, 1397.32, 562.47, 1382.49, 556.32, 1367.65, 556.32, 1397.32, 556.32, 29.67, 12.31
1.80, 14, white car, 272.57, 469.15, 303.07, 483.36, 287.82, 476.26, 272.57, 476.26, 303.07, 476.26, 30.50, 14.21
1.80, 20, black car, 1364.96, 549.90, 1394.71, 562.23, 1379.84, 556.07, 1364.96, 556.07, 1394.71, 556.07, 29.74, 12.32
1.83, 14, white car, 269.63, 468.68, 299.99, 482.83, 284.81, 475.76, 269.63, 475.76, 299.99, 475.76, 30.36, 14.15
1.83, 20, black car, 1362.77, 549.75, 1392.24, 561.97, 1377.51, 555.86, 1362.77, 555.86, 1392.24, 555.86, 29.48, 12.22
1.87, 14, white car, 266.58, 468.28, 296.91, 482.44, 281.74, 475.36, 266.58, 475.36, 296.91, 475.36, 30.33, 14.15
1.87, 20, black car, 1359.64, 549.62, 1389.69, 562.05, 1374.67, 555.83, 1359.64, 555.83, 1389.69, 555.83, 30.05, 12.43
1.90, 14, white car, 263.00, 467.74, 293.64, 482.06, 278.32, 474.90, 263.00, 474.90, 293.64, 474.90, 30.64, 14.31
1.90, 20, black car, 1356.54, 549.57, 1386.70, 562.05, 1371.62, 555.81, 1356.54, 555.81, 1386.70, 555.81, 30.17, 12.49
1.93, 14, white car, 259.67, 467.55, 290.34, 481.92, 275.01, 474.73, 259.67, 474.73, 290.34, 474.73, 30.67, 14.37
1.93, 20, black car, 1353.15, 549.44, 1383.64, 562.07, 1368.40, 555.75, 1353.15, 555.75, 1383.64, 555.75, 30.49, 12.64
1.97, 14, white car, 257.00, 466.91, 287.23, 481.04, 272.11, 473.97, 257.00, 473.97, 287.23, 473.97, 30.23, 14.13
1.97, 20, black car, 1350.09, 549.27, 1380.76, 562.02, 1365.43, 555.64, 1350.09, 555.64, 1380.76, 555.64, 30.67, 12.76
2.00, 14, white car, 253.63, 466.57, 284.04, 480.77, 268.83, 473.67, 253.63, 473.67, 284.04, 473.67, 30.42, 14.20
2.00, 20, black car, 1347.70, 549.19, 1378.15, 561.89, 1362.92, 555.54, 1347.70, 555.54, 1378.15, 555.54, 30.45, 12.70
2.03, 14, white car, 250.32, 466.26, 280.66, 480.43, 265.49, 473.35, 250.32, 473.35, 280.66, 473.35, 30.34, 14.17
2.03, 20, black car, 1344.85, 549.15, 1375.60, 562.00, 1360.22, 555.57, 1344.85, 555.57, 1375.60, 555.57, 30.75, 12.85
2.07, 14, white car, 247.45, 466.20, 277.47, 480.19, 262.46, 473.19, 247.45, 473.19, 277.47, 473.19, 30.02, 13.98
2.07, 20, black car, 1342.28, 549.07, 1372.88, 561.88, 1357.58, 555.47, 1342.28, 555.47, 1372.88, 555.47, 30.61, 12.81
2.10, 14, white car, 243.94, 465.71, 274.34, 479.83, 259.14, 472.77, 243.94, 472.77, 274.34, 472.77, 30.40, 14.12
2.10, 20, black car, 1339.38, 548.67, 1370.14, 561.57, 1354.76, 555.12, 1339.38, 555.12, 1370.14, 555.12, 30.76, 12.90
2.13, 14, white car, 240.88, 465.49, 271.27, 479.58, 256.08, 472.54, 240.88, 472.54, 271.27, 472.54, 30.39, 14.08
2.13, 20, black car, 1336.29, 548.66, 1366.69, 561.39, 1351.49, 555.02, 1336.29, 555.02, 1366.69, 555.02, 30.40, 12.73
2.17, 14, white car, 237.67, 465.13, 268.30, 479.33, 252.98, 472.23, 237.67, 472.23, 268.30, 472.23, 30.63, 14.20
2.17, 20, black car, 1333.78, 548.51, 1363.98, 561.15, 1348.88, 554.83, 1333.78, 554.83, 1363.98, 554.83, 30.21, 12.64
2.20, 14, white car, 234.45, 464.77, 265.18, 478.98, 249.81, 471.87, 234.45, 471.87, 265.18, 471.87, 30.73, 14.21
2.20, 20, black car, 1331.47, 548.63, 1361.13, 560.99, 1346.30, 554.81, 1331.47, 554.81, 1361.13, 554.81, 29.66, 12.36
2.23, 14, white car, 230.95, 464.26, 261.97, 478.63, 246.46, 471.44, 230.95, 471.44, 261.97, 471.44, 31.02, 14.38
2.23, 20, black car, 1329.57, 548.62, 1358.32, 560.55, 1343.94, 554.58, 1329.57, 554.58, 1358.32, 554.58, 28.75, 11.93
2.27, 14, white car, 227.82, 463.92, 259.04, 478.40, 243.43, 471.16, 227.82, 471.16, 259.04, 471.16, 31.22, 14.48
2.27, 20, black car, 1326.70, 548.45, 1355.47, 560.31, 1341.09, 554.38, 1326.70, 554.38, 1355.47, 554.38, 28.77, 11.86
2.30, 14, white car, 224.95, 463.36, 256.13, 477.80, 240.54, 470.58, 224.95, 470.58, 256.13, 470.58, 31.18, 14.45
2.30, 20, black car, 1324.00, 548.29, 1352.86, 560.12, 1338.43, 554.21, 1324.00, 554.21, 1352.86, 554.21, 28.86, 11.83
2.33, 14, white car, 221.70, 462.89, 253.25, 477.51, 237.47, 470.20, 221.70, 470.20, 253.25, 470.20, 31.55, 14.63
2.33, 20, black car, 1320.97, 548.04, 1350.41, 560.06, 1335.69, 554.05, 1320.97, 554.05, 1350.41, 554.05, 29.44, 12.02
2.37, 14, white car, 218.79, 462.57, 250.12, 477.07, 234.45, 469.82, 218.79, 469.82, 250.12, 469.82, 31.33, 14.50
2.37, 20, black car, 1317.83, 548.12, 1347.21, 560.07, 1332.52, 554.10, 1317.83, 554.10, 1347.21, 554.10, 29.38, 11.95
2.40, 14, white car, 215.71, 462.24, 247.02, 476.78, 231.37, 469.51, 215.71, 469.51, 247.02, 469.51, 31.32, 14.54
2.40, 20, black car, 1315.25, 548.16, 1344.30, 559.94, 1329.78, 554.05, 1315.25, 554.05, 1344.30, 554.05, 29.05, 11.78
2.43, 14, white car, 212.78, 461.82, 244.23, 476.47, 228.50, 469.15, 212.78, 469.15, 244.23, 469.15, 31.46, 14.65
2.43, 20, black car, 1312.12, 548.16, 1341.22, 559.94, 1326.67, 554.05, 1312.12, 554.05, 1341.22, 554.05, 29.10, 11.77
2.47, 14, white car, 209.60, 461.06, 241.74, 476.12, 225.67, 468.59, 209.60, 468.59, 241.74, 468.59, 32.14, 15.06
2.47, 20, black car, 1309.43, 548.24, 1338.18, 559.85, 1323.80, 554.05, 1309.43, 554.05, 1338.18, 554.05, 28.75, 11.60
2.50, 14, white car, 206.66, 460.72, 238.75, 475.78, 222.70, 468.25, 206.66, 468.25, 238.75, 468.25, 32.09, 15.06
2.50, 20, black car, 1306.38, 548.16, 1335.34, 559.84, 1320.86, 554.00, 1306.38, 554.00, 1335.34, 554.00, 28.96, 11.68
2.53, 14, white car, 204.14, 460.70, 234.93, 475.09, 219.54, 467.90, 204.14, 467.90, 234.93, 467.90, 30.80, 14.39
2.53, 20, black car, 1303.57, 548.13, 1332.57, 559.83, 1318.07, 553.98, 1303.57, 553.98, 1332.57, 553.98, 29.00, 11.70
2.57, 14, white car, 200.88, 460.57, 232.17, 475.23, 216.52, 467.90, 200.88, 467.90, 232.17, 467.90, 31.30, 14.65
2.57, 20, black car, 1301.08, 547.85, 1330.34, 559.64, 1315.71, 553.74, 1301.08, 553.74, 1330.34, 553.74, 29.26, 11.79
2.60, 14, white car, 197.80, 460.23, 228.88, 474.82, 213.34, 467.53, 197.80, 467.53, 228.88, 467.53, 31.07, 14.59
2.60, 20, black car, 1298.07, 547.72, 1327.53, 559.60, 1312.80, 553.66, 1298.07, 553.66, 1327.53, 553.66, 29.46, 11.88
2.63, 14, white car, 194.96, 459.89, 226.04, 474.51, 210.50, 467.20, 194.96, 467.20, 226.04, 467.20, 31.08, 14.63
2.63, 20, black car, 1294.96, 547.74, 1324.01, 559.44, 1309.49, 553.59, 1294.96, 553.59, 1324.01, 553.59, 29.05, 11.70
2.67, 14, white car, 192.58, 460.04, 222.62, 474.17, 207.60, 467.11, 192.58, 467.11, 222.62, 467.11, 30.04, 14.13
2.67, 20, black car, 1292.21, 547.63, 1321.20, 559.26, 1306.70, 553.44, 1292.21, 553.44, 1321.20, 553.44, 28.99, 11.63
2.70, 14, white car, 189.23, 459.48, 219.82, 473.90, 204.52, 466.69, 189.23, 466.69, 219.82, 466.69, 30.59, 14.41
2.70, 20, black car, 1289.74, 547.64, 1318.40, 559.10, 1304.07, 553.37, 1289.74, 553.37, 1318.40, 553.37, 28.65, 11.46
2.73, 14, white car, 186.08, 459.06, 216.88, 473.54, 201.48, 466.30, 186.08, 466.30, 216.88, 466.30, 30.79, 14.48
2.73, 20, black car, 1287.19, 547.50, 1315.64, 558.85, 1301.41, 553.17, 1287.19, 553.17, 1315.64, 553.17, 28.45, 11.34
2.77, 14, white car, 183.25, 458.78, 214.04, 473.28, 198.65, 466.03, 183.25, 466.03, 214.04, 466.03, 30.79, 14.50
2.77, 20, black car, 1284.68, 547.16, 1313.35, 558.56, 1299.01, 552.86, 1284.68, 552.86, 1313.35, 552.86, 28.67, 11.40
2.80, 14, white car, 180.67, 458.28, 211.37, 472.76, 196.02, 465.52, 180.67, 465.52, 211.37, 465.52, 30.70, 14.48
2.80, 20, black car, 1281.59, 546.85, 1310.74, 558.42, 1296.16, 552.63, 1281.59, 552.63, 1310.74, 552.63, 29.15, 11.57
2.83, 14, white car, 177.75, 457.67, 208.33, 472.13, 193.04, 464.90, 177.75, 464.90, 208.33, 464.90, 30.58, 14.46
2.83, 20, black car, 1278.78, 546.68, 1307.96, 558.22, 1293.37, 552.45, 1278.78, 552.45, 1307.96, 552.45, 29.18, 11.54
2.87, 14, white car, 174.97, 457.29, 205.19, 471.60, 190.08, 464.44, 174.97, 464.44, 205.19, 464.44, 30.22, 14.31
2.87, 20, black car, 1276.07, 546.43, 1304.96, 557.83, 1290.51, 552.13, 1276.07, 552.13, 1304.96, 552.13, 28.89, 11.40
2.90, 14, white car, 172.07, 457.06, 201.49, 471.01, 186.78, 464.03, 172.07, 464.03, 201.49, 464.03, 29.41, 13.95
2.90, 20, black car, 1273.51, 546.44, 1302.12, 557.69, 1287.81, 552.06, 1273.51, 552.06, 1302.12, 552.06, 28.61, 11.25
2.93, 14, white car, 168.72, 456.40, 198.57, 470.57, 183.65, 463.49, 168.72, 463.49, 198.57, 463.49, 29.85, 14.17
2.93, 20, black car, 1270.75, 546.46, 1299.37, 557.69, 1285.06, 552.07, 1270.75, 552.07, 1299.37, 552.07, 28.62, 11.23
2.97, 14, white car, 165.81, 456.10, 195.72, 470.29, 180.76, 463.20, 165.81, 463.20, 195.72, 463.20, 29.91, 14.18
2.97, 20, black car, 1267.47, 546.31, 1296.08, 557.53, 1281.77, 551.92, 1267.47, 551.92, 1296.08, 551.92, 28.61, 11.23
3.00, 14, white car, 162.48, 455.85, 192.76, 470.20, 177.62, 463.02, 162.48, 463.02, 192.76, 463.02, 30.28, 14.35
3.00, 20, black car, 1264.19, 546.19, 1293.12, 557.53, 1278.65, 551.86, 1264.19, 551.86, 1293.12, 551.86, 28.93, 11.34
3.03, 14, white car, 159.69, 455.54, 189.94, 469.86, 174.81, 462.70, 159.69, 462.70, 189.94, 462.70, 30.25, 14.32
3.03, 20, black car, 1260.72, 546.20, 1289.95, 557.65, 1275.33, 551.93, 1260.72, 551.93, 1289.95, 551.93, 29.24, 11.45
3.07, 14, white car, 156.64, 455.45, 186.75, 469.65, 171.70, 462.55, 156.64, 462.55, 186.75, 462.55, 30.11, 14.20
3.07, 20, black car, 1258.20, 546.39, 1287.54, 557.83, 1272.87, 552.11, 1258.20, 552.11, 1287.54, 552.11, 29.34, 11.44
3.10, 14, white car, 154.09, 455.42, 183.47, 469.23, 168.78, 462.32, 154.09, 462.32, 183.47, 462.32, 29.37, 13.81
3.10, 20, black car, 1254.96, 545.95, 1285.74, 557.99, 1270.35, 551.97, 1254.96, 551.97, 1285.74, 551.97, 30.78, 12.04
3.13, 14, white car, 151.44, 455.01, 180.78, 468.72, 166.11, 461.86, 151.44, 461.86, 180.78, 461.86, 29.34, 13.71
3.13, 20, black car, 1252.72, 545.83, 1283.05, 557.71, 1267.89, 551.77, 1252.72, 551.77, 1283.05, 551.77, 30.33, 11.88
3.17, 14, white car, 148.73, 454.85, 177.58, 468.24, 163.15, 461.55, 148.73, 461.55, 177.58, 461.55, 28.85, 13.39
3.17, 20, black car, 1249.96, 545.68, 1279.87, 557.43, 1264.91, 551.56, 1249.96, 551.56, 1279.87, 551.56, 29.91, 11.74
3.20, 14, white car, 145.88, 454.58, 174.48, 467.74, 160.18, 461.16, 145.88, 461.16, 174.48, 461.16, 28.60, 13.15
3.20, 20, black car, 1247.03, 545.53, 1276.69, 557.20, 1261.86, 551.37, 1247.03, 551.37, 1276.69, 551.37, 29.66, 11.66
3.23, 14, white car, 142.67, 454.21, 171.33, 467.34, 157.00, 460.78, 142.67, 460.78, 171.33, 460.78, 28.66, 13.14
3.23, 20, black car, 1243.95, 545.28, 1273.70, 557.00, 1258.82, 551.14, 1243.95, 551.14, 1273.70, 551.14, 29.75, 11.72
3.27, 14, white car, 139.63, 453.90, 168.73, 467.21, 154.18, 460.55, 139.63, 460.55, 168.73, 460.55, 29.10, 13.31
3.27, 20, black car, 1240.43, 544.81, 1271.06, 556.93, 1255.74, 550.87, 1240.43, 550.87, 1271.06, 550.87, 30.63, 12.13
3.30, 14, white car, 136.55, 453.55, 165.79, 466.86, 151.17, 460.20, 136.55, 460.20, 165.79, 460.20, 29.24, 13.32
3.30, 20, black car, 1237.89, 544.75, 1268.12, 556.76, 1253.00, 550.75, 1237.89, 550.75, 1268.12, 550.75, 30.23, 12.01
3.33, 14, white car, 133.49, 453.19, 163.26, 466.77, 148.37, 459.98, 133.49, 459.98, 163.26, 459.98, 29.78, 13.58
3.33, 20, black car, 1235.14, 544.72, 1265.15, 556.69, 1250.14, 550.71, 1235.14, 550.71, 1265.15, 550.71, 30.02, 11.96
3.37, 14, white car, 130.62, 452.96, 160.07, 466.38, 145.34, 459.67, 130.62, 459.67, 160.07, 459.67, 29.45, 13.42
3.37, 20, black car, 1232.33, 544.77, 1262.00, 556.61, 1247.17, 550.69, 1232.33, 550.69, 1262.00, 550.69, 29.67, 11.84
3.40, 14, white car, 127.70, 452.55, 157.36, 466.07, 142.53, 459.31, 127.70, 459.31, 157.36, 459.31, 29.66, 13.52
3.40, 20, black car, 1229.84, 544.67, 1259.31, 556.44, 1244.57, 550.56, 1229.84, 550.56, 1259.31, 550.56, 29.48, 11.77
3.43, 14, white car, 124.50, 451.88, 154.61, 465.64, 139.56, 458.76, 124.50, 458.76, 154.61, 458.76, 30.12, 13.76
3.43, 20, black car, 1226.84, 544.36, 1256.56, 556.25, 1241.70, 550.30, 1226.84, 550.30, 1256.56, 550.30, 29.72, 11.89
3.47, 14, white car, 121.39, 451.29, 152.15, 465.34, 136.77, 458.32, 121.39, 458.32, 152.15, 458.32, 30.76, 14.05
3.47, 20, black car, 1224.19, 544.41, 1253.47, 556.13, 1238.83, 550.27, 1224.19, 550.27, 1253.47, 550.27, 29.27, 11.72
3.50, 14, white car, 118.17, 450.92, 149.49, 465.28, 133.83, 458.10, 118.17, 458.10, 149.49, 458.10, 31.31, 14.37
3.50, 20, black car, 1221.13, 544.25, 1250.70, 556.09, 1235.91, 550.17, 1221.13, 550.17, 1250.70, 550.17, 29.56, 11.84
3.53, 14, white car, 115.48, 450.68, 146.95, 465.14, 131.22, 457.91, 115.48, 457.91, 146.95, 457.91, 31.47, 14.47
3.53, 20, black car, 1218.33, 544.19, 1247.86, 556.01, 1233.09, 550.10, 1218.33, 550.10, 1247.86, 550.10, 29.53, 11.81
3.57, 14, white car, 112.96, 450.63, 143.91, 464.84, 128.44, 457.73, 112.96, 457.73, 143.91, 457.73, 30.96, 14.21
3.57, 20, black car, 1215.52, 544.21, 1245.00, 555.99, 1230.26, 550.10, 1215.52, 550.10, 1245.00, 550.10, 29.47, 11.78
3.60, 14, white car, 110.04, 450.27, 140.91, 464.42, 125.47, 457.34, 110.04, 457.34, 140.91, 457.34, 30.88, 14.14
3.60, 20, black car, 1212.70, 544.09, 1242.37, 555.93, 1227.53, 550.01, 1212.70, 550.01, 1242.37, 550.01, 29.67, 11.84
3.63, 14, white car, 107.37, 450.05, 137.73, 463.90, 122.55, 456.97, 107.37, 456.97, 137.73, 456.97, 30.36, 13.86
3.63, 20, black car, 1210.34, 544.06, 1239.48, 555.68, 1224.91, 549.87, 1210.34, 549.87, 1239.48, 549.87, 29.14, 11.61
3.67, 14, white car, 104.09, 449.62, 134.88, 463.69, 119.48, 456.65, 104.09, 456.65, 134.88, 456.65, 30.79, 14.07
3.67, 20, black car, 1207.76, 543.98, 1236.52, 555.44, 1222.14, 549.71, 1207.76, 549.71, 1236.52, 549.71, 28.76, 11.46
3.70, 14, white car, 101.04, 449.30, 132.12, 463.50, 116.58, 456.40, 101.04, 456.40, 132.12, 456.40, 31.08, 14.20
3.70, 20, black car, 1204.58, 543.89, 1233.15, 555.26, 1218.86, 549.57, 1204.58, 549.57, 1233.15, 549.57, 28.57, 11.37
3.73, 14, white car, 98.38, 449.14, 129.06, 463.15, 113.72, 456.14, 98.38, 456.14, 129.06, 456.14, 30.68, 14.01
3.73, 20, black car, 1201.57, 543.72, 1230.21, 555.11, 1215.89, 549.41, 1201.57, 549.41, 1230.21, 549.41, 28.64, 11.39
3.77, 14, white car, 95.49, 448.82, 126.51, 462.99, 111.00, 455.91, 95.49, 455.91, 126.51, 455.91, 31.02, 14.17
3.77, 20, black car, 1198.66, 543.62, 1227.29, 554.99, 1212.98, 549.30, 1198.66, 549.30, 1227.29, 549.30, 28.63, 11.37
3.80, 20, black car, 1195.93, 543.53, 1224.58, 554.91, 1210.26, 549.22, 1195.93, 549.22, 1224.58, 549.22, 28.64, 11.38
3.83, 20, black car, 1193.41, 543.36, 1221.82, 554.63, 1207.61, 549.00, 1193.41, 549.00, 1221.82, 549.00, 28.40, 11.28
3.87, 20, black car, 1190.35, 543.04, 1219.05, 554.44, 1204.70, 548.74, 1190.35, 548.74, 1219.05, 548.74, 28.70, 11.39
3.87, 14, white car, 87.23, 447.40, 118.30, 461.56, 102.76, 454.48, 87.23, 454.48, 118.30, 454.48, 31.07, 14.16
3.90, 20, black car, 1187.39, 542.81, 1216.46, 554.35, 1201.93, 548.58, 1187.39, 548.58, 1216.46, 548.58, 29.06, 11.55
3.90, 14, white car, 84.39, 447.07, 115.05, 461.06, 99.72, 454.06, 84.39, 454.06, 115.05, 454.06, 30.66, 13.99
3.93, 20, black car, 1184.28, 542.76, 1213.34, 554.31, 1198.81, 548.53, 1184.28, 548.53, 1213.34, 548.53, 29.06, 11.55
3.93, 14, white car, 81.60, 446.53, 112.68, 460.73, 97.14, 453.63, 81.60, 453.63, 112.68, 453.63, 31.07, 14.20
3.97, 20, black car, 1181.23, 542.65, 1210.17, 554.18, 1195.70, 548.41, 1181.23, 548.41, 1210.17, 548.41, 28.94, 11.53
3.97, 14, white car, 78.95, 446.14, 109.89, 460.29, 94.42, 453.22, 78.95, 453.22, 109.89, 453.22, 30.94, 14.15
4.00, 20, black car, 1178.71, 542.63, 1207.37, 554.07, 1193.04, 548.35, 1178.71, 548.35, 1207.37, 548.35, 28.67, 11.44
4.00, 14, white car, 76.06, 445.79, 107.11, 460.03, 91.58, 452.91, 76.06, 452.91, 107.11, 452.91, 31.05, 14.24
4.03, 20, black car, 1175.26, 542.62, 1204.28, 554.20, 1189.77, 548.41, 1175.26, 548.41, 1204.28, 548.41, 29.02, 11.58
4.03, 14, white car, 73.45, 445.69, 103.80, 459.56, 88.62, 452.62, 73.45, 452.62, 103.80, 452.62, 30.35, 13.87
4.07, 20, black car, 1172.27, 542.55, 1202.06, 554.45, 1187.16, 548.50, 1172.27, 548.50, 1202.06, 548.50, 29.80, 11.90
4.07, 14, white car, 70.67, 445.68, 100.80, 459.44, 85.74, 452.56, 70.67, 452.56, 100.80, 452.56, 30.13, 13.76
4.10, 20, black car, 1169.37, 542.37, 1199.73, 554.52, 1184.55, 548.44, 1169.37, 548.44, 1199.73, 548.44, 30.37, 12.14
4.10, 14, white car, 68.14, 445.36, 98.32, 459.13, 83.23, 452.24, 68.14, 452.24, 98.32, 452.24, 30.18, 13.77
4.13, 20, black car, 1166.57, 542.15, 1196.29, 554.03, 1181.43, 548.09, 1166.57, 548.09, 1196.29, 548.09, 29.72, 11.88
4.13, 14, white car, 65.31, 445.19, 95.52, 458.93, 80.41, 452.06, 65.31, 452.06, 95.52, 452.06, 30.21, 13.73
4.17, 20, black car, 1164.48, 542.15, 1193.56, 553.79, 1179.02, 547.97, 1164.48, 547.97, 1193.56, 547.97, 29.08, 11.64
4.17, 14, white car, 62.34, 444.85, 92.87, 458.77, 77.60, 451.81, 62.34, 451.81, 92.87, 451.81, 30.53, 13.92
4.20, 20, black car, 1161.35, 542.04, 1190.24, 553.62, 1175.79, 547.83, 1161.35, 547.83, 1190.24, 547.83, 28.89, 11.58
4.20, 14, white car, 59.67, 444.53, 89.73, 458.22, 74.70, 451.38, 59.67, 451.38, 89.73, 451.38, 30.06, 13.69
4.23, 20, black car, 1158.59, 541.93, 1187.51, 553.50, 1173.05, 547.72, 1158.59, 547.72, 1187.51, 547.72, 28.91, 11.57
4.23, 14, white car, 56.82, 444.33, 86.71, 457.94, 71.76, 451.14, 56.82, 451.14, 86.71, 451.14, 29.89, 13.61
4.27, 20, black car, 1155.84, 541.97, 1184.37, 553.39, 1170.10, 547.68, 1155.84, 547.68, 1184.37, 547.68, 28.52, 11.42
4.27, 14, white car, 53.63, 443.86, 83.86, 457.62, 68.75, 450.74, 53.63, 450.74, 83.86, 450.74, 30.23, 13.76
4.30, 20, black car, 1152.42, 541.84, 1181.23, 553.39, 1166.82, 547.62, 1152.42, 547.62, 1181.23, 547.62, 28.81, 11.55
4.30, 14, white car, 50.83, 443.53, 81.34, 457.41, 66.09, 450.47, 50.83, 450.47, 81.34, 450.47, 30.50, 13.89
4.33, 20, black car, 1150.13, 541.73, 1178.92, 553.30, 1164.53, 547.51, 1150.13, 547.51, 1178.92, 547.51, 28.80, 11.57
4.33, 14, white car, 47.82, 442.94, 78.91, 457.12, 63.37, 450.03, 47.82, 450.03, 78.91, 450.03, 31.09, 14.18
4.37, 20, black car, 1146.98, 541.52, 1176.31, 553.30, 1161.64, 547.41, 1146.98, 547.41, 1176.31, 547.41, 29.34, 11.78
4.37, 14, white car, 45.02, 442.61, 75.75, 456.61, 60.38, 449.61, 45.02, 449.61, 75.75, 449.61, 30.73, 14.00
4.40, 20, black car, 1144.35, 541.42, 1173.59, 553.12, 1158.97, 547.27, 1144.35, 547.27, 1173.59, 547.27, 29.24, 11.70
4.40, 14, white car, 42.50, 442.28, 72.93, 456.12, 57.71, 449.20, 42.50, 449.20, 72.93, 449.20, 30.43, 13.84
4.43, 20, black car, 1141.58, 541.37, 1170.94, 553.11, 1156.26, 547.24, 1141.58, 547.24, 1170.94, 547.24, 29.37, 11.73
4.43, 14, white car, 39.59, 441.90, 70.45, 455.93, 55.02, 448.91, 39.59, 448.91, 70.45, 448.91, 30.86, 14.04
4.47, 20, black car, 1138.38, 541.19, 1167.70, 552.89, 1153.04, 547.04, 1138.38, 547.04, 1167.70, 547.04, 29.32, 11.70
4.47, 14, white car, 36.98, 441.45, 67.65, 455.38, 52.32, 448.41, 36.98, 448.41, 67.65, 448.41, 30.67, 13.93
4.50, 20, black car, 1135.73, 541.00, 1165.25, 552.78, 1150.49, 546.89, 1135.73, 546.89, 1165.25, 546.89, 29.52, 11.78
4.50, 14, white car, 34.39, 441.22, 64.99, 455.12, 49.69, 448.17, 34.39, 448.17, 64.99, 448.17, 30.60, 13.89
4.53, 20, black car, 1132.64, 540.96, 1161.97, 552.67, 1147.31, 546.81, 1132.64, 546.81, 1161.97, 546.81, 29.33, 11.70
4.53, 14, white car, 31.89, 441.02, 62.01, 454.67, 46.95, 447.84, 31.89, 447.84, 62.01, 447.84, 30.12, 13.65
4.57, 20, black car, 1129.90, 540.83, 1159.22, 552.50, 1144.56, 546.66, 1129.90, 546.66, 1159.22, 546.66, 29.32, 11.67
4.57, 14, white car, 29.46, 440.68, 59.09, 454.07, 44.28, 447.37, 29.46, 447.37, 59.09, 447.37, 29.63, 13.39
4.60, 20, black car, 1126.88, 540.91, 1156.03, 552.51, 1141.45, 546.71, 1126.88, 546.71, 1156.03, 546.71, 29.16, 11.60
4.60, 14, white car, 26.81, 440.48, 56.50, 453.86, 41.65, 447.17, 26.81, 447.17, 56.50, 447.17, 29.68, 13.38
4.63, 20, black car, 1124.38, 540.80, 1153.30, 552.28, 1138.84, 546.54, 1124.38, 546.54, 1153.30, 546.54, 28.91, 11.48
4.63, 14, white car, 24.04, 440.09, 53.90, 453.54, 38.97, 446.82, 24.04, 446.82, 53.90, 446.82, 29.86, 13.45
4.67, 20, black car, 1121.62, 540.76, 1150.82, 552.36, 1136.22, 546.56, 1121.62, 546.56, 1150.82, 546.56, 29.20, 11.60
4.67, 14, white car, 20.89, 439.85, 50.81, 453.31, 35.85, 446.58, 20.89, 446.58, 50.81, 446.58, 29.92, 13.46
4.70, 20, black car, 1118.79, 540.58, 1148.12, 552.24, 1133.45, 546.41, 1118.79, 546.41, 1148.12, 546.41, 29.33, 11.66
4.70, 14, white car, 18.28, 439.74, 47.67, 452.89, 32.97, 446.31, 18.28, 446.31, 47.67, 446.31, 29.40, 13.16
4.73, 20, black car, 1115.58, 540.58, 1144.83, 552.18, 1130.21, 546.38, 1115.58, 546.38, 1144.83, 546.38, 29.25, 11.60
4.73, 14, white car, 16.01, 439.09, 44.98, 452.00, 30.49, 445.54, 16.01, 445.54, 44.98, 445.54, 28.97, 12.91
4.77, 20, black car, 1112.80, 540.63, 1141.58, 552.04, 1127.19, 546.34, 1112.80, 546.34, 1141.58, 546.34, 28.78, 11.41
4.77, 14, white car, 13.50, 438.74, 42.68, 451.73, 28.09, 445.24, 13.50, 445.24, 42.68, 445.24, 29.19, 12.99
4.80, 20, black car, 1109.94, 540.39, 1138.93, 551.88, 1124.43, 546.14, 1109.94, 546.14, 1138.93, 546.14, 28.99, 11.49
4.80, 14, white car, 10.29, 438.41, 40.14, 451.70, 25.21, 445.05, 10.29, 445.05, 40.14, 445.05, 29.85, 13.29
4.83, 20, black car, 1107.39, 540.31, 1136.43, 551.81, 1121.91, 546.06, 1107.39, 546.06, 1136.43, 546.06, 29.04, 11.50
4.83, 14, white car, 7.29, 438.14, 37.18, 451.48, 22.23, 444.81, 7.29, 444.81, 37.18, 444.81, 29.89, 13.34
4.87, 20, black car, 1104.58, 539.90, 1133.86, 551.51, 1119.22, 545.71, 1104.58, 545.71, 1133.86, 545.71, 29.28, 11.61
4.87, 14, white car, 4.28, 437.77, 34.73, 451.40, 19.50, 444.58, 4.28, 444.58, 34.73, 444.58, 30.44, 13.63
4.90, 20, black car, 1101.86, 540.04, 1130.50, 551.39, 1116.18, 545.71, 1101.86, 545.71, 1130.50, 545.71, 28.65, 11.35
4.90, 14, white car, 1.45, 437.47, 31.54, 450.96, 16.50, 444.22, 1.45, 444.22, 31.54, 444.22, 30.09, 13.49
4.93, 20, black car, 1098.54, 539.79, 1127.30, 551.23, 1112.92, 545.51, 1098.54, 545.51, 1127.30, 545.51, 28.76, 11.43
4.93, 14, white car, 0.00, 437.22, 29.31, 450.74, 14.65, 443.98, 0.00, 443.98, 29.31, 443.98, 29.31, 13.52
4.97, 20, black car, 1095.67, 539.49, 1125.03, 551.16, 1110.35, 545.33, 1095.67, 545.33, 1125.03, 545.33, 29.35, 11.67
4.97, 14, white car, 0.00, 436.94, 27.28, 450.19, 13.64, 443.56, 0.00, 443.56, 27.28, 443.56, 27.28, 13.25
5.00, 20, black car, 1092.45, 539.28, 1122.28, 551.19, 1107.36, 545.23, 1092.45, 545.23, 1122.28, 545.23, 29.83, 11.91
5.00, 14, white car, 0.00, 437.24, 25.24, 450.08, 12.62, 443.66, 0.00, 443.66, 25.24, 443.66, 25.24, 12.84
5.03, 20, black car, 1089.25, 539.11, 1119.48, 551.21, 1104.36, 545.16, 1089.25, 545.16, 1119.48, 545.16, 30.23, 12.10
5.03, 14, white car, 0.00, 437.19, 23.64, 449.98, 11.82, 443.58, 0.00, 443.58, 23.64, 443.58, 23.64, 12.79
5.07, 20, black car, 1086.67, 539.02, 1116.64, 551.00, 1101.65, 545.01, 1086.67, 545.01, 1116.64, 545.01, 29.97, 11.99
5.07, 14, white car, 0.00, 437.09, 21.48, 449.81, 10.74, 443.45, 0.00, 443.45, 21.48, 443.45, 21.48, 12.72
5.10, 20, black car, 1083.76, 538.94, 1113.46, 550.81, 1098.61, 544.88, 1083.76, 544.88, 1113.46, 544.88, 29.70, 11.88
5.10, 14, white car, 0.00, 436.25, 20.18, 449.47, 10.09, 442.86, 0.00, 442.86, 20.18, 442.86, 20.18, 13.22
5.13, 20, black car, 1081.51, 538.97, 1110.58, 550.57, 1096.04, 544.77, 1081.51, 544.77, 1110.58, 544.77, 29.07, 11.60
5.13, 14, white car, 0.00, 435.80, 18.65, 449.22, 9.32, 442.51, 0.00, 442.51, 18.65, 442.51, 18.65, 13.42
5.17, 20, black car, 1078.91, 538.96, 1107.71, 550.44, 1093.31, 544.70, 1078.91, 544.70, 1107.71, 544.70, 28.80, 11.49
5.20, 20, black car, 1076.01, 538.79, 1104.95, 550.32, 1090.48, 544.55, 1076.01, 544.55, 1104.95, 544.55, 28.95, 11.52
5.23, 20, black car, 1073.07, 538.75, 1101.73, 550.14, 1087.40, 544.45, 1073.07, 544.45, 1101.73, 544.45, 28.66, 11.39
5.27, 20, black car, 1069.81, 538.75, 1098.38, 550.08, 1084.10, 544.42, 1069.81, 544.42, 1098.38, 544.42, 28.57, 11.33
5.30, 20, black car, 1067.03, 538.83, 1095.68, 550.17, 1081.35, 544.50, 1067.03, 544.50, 1095.68, 544.50, 28.65, 11.34
5.33, 20, black car, 1064.44, 538.46, 1093.54, 550.01, 1078.99, 544.24, 1064.44, 544.24, 1093.54, 544.24, 29.10, 11.55
5.37, 20, black car, 1061.45, 538.21, 1091.24, 550.04, 1076.34, 544.13, 1061.45, 544.13, 1091.24, 544.13, 29.79, 11.83
5.40, 20, black car, 1058.37, 538.12, 1088.44, 550.08, 1073.41, 544.10, 1058.37, 544.10, 1088.44, 544.10, 30.07, 11.96
5.43, 20, black car, 1055.32, 537.89, 1085.86, 550.05, 1070.59, 543.97, 1055.32, 543.97, 1085.86, 543.97, 30.54, 12.17
5.47, 20, black car, 1052.59, 537.73, 1083.06, 549.86, 1067.83, 543.79, 1052.59, 543.79, 1083.06, 543.79, 30.47, 12.14
5.50, 20, black car, 1049.82, 537.67, 1079.96, 549.71, 1064.89, 543.69, 1049.82, 543.69, 1079.96, 543.69, 30.14, 12.04
5.53, 20, black car, 1046.42, 537.44, 1077.00, 549.69, 1061.71, 543.57, 1046.42, 543.57, 1077.00, 543.57, 30.59, 12.25
5.57, 20, black car, 1043.36, 537.08, 1074.54, 549.60, 1058.95, 543.34, 1043.36, 543.34, 1074.54, 543.34, 31.18, 12.52
5.60, 20, black car, 1041.01, 537.05, 1071.74, 549.42, 1056.38, 543.24, 1041.01, 543.24, 1071.74, 543.24, 30.74, 12.37
5.63, 20, black car, 1038.15, 536.92, 1068.64, 549.20, 1053.39, 543.06, 1038.15, 543.06, 1068.64, 543.06, 30.49, 12.28
5.67, 20, black car, 1035.39, 536.82, 1065.68, 549.03, 1050.54, 542.92, 1035.39, 542.92, 1065.68, 542.92, 30.29, 12.21
5.70, 20, black car, 1032.68, 536.81, 1062.63, 548.87, 1047.65, 542.84, 1032.68, 542.84, 1062.63, 542.84, 29.95, 12.06
5.73, 20, black car, 1029.64, 537.08, 1058.84, 548.82, 1044.24, 542.95, 1029.64, 542.95, 1058.84, 542.95, 29.21, 11.75
5.77, 20, black car, 1026.75, 537.20, 1055.56, 548.73, 1041.15, 542.96, 1026.75, 542.96, 1055.56, 542.96, 28.81, 11.54
5.80, 20, black car, 1024.18, 537.04, 1052.59, 548.37, 1038.39, 542.71, 1024.18, 542.71, 1052.59, 542.71, 28.41, 11.34
5.83, 20, black car, 1021.60, 536.74, 1050.14, 548.09, 1035.87, 542.42, 1021.60, 542.42, 1050.14, 542.42, 28.55, 11.35
5.87, 20, black car, 1018.97, 536.71, 1047.19, 547.92, 1033.08, 542.32, 1018.97, 542.32, 1047.19, 542.32, 28.22, 11.21
5.90, 20, black car, 1015.69, 536.59, 1044.19, 547.89, 1029.94, 542.24, 1015.69, 542.24, 1044.19, 542.24, 28.49, 11.30
5.93, 20, black car, 1012.91, 536.48, 1041.70, 547.93, 1027.30, 542.20, 1012.91, 542.20, 1041.70, 542.20, 28.80, 11.46
5.97, 20, black car, 1010.05, 536.23, 1039.34, 547.90, 1024.69, 542.07, 1010.05, 542.07, 1039.34, 542.07, 29.29, 11.67
6.00, 20, black car, 1007.06, 536.13, 1037.02, 548.05, 1022.04, 542.09, 1007.06, 542.09, 1037.02, 542.09, 29.96, 11.92
6.03, 20, black car, 1004.18, 536.09, 1034.15, 548.01, 1019.16, 542.05, 1004.18, 542.05, 1034.15, 542.05, 29.97, 11.92
6.07, 20, black car, 1000.84, 535.75, 1031.08, 547.81, 1015.96, 541.78, 1000.84, 541.78, 1031.08, 541.78, 30.24, 12.06
6.10, 20, black car, 998.11, 535.76, 1027.92, 547.68, 1013.01, 541.72, 998.11, 541.72, 1027.92, 541.72, 29.82, 11.92
6.10, 18, black car, 1137.04, 532.36, 1167.00, 544.28, 1152.02, 538.32, 1137.04, 538.32, 1167.00, 538.32, 29.96, 11.92
6.33, 18, black car, 1118.65, 532.12, 1148.54, 544.00, 1133.59, 538.06, 1118.65, 538.06, 1148.54, 538.06, 29.89, 11.88
6.37, 18, black car, 1115.87, 532.19, 1145.75, 544.12, 1130.81, 538.16, 1115.87, 538.16, 1145.75, 538.16, 29.88, 11.93
6.40, 18, black car, 1112.54, 532.17, 1142.85, 544.32, 1127.69, 538.25, 1112.54, 538.25, 1142.85, 538.25, 30.31, 12.15
6.43, 18, black car, 1109.80, 532.27, 1140.15, 544.49, 1124.97, 538.38, 1109.80, 538.38, 1140.15, 538.38, 30.36, 12.21
6.50, 18, black car, 1104.13, 532.36, 1133.74, 544.33, 1118.93, 538.34, 1104.13, 538.34, 1133.74, 538.34, 29.61, 11.96
6.53, 18, black car, 1101.52, 532.37, 1131.04, 544.31, 1116.28, 538.34, 1101.52, 538.34, 1131.04, 538.34, 29.53, 11.93
6.57, 18, black car, 1098.87, 532.39, 1128.34, 544.31, 1113.61, 538.35, 1098.87, 538.35, 1128.34, 538.35, 29.46, 11.92
6.63, 18, black car, 1092.72, 532.45, 1122.25, 544.36, 1107.48, 538.41, 1092.72, 538.41, 1122.25, 538.41, 29.53, 11.91
6.67, 18, black car, 1090.08, 532.36, 1119.42, 544.11, 1104.75, 538.23, 1090.08, 538.23, 1119.42, 538.23, 29.34, 11.75
6.70, 18, black car, 1087.57, 532.36, 1116.86, 544.06, 1102.21, 538.21, 1087.57, 538.21, 1116.86, 538.21, 29.29, 11.70
6.80, 18, black car, 1079.54, 532.52, 1108.85, 544.26, 1094.19, 538.39, 1079.54, 538.39, 1108.85, 538.39, 29.31, 11.74
6.83, 18, black car, 1076.59, 532.48, 1106.18, 544.35, 1091.39, 538.42, 1076.59, 538.42, 1106.18, 538.42, 29.60, 11.86
6.87, 18, black car, 1074.29, 532.38, 1103.36, 544.00, 1088.82, 538.19, 1074.29, 538.19, 1103.36, 538.19, 29.07, 11.62
6.90, 18, black car, 1071.18, 532.37, 1100.94, 544.34, 1086.06, 538.35, 1071.18, 538.35, 1100.94, 538.35, 29.76, 11.97
6.93, 18, black car, 1068.43, 532.41, 1098.00, 544.32, 1083.22, 538.36, 1068.43, 538.36, 1098.00, 538.36, 29.57, 11.92
6.93, 20, black car, 927.59, 532.25, 959.04, 545.12, 943.31, 538.69, 927.59, 538.69, 959.04, 538.69, 31.45, 12.87
6.97, 18, black car, 1065.58, 532.43, 1095.17, 544.38, 1080.37, 538.40, 1065.58, 538.40, 1095.17, 538.40, 29.58, 11.95
6.97, 20, black car, 925.37, 532.21, 956.49, 545.00, 940.93, 538.60, 925.37, 538.60, 956.49, 538.60, 31.12, 12.80
7.00, 18, black car, 1062.94, 532.33, 1092.50, 544.29, 1077.72, 538.31, 1062.94, 538.31, 1092.50, 538.31, 29.56, 11.96
7.00, 20, black car, 922.89, 532.19, 953.86, 545.02, 938.38, 538.61, 922.89, 538.61, 953.86, 538.61, 30.97, 12.83
7.03, 18, black car, 1060.16, 532.33, 1089.78, 544.32, 1074.97, 538.32, 1060.16, 538.32, 1089.78, 538.32, 29.62, 11.98
7.03, 20, black car, 920.16, 532.06, 950.73, 544.82, 935.45, 538.44, 920.16, 538.44, 950.73, 538.44, 30.57, 12.76
7.07, 18, black car, 1057.37, 532.27, 1087.19, 544.33, 1072.28, 538.30, 1057.37, 538.30, 1087.19, 538.30, 29.82, 12.06
7.07, 20, black car, 917.50, 532.05, 947.37, 544.56, 932.44, 538.30, 917.50, 538.30, 947.37, 538.30, 29.87, 12.51
7.10, 18, black car, 1054.64, 532.37, 1083.94, 544.21, 1069.29, 538.29, 1054.64, 538.29, 1083.94, 538.29, 29.30, 11.84
7.10, 20, black car, 914.76, 532.07, 943.95, 544.34, 929.36, 538.21, 914.76, 538.21, 943.95, 538.21, 29.19, 12.26
7.13, 18, black car, 1051.78, 532.42, 1081.24, 544.35, 1066.51, 538.38, 1051.78, 538.38, 1081.24, 538.38, 29.45, 11.94
7.13, 20, black car, 911.83, 531.90, 941.25, 544.27, 926.54, 538.09, 911.83, 538.09, 941.25, 538.09, 29.42, 12.37
7.17, 18, black car, 1048.96, 532.25, 1078.40, 544.17, 1063.68, 538.21, 1048.96, 538.21, 1078.40, 538.21, 29.44, 11.92
7.17, 20, black car, 909.18, 531.98, 938.39, 544.27, 923.78, 538.12, 909.18, 538.12, 938.39, 538.12, 29.21, 12.29
7.20, 18, black car, 1046.15, 532.17, 1075.77, 544.19, 1060.96, 538.18, 1046.15, 538.18, 1075.77, 538.18, 29.63, 12.01
7.20, 20, black car, 906.66, 531.72, 936.22, 544.18, 921.44, 537.95, 906.66, 537.95, 936.22, 537.95, 29.56, 12.45
7.23, 20, black car, 903.98, 531.40, 933.76, 543.95, 918.87, 537.67, 903.98, 537.67, 933.76, 537.67, 29.78, 12.56
7.27, 20, black car, 901.88, 531.34, 931.41, 543.78, 916.65, 537.56, 901.88, 537.56, 931.41, 537.56, 29.53, 12.44
7.30, 20, black car, 898.54, 531.26, 928.29, 543.76, 913.42, 537.51, 898.54, 537.51, 928.29, 537.51, 29.75, 12.50
7.30, 18, black car, 1038.26, 532.21, 1067.57, 544.14, 1052.91, 538.17, 1038.26, 538.17, 1067.57, 538.17, 29.30, 11.93
7.33, 20, black car, 895.56, 531.16, 925.49, 543.78, 910.52, 537.47, 895.56, 537.47, 925.49, 537.47, 29.93, 12.62
7.37, 20, black car, 892.51, 531.05, 921.94, 543.47, 907.22, 537.26, 892.51, 537.26, 921.94, 537.26, 29.43, 12.42
7.37, 18, black car, 1032.93, 532.00, 1062.35, 544.00, 1047.64, 538.00, 1032.93, 538.00, 1062.35, 538.00, 29.43, 12.00
7.40, 20, black car, 890.04, 530.91, 919.40, 543.32, 904.72, 537.11, 890.04, 537.11, 919.40, 537.11, 29.36, 12.41
7.40, 18, black car, 1030.37, 531.97, 1059.99, 544.07, 1045.18, 538.02, 1030.37, 538.02, 1059.99, 538.02, 29.62, 12.10
7.43, 20, black car, 887.78, 530.66, 917.42, 543.19, 902.60, 536.92, 887.78, 536.92, 917.42, 536.92, 29.64, 12.53
7.43, 18, black car, 1027.55, 532.02, 1057.14, 544.12, 1042.34, 538.07, 1027.55, 538.07, 1057.14, 538.07, 29.59, 12.09
7.47, 20, black car, 884.85, 530.54, 914.66, 543.11, 899.75, 536.82, 884.85, 536.82, 914.66, 536.82, 29.81, 12.58
7.47, 18, black car, 1024.55, 532.14, 1053.93, 544.16, 1039.24, 538.15, 1024.55, 538.15, 1053.93, 538.15, 29.38, 12.01
7.50, 20, black car, 882.59, 530.38, 911.84, 542.72, 897.21, 536.55, 882.59, 536.55, 911.84, 536.55, 29.26, 12.34
7.50, 18, black car, 1021.59, 532.21, 1050.98, 544.27, 1036.28, 538.24, 1021.59, 538.24, 1050.98, 538.24, 29.39, 12.06
7.53, 20, black car, 879.59, 530.26, 908.29, 542.36, 893.94, 536.31, 879.59, 536.31, 908.29, 536.31, 28.70, 12.11
7.53, 18, black car, 1018.89, 532.16, 1048.04, 544.13, 1033.46, 538.15, 1018.89, 538.15, 1048.04, 538.15, 29.15, 11.97
7.57, 20, black car, 877.00, 530.00, 905.68, 542.10, 891.34, 536.05, 877.00, 536.05, 905.68, 536.05, 28.68, 12.10
7.57, 18, black car, 1016.18, 532.24, 1045.56, 544.30, 1030.87, 538.27, 1016.18, 538.27, 1045.56, 538.27, 29.38, 12.07
7.60, 20, black car, 874.10, 529.74, 902.94, 541.89, 888.52, 535.82, 874.10, 535.82, 902.94, 535.82, 28.85, 12.15
7.60, 18, black car, 1013.42, 532.24, 1042.79, 544.33, 1028.11, 538.29, 1013.42, 538.29, 1042.79, 538.29, 29.37, 12.08
7.63, 20, black car, 870.89, 529.49, 899.97, 541.77, 885.43, 535.63, 870.89, 535.63, 899.97, 535.63, 29.08, 12.27
7.67, 20, black car, 868.04, 529.30, 897.54, 541.79, 882.79, 535.54, 868.04, 535.54, 897.54, 535.54, 29.50, 12.48
7.70, 20, black car, 865.37, 528.96, 895.22, 541.62, 880.30, 535.29, 865.37, 535.29, 895.22, 535.29, 29.85, 12.66
7.73, 20, black car, 862.74, 528.88, 892.60, 541.56, 877.67, 535.22, 862.74, 535.22, 892.60, 535.22, 29.86, 12.69
7.77, 20, black car, 860.30, 528.75, 890.09, 541.41, 875.20, 535.08, 860.30, 535.08, 890.09, 535.08, 29.79, 12.66
7.80, 20, black car, 857.48, 528.61, 887.26, 541.25, 872.37, 534.93, 857.48, 534.93, 887.26, 534.93, 29.78, 12.64
7.83, 20, black car, 854.58, 528.28, 884.50, 541.01, 869.54, 534.65, 854.58, 534.65, 884.50, 534.65, 29.92, 12.74
7.87, 20, black car, 852.04, 527.94, 881.97, 540.69, 867.00, 534.31, 852.04, 534.31, 881.97, 534.31, 29.93, 12.75
7.90, 20, black car, 849.41, 528.02, 879.04, 540.65, 864.23, 534.34, 849.41, 534.34, 879.04, 534.34, 29.63, 12.63
7.93, 20, black car, 846.95, 527.97, 876.43, 540.53, 861.69, 534.25, 846.95, 534.25, 876.43, 534.25, 29.49, 12.57
7.97, 20, black car, 843.70, 527.80, 873.43, 540.49, 858.56, 534.14, 843.70, 534.14, 873.43, 534.14, 29.73, 12.70
8.00, 20, black car, 840.93, 527.52, 871.16, 540.45, 856.04, 533.99, 840.93, 533.99, 871.16, 533.99, 30.23, 12.94
8.03, 20, black car, 838.64, 527.41, 868.93, 540.39, 853.78, 533.90, 838.64, 533.90, 868.93, 533.90, 30.29, 12.98
8.03, 18, black car, 978.08, 531.58, 1007.65, 543.75, 992.86, 537.67, 978.08, 537.67, 1007.65, 537.67, 29.57, 12.17
8.07, 20, black car, 836.18, 527.28, 866.14, 540.12, 851.16, 533.70, 836.18, 533.70, 866.14, 533.70, 29.96, 12.84
8.07, 18, black car, 975.59, 531.78, 1004.86, 543.86, 990.22, 537.82, 975.59, 537.82, 1004.86, 537.82, 29.26, 12.08
8.10, 20, black car, 833.53, 526.98, 863.79, 539.93, 848.66, 533.46, 833.53, 533.46, 863.79, 533.46, 30.26, 12.96
8.10, 18, black car, 972.85, 531.72, 1002.47, 543.97, 987.66, 537.85, 972.85, 537.85, 1002.47, 537.85, 29.62, 12.25
8.13, 20, black car, 830.54, 526.82, 860.82, 539.75, 845.68, 533.29, 830.54, 533.29, 860.82, 533.29, 30.28, 12.93
8.13, 18, black car, 970.14, 531.85, 999.67, 544.07, 984.90, 537.96, 970.14, 537.96, 999.67, 537.96, 29.53, 12.22
8.17, 20, black car, 827.59, 526.54, 857.61, 539.36, 842.60, 532.95, 827.59, 532.95, 857.61, 532.95, 30.01, 12.81
8.17, 18, black car, 967.23, 531.54, 997.15, 543.98, 982.19, 537.76, 967.23, 537.76, 997.15, 537.76, 29.91, 12.44
8.20, 20, black car, 825.54, 526.55, 855.41, 539.31, 840.47, 532.93, 825.54, 532.93, 855.41, 532.93, 29.87, 12.76
8.23, 20, black car, 822.62, 526.39, 852.73, 539.24, 837.68, 532.82, 822.62, 532.82, 852.73, 532.82, 30.11, 12.85
8.27, 20, black car, 819.99, 526.16, 849.94, 538.91, 834.96, 532.53, 819.99, 532.53, 849.94, 532.53, 29.95, 12.76
8.30, 20, black car, 817.84, 526.13, 847.31, 538.65, 832.57, 532.39, 817.84, 532.39, 847.31, 532.39, 29.47, 12.53
8.33, 20, black car, 815.17, 526.25, 844.28, 538.60, 829.72, 532.43, 815.17, 532.43, 844.28, 532.43, 29.10, 12.35
8.37, 20, black car, 812.67, 526.12, 841.68, 538.42, 827.17, 532.27, 812.67, 532.27, 841.68, 532.27, 29.01, 12.30
8.40, 20, black car, 810.49, 525.99, 839.61, 538.35, 825.05, 532.17, 810.49, 532.17, 839.61, 532.17, 29.13, 12.36
8.40, 18, black car, 947.76, 530.74, 978.38, 543.60, 963.07, 537.17, 947.76, 537.17, 978.38, 537.17, 30.63, 12.86
8.43, 20, black car, 807.58, 525.62, 837.29, 538.23, 822.43, 531.92, 807.58, 531.92, 837.29, 531.92, 29.71, 12.60
8.47, 20, black car, 804.59, 525.52, 834.36, 538.11, 819.47, 531.81, 804.59, 531.81, 834.36, 531.81, 29.77, 12.59
8.50, 20, black car, 801.75, 525.30, 831.83, 537.97, 816.79, 531.64, 801.75, 531.64, 831.83, 531.64, 30.08, 12.67
8.50, 18, black car, 940.17, 530.94, 969.99, 543.57, 955.08, 537.26, 940.17, 537.26, 969.99, 537.26, 29.82, 12.63
8.53, 20, black car, 798.73, 525.07, 828.92, 537.78, 813.83, 531.42, 798.73, 531.42, 828.92, 531.42, 30.19, 12.71
8.57, 20, black car, 796.32, 524.82, 826.50, 537.55, 811.41, 531.19, 796.32, 531.19, 826.50, 531.19, 30.18, 12.73
8.57, 18, black car, 935.41, 530.96, 964.39, 543.26, 949.90, 537.11, 935.41, 537.11, 964.39, 537.11, 28.98, 12.30
8.60, 20, black car, 793.80, 524.65, 823.97, 537.39, 808.89, 531.02, 793.80, 531.02, 823.97, 531.02, 30.17, 12.73
8.60, 18, black car, 932.82, 530.84, 962.02, 543.25, 947.42, 537.05, 932.82, 537.05, 962.02, 537.05, 29.20, 12.41
8.63, 20, black car, 791.66, 524.47, 821.58, 537.09, 806.62, 530.78, 791.66, 530.78, 821.58, 530.78, 29.93, 12.63
8.63, 18, black car, 930.16, 531.00, 959.56, 543.52, 944.86, 537.26, 930.16, 537.26, 959.56, 537.26, 29.40, 12.53
8.67, 20, black car, 789.23, 524.14, 818.98, 536.71, 804.11, 530.43, 789.23, 530.43, 818.98, 530.43, 29.75, 12.56
8.67, 18, black car, 927.96, 531.06, 956.93, 543.38, 942.44, 537.22, 927.96, 537.22, 956.93, 537.22, 28.96, 12.31
8.70, 20, black car, 786.33, 524.01, 816.58, 536.78, 801.46, 530.39, 786.33, 530.39, 816.58, 530.39, 30.25, 12.78
8.73, 20, black car, 783.85, 523.61, 814.17, 536.41, 799.01, 530.01, 783.85, 530.01, 814.17, 530.01, 30.32, 12.80
8.73, 18, black car, 922.44, 530.57, 951.76, 543.10, 937.10, 536.83, 922.44, 536.83, 951.76, 536.83, 29.33, 12.53
8.77, 20, black car, 781.48, 523.23, 812.05, 536.14, 796.76, 529.69, 781.48, 529.69, 812.05, 529.69, 30.58, 12.91
8.77, 18, black car, 919.89, 530.52, 949.09, 543.01, 934.49, 536.76, 919.89, 536.76, 949.09, 536.76, 29.20, 12.49
8.80, 20, black car, 778.77, 523.09, 809.00, 535.84, 793.88, 529.47, 778.77, 529.47, 809.00, 529.47, 30.23, 12.75
8.83, 46, white car, 1412.02, 542.04, 1443.53, 556.04, 1427.77, 549.04, 1412.02, 549.04, 1443.53, 549.04, 31.50, 14.01
8.83, 20, black car, 775.98, 522.80, 806.08, 535.47, 791.03, 529.14, 775.98, 529.14, 806.08, 529.14, 30.10, 12.67
8.83, 18, black car, 914.53, 530.27, 943.23, 542.62, 928.88, 536.44, 914.53, 536.44, 943.23, 536.44, 28.70, 12.35
8.87, 46, white car, 1409.78, 542.24, 1440.59, 555.90, 1425.19, 549.07, 1409.78, 549.07, 1440.59, 549.07, 30.81, 13.66
8.87, 20, black car, 772.79, 522.36, 803.35, 535.21, 788.07, 528.78, 772.79, 528.78, 803.35, 528.78, 30.55, 12.85
8.90, 46, white car, 1407.20, 542.18, 1437.82, 555.73, 1422.51, 548.95, 1407.20, 548.95, 1437.82, 548.95, 30.62, 13.55
8.90, 20, black car, 770.60, 522.12, 801.08, 534.93, 785.84, 528.53, 770.60, 528.53, 801.08, 528.53, 30.48, 12.81
8.93, 46, white car, 1404.21, 541.99, 1435.10, 555.65, 1419.66, 548.82, 1404.21, 548.82, 1435.10, 548.82, 30.88, 13.66
8.93, 20, black car, 768.43, 522.03, 798.75, 534.78, 783.59, 528.40, 768.43, 528.40, 798.75, 528.40, 30.33, 12.75
8.93, 18, black car, 906.21, 529.69, 936.22, 542.65, 921.21, 536.17, 906.21, 536.17, 936.22, 536.17, 30.01, 12.95
8.97, 46, white car, 1400.37, 541.80, 1432.41, 555.97, 1416.39, 548.88, 1400.37, 548.88, 1432.41, 548.88, 32.04, 14.17
8.97, 20, black car, 766.43, 521.92, 796.42, 534.55, 781.43, 528.24, 766.43, 528.24, 796.42, 528.24, 29.99, 12.63
9.00, 46, white car, 1397.52, 541.87, 1429.53, 556.01, 1413.53, 548.94, 1397.52, 548.94, 1429.53, 548.94, 32.00, 14.14
9.00, 20, black car, 763.67, 521.69, 793.63, 534.30, 778.65, 527.99, 763.67, 527.99, 793.63, 527.99, 29.96, 12.62
9.03, 46, white car, 1395.32, 542.05, 1426.47, 555.78, 1410.90, 548.91, 1395.32, 548.91, 1426.47, 548.91, 31.14, 13.73
9.03, 20, black car, 760.75, 521.67, 790.48, 534.17, 775.62, 527.92, 760.75, 527.92, 790.48, 527.92, 29.73, 12.51
9.07, 46, white car, 1392.28, 542.04, 1423.21, 555.66, 1407.74, 548.85, 1392.28, 548.85, 1423.21, 548.85, 30.93, 13.62
9.07, 20, black car, 757.67, 521.66, 787.22, 534.10, 772.45, 527.88, 757.67, 527.88, 787.22, 527.88, 29.55, 12.44
9.10, 46, white car, 1389.16, 541.89, 1420.37, 555.65, 1404.76, 548.77, 1389.16, 548.77, 1420.37, 548.77, 31.21, 13.76
9.10, 20, black car, 755.14, 521.47, 784.67, 533.93, 769.90, 527.70, 755.14, 527.70, 784.67, 527.70, 29.53, 12.45
9.10, 18, black car, 892.67, 529.36, 922.00, 542.11, 907.34, 535.74, 892.67, 535.74, 922.00, 535.74, 29.33, 12.75
9.13, 46, white car, 1385.62, 541.67, 1417.55, 555.77, 1401.59, 548.72, 1385.62, 548.72, 1417.55, 548.72, 31.93, 14.10
9.13, 20, black car, 752.45, 521.21, 782.52, 533.89, 767.48, 527.55, 752.45, 527.55, 782.52, 527.55, 30.07, 12.69
9.13, 18, black car, 890.40, 529.20, 919.71, 541.99, 905.06, 535.60, 890.40, 535.60, 919.71, 535.60, 29.31, 12.79
9.17, 46, white car, 1383.24, 541.93, 1414.41, 555.65, 1398.82, 548.79, 1383.24, 548.79, 1414.41, 548.79, 31.17, 13.72
9.17, 20, black car, 749.31, 520.95, 779.58, 533.76, 764.44, 527.35, 749.31, 527.35, 779.58, 527.35, 30.27, 12.81
9.20, 46, white car, 1380.61, 542.03, 1411.75, 555.72, 1396.18, 548.87, 1380.61, 548.87, 1411.75, 548.87, 31.13, 13.70
9.20, 20, black car, 746.33, 520.23, 777.04, 533.25, 761.68, 526.74, 746.33, 526.74, 777.04, 526.74, 30.71, 13.03
9.20, 18, black car, 885.13, 529.07, 914.23, 541.80, 899.68, 535.44, 885.13, 535.44, 914.23, 535.44, 29.10, 12.73
9.23, 46, white car, 1377.82, 541.87, 1408.75, 555.45, 1393.29, 548.66, 1377.82, 548.66, 1408.75, 548.66, 30.92, 13.58
9.23, 20, black car, 743.58, 519.92, 773.93, 532.83, 758.75, 526.37, 743.58, 526.37, 773.93, 526.37, 30.35, 12.91
9.27, 46, white car, 1374.31, 541.63, 1405.79, 555.48, 1390.05, 548.55, 1374.31, 548.55, 1405.79, 548.55, 31.48, 13.84
9.27, 20, black car, 741.06, 519.52, 771.53, 532.51, 756.30, 526.01, 741.06, 526.01, 771.53, 526.01, 30.47, 12.99
9.27, 18, black car, 880.19, 528.75, 908.62, 541.17, 894.40, 534.96, 880.19, 534.96, 908.62, 534.96, 28.43, 12.42
9.30, 46, white car, 1370.88, 541.50, 1402.80, 555.53, 1386.84, 548.52, 1370.88, 548.52, 1402.80, 548.52, 31.92, 14.03
9.30, 20, black car, 738.64, 519.20, 769.21, 532.30, 753.93, 525.75, 738.64, 525.75, 769.21, 525.75, 30.57, 13.10
9.30, 18, black car, 877.99, 528.70, 906.03, 540.96, 892.01, 534.83, 877.99, 534.83, 906.03, 534.83, 28.05, 12.25
9.33, 46, white car, 1367.90, 541.57, 1400.10, 555.72, 1384.00, 548.65, 1367.90, 548.65, 1400.10, 548.65, 32.20, 14.15
9.33, 20, black car, 736.49, 519.27, 766.52, 532.18, 751.50, 525.73, 736.49, 525.73, 766.52, 525.73, 30.03, 12.91
9.33, 18, black car, 875.53, 528.66, 903.35, 540.75, 889.44, 534.71, 875.53, 534.71, 903.35, 534.71, 27.82, 12.09
9.37, 46, white car, 1364.96, 541.47, 1397.34, 555.72, 1381.15, 548.59, 1364.96, 548.59, 1397.34, 548.59, 32.38, 14.25
9.37, 20, black car, 734.28, 518.99, 764.27, 531.90, 749.28, 525.45, 734.28, 525.45, 764.27, 525.45, 29.99, 12.91
9.37, 18, black car, 872.72, 528.46, 900.68, 540.60, 886.70, 534.53, 872.72, 534.53, 900.68, 534.53, 27.96, 12.14
9.40, 46, white car, 1362.31, 541.40, 1394.64, 555.66, 1378.48, 548.53, 1362.31, 548.53, 1394.64, 548.53, 32.33, 14.25
9.40, 20, black car, 731.67, 518.72, 761.95, 531.71, 746.81, 525.22, 731.67, 525.22, 761.95, 525.22, 30.28, 12.99
9.40, 18, black car, 869.93, 528.44, 898.26, 540.72, 884.09, 534.58, 869.93, 534.58, 898.26, 534.58, 28.33, 12.29
9.43, 46, white car, 1359.05, 541.28, 1391.54, 555.65, 1375.29, 548.47, 1359.05, 548.47, 1391.54, 548.47, 32.49, 14.36
9.43, 20, black car, 729.46, 518.56, 759.20, 531.29, 744.33, 524.93, 729.46, 524.93, 759.20, 524.93, 29.74, 12.72
9.43, 18, black car, 867.11, 528.30, 895.89, 540.78, 881.50, 534.54, 867.11, 534.54, 895.89, 534.54, 28.78, 12.48
9.47, 46, white car, 1355.83, 541.18, 1388.34, 555.56, 1372.08, 548.37, 1355.83, 548.37, 1388.34, 548.37, 32.50, 14.38
9.47, 20, black car, 727.38, 518.59, 756.78, 531.13, 742.08, 524.86, 727.38, 524.86, 756.78, 524.86, 29.40, 12.53
9.47, 18, black car, 864.31, 528.08, 893.23, 540.61, 878.77, 534.34, 864.31, 534.34, 893.23, 534.34, 28.92, 12.54
9.50, 46, white car, 1352.80, 541.22, 1385.57, 555.75, 1369.19, 548.49, 1352.80, 548.49, 1385.57, 548.49, 32.77, 14.52
9.50, 20, black car, 725.07, 518.32, 754.39, 530.77, 739.73, 524.55, 725.07, 524.55, 754.39, 524.55, 29.33, 12.46
9.50, 18, black car, 862.14, 528.06, 890.30, 540.26, 876.22, 534.16, 862.14, 534.16, 890.30, 534.16, 28.16, 12.19
9.53, 46, white car, 1350.20, 541.22, 1382.39, 555.50, 1366.29, 548.36, 1350.20, 548.36, 1382.39, 548.36, 32.18, 14.28
9.53, 20, black car, 722.34, 518.24, 751.44, 530.54, 736.89, 524.39, 722.34, 524.39, 751.44, 524.39, 29.10, 12.30
9.53, 18, black car, 859.67, 527.85, 887.82, 540.00, 873.74, 533.93, 859.67, 533.93, 887.82, 533.93, 28.15, 12.15
9.57, 46, white car, 1347.46, 541.22, 1379.47, 555.44, 1363.46, 548.33, 1347.46, 548.33, 1379.47, 548.33, 32.02, 14.21
9.57, 20, black car, 719.09, 518.00, 749.04, 530.63, 734.07, 524.31, 719.09, 524.31, 749.04, 524.31, 29.95, 12.63
9.57, 18, black car, 857.12, 527.66, 885.49, 539.91, 871.30, 533.78, 857.12, 533.78, 885.49, 533.78, 28.37, 12.25
9.60, 46, white car, 1344.22, 541.15, 1376.40, 555.42, 1360.31, 548.28, 1344.22, 548.28, 1376.40, 548.28, 32.18, 14.27
9.60, 20, black car, 716.61, 517.88, 746.57, 530.50, 731.59, 524.19, 716.61, 524.19, 746.57, 524.19, 29.96, 12.62
9.60, 18, black car, 854.50, 527.47, 882.60, 539.60, 868.55, 533.53, 854.50, 533.53, 882.60, 533.53, 28.10, 12.13
9.63, 46, white car, 1341.76, 541.28, 1373.42, 555.32, 1357.59, 548.30, 1341.76, 548.30, 1373.42, 548.30, 31.66, 14.04
9.63, 20, black car, 713.83, 517.75, 743.83, 530.39, 728.83, 524.07, 713.83, 524.07, 743.83, 524.07, 30.00, 12.65
9.63, 18, black car, 851.71, 527.33, 880.18, 539.61, 865.94, 533.47, 851.71, 533.47, 880.18, 533.47, 28.47, 12.28
9.67, 46, white car, 1338.92, 541.16, 1370.53, 555.15, 1354.72, 548.16, 1338.92, 548.16, 1370.53, 548.16, 31.61, 13.99
9.67, 20, black car, 711.32, 517.51, 741.13, 530.11, 726.23, 523.81, 711.32, 523.81, 741.13, 523.81, 29.81, 12.60
9.67, 18, black car, 849.09, 527.31, 877.17, 539.39, 863.13, 533.35, 849.09, 533.35, 877.17, 533.35, 28.09, 12.08
9.70, 46, white car, 1335.46, 541.02, 1367.08, 555.01, 1351.27, 548.02, 1335.46, 548.02, 1367.08, 548.02, 31.63, 13.99
9.70, 20, black car, 708.83, 517.18, 739.07, 530.01, 723.95, 523.60, 708.83, 523.60, 739.07, 523.60, 30.25, 12.83
9.70, 18, black car, 846.57, 527.14, 874.76, 539.24, 860.66, 533.19, 846.57, 533.19, 874.76, 533.19, 28.18, 12.10
9.73, 46, white car, 1332.34, 540.99, 1364.24, 555.14, 1348.29, 548.07, 1332.34, 548.07, 1364.24, 548.07, 31.90, 14.15
9.73, 20, black car, 706.60, 516.81, 736.98, 529.74, 721.79, 523.28, 706.60, 523.28, 736.98, 523.28, 30.39, 12.93
9.77, 46, white car, 1329.11, 540.91, 1361.24, 555.16, 1345.17, 548.04, 1329.11, 548.04, 1361.24, 548.04, 32.14, 14.25
9.77, 20, black car, 704.60, 516.57, 734.98, 529.52, 719.79, 523.04, 704.60, 523.04, 734.98, 523.04, 30.38, 12.95
9.80, 46, white car, 1326.52, 540.95, 1358.04, 554.88, 1342.28, 547.92, 1326.52, 547.92, 1358.04, 547.92, 31.52, 13.94
9.80, 20, black car, 702.43, 516.54, 732.54, 529.36, 717.48, 522.95, 702.43, 522.95, 732.54, 522.95, 30.11, 12.82
9.83, 46, white car, 1323.62, 540.97, 1354.84, 554.75, 1339.23, 547.86, 1323.62, 547.86, 1354.84, 547.86, 31.22, 13.78
9.83, 20, black car, 699.40, 516.18, 729.92, 529.22, 714.66, 522.70, 699.40, 522.70, 729.92, 522.70, 30.53, 13.04
9.83, 18, black car, 835.76, 526.71, 864.25, 538.93, 850.00, 532.82, 835.76, 532.82, 864.25, 532.82, 28.49, 12.22
9.87, 46, white car, 1320.37, 540.92, 1352.05, 554.92, 1336.21, 547.92, 1320.37, 547.92, 1352.05, 547.92, 31.68, 14.00
9.87, 20, black car, 696.27, 515.66, 727.26, 528.91, 711.77, 522.29, 696.27, 522.29, 727.26, 522.29, 30.99, 13.25
9.87, 18, black car, 833.65, 526.87, 861.56, 538.82, 847.61, 532.84, 833.65, 532.84, 861.56, 532.84, 27.91, 11.95
9.90, 46, white car, 1316.94, 540.84, 1349.13, 555.07, 1333.03, 547.96, 1316.94, 547.96, 1349.13, 547.96, 32.19, 14.23
9.90, 20, black car, 693.63, 515.40, 724.72, 528.71, 709.17, 522.05, 693.63, 522.05, 724.72, 522.05, 31.09, 13.31
9.90, 18, black car, 830.97, 526.52, 859.26, 538.60, 845.12, 532.56, 830.97, 532.56, 859.26, 532.56, 28.29, 12.08
9.93, 46, white car, 1313.86, 540.69, 1346.04, 554.88, 1329.95, 547.78, 1313.86, 547.78, 1346.04, 547.78, 32.17, 14.19
9.93, 20, black car, 690.90, 515.07, 721.95, 528.36, 706.42, 521.72, 690.90, 521.72, 721.95, 521.72, 31.05, 13.29
9.97, 46, white car, 1310.72, 540.64, 1343.31, 555.00, 1327.01, 547.82, 1310.72, 547.82, 1343.31, 547.82, 32.59, 14.36
9.97, 20, black car, 688.17, 514.69, 719.45, 528.07, 703.81, 521.38, 688.17, 521.38, 719.45, 521.38, 31.27, 13.38
