1.63, 6, white car, 1413.15, 555.60, 1443.87, 569.01, 1428.51, 562.31, 1413.15, 562.31, 1443.87, 562.31, 30.72, 13.41
1.67, 6, white car, 1410.43, 555.64, 1440.76, 568.86, 1425.59, 562.25, 1410.43, 562.25, 1440.76, 562.25, 30.32, 13.23
1.70, 6, white car, 1407.33, 555.42, 1438.22, 568.85, 1422.77, 562.14, 1407.33, 562.14, 1438.22, 562.14, 30.88, 13.43
1.73, 6, white car, 1403.81, 555.30, 1435.17, 568.95, 1419.49, 562.13, 1403.81, 562.13, 1435.17, 562.13, 31.35, 13.65
1.77, 6, white car, 1400.94, 555.32, 1432.46, 569.02, 1416.70, 562.17, 1400.94, 562.17, 1432.46, 562.17, 31.51, 13.70
1.80, 6, white car, 1397.81, 555.40, 1428.96, 568.95, 1413.39, 562.17, 1397.81, 562.17, 1428.96, 562.17, 31.16, 13.55
1.83, 6, white car, 1394.74, 555.33, 1426.23, 569.00, 1410.49, 562.16, 1394.74, 562.16, 1426.23, 562.16, 31.49, 13.67
1.87, 6, white car, 1391.71, 555.21, 1423.56, 568.99, 1407.64, 562.10, 1391.71, 562.10, 1423.56, 562.10, 31.84, 13.78
1.90, 6, white car, 1388.74, 555.22, 1420.47, 568.96, 1404.61, 562.09, 1388.74, 562.09, 1420.47, 562.09, 31.74, 13.74
1.93, 6, white car, 1385.52, 555.18, 1417.64, 569.06, 1401.58, 562.12, 1385.52, 562.12, 1417.64, 562.12, 32.12, 13.88
1.97, 6, white car, 1382.52, 555.25, 1414.48, 569.05, 1398.50, 562.15, 1382.52, 562.15, 1414.48, 562.15, 31.97, 13.79
2.00, 6, white car, 1379.29, 555.04, 1411.66, 569.00, 1395.47, 562.02, 1379.29, 562.02, 1411.66, 562.02, 32.37, 13.96
2.03, 6, white car, 1376.42, 555.02, 1408.52, 568.85, 1392.47, 561.93, 1376.42, 561.93, 1408.52, 561.93, 32.10, 13.84
2.07, 6, white car, 1373.34, 554.93, 1405.74, 568.90, 1389.54, 561.91, 1373.34, 561.91, 1405.74, 561.91, 32.39, 13.97
2.10, 6, white car, 1370.42, 554.84, 1402.96, 568.84, 1386.69, 561.84, 1370.42, 561.84, 1402.96, 561.84, 32.54, 14.00
2.13, 6, white car, 1367.24, 554.77, 1400.08, 568.91, 1383.66, 561.84, 1367.24, 561.84, 1400.08, 561.84, 32.84, 14.15
2.17, 6, white car, 1364.47, 554.76, 1397.05, 568.75, 1380.76, 561.75, 1364.47, 561.75, 1397.05, 561.75, 32.58, 13.99
2.20, 6, white car, 1361.41, 554.75, 1393.85, 568.66, 1377.63, 561.70, 1361.41, 561.70, 1393.85, 561.70, 32.44, 13.91
2.23, 6, white car, 1358.36, 554.77, 1390.73, 568.64, 1374.55, 561.70, 1358.36, 561.70, 1390.73, 561.70, 32.37, 13.87
2.27, 6, white car, 1355.13, 554.60, 1387.71, 568.57, 1371.42, 561.58, 1355.13, 561.58, 1387.71, 561.58, 32.57, 13.97
2.30, 6, white car, 1352.07, 554.34, 1385.16, 568.55, 1368.61, 561.44, 1352.07, 561.44, 1385.16, 561.44, 33.09, 14.21
2.33, 6, white car, 1348.84, 554.12, 1382.12, 568.44, 1365.48, 561.28, 1348.84, 561.28, 1382.12, 561.28, 33.28, 14.32
2.37, 6, white car, 1345.87, 554.02, 1379.05, 568.32, 1362.46, 561.17, 1345.87, 561.17, 1379.05, 561.17, 33.18, 14.31
2.40, 6, white car, 1342.88, 553.86, 1376.19, 568.24, 1359.54, 561.05, 1342.88, 561.05, 1376.19, 561.05, 33.31, 14.38
2.43, 6, white car, 1339.76, 553.80, 1373.27, 568.29, 1356.52, 561.04, 1339.76, 561.04, 1373.27, 561.04, 33.51, 14.49
2.47, 6, white car, 1336.54, 553.64, 1370.20, 568.21, 1353.37, 560.93, 1336.54, 560.93, 1370.20, 560.93, 33.66, 14.57
2.50, 6, white car, 1333.90, 553.57, 1367.03, 567.93, 1350.47, 560.75, 1333.90, 560.75, 1367.03, 560.75, 33.13, 14.36
2.53, 6, white car, 1331.22, 553.58, 1363.92, 567.74, 1347.57, 560.66, 1331.22, 560.66, 1363.92, 560.66, 32.70, 14.16
2.57, 6, white car, 1328.51, 553.87, 1360.27, 567.62, 1344.39, 560.74, 1328.51, 560.74, 1360.27, 560.74, 31.76, 13.75
2.60, 6, white car, 1325.56, 553.80, 1357.36, 567.57, 1341.46, 560.69, 1325.56, 560.69, 1357.36, 560.69, 31.80, 13.77
2.63, 6, white car, 1322.72, 553.62, 1354.77, 567.47, 1338.74, 560.54, 1322.72, 560.54, 1354.77, 560.54, 32.06, 13.85
2.67, 6, white car, 1319.65, 553.51, 1351.86, 567.43, 1335.76, 560.47, 1319.65, 560.47, 1351.86, 560.47, 32.21, 13.92
2.70, 6, white car, 1316.35, 553.46, 1348.66, 567.42, 1332.50, 560.44, 1316.35, 560.44, 1348.66, 560.44, 32.31, 13.96
2.73, 6, white car, 1313.65, 553.56, 1345.45, 567.26, 1329.55, 560.41, 1313.65, 560.41, 1345.45, 560.41, 31.80, 13.70
2.77, 6, white car, 1310.83, 553.62, 1342.69, 567.32, 1326.76, 560.47, 1310.83, 560.47, 1342.69, 560.47, 31.85, 13.70
2.80, 6, white car, 1307.54, 553.39, 1339.52, 567.13, 1323.53, 560.26, 1307.54, 560.26, 1339.52, 560.26, 31.98, 13.74
2.83, 6, white car, 1304.53, 553.33, 1336.40, 567.03, 1320.47, 560.18, 1304.53, 560.18, 1336.40, 560.18, 31.87, 13.70
2.87, 6, white car, 1301.95, 553.27, 1333.80, 566.94, 1317.88, 560.10, 1301.95, 560.10, 1333.80, 560.10, 31.85, 13.67
2.90, 6, white car, 1299.08, 553.41, 1330.33, 566.79, 1314.70, 560.10, 1299.08, 560.10, 1330.33, 560.10, 31.25, 13.38
2.93, 6, white car, 1295.66, 553.10, 1327.45, 566.72, 1311.55, 559.91, 1295.66, 559.91, 1327.45, 559.91, 31.79, 13.63
2.97, 6, white car, 1292.32, 552.79, 1324.59, 566.65, 1308.45, 559.72, 1292.32, 559.72, 1324.59, 559.72, 32.27, 13.86
3.00, 6, white car, 1289.39, 552.82, 1321.61, 566.68, 1305.50, 559.75, 1289.39, 559.75, 1321.61, 559.75, 32.22, 13.86
3.03, 6, white car, 1286.14, 552.51, 1318.73, 566.58, 1302.43, 559.55, 1286.14, 559.55, 1318.73, 559.55, 32.60, 14.08
3.07, 6, white car, 1282.86, 552.19, 1315.90, 566.50, 1299.38, 559.35, 1282.86, 559.35, 1315.90, 559.35, 33.04, 14.31
3.10, 6, white car, 1280.70, 552.26, 1312.24, 565.90, 1296.47, 559.08, 1280.70, 559.08, 1312.24, 559.08, 31.54, 13.64
3.13, 6, white car, 1278.00, 552.40, 1309.09, 565.83, 1293.55, 559.11, 1278.00, 559.11, 1309.09, 559.11, 31.09, 13.43
3.17, 6, white car, 1275.72, 552.70, 1305.46, 565.49, 1290.59, 559.09, 1275.72, 559.09, 1305.46, 559.09, 29.74, 12.78
3.20, 6, white car, 1272.86, 552.85, 1302.11, 565.36, 1287.48, 559.11, 1272.86, 559.11, 1302.11, 559.11, 29.26, 12.51
3.23, 6, white car, 1269.98, 552.73, 1299.09, 565.12, 1284.53, 558.92, 1269.98, 558.92, 1299.09, 558.92, 29.11, 12.39
3.27, 6, white car, 1266.82, 552.60, 1295.78, 564.86, 1281.30, 558.73, 1266.82, 558.73, 1295.78, 558.73, 28.96, 12.25
3.30, 6, white car, 1263.75, 552.54, 1292.83, 564.80, 1278.29, 558.67, 1263.75, 558.67, 1292.83, 558.67, 29.08, 12.27
3.33, 6, white car, 1260.60, 552.43, 1290.11, 564.85, 1275.36, 558.64, 1260.60, 558.64, 1290.11, 558.64, 29.51, 12.42
3.37, 6, white car, 1257.43, 552.36, 1287.41, 564.94, 1272.42, 558.65, 1257.43, 558.65, 1287.41, 558.65, 29.98, 12.58
3.40, 6, white car, 1254.21, 551.98, 1284.69, 564.77, 1269.45, 558.38, 1254.21, 558.38, 1284.69, 558.38, 30.48, 12.79
3.43, 6, white car, 1250.59, 551.53, 1281.86, 564.68, 1266.22, 558.10, 1250.59, 558.10, 1281.86, 558.10, 31.27, 13.16
3.47, 6, white car, 1247.54, 551.34, 1279.07, 564.64, 1263.30, 557.99, 1247.54, 557.99, 1279.07, 557.99, 31.52, 13.30
3.50, 6, white car, 1244.54, 551.01, 1276.14, 564.41, 1260.34, 557.71, 1244.54, 557.71, 1276.14, 557.71, 31.61, 13.40
3.53, 6, white car, 1241.29, 550.73, 1273.33, 564.35, 1257.31, 557.54, 1241.29, 557.54, 1273.33, 557.54, 32.04, 13.62
3.57, 6, white car, 1238.63, 550.72, 1270.03, 564.08, 1254.33, 557.40, 1238.63, 557.40, 1270.03, 557.40, 31.40, 13.37
3.60, 6, white car, 1236.06, 550.95, 1266.66, 563.94, 1251.36, 557.44, 1236.06, 557.44, 1266.66, 557.44, 30.60, 13.00
3.63, 6, white car, 1233.35, 551.10, 1263.60, 563.92, 1248.48, 557.51, 1233.35, 557.51, 1263.60, 557.51, 30.25, 12.82
3.67, 6, white car, 1230.20, 551.25, 1260.27, 563.96, 1245.23, 557.61, 1230.20, 557.61, 1260.27, 557.61, 30.07, 12.71
3.70, 6, white car, 1227.38, 551.38, 1257.17, 563.91, 1242.28, 557.64, 1227.38, 557.64, 1257.17, 557.64, 29.79, 12.53
3.73, 6, white car, 1224.48, 551.35, 1253.87, 563.65, 1239.18, 557.50, 1224.48, 557.50, 1253.87, 557.50, 29.38, 12.29
3.77, 6, white car, 1221.51, 551.40, 1250.74, 563.60, 1236.12, 557.50, 1221.51, 557.50, 1250.74, 557.50, 29.23, 12.20
3.80, 6, white car, 1218.54, 551.23, 1247.94, 563.45, 1233.24, 557.34, 1218.54, 557.34, 1247.94, 557.34, 29.40, 12.23
3.83, 6, white car, 1215.21, 551.22, 1245.08, 563.61, 1230.15, 557.42, 1215.21, 557.42, 1245.08, 557.42, 29.87, 12.39
3.87, 6, white car, 1212.24, 550.90, 1242.53, 563.48, 1227.38, 557.19, 1212.24, 557.19, 1242.53, 557.19, 30.29, 12.58
3.90, 6, white car, 1208.95, 550.71, 1239.62, 563.45, 1224.29, 557.08, 1208.95, 557.08, 1239.62, 557.08, 30.66, 12.74
3.93, 6, white car, 1206.11, 550.51, 1237.02, 563.36, 1221.57, 556.94, 1206.11, 556.94, 1237.02, 556.94, 30.91, 12.85
3.97, 6, white car, 1202.52, 550.18, 1233.86, 563.24, 1218.19, 556.71, 1202.52, 556.71, 1233.86, 556.71, 31.34, 13.05
4.00, 6, white car, 1199.53, 550.18, 1230.95, 563.27, 1215.24, 556.72, 1199.53, 556.72, 1230.95, 556.72, 31.42, 13.08
4.03, 6, white car, 1197.14, 549.93, 1228.16, 562.86, 1212.65, 556.40, 1197.14, 556.40, 1228.16, 556.40, 31.02, 12.92
4.07, 6, white car, 1194.40, 549.92, 1224.95, 562.62, 1209.68, 556.27, 1194.40, 556.27, 1224.95, 556.27, 30.55, 12.71
4.10, 6, white car, 1191.06, 549.72, 1222.04, 562.64, 1206.55, 556.18, 1191.06, 556.18, 1222.04, 556.18, 30.99, 12.91
4.13, 6, white car, 1187.97, 549.60, 1218.82, 562.47, 1203.39, 556.03, 1187.97, 556.03, 1218.82, 556.03, 30.85, 12.87
4.17, 6, white car, 1185.07, 549.54, 1216.02, 562.44, 1200.54, 555.99, 1185.07, 555.99, 1216.02, 555.99, 30.95, 12.89
4.20, 6, white car, 1182.00, 549.50, 1213.13, 562.47, 1197.56, 555.99, 1182.00, 555.99, 1213.13, 555.99, 31.13, 12.98
4.23, 6, white car, 1178.85, 549.55, 1210.03, 562.56, 1194.44, 556.05, 1178.85, 556.05, 1210.03, 556.05, 31.18, 13.01
4.27, 6, white car, 1176.04, 549.69, 1206.71, 562.51, 1191.37, 556.10, 1176.04, 556.10, 1206.71, 556.10, 30.67, 12.81
4.30, 6, white car, 1173.33, 549.86, 1203.76, 562.55, 1188.55, 556.21, 1173.33, 556.21, 1203.76, 556.21, 30.42, 12.69
4.33, 6, white car, 1170.49, 549.42, 1200.74, 562.02, 1185.61, 555.72, 1170.49, 555.72, 1200.74, 555.72, 30.24, 12.60
4.37, 6, white car, 1167.54, 549.29, 1197.45, 561.74, 1182.49, 555.52, 1167.54, 555.52, 1197.45, 555.52, 29.90, 12.45
4.40, 6, white car, 1164.49, 549.03, 1194.53, 561.55, 1179.51, 555.29, 1164.49, 555.29, 1194.53, 555.29, 30.04, 12.52
4.43, 6, white car, 1161.25, 548.86, 1191.36, 561.40, 1176.31, 555.13, 1161.25, 555.13, 1191.36, 555.13, 30.11, 12.54
4.47, 6, white car, 1158.19, 548.87, 1188.41, 561.44, 1173.30, 555.16, 1158.19, 555.16, 1188.41, 555.16, 30.23, 12.58
4.50, 6, white car, 1155.29, 548.68, 1185.68, 561.30, 1170.49, 554.99, 1155.29, 554.99, 1185.68, 554.99, 30.39, 12.62
4.53, 6, white car, 1152.50, 548.67, 1182.93, 561.28, 1167.72, 554.98, 1152.50, 554.98, 1182.93, 554.98, 30.44, 12.60
4.57, 6, white car, 1149.31, 548.64, 1179.73, 561.24, 1164.52, 554.94, 1149.31, 554.94, 1179.73, 554.94, 30.42, 12.60
4.60, 6, white car, 1145.98, 548.52, 1177.08, 561.41, 1161.53, 554.97, 1145.98, 554.97, 1177.08, 554.97, 31.09, 12.90
4.63, 6, white car, 1143.31, 548.42, 1174.88, 561.52, 1159.10, 554.97, 1143.31, 554.97, 1174.88, 554.97, 31.57, 13.10
4.67, 6, white car, 1140.21, 548.28, 1171.77, 561.39, 1155.99, 554.83, 1140.21, 554.83, 1171.77, 554.83, 31.56, 13.12
4.70, 6, white car, 1137.20, 548.31, 1168.51, 561.34, 1152.86, 554.83, 1137.20, 554.83, 1168.51, 554.83, 31.31, 13.03
4.73, 6, white car, 1133.98, 548.13, 1166.02, 561.51, 1150.00, 554.82, 1133.98, 554.82, 1166.02, 554.82, 32.04, 13.38
4.77, 6, white car, 1131.20, 548.16, 1163.23, 561.54, 1147.22, 554.85, 1131.20, 554.85, 1163.23, 554.85, 32.04, 13.38
4.80, 6, white car, 1128.05, 548.08, 1160.14, 561.53, 1144.09, 554.80, 1128.05, 554.80, 1160.14, 554.80, 32.09, 13.46
4.83, 6, white car, 1124.89, 547.90, 1157.49, 561.61, 1141.19, 554.75, 1124.89, 554.75, 1157.49, 554.75, 32.60, 13.72
4.87, 6, white car, 1122.19, 548.00, 1154.31, 561.53, 1138.25, 554.77, 1122.19, 554.77, 1154.31, 554.77, 32.12, 13.53
4.90, 6, white car, 1119.21, 547.89, 1151.39, 561.51, 1135.30, 554.70, 1119.21, 554.70, 1151.39, 554.70, 32.17, 13.62
4.93, 6, white car, 1116.23, 547.82, 1148.56, 561.54, 1132.39, 554.68, 1116.23, 554.68, 1148.56, 554.68, 32.33, 13.72
4.97, 6, white car, 1113.95, 547.81, 1145.47, 561.21, 1129.71, 554.51, 1113.95, 554.51, 1145.47, 554.51, 31.52, 13.40
5.00, 6, white car, 1111.26, 547.63, 1142.26, 560.82, 1126.76, 554.23, 1111.26, 554.23, 1142.26, 554.23, 31.00, 13.20
5.03, 6, white car, 1108.29, 547.45, 1139.32, 560.66, 1123.80, 554.05, 1108.29, 554.05, 1139.32, 554.05, 31.04, 13.21
5.07, 6, white car, 1105.18, 547.42, 1135.79, 560.44, 1120.49, 553.93, 1105.18, 553.93, 1135.79, 553.93, 30.61, 13.02
5.10, 6, white car, 1102.10, 547.27, 1133.23, 560.49, 1117.66, 553.88, 1102.10, 553.88, 1133.23, 553.88, 31.12, 13.23
5.13, 6, white car, 1099.31, 547.18, 1130.67, 560.49, 1114.99, 553.84, 1099.31, 553.84, 1130.67, 553.84, 31.36, 13.31
5.17, 6, white car, 1096.84, 547.30, 1127.73, 560.41, 1112.28, 553.85, 1096.84, 553.85, 1127.73, 553.85, 30.89, 13.10
5.20, 6, white car, 1093.66, 547.40, 1124.20, 560.37, 1108.93, 553.88, 1093.66, 553.88, 1124.20, 553.88, 30.54, 12.97
5.23, 6, white car, 1090.96, 547.49, 1121.18, 560.32, 1106.07, 553.90, 1090.96, 553.90, 1121.18, 553.90, 30.22, 12.84
5.27, 6, white car, 1088.13, 547.46, 1118.25, 560.21, 1103.19, 553.83, 1088.13, 553.83, 1118.25, 553.83, 30.12, 12.75
5.30, 6, white car, 1085.26, 547.26, 1115.50, 560.03, 1100.38, 553.65, 1085.26, 553.65, 1115.50, 553.65, 30.24, 12.78
5.33, 6, white car, 1082.33, 547.12, 1112.74, 559.94, 1097.53, 553.53, 1082.33, 553.53, 1112.74, 553.53, 30.41, 12.82
5.37, 6, white car, 1079.26, 546.96, 1109.82, 559.84, 1094.54, 553.40, 1079.26, 553.40, 1109.82, 553.40, 30.57, 12.88
5.40, 6, white car, 1076.11, 546.81, 1107.07, 559.85, 1091.59, 553.33, 1076.11, 553.33, 1107.07, 553.33, 30.96, 13.03
5.43, 6, white car, 1073.18, 546.92, 1104.20, 559.96, 1088.69, 553.44, 1073.18, 553.44, 1104.20, 553.44, 31.02, 13.04
5.47, 6, white car, 1069.88, 546.86, 1101.30, 560.08, 1085.59, 553.47, 1069.88, 553.47, 1101.30, 553.47, 31.43, 13.22
5.50, 6, white car, 1067.35, 546.89, 1098.22, 559.88, 1082.79, 553.39, 1067.35, 553.39, 1098.22, 553.39, 30.88, 12.99
5.53, 6, white car, 1064.59, 546.75, 1095.24, 559.65, 1079.91, 553.20, 1064.59, 553.20, 1095.24, 553.20, 30.64, 12.90
5.57, 6, white car, 1061.68, 546.65, 1092.18, 559.49, 1076.93, 553.07, 1061.68, 553.07, 1092.18, 553.07, 30.50, 12.84
5.60, 6, white car, 1058.60, 546.49, 1089.47, 559.49, 1074.03, 552.99, 1058.60, 552.99, 1089.47, 552.99, 30.86, 13.00
5.63, 6, white car, 1055.95, 546.44, 1087.09, 559.55, 1071.52, 553.00, 1055.95, 553.00, 1087.09, 553.00, 31.13, 13.11
5.67, 6, white car, 1053.14, 546.43, 1084.00, 559.45, 1068.57, 552.94, 1053.14, 552.94, 1084.00, 552.94, 30.86, 13.02
5.70, 6, white car, 1050.06, 546.24, 1081.23, 559.41, 1065.64, 552.83, 1050.06, 552.83, 1081.23, 552.83, 31.17, 13.17
5.73, 6, white car, 1046.44, 545.86, 1078.49, 559.43, 1062.47, 552.65, 1046.44, 552.65, 1078.49, 552.65, 32.05, 13.57
5.77, 6, white car, 1043.25, 545.46, 1076.05, 559.43, 1059.65, 552.45, 1043.25, 552.45, 1076.05, 552.45, 32.80, 13.97
5.80, 6, white car, 1040.60, 545.30, 1073.62, 559.43, 1057.11, 552.36, 1040.60, 552.36, 1073.62, 552.36, 33.02, 14.13
5.83, 6, white car, 1037.71, 545.28, 1070.72, 559.48, 1054.22, 552.38, 1037.71, 552.38, 1070.72, 552.38, 33.00, 14.19
5.87, 6, white car, 1035.14, 545.09, 1067.98, 559.29, 1051.56, 552.19, 1035.14, 552.19, 1067.98, 552.19, 32.84, 14.20
5.90, 6, white car, 1032.32, 544.93, 1065.10, 559.11, 1048.71, 552.02, 1032.32, 552.02, 1065.10, 552.02, 32.78, 14.18
5.93, 6, white car, 1029.24, 544.62, 1062.11, 558.89, 1045.67, 551.76, 1029.24, 551.76, 1062.11, 551.76, 32.87, 14.27
5.97, 6, white car, 1026.54, 544.48, 1059.28, 558.75, 1042.91, 551.61, 1026.54, 551.61, 1059.28, 551.61, 32.74, 14.27
6.00, 6, white car, 1023.65, 544.43, 1056.16, 558.65, 1039.90, 551.54, 1023.65, 551.54, 1056.16, 551.54, 32.52, 14.21
6.03, 6, white car, 1020.55, 544.12, 1053.35, 558.52, 1036.95, 551.32, 1020.55, 551.32, 1053.35, 551.32, 32.80, 14.40
6.07, 6, white car, 1017.59, 543.91, 1050.90, 558.57, 1034.24, 551.24, 1017.59, 551.24, 1050.90, 551.24, 33.30, 14.66
6.10, 6, white car, 1014.99, 543.75, 1047.89, 558.28, 1031.44, 551.01, 1014.99, 551.01, 1047.89, 551.01, 32.91, 14.53
6.13, 6, white car, 1012.32, 543.70, 1045.18, 558.26, 1028.75, 550.98, 1012.32, 550.98, 1045.18, 550.98, 32.86, 14.56
6.17, 6, white car, 1009.73, 543.78, 1042.22, 558.21, 1025.98, 550.99, 1009.73, 550.99, 1042.22, 550.99, 32.49, 14.42
6.20, 6, white car, 1007.15, 543.88, 1038.80, 557.92, 1022.98, 550.90, 1007.15, 550.90, 1038.80, 550.90, 31.66, 14.04
6.23, 6, white car, 1004.35, 544.02, 1035.78, 557.91, 1020.07, 550.97, 1004.35, 550.97, 1035.78, 550.97, 31.43, 13.90
6.27, 6, white car, 1001.79, 543.98, 1032.65, 557.60, 1017.22, 550.79, 1001.79, 550.79, 1032.65, 550.79, 30.86, 13.62
6.30, 6, white car, 998.97, 543.94, 1029.97, 557.61, 1014.47, 550.78, 998.97, 550.78, 1029.97, 550.78, 31.01, 13.67
6.33, 6, white car, 995.80, 543.65, 1027.36, 557.60, 1011.58, 550.62, 995.80, 550.62, 1027.36, 550.62, 31.56, 13.95
6.37, 6, white car, 992.77, 543.39, 1024.66, 557.49, 1008.72, 550.44, 992.77, 550.44, 1024.66, 550.44, 31.89, 14.11
6.40, 6, white car, 989.75, 543.17, 1022.06, 557.47, 1005.90, 550.32, 989.75, 550.32, 1022.06, 550.32, 32.31, 14.30
6.43, 6, white car, 986.88, 543.03, 1019.34, 557.45, 1003.11, 550.24, 986.88, 550.24, 1019.34, 550.24, 32.46, 14.42
6.47, 6, white car, 983.98, 542.78, 1016.82, 557.43, 1000.40, 550.11, 983.98, 550.11, 1016.82, 550.11, 32.84, 14.65
6.50, 6, white car, 981.16, 542.63, 1013.94, 557.31, 997.55, 549.97, 981.16, 549.97, 1013.94, 549.97, 32.79, 14.68
6.53, 6, white car, 978.34, 542.31, 1010.88, 556.91, 994.61, 549.61, 978.34, 549.61, 1010.88, 549.61, 32.54, 14.60
6.57, 6, white car, 975.46, 542.32, 1007.78, 556.82, 991.62, 549.57, 975.46, 549.57, 1007.78, 549.57, 32.32, 14.50
6.60, 6, white car, 972.75, 542.17, 1005.26, 556.76, 989.01, 549.46, 972.75, 549.46, 1005.26, 549.46, 32.51, 14.58
6.63, 6, white car, 970.53, 542.28, 1002.25, 556.48, 986.39, 549.38, 970.53, 549.38, 1002.25, 549.38, 31.72, 14.19
6.67, 6, white car, 967.71, 542.16, 999.67, 556.48, 983.69, 549.32, 967.71, 549.32, 999.67, 549.32, 31.97, 14.33
6.70, 6, white car, 964.74, 541.84, 996.89, 556.26, 980.81, 549.05, 964.74, 549.05, 996.89, 549.05, 32.15, 14.43
6.73, 6, white car, 962.01, 541.86, 993.76, 556.08, 977.89, 548.97, 962.01, 548.97, 993.76, 548.97, 31.75, 14.22
6.77, 6, white car, 959.29, 541.82, 990.98, 555.99, 975.13, 548.91, 959.29, 548.91, 990.98, 548.91, 31.69, 14.17
6.80, 6, white car, 956.66, 541.72, 988.17, 555.81, 972.41, 548.76, 956.66, 548.76, 988.17, 548.76, 31.51, 14.09
6.83, 6, white car, 953.79, 541.63, 985.05, 555.62, 969.42, 548.63, 953.79, 548.63, 985.05, 548.63, 31.26, 13.99
6.87, 6, white car, 950.88, 541.52, 982.16, 555.53, 966.52, 548.53, 950.88, 548.53, 982.16, 548.53, 31.28, 14.01
6.90, 6, white car, 947.85, 541.40, 979.15, 555.40, 963.50, 548.40, 947.85, 548.40, 979.15, 548.40, 31.30, 14.00
6.93, 6, white car, 945.06, 541.33, 976.32, 555.28, 960.69, 548.30, 945.06, 548.30, 976.32, 548.30, 31.26, 13.96
6.97, 6, white car, 942.29, 541.14, 973.84, 555.21, 958.06, 548.17, 942.29, 548.17, 973.84, 548.17, 31.55, 14.07
7.00, 6, white car, 939.31, 540.96, 971.39, 555.30, 955.35, 548.13, 939.31, 548.13, 971.39, 548.13, 32.09, 14.34
7.03, 6, white car, 936.15, 540.75, 968.74, 555.34, 952.44, 548.05, 936.15, 548.05, 968.74, 548.05, 32.59, 14.60
7.07, 6, white car, 933.18, 540.67, 966.19, 555.46, 949.68, 548.07, 933.18, 548.07, 966.19, 548.07, 33.01, 14.79
7.10, 6, white car, 930.29, 540.62, 963.39, 555.47, 946.84, 548.04, 930.29, 548.04, 963.39, 548.04, 33.10, 14.85
7.13, 6, white car, 927.64, 540.43, 960.76, 555.31, 944.20, 547.87, 927.64, 547.87, 960.76, 547.87, 33.12, 14.88
7.17, 6, white car, 924.84, 540.13, 958.52, 555.31, 941.68, 547.72, 924.84, 547.72, 958.52, 547.72, 33.67, 15.18
7.20, 6, white car, 922.18, 540.10, 955.64, 555.22, 938.91, 547.66, 922.18, 547.66, 955.64, 547.66, 33.47, 15.12
7.23, 6, white car, 919.33, 539.91, 952.82, 555.03, 936.07, 547.47, 919.33, 547.47, 952.82, 547.47, 33.49, 15.13
7.27, 6, white car, 916.42, 539.76, 950.12, 555.02, 933.27, 547.39, 916.42, 547.39, 950.12, 547.39, 33.70, 15.26
7.30, 6, white car, 914.06, 539.76, 946.79, 554.58, 930.43, 547.17, 914.06, 547.17, 946.79, 547.17, 32.74, 14.82
7.33, 6, white car, 911.24, 539.55, 944.24, 554.49, 927.74, 547.02, 911.24, 547.02, 944.24, 547.02, 32.99, 14.94
7.37, 6, white car, 908.50, 539.45, 941.29, 554.31, 924.90, 546.88, 908.50, 546.88, 941.29, 546.88, 32.79, 14.86
7.40, 6, white car, 905.65, 539.26, 938.75, 554.27, 922.20, 546.77, 905.65, 546.77, 938.75, 546.77, 33.10, 15.01
7.43, 6, white car, 903.10, 539.18, 936.32, 554.27, 919.71, 546.72, 903.10, 546.72, 936.32, 546.72, 33.21, 15.08
7.47, 6, white car, 900.44, 539.21, 933.22, 554.11, 916.83, 546.66, 900.44, 546.66, 933.22, 546.66, 32.77, 14.89
7.50, 6, white car, 897.55, 538.91, 930.74, 554.04, 914.15, 546.47, 897.55, 546.47, 930.74, 546.47, 33.19, 15.13
7.53, 6, white car, 894.82, 538.91, 927.74, 553.92, 911.28, 546.41, 894.82, 546.41, 927.74, 546.41, 32.92, 15.01
7.57, 6, white car, 892.38, 538.95, 925.07, 553.84, 908.73, 546.39, 892.38, 546.39, 925.07, 546.39, 32.69, 14.89
7.60, 6, white car, 889.56, 538.86, 922.21, 553.73, 905.88, 546.30, 889.56, 546.30, 922.21, 546.30, 32.65, 14.87
7.63, 6, white car, 886.72, 538.71, 919.63, 553.72, 903.18, 546.22, 886.72, 546.22, 919.63, 546.22, 32.91, 15.01
7.67, 6, white car, 884.14, 538.64, 916.75, 553.53, 900.45, 546.09, 884.14, 546.09, 916.75, 546.09, 32.61, 14.89
7.70, 6, white car, 881.54, 538.64, 913.81, 553.38, 897.67, 546.01, 881.54, 546.01, 913.81, 546.01, 32.27, 14.74
7.73, 6, white car, 878.91, 538.55, 911.31, 553.35, 895.11, 545.95, 878.91, 545.95, 911.31, 545.95, 32.40, 14.80
7.77, 6, white car, 876.18, 538.50, 908.39, 553.20, 892.28, 545.85, 876.18, 545.85, 908.39, 545.85, 32.21, 14.70
7.80, 6, white car, 873.36, 538.29, 905.71, 553.06, 889.53, 545.68, 873.36, 545.68, 905.71, 545.68, 32.35, 14.77
7.83, 6, white car, 870.58, 538.08, 903.21, 553.00, 886.90, 545.54, 870.58, 545.54, 903.21, 545.54, 32.63, 14.92
7.87, 6, white car, 867.92, 537.92, 900.42, 552.81, 884.17, 545.37, 867.92, 545.37, 900.42, 545.37, 32.51, 14.89
7.90, 6, white car, 865.47, 537.94, 897.38, 552.56, 881.42, 545.25, 865.47, 545.25, 897.38, 545.25, 31.91, 14.61
7.93, 6, white car, 862.65, 537.71, 894.67, 552.35, 878.66, 545.03, 862.65, 545.03, 894.67, 545.03, 32.03, 14.64
7.97, 6, white car, 859.71, 537.29, 892.09, 552.07, 875.90, 544.68, 859.71, 544.68, 892.09, 544.68, 32.38, 14.78
8.00, 6, white car, 856.61, 537.10, 889.37, 552.06, 872.99, 544.58, 856.61, 544.58, 889.37, 544.58, 32.76, 14.96
8.03, 6, white car, 853.38, 536.35, 887.28, 551.90, 870.33, 544.12, 853.38, 544.12, 887.28, 544.12, 33.90, 15.55
8.07, 6, white car, 850.73, 536.28, 884.58, 551.85, 867.65, 544.06, 850.73, 544.06, 884.58, 544.06, 33.85, 15.57
8.10, 6, white car, 848.55, 536.56, 881.53, 551.74, 865.04, 544.15, 848.55, 544.15, 881.53, 544.15, 32.99, 15.19
8.13, 6, white car, 845.84, 536.32, 878.76, 551.47, 862.30, 543.90, 845.84, 543.90, 878.76, 543.90, 32.93, 15.16
8.17, 6, white car, 843.13, 536.08, 875.84, 551.18, 859.49, 543.63, 843.13, 543.63, 875.84, 543.63, 32.72, 15.10
8.20, 6, white car, 840.48, 535.94, 873.30, 551.10, 856.89, 543.52, 840.48, 543.52, 873.30, 543.52, 32.82, 15.16
8.23, 6, white car, 838.08, 536.04, 870.53, 551.02, 854.31, 543.53, 838.08, 543.53, 870.53, 543.53, 32.45, 14.98
8.27, 6, white car, 835.42, 536.04, 867.51, 550.84, 851.47, 543.44, 835.42, 543.44, 867.51, 543.44, 32.09, 14.80
8.30, 6, white car, 833.21, 536.04, 864.62, 550.47, 848.91, 543.25, 833.21, 543.25, 864.62, 543.25, 31.41, 14.43
8.33, 6, white car, 830.75, 535.90, 861.88, 550.17, 846.31, 543.04, 830.75, 543.04, 861.88, 543.04, 31.12, 14.27
8.37, 6, white car, 827.89, 535.78, 859.43, 550.21, 843.66, 542.99, 827.89, 542.99, 859.43, 542.99, 31.54, 14.43
8.40, 6, white car, 825.28, 535.57, 856.77, 549.94, 841.02, 542.75, 825.28, 542.75, 856.77, 542.75, 31.49, 14.37
8.43, 6, white car, 822.44, 535.47, 853.75, 549.73, 838.10, 542.60, 822.44, 542.60, 853.75, 542.60, 31.31, 14.26
8.47, 6, white car, 819.74, 535.34, 851.07, 549.60, 835.41, 542.47, 819.74, 542.47, 851.07, 542.47, 31.33, 14.25
8.50, 6, white car, 817.22, 535.05, 848.47, 549.26, 832.84, 542.16, 817.22, 542.16, 848.47, 542.16, 31.26, 14.21
8.53, 6, white car, 814.06, 534.85, 845.51, 549.13, 829.78, 541.99, 814.06, 541.99, 845.51, 541.99, 31.45, 14.29
8.57, 6, white car, 811.41, 534.58, 843.41, 549.13, 827.41, 541.86, 811.41, 541.86, 843.41, 541.86, 32.00, 14.55
8.60, 6, white car, 808.26, 534.20, 840.79, 549.02, 824.53, 541.61, 808.26, 541.61, 840.79, 541.61, 32.53, 14.82
8.63, 6, white car, 805.37, 534.08, 838.13, 549.03, 821.75, 541.56, 805.37, 541.56, 838.13, 541.56, 32.76, 14.96
8.67, 6, white car, 803.13, 534.04, 835.25, 548.69, 819.19, 541.37, 803.13, 541.37, 835.25, 541.37, 32.12, 14.64
8.70, 6, white car, 800.43, 533.79, 832.73, 548.51, 816.58, 541.15, 800.43, 541.15, 832.73, 541.15, 32.30, 14.72
8.73, 6, white car, 798.35, 533.76, 830.07, 548.20, 814.21, 540.98, 798.35, 540.98, 830.07, 540.98, 31.73, 14.43
8.77, 6, white car, 795.86, 533.66, 827.23, 547.93, 811.54, 540.79, 795.86, 540.79, 827.23, 540.79, 31.37, 14.27
8.80, 6, white car, 792.76, 533.42, 824.74, 547.95, 808.75, 540.69, 792.76, 540.69, 824.74, 540.69, 31.98, 14.52
8.83, 6, white car, 789.97, 533.28, 822.06, 547.85, 806.02, 540.57, 789.97, 540.57, 822.06, 540.57, 32.09, 14.57
8.87, 6, white car, 787.70, 533.27, 819.54, 547.73, 803.62, 540.50, 787.70, 540.50, 819.54, 540.50, 31.84, 14.45
9.00, 6, white car, 776.22, 532.24, 808.92, 547.09, 792.57, 539.67, 776.22, 539.67, 808.92, 539.67, 32.70, 14.86
9.03, 6, white car, 773.66, 532.11, 806.28, 546.96, 789.97, 539.54, 773.66, 539.54, 806.28, 539.54, 32.61, 14.86
9.07, 6, white car, 771.11, 531.96, 803.79, 546.84, 787.45, 539.40, 771.11, 539.40, 803.79, 539.40, 32.68, 14.88
9.10, 6, white car, 768.94, 531.95, 801.30, 546.67, 785.12, 539.31, 768.94, 539.31, 801.30, 539.31, 32.37, 14.73
9.13, 6, white car, 766.54, 531.90, 798.74, 546.55, 782.64, 539.22, 766.54, 539.22, 798.74, 539.22, 32.19, 14.65
9.17, 6, white car, 763.62, 531.52, 796.29, 546.38, 779.95, 538.95, 763.62, 538.95, 796.29, 538.95, 32.67, 14.86
9.20, 6, white car, 760.57, 531.22, 793.43, 546.23, 777.00, 538.72, 760.57, 538.72, 793.43, 538.72, 32.86, 15.01
9.23, 6, white car, 757.97, 531.00, 790.98, 546.14, 774.48, 538.57, 757.97, 538.57, 790.98, 538.57, 33.01, 15.14
9.27, 6, white car, 755.69, 530.87, 788.20, 545.80, 771.94, 538.34, 755.69, 538.34, 788.20, 538.34, 32.51, 14.93
9.30, 6, white car, 753.15, 530.72, 785.30, 545.49, 769.23, 538.10, 753.15, 538.10, 785.30, 538.10, 32.15, 14.77
9.33, 6, white car, 750.37, 530.46, 782.67, 545.28, 766.52, 537.87, 750.37, 537.87, 782.67, 537.87, 32.30, 14.82
9.37, 6, white car, 747.79, 530.11, 780.28, 545.02, 764.04, 537.56, 747.79, 537.56, 780.28, 537.56, 32.50, 14.91
9.40, 6, white car, 745.51, 529.98, 777.80, 544.78, 761.65, 537.38, 745.51, 537.38, 777.80, 537.38, 32.29, 14.80
9.43, 6, white car, 742.96, 529.86, 775.28, 544.65, 759.12, 537.26, 742.96, 537.26, 775.28, 537.26, 32.32, 14.79
9.47, 6, white car, 740.41, 529.78, 772.60, 544.50, 756.50, 537.14, 740.41, 537.14, 772.60, 537.14, 32.19, 14.72
9.50, 6, white car, 737.47, 529.54, 769.52, 544.19, 753.49, 536.86, 737.47, 536.86, 769.52, 536.86, 32.05, 14.65
9.53, 6, white car, 735.19, 529.48, 766.93, 543.96, 751.06, 536.72, 735.19, 536.72, 766.93, 536.72, 31.74, 14.48
9.57, 6, white car, 732.65, 529.56, 764.15, 543.91, 748.40, 536.74, 732.65, 536.74, 764.15, 536.74, 31.50, 14.35
9.60, 6, white car, 730.03, 529.28, 761.76, 543.72, 745.90, 536.50, 730.03, 536.50, 761.76, 536.50, 31.73, 14.45
9.63, 6, white car, 726.95, 528.74, 759.83, 543.76, 743.39, 536.25, 726.95, 536.25, 759.83, 536.25, 32.88, 15.02
9.67, 6, white car, 724.27, 528.32, 757.36, 543.49, 740.81, 535.90, 724.27, 535.90, 757.36, 535.90, 33.09, 15.17
9.70, 6, white car, 721.21, 527.78, 754.95, 543.28, 738.08, 535.53, 721.21, 535.53, 754.95, 535.53, 33.73, 15.49
9.73, 6, white car, 718.63, 527.36, 752.41, 542.92, 735.52, 535.14, 718.63, 535.14, 752.41, 535.14, 33.79, 15.55
9.77, 6, white car, 716.04, 527.23, 749.44, 542.62, 732.74, 534.92, 716.04, 534.92, 749.44, 534.92, 33.40, 15.38
9.80, 6, white car, 713.45, 527.08, 747.19, 542.69, 730.32, 534.88, 713.45, 534.88, 747.19, 534.88, 33.74, 15.61
9.83, 6, white car, 710.94, 526.97, 744.47, 542.51, 727.71, 534.74, 710.94, 534.74, 744.47, 534.74, 33.52, 15.54
9.87, 6, white car, 708.50, 526.87, 741.64, 542.21, 725.07, 534.54, 708.50, 534.54, 741.64, 534.54, 33.13, 15.34
9.90, 6, white car, 706.23, 526.86, 738.84, 541.95, 722.54, 534.40, 706.23, 534.40, 738.84, 534.40, 32.61, 15.10
9.93, 6, white car, 703.85, 526.85, 735.97, 541.73, 719.91, 534.29, 703.85, 534.29, 735.97, 534.29, 32.12, 14.88
9.97, 6, white car, 701.03, 526.46, 733.70, 541.59, 717.37, 534.02, 701.03, 534.02, 733.70, 534.02, 32.67, 15.13
