0.00, 3, white car, 994.15, 528.32, 1024.15, 541.26, 1009.15, 534.79, 994.15, 534.79, 1024.15, 534.79, 30.00, 12.93
0.00, 13, black car, 99.19, 513.99, 128.76, 527.86, 113.97, 520.93, 99.19, 520.93, 128.76, 520.93, 29.57, 13.87
0.00, 22, white car, 827.72, 536.28, 852.04, 547.70, 839.88, 541.99, 827.72, 541.99, 852.04, 541.99, 24.32, 11.42
0.03, 3, white car, 992.17, 528.28, 1022.18, 541.22, 1007.17, 534.75, 992.17, 534.75, 1022.18, 534.75, 30.00, 12.93
0.03, 13, black car, 98.16, 513.73, 127.94, 527.71, 113.05, 520.72, 98.16, 520.72, 127.94, 520.72, 29.78, 13.98
0.03, 22, white car, 825.28, 536.11, 849.76, 547.62, 837.52, 541.86, 825.28, 541.86, 849.76, 541.86, 24.49, 11.51
0.07, 3, white car, 989.74, 528.60, 1019.42, 541.40, 1004.58, 535.00, 989.74, 535.00, 1019.42, 535.00, 29.68, 12.79
0.07, 13, black car, 97.24, 513.78, 126.78, 527.64, 112.01, 520.71, 97.24, 520.71, 126.78, 520.71, 29.54, 13.86
0.07, 22, white car, 823.03, 535.90, 847.86, 547.60, 835.44, 541.75, 823.03, 541.75, 847.86, 541.75, 24.83, 11.70
0.10, 3, white car, 987.24, 528.50, 1016.91, 541.30, 1002.08, 534.90, 987.24, 534.90, 1016.91, 534.90, 29.67, 12.80
0.10, 13, black car, 94.78, 513.50, 123.45, 526.97, 109.11, 520.23, 94.78, 520.23, 123.45, 520.23, 28.67, 13.48
0.10, 22, white car, 820.58, 535.87, 845.75, 547.75, 833.17, 541.81, 820.58, 541.81, 845.75, 541.81, 25.17, 11.88
0.10, 37, white car, 234.96, 520.32, 256.74, 531.01, 245.85, 525.67, 234.96, 525.67, 256.74, 525.67, 21.79, 10.69
0.13, 3, white car, 984.83, 528.48, 1014.39, 541.23, 999.61, 534.86, 984.83, 534.86, 1014.39, 534.86, 29.56, 12.75
0.13, 13, black car, 91.28, 513.38, 120.06, 526.95, 105.67, 520.17, 91.28, 520.17, 120.06, 520.17, 28.78, 13.57
0.13, 22, white car, 817.84, 535.99, 842.87, 547.84, 830.35, 541.92, 817.84, 541.92, 842.87, 541.92, 25.03, 11.85
0.13, 37, white car, 231.97, 520.42, 253.80, 531.13, 242.88, 525.78, 231.97, 525.78, 253.80, 525.78, 21.83, 10.71
0.17, 3, white car, 982.17, 528.66, 1011.86, 541.47, 997.02, 535.07, 982.17, 535.07, 1011.86, 535.07, 29.70, 12.81
0.17, 13, black car, 88.12, 513.40, 116.80, 526.97, 102.46, 520.19, 88.12, 520.19, 116.80, 520.19, 28.68, 13.58
0.17, 22, white car, 815.72, 535.93, 840.73, 547.81, 828.23, 541.87, 815.72, 541.87, 840.73, 541.87, 25.01, 11.88
0.20, 3, white car, 979.35, 528.63, 1009.58, 541.69, 994.46, 535.16, 979.35, 535.16, 1009.58, 535.16, 30.23, 13.06
0.20, 13, black car, 85.37, 513.37, 113.87, 526.90, 99.62, 520.14, 85.37, 520.14, 113.87, 520.14, 28.50, 13.52
0.20, 22, white car, 813.17, 535.73, 838.62, 547.87, 825.89, 541.80, 813.17, 541.80, 838.62, 541.80, 25.45, 12.14
0.23, 3, white car, 976.67, 528.61, 1006.96, 541.71, 991.81, 535.16, 976.67, 535.16, 1006.96, 535.16, 30.29, 13.10
0.23, 13, black car, 83.60, 513.52, 111.99, 526.98, 97.80, 520.25, 83.60, 520.25, 111.99, 520.25, 28.40, 13.45
0.23, 22, white car, 810.84, 535.75, 836.08, 547.86, 823.46, 541.80, 810.84, 541.80, 836.08, 541.80, 25.24, 12.11
0.27, 3, white car, 974.19, 528.90, 1004.21, 541.88, 989.20, 535.39, 974.19, 535.39, 1004.21, 535.39, 30.02, 12.98
0.27, 13, black car, 81.97, 513.70, 110.14, 527.01, 96.05, 520.36, 81.97, 520.36, 110.14, 520.36, 28.17, 13.31
0.27, 22, white car, 808.68, 535.70, 833.75, 547.79, 821.22, 541.75, 808.68, 541.75, 833.75, 541.75, 25.07, 12.09
0.30, 3, white car, 972.01, 529.00, 1002.01, 541.97, 987.01, 535.48, 972.01, 535.48, 1002.01, 535.48, 30.00, 12.98
0.30, 13, black car, 78.45, 513.60, 106.91, 526.99, 92.68, 520.30, 78.45, 520.30, 106.91, 520.30, 28.46, 13.39
0.30, 22, white car, 806.61, 535.80, 831.59, 547.87, 819.10, 541.83, 806.61, 541.83, 831.59, 541.83, 24.98, 12.08
0.33, 3, white car, 969.26, 529.17, 999.41, 542.19, 984.34, 535.68, 969.26, 535.68, 999.41, 535.68, 30.15, 13.02
0.33, 13, black car, 75.41, 513.68, 103.83, 527.05, 89.62, 520.37, 75.41, 520.37, 103.83, 520.37, 28.43, 13.37
0.33, 22, white car, 804.20, 536.03, 828.66, 547.87, 816.43, 541.95, 804.20, 541.95, 828.66, 541.95, 24.46, 11.84
0.37, 3, white car, 966.49, 529.16, 996.83, 542.28, 981.66, 535.72, 966.49, 535.72, 996.83, 535.72, 30.34, 13.12
0.37, 13, black car, 72.14, 513.55, 100.91, 527.08, 86.52, 520.31, 72.14, 520.31, 100.91, 520.31, 28.78, 13.53
0.37, 22, white car, 802.31, 536.22, 826.24, 547.83, 814.28, 542.02, 802.31, 542.02, 826.24, 542.02, 23.93, 11.61
0.40, 3, white car, 964.35, 529.20, 994.44, 542.21, 979.39, 535.71, 964.35, 535.71, 994.44, 535.71, 30.09, 13.01
0.40, 13, black car, 69.93, 513.57, 98.22, 526.88, 84.07, 520.23, 69.93, 520.23, 98.22, 520.23, 28.29, 13.31
0.40, 22, white car, 800.22, 536.18, 824.18, 547.82, 812.20, 542.00, 800.22, 542.00, 824.18, 542.00, 23.96, 11.65
0.43, 3, white car, 961.90, 529.43, 991.73, 542.33, 976.81, 535.88, 961.90, 535.88, 991.73, 535.88, 29.84, 12.90
0.43, 13, black car, 67.73, 513.10, 96.36, 526.55, 82.04, 519.83, 67.73, 519.83, 96.36, 519.83, 28.63, 13.46
0.43, 22, white car, 797.59, 536.08, 821.52, 547.76, 809.56, 541.92, 797.59, 541.92, 821.52, 541.92, 23.93, 11.68
0.47, 3, white car, 959.41, 529.55, 989.38, 542.50, 974.39, 536.02, 959.41, 536.02, 989.38, 536.02, 29.97, 12.95
0.47, 13, black car, 65.09, 512.71, 94.30, 526.44, 79.69, 519.58, 65.09, 519.58, 94.30, 519.58, 29.21, 13.72
0.47, 22, white car, 795.22, 536.04, 819.20, 547.78, 807.21, 541.91, 795.22, 541.91, 819.20, 541.91, 23.98, 11.74
0.50, 3, white car, 956.84, 529.68, 986.42, 542.48, 971.63, 536.08, 956.84, 536.08, 986.42, 536.08, 29.58, 12.79
0.50, 13, black car, 63.46, 512.45, 92.92, 526.27, 78.19, 519.36, 63.46, 519.36, 92.92, 519.36, 29.46, 13.82
0.50, 22, white car, 792.78, 536.13, 816.83, 547.89, 804.81, 542.01, 792.78, 542.01, 816.83, 542.01, 24.04, 11.76
0.53, 3, white car, 954.43, 529.98, 983.60, 542.60, 969.01, 536.29, 954.43, 536.29, 983.60, 536.29, 29.16, 12.61
0.53, 13, black car, 61.12, 512.56, 90.34, 526.24, 75.73, 519.40, 61.12, 519.40, 90.34, 519.40, 29.23, 13.67
0.53, 22, white car, 790.59, 536.42, 814.40, 548.05, 802.50, 542.23, 790.59, 542.23, 814.40, 542.23, 23.81, 11.64
0.57, 3, white car, 951.83, 529.92, 981.26, 542.64, 966.55, 536.28, 951.83, 536.28, 981.26, 536.28, 29.43, 12.72
0.57, 13, black car, 58.16, 512.47, 87.45, 526.12, 72.80, 519.29, 58.16, 519.29, 87.45, 519.29, 29.29, 13.65
0.57, 22, white car, 788.55, 536.55, 812.00, 548.01, 800.27, 542.28, 788.55, 542.28, 812.00, 542.28, 23.45, 11.46
0.60, 3, white car, 949.30, 529.95, 978.64, 542.64, 963.97, 536.30, 949.30, 536.30, 978.64, 536.30, 29.34, 12.69
0.60, 13, black car, 54.46, 512.37, 83.54, 525.93, 69.00, 519.15, 54.46, 519.15, 83.54, 519.15, 29.08, 13.56
0.60, 22, white car, 786.20, 536.48, 809.77, 547.98, 797.98, 542.23, 786.20, 542.23, 809.77, 542.23, 23.57, 11.51
0.63, 3, white car, 946.94, 530.08, 976.35, 542.78, 961.64, 536.43, 946.94, 536.43, 976.35, 536.43, 29.41, 12.70
0.63, 13, black car, 51.38, 512.06, 80.31, 525.54, 65.84, 518.80, 51.38, 518.80, 80.31, 518.80, 28.93, 13.47
0.63, 22, white car, 783.64, 536.42, 807.40, 548.02, 795.52, 542.22, 783.64, 542.22, 807.40, 542.22, 23.76, 11.60
0.67, 3, white car, 944.23, 530.00, 974.15, 542.94, 959.19, 536.47, 944.23, 536.47, 974.15, 536.47, 29.92, 12.94
0.67, 13, black car, 48.88, 511.72, 77.93, 525.27, 63.41, 518.50, 48.88, 518.50, 77.93, 518.50, 29.05, 13.55
0.67, 22, white car, 781.44, 536.37, 804.90, 547.86, 793.17, 542.12, 781.44, 542.12, 804.90, 542.12, 23.45, 11.49
0.70, 3, white car, 941.84, 530.16, 971.78, 543.10, 956.81, 536.63, 941.84, 536.63, 971.78, 536.63, 29.94, 12.94
0.70, 13, black car, 46.63, 511.68, 75.75, 525.29, 61.19, 518.49, 46.63, 518.49, 75.75, 518.49, 29.13, 13.61
0.70, 22, white car, 779.00, 536.22, 802.65, 547.82, 790.83, 542.02, 779.00, 542.02, 802.65, 542.02, 23.65, 11.60
0.73, 3, white car, 939.32, 530.22, 969.23, 543.14, 954.27, 536.68, 939.32, 536.68, 969.23, 536.68, 29.91, 12.91
0.73, 13, black car, 43.42, 511.52, 72.58, 525.16, 58.00, 518.34, 43.42, 518.34, 72.58, 518.34, 29.16, 13.63
0.73, 22, white car, 776.70, 536.19, 800.54, 547.89, 788.62, 542.04, 776.70, 542.04, 800.54, 542.04, 23.84, 11.70
0.77, 3, white car, 936.78, 530.26, 966.41, 543.03, 951.60, 536.65, 936.78, 536.65, 966.41, 536.65, 29.63, 12.77
0.77, 13, black car, 41.34, 511.98, 69.83, 525.25, 55.59, 518.61, 41.34, 518.61, 69.83, 518.61, 28.49, 13.27
0.77, 22, white car, 774.72, 536.24, 798.35, 547.84, 786.54, 542.04, 774.72, 542.04, 798.35, 542.04, 23.63, 11.60
0.80, 3, white car, 934.18, 530.34, 964.06, 543.20, 949.12, 536.77, 934.18, 536.77, 964.06, 536.77, 29.88, 12.85
0.80, 13, black car, 38.75, 512.12, 66.99, 525.23, 52.87, 518.68, 38.75, 518.68, 66.99, 518.68, 28.24, 13.10
0.80, 22, white car, 772.62, 536.34, 796.09, 547.89, 784.36, 542.12, 772.62, 542.12, 796.09, 542.12, 23.47, 11.55
0.83, 3, white car, 931.70, 530.27, 961.75, 543.22, 946.72, 536.74, 931.70, 536.74, 961.75, 536.74, 30.06, 12.95
0.83, 13, black car, 36.27, 511.91, 64.90, 525.13, 50.58, 518.52, 36.27, 518.52, 64.90, 518.52, 28.63, 13.22
0.83, 22, white car, 770.00, 536.15, 794.00, 547.97, 782.00, 542.06, 770.00, 542.06, 794.00, 542.06, 24.00, 11.81
0.83, 56, white car, 177.71, 518.93, 199.08, 529.14, 188.39, 524.04, 177.71, 524.04, 199.08, 524.04, 21.37, 10.20
0.87, 3, white car, 929.36, 530.40, 959.07, 543.21, 944.22, 536.81, 929.36, 536.81, 959.07, 536.81, 29.70, 12.81
0.87, 13, black car, 34.40, 511.94, 62.77, 525.02, 48.58, 518.48, 34.40, 518.48, 62.77, 518.48, 28.37, 13.08
0.87, 22, white car, 767.65, 536.00, 791.78, 547.89, 779.71, 541.94, 767.65, 541.94, 791.78, 541.94, 24.12, 11.90
0.87, 56, white car, 175.74, 518.73, 197.12, 528.94, 186.43, 523.83, 175.74, 523.83, 197.12, 523.83, 21.38, 10.21
0.90, 3, white car, 926.62, 530.61, 956.42, 543.49, 941.52, 537.05, 926.62, 537.05, 956.42, 537.05, 29.80, 12.88
0.90, 13, black car, 31.20, 511.60, 59.86, 524.79, 45.53, 518.20, 31.20, 518.20, 59.86, 518.20, 28.66, 13.18
0.90, 22, white car, 765.17, 536.05, 789.14, 547.90, 777.15, 541.97, 765.17, 541.97, 789.14, 541.97, 23.97, 11.84
0.93, 3, white car, 924.19, 530.80, 953.95, 543.68, 939.07, 537.24, 924.19, 537.24, 953.95, 537.24, 29.76, 12.88
0.93, 13, black car, 26.91, 510.81, 56.83, 524.70, 41.87, 517.76, 26.91, 517.76, 56.83, 517.76, 29.91, 13.90
0.93, 22, white car, 762.93, 535.83, 787.35, 547.91, 775.14, 541.87, 762.93, 541.87, 787.35, 541.87, 24.42, 12.08
0.97, 3, white car, 921.45, 530.80, 951.27, 543.70, 936.36, 537.25, 921.45, 537.25, 951.27, 537.25, 29.82, 12.90
0.97, 13, black car, 23.52, 509.94, 53.73, 524.08, 38.63, 517.01, 23.52, 517.01, 53.73, 517.01, 30.21, 14.14
0.97, 22, white car, 760.65, 535.84, 784.98, 547.89, 772.81, 541.87, 760.65, 541.87, 784.98, 541.87, 24.33, 12.06
1.00, 3, white car, 918.96, 530.84, 949.06, 543.86, 934.01, 537.35, 918.96, 537.35, 949.06, 537.35, 30.09, 13.01
1.00, 13, black car, 20.91, 509.36, 51.30, 523.67, 36.11, 516.52, 20.91, 516.52, 51.30, 516.52, 30.39, 14.31
1.00, 22, white car, 758.50, 536.02, 782.57, 547.98, 770.54, 542.00, 758.50, 542.00, 782.57, 542.00, 24.07, 11.96
1.03, 3, white car, 916.77, 530.82, 946.80, 543.80, 931.78, 537.31, 916.77, 537.31, 946.80, 537.31, 30.03, 12.98
1.03, 13, black car, 19.53, 508.96, 49.71, 523.23, 34.62, 516.10, 19.53, 516.10, 49.71, 516.10, 30.18, 14.27
1.03, 22, white car, 756.32, 535.93, 780.36, 547.91, 768.34, 541.92, 756.32, 541.92, 780.36, 541.92, 24.04, 11.98
1.07, 3, white car, 914.25, 530.90, 943.96, 543.70, 929.11, 537.30, 914.25, 537.30, 943.96, 537.30, 29.70, 12.80
1.07, 13, black car, 16.98, 508.90, 46.78, 522.95, 31.88, 515.93, 16.98, 515.93, 46.78, 515.93, 29.80, 14.04
1.07, 22, white car, 753.90, 535.70, 778.00, 547.76, 765.95, 541.73, 753.90, 541.73, 778.00, 541.73, 24.10, 12.06
1.10, 3, white car, 911.68, 531.19, 941.36, 543.97, 926.52, 537.58, 911.68, 537.58, 941.36, 537.58, 29.68, 12.77
1.10, 13, black car, 14.56, 509.05, 43.83, 522.76, 29.19, 515.90, 14.56, 515.90, 43.83, 515.90, 29.27, 13.71
1.10, 22, white car, 751.63, 535.93, 775.25, 547.74, 763.44, 541.83, 751.63, 541.83, 775.25, 541.83, 23.62, 11.82
1.13, 3, white car, 909.45, 531.23, 938.91, 543.88, 924.18, 537.56, 909.45, 537.56, 938.91, 537.56, 29.45, 12.65
1.13, 13, black car, 11.45, 509.25, 40.47, 522.87, 25.96, 516.06, 11.45, 516.06, 40.47, 516.06, 29.02, 13.62
1.13, 22, white car, 749.36, 535.76, 773.42, 547.78, 761.39, 541.77, 749.36, 541.77, 773.42, 541.77, 24.06, 12.02
1.17, 3, white car, 906.77, 531.17, 936.55, 543.95, 921.66, 537.56, 906.77, 537.56, 936.55, 537.56, 29.79, 12.78
1.17, 13, black car, 7.74, 509.23, 37.66, 523.35, 22.70, 516.29, 7.74, 516.29, 37.66, 516.29, 29.92, 14.12
1.17, 22, white car, 747.35, 535.82, 771.29, 547.76, 759.32, 541.79, 747.35, 541.79, 771.29, 541.79, 23.94, 11.94
1.17, 58, white car, 152.45, 517.47, 172.99, 528.42, 162.72, 522.94, 152.45, 522.94, 172.99, 522.94, 20.54, 10.95
1.20, 3, white car, 904.11, 531.09, 934.30, 544.06, 919.21, 537.58, 904.11, 537.58, 934.30, 537.58, 30.19, 12.97
1.20, 13, black car, 6.00, 509.38, 35.53, 523.37, 20.77, 516.37, 6.00, 516.37, 35.53, 516.37, 29.53, 13.99
1.20, 22, white car, 745.61, 536.10, 768.90, 547.70, 757.26, 541.90, 745.61, 541.90, 768.90, 541.90, 23.30, 11.60
1.20, 58, white car, 150.30, 517.47, 170.48, 528.22, 160.39, 522.85, 150.30, 522.85, 170.48, 522.85, 20.18, 10.76
1.23, 3, white car, 901.52, 531.02, 931.99, 544.14, 916.75, 537.58, 901.52, 537.58, 931.99, 537.58, 30.48, 13.12
1.23, 13, black car, 2.62, 509.31, 32.39, 523.48, 17.50, 516.40, 2.62, 516.40, 32.39, 516.40, 29.77, 14.16
1.23, 22, white car, 743.19, 536.10, 766.61, 547.74, 754.90, 541.92, 743.19, 541.92, 766.61, 541.92, 23.42, 11.64
1.23, 58, white car, 147.53, 517.08, 168.37, 528.17, 157.95, 522.63, 147.53, 522.63, 168.37, 522.63, 20.84, 11.10
1.27, 3, white car, 899.03, 531.10, 929.33, 544.16, 914.18, 537.63, 899.03, 537.63, 929.33, 537.63, 30.31, 13.05
1.27, 13, black car, 0.45, 509.29, 29.70, 523.23, 15.07, 516.26, 0.45, 516.26, 29.70, 516.26, 29.24, 13.94
1.27, 22, white car, 740.51, 535.89, 764.38, 547.77, 752.45, 541.83, 740.51, 541.83, 764.38, 541.83, 23.87, 11.88
1.30, 3, white car, 896.38, 531.18, 926.90, 544.35, 911.64, 537.76, 896.38, 537.76, 926.90, 537.76, 30.52, 13.17
1.30, 13, black car, 0.00, 509.45, 27.76, 523.30, 13.88, 516.38, 0.00, 516.38, 27.76, 516.38, 27.76, 13.85
1.30, 22, white car, 738.16, 535.79, 762.29, 547.80, 750.22, 541.80, 738.16, 541.80, 762.29, 541.80, 24.13, 12.02
1.30, 58, white car, 141.66, 516.76, 162.02, 527.61, 151.84, 522.19, 141.66, 522.19, 162.02, 522.19, 20.36, 10.85
1.33, 3, white car, 894.04, 531.23, 924.69, 544.47, 909.36, 537.85, 894.04, 537.85, 924.69, 537.85, 30.65, 13.25
1.33, 13, black car, 0.00, 509.30, 25.78, 523.11, 12.89, 516.20, 0.00, 516.20, 25.78, 516.20, 25.78, 13.81
1.33, 22, white car, 735.73, 535.71, 759.85, 547.74, 747.79, 541.73, 735.73, 541.73, 759.85, 541.73, 24.12, 12.03
1.33, 58, white car, 139.03, 516.80, 159.19, 527.55, 149.11, 522.17, 139.03, 522.17, 159.19, 522.17, 20.16, 10.75
1.37, 3, white car, 891.60, 531.24, 922.20, 544.49, 906.90, 537.86, 891.60, 537.86, 922.20, 537.86, 30.59, 13.25
1.37, 13, black car, 0.00, 509.20, 23.85, 522.80, 11.92, 516.00, 0.00, 516.00, 23.85, 516.00, 23.85, 13.60
1.37, 22, white car, 733.28, 535.77, 757.48, 547.88, 745.38, 541.82, 733.28, 541.82, 757.48, 541.82, 24.20, 12.11
1.37, 58, white car, 136.24, 516.58, 157.12, 527.69, 146.68, 522.14, 136.24, 522.14, 157.12, 522.14, 20.88, 11.11
1.40, 3, white car, 889.58, 531.54, 919.54, 544.50, 904.56, 538.02, 889.58, 538.02, 919.54, 538.02, 29.96, 12.97
1.40, 13, black car, 0.00, 508.70, 22.03, 522.21, 11.01, 515.45, 0.00, 515.45, 22.03, 515.45, 22.03, 13.51
1.40, 58, white car, 133.58, 516.49, 154.65, 527.71, 144.12, 522.10, 133.58, 522.10, 154.65, 522.10, 21.07, 11.22
1.43, 3, white car, 887.19, 531.62, 917.10, 544.54, 902.15, 538.08, 887.19, 538.08, 917.10, 538.08, 29.91, 12.92
1.43, 13, black car, 0.00, 508.38, 19.89, 521.72, 9.95, 515.05, 0.00, 515.05, 19.89, 515.05, 19.89, 13.33
1.43, 58, white car, 131.05, 516.21, 152.46, 527.62, 141.76, 521.91, 131.05, 521.91, 152.46, 521.91, 21.41, 11.40
1.47, 3, white car, 884.53, 531.99, 914.03, 544.69, 899.28, 538.34, 884.53, 538.34, 914.03, 538.34, 29.50, 12.70
1.47, 13, black car, 0.00, 508.38, 17.75, 521.38, 8.87, 514.88, 0.00, 514.88, 17.75, 514.88, 17.75, 13.00
1.47, 58, white car, 129.05, 516.02, 150.72, 527.57, 139.88, 521.80, 129.05, 521.80, 150.72, 521.80, 21.67, 11.55
1.47, 59, black car, 524.78, 532.15, 551.32, 544.52, 538.05, 538.33, 524.78, 538.33, 551.32, 538.33, 26.54, 12.38
1.50, 3, white car, 881.90, 532.12, 911.48, 544.84, 896.69, 538.48, 881.90, 538.48, 911.48, 538.48, 29.58, 12.72
1.50, 59, black car, 522.75, 532.14, 549.38, 544.55, 536.07, 538.35, 522.75, 538.35, 549.38, 538.35, 26.63, 12.41
1.53, 3, white car, 879.10, 532.10, 908.90, 544.87, 894.00, 538.49, 879.10, 538.49, 908.90, 538.49, 29.80, 12.77
1.53, 58, white car, 123.77, 515.86, 145.23, 527.33, 134.50, 521.59, 123.77, 521.59, 145.23, 521.59, 21.46, 11.47
1.57, 3, white car, 876.55, 532.15, 906.66, 545.05, 891.61, 538.60, 876.55, 538.60, 906.66, 538.60, 30.11, 12.89
1.57, 58, white car, 121.22, 515.75, 142.53, 527.13, 131.87, 521.44, 121.22, 521.44, 142.53, 521.44, 21.31, 11.38
1.57, 22, white car, 719.84, 535.69, 743.69, 547.66, 731.77, 541.67, 719.84, 541.67, 743.69, 541.67, 23.85, 11.97
1.57, 59, black car, 517.87, 532.32, 544.07, 544.51, 530.97, 538.41, 517.87, 538.41, 544.07, 538.41, 26.20, 12.19
1.60, 3, white car, 874.32, 532.15, 904.49, 545.07, 889.41, 538.61, 874.32, 538.61, 904.49, 538.61, 30.17, 12.92
1.60, 58, white car, 118.18, 515.51, 139.63, 526.99, 128.91, 521.25, 118.18, 521.25, 139.63, 521.25, 21.46, 11.48
1.60, 59, black car, 515.81, 532.33, 542.07, 544.52, 528.94, 538.43, 515.81, 538.43, 542.07, 538.43, 26.26, 12.19
1.63, 3, white car, 871.84, 532.27, 901.82, 545.11, 886.83, 538.69, 871.84, 538.69, 901.82, 538.69, 29.99, 12.84
1.63, 59, black car, 513.34, 532.27, 539.31, 544.31, 526.32, 538.29, 513.34, 538.29, 539.31, 538.29, 25.97, 12.04
1.63, 22, white car, 715.95, 536.00, 739.02, 547.58, 727.49, 541.79, 715.95, 541.79, 739.02, 541.79, 23.07, 11.58
1.67, 59, black car, 511.46, 532.17, 537.48, 544.20, 524.47, 538.19, 511.46, 538.19, 537.48, 538.19, 26.02, 12.02
1.67, 22, white car, 713.79, 536.01, 736.83, 547.58, 725.31, 541.80, 713.79, 541.80, 736.83, 541.80, 23.04, 11.58
1.70, 59, black car, 509.09, 532.12, 534.85, 544.00, 521.97, 538.06, 509.09, 538.06, 534.85, 538.06, 25.76, 11.88
1.70, 3, white car, 866.78, 532.50, 897.18, 545.53, 881.98, 539.02, 866.78, 539.02, 897.18, 539.02, 30.40, 13.03
1.73, 59, black car, 506.39, 532.18, 531.94, 543.99, 519.17, 538.09, 506.39, 538.09, 531.94, 538.09, 25.56, 11.82
1.73, 3, white car, 864.02, 532.46, 894.73, 545.67, 879.37, 539.07, 864.02, 539.07, 894.73, 539.07, 30.72, 13.21
1.73, 22, white car, 709.23, 536.00, 732.31, 547.60, 720.77, 541.80, 709.23, 541.80, 732.31, 541.80, 23.08, 11.60
1.77, 59, black car, 503.67, 531.93, 529.34, 543.81, 516.50, 537.87, 503.67, 537.87, 529.34, 537.87, 25.67, 11.88
1.77, 22, white car, 707.12, 535.91, 730.49, 547.65, 718.81, 541.78, 707.12, 541.78, 730.49, 541.78, 23.37, 11.74
1.77, 58, white car, 104.75, 515.61, 125.21, 526.44, 114.98, 521.03, 104.75, 521.03, 125.21, 521.03, 20.46, 10.83
1.80, 59, black car, 500.98, 531.72, 526.95, 543.77, 513.96, 537.75, 500.98, 537.75, 526.95, 537.75, 25.98, 12.04
1.80, 58, white car, 102.16, 515.52, 123.16, 526.63, 112.66, 521.07, 102.16, 521.07, 123.16, 521.07, 21.00, 11.11
1.83, 59, black car, 498.80, 531.82, 524.67, 543.80, 511.74, 537.81, 498.80, 537.81, 524.67, 537.81, 25.87, 11.98
1.83, 58, white car, 100.45, 515.22, 121.13, 526.18, 110.79, 520.70, 100.45, 520.70, 121.13, 520.70, 20.67, 10.96
1.83, 22, white car, 702.53, 536.07, 725.63, 547.64, 714.08, 541.85, 702.53, 541.85, 725.63, 541.85, 23.09, 11.57
1.87, 59, black car, 496.70, 531.54, 522.47, 543.43, 509.59, 537.49, 496.70, 537.49, 522.47, 537.49, 25.77, 11.89
1.87, 58, white car, 97.78, 515.06, 118.50, 526.04, 108.14, 520.55, 97.78, 520.55, 118.50, 520.55, 20.72, 10.98
1.90, 59, black car, 494.79, 531.75, 520.08, 543.36, 507.44, 537.56, 494.79, 537.56, 520.08, 537.56, 25.29, 11.60
1.90, 58, white car, 95.07, 514.92, 116.05, 526.05, 105.56, 520.49, 95.07, 520.49, 116.05, 520.49, 20.98, 11.13
1.93, 59, black car, 492.60, 531.92, 517.41, 543.32, 505.00, 537.62, 492.60, 537.62, 517.41, 537.62, 24.81, 11.40
1.93, 58, white car, 92.60, 514.82, 113.65, 525.95, 103.13, 520.39, 92.60, 520.39, 113.65, 520.39, 21.05, 11.13
1.97, 59, black car, 489.79, 531.78, 514.72, 543.23, 502.25, 537.51, 489.79, 537.51, 514.72, 537.51, 24.94, 11.44
1.97, 58, white car, 90.02, 514.58, 111.50, 525.91, 100.76, 520.25, 90.02, 520.25, 111.50, 520.25, 21.48, 11.33
2.07, 59, black car, 482.21, 530.90, 508.59, 543.01, 495.40, 536.96, 482.21, 536.96, 508.59, 536.96, 26.37, 12.11
2.07, 58, white car, 82.68, 514.12, 104.37, 525.50, 93.53, 519.81, 82.68, 519.81, 104.37, 519.81, 21.69, 11.38
2.10, 59, black car, 480.38, 530.71, 507.08, 543.01, 493.73, 536.86, 480.38, 536.86, 507.08, 536.86, 26.70, 12.29
2.13, 58, white car, 77.89, 513.80, 99.48, 525.05, 88.68, 519.42, 77.89, 519.42, 99.48, 519.42, 21.59, 11.25
2.17, 58, white car, 75.22, 513.72, 97.22, 525.17, 86.22, 519.44, 75.22, 519.44, 97.22, 519.44, 22.00, 11.45
2.17, 59, black car, 475.81, 530.93, 501.66, 542.86, 488.74, 536.90, 475.81, 536.90, 501.66, 536.90, 25.85, 11.94
2.20, 59, black car, 473.05, 530.49, 499.22, 542.61, 486.14, 536.55, 473.05, 536.55, 499.22, 536.55, 26.17, 12.12
2.23, 59, black car, 470.70, 530.22, 496.63, 542.24, 483.66, 536.23, 470.70, 536.23, 496.63, 536.23, 25.93, 12.02
2.27, 59, black car, 468.54, 530.16, 494.35, 542.09, 481.44, 536.12, 468.54, 536.12, 494.35, 536.12, 25.81, 11.93
2.30, 59, black car, 466.33, 529.79, 492.50, 541.87, 479.42, 535.83, 466.33, 535.83, 492.50, 535.83, 26.17, 12.08
2.30, 58, white car, 65.79, 513.18, 87.82, 524.56, 76.81, 518.87, 65.79, 518.87, 87.82, 518.87, 22.03, 11.38
2.33, 59, black car, 463.92, 529.61, 490.05, 541.71, 476.99, 535.66, 463.92, 535.66, 490.05, 535.66, 26.14, 12.10
2.33, 58, white car, 62.95, 513.01, 85.36, 524.48, 74.16, 518.74, 62.95, 518.74, 85.36, 518.74, 22.41, 11.47
2.37, 59, black car, 461.24, 529.80, 487.52, 541.98, 474.38, 535.89, 461.24, 535.89, 487.52, 535.89, 26.28, 12.18
2.40, 59, black car, 459.17, 529.63, 485.57, 541.86, 472.37, 535.75, 459.17, 535.75, 485.57, 535.75, 26.40, 12.23
2.40, 58, white car, 57.76, 512.86, 79.98, 524.20, 68.87, 518.53, 57.76, 518.53, 79.98, 518.53, 22.22, 11.34
2.43, 59, black car, 456.87, 529.33, 483.25, 541.52, 470.06, 535.43, 456.87, 535.43, 483.25, 535.43, 26.38, 12.18
2.43, 58, white car, 54.78, 512.44, 77.60, 524.02, 66.19, 518.23, 54.78, 518.23, 77.60, 518.23, 22.82, 11.58
2.47, 59, black car, 454.79, 529.40, 480.94, 541.40, 467.87, 535.40, 454.79, 535.40, 480.94, 535.40, 26.15, 12.00
2.47, 3, white car, 808.62, 533.70, 840.60, 547.64, 824.61, 540.67, 808.62, 540.67, 840.60, 540.67, 31.98, 13.94
2.50, 59, black car, 453.14, 529.21, 479.41, 541.19, 466.27, 535.20, 453.14, 535.20, 479.41, 535.20, 26.27, 11.98
2.50, 3, white car, 806.67, 533.60, 838.62, 547.62, 822.64, 540.61, 806.67, 540.61, 838.62, 540.61, 31.95, 14.02
2.50, 58, white car, 49.28, 512.24, 71.92, 523.75, 60.60, 517.99, 49.28, 517.99, 71.92, 517.99, 22.64, 11.51
2.53, 59, black car, 450.46, 528.70, 476.80, 540.74, 463.63, 534.72, 450.46, 534.72, 476.80, 534.72, 26.34, 12.04
2.53, 58, white car, 47.28, 512.12, 69.74, 523.50, 58.51, 517.81, 47.28, 517.81, 69.74, 517.81, 22.45, 11.38
2.57, 59, black car, 448.04, 528.73, 474.09, 540.67, 461.06, 534.70, 448.04, 534.70, 474.09, 534.70, 26.05, 11.94
2.60, 59, black car, 445.31, 528.31, 471.98, 540.56, 458.64, 534.44, 445.31, 534.44, 471.98, 534.44, 26.67, 12.25
2.63, 59, black car, 442.63, 528.25, 469.14, 540.43, 455.88, 534.34, 442.63, 534.34, 469.14, 534.34, 26.51, 12.18
2.63, 3, white car, 797.80, 534.37, 827.95, 547.57, 812.88, 540.97, 797.80, 540.97, 827.95, 540.97, 30.15, 13.20
2.67, 59, black car, 439.75, 528.21, 466.54, 540.50, 453.15, 534.36, 439.75, 534.36, 466.54, 534.36, 26.79, 12.29
2.67, 3, white car, 795.27, 534.62, 825.16, 547.63, 810.22, 541.13, 795.27, 541.13, 825.16, 541.13, 29.89, 13.01
2.70, 59, black car, 437.40, 528.16, 464.48, 540.58, 450.94, 534.37, 437.40, 534.37, 464.48, 534.37, 27.08, 12.42
2.70, 3, white car, 793.06, 534.81, 822.86, 547.72, 807.96, 541.26, 793.06, 541.26, 822.86, 541.26, 29.80, 12.91
2.73, 59, black car, 435.36, 528.24, 461.98, 540.46, 448.67, 534.35, 435.36, 534.35, 461.98, 534.35, 26.63, 12.22
2.73, 3, white car, 790.60, 535.05, 820.27, 547.84, 805.43, 541.45, 790.60, 541.45, 820.27, 541.45, 29.66, 12.79
2.73, 58, white car, 31.95, 511.57, 54.64, 523.06, 43.29, 517.31, 31.95, 517.31, 54.64, 517.31, 22.69, 11.50
2.77, 59, black car, 432.58, 528.27, 459.56, 540.68, 446.07, 534.47, 432.58, 534.47, 459.56, 534.47, 26.98, 12.41
2.77, 3, white car, 788.29, 535.03, 817.89, 547.75, 803.09, 541.39, 788.29, 541.39, 817.89, 541.39, 29.60, 12.72
2.80, 59, black car, 430.79, 528.44, 457.60, 540.77, 444.19, 534.61, 430.79, 534.61, 457.60, 534.61, 26.81, 12.33
2.80, 3, white car, 785.60, 535.15, 814.98, 547.72, 800.29, 541.44, 785.60, 541.44, 814.98, 541.44, 29.38, 12.57
2.83, 59, black car, 428.57, 528.21, 455.19, 540.44, 441.88, 534.32, 428.57, 534.32, 455.19, 534.32, 26.62, 12.24
2.83, 3, white car, 783.21, 535.16, 812.72, 547.79, 797.97, 541.47, 783.21, 541.47, 812.72, 541.47, 29.51, 12.63
2.87, 59, black car, 426.17, 528.10, 452.85, 540.29, 439.51, 534.20, 426.17, 534.20, 452.85, 534.20, 26.68, 12.20
2.87, 3, white car, 780.83, 535.18, 810.45, 547.82, 795.64, 541.50, 780.83, 541.50, 810.45, 541.50, 29.62, 12.64
2.90, 59, black car, 423.66, 527.45, 450.88, 539.86, 437.27, 533.65, 423.66, 533.65, 450.88, 533.65, 27.22, 12.41
2.90, 3, white car, 778.33, 535.32, 807.92, 547.93, 793.12, 541.62, 778.33, 541.62, 807.92, 541.62, 29.59, 12.62
2.90, 58, white car, 19.95, 510.94, 42.03, 522.02, 30.99, 516.48, 19.95, 516.48, 42.03, 516.48, 22.08, 11.08
2.93, 59, black car, 421.24, 526.97, 448.55, 539.42, 434.90, 533.20, 421.24, 533.20, 448.55, 533.20, 27.31, 12.45
2.93, 3, white car, 775.86, 535.29, 805.50, 547.93, 790.68, 541.61, 775.86, 541.61, 805.50, 541.61, 29.64, 12.64
2.97, 59, black car, 418.78, 526.87, 446.00, 539.31, 432.39, 533.09, 418.78, 533.09, 446.00, 533.09, 27.22, 12.44
2.97, 3, white car, 773.61, 535.29, 802.82, 547.75, 788.22, 541.52, 773.61, 541.52, 802.82, 541.52, 29.21, 12.45
3.00, 59, black car, 416.99, 526.86, 443.96, 539.18, 430.47, 533.02, 416.99, 533.02, 443.96, 533.02, 26.96, 12.33
3.00, 3, white car, 771.02, 535.36, 800.31, 547.81, 785.66, 541.58, 771.02, 541.58, 800.31, 541.58, 29.29, 12.45
3.03, 59, black car, 414.65, 526.80, 441.72, 539.17, 428.19, 532.98, 414.65, 532.98, 441.72, 532.98, 27.07, 12.37
3.03, 3, white car, 768.35, 535.24, 798.21, 547.91, 783.28, 541.58, 768.35, 541.58, 798.21, 541.58, 29.86, 12.67
3.07, 59, black car, 412.92, 526.77, 439.87, 539.05, 426.40, 532.91, 412.92, 532.91, 439.87, 532.91, 26.95, 12.28
3.07, 3, white car, 765.92, 535.17, 796.05, 547.94, 780.99, 541.56, 765.92, 541.56, 796.05, 541.56, 30.13, 12.76
3.10, 59, black car, 411.20, 526.90, 437.98, 539.08, 424.59, 532.99, 411.20, 532.99, 437.98, 532.99, 26.78, 12.18
3.10, 3, white car, 763.32, 535.26, 793.71, 548.12, 778.52, 541.69, 763.32, 541.69, 793.71, 541.69, 30.39, 12.87
3.13, 59, black car, 408.35, 526.76, 435.28, 539.00, 421.81, 532.88, 408.35, 532.88, 435.28, 532.88, 26.93, 12.24
3.13, 3, white car, 760.96, 535.18, 791.45, 548.09, 776.21, 541.63, 760.96, 541.63, 791.45, 541.63, 30.49, 12.92
3.17, 59, black car, 406.10, 526.86, 432.82, 539.03, 419.46, 532.95, 406.10, 532.95, 432.82, 532.95, 26.72, 12.17
3.17, 3, white car, 758.63, 535.11, 789.02, 547.97, 773.83, 541.54, 758.63, 541.54, 789.02, 541.54, 30.39, 12.87
3.20, 59, black car, 403.79, 526.80, 430.27, 538.85, 417.03, 532.83, 403.79, 532.83, 430.27, 532.83, 26.48, 12.05
3.20, 3, white car, 756.18, 535.30, 786.54, 548.12, 771.36, 541.71, 756.18, 541.71, 786.54, 541.71, 30.36, 12.82
3.23, 59, black car, 400.87, 526.79, 427.26, 538.81, 414.07, 532.80, 400.87, 532.80, 427.26, 532.80, 26.39, 12.02
3.23, 3, white car, 753.69, 535.40, 783.88, 548.16, 768.78, 541.78, 753.69, 541.78, 783.88, 541.78, 30.20, 12.76
3.27, 59, black car, 398.55, 526.88, 425.28, 539.05, 411.91, 532.97, 398.55, 532.97, 425.28, 532.97, 26.73, 12.18
3.27, 3, white car, 751.08, 535.42, 781.35, 548.21, 766.22, 541.82, 751.08, 541.82, 781.35, 541.82, 30.27, 12.79
3.30, 59, black car, 396.43, 526.85, 423.52, 539.21, 409.97, 533.03, 396.43, 533.03, 423.52, 533.03, 27.09, 12.36
3.30, 3, white car, 748.45, 535.50, 778.88, 548.36, 763.66, 541.93, 748.45, 541.93, 778.88, 541.93, 30.43, 12.87
3.33, 59, black car, 394.22, 526.79, 421.32, 539.19, 407.77, 532.99, 394.22, 532.99, 421.32, 532.99, 27.10, 12.40
3.33, 3, white car, 746.30, 535.39, 776.75, 548.29, 761.52, 541.84, 746.30, 541.84, 776.75, 541.84, 30.45, 12.90
3.37, 59, black car, 391.83, 526.71, 419.15, 539.27, 405.49, 532.99, 391.83, 532.99, 419.15, 532.99, 27.32, 12.56
3.37, 3, white car, 743.86, 535.40, 774.41, 548.33, 759.13, 541.86, 743.86, 541.86, 774.41, 541.86, 30.54, 12.93
3.40, 59, black car, 389.50, 526.56, 417.03, 539.24, 403.26, 532.90, 389.50, 532.90, 417.03, 532.90, 27.53, 12.67
3.40, 3, white car, 741.38, 535.51, 772.06, 548.47, 756.72, 541.99, 741.38, 541.99, 772.06, 541.99, 30.68, 12.96
3.43, 59, black car, 387.44, 526.64, 414.34, 539.05, 400.89, 532.85, 387.44, 532.85, 414.34, 532.85, 26.90, 12.41
3.43, 3, white car, 738.73, 535.50, 769.49, 548.48, 754.11, 541.99, 738.73, 541.99, 769.49, 541.99, 30.76, 12.98
3.47, 59, black car, 385.42, 526.47, 411.91, 538.69, 398.67, 532.58, 385.42, 532.58, 411.91, 532.58, 26.49, 12.22
3.47, 3, white car, 736.13, 535.54, 767.14, 548.64, 751.63, 542.09, 736.13, 542.09, 767.14, 542.09, 31.02, 13.10
3.50, 59, black car, 383.38, 526.22, 409.45, 538.21, 396.42, 532.21, 383.38, 532.21, 409.45, 532.21, 26.07, 11.99
3.50, 3, white car, 733.79, 535.64, 764.76, 548.73, 749.27, 542.18, 733.79, 542.18, 764.76, 542.18, 30.97, 13.09
3.53, 59, black car, 380.93, 526.18, 406.84, 538.09, 393.88, 532.14, 380.93, 532.14, 406.84, 532.14, 25.91, 11.91
3.53, 3, white car, 731.57, 535.45, 762.41, 548.51, 746.99, 541.98, 731.57, 541.98, 762.41, 541.98, 30.84, 13.05
3.57, 59, black car, 378.58, 525.94, 404.88, 538.02, 391.73, 531.98, 378.58, 531.98, 404.88, 531.98, 26.31, 12.08
3.57, 3, white car, 729.00, 535.52, 759.58, 548.43, 744.29, 541.97, 729.00, 541.97, 759.58, 541.97, 30.58, 12.91
3.60, 59, black car, 376.60, 525.77, 403.02, 537.89, 389.81, 531.83, 376.60, 531.83, 403.02, 531.83, 26.42, 12.11
3.60, 3, white car, 726.68, 535.52, 757.41, 548.50, 742.05, 542.01, 726.68, 542.01, 757.41, 542.01, 30.73, 12.98
3.63, 59, black car, 374.60, 525.84, 400.96, 537.94, 387.78, 531.89, 374.60, 531.89, 400.96, 531.89, 26.36, 12.11
3.63, 3, white car, 723.99, 535.57, 754.95, 548.65, 739.47, 542.11, 723.99, 542.11, 754.95, 542.11, 30.96, 13.08
3.67, 59, black car, 372.41, 525.81, 398.91, 538.00, 385.66, 531.90, 372.41, 531.90, 398.91, 531.90, 26.50, 12.19
3.67, 3, white car, 721.59, 535.77, 752.59, 548.87, 737.09, 542.32, 721.59, 542.32, 752.59, 542.32, 31.01, 13.10
3.70, 59, black car, 370.43, 525.63, 396.95, 537.81, 383.69, 531.72, 370.43, 531.72, 396.95, 531.72, 26.52, 12.18
3.70, 3, white car, 719.25, 535.86, 750.61, 549.15, 734.93, 542.50, 719.25, 542.50, 750.61, 542.50, 31.37, 13.29
3.73, 59, black car, 368.31, 525.66, 394.74, 537.77, 381.53, 531.72, 368.31, 531.72, 394.74, 531.72, 26.43, 12.11
3.73, 3, white car, 717.00, 535.74, 748.37, 549.05, 732.69, 542.40, 717.00, 542.40, 748.37, 542.40, 31.37, 13.32
3.77, 59, black car, 365.58, 525.76, 392.09, 537.90, 378.84, 531.83, 365.58, 531.83, 392.09, 531.83, 26.52, 12.13
3.77, 3, white car, 714.62, 535.83, 745.52, 548.94, 730.07, 542.38, 714.62, 542.38, 745.52, 542.38, 30.90, 13.11
3.80, 59, black car, 363.19, 525.69, 389.43, 537.71, 376.31, 531.70, 363.19, 531.70, 389.43, 531.70, 26.23, 12.01
3.80, 3, white car, 712.44, 535.76, 743.48, 548.95, 727.96, 542.36, 712.44, 542.36, 743.48, 542.36, 31.04, 13.19
3.83, 59, black car, 360.63, 525.38, 387.44, 537.63, 374.04, 531.50, 360.63, 531.50, 387.44, 531.50, 26.81, 12.25
3.83, 3, white car, 709.88, 535.76, 740.88, 548.94, 725.38, 542.35, 709.88, 542.35, 740.88, 542.35, 31.00, 13.18
3.87, 59, black car, 357.96, 525.22, 385.50, 537.77, 371.73, 531.50, 357.96, 531.50, 385.50, 531.50, 27.54, 12.55
3.87, 3, white car, 707.40, 535.94, 738.18, 549.04, 722.79, 542.49, 707.40, 542.49, 738.18, 542.49, 30.79, 13.10
3.90, 59, black car, 355.65, 525.22, 383.35, 537.81, 369.50, 531.52, 355.65, 531.52, 383.35, 531.52, 27.70, 12.59
3.90, 3, white car, 704.85, 535.88, 735.51, 548.93, 720.18, 542.41, 704.85, 542.41, 735.51, 542.41, 30.66, 13.05
3.93, 59, black car, 353.41, 525.33, 380.62, 537.66, 367.02, 531.50, 353.41, 531.50, 380.62, 531.50, 27.21, 12.34
3.93, 3, white car, 702.65, 535.88, 733.11, 548.84, 717.88, 542.36, 702.65, 542.36, 733.11, 542.36, 30.46, 12.97
3.97, 59, black car, 351.00, 525.29, 378.40, 537.70, 364.70, 531.49, 351.00, 531.49, 378.40, 531.49, 27.39, 12.41
3.97, 3, white car, 700.43, 535.95, 730.75, 548.84, 715.59, 542.39, 700.43, 542.39, 730.75, 542.39, 30.32, 12.89
4.00, 59, black car, 348.84, 525.29, 376.20, 537.64, 362.52, 531.47, 348.84, 531.47, 376.20, 531.47, 27.36, 12.36
4.00, 3, white car, 698.02, 535.92, 728.46, 548.85, 713.24, 542.38, 698.02, 542.38, 728.46, 542.38, 30.45, 12.93
4.03, 59, black car, 346.77, 525.21, 374.30, 537.63, 360.54, 531.42, 346.77, 531.42, 374.30, 531.42, 27.53, 12.41
4.03, 3, white car, 695.27, 536.02, 726.01, 549.09, 710.64, 542.56, 695.27, 542.56, 726.01, 542.56, 30.75, 13.07
4.07, 59, black car, 344.49, 525.09, 372.39, 537.67, 358.44, 531.38, 344.49, 531.38, 372.39, 531.38, 27.90, 12.58
4.07, 3, white car, 693.02, 536.00, 723.41, 548.91, 708.21, 542.45, 693.02, 542.45, 723.41, 542.45, 30.39, 12.91
4.10, 59, black car, 342.42, 524.87, 370.14, 537.40, 356.28, 531.13, 342.42, 531.13, 370.14, 531.13, 27.72, 12.52
4.10, 3, white car, 690.70, 535.89, 721.07, 548.79, 705.89, 542.34, 690.70, 542.34, 721.07, 542.34, 30.37, 12.91
4.13, 59, black car, 339.84, 524.47, 367.65, 537.01, 353.75, 530.74, 339.84, 530.74, 367.65, 530.74, 27.81, 12.54
4.13, 3, white car, 688.47, 535.77, 718.86, 548.69, 703.66, 542.23, 688.47, 542.23, 718.86, 542.23, 30.39, 12.92
4.17, 59, black car, 337.28, 524.05, 365.28, 536.66, 351.28, 530.36, 337.28, 530.36, 365.28, 530.36, 28.00, 12.61
4.17, 3, white car, 686.07, 535.78, 716.42, 548.68, 701.25, 542.23, 686.07, 542.23, 716.42, 542.23, 30.35, 12.90
4.20, 59, black car, 335.16, 523.97, 363.05, 536.50, 349.10, 530.23, 335.16, 530.23, 363.05, 530.23, 27.89, 12.53
4.20, 3, white car, 683.69, 535.68, 714.37, 548.72, 699.03, 542.20, 683.69, 542.20, 714.37, 542.20, 30.69, 13.04
4.23, 59, black car, 332.85, 523.88, 360.74, 536.38, 346.80, 530.13, 332.85, 530.13, 360.74, 530.13, 27.89, 12.49
4.23, 3, white car, 680.52, 535.60, 712.03, 549.03, 696.28, 542.31, 680.52, 542.31, 712.03, 542.31, 31.51, 13.42
4.27, 59, black car, 330.88, 523.81, 359.04, 536.44, 344.96, 530.13, 330.88, 530.13, 359.04, 530.13, 28.16, 12.63
4.27, 3, white car, 678.12, 535.67, 709.74, 549.16, 693.93, 542.41, 678.12, 542.41, 709.74, 542.41, 31.61, 13.49
4.30, 59, black car, 329.06, 523.90, 357.44, 536.62, 343.25, 530.26, 329.06, 530.26, 357.44, 530.26, 28.37, 12.72
4.30, 3, white car, 675.73, 535.60, 707.41, 549.15, 691.57, 542.37, 675.73, 542.37, 707.41, 542.37, 31.68, 13.55
4.33, 59, black car, 327.33, 523.99, 355.16, 536.44, 341.24, 530.21, 327.33, 530.21, 355.16, 530.21, 27.83, 12.45
4.33, 3, white car, 673.64, 535.49, 704.86, 548.86, 689.25, 542.17, 673.64, 542.17, 704.86, 542.17, 31.23, 13.37
4.37, 59, black car, 324.96, 524.04, 351.83, 536.04, 338.40, 530.04, 324.96, 530.04, 351.83, 530.04, 26.87, 12.00
4.37, 3, white car, 671.49, 535.57, 702.21, 548.71, 686.85, 542.14, 671.49, 542.14, 702.21, 542.14, 30.73, 13.14
4.40, 59, black car, 322.82, 524.22, 349.21, 536.04, 336.01, 530.13, 322.82, 530.13, 349.21, 530.13, 26.39, 11.81
4.40, 3, white car, 669.20, 535.56, 699.95, 548.72, 684.57, 542.14, 669.20, 542.14, 699.95, 542.14, 30.75, 13.16
4.43, 59, black car, 320.10, 524.33, 346.58, 536.17, 333.34, 530.25, 320.10, 530.25, 346.58, 530.25, 26.48, 11.84
4.43, 3, white car, 666.57, 535.54, 697.52, 548.82, 682.05, 542.18, 666.57, 542.18, 697.52, 542.18, 30.95, 13.28
4.43, 65, white car, 529.43, 532.16, 553.63, 544.59, 541.53, 538.38, 529.43, 538.38, 553.63, 538.38, 24.20, 12.43
4.47, 59, black car, 317.74, 524.11, 344.60, 536.12, 331.17, 530.11, 317.74, 530.11, 344.60, 530.11, 26.86, 12.01
4.47, 3, white car, 664.07, 535.63, 695.01, 548.91, 679.54, 542.27, 664.07, 542.27, 695.01, 542.27, 30.94, 13.28
4.47, 65, white car, 527.89, 532.03, 551.75, 544.29, 539.82, 538.16, 527.89, 538.16, 551.75, 538.16, 23.86, 12.26
4.50, 59, black car, 316.11, 523.91, 342.74, 535.83, 329.42, 529.87, 316.11, 529.87, 342.74, 529.87, 26.63, 11.92
4.50, 3, white car, 661.65, 535.45, 692.82, 548.85, 677.24, 542.15, 661.65, 542.15, 692.82, 542.15, 31.17, 13.40
4.50, 65, white car, 525.69, 531.98, 549.21, 544.06, 537.45, 538.02, 525.69, 538.02, 549.21, 538.02, 23.51, 12.07
4.53, 59, black car, 314.03, 523.77, 340.28, 535.48, 327.15, 529.63, 314.03, 529.63, 340.28, 529.63, 26.24, 11.72
4.53, 3, white car, 659.45, 535.29, 690.58, 548.69, 675.02, 541.99, 659.45, 541.99, 690.58, 541.99, 31.12, 13.40
4.53, 65, white car, 523.53, 532.05, 546.87, 544.03, 535.20, 538.04, 523.53, 538.04, 546.87, 538.04, 23.34, 11.98
4.57, 59, black car, 311.47, 523.49, 337.44, 535.08, 324.46, 529.28, 311.47, 529.28, 337.44, 529.28, 25.97, 11.58
4.57, 3, white car, 656.96, 535.29, 688.39, 548.84, 672.67, 542.06, 656.96, 542.06, 688.39, 542.06, 31.43, 13.55
4.57, 65, white car, 521.46, 532.10, 544.84, 544.09, 533.15, 538.10, 521.46, 538.10, 544.84, 538.10, 23.37, 11.98
4.60, 59, black car, 308.77, 523.31, 335.17, 535.07, 321.97, 529.19, 308.77, 529.19, 335.17, 529.19, 26.41, 11.76
4.60, 3, white car, 654.21, 535.20, 686.00, 548.93, 670.11, 542.07, 654.21, 542.07, 686.00, 542.07, 31.79, 13.73
4.60, 65, white car, 519.14, 532.03, 542.38, 543.91, 530.76, 537.97, 519.14, 537.97, 542.38, 537.97, 23.23, 11.88
4.63, 59, black car, 305.74, 522.94, 333.03, 535.10, 319.38, 529.02, 305.74, 529.02, 333.03, 529.02, 27.28, 12.16
4.63, 3, white car, 651.78, 535.14, 683.65, 548.92, 667.71, 542.03, 651.78, 542.03, 683.65, 542.03, 31.87, 13.78
4.63, 65, white car, 516.36, 531.70, 539.74, 543.63, 528.05, 537.66, 516.36, 537.66, 539.74, 537.66, 23.37, 11.94
4.67, 59, black car, 303.17, 522.83, 331.29, 535.39, 317.23, 529.11, 303.17, 529.11, 331.29, 529.11, 28.12, 12.56
4.67, 3, white car, 649.32, 535.24, 681.48, 549.18, 665.40, 542.21, 649.32, 542.21, 681.48, 542.21, 32.16, 13.94
4.67, 65, white car, 514.20, 531.71, 537.45, 543.55, 525.83, 537.63, 514.20, 537.63, 537.45, 537.63, 23.24, 11.84
4.70, 59, black car, 300.66, 522.64, 328.90, 535.30, 314.78, 528.97, 300.66, 528.97, 328.90, 528.97, 28.24, 12.66
4.70, 3, white car, 647.37, 535.18, 679.06, 548.94, 663.21, 542.06, 647.37, 542.06, 679.06, 542.06, 31.69, 13.76
4.70, 65, white car, 512.16, 531.55, 535.16, 543.22, 523.66, 537.39, 512.16, 537.39, 535.16, 537.39, 23.01, 11.67
4.73, 59, black car, 299.56, 522.96, 327.04, 535.28, 313.30, 529.12, 299.56, 529.12, 327.04, 529.12, 27.48, 12.32
4.73, 3, white car, 645.57, 535.05, 676.63, 548.54, 661.10, 541.79, 645.57, 541.79, 676.63, 541.79, 31.05, 13.49
4.73, 65, white car, 509.61, 531.32, 532.88, 543.13, 521.24, 537.22, 509.61, 537.22, 532.88, 537.22, 23.28, 11.81
4.77, 59, black car, 298.05, 523.14, 324.94, 535.22, 311.50, 529.18, 298.05, 529.18, 324.94, 529.18, 26.88, 12.08
4.77, 3, white car, 643.23, 535.15, 673.98, 548.49, 658.60, 541.82, 643.23, 541.82, 673.98, 541.82, 30.76, 13.34
4.77, 65, white car, 507.39, 531.23, 530.89, 543.19, 519.14, 537.21, 507.39, 537.21, 530.89, 537.21, 23.50, 11.96
4.80, 59, black car, 295.27, 522.73, 322.39, 534.93, 308.83, 528.83, 295.27, 528.83, 322.39, 528.83, 27.12, 12.19
4.80, 3, white car, 640.70, 535.03, 671.58, 548.41, 656.14, 541.72, 640.70, 541.72, 671.58, 541.72, 30.89, 13.39
4.80, 65, white car, 504.95, 530.95, 528.91, 543.17, 516.93, 537.06, 504.95, 537.06, 528.91, 537.06, 23.96, 12.22
4.83, 59, black car, 292.94, 522.69, 319.96, 534.86, 306.45, 528.78, 292.94, 528.78, 319.96, 528.78, 27.02, 12.16
4.83, 3, white car, 638.10, 534.91, 669.07, 548.34, 653.58, 541.62, 638.10, 541.62, 669.07, 541.62, 30.97, 13.42
4.83, 65, white car, 502.57, 530.92, 526.63, 543.16, 514.60, 537.04, 502.57, 537.04, 526.63, 537.04, 24.06, 12.24
4.87, 59, black car, 290.61, 522.80, 317.62, 534.97, 304.11, 528.89, 290.61, 528.89, 317.62, 528.89, 27.01, 12.17
4.87, 3, white car, 635.87, 535.05, 666.79, 548.43, 651.33, 541.74, 635.87, 541.74, 666.79, 541.74, 30.92, 13.38
4.87, 65, white car, 500.25, 530.97, 524.13, 543.11, 512.19, 537.04, 500.25, 537.04, 524.13, 537.04, 23.88, 12.14
4.90, 59, black car, 288.05, 522.54, 314.77, 534.60, 301.41, 528.57, 288.05, 528.57, 314.77, 528.57, 26.72, 12.06
4.90, 3, white car, 633.83, 535.02, 664.84, 548.42, 649.33, 541.72, 633.83, 541.72, 664.84, 541.72, 31.02, 13.40
4.90, 65, white car, 497.96, 530.89, 521.64, 542.88, 509.80, 536.88, 497.96, 536.88, 521.64, 536.88, 23.68, 11.99
4.93, 59, black car, 286.55, 522.66, 312.43, 534.34, 299.49, 528.50, 286.55, 528.50, 312.43, 528.50, 25.88, 11.68
4.93, 3, white car, 631.74, 534.97, 662.30, 548.16, 647.02, 541.57, 631.74, 541.57, 662.30, 541.57, 30.56, 13.19
4.93, 65, white car, 496.02, 531.02, 519.25, 542.71, 507.64, 536.87, 496.02, 536.87, 519.25, 536.87, 23.23, 11.70
4.97, 59, black car, 284.41, 522.40, 310.83, 534.37, 297.62, 528.39, 284.41, 528.39, 310.83, 528.39, 26.42, 11.98
4.97, 3, white car, 629.47, 535.13, 659.73, 548.16, 644.60, 541.65, 629.47, 541.65, 659.73, 541.65, 30.27, 13.03
4.97, 65, white car, 493.54, 530.94, 516.96, 542.76, 505.25, 536.85, 493.54, 536.85, 516.96, 536.85, 23.41, 11.82
5.00, 59, black car, 282.25, 522.20, 308.90, 534.29, 295.57, 528.24, 282.25, 528.24, 308.90, 528.24, 26.65, 12.09
5.00, 3, white car, 627.33, 535.10, 657.69, 548.16, 642.51, 541.63, 627.33, 541.63, 657.69, 541.63, 30.36, 13.06
5.00, 65, white car, 491.07, 530.80, 514.66, 542.74, 502.86, 536.77, 491.07, 536.77, 514.66, 536.77, 23.59, 11.94
5.03, 59, black car, 280.06, 521.95, 307.11, 534.22, 293.58, 528.09, 280.06, 528.09, 307.11, 528.09, 27.06, 12.27
5.03, 3, white car, 624.71, 535.02, 655.45, 548.25, 640.08, 541.64, 624.71, 541.64, 655.45, 541.64, 30.75, 13.23
5.03, 65, white car, 488.43, 530.62, 512.58, 542.82, 500.50, 536.72, 488.43, 536.72, 512.58, 536.72, 24.15, 12.21
5.07, 59, black car, 277.09, 521.79, 304.55, 534.23, 290.82, 528.01, 277.09, 528.01, 304.55, 528.01, 27.46, 12.44
5.07, 3, white car, 622.42, 535.16, 652.91, 548.26, 637.67, 541.71, 622.42, 541.71, 652.91, 541.71, 30.48, 13.11
5.07, 65, white car, 485.95, 530.33, 510.62, 542.83, 498.28, 536.58, 485.95, 536.58, 510.62, 536.58, 24.67, 12.49
5.10, 59, black car, 274.75, 521.63, 301.97, 533.98, 288.36, 527.81, 274.75, 527.81, 301.97, 527.81, 27.22, 12.35
5.10, 3, white car, 620.24, 535.15, 650.25, 548.02, 635.25, 541.59, 620.24, 541.59, 650.25, 541.59, 30.00, 12.88
5.10, 65, white car, 483.70, 530.14, 508.40, 542.65, 496.05, 536.40, 483.70, 536.40, 508.40, 536.40, 24.70, 12.51
5.13, 59, black car, 270.91, 521.33, 299.19, 534.12, 285.05, 527.72, 270.91, 527.72, 299.19, 527.72, 28.28, 12.79
5.13, 3, white car, 618.05, 535.02, 648.04, 547.86, 633.05, 541.44, 618.05, 541.44, 648.04, 541.44, 29.98, 12.84
5.13, 65, white car, 481.65, 530.23, 506.29, 542.71, 493.97, 536.47, 481.65, 536.47, 506.29, 536.47, 24.64, 12.48
5.17, 59, black car, 268.62, 521.14, 297.11, 533.97, 282.87, 527.56, 268.62, 527.56, 297.11, 527.56, 28.49, 12.83
5.17, 3, white car, 615.70, 535.09, 645.56, 547.84, 630.63, 541.46, 615.70, 541.46, 645.56, 541.46, 29.85, 12.75
5.17, 65, white car, 479.95, 530.15, 504.08, 542.40, 492.01, 536.28, 479.95, 536.28, 504.08, 536.28, 24.13, 12.25
5.20, 59, black car, 266.83, 520.98, 295.28, 533.79, 281.06, 527.39, 266.83, 527.39, 295.28, 527.39, 28.45, 12.81
5.20, 3, white car, 613.37, 535.06, 643.25, 547.80, 628.31, 541.43, 613.37, 541.43, 643.25, 541.43, 29.87, 12.74
5.20, 65, white car, 477.51, 530.07, 501.22, 542.12, 489.37, 536.09, 477.51, 536.09, 501.22, 536.09, 23.71, 12.06
5.23, 59, black car, 264.74, 520.87, 293.01, 533.64, 278.87, 527.26, 264.74, 527.26, 293.01, 527.26, 28.28, 12.77
5.23, 3, white car, 610.65, 534.89, 641.11, 547.86, 625.88, 541.37, 610.65, 541.37, 641.11, 541.37, 30.46, 12.97
5.23, 65, white car, 475.02, 530.00, 498.62, 542.02, 486.82, 536.01, 475.02, 536.01, 498.62, 536.01, 23.60, 12.02
5.27, 59, black car, 262.72, 520.69, 291.58, 533.74, 277.15, 527.22, 262.72, 527.22, 291.58, 527.22, 28.86, 13.04
5.27, 3, white car, 608.19, 534.84, 638.72, 547.85, 623.45, 541.35, 608.19, 541.35, 638.72, 541.35, 30.53, 13.00
5.27, 65, white car, 472.98, 529.88, 496.33, 541.76, 484.66, 535.82, 472.98, 535.82, 496.33, 535.82, 23.35, 11.88
5.30, 59, black car, 260.89, 520.42, 290.22, 533.67, 275.56, 527.04, 260.89, 527.04, 290.22, 527.04, 29.33, 13.26
5.30, 3, white car, 605.90, 534.72, 636.51, 547.77, 621.20, 541.25, 605.90, 541.25, 636.51, 541.25, 30.62, 13.05
5.30, 65, white car, 470.54, 529.70, 493.72, 541.47, 482.13, 535.59, 470.54, 535.59, 493.72, 535.59, 23.18, 11.77
5.33, 59, black car, 259.24, 520.70, 288.07, 533.73, 273.66, 527.21, 259.24, 527.21, 288.07, 527.21, 28.83, 13.03
5.33, 3, white car, 603.86, 534.73, 634.39, 547.74, 619.12, 541.24, 603.86, 541.24, 634.39, 541.24, 30.53, 13.01
5.33, 65, white car, 468.06, 529.78, 491.52, 541.67, 479.79, 535.73, 468.06, 535.73, 491.52, 535.73, 23.46, 11.88
5.37, 59, black car, 257.42, 520.70, 286.00, 533.62, 271.71, 527.16, 257.42, 527.16, 286.00, 527.16, 28.58, 12.91
5.37, 3, white car, 601.41, 534.77, 631.78, 547.72, 616.60, 541.25, 601.41, 541.25, 631.78, 541.25, 30.36, 12.95
5.37, 65, white car, 466.06, 529.70, 489.30, 541.47, 477.68, 535.59, 466.06, 535.59, 489.30, 535.59, 23.24, 11.76
5.40, 59, black car, 254.82, 520.67, 283.15, 533.48, 268.99, 527.07, 254.82, 527.07, 283.15, 527.07, 28.32, 12.81
5.40, 3, white car, 599.00, 534.67, 629.55, 547.75, 614.28, 541.21, 599.00, 541.21, 629.55, 541.21, 30.55, 13.08
5.40, 65, white car, 463.36, 529.63, 486.74, 541.48, 475.05, 535.55, 463.36, 535.55, 486.74, 535.55, 23.38, 11.85
5.43, 59, black car, 251.60, 520.56, 280.52, 533.65, 266.06, 527.10, 251.60, 527.10, 280.52, 527.10, 28.92, 13.09
5.43, 3, white car, 596.51, 534.54, 627.44, 547.81, 611.98, 541.17, 596.51, 541.17, 627.44, 541.17, 30.93, 13.27
5.43, 65, white car, 460.67, 529.69, 484.19, 541.60, 472.43, 535.65, 460.67, 535.65, 484.19, 535.65, 23.52, 11.91
5.47, 59, black car, 248.55, 520.24, 277.75, 533.45, 263.15, 526.85, 248.55, 526.85, 277.75, 526.85, 29.19, 13.21
5.47, 3, white car, 593.94, 534.23, 625.31, 547.74, 609.62, 540.99, 593.94, 540.99, 625.31, 540.99, 31.37, 13.51
5.47, 65, white car, 458.67, 529.68, 481.85, 541.38, 470.26, 535.53, 458.67, 535.53, 481.85, 535.53, 23.17, 11.70
5.50, 59, black car, 246.65, 520.00, 276.56, 533.49, 261.60, 526.75, 246.65, 526.75, 276.56, 526.75, 29.91, 13.49
5.50, 3, white car, 591.56, 534.27, 622.81, 547.75, 607.19, 541.01, 591.56, 541.01, 622.81, 541.01, 31.25, 13.48
5.50, 65, white car, 456.39, 529.45, 479.82, 541.22, 468.10, 535.33, 456.39, 535.33, 479.82, 535.33, 23.43, 11.77
5.53, 59, black car, 244.61, 519.64, 274.82, 533.24, 259.71, 526.44, 244.61, 526.44, 274.82, 526.44, 30.21, 13.61
5.53, 3, white car, 589.58, 534.22, 620.71, 547.66, 605.14, 540.94, 589.58, 540.94, 620.71, 540.94, 31.13, 13.44
5.53, 65, white car, 454.13, 529.64, 477.59, 541.38, 465.86, 535.51, 454.13, 535.51, 477.59, 535.51, 23.47, 11.74
5.57, 59, black car, 242.03, 519.73, 271.40, 533.00, 256.72, 526.36, 242.03, 526.36, 271.40, 526.36, 29.37, 13.26
5.57, 3, white car, 587.34, 534.29, 618.17, 547.60, 602.75, 540.95, 587.34, 540.95, 618.17, 540.95, 30.83, 13.31
5.57, 65, white car, 452.26, 529.60, 475.10, 541.00, 463.68, 535.30, 452.26, 535.30, 475.10, 535.30, 22.84, 11.41
5.60, 3, white car, 584.82, 534.19, 615.86, 547.62, 600.34, 540.90, 584.82, 540.90, 615.86, 540.90, 31.03, 13.43
5.60, 65, white car, 449.79, 529.37, 472.88, 540.91, 461.33, 535.14, 449.79, 535.14, 472.88, 535.14, 23.10, 11.54
5.63, 3, white car, 582.34, 534.01, 613.67, 547.57, 598.00, 540.79, 582.34, 540.79, 613.67, 540.79, 31.33, 13.57
5.63, 65, white car, 447.00, 529.19, 470.70, 541.05, 458.85, 535.12, 447.00, 535.12, 470.70, 535.12, 23.70, 11.86
5.63, 59, black car, 238.17, 520.19, 265.97, 532.71, 252.07, 526.45, 238.17, 526.45, 265.97, 526.45, 27.80, 12.53
5.67, 65, white car, 444.48, 529.07, 468.27, 540.98, 456.37, 535.03, 444.48, 535.03, 468.27, 535.03, 23.80, 11.91
5.67, 59, black car, 235.66, 520.31, 263.32, 532.76, 249.49, 526.53, 235.66, 526.53, 263.32, 526.53, 27.66, 12.45
5.70, 65, white car, 442.09, 528.84, 466.26, 540.92, 454.17, 534.88, 442.09, 534.88, 466.26, 534.88, 24.17, 12.09
5.70, 59, black car, 233.52, 520.32, 260.82, 532.60, 247.17, 526.46, 233.52, 526.46, 260.82, 526.46, 27.30, 12.28
5.73, 65, white car, 440.11, 529.14, 463.75, 540.90, 451.93, 535.02, 440.11, 535.02, 463.75, 535.02, 23.63, 11.77
5.73, 59, black car, 231.17, 520.19, 258.31, 532.40, 244.74, 526.30, 231.17, 526.30, 258.31, 526.30, 27.14, 12.21
5.77, 65, white car, 437.87, 529.14, 460.98, 540.65, 449.43, 534.89, 437.87, 534.89, 460.98, 534.89, 23.11, 11.52
5.77, 59, black car, 228.93, 520.18, 255.84, 532.27, 242.39, 526.23, 228.93, 526.23, 255.84, 526.23, 26.92, 12.09
5.80, 65, white car, 435.46, 528.95, 458.72, 540.56, 447.09, 534.76, 435.46, 534.76, 458.72, 534.76, 23.26, 11.61
5.80, 59, black car, 227.12, 520.18, 254.20, 532.33, 240.66, 526.26, 227.12, 526.26, 254.20, 526.26, 27.09, 12.15
5.83, 65, white car, 433.01, 528.83, 456.54, 540.58, 444.78, 534.71, 433.01, 534.71, 456.54, 534.71, 23.53, 11.75
5.83, 59, black car, 224.83, 520.07, 252.07, 532.26, 238.45, 526.16, 224.83, 526.16, 252.07, 526.16, 27.25, 12.19
5.87, 65, white car, 430.80, 528.74, 454.17, 540.44, 442.49, 534.59, 430.80, 534.59, 454.17, 534.59, 23.37, 11.70
5.87, 59, black car, 222.44, 519.95, 249.43, 532.04, 235.94, 525.99, 222.44, 525.99, 249.43, 525.99, 26.99, 12.09
5.90, 65, white car, 428.60, 528.48, 452.15, 540.29, 440.38, 534.39, 428.60, 534.39, 452.15, 534.39, 23.55, 11.81
5.90, 59, black car, 220.06, 519.85, 247.27, 532.04, 233.66, 525.95, 220.06, 525.95, 247.27, 525.95, 27.21, 12.19
5.93, 65, white car, 426.37, 528.40, 449.57, 540.05, 437.97, 534.23, 426.37, 534.23, 449.57, 534.23, 23.20, 11.65
5.93, 59, black car, 217.12, 519.88, 244.74, 532.28, 230.93, 526.08, 217.12, 526.08, 244.74, 526.08, 27.61, 12.39
5.97, 65, white car, 423.74, 528.37, 447.15, 540.14, 435.44, 534.26, 423.74, 534.26, 447.15, 534.26, 23.41, 11.77
5.97, 59, black car, 215.18, 519.90, 242.86, 532.34, 229.02, 526.12, 215.18, 526.12, 242.86, 526.12, 27.68, 12.45
6.00, 65, white car, 421.41, 528.23, 445.18, 540.19, 433.29, 534.21, 421.41, 534.21, 445.18, 534.21, 23.77, 11.96
6.00, 59, black car, 213.36, 519.96, 241.07, 532.43, 227.22, 526.19, 213.36, 526.19, 241.07, 526.19, 27.71, 12.47
6.03, 65, white car, 418.69, 528.16, 442.46, 540.13, 430.57, 534.14, 418.69, 534.14, 442.46, 534.14, 23.77, 11.96
6.03, 59, black car, 210.49, 519.69, 238.10, 532.10, 224.29, 525.89, 210.49, 525.89, 238.10, 525.89, 27.60, 12.41
6.07, 65, white car, 416.12, 528.19, 439.90, 540.20, 428.01, 534.19, 416.12, 534.19, 439.90, 534.19, 23.78, 12.01
6.07, 59, black car, 208.96, 519.56, 236.02, 531.75, 222.49, 525.65, 208.96, 525.65, 236.02, 525.65, 27.07, 12.19
6.10, 65, white car, 414.19, 527.89, 437.99, 539.92, 426.09, 533.91, 414.19, 533.91, 437.99, 533.91, 23.80, 12.04
6.10, 59, black car, 206.60, 519.41, 233.60, 531.56, 220.10, 525.49, 206.60, 525.49, 233.60, 525.49, 27.00, 12.15
6.13, 65, white car, 411.96, 527.94, 435.83, 540.00, 423.90, 533.97, 411.96, 533.97, 435.83, 533.97, 23.87, 12.06
6.13, 59, black car, 204.02, 519.36, 231.09, 531.51, 217.55, 525.43, 204.02, 525.43, 231.09, 525.43, 27.06, 12.15
6.17, 65, white car, 409.63, 527.88, 433.26, 539.84, 421.45, 533.86, 409.63, 533.86, 433.26, 533.86, 23.62, 11.95
6.17, 59, black car, 202.20, 519.27, 229.17, 531.38, 215.69, 525.33, 202.20, 525.33, 229.17, 525.33, 26.98, 12.10
6.20, 65, white car, 407.46, 527.69, 431.16, 539.71, 419.31, 533.70, 407.46, 533.70, 431.16, 533.70, 23.70, 12.02
6.20, 59, black car, 200.12, 519.24, 227.38, 531.46, 213.75, 525.35, 200.12, 525.35, 227.38, 525.35, 27.26, 12.22
6.23, 65, white car, 404.88, 527.64, 428.76, 539.76, 416.82, 533.70, 404.88, 533.70, 428.76, 533.70, 23.88, 12.12
6.23, 59, black car, 197.70, 519.26, 224.49, 531.24, 211.10, 525.25, 197.70, 525.25, 224.49, 525.25, 26.79, 11.98
6.27, 65, white car, 402.20, 527.55, 426.31, 539.81, 414.26, 533.68, 402.20, 533.68, 426.31, 533.68, 24.10, 12.26
6.27, 59, black car, 195.96, 519.30, 222.39, 531.09, 209.18, 525.19, 195.96, 525.19, 222.39, 525.19, 26.43, 11.79
6.27, 3, white car, 539.12, 532.35, 570.32, 545.90, 554.72, 539.12, 539.12, 539.12, 570.32, 539.12, 31.20, 13.55
6.30, 65, white car, 400.16, 527.45, 424.10, 539.64, 412.13, 533.55, 400.16, 533.55, 424.10, 533.55, 23.94, 12.19
6.30, 59, black car, 193.92, 519.08, 220.57, 530.92, 207.24, 525.00, 193.92, 525.00, 220.57, 525.00, 26.65, 11.84
6.33, 65, white car, 397.85, 527.58, 421.53, 539.63, 409.69, 533.61, 397.85, 533.61, 421.53, 533.61, 23.68, 12.05
6.33, 59, black car, 191.22, 519.00, 217.83, 530.78, 204.53, 524.89, 191.22, 524.89, 217.83, 524.89, 26.61, 11.78
6.37, 65, white car, 395.53, 527.66, 419.13, 539.70, 407.33, 533.68, 395.53, 533.68, 419.13, 533.68, 23.61, 12.04
6.37, 59, black car, 188.93, 519.19, 215.36, 530.88, 202.14, 525.03, 188.93, 525.03, 215.36, 525.03, 26.44, 11.69
6.37, 3, white car, 532.25, 532.36, 562.98, 545.63, 547.61, 538.99, 532.25, 538.99, 562.98, 538.99, 30.73, 13.27
6.40, 65, white car, 393.51, 527.58, 416.96, 539.57, 405.23, 533.57, 393.51, 533.57, 416.96, 533.57, 23.45, 11.99
6.40, 59, black car, 186.72, 519.11, 213.07, 530.71, 199.89, 524.91, 186.72, 524.91, 213.07, 524.91, 26.35, 11.61
6.43, 65, white car, 390.62, 527.50, 414.32, 539.62, 402.47, 533.56, 390.62, 533.56, 414.32, 533.56, 23.70, 12.12
6.43, 3, white car, 527.39, 532.21, 558.54, 545.69, 542.96, 538.95, 527.39, 538.95, 558.54, 538.95, 31.15, 13.48
6.47, 65, white car, 388.11, 527.43, 411.85, 539.59, 399.98, 533.51, 388.11, 533.51, 411.85, 533.51, 23.74, 12.17
6.47, 3, white car, 524.96, 532.20, 556.58, 545.88, 540.77, 539.04, 524.96, 539.04, 556.58, 539.04, 31.62, 13.68
6.47, 59, black car, 181.32, 519.19, 207.79, 530.87, 194.55, 525.03, 181.32, 525.03, 207.79, 525.03, 26.47, 11.68
6.50, 65, white car, 386.06, 527.29, 409.80, 539.46, 397.93, 533.37, 386.06, 533.37, 409.80, 533.37, 23.73, 12.17
6.50, 3, white car, 522.70, 532.10, 554.56, 545.92, 538.63, 539.01, 522.70, 539.01, 554.56, 539.01, 31.85, 13.81
6.50, 59, black car, 178.81, 519.00, 205.56, 530.80, 192.18, 524.90, 178.81, 524.90, 205.56, 524.90, 26.75, 11.80
6.53, 65, white car, 383.73, 527.20, 407.11, 539.18, 395.42, 533.19, 383.73, 533.19, 407.11, 533.19, 23.38, 11.98
6.53, 3, white car, 520.73, 532.18, 552.10, 545.78, 536.42, 538.98, 520.73, 538.98, 552.10, 538.98, 31.38, 13.60
6.53, 59, black car, 176.81, 518.87, 203.41, 530.60, 190.11, 524.74, 176.81, 524.74, 203.41, 524.74, 26.60, 11.74
6.57, 65, white car, 381.29, 527.19, 404.83, 539.25, 393.06, 533.22, 381.29, 533.22, 404.83, 533.22, 23.55, 12.07
6.57, 3, white car, 518.80, 532.17, 550.01, 545.69, 534.41, 538.93, 518.80, 538.93, 550.01, 538.93, 31.20, 13.52
6.57, 59, black car, 174.93, 518.85, 201.64, 530.66, 188.29, 524.76, 174.93, 524.76, 201.64, 524.76, 26.71, 11.81
6.60, 65, white car, 378.98, 527.09, 402.83, 539.33, 390.91, 533.21, 378.98, 533.21, 402.83, 533.21, 23.85, 12.23
6.60, 3, white car, 516.67, 532.18, 547.47, 545.48, 532.07, 538.83, 516.67, 538.83, 547.47, 538.83, 30.80, 13.30
6.60, 59, black car, 173.12, 518.55, 199.97, 530.40, 186.55, 524.48, 173.12, 524.48, 199.97, 524.48, 26.85, 11.86
6.63, 65, white car, 376.68, 527.06, 400.36, 539.21, 388.52, 533.14, 376.68, 533.14, 400.36, 533.14, 23.67, 12.15
6.63, 3, white car, 514.29, 532.16, 545.15, 545.49, 529.72, 538.82, 514.29, 538.82, 545.15, 538.82, 30.86, 13.32
6.63, 59, black car, 171.27, 518.45, 198.02, 530.25, 184.64, 524.35, 171.27, 524.35, 198.02, 524.35, 26.75, 11.81
6.67, 65, white car, 374.40, 526.93, 398.18, 539.14, 386.29, 533.04, 374.40, 533.04, 398.18, 533.04, 23.78, 12.21
6.67, 3, white car, 512.09, 531.94, 543.21, 545.37, 527.65, 538.65, 512.09, 538.65, 543.21, 538.65, 31.12, 13.43
6.67, 59, black car, 169.59, 518.59, 196.06, 530.24, 182.82, 524.41, 169.59, 524.41, 196.06, 524.41, 26.47, 11.66
6.70, 65, white car, 372.43, 526.78, 396.20, 538.98, 384.32, 532.88, 372.43, 532.88, 396.20, 532.88, 23.77, 12.20
6.70, 3, white car, 509.64, 531.56, 541.26, 545.26, 525.45, 538.41, 509.64, 538.41, 541.26, 538.41, 31.62, 13.69
6.70, 59, black car, 167.19, 518.49, 193.30, 529.94, 180.25, 524.21, 167.19, 524.21, 193.30, 524.21, 26.11, 11.45
6.73, 65, white car, 370.04, 526.71, 393.68, 538.85, 381.86, 532.78, 370.04, 532.78, 393.68, 532.78, 23.64, 12.14
6.73, 3, white car, 507.19, 531.48, 538.88, 545.26, 523.03, 538.37, 507.19, 538.37, 538.88, 538.37, 31.69, 13.78
6.73, 59, black car, 164.31, 518.39, 190.46, 529.83, 177.38, 524.11, 164.31, 524.11, 190.46, 524.11, 26.15, 11.44
6.77, 39, white car, 1342.82, 518.67, 1370.69, 530.50, 1356.75, 524.59, 1342.82, 524.59, 1370.69, 524.59, 27.87, 11.83
6.77, 65, white car, 367.21, 526.74, 390.94, 538.96, 379.07, 532.85, 367.21, 532.85, 390.94, 532.85, 23.73, 12.21
6.77, 3, white car, 504.95, 531.49, 536.69, 545.32, 520.82, 538.41, 504.95, 538.41, 536.69, 538.41, 31.73, 13.83
6.77, 59, black car, 161.56, 518.12, 188.25, 529.76, 174.91, 523.94, 161.56, 523.94, 188.25, 523.94, 26.69, 11.65
6.80, 39, white car, 1340.31, 519.07, 1367.60, 530.61, 1353.96, 524.84, 1340.31, 524.84, 1367.60, 524.84, 27.29, 11.53
6.80, 65, white car, 365.03, 526.72, 388.81, 538.97, 376.92, 532.85, 365.03, 532.85, 388.81, 532.85, 23.78, 12.25
6.80, 3, white car, 502.75, 531.53, 534.24, 545.27, 518.50, 538.40, 502.75, 538.40, 534.24, 538.40, 31.49, 13.74
6.80, 59, black car, 158.84, 517.76, 186.23, 529.76, 172.53, 523.76, 158.84, 523.76, 186.23, 523.76, 27.39, 12.00
6.83, 39, white car, 1337.69, 519.10, 1364.89, 530.57, 1351.29, 524.84, 1337.69, 524.84, 1364.89, 524.84, 27.20, 11.46
6.83, 65, white car, 362.85, 526.57, 386.57, 538.77, 374.71, 532.67, 362.85, 532.67, 386.57, 532.67, 23.73, 12.20
6.83, 3, white car, 500.50, 531.34, 532.14, 545.19, 516.32, 538.27, 500.50, 538.27, 532.14, 538.27, 31.63, 13.85
6.83, 59, black car, 156.52, 517.62, 184.46, 529.88, 170.49, 523.75, 156.52, 523.75, 184.46, 523.75, 27.94, 12.26
6.87, 39, white car, 1334.55, 519.13, 1362.13, 530.72, 1348.34, 524.93, 1334.55, 524.93, 1362.13, 524.93, 27.58, 11.59
6.87, 65, white car, 360.31, 526.59, 383.87, 538.69, 372.09, 532.64, 360.31, 532.64, 383.87, 532.64, 23.56, 12.10
6.87, 3, white car, 498.15, 531.16, 529.71, 544.99, 513.93, 538.08, 498.15, 538.08, 529.71, 538.08, 31.56, 13.84
6.87, 59, black car, 154.76, 517.66, 182.05, 529.69, 168.40, 523.68, 154.76, 523.68, 182.05, 523.68, 27.29, 12.03
6.90, 39, white car, 1331.66, 519.24, 1359.50, 530.92, 1345.58, 525.08, 1331.66, 525.08, 1359.50, 525.08, 27.84, 11.68
6.90, 65, white car, 358.08, 526.52, 381.57, 538.56, 369.83, 532.54, 358.08, 532.54, 381.57, 532.54, 23.49, 12.04
6.90, 3, white car, 495.90, 531.03, 527.59, 544.96, 511.74, 538.00, 495.90, 538.00, 527.59, 538.00, 31.69, 13.93
6.90, 59, black car, 152.67, 517.43, 179.80, 529.46, 166.23, 523.44, 152.67, 523.44, 179.80, 523.44, 27.12, 12.03
6.93, 39, white car, 1328.69, 519.34, 1356.68, 531.08, 1342.68, 525.21, 1328.69, 525.21, 1356.68, 525.21, 28.00, 11.74
6.93, 65, white car, 355.75, 526.34, 379.17, 538.31, 367.46, 532.33, 355.75, 532.33, 379.17, 532.33, 23.43, 11.97
6.93, 3, white car, 493.60, 530.79, 525.59, 544.89, 509.59, 537.84, 493.60, 537.84, 525.59, 537.84, 31.99, 14.10
6.93, 59, black car, 150.49, 517.24, 177.33, 529.22, 163.91, 523.23, 150.49, 523.23, 177.33, 523.23, 26.83, 11.98
6.97, 39, white car, 1326.06, 519.30, 1354.22, 531.08, 1340.14, 525.19, 1326.06, 525.19, 1354.22, 525.19, 28.16, 11.79
6.97, 65, white car, 353.35, 526.38, 376.69, 538.32, 365.02, 532.35, 353.35, 532.35, 376.69, 532.35, 23.34, 11.94
6.97, 3, white car, 491.23, 530.58, 523.39, 544.79, 507.31, 537.68, 491.23, 537.68, 523.39, 537.68, 32.16, 14.22
6.97, 59, black car, 147.70, 517.06, 174.58, 529.16, 161.14, 523.11, 147.70, 523.11, 174.58, 523.11, 26.88, 12.10
7.00, 39, white car, 1323.16, 519.33, 1351.59, 531.23, 1337.38, 525.28, 1323.16, 525.28, 1351.59, 525.28, 28.43, 11.89
7.00, 65, white car, 351.25, 526.45, 374.74, 538.46, 362.99, 532.45, 351.25, 532.45, 374.74, 532.45, 23.49, 12.01
7.00, 3, white car, 488.99, 530.57, 521.03, 544.76, 505.01, 537.66, 488.99, 537.66, 521.03, 537.66, 32.05, 14.20
7.00, 59, black car, 145.53, 516.93, 172.23, 529.03, 158.88, 522.98, 145.53, 522.98, 172.23, 522.98, 26.69, 12.10
7.03, 39, white car, 1319.63, 519.41, 1348.88, 531.66, 1334.25, 525.54, 1319.63, 525.54, 1348.88, 525.54, 29.26, 12.24
7.03, 65, white car, 348.92, 526.30, 372.35, 538.27, 360.63, 532.29, 348.92, 532.29, 372.35, 532.29, 23.44, 11.96
7.03, 3, white car, 486.73, 530.57, 518.91, 544.86, 502.82, 537.71, 486.73, 537.71, 518.91, 537.71, 32.18, 14.29
7.03, 59, black car, 143.64, 516.90, 170.24, 528.97, 156.94, 522.93, 143.64, 522.93, 170.24, 522.93, 26.59, 12.07
7.07, 39, white car, 1316.24, 519.48, 1346.11, 532.02, 1331.17, 525.75, 1316.24, 525.75, 1346.11, 525.75, 29.87, 12.54
7.07, 65, white car, 346.54, 526.23, 369.85, 538.14, 358.19, 532.18, 346.54, 532.18, 369.85, 532.18, 23.31, 11.91
7.07, 3, white car, 484.17, 530.32, 516.46, 544.71, 500.31, 537.51, 484.17, 537.51, 516.46, 537.51, 32.29, 14.39
7.07, 59, black car, 141.78, 516.78, 168.15, 528.76, 154.96, 522.77, 141.78, 522.77, 168.15, 522.77, 26.36, 11.98
7.10, 39, white car, 1313.40, 519.72, 1343.50, 532.41, 1328.45, 526.07, 1313.40, 526.07, 1343.50, 526.07, 30.10, 12.68
7.10, 65, white car, 344.51, 526.32, 367.76, 538.19, 356.13, 532.26, 344.51, 532.26, 367.76, 532.26, 23.25, 11.87
7.10, 3, white car, 481.85, 530.17, 514.58, 544.80, 498.21, 537.49, 481.85, 537.49, 514.58, 537.49, 32.72, 14.63
7.10, 59, black car, 139.27, 516.62, 165.31, 528.51, 152.29, 522.57, 139.27, 522.57, 165.31, 522.57, 26.05, 11.89
7.13, 39, white car, 1311.18, 519.77, 1340.92, 532.32, 1326.05, 526.04, 1311.18, 526.04, 1340.92, 526.04, 29.74, 12.55
7.13, 65, white car, 342.07, 526.04, 365.08, 537.78, 353.57, 531.91, 342.07, 531.91, 365.08, 531.91, 23.02, 11.74
7.13, 3, white car, 480.01, 530.02, 512.64, 544.64, 496.33, 537.33, 480.01, 537.33, 512.64, 537.33, 32.63, 14.63
7.13, 59, black car, 136.66, 516.37, 163.05, 528.45, 149.86, 522.41, 136.66, 522.41, 163.05, 522.41, 26.39, 12.08
7.17, 39, white car, 1308.60, 519.90, 1337.84, 532.27, 1323.22, 526.08, 1308.60, 526.08, 1337.84, 526.08, 29.24, 12.37
7.17, 65, white car, 339.54, 525.94, 362.73, 537.79, 351.14, 531.86, 339.54, 531.86, 362.73, 531.86, 23.19, 11.85
7.17, 3, white car, 477.87, 529.95, 510.48, 544.60, 494.17, 537.27, 477.87, 537.27, 510.48, 537.27, 32.60, 14.65
7.17, 59, black car, 134.36, 516.16, 161.01, 528.39, 147.68, 522.27, 134.36, 522.27, 161.01, 522.27, 26.66, 12.22
7.20, 39, white car, 1305.62, 519.89, 1335.00, 532.33, 1320.31, 526.11, 1305.62, 526.11, 1335.00, 526.11, 29.38, 12.44
7.20, 65, white car, 337.23, 525.89, 360.62, 537.82, 348.93, 531.85, 337.23, 531.85, 360.62, 531.85, 23.40, 11.93
7.20, 3, white car, 475.81, 529.80, 508.34, 544.45, 492.08, 537.12, 475.81, 537.12, 508.34, 537.12, 32.52, 14.65
7.20, 59, black car, 132.18, 516.08, 158.77, 528.33, 145.47, 522.20, 132.18, 522.20, 158.77, 522.20, 26.59, 12.26
7.23, 39, white car, 1302.78, 519.95, 1332.22, 532.41, 1317.50, 526.18, 1302.78, 526.18, 1332.22, 526.18, 29.45, 12.46
7.23, 65, white car, 334.52, 525.52, 358.43, 537.72, 346.47, 531.62, 334.52, 531.62, 358.43, 531.62, 23.91, 12.19
7.23, 3, white car, 473.89, 529.89, 505.47, 544.12, 489.68, 537.00, 473.89, 537.00, 505.47, 537.00, 31.58, 14.22
7.23, 59, black car, 129.98, 516.03, 156.43, 528.28, 143.21, 522.15, 129.98, 522.15, 156.43, 522.15, 26.46, 12.25
7.27, 39, white car, 1300.36, 520.05, 1329.53, 532.38, 1314.94, 526.22, 1300.36, 526.22, 1329.53, 526.22, 29.17, 12.33
7.27, 65, white car, 332.16, 525.51, 356.15, 537.76, 344.16, 531.63, 332.16, 531.63, 356.15, 531.63, 23.99, 12.25
7.27, 3, white car, 471.37, 529.69, 503.02, 543.97, 487.19, 536.83, 471.37, 536.83, 503.02, 536.83, 31.65, 14.28
7.27, 59, black car, 128.62, 515.87, 154.64, 528.00, 141.63, 521.93, 128.62, 521.93, 154.64, 521.93, 26.02, 12.13
7.30, 39, white car, 1297.79, 520.06, 1326.67, 532.25, 1312.23, 526.16, 1297.79, 526.16, 1326.67, 526.16, 28.88, 12.18
7.30, 65, white car, 330.27, 525.47, 354.11, 537.63, 342.19, 531.55, 330.27, 531.55, 354.11, 531.55, 23.84, 12.16
7.30, 3, white car, 469.31, 529.64, 500.88, 543.87, 485.09, 536.75, 469.31, 536.75, 500.88, 536.75, 31.57, 14.23
7.30, 59, black car, 127.06, 515.83, 152.55, 527.79, 139.81, 521.81, 127.06, 521.81, 152.55, 521.81, 25.50, 11.96
7.33, 39, white car, 1294.77, 520.15, 1323.33, 532.19, 1309.05, 526.17, 1294.77, 526.17, 1323.33, 526.17, 28.56, 12.05
7.33, 65, white car, 327.99, 525.29, 351.74, 537.40, 339.87, 531.34, 327.99, 531.34, 351.74, 531.34, 23.75, 12.11
7.33, 3, white car, 467.15, 529.56, 498.53, 543.74, 482.84, 536.65, 467.15, 536.65, 498.53, 536.65, 31.38, 14.18
7.33, 59, black car, 124.17, 515.36, 150.12, 527.60, 137.14, 521.48, 124.17, 521.48, 150.12, 521.48, 25.95, 12.23
7.37, 39, white car, 1291.73, 520.12, 1320.56, 532.28, 1306.14, 526.20, 1291.73, 526.20, 1320.56, 526.20, 28.84, 12.17
7.37, 65, white car, 325.54, 525.39, 348.86, 537.32, 337.20, 531.35, 325.54, 531.35, 348.86, 531.35, 23.32, 11.93
7.37, 3, white car, 464.84, 529.44, 496.63, 543.86, 480.74, 536.65, 464.84, 536.65, 496.63, 536.65, 31.79, 14.42
7.37, 59, black car, 121.25, 515.04, 147.26, 527.33, 134.26, 521.19, 121.25, 521.19, 147.26, 521.19, 26.01, 12.29
7.40, 39, white car, 1288.92, 520.02, 1318.08, 532.34, 1303.50, 526.18, 1288.92, 526.18, 1318.08, 526.18, 29.16, 12.32
7.40, 65, white car, 323.41, 525.33, 346.54, 537.17, 334.98, 531.25, 323.41, 531.25, 346.54, 531.25, 23.13, 11.84
7.40, 3, white car, 462.62, 529.20, 494.30, 543.59, 478.46, 536.40, 462.62, 536.40, 494.30, 536.40, 31.68, 14.39
7.40, 59, black car, 118.69, 514.73, 145.02, 527.19, 131.86, 520.96, 118.69, 520.96, 145.02, 520.96, 26.33, 12.45
7.43, 39, white car, 1286.14, 520.29, 1315.27, 532.60, 1300.71, 526.44, 1286.14, 526.44, 1315.27, 526.44, 29.13, 12.32
7.43, 65, white car, 321.14, 525.27, 344.51, 537.23, 332.82, 531.25, 321.14, 531.25, 344.51, 531.25, 23.38, 11.96
7.43, 3, white car, 460.32, 529.05, 491.87, 543.40, 476.09, 536.22, 460.32, 536.22, 491.87, 536.22, 31.55, 14.34
7.43, 59, black car, 116.09, 514.51, 143.23, 527.32, 129.66, 520.92, 116.09, 520.92, 143.23, 520.92, 27.14, 12.81
7.47, 39, white car, 1283.57, 520.43, 1312.21, 532.51, 1297.89, 526.47, 1283.57, 526.47, 1312.21, 526.47, 28.64, 12.08
7.47, 65, white car, 318.87, 525.23, 342.06, 537.08, 330.47, 531.16, 318.87, 531.16, 342.06, 531.16, 23.19, 11.85
7.47, 3, white car, 458.03, 528.96, 489.47, 543.25, 473.75, 536.11, 458.03, 536.11, 489.47, 536.11, 31.43, 14.30
7.47, 59, black car, 114.99, 514.64, 141.28, 527.05, 128.14, 520.84, 114.99, 520.84, 141.28, 520.84, 26.29, 12.41
7.50, 39, white car, 1280.69, 520.57, 1309.34, 532.68, 1295.02, 526.63, 1280.69, 526.63, 1309.34, 526.63, 28.65, 12.12
7.50, 65, white car, 317.04, 525.18, 339.97, 536.92, 328.50, 531.05, 317.04, 531.05, 339.97, 531.05, 22.93, 11.74
7.50, 3, white car, 455.65, 528.89, 486.98, 543.12, 471.32, 536.01, 455.65, 536.01, 486.98, 536.01, 31.33, 14.23
7.50, 59, black car, 112.79, 514.44, 138.95, 526.88, 125.87, 520.66, 112.79, 520.66, 138.95, 520.66, 26.16, 12.44
7.53, 39, white car, 1277.60, 520.89, 1306.64, 533.15, 1292.12, 527.02, 1277.60, 527.02, 1306.64, 527.02, 29.04, 12.26
7.53, 65, white car, 314.96, 525.02, 337.76, 536.70, 326.36, 530.86, 314.96, 530.86, 337.76, 530.86, 22.80, 11.68
7.53, 3, white car, 453.96, 529.11, 484.53, 542.96, 469.24, 536.03, 453.96, 536.03, 484.53, 536.03, 30.58, 13.85
7.53, 59, black car, 109.41, 514.17, 136.32, 526.96, 122.86, 520.57, 109.41, 520.57, 136.32, 520.57, 26.91, 12.79
7.57, 39, white car, 1274.57, 520.96, 1304.07, 533.39, 1289.32, 527.17, 1274.57, 527.17, 1304.07, 527.17, 29.50, 12.43
7.57, 65, white car, 312.15, 524.80, 335.10, 536.56, 323.62, 530.68, 312.15, 530.68, 335.10, 530.68, 22.96, 11.76
7.57, 3, white car, 451.57, 529.03, 482.44, 543.02, 467.01, 536.02, 451.57, 536.02, 482.44, 536.02, 30.87, 13.99
7.57, 59, black car, 106.21, 513.82, 133.88, 526.91, 120.05, 520.36, 106.21, 520.36, 133.88, 520.36, 27.67, 13.08
7.60, 39, white car, 1272.04, 521.21, 1301.27, 533.52, 1286.66, 527.36, 1272.04, 527.36, 1301.27, 527.36, 29.24, 12.31
7.60, 65, white car, 309.76, 524.69, 332.85, 536.52, 321.30, 530.60, 309.76, 530.60, 332.85, 530.60, 23.09, 11.83
7.60, 3, white car, 449.53, 528.94, 480.33, 542.87, 464.93, 535.91, 449.53, 535.91, 480.33, 535.91, 30.79, 13.94
7.60, 59, black car, 103.18, 513.85, 130.34, 526.67, 116.76, 520.26, 103.18, 520.26, 130.34, 520.26, 27.16, 12.82
7.63, 39, white car, 1269.27, 521.35, 1298.54, 533.66, 1283.91, 527.50, 1269.27, 527.50, 1298.54, 527.50, 29.26, 12.31
7.63, 65, white car, 307.36, 524.58, 330.64, 536.51, 319.00, 530.54, 307.36, 530.54, 330.64, 530.54, 23.29, 11.93
7.63, 3, white car, 447.49, 528.92, 477.88, 542.65, 462.69, 535.79, 447.49, 535.79, 477.88, 535.79, 30.39, 13.74
7.63, 59, black car, 101.10, 513.98, 128.24, 526.77, 114.67, 520.37, 101.10, 520.37, 128.24, 520.37, 27.14, 12.79
7.67, 39, white car, 1266.87, 521.52, 1295.85, 533.71, 1281.36, 527.61, 1266.87, 527.61, 1295.85, 527.61, 28.98, 12.18
7.67, 65, white car, 305.18, 524.52, 328.27, 536.34, 316.73, 530.43, 305.18, 530.43, 328.27, 530.43, 23.09, 11.82
7.67, 3, white car, 445.05, 528.66, 475.45, 542.37, 460.25, 535.51, 445.05, 535.51, 475.45, 535.51, 30.39, 13.71
7.67, 59, black car, 99.29, 513.93, 126.52, 526.78, 112.91, 520.36, 99.29, 520.36, 126.52, 520.36, 27.23, 12.86
7.70, 39, white car, 1263.89, 521.64, 1292.76, 533.75, 1278.32, 527.69, 1263.89, 527.69, 1292.76, 527.69, 28.87, 12.11
7.70, 65, white car, 302.94, 524.56, 325.74, 536.21, 314.34, 530.39, 302.94, 530.39, 325.74, 530.39, 22.80, 11.65
7.70, 3, white car, 442.37, 528.40, 473.15, 542.30, 457.76, 535.35, 442.37, 535.35, 473.15, 535.35, 30.78, 13.90
7.70, 59, black car, 97.87, 513.77, 124.56, 526.41, 111.21, 520.09, 97.87, 520.09, 124.56, 520.09, 26.69, 12.64
7.73, 39, white car, 1260.80, 521.56, 1290.41, 533.98, 1275.60, 527.77, 1260.80, 527.77, 1290.41, 527.77, 29.61, 12.42
7.73, 65, white car, 300.97, 524.38, 323.67, 535.95, 312.32, 530.17, 300.97, 530.17, 323.67, 530.17, 22.71, 11.57
7.73, 3, white car, 440.35, 528.40, 471.13, 542.29, 455.74, 535.35, 440.35, 535.35, 471.13, 535.35, 30.78, 13.89
7.73, 59, black car, 94.89, 513.44, 121.71, 526.19, 108.30, 519.81, 94.89, 519.81, 121.71, 519.81, 26.82, 12.75
7.77, 39, white car, 1257.84, 521.56, 1287.68, 534.10, 1272.76, 527.83, 1257.84, 527.83, 1287.68, 527.83, 29.84, 12.54
7.77, 65, white car, 298.64, 524.45, 321.10, 535.88, 309.87, 530.16, 298.64, 530.16, 321.10, 530.16, 22.46, 11.43
7.77, 3, white car, 438.31, 528.42, 468.97, 542.23, 453.64, 535.32, 438.31, 535.32, 468.97, 535.32, 30.66, 13.81
7.77, 59, black car, 93.10, 513.27, 119.90, 526.04, 106.50, 519.66, 93.10, 519.66, 119.90, 519.66, 26.80, 12.76
7.80, 39, white car, 1255.03, 521.33, 1285.05, 533.97, 1270.04, 527.65, 1255.03, 527.65, 1285.05, 527.65, 30.02, 12.64
7.80, 65, white car, 296.11, 524.36, 318.50, 535.77, 307.30, 530.06, 296.11, 530.06, 318.50, 530.06, 22.39, 11.41
7.80, 3, white car, 435.97, 528.23, 466.70, 542.05, 451.34, 535.14, 435.97, 535.14, 466.70, 535.14, 30.73, 13.82
7.80, 59, black car, 90.12, 513.16, 116.92, 525.94, 103.52, 519.55, 90.12, 519.55, 116.92, 519.55, 26.80, 12.78
7.83, 39, white car, 1252.49, 521.49, 1281.65, 533.82, 1267.07, 527.66, 1252.49, 527.66, 1281.65, 527.66, 29.15, 12.33
7.83, 65, white car, 293.80, 524.36, 316.34, 535.88, 305.07, 530.12, 293.80, 530.12, 316.34, 530.12, 22.54, 11.52
7.83, 3, white car, 433.75, 528.20, 464.44, 541.98, 449.10, 535.09, 433.75, 535.09, 464.44, 535.09, 30.68, 13.78
7.83, 59, black car, 87.35, 513.05, 114.35, 525.88, 100.85, 519.46, 87.35, 519.46, 114.35, 519.46, 27.00, 12.83
7.87, 39, white car, 1249.73, 521.68, 1278.77, 533.97, 1264.25, 527.83, 1249.73, 527.83, 1278.77, 527.83, 29.03, 12.29
7.87, 65, white car, 291.57, 524.33, 314.09, 535.84, 302.83, 530.08, 291.57, 530.08, 314.09, 530.08, 22.52, 11.51
7.87, 3, white car, 431.23, 528.18, 462.17, 542.08, 446.70, 535.13, 431.23, 535.13, 462.17, 535.13, 30.94, 13.90
7.87, 59, black car, 86.29, 512.93, 113.51, 525.82, 99.90, 519.38, 86.29, 519.38, 113.51, 519.38, 27.22, 12.90
7.90, 39, white car, 1246.76, 521.57, 1276.28, 534.10, 1261.52, 527.83, 1246.76, 527.83, 1276.28, 527.83, 29.51, 12.53
7.90, 65, white car, 289.51, 524.36, 311.94, 535.80, 300.72, 530.08, 289.51, 530.08, 311.94, 530.08, 22.43, 11.44
7.90, 3, white car, 428.59, 527.84, 460.05, 542.01, 444.32, 534.92, 428.59, 534.92, 460.05, 534.92, 31.46, 14.18
7.90, 59, black car, 83.99, 512.78, 111.75, 525.91, 97.87, 519.35, 83.99, 519.35, 111.75, 519.35, 27.77, 13.13
7.93, 39, white car, 1244.28, 521.70, 1273.70, 534.20, 1258.99, 527.95, 1244.28, 527.95, 1273.70, 527.95, 29.42, 12.50
7.93, 65, white car, 287.45, 524.33, 309.60, 535.60, 298.53, 529.97, 287.45, 529.97, 309.60, 529.97, 22.16, 11.27
7.93, 3, white car, 426.56, 527.84, 457.93, 541.96, 442.25, 534.90, 426.56, 534.90, 457.93, 534.90, 31.37, 14.13
7.93, 59, black car, 79.74, 512.76, 107.26, 525.78, 93.50, 519.27, 79.74, 519.27, 107.26, 519.27, 27.52, 13.01
7.97, 39, white car, 1241.52, 521.76, 1270.81, 534.19, 1256.16, 527.97, 1241.52, 527.97, 1270.81, 527.97, 29.29, 12.44
7.97, 65, white car, 285.24, 524.34, 307.22, 535.47, 296.23, 529.90, 285.24, 529.90, 307.22, 529.90, 21.99, 11.13
7.97, 3, white car, 424.66, 527.99, 455.39, 541.78, 440.02, 534.89, 424.66, 534.89, 455.39, 534.89, 30.73, 13.79
7.97, 59, black car, 77.06, 512.45, 104.80, 525.56, 90.93, 519.00, 77.06, 519.00, 104.80, 519.00, 27.74, 13.11
8.00, 39, white car, 1238.70, 521.86, 1268.24, 534.45, 1253.47, 528.15, 1238.70, 528.15, 1268.24, 528.15, 29.54, 12.59
8.00, 65, white car, 283.01, 524.27, 304.87, 535.31, 293.94, 529.79, 283.01, 529.79, 304.87, 529.79, 21.86, 11.04
8.00, 3, white car, 422.43, 527.91, 453.14, 541.67, 437.78, 534.79, 422.43, 534.79, 453.14, 534.79, 30.70, 13.76
8.00, 59, black car, 74.79, 512.53, 102.38, 525.57, 88.59, 519.05, 74.79, 519.05, 102.38, 519.05, 27.59, 13.04
8.03, 39, white car, 1235.61, 521.94, 1265.47, 534.71, 1250.54, 528.32, 1235.61, 528.32, 1265.47, 528.32, 29.86, 12.77
8.03, 65, white car, 280.35, 524.12, 302.54, 535.31, 291.45, 529.71, 280.35, 529.71, 302.54, 529.71, 22.19, 11.18
8.03, 3, white car, 420.45, 527.99, 450.62, 541.47, 435.53, 534.73, 420.45, 534.73, 450.62, 534.73, 30.18, 13.48
8.03, 59, black car, 73.29, 512.68, 100.44, 525.52, 86.86, 519.10, 73.29, 519.10, 100.44, 519.10, 27.15, 12.84
8.07, 39, white car, 1232.32, 521.93, 1262.93, 535.06, 1247.63, 528.50, 1232.32, 528.50, 1262.93, 528.50, 30.61, 13.13
8.07, 65, white car, 278.00, 523.92, 300.51, 535.23, 289.26, 529.57, 278.00, 529.57, 300.51, 529.57, 22.51, 11.32
8.07, 3, white car, 417.71, 527.94, 448.15, 541.53, 432.93, 534.73, 417.71, 534.73, 448.15, 534.73, 30.44, 13.59
8.07, 59, black car, 71.21, 512.45, 98.78, 525.51, 85.00, 518.98, 71.21, 518.98, 98.78, 518.98, 27.57, 13.07
8.10, 39, white car, 1229.45, 522.22, 1260.02, 535.35, 1244.73, 528.78, 1229.45, 528.78, 1260.02, 528.78, 30.56, 13.13
8.10, 65, white car, 275.94, 523.86, 298.65, 535.24, 287.30, 529.55, 275.94, 529.55, 298.65, 529.55, 22.70, 11.38
8.10, 3, white car, 415.15, 527.75, 446.08, 541.59, 430.61, 534.67, 415.15, 534.67, 446.08, 534.67, 30.93, 13.84
8.10, 59, black car, 69.01, 512.35, 96.80, 525.54, 82.90, 518.95, 69.01, 518.95, 96.80, 518.95, 27.79, 13.19
8.13, 39, white car, 1226.70, 522.17, 1257.31, 535.36, 1242.00, 528.76, 1226.70, 528.76, 1257.31, 528.76, 30.61, 13.19
8.13, 65, white car, 273.82, 523.72, 296.10, 534.87, 284.96, 529.29, 273.82, 529.29, 296.10, 529.29, 22.27, 11.15
8.13, 3, white car, 412.99, 527.60, 444.17, 541.55, 428.58, 534.57, 412.99, 534.57, 444.17, 534.57, 31.18, 13.95
8.13, 59, black car, 67.42, 512.49, 94.60, 525.45, 81.01, 518.97, 67.42, 518.97, 94.60, 518.97, 27.18, 12.96
8.17, 39, white car, 1224.24, 522.53, 1254.45, 535.60, 1239.34, 529.06, 1224.24, 529.06, 1254.45, 529.06, 30.20, 13.07
8.17, 65, white car, 270.89, 523.43, 293.47, 534.69, 282.18, 529.06, 270.89, 529.06, 293.47, 529.06, 22.58, 11.26
8.17, 3, white car, 411.24, 527.59, 442.19, 541.41, 426.71, 534.50, 411.24, 534.50, 442.19, 534.50, 30.95, 13.81
8.17, 59, black car, 65.08, 512.27, 92.39, 525.29, 78.73, 518.78, 65.08, 518.78, 92.39, 518.78, 27.32, 13.02
8.20, 39, white car, 1221.79, 522.81, 1251.54, 535.69, 1236.67, 529.25, 1221.79, 529.25, 1251.54, 529.25, 29.75, 12.88
8.20, 65, white car, 268.04, 523.12, 291.51, 534.80, 279.78, 528.96, 268.04, 528.96, 291.51, 528.96, 23.47, 11.68
8.20, 3, white car, 409.02, 527.56, 439.80, 541.28, 424.41, 534.42, 409.02, 534.42, 439.80, 534.42, 30.78, 13.72
8.20, 59, black car, 63.02, 512.26, 90.02, 525.12, 76.52, 518.69, 63.02, 518.69, 90.02, 518.69, 27.00, 12.85
8.23, 39, white car, 1219.16, 522.91, 1248.98, 535.85, 1234.07, 529.38, 1219.16, 529.38, 1248.98, 529.38, 29.81, 12.94
8.23, 65, white car, 265.70, 523.18, 289.12, 534.86, 277.41, 529.02, 265.70, 529.02, 289.12, 529.02, 23.42, 11.69
8.23, 3, white car, 406.76, 527.39, 437.77, 541.21, 422.26, 534.30, 406.76, 534.30, 437.77, 534.30, 31.01, 13.82
8.23, 59, black car, 60.95, 512.30, 87.55, 524.97, 74.25, 518.63, 60.95, 518.63, 87.55, 518.63, 26.59, 12.66
8.27, 39, white car, 1216.22, 522.87, 1246.21, 535.92, 1231.21, 529.39, 1216.22, 529.39, 1246.21, 529.39, 29.99, 13.05
8.27, 65, white car, 263.60, 523.25, 286.90, 534.87, 275.25, 529.06, 263.60, 529.06, 286.90, 529.06, 23.30, 11.62
8.27, 3, white car, 404.57, 527.27, 435.56, 541.08, 420.06, 534.17, 404.57, 534.17, 435.56, 534.17, 30.99, 13.81
8.27, 59, black car, 58.94, 512.26, 85.66, 525.00, 72.30, 518.63, 58.94, 518.63, 85.66, 518.63, 26.71, 12.74
8.30, 39, white car, 1213.26, 522.75, 1243.17, 535.80, 1228.22, 529.27, 1213.26, 529.27, 1243.17, 529.27, 29.91, 13.05
8.30, 65, white car, 261.79, 523.29, 284.38, 534.55, 273.09, 528.92, 261.79, 528.92, 284.38, 528.92, 22.59, 11.26
8.30, 3, white car, 401.91, 527.02, 433.14, 540.94, 417.52, 533.98, 401.91, 533.98, 433.14, 533.98, 31.22, 13.92
8.30, 59, black car, 55.55, 511.97, 83.01, 525.07, 69.28, 518.52, 55.55, 518.52, 83.01, 518.52, 27.46, 13.10
8.33, 39, white car, 1210.66, 522.89, 1240.16, 535.82, 1225.41, 529.35, 1210.66, 529.35, 1240.16, 529.35, 29.50, 12.93
8.33, 65, white car, 259.25, 523.02, 281.92, 534.31, 270.58, 528.67, 259.25, 528.67, 281.92, 528.67, 22.66, 11.30
8.33, 3, white car, 399.51, 526.97, 430.83, 540.96, 415.17, 533.97, 399.51, 533.97, 430.83, 533.97, 31.33, 13.99
8.33, 59, black car, 52.92, 511.89, 80.47, 524.99, 66.70, 518.44, 52.92, 518.44, 80.47, 518.44, 27.55, 13.10
8.37, 39, white car, 1207.79, 523.15, 1237.44, 536.15, 1222.61, 529.65, 1207.79, 529.65, 1237.44, 529.65, 29.65, 13.00
8.37, 65, white car, 256.94, 522.93, 279.72, 534.31, 268.33, 528.62, 256.94, 528.62, 279.72, 528.62, 22.78, 11.38
8.37, 3, white car, 397.37, 527.04, 428.72, 541.06, 413.05, 534.05, 397.37, 534.05, 428.72, 534.05, 31.35, 14.02
8.37, 59, black car, 50.42, 511.64, 78.17, 524.79, 64.30, 518.22, 50.42, 518.22, 78.17, 518.22, 27.75, 13.15
8.40, 39, white car, 1204.95, 523.18, 1234.88, 536.34, 1219.91, 529.76, 1204.95, 529.76, 1234.88, 529.76, 29.92, 13.15
8.40, 65, white car, 255.03, 522.80, 277.53, 534.06, 266.28, 528.43, 255.03, 528.43, 277.53, 528.43, 22.50, 11.26
8.40, 3, white car, 395.40, 526.93, 426.53, 540.86, 410.97, 533.89, 395.40, 533.89, 426.53, 533.89, 31.13, 13.92
8.40, 59, black car, 48.22, 511.42, 75.35, 524.28, 61.78, 517.85, 48.22, 517.85, 75.35, 517.85, 27.13, 12.86
8.43, 39, white car, 1202.06, 523.14, 1231.96, 536.29, 1217.01, 529.71, 1202.06, 529.71, 1231.96, 529.71, 29.91, 13.15
8.43, 65, white car, 252.56, 522.68, 275.13, 534.01, 263.84, 528.35, 252.56, 528.35, 275.13, 528.35, 22.56, 11.33
8.43, 3, white car, 393.20, 526.90, 424.02, 540.70, 408.61, 533.80, 393.20, 533.80, 424.02, 533.80, 30.82, 13.80
8.43, 59, black car, 46.12, 511.38, 73.06, 524.13, 59.59, 517.76, 46.12, 517.76, 73.06, 517.76, 26.94, 12.75
8.47, 39, white car, 1199.11, 523.16, 1229.03, 536.33, 1214.07, 529.74, 1199.11, 529.74, 1229.03, 529.74, 29.92, 13.17
8.47, 65, white car, 250.04, 522.52, 272.78, 533.94, 261.41, 528.23, 250.04, 528.23, 272.78, 528.23, 22.74, 11.42
8.47, 3, white car, 390.99, 526.77, 421.50, 540.43, 406.24, 533.60, 390.99, 533.60, 421.50, 533.60, 30.51, 13.66
8.47, 59, black car, 44.29, 511.21, 71.20, 523.91, 57.74, 517.56, 44.29, 517.56, 71.20, 517.56, 26.91, 12.71
8.50, 39, white car, 1196.68, 523.23, 1226.50, 536.39, 1211.59, 529.81, 1196.68, 529.81, 1226.50, 529.81, 29.82, 13.17
8.50, 65, white car, 247.89, 522.37, 270.83, 533.94, 259.36, 528.16, 247.89, 528.16, 270.83, 528.16, 22.94, 11.57
8.50, 3, white car, 388.87, 526.62, 419.63, 540.40, 404.25, 533.51, 388.87, 533.51, 419.63, 533.51, 30.76, 13.78
8.50, 59, black car, 42.04, 511.19, 68.74, 523.79, 55.39, 517.49, 42.04, 517.49, 68.74, 517.49, 26.70, 12.59
8.53, 39, white car, 1194.03, 523.41, 1223.53, 536.43, 1208.78, 529.92, 1194.03, 529.92, 1223.53, 529.92, 29.50, 13.02
8.53, 65, white car, 245.57, 522.02, 268.77, 533.78, 257.17, 527.90, 245.57, 527.90, 268.77, 527.90, 23.20, 11.75
8.53, 3, white car, 386.72, 526.51, 417.28, 540.20, 402.00, 533.35, 386.72, 533.35, 417.28, 533.35, 30.56, 13.69
8.53, 59, black car, 39.86, 511.34, 66.80, 524.06, 53.33, 517.70, 39.86, 517.70, 66.80, 517.70, 26.94, 12.72
8.57, 39, white car, 1191.53, 523.69, 1220.66, 536.56, 1206.10, 530.12, 1191.53, 530.12, 1220.66, 530.12, 29.13, 12.87
8.57, 65, white car, 243.24, 521.99, 266.51, 533.82, 254.88, 527.91, 243.24, 527.91, 266.51, 527.91, 23.28, 11.83
8.57, 3, white car, 384.33, 526.49, 414.95, 540.20, 399.64, 533.34, 384.33, 533.34, 414.95, 533.34, 30.62, 13.71
8.57, 59, black car, 37.29, 511.20, 64.68, 524.11, 50.99, 517.66, 37.29, 517.66, 64.68, 517.66, 27.39, 12.91
8.60, 39, white car, 1188.64, 523.73, 1217.69, 536.56, 1203.16, 530.15, 1188.64, 530.15, 1217.69, 530.15, 29.05, 12.83
8.60, 65, white car, 241.00, 521.96, 264.31, 533.86, 252.65, 527.91, 241.00, 527.91, 264.31, 527.91, 23.32, 11.89
8.60, 3, white car, 382.11, 526.27, 413.06, 540.14, 397.58, 533.20, 382.11, 533.20, 413.06, 533.20, 30.95, 13.87
8.60, 59, black car, 34.66, 510.94, 62.68, 524.12, 48.67, 517.53, 34.66, 517.53, 62.68, 517.53, 28.02, 13.19
8.63, 39, white car, 1185.39, 523.86, 1214.95, 536.92, 1200.17, 530.39, 1185.39, 530.39, 1214.95, 530.39, 29.55, 13.06
8.63, 65, white car, 238.80, 521.79, 262.23, 533.78, 250.51, 527.78, 238.80, 527.78, 262.23, 527.78, 23.43, 11.98
8.63, 3, white car, 379.89, 526.21, 410.85, 540.11, 395.37, 533.16, 379.89, 533.16, 410.85, 533.16, 30.96, 13.90
8.63, 59, black car, 32.44, 510.81, 60.62, 524.07, 46.53, 517.44, 32.44, 517.44, 60.62, 517.44, 28.18, 13.26
8.67, 39, white car, 1182.75, 524.05, 1211.99, 537.00, 1197.37, 530.53, 1182.75, 530.53, 1211.99, 530.53, 29.24, 12.95
8.67, 65, white car, 236.56, 521.61, 260.04, 533.64, 248.30, 527.62, 236.56, 527.62, 260.04, 527.62, 23.47, 12.03
8.67, 3, white car, 377.75, 526.21, 408.32, 539.94, 393.03, 533.07, 377.75, 533.07, 408.32, 533.07, 30.57, 13.73
8.67, 59, black car, 30.33, 510.45, 58.52, 523.74, 44.42, 517.10, 30.33, 517.10, 58.52, 517.10, 28.19, 13.29
8.70, 39, white car, 1180.23, 524.15, 1209.46, 537.09, 1194.84, 530.62, 1180.23, 530.62, 1209.46, 530.62, 29.24, 12.94
8.70, 65, white car, 234.40, 521.44, 257.55, 533.35, 245.97, 527.40, 234.40, 527.40, 257.55, 527.40, 23.15, 11.91
8.70, 3, white car, 375.47, 526.09, 405.91, 539.76, 390.69, 532.93, 375.47, 532.93, 405.91, 532.93, 30.44, 13.66
8.70, 59, black car, 27.81, 510.12, 55.54, 523.28, 41.68, 516.70, 27.81, 516.70, 55.54, 516.70, 27.72, 13.16
8.73, 39, white car, 1177.45, 524.46, 1206.73, 537.44, 1192.09, 530.95, 1177.45, 530.95, 1206.73, 530.95, 29.27, 12.98
8.73, 65, white car, 232.09, 521.44, 255.14, 533.34, 243.61, 527.39, 232.09, 527.39, 255.14, 527.39, 23.05, 11.90
8.73, 3, white car, 373.43, 526.09, 403.92, 539.78, 388.67, 532.93, 373.43, 532.93, 403.92, 532.93, 30.49, 13.69
8.73, 59, black car, 24.17, 509.11, 53.80, 523.31, 38.99, 516.21, 24.17, 516.21, 53.80, 516.21, 29.63, 14.20
8.77, 39, white car, 1174.50, 524.44, 1203.91, 537.50, 1189.21, 530.97, 1174.50, 530.97, 1203.91, 530.97, 29.41, 13.06
8.77, 65, white car, 229.75, 521.46, 252.88, 533.40, 241.31, 527.43, 229.75, 527.43, 252.88, 527.43, 23.13, 11.94
8.77, 3, white car, 371.31, 526.06, 401.87, 539.77, 386.59, 532.91, 371.31, 532.91, 401.87, 532.91, 30.56, 13.71
8.77, 59, black car, 21.87, 508.68, 52.14, 523.31, 37.01, 516.00, 21.87, 516.00, 52.14, 516.00, 30.27, 14.63
8.80, 39, white car, 1171.91, 524.50, 1201.37, 537.59, 1186.64, 531.04, 1171.91, 531.04, 1201.37, 531.04, 29.46, 13.09
8.80, 65, white car, 227.84, 521.46, 250.74, 533.28, 239.29, 527.37, 227.84, 527.37, 250.74, 527.37, 22.90, 11.82
8.80, 3, white car, 368.99, 526.02, 399.33, 539.59, 384.16, 532.80, 368.99, 532.80, 399.33, 532.80, 30.35, 13.57
8.83, 39, white car, 1169.46, 524.64, 1198.60, 537.63, 1184.03, 531.14, 1169.46, 531.14, 1198.60, 531.14, 29.14, 12.98
8.83, 65, white car, 225.44, 521.56, 248.14, 533.26, 236.79, 527.41, 225.44, 527.41, 248.14, 527.41, 22.70, 11.69
8.83, 3, white car, 366.58, 525.91, 397.11, 539.55, 381.84, 532.73, 366.58, 532.73, 397.11, 532.73, 30.52, 13.64
8.83, 59, black car, 19.56, 509.57, 47.65, 523.18, 33.61, 516.37, 19.56, 516.37, 47.65, 516.37, 28.09, 13.61
8.87, 39, white car, 1166.63, 524.55, 1195.70, 537.53, 1181.17, 531.04, 1166.63, 531.04, 1195.70, 531.04, 29.07, 12.99
8.87, 65, white car, 222.78, 521.30, 246.07, 533.31, 234.43, 527.30, 222.78, 527.30, 246.07, 527.30, 23.29, 12.01
8.87, 3, white car, 364.54, 525.94, 394.62, 539.36, 379.58, 532.65, 364.54, 532.65, 394.62, 532.65, 30.09, 13.43
8.87, 59, black car, 17.92, 509.98, 45.00, 523.11, 31.46, 516.54, 17.92, 516.54, 45.00, 516.54, 27.08, 13.13
8.90, 39, white car, 1163.99, 524.82, 1192.99, 537.81, 1178.49, 531.31, 1163.99, 531.31, 1192.99, 531.31, 29.00, 12.98
8.90, 65, white car, 220.57, 521.11, 244.12, 533.27, 232.34, 527.19, 220.57, 527.19, 244.12, 527.19, 23.54, 12.15
8.90, 3, white car, 362.32, 525.93, 392.16, 539.21, 377.24, 532.57, 362.32, 532.57, 392.16, 532.57, 29.84, 13.29
8.90, 59, black car, 15.90, 510.15, 42.34, 522.97, 29.12, 516.56, 15.90, 516.56, 42.34, 516.56, 26.44, 12.83
8.93, 39, white car, 1160.94, 524.71, 1189.89, 537.69, 1175.42, 531.20, 1160.94, 531.20, 1189.89, 531.20, 28.95, 12.97
8.93, 65, white car, 217.92, 521.02, 241.69, 533.32, 229.81, 527.17, 217.92, 527.17, 241.69, 527.17, 23.78, 12.29
8.93, 3, white car, 359.57, 525.71, 389.96, 539.25, 374.77, 532.48, 359.57, 532.48, 389.96, 532.48, 30.39, 13.54
8.93, 59, black car, 13.20, 510.09, 39.97, 523.19, 26.59, 516.64, 13.20, 516.64, 39.97, 516.64, 26.77, 13.10
8.97, 39, white car, 1158.04, 524.88, 1187.08, 537.90, 1172.56, 531.39, 1158.04, 531.39, 1187.08, 531.39, 29.04, 13.03
8.97, 3, white car, 357.17, 525.57, 387.89, 539.26, 372.53, 532.42, 357.17, 532.42, 387.89, 532.42, 30.73, 13.69
8.97, 59, black car, 9.95, 509.46, 37.51, 522.99, 23.73, 516.23, 9.95, 516.23, 37.51, 516.23, 27.56, 13.53
9.00, 39, white car, 1155.51, 524.98, 1184.33, 537.93, 1169.92, 531.46, 1155.51, 531.46, 1184.33, 531.46, 28.82, 12.96
9.00, 3, white car, 354.78, 525.41, 386.08, 539.37, 370.43, 532.39, 354.78, 532.39, 386.08, 532.39, 31.31, 13.96
9.00, 59, black car, 7.64, 509.12, 35.73, 522.93, 21.69, 516.02, 7.64, 516.02, 35.73, 516.02, 28.09, 13.81
9.03, 39, white car, 1152.96, 525.00, 1181.60, 537.88, 1167.28, 531.44, 1152.96, 531.44, 1181.60, 531.44, 28.63, 12.89
9.03, 3, white car, 352.47, 525.30, 384.11, 539.45, 368.29, 532.38, 352.47, 532.38, 384.11, 532.38, 31.63, 14.14
9.03, 59, black car, 5.72, 508.83, 34.03, 522.79, 19.88, 515.81, 5.72, 515.81, 34.03, 515.81, 28.31, 13.96
9.07, 39, white car, 1150.21, 525.21, 1178.91, 538.15, 1164.56, 531.68, 1150.21, 531.68, 1178.91, 531.68, 28.71, 12.94
9.07, 3, white car, 350.44, 525.21, 381.96, 539.35, 366.20, 532.28, 350.44, 532.28, 381.96, 532.28, 31.52, 14.13
9.07, 59, black car, 2.77, 508.54, 31.08, 522.52, 16.93, 515.53, 2.77, 515.53, 31.08, 515.53, 28.32, 13.98
9.07, 65, white car, 209.77, 520.55, 232.36, 532.25, 221.07, 526.40, 209.77, 526.40, 232.36, 526.40, 22.59, 11.69
9.10, 39, white car, 1146.90, 525.33, 1175.50, 538.23, 1161.20, 531.78, 1146.90, 531.78, 1175.50, 531.78, 28.60, 12.90
9.10, 3, white car, 347.99, 525.12, 379.26, 539.16, 363.63, 532.14, 347.99, 532.14, 379.26, 532.14, 31.27, 14.04
9.10, 65, white car, 207.86, 520.52, 230.40, 532.15, 219.13, 526.34, 207.86, 526.34, 230.40, 526.34, 22.55, 11.64
9.13, 39, white car, 1144.18, 525.74, 1172.34, 538.42, 1158.26, 532.08, 1144.18, 532.08, 1172.34, 532.08, 28.16, 12.67
9.13, 3, white car, 345.88, 524.99, 377.08, 539.00, 361.48, 532.00, 345.88, 532.00, 377.08, 532.00, 31.20, 14.01
9.13, 65, white car, 205.18, 520.28, 228.57, 532.30, 216.87, 526.29, 205.18, 526.29, 228.57, 526.29, 23.39, 12.03
9.13, 59, black car, 0.00, 508.84, 26.98, 522.49, 13.49, 515.66, 0.00, 515.66, 26.98, 515.66, 26.98, 13.65
9.17, 39, white car, 1141.63, 525.92, 1169.50, 538.48, 1155.56, 532.20, 1141.63, 532.20, 1169.50, 532.20, 27.88, 12.56
9.17, 3, white car, 343.69, 524.71, 374.97, 538.77, 359.33, 531.74, 343.69, 531.74, 374.97, 531.74, 31.28, 14.06
9.17, 65, white car, 202.81, 520.27, 226.13, 532.26, 214.47, 526.26, 202.81, 526.26, 226.13, 526.26, 23.32, 11.99
9.17, 59, black car, 0.00, 509.05, 24.74, 522.48, 12.37, 515.76, 0.00, 515.76, 24.74, 515.76, 24.74, 13.44
9.20, 39, white car, 1139.00, 525.92, 1166.89, 538.46, 1152.94, 532.19, 1139.00, 532.19, 1166.89, 532.19, 27.90, 12.54
9.20, 3, white car, 341.48, 524.56, 372.98, 538.74, 357.23, 531.65, 341.48, 531.65, 372.98, 531.65, 31.49, 14.18
9.20, 65, white car, 200.65, 520.26, 224.07, 532.28, 212.36, 526.27, 200.65, 526.27, 224.07, 526.27, 23.42, 12.02
9.23, 39, white car, 1136.22, 525.88, 1164.54, 538.62, 1150.38, 532.25, 1136.22, 532.25, 1164.54, 532.25, 28.32, 12.74
9.23, 3, white car, 339.47, 524.63, 370.28, 538.50, 354.88, 531.56, 339.47, 531.56, 370.28, 531.56, 30.81, 13.87
9.23, 65, white car, 198.32, 520.26, 221.71, 532.27, 210.02, 526.27, 198.32, 526.27, 221.71, 526.27, 23.39, 12.00
9.27, 39, white car, 1133.40, 525.99, 1161.53, 538.64, 1147.47, 532.31, 1133.40, 532.31, 1161.53, 532.31, 28.14, 12.65
9.27, 3, white car, 337.17, 524.39, 368.04, 538.29, 352.61, 531.34, 337.17, 531.34, 368.04, 531.34, 30.88, 13.90
9.27, 65, white car, 196.00, 520.22, 219.34, 532.22, 207.67, 526.22, 196.00, 526.22, 219.34, 526.22, 23.34, 12.00
9.27, 59, black car, 0.00, 508.62, 20.80, 522.37, 10.40, 515.49, 0.00, 515.49, 20.80, 515.49, 20.80, 13.75
9.30, 39, white car, 1130.65, 526.25, 1158.69, 538.85, 1144.67, 532.55, 1130.65, 532.55, 1158.69, 532.55, 28.05, 12.59
9.30, 3, white car, 334.58, 524.16, 365.54, 538.13, 350.06, 531.14, 334.58, 531.14, 365.54, 531.14, 30.96, 13.96
9.30, 65, white car, 193.98, 520.08, 217.29, 532.07, 205.64, 526.07, 193.98, 526.07, 217.29, 526.07, 23.30, 11.99
9.30, 59, black car, 0.00, 507.84, 19.58, 522.13, 9.79, 514.98, 0.00, 514.98, 19.58, 514.98, 19.58, 14.29
9.33, 39, white car, 1128.13, 526.17, 1156.21, 538.79, 1142.17, 532.48, 1128.13, 532.48, 1156.21, 532.48, 28.08, 12.62
9.33, 3, white car, 332.45, 524.21, 363.03, 538.00, 347.74, 531.11, 332.45, 531.11, 363.03, 531.11, 30.58, 13.79
9.33, 65, white car, 191.80, 520.09, 215.07, 532.06, 203.43, 526.07, 191.80, 526.07, 215.07, 526.07, 23.27, 11.96
9.33, 59, black car, 0.00, 507.51, 18.20, 521.98, 9.10, 514.74, 0.00, 514.74, 18.20, 514.74, 18.20, 14.47
9.37, 39, white car, 1125.19, 526.15, 1153.76, 539.02, 1139.48, 532.58, 1125.19, 532.58, 1153.76, 532.58, 28.57, 12.87
9.37, 3, white car, 330.20, 524.25, 360.93, 538.12, 345.57, 531.19, 330.20, 531.19, 360.93, 531.19, 30.73, 13.87
9.37, 65, white car, 189.42, 519.94, 212.87, 531.99, 201.14, 525.97, 189.42, 525.97, 212.87, 525.97, 23.45, 12.05
9.37, 59, black car, 0.00, 507.00, 16.59, 521.57, 8.29, 514.29, 0.00, 514.29, 16.59, 514.29, 16.59, 14.57
9.40, 39, white car, 1122.32, 526.28, 1150.99, 539.19, 1136.66, 532.73, 1122.32, 532.73, 1150.99, 532.73, 28.67, 12.92
9.40, 3, white car, 328.19, 524.19, 359.01, 538.10, 343.60, 531.14, 328.19, 531.14, 359.01, 531.14, 30.82, 13.91
9.43, 39, white car, 1119.49, 526.49, 1148.05, 539.33, 1133.77, 532.91, 1119.49, 532.91, 1148.05, 532.91, 28.56, 12.83
9.43, 3, white car, 326.50, 524.23, 356.90, 537.91, 341.70, 531.07, 326.50, 531.07, 356.90, 531.07, 30.40, 13.69
9.47, 39, white car, 1116.70, 526.54, 1145.36, 539.39, 1131.03, 532.97, 1116.70, 532.97, 1145.36, 532.97, 28.66, 12.85
9.47, 3, white car, 324.59, 524.36, 354.51, 537.78, 339.55, 531.07, 324.59, 531.07, 354.51, 531.07, 29.92, 13.42
9.47, 65, white car, 182.50, 519.45, 205.77, 531.41, 194.14, 525.43, 182.50, 525.43, 205.77, 525.43, 23.27, 11.96
9.50, 39, white car, 1113.99, 526.45, 1143.00, 539.46, 1128.50, 532.96, 1113.99, 532.96, 1143.00, 532.96, 29.01, 13.01
9.50, 3, white car, 322.32, 524.21, 352.30, 537.63, 337.31, 530.92, 322.32, 530.92, 352.30, 530.92, 29.97, 13.42
9.50, 65, white car, 180.52, 519.31, 203.66, 531.20, 192.09, 525.25, 180.52, 525.25, 203.66, 525.25, 23.14, 11.89
9.53, 39, white car, 1111.44, 526.46, 1140.27, 539.42, 1125.86, 532.94, 1111.44, 532.94, 1140.27, 532.94, 28.83, 12.97
9.53, 3, white car, 319.88, 524.11, 349.82, 537.49, 334.85, 530.80, 319.88, 530.80, 349.82, 530.80, 29.94, 13.38
9.53, 65, white car, 178.25, 519.23, 201.31, 531.07, 189.78, 525.15, 178.25, 525.15, 201.31, 525.15, 23.06, 11.84
9.57, 39, white car, 1108.52, 526.54, 1137.39, 539.54, 1122.96, 533.04, 1108.52, 533.04, 1137.39, 533.04, 28.87, 13.00
9.57, 3, white car, 317.80, 524.12, 347.46, 537.38, 332.63, 530.75, 317.80, 530.75, 347.46, 530.75, 29.66, 13.25
9.57, 65, white car, 175.83, 519.11, 199.05, 531.01, 187.44, 525.06, 175.83, 525.06, 199.05, 525.06, 23.22, 11.90
9.60, 39, white car, 1105.77, 526.74, 1134.46, 539.65, 1120.11, 533.20, 1105.77, 533.20, 1134.46, 533.20, 28.68, 12.92
9.60, 3, white car, 315.79, 523.97, 345.35, 537.17, 330.57, 530.57, 315.79, 530.57, 345.35, 530.57, 29.57, 13.20
9.60, 65, white car, 174.14, 519.22, 196.96, 530.87, 185.55, 525.05, 174.14, 525.05, 196.96, 525.05, 22.82, 11.66
9.63, 39, white car, 1102.98, 527.00, 1131.39, 539.78, 1117.19, 533.39, 1102.98, 533.39, 1131.39, 533.39, 28.41, 12.78
9.63, 3, white car, 313.75, 523.92, 343.16, 537.01, 328.46, 530.47, 313.75, 530.47, 343.16, 530.47, 29.41, 13.09
9.63, 65, white car, 171.68, 519.16, 194.60, 530.82, 183.14, 524.99, 171.68, 524.99, 194.60, 524.99, 22.92, 11.66
9.67, 39, white car, 1100.25, 527.13, 1128.62, 539.87, 1114.43, 533.50, 1100.25, 533.50, 1128.62, 533.50, 28.36, 12.74
9.67, 3, white car, 311.22, 523.82, 340.96, 537.04, 326.09, 530.43, 311.22, 530.43, 340.96, 530.43, 29.74, 13.23
9.67, 65, white car, 169.48, 519.14, 192.26, 530.68, 180.87, 524.91, 169.48, 524.91, 192.26, 524.91, 22.79, 11.54
9.70, 39, white car, 1097.44, 527.02, 1126.15, 539.95, 1111.80, 533.48, 1097.44, 533.48, 1126.15, 533.48, 28.71, 12.93
9.70, 3, white car, 308.78, 523.57, 338.59, 536.82, 323.68, 530.20, 308.78, 530.20, 338.59, 530.20, 29.81, 13.25
9.70, 65, white car, 167.34, 519.29, 189.50, 530.49, 178.42, 524.89, 167.34, 524.89, 189.50, 524.89, 22.16, 11.20
9.73, 39, white car, 1094.23, 527.13, 1123.28, 540.24, 1108.76, 533.69, 1094.23, 533.69, 1123.28, 533.69, 29.05, 13.11
9.73, 3, white car, 306.17, 523.44, 335.92, 536.65, 321.04, 530.05, 306.17, 530.05, 335.92, 530.05, 29.76, 13.21
9.73, 65, white car, 164.98, 519.22, 187.31, 530.47, 176.14, 524.84, 164.98, 524.84, 187.31, 524.84, 22.33, 11.25
9.77, 39, white car, 1091.44, 527.29, 1120.28, 540.34, 1105.86, 533.82, 1091.44, 533.82, 1120.28, 533.82, 28.84, 13.05
9.77, 3, white car, 303.84, 523.30, 334.11, 536.75, 318.97, 530.03, 303.84, 530.03, 334.11, 530.03, 30.28, 13.45
9.77, 65, white car, 162.43, 519.01, 185.29, 530.49, 173.86, 524.75, 162.43, 524.75, 185.29, 524.75, 22.86, 11.48
9.80, 39, white car, 1088.97, 527.50, 1117.27, 540.29, 1103.12, 533.89, 1088.97, 533.89, 1117.27, 533.89, 28.30, 12.79
9.80, 3, white car, 301.78, 523.20, 331.87, 536.56, 316.82, 529.88, 301.78, 529.88, 331.87, 529.88, 30.09, 13.36
9.80, 65, white car, 160.42, 518.98, 183.53, 530.52, 171.97, 524.75, 160.42, 524.75, 183.53, 524.75, 23.11, 11.55
9.83, 39, white car, 1086.48, 527.69, 1114.35, 540.25, 1100.41, 533.97, 1086.48, 533.97, 1114.35, 533.97, 27.88, 12.56
9.83, 3, white car, 299.61, 523.22, 329.60, 536.50, 314.61, 529.86, 299.61, 529.86, 329.60, 529.86, 29.99, 13.28
9.83, 65, white car, 157.57, 518.52, 181.82, 530.63, 169.70, 524.57, 157.57, 524.57, 181.82, 524.57, 24.25, 12.11
9.87, 39, white car, 1083.59, 527.71, 1111.82, 540.45, 1097.71, 534.08, 1083.59, 534.08, 1111.82, 534.08, 28.22, 12.74
9.87, 3, white car, 297.51, 523.24, 327.34, 536.39, 312.42, 529.82, 297.51, 529.82, 327.34, 529.82, 29.83, 13.15
9.87, 65, white car, 154.82, 518.24, 179.45, 530.61, 167.14, 524.42, 154.82, 524.42, 179.45, 524.42, 24.63, 12.37
9.90, 39, white car, 1080.83, 527.71, 1109.30, 540.58, 1095.07, 534.15, 1080.83, 534.15, 1109.30, 534.15, 28.46, 12.87
9.90, 3, white car, 295.63, 523.05, 325.31, 536.10, 310.47, 529.58, 295.63, 529.58, 325.31, 529.58, 29.68, 13.05
9.90, 65, white car, 153.39, 518.46, 176.80, 530.20, 165.09, 524.33, 153.39, 524.33, 176.80, 524.33, 23.41, 11.74
9.93, 39, white car, 1077.73, 527.68, 1106.62, 540.78, 1092.18, 534.23, 1077.73, 534.23, 1106.62, 534.23, 28.89, 13.10
9.93, 3, white car, 293.37, 522.97, 322.74, 535.86, 308.05, 529.42, 293.37, 529.42, 322.74, 529.42, 29.37, 12.88
9.93, 65, white car, 151.42, 518.42, 174.46, 529.95, 162.94, 524.19, 151.42, 524.19, 174.46, 524.19, 23.04, 11.54
9.97, 39, white car, 1075.01, 527.77, 1103.83, 540.86, 1089.42, 534.31, 1075.01, 534.31, 1103.83, 534.31, 28.82, 13.08
9.97, 3, white car, 290.89, 523.06, 320.25, 535.93, 305.57, 529.49, 290.89, 529.49, 320.25, 529.49, 29.36, 12.87
9.97, 65, white car, 148.90, 518.15, 172.24, 529.82, 160.57, 523.98, 148.90, 523.98, 172.24, 523.98, 23.34, 11.67
