0.00, 1, white car, 278.56, 538.45, 307.23, 550.27, 292.90, 544.36, 278.56, 544.36, 307.23, 544.36, 28.66, 11.81
0.00, 2, white car, 49.67, 528.02, 78.85, 542.48, 64.26, 535.25, 49.67, 535.25, 78.85, 535.25, 29.19, 14.45
0.00, 4, white car, 393.14, 542.64, 423.51, 556.09, 408.32, 549.36, 393.14, 549.36, 423.51, 549.36, 30.37, 13.45
0.03, 1, white car, 277.93, 538.31, 306.47, 550.09, 292.20, 544.20, 277.93, 544.20, 306.47, 544.20, 28.54, 11.77
0.03, 2, white car, 48.69, 527.97, 77.81, 542.39, 63.25, 535.18, 48.69, 535.18, 77.81, 535.18, 29.12, 14.43
0.03, 4, white car, 391.97, 542.60, 422.32, 556.04, 407.15, 549.32, 391.97, 549.32, 422.32, 549.32, 30.35, 13.44
0.07, 1, white car, 275.03, 538.33, 303.86, 550.23, 289.45, 544.28, 275.03, 544.28, 303.86, 544.28, 28.83, 11.90
0.07, 2, white car, 47.41, 528.04, 76.03, 542.22, 61.72, 535.13, 47.41, 535.13, 76.03, 535.13, 28.62, 14.17
0.07, 4, white car, 390.35, 542.28, 421.09, 555.91, 405.72, 549.09, 390.35, 549.09, 421.09, 549.09, 30.74, 13.63
0.10, 1, white car, 272.31, 538.23, 301.35, 550.23, 286.83, 544.23, 272.31, 544.23, 301.35, 544.23, 29.04, 12.00
0.10, 2, white car, 46.19, 528.02, 74.74, 542.15, 60.46, 535.08, 46.19, 535.08, 74.74, 535.08, 28.54, 14.13
0.10, 4, white car, 388.68, 542.08, 419.76, 555.87, 404.22, 548.97, 388.68, 548.97, 419.76, 548.97, 31.08, 13.79
0.13, 1, white car, 271.17, 538.49, 299.34, 550.13, 285.26, 544.31, 271.17, 544.31, 299.34, 544.31, 28.18, 11.63
0.13, 2, white car, 44.97, 528.22, 73.10, 542.12, 59.03, 535.17, 44.97, 535.17, 73.10, 535.17, 28.12, 13.90
0.13, 4, white car, 387.15, 541.95, 418.14, 555.72, 402.64, 548.83, 387.15, 548.83, 418.14, 548.83, 30.98, 13.77
0.17, 1, white car, 269.23, 538.49, 297.21, 550.00, 283.22, 544.25, 269.23, 544.25, 297.21, 544.25, 27.98, 11.52
0.17, 2, white car, 43.39, 528.43, 71.33, 542.20, 57.36, 535.32, 43.39, 535.32, 71.33, 535.32, 27.93, 13.78
0.17, 4, white car, 385.71, 542.04, 416.32, 555.66, 401.01, 548.85, 385.71, 548.85, 416.32, 548.85, 30.61, 13.62
0.20, 1, white car, 266.90, 538.28, 294.86, 549.77, 280.88, 544.02, 266.90, 544.02, 294.86, 544.02, 27.96, 11.49
0.20, 2, white car, 42.31, 528.51, 69.94, 542.10, 56.12, 535.31, 42.31, 535.31, 69.94, 535.31, 27.63, 13.59
0.20, 4, white car, 384.46, 542.12, 414.66, 555.56, 399.56, 548.84, 384.46, 548.84, 414.66, 548.84, 30.19, 13.44
0.23, 1, white car, 264.46, 537.89, 293.67, 549.90, 279.07, 543.89, 264.46, 543.89, 293.67, 543.89, 29.21, 12.01
0.23, 2, white car, 41.01, 528.46, 68.44, 541.92, 54.73, 535.19, 41.01, 535.19, 68.44, 535.19, 27.43, 13.47
0.23, 4, white car, 383.27, 542.30, 412.80, 555.44, 398.04, 548.87, 383.27, 548.87, 412.80, 548.87, 29.53, 13.13
0.27, 1, white car, 262.85, 537.44, 292.88, 549.82, 277.87, 543.63, 262.85, 543.63, 292.88, 543.63, 30.04, 12.38
0.27, 2, white car, 39.53, 528.16, 67.37, 541.79, 53.45, 534.98, 39.53, 534.98, 67.37, 534.98, 27.84, 13.64
0.27, 4, white car, 381.86, 542.33, 411.37, 555.45, 396.61, 548.89, 381.86, 548.89, 411.37, 548.89, 29.51, 13.11
0.30, 1, white car, 261.75, 537.36, 291.54, 549.64, 276.65, 543.50, 261.75, 543.50, 291.54, 543.50, 29.79, 12.28
0.30, 2, white car, 38.01, 527.92, 66.08, 541.64, 52.05, 534.78, 38.01, 534.78, 66.08, 534.78, 28.07, 13.72
0.30, 4, white car, 380.11, 542.30, 409.85, 555.51, 394.98, 548.90, 380.11, 548.90, 409.85, 548.90, 29.73, 13.21
0.33, 1, white car, 260.32, 537.41, 289.90, 549.63, 275.11, 543.52, 260.32, 543.52, 289.90, 543.52, 29.58, 12.22
0.33, 2, white car, 36.35, 527.72, 64.69, 541.55, 50.52, 534.64, 36.35, 534.64, 64.69, 534.64, 28.33, 13.83
0.33, 4, white car, 378.60, 542.29, 408.08, 555.39, 393.34, 548.84, 378.60, 548.84, 408.08, 548.84, 29.48, 13.10
0.37, 1, white car, 258.74, 537.45, 288.24, 549.66, 273.49, 543.55, 258.74, 543.55, 288.24, 543.55, 29.50, 12.21
0.37, 2, white car, 34.93, 527.61, 63.58, 541.58, 49.26, 534.60, 34.93, 534.60, 63.58, 534.60, 28.65, 13.98
0.37, 4, white car, 376.81, 542.14, 406.54, 555.34, 391.68, 548.74, 376.81, 548.74, 406.54, 548.74, 29.73, 13.20
0.40, 1, white car, 257.50, 537.46, 286.76, 549.58, 272.13, 543.52, 257.50, 543.52, 286.76, 543.52, 29.26, 12.13
0.40, 2, white car, 33.63, 527.39, 62.64, 541.54, 48.14, 534.47, 33.63, 534.47, 62.64, 534.47, 29.00, 14.15
0.40, 4, white car, 375.03, 541.89, 405.28, 555.34, 390.16, 548.62, 375.03, 548.62, 405.28, 548.62, 30.25, 13.45
0.43, 1, white car, 256.20, 537.49, 284.97, 549.42, 270.58, 543.46, 256.20, 543.46, 284.97, 543.46, 28.77, 11.93
0.43, 2, white car, 32.19, 527.36, 61.30, 541.58, 46.74, 534.47, 32.19, 534.47, 61.30, 534.47, 29.11, 14.22
0.43, 4, white car, 373.37, 541.70, 403.79, 555.28, 388.58, 548.49, 373.37, 548.49, 403.79, 548.49, 30.42, 13.57
0.47, 1, white car, 254.44, 537.55, 283.33, 549.55, 268.89, 543.55, 254.44, 543.55, 283.33, 543.55, 28.89, 11.99
0.47, 2, white car, 31.11, 527.49, 59.90, 541.53, 45.51, 534.51, 31.11, 534.51, 59.90, 534.51, 28.79, 14.04
0.47, 4, white car, 371.64, 541.70, 402.41, 555.47, 387.03, 548.58, 371.64, 548.58, 402.41, 548.58, 30.77, 13.77
0.50, 1, white car, 253.03, 537.47, 281.90, 549.48, 267.46, 543.48, 253.03, 543.48, 281.90, 543.48, 28.87, 12.01
0.50, 2, white car, 29.73, 527.55, 58.30, 541.45, 44.01, 534.50, 29.73, 534.50, 58.30, 534.50, 28.57, 13.90
0.50, 4, white car, 370.38, 541.63, 400.94, 555.34, 385.66, 548.48, 370.38, 548.48, 400.94, 548.48, 30.56, 13.71
0.53, 1, white car, 251.29, 537.54, 280.43, 549.69, 265.86, 543.61, 251.29, 543.61, 280.43, 543.61, 29.14, 12.15
0.53, 2, white car, 28.31, 527.59, 56.82, 541.41, 42.57, 534.50, 28.31, 534.50, 56.82, 534.50, 28.51, 13.82
0.53, 4, white car, 369.23, 541.83, 399.11, 555.23, 384.17, 548.53, 369.23, 548.53, 399.11, 548.53, 29.88, 13.40
0.57, 1, white car, 249.58, 537.53, 278.58, 549.61, 264.08, 543.57, 249.58, 543.57, 278.58, 543.57, 29.00, 12.08
0.57, 2, white car, 26.69, 527.41, 55.32, 541.26, 41.00, 534.34, 26.69, 534.34, 55.32, 534.34, 28.62, 13.85
0.57, 4, white car, 367.73, 541.76, 397.60, 555.16, 382.67, 548.46, 367.73, 548.46, 397.60, 548.46, 29.87, 13.40
0.60, 1, white car, 247.95, 537.54, 276.73, 549.55, 262.34, 543.55, 247.95, 543.55, 276.73, 543.55, 28.78, 12.00
0.60, 2, white car, 25.21, 527.27, 53.80, 541.06, 39.50, 534.16, 25.21, 534.16, 53.80, 534.16, 28.59, 13.79
0.60, 4, white car, 366.04, 541.83, 395.73, 555.13, 380.88, 548.48, 366.04, 548.48, 395.73, 548.48, 29.69, 13.30
0.63, 1, white car, 246.35, 537.40, 275.25, 549.49, 260.80, 543.45, 246.35, 543.45, 275.25, 543.45, 28.89, 12.08
0.63, 2, white car, 23.72, 527.12, 52.09, 540.76, 37.90, 533.94, 23.72, 533.94, 52.09, 533.94, 28.36, 13.64
0.63, 4, white car, 364.54, 541.77, 394.06, 555.00, 379.30, 548.38, 364.54, 548.38, 394.06, 548.38, 29.52, 13.24
0.67, 1, white car, 244.68, 537.19, 273.73, 549.37, 259.21, 543.28, 244.68, 543.28, 273.73, 543.28, 29.05, 12.19
0.67, 2, white car, 22.29, 527.07, 50.71, 540.70, 36.50, 533.89, 22.29, 533.89, 50.71, 533.89, 28.42, 13.62
0.67, 4, white car, 362.57, 541.49, 392.65, 555.01, 377.61, 548.25, 362.57, 548.25, 392.65, 548.25, 30.08, 13.53
0.70, 1, white car, 243.52, 537.24, 272.13, 549.23, 257.83, 543.23, 243.52, 543.23, 272.13, 543.23, 28.61, 11.99
0.70, 2, white car, 20.78, 526.97, 49.38, 540.65, 35.08, 533.81, 20.78, 533.81, 49.38, 533.81, 28.60, 13.67
0.70, 4, white car, 360.62, 541.21, 391.33, 555.06, 375.98, 548.14, 360.62, 548.14, 391.33, 548.14, 30.71, 13.85
0.73, 1, white car, 242.41, 537.33, 270.63, 549.13, 256.52, 543.23, 242.41, 543.23, 270.63, 543.23, 28.22, 11.79
0.73, 2, white car, 19.38, 526.93, 48.05, 540.59, 33.72, 533.76, 19.38, 533.76, 48.05, 533.76, 28.67, 13.66
0.73, 4, white car, 359.28, 541.25, 389.80, 555.06, 374.54, 548.16, 359.28, 548.16, 389.80, 548.16, 30.52, 13.81
0.77, 1, white car, 240.84, 537.05, 269.68, 549.09, 255.26, 543.07, 240.84, 543.07, 269.68, 543.07, 28.84, 12.04
0.77, 2, white car, 18.36, 526.88, 47.04, 540.51, 32.70, 533.70, 18.36, 533.70, 47.04, 533.70, 28.68, 13.63
0.77, 4, white car, 357.59, 541.15, 388.49, 555.17, 373.04, 548.16, 357.59, 548.16, 388.49, 548.16, 30.90, 14.02
0.80, 1, white car, 239.35, 536.88, 268.58, 549.09, 253.96, 542.98, 239.35, 542.98, 268.58, 542.98, 29.23, 12.20
0.80, 2, white car, 17.09, 526.90, 45.68, 540.46, 31.38, 533.68, 17.09, 533.68, 45.68, 533.68, 28.59, 13.56
0.80, 4, white car, 356.10, 541.15, 386.72, 555.06, 371.41, 548.11, 356.10, 548.11, 386.72, 548.11, 30.62, 13.90
0.83, 1, white car, 237.51, 536.77, 266.84, 549.03, 252.18, 542.90, 237.51, 542.90, 266.84, 542.90, 29.33, 12.26
0.83, 2, white car, 15.83, 526.88, 44.46, 540.44, 30.15, 533.66, 15.83, 533.66, 44.46, 533.66, 28.63, 13.56
0.83, 4, white car, 354.67, 541.12, 385.22, 554.98, 369.95, 548.05, 354.67, 548.05, 385.22, 548.05, 30.54, 13.87
0.87, 1, white car, 235.58, 536.65, 264.59, 548.80, 250.08, 542.73, 235.58, 542.73, 264.59, 542.73, 29.01, 12.14
0.87, 2, white car, 14.44, 526.88, 43.10, 540.44, 28.77, 533.66, 14.44, 533.66, 43.10, 533.66, 28.66, 13.56
0.87, 4, white car, 353.33, 541.03, 383.60, 554.74, 368.46, 547.88, 353.33, 547.88, 383.60, 547.88, 30.27, 13.71
0.90, 1, white car, 233.78, 536.68, 262.40, 548.70, 248.09, 542.69, 233.78, 542.69, 262.40, 542.69, 28.62, 12.02
0.90, 2, white car, 12.60, 526.74, 41.78, 540.56, 27.19, 533.65, 12.60, 533.65, 41.78, 533.65, 29.18, 13.82
0.90, 4, white car, 351.69, 541.07, 381.77, 554.67, 366.73, 547.87, 351.69, 547.87, 381.77, 547.87, 30.09, 13.60
0.90, 57, white car, 132.99, 532.32, 162.15, 545.62, 147.57, 538.97, 132.99, 538.97, 162.15, 538.97, 29.17, 13.30
0.93, 1, white car, 232.28, 536.46, 260.84, 548.53, 246.56, 542.49, 232.28, 542.49, 260.84, 542.49, 28.56, 12.07
0.93, 2, white car, 11.23, 526.64, 40.62, 540.58, 25.92, 533.61, 11.23, 533.61, 40.62, 533.61, 29.39, 13.94
0.93, 4, white car, 350.08, 540.97, 380.20, 554.57, 365.14, 547.77, 350.08, 547.77, 380.20, 547.77, 30.12, 13.59
0.93, 57, white car, 131.90, 531.96, 161.38, 545.42, 146.64, 538.69, 131.90, 538.69, 161.38, 538.69, 29.48, 13.45
0.97, 1, white car, 230.50, 536.21, 259.48, 548.55, 244.99, 542.38, 230.50, 542.38, 259.48, 542.38, 28.99, 12.34
0.97, 2, white car, 10.13, 526.46, 39.17, 540.21, 24.65, 533.34, 10.13, 533.34, 39.17, 533.34, 29.04, 13.75
0.97, 4, white car, 348.23, 540.70, 378.39, 554.30, 363.31, 547.50, 348.23, 547.50, 378.39, 547.50, 30.16, 13.60
0.97, 57, white car, 130.56, 531.99, 159.88, 545.40, 145.22, 538.69, 130.56, 538.69, 159.88, 538.69, 29.32, 13.41
1.00, 1, white car, 229.07, 536.00, 258.22, 548.46, 243.64, 542.23, 229.07, 542.23, 258.22, 542.23, 29.15, 12.46
1.00, 2, white car, 8.81, 526.35, 37.53, 539.91, 23.17, 533.13, 8.81, 533.13, 37.53, 533.13, 28.72, 13.56
1.00, 4, white car, 346.79, 540.49, 377.07, 554.14, 361.93, 547.32, 346.79, 547.32, 377.07, 547.32, 30.28, 13.66
1.00, 57, white car, 129.03, 531.83, 158.41, 545.29, 143.72, 538.56, 129.03, 538.56, 158.41, 538.56, 29.38, 13.47
1.03, 1, white car, 227.71, 535.82, 257.01, 548.39, 242.36, 542.10, 227.71, 542.10, 257.01, 542.10, 29.30, 12.56
1.03, 2, white car, 7.48, 526.26, 36.30, 539.84, 21.89, 533.05, 7.48, 533.05, 36.30, 533.05, 28.82, 13.58
1.03, 4, white car, 345.55, 540.40, 375.57, 553.96, 360.56, 547.18, 345.55, 547.18, 375.57, 547.18, 30.02, 13.56
1.03, 57, white car, 127.79, 531.81, 157.22, 545.34, 142.50, 538.57, 127.79, 538.57, 157.22, 538.57, 29.43, 13.53
1.07, 1, white car, 225.83, 535.68, 254.99, 548.20, 240.41, 541.94, 225.83, 541.94, 254.99, 541.94, 29.16, 12.52
1.07, 2, white car, 6.25, 526.18, 35.06, 539.70, 20.65, 532.94, 6.25, 532.94, 35.06, 532.94, 28.82, 13.52
1.07, 4, white car, 344.03, 540.44, 373.73, 553.84, 358.88, 547.14, 344.03, 547.14, 373.73, 547.14, 29.69, 13.40
1.07, 57, white car, 126.86, 531.88, 155.49, 545.05, 141.18, 538.46, 126.86, 538.46, 155.49, 538.46, 28.63, 13.18
1.10, 1, white car, 224.29, 535.54, 253.56, 548.12, 238.92, 541.83, 224.29, 541.83, 253.56, 541.83, 29.27, 12.58
1.10, 2, white car, 4.81, 526.08, 33.98, 539.71, 19.40, 532.90, 4.81, 532.90, 33.98, 532.90, 29.17, 13.63
1.10, 4, white car, 342.23, 540.39, 372.02, 553.81, 357.12, 547.10, 342.23, 547.10, 372.02, 547.10, 29.79, 13.43
1.10, 57, white car, 125.30, 531.92, 153.99, 545.15, 139.64, 538.54, 125.30, 538.54, 153.99, 538.54, 28.69, 13.23
1.13, 1, white car, 222.77, 535.36, 252.05, 547.98, 237.41, 541.67, 222.77, 541.67, 252.05, 541.67, 29.28, 12.61
1.13, 2, white car, 3.26, 525.89, 32.55, 539.53, 17.91, 532.71, 3.26, 532.71, 32.55, 532.71, 29.29, 13.64
1.13, 4, white car, 341.00, 540.36, 370.61, 553.66, 355.80, 547.01, 341.00, 547.01, 370.61, 547.01, 29.60, 13.30
1.13, 57, white car, 124.26, 531.98, 152.20, 544.90, 138.23, 538.44, 124.26, 538.44, 152.20, 538.44, 27.94, 12.92
1.17, 1, white car, 221.32, 535.25, 250.66, 547.90, 235.99, 541.58, 221.32, 541.58, 250.66, 541.58, 29.34, 12.65
1.17, 2, white car, 1.77, 525.61, 31.44, 539.40, 16.60, 532.51, 1.77, 532.51, 31.44, 532.51, 29.66, 13.78
1.17, 4, white car, 339.36, 540.26, 368.99, 553.54, 354.17, 546.90, 339.36, 546.90, 368.99, 546.90, 29.62, 13.28
1.17, 57, white car, 123.08, 532.03, 150.36, 544.68, 136.72, 538.36, 123.08, 538.36, 150.36, 538.36, 27.28, 12.65
1.20, 1, white car, 219.86, 535.32, 249.04, 547.93, 234.45, 541.63, 219.86, 541.63, 249.04, 541.63, 29.18, 12.61
1.20, 2, white car, 0.90, 525.57, 30.50, 539.31, 15.70, 532.44, 0.90, 532.44, 30.50, 532.44, 29.60, 13.73
1.20, 4, white car, 337.64, 540.29, 367.37, 553.60, 352.50, 546.94, 337.64, 546.94, 367.37, 546.94, 29.73, 13.31
1.20, 57, white car, 121.68, 532.04, 148.78, 544.62, 135.23, 538.33, 121.68, 538.33, 148.78, 538.33, 27.10, 12.58
1.23, 1, white car, 218.40, 535.16, 247.48, 547.76, 232.94, 541.46, 218.40, 541.46, 247.48, 541.46, 29.08, 12.60
1.23, 2, white car, 0.00, 525.34, 29.73, 539.26, 14.86, 532.30, 0.00, 532.30, 29.73, 532.30, 29.73, 13.92
1.23, 4, white car, 335.60, 540.19, 365.70, 553.65, 350.65, 546.92, 335.60, 546.92, 365.70, 546.92, 30.10, 13.45
1.23, 57, white car, 120.83, 532.04, 147.59, 544.45, 134.21, 538.24, 120.83, 538.24, 147.59, 538.24, 26.76, 12.41
1.27, 1, white car, 216.50, 535.08, 245.64, 547.76, 231.07, 541.42, 216.50, 541.42, 245.64, 541.42, 29.14, 12.68
1.27, 2, white car, 0.00, 525.33, 28.82, 539.31, 14.41, 532.32, 0.00, 532.32, 28.82, 532.32, 28.82, 13.98
1.27, 4, white car, 333.67, 540.11, 364.00, 553.65, 348.84, 546.88, 333.67, 546.88, 364.00, 546.88, 30.33, 13.54
1.27, 57, white car, 119.78, 532.18, 146.47, 544.51, 133.12, 538.34, 119.78, 538.34, 146.47, 538.34, 26.69, 12.33
1.30, 1, white car, 215.07, 535.00, 244.30, 547.76, 229.69, 541.38, 215.07, 541.38, 244.30, 541.38, 29.23, 12.76
1.30, 2, white car, 0.00, 525.41, 27.95, 539.24, 13.97, 532.32, 0.00, 532.32, 27.95, 532.32, 27.95, 13.84
1.30, 4, white car, 332.01, 539.96, 362.40, 553.55, 347.20, 546.76, 332.01, 546.76, 362.40, 546.76, 30.38, 13.58
1.30, 57, white car, 117.77, 531.91, 144.47, 544.21, 131.12, 538.06, 117.77, 538.06, 144.47, 538.06, 26.70, 12.29
1.33, 1, white car, 213.80, 534.95, 243.04, 547.73, 228.42, 541.34, 213.80, 541.34, 243.04, 541.34, 29.24, 12.78
1.33, 2, white car, 0.00, 525.47, 27.12, 539.22, 13.56, 532.35, 0.00, 532.35, 27.12, 532.35, 27.12, 13.75
1.33, 4, white car, 330.44, 539.96, 360.66, 553.49, 345.55, 546.73, 330.44, 546.73, 360.66, 546.73, 30.23, 13.53
1.33, 57, white car, 117.09, 531.85, 143.05, 543.74, 130.07, 537.79, 117.09, 537.79, 143.05, 537.79, 25.96, 11.89
1.37, 1, white car, 212.17, 534.90, 241.46, 547.73, 226.81, 541.31, 212.17, 541.31, 241.46, 541.31, 29.29, 12.83
1.37, 2, white car, 0.00, 525.73, 25.98, 539.16, 12.99, 532.45, 0.00, 532.45, 25.98, 532.45, 25.98, 13.43
1.37, 4, white car, 329.00, 540.04, 358.86, 553.40, 343.93, 546.72, 329.00, 546.72, 358.86, 546.72, 29.87, 13.36
1.37, 57, white car, 115.57, 531.75, 141.87, 543.71, 128.72, 537.73, 115.57, 537.73, 141.87, 537.73, 26.30, 11.96
1.40, 1, white car, 210.62, 534.69, 240.27, 547.71, 225.45, 541.20, 210.62, 541.20, 240.27, 541.20, 29.65, 13.02
1.40, 2, white car, 0.00, 525.80, 24.91, 539.02, 12.45, 532.41, 0.00, 532.41, 24.91, 532.41, 24.91, 13.22
1.40, 4, white car, 327.70, 540.05, 357.47, 553.37, 342.59, 546.71, 327.70, 546.71, 357.47, 546.71, 29.77, 13.33
1.40, 57, white car, 113.12, 531.88, 139.40, 543.82, 126.26, 537.85, 113.12, 537.85, 139.40, 537.85, 26.27, 11.94
1.43, 1, white car, 209.00, 534.53, 238.89, 547.67, 223.95, 541.10, 209.00, 541.10, 238.89, 541.10, 29.88, 13.14
1.43, 2, white car, 0.00, 525.72, 23.60, 538.87, 11.80, 532.29, 0.00, 532.29, 23.60, 532.29, 23.60, 13.14
1.43, 4, white car, 326.08, 540.05, 355.56, 553.23, 340.82, 546.64, 326.08, 546.64, 355.56, 546.64, 29.48, 13.18
1.43, 57, white car, 111.28, 532.03, 137.94, 544.13, 124.61, 538.08, 111.28, 538.08, 137.94, 538.08, 26.67, 12.10
1.47, 1, white car, 207.52, 534.47, 237.52, 547.67, 222.52, 541.07, 207.52, 541.07, 237.52, 541.07, 30.00, 13.20
1.47, 2, white car, 0.00, 525.85, 22.15, 538.57, 11.08, 532.21, 0.00, 532.21, 22.15, 532.21, 22.15, 12.72
1.47, 4, white car, 324.34, 540.00, 353.99, 553.25, 339.16, 546.63, 324.34, 546.63, 353.99, 546.63, 29.64, 13.25
1.47, 57, white car, 109.13, 532.16, 135.54, 544.17, 122.33, 538.16, 109.13, 538.16, 135.54, 538.16, 26.41, 12.02
1.50, 1, white car, 206.23, 534.66, 235.66, 547.64, 220.94, 541.15, 206.23, 541.15, 235.66, 541.15, 29.43, 12.99
1.50, 2, white car, 0.00, 525.89, 21.19, 538.44, 10.60, 532.17, 0.00, 532.17, 21.19, 532.17, 21.19, 12.55
1.50, 4, white car, 322.62, 539.83, 352.71, 553.31, 337.66, 546.57, 322.62, 546.57, 352.71, 546.57, 30.09, 13.48
1.50, 57, white car, 108.13, 532.20, 134.46, 544.20, 121.29, 538.20, 108.13, 538.20, 134.46, 538.20, 26.33, 12.01
1.53, 1, white car, 204.95, 534.73, 234.02, 547.61, 219.49, 541.17, 204.95, 541.17, 234.02, 541.17, 29.07, 12.88
1.53, 2, white car, 0.00, 526.00, 20.12, 538.43, 10.06, 532.22, 0.00, 532.22, 20.12, 532.22, 20.12, 12.43
1.53, 4, white car, 320.96, 539.73, 350.98, 553.24, 335.97, 546.48, 320.96, 546.48, 350.98, 546.48, 30.02, 13.51
1.53, 57, white car, 106.34, 532.08, 132.64, 544.04, 119.49, 538.06, 106.34, 538.06, 132.64, 538.06, 26.30, 11.96
1.57, 1, white car, 203.31, 534.71, 232.43, 547.65, 217.87, 541.18, 203.31, 541.18, 232.43, 541.18, 29.12, 12.94
1.57, 2, white car, 0.00, 526.08, 18.98, 538.57, 9.49, 532.32, 0.00, 532.32, 18.98, 532.32, 18.98, 12.49
1.57, 4, white car, 318.98, 539.71, 349.01, 553.22, 333.99, 546.47, 318.98, 546.47, 349.01, 546.47, 30.03, 13.51
1.57, 57, white car, 104.93, 531.99, 131.54, 544.05, 118.24, 538.02, 104.93, 538.02, 131.54, 538.02, 26.61, 12.06
1.60, 1, white car, 201.63, 534.62, 230.97, 547.69, 216.30, 541.15, 201.63, 541.15, 230.97, 541.15, 29.33, 13.08
1.60, 2, white car, 0.00, 526.17, 18.03, 538.71, 9.01, 532.44, 0.00, 532.44, 18.03, 532.44, 18.03, 12.54
1.60, 4, white car, 317.03, 539.51, 347.39, 553.19, 332.21, 546.35, 317.03, 546.35, 347.39, 546.35, 30.36, 13.67
1.60, 57, white car, 103.02, 531.93, 130.10, 544.17, 116.56, 538.05, 103.02, 538.05, 130.10, 538.05, 27.08, 12.24
1.63, 1, white car, 200.13, 534.49, 229.82, 547.75, 214.98, 541.12, 200.13, 541.12, 229.82, 541.12, 29.69, 13.26
1.63, 2, white car, 0.00, 526.20, 17.07, 538.75, 8.54, 532.48, 0.00, 532.48, 17.07, 532.48, 17.07, 12.54
1.63, 4, white car, 315.29, 539.49, 345.69, 553.20, 330.49, 546.35, 315.29, 546.35, 345.69, 546.35, 30.40, 13.71
1.63, 57, white car, 101.57, 531.80, 128.90, 544.11, 115.23, 537.96, 101.57, 537.96, 128.90, 537.96, 27.34, 12.31
1.67, 1, white car, 198.64, 534.59, 228.13, 547.78, 213.39, 541.18, 198.64, 541.18, 228.13, 541.18, 29.49, 13.19
1.67, 2, white car, 0.00, 526.07, 16.48, 538.98, 8.24, 532.53, 0.00, 532.53, 16.48, 532.53, 16.48, 12.91
1.67, 4, white car, 313.52, 539.43, 343.91, 553.15, 328.72, 546.29, 313.52, 546.29, 343.91, 546.29, 30.39, 13.72
1.67, 57, white car, 99.91, 531.84, 127.31, 544.17, 113.61, 538.00, 99.91, 538.00, 127.31, 538.00, 27.40, 12.33
1.70, 1, white car, 196.98, 534.56, 226.41, 547.73, 211.70, 541.14, 196.98, 541.14, 226.41, 541.14, 29.43, 13.17
1.70, 2, white car, 0.00, 525.81, 15.77, 539.21, 7.88, 532.51, 0.00, 532.51, 15.77, 532.51, 15.77, 13.40
1.70, 4, white car, 311.79, 539.35, 342.37, 553.15, 327.08, 546.25, 311.79, 546.25, 342.37, 546.25, 30.58, 13.79
1.70, 57, white car, 98.44, 531.76, 125.80, 544.09, 112.12, 537.93, 98.44, 537.93, 125.80, 537.93, 27.36, 12.33
1.73, 4, white car, 310.26, 539.34, 340.80, 553.13, 325.53, 546.24, 310.26, 546.24, 340.80, 546.24, 30.54, 13.79
1.73, 57, white car, 97.03, 531.75, 124.13, 544.01, 110.58, 537.88, 97.03, 537.88, 124.13, 537.88, 27.10, 12.25
1.77, 4, white car, 309.40, 539.83, 338.87, 553.10, 324.14, 546.46, 309.40, 546.46, 338.87, 546.46, 29.47, 13.27
1.77, 57, white car, 95.63, 531.74, 122.84, 544.06, 109.24, 537.90, 95.63, 537.90, 122.84, 537.90, 27.21, 12.32
1.77, 1, white car, 194.12, 534.53, 223.38, 547.63, 208.75, 541.08, 194.12, 541.08, 223.38, 541.08, 29.26, 13.10
1.80, 4, white car, 307.26, 539.61, 337.29, 553.14, 322.28, 546.37, 307.26, 546.37, 337.29, 546.37, 30.03, 13.53
1.80, 57, white car, 94.43, 531.73, 121.41, 543.93, 107.92, 537.83, 94.43, 537.83, 121.41, 537.83, 26.98, 12.20
1.83, 4, white car, 304.62, 539.57, 335.15, 553.27, 319.89, 546.42, 304.62, 546.42, 335.15, 546.42, 30.53, 13.70
1.83, 57, white car, 92.91, 531.74, 119.95, 543.94, 106.43, 537.84, 92.91, 537.84, 119.95, 537.84, 27.04, 12.21
1.83, 1, white car, 191.26, 534.55, 220.29, 547.60, 205.77, 541.07, 191.26, 541.07, 220.29, 541.07, 29.04, 13.05
1.87, 4, white car, 302.84, 539.26, 334.00, 553.24, 318.42, 546.25, 302.84, 546.25, 334.00, 546.25, 31.16, 13.99
1.87, 57, white car, 91.41, 531.61, 118.59, 543.90, 105.00, 537.75, 91.41, 537.75, 118.59, 537.75, 27.18, 12.29
1.90, 4, white car, 300.56, 539.20, 331.61, 553.06, 316.08, 546.13, 300.56, 546.13, 331.61, 546.13, 31.06, 13.85
1.90, 57, white car, 89.51, 531.45, 116.61, 543.72, 103.06, 537.59, 89.51, 537.59, 116.61, 537.59, 27.10, 12.27
1.93, 4, white car, 298.45, 539.12, 329.85, 553.05, 314.15, 546.08, 298.45, 546.08, 329.85, 546.08, 31.39, 13.93
1.93, 57, white car, 88.08, 531.35, 114.98, 543.53, 101.53, 537.44, 88.08, 537.44, 114.98, 537.44, 26.91, 12.18
1.97, 4, white car, 297.41, 538.96, 328.45, 552.68, 312.93, 545.82, 297.41, 545.82, 328.45, 545.82, 31.04, 13.72
1.97, 57, white car, 86.66, 531.23, 113.64, 543.45, 100.15, 537.34, 86.66, 537.34, 113.64, 537.34, 26.99, 12.22
2.00, 4, white car, 296.55, 538.97, 326.93, 552.37, 311.74, 545.67, 296.55, 545.67, 326.93, 545.67, 30.38, 13.40
2.00, 57, white car, 84.96, 531.04, 112.29, 543.42, 98.62, 537.23, 84.96, 537.23, 112.29, 537.23, 27.33, 12.37
2.03, 4, white car, 295.19, 538.85, 325.69, 552.31, 310.44, 545.58, 295.19, 545.58, 325.69, 545.58, 30.51, 13.46
2.03, 57, white car, 83.68, 531.02, 111.35, 543.54, 97.52, 537.28, 83.68, 537.28, 111.35, 537.28, 27.67, 12.52
2.07, 4, white car, 293.55, 538.57, 324.88, 552.46, 309.22, 545.52, 293.55, 545.52, 324.88, 545.52, 31.32, 13.89
2.07, 57, white car, 82.23, 530.88, 109.94, 543.41, 96.09, 537.15, 82.23, 537.15, 109.94, 537.15, 27.71, 12.53
2.10, 4, white car, 291.79, 538.32, 323.37, 552.38, 307.58, 545.35, 291.79, 545.35, 323.37, 545.35, 31.58, 14.06
2.10, 57, white car, 80.81, 530.90, 108.42, 543.40, 94.61, 537.15, 80.81, 537.15, 108.42, 537.15, 27.61, 12.50
2.13, 4, white car, 290.13, 538.25, 321.49, 552.25, 305.81, 545.25, 290.13, 545.25, 321.49, 545.25, 31.36, 14.00
2.13, 57, white car, 79.55, 530.76, 107.17, 543.24, 93.36, 537.00, 79.55, 537.00, 107.17, 537.00, 27.62, 12.48
2.17, 4, white car, 288.26, 538.19, 319.73, 552.30, 304.00, 545.25, 288.26, 545.25, 319.73, 545.25, 31.48, 14.11
2.17, 57, white car, 78.32, 530.60, 106.07, 543.09, 92.20, 536.85, 78.32, 536.85, 106.07, 536.85, 27.75, 12.49
2.20, 4, white car, 286.81, 538.20, 318.04, 552.24, 302.42, 545.22, 286.81, 545.22, 318.04, 545.22, 31.23, 14.04
2.20, 57, white car, 76.74, 530.53, 105.15, 543.27, 90.94, 536.90, 76.74, 536.90, 105.15, 536.90, 28.40, 12.74
2.23, 4, white car, 285.19, 538.04, 316.64, 552.23, 300.92, 545.14, 285.19, 545.14, 316.64, 545.14, 31.45, 14.19
2.23, 57, white car, 75.00, 530.52, 103.55, 543.27, 89.27, 536.90, 75.00, 536.90, 103.55, 536.90, 28.55, 12.75
2.23, 1, white car, 172.42, 532.35, 202.98, 546.26, 187.70, 539.30, 172.42, 539.30, 202.98, 539.30, 30.56, 13.92
2.27, 4, white car, 284.53, 538.21, 314.79, 551.84, 299.66, 545.02, 284.53, 545.02, 314.79, 545.02, 30.26, 13.64
2.27, 57, white car, 73.41, 530.61, 101.45, 543.09, 87.43, 536.85, 73.41, 536.85, 101.45, 536.85, 28.04, 12.48
2.30, 4, white car, 283.27, 538.29, 312.91, 551.61, 298.09, 544.95, 283.27, 544.95, 312.91, 544.95, 29.64, 13.32
2.30, 57, white car, 71.16, 530.52, 98.72, 542.82, 84.94, 536.67, 71.16, 536.67, 98.72, 536.67, 27.56, 12.29
2.33, 4, white car, 281.88, 538.19, 311.78, 551.59, 296.83, 544.89, 281.88, 544.89, 311.78, 544.89, 29.90, 13.40
2.33, 57, white car, 69.33, 530.34, 97.00, 542.71, 83.16, 536.52, 69.33, 536.52, 97.00, 536.52, 27.67, 12.38
2.33, 1, white car, 168.14, 532.20, 198.12, 545.99, 183.13, 539.10, 168.14, 539.10, 198.12, 539.10, 29.98, 13.79
2.37, 4, white car, 280.25, 538.20, 310.40, 551.73, 295.33, 544.96, 280.25, 544.96, 310.40, 544.96, 30.14, 13.52
2.37, 57, white car, 67.91, 530.37, 95.87, 542.91, 81.89, 536.64, 67.91, 536.64, 95.87, 536.64, 27.96, 12.54
2.37, 1, white car, 166.90, 532.16, 196.51, 545.85, 181.70, 539.00, 166.90, 539.00, 196.51, 539.00, 29.61, 13.69
2.40, 4, white car, 278.54, 538.03, 309.04, 551.74, 293.79, 544.88, 278.54, 544.88, 309.04, 544.88, 30.50, 13.71
2.40, 57, white car, 66.66, 530.41, 94.58, 542.95, 80.62, 536.68, 66.66, 536.68, 94.58, 536.68, 27.93, 12.54
2.40, 1, white car, 165.73, 532.18, 195.13, 545.78, 180.43, 538.98, 165.73, 538.98, 195.13, 538.98, 29.39, 13.60
2.43, 4, white car, 277.41, 537.96, 307.54, 551.54, 292.47, 544.75, 277.41, 544.75, 307.54, 544.75, 30.12, 13.58
2.43, 57, white car, 65.04, 530.42, 92.87, 542.91, 78.95, 536.66, 65.04, 536.66, 92.87, 536.66, 27.83, 12.49
2.43, 1, white car, 164.54, 532.26, 193.48, 545.65, 179.01, 538.96, 164.54, 538.96, 193.48, 538.96, 28.94, 13.39
2.47, 4, white car, 275.93, 537.93, 306.20, 551.62, 291.07, 544.78, 275.93, 544.78, 306.20, 544.78, 30.26, 13.69
2.47, 57, white car, 63.79, 530.37, 91.58, 542.85, 77.68, 536.61, 63.79, 536.61, 91.58, 536.61, 27.79, 12.48
2.47, 1, white car, 162.94, 532.30, 191.74, 545.64, 177.34, 538.97, 162.94, 538.97, 191.74, 538.97, 28.80, 13.34
2.50, 4, white car, 273.64, 537.84, 304.08, 551.64, 288.86, 544.74, 273.64, 544.74, 304.08, 544.74, 30.44, 13.80
2.50, 57, white car, 62.44, 530.28, 90.25, 542.80, 76.35, 536.54, 62.44, 536.54, 90.25, 536.54, 27.81, 12.52
2.50, 1, white car, 161.40, 532.35, 190.37, 545.79, 175.88, 539.07, 161.40, 539.07, 190.37, 539.07, 28.97, 13.44
2.53, 4, white car, 271.18, 537.56, 301.79, 551.46, 286.49, 544.51, 271.18, 544.51, 301.79, 544.51, 30.61, 13.90
2.53, 57, white car, 60.69, 530.18, 88.83, 542.87, 74.76, 536.53, 60.69, 536.53, 88.83, 536.53, 28.14, 12.69
2.53, 1, white car, 159.74, 532.23, 188.96, 545.74, 174.35, 538.98, 159.74, 538.98, 188.96, 538.98, 29.22, 13.51
2.57, 4, white car, 269.42, 537.50, 300.28, 551.48, 284.85, 544.49, 269.42, 544.49, 300.28, 544.49, 30.86, 13.97
2.57, 57, white car, 58.91, 530.14, 87.55, 543.09, 73.23, 536.61, 58.91, 536.61, 87.55, 536.61, 28.64, 12.95
2.57, 1, white car, 158.28, 532.15, 187.77, 545.73, 173.03, 538.94, 158.28, 538.94, 187.77, 538.94, 29.48, 13.59
2.60, 4, white car, 267.84, 537.35, 298.73, 551.29, 283.28, 544.32, 267.84, 544.32, 298.73, 544.32, 30.89, 13.94
2.60, 57, white car, 57.33, 530.01, 86.19, 543.07, 71.76, 536.54, 57.33, 536.54, 86.19, 536.54, 28.86, 13.06
2.60, 1, white car, 156.80, 532.14, 186.29, 545.72, 171.55, 538.93, 156.80, 538.93, 186.29, 538.93, 29.49, 13.58
2.63, 4, white car, 266.41, 537.29, 297.62, 551.33, 282.01, 544.31, 266.41, 544.31, 297.62, 544.31, 31.21, 14.05
2.63, 57, white car, 56.02, 529.84, 84.95, 542.94, 70.48, 536.39, 56.02, 536.39, 84.95, 536.39, 28.94, 13.10
2.63, 1, white car, 155.15, 532.07, 184.63, 545.64, 169.89, 538.85, 155.15, 538.85, 184.63, 538.85, 29.48, 13.57
2.67, 4, white car, 264.07, 537.02, 295.34, 551.14, 279.71, 544.08, 264.07, 544.08, 295.34, 544.08, 31.27, 14.12
2.67, 57, white car, 55.00, 529.86, 83.67, 542.84, 69.33, 536.35, 55.00, 536.35, 83.67, 536.35, 28.67, 12.98
2.67, 1, white car, 153.75, 532.04, 183.03, 545.51, 168.39, 538.78, 153.75, 538.78, 183.03, 538.78, 29.28, 13.47
2.70, 4, white car, 262.50, 536.69, 293.58, 550.76, 278.04, 543.72, 262.50, 543.72, 293.58, 543.72, 31.07, 14.08
2.70, 57, white car, 53.78, 529.95, 82.18, 542.81, 67.98, 536.38, 53.78, 536.38, 82.18, 536.38, 28.41, 12.86
2.70, 1, white car, 152.24, 532.06, 181.62, 545.58, 166.93, 538.82, 152.24, 538.82, 181.62, 538.82, 29.38, 13.51
2.73, 4, white car, 261.17, 536.70, 292.16, 550.80, 276.66, 543.75, 261.17, 543.75, 292.16, 543.75, 30.99, 14.10
2.73, 57, white car, 51.91, 530.08, 80.06, 542.83, 65.98, 536.46, 51.91, 536.46, 80.06, 536.46, 28.15, 12.76
2.73, 1, white car, 150.78, 532.13, 180.13, 545.62, 165.46, 538.88, 150.78, 538.88, 180.13, 538.88, 29.35, 13.49
2.77, 4, white car, 259.85, 536.97, 290.24, 550.86, 275.05, 543.91, 259.85, 543.91, 290.24, 543.91, 30.39, 13.89
2.77, 57, white car, 50.12, 530.00, 78.46, 542.86, 64.29, 536.43, 50.12, 536.43, 78.46, 536.43, 28.34, 12.86
2.77, 1, white car, 149.40, 532.22, 178.54, 545.59, 163.97, 538.91, 149.40, 538.91, 178.54, 538.91, 29.14, 13.37
2.80, 4, white car, 258.22, 537.00, 288.24, 550.80, 273.23, 543.90, 258.22, 543.90, 288.24, 543.90, 30.02, 13.80
2.80, 57, white car, 48.69, 529.90, 76.93, 542.71, 62.81, 536.30, 48.69, 536.30, 76.93, 536.30, 28.24, 12.82
2.80, 1, white car, 147.84, 532.20, 176.81, 545.46, 162.32, 538.83, 147.84, 538.83, 176.81, 538.83, 28.97, 13.26
2.83, 4, white car, 256.91, 536.99, 286.58, 550.67, 271.74, 543.83, 256.91, 543.83, 286.58, 543.83, 29.67, 13.68
2.83, 57, white car, 46.96, 529.85, 75.37, 542.73, 61.17, 536.29, 46.96, 536.29, 75.37, 536.29, 28.41, 12.88
2.83, 1, white car, 146.35, 532.20, 175.40, 545.46, 160.88, 538.83, 146.35, 538.83, 175.40, 538.83, 29.05, 13.26
2.87, 4, white car, 255.86, 537.01, 285.17, 550.52, 270.52, 543.76, 255.86, 543.76, 285.17, 543.76, 29.31, 13.51
2.87, 57, white car, 45.46, 529.84, 73.98, 542.73, 59.72, 536.28, 45.46, 536.28, 73.98, 536.28, 28.52, 12.90
2.87, 1, white car, 145.37, 532.17, 174.26, 545.36, 159.81, 538.77, 145.37, 538.77, 174.26, 538.77, 28.88, 13.18
2.90, 4, white car, 254.07, 537.03, 283.41, 550.58, 268.74, 543.80, 254.07, 543.80, 283.41, 543.80, 29.34, 13.56
2.90, 57, white car, 43.82, 529.72, 72.68, 542.76, 58.25, 536.24, 43.82, 536.24, 72.68, 536.24, 28.86, 13.04
2.90, 1, white car, 143.98, 531.97, 173.09, 545.28, 158.54, 538.63, 143.98, 538.63, 173.09, 538.63, 29.11, 13.31
2.93, 4, white car, 252.49, 536.89, 282.01, 550.55, 267.25, 543.72, 252.49, 543.72, 282.01, 543.72, 29.52, 13.66
2.93, 57, white car, 42.38, 529.57, 71.42, 542.69, 56.90, 536.13, 42.38, 536.13, 71.42, 536.13, 29.04, 13.12
2.93, 1, white car, 142.46, 532.01, 171.26, 545.11, 156.86, 538.56, 142.46, 538.56, 171.26, 538.56, 28.80, 13.10
2.97, 4, white car, 250.84, 536.66, 280.85, 550.57, 265.84, 543.61, 250.84, 543.61, 280.85, 543.61, 30.01, 13.91
2.97, 57, white car, 41.28, 529.49, 70.64, 542.74, 55.96, 536.11, 41.28, 536.11, 70.64, 536.11, 29.35, 13.25
2.97, 1, white car, 139.45, 531.79, 168.80, 544.95, 154.12, 538.37, 139.45, 538.37, 168.80, 538.37, 29.35, 13.16
3.00, 4, white car, 249.46, 536.63, 278.98, 550.27, 264.22, 543.45, 249.46, 543.45, 278.98, 543.45, 29.52, 13.64
3.00, 57, white car, 40.11, 529.47, 69.51, 542.73, 54.81, 536.10, 40.11, 536.10, 69.51, 536.10, 29.39, 13.25
3.00, 1, white car, 137.05, 531.71, 166.86, 544.92, 151.96, 538.31, 137.05, 538.31, 166.86, 538.31, 29.81, 13.21
3.03, 4, white car, 247.91, 536.66, 277.37, 550.27, 262.64, 543.46, 247.91, 543.46, 277.37, 543.46, 29.47, 13.61
3.03, 57, white car, 39.00, 529.43, 68.09, 542.53, 53.55, 535.98, 39.00, 535.98, 68.09, 535.98, 29.09, 13.10
3.03, 1, white car, 136.15, 531.64, 166.15, 544.86, 151.15, 538.25, 136.15, 538.25, 166.15, 538.25, 30.00, 13.22
3.07, 4, white car, 246.46, 536.72, 275.74, 550.28, 261.10, 543.50, 246.46, 543.50, 275.74, 543.50, 29.29, 13.56
3.07, 57, white car, 37.13, 529.44, 65.96, 542.44, 51.54, 535.94, 37.13, 535.94, 65.96, 535.94, 28.83, 13.00
3.07, 1, white car, 134.47, 531.57, 164.52, 544.69, 149.49, 538.13, 134.47, 538.13, 164.52, 538.13, 30.05, 13.12
3.10, 4, white car, 244.77, 536.62, 274.15, 550.27, 259.46, 543.44, 244.77, 543.44, 274.15, 543.44, 29.39, 13.65
3.10, 57, white car, 35.37, 529.33, 64.21, 542.35, 49.79, 535.84, 35.37, 535.84, 64.21, 535.84, 28.85, 13.03
3.10, 1, white car, 132.91, 531.44, 163.20, 544.60, 148.06, 538.02, 132.91, 538.02, 163.20, 538.02, 30.29, 13.17
3.13, 4, white car, 243.18, 536.46, 272.81, 550.25, 258.00, 543.36, 243.18, 543.36, 272.81, 543.36, 29.63, 13.79
3.13, 57, white car, 33.68, 529.28, 63.12, 542.59, 48.40, 535.94, 33.68, 535.94, 63.12, 535.94, 29.44, 13.30
3.13, 1, white car, 131.52, 531.05, 162.58, 544.57, 147.05, 537.81, 131.52, 537.81, 162.58, 537.81, 31.06, 13.52
3.17, 4, white car, 241.90, 536.41, 271.59, 550.22, 256.74, 543.32, 241.90, 543.32, 271.59, 543.32, 29.69, 13.81
3.17, 57, white car, 32.10, 529.17, 61.73, 542.54, 46.91, 535.86, 32.10, 535.86, 61.73, 535.86, 29.62, 13.38
3.17, 1, white car, 130.50, 530.92, 161.65, 544.52, 146.07, 537.72, 130.50, 537.72, 161.65, 537.72, 31.15, 13.60
3.20, 4, white car, 240.39, 536.30, 270.83, 550.46, 255.61, 543.38, 240.39, 543.38, 270.83, 543.38, 30.44, 14.16
3.20, 57, white car, 30.65, 529.11, 60.37, 542.52, 45.51, 535.82, 30.65, 535.82, 60.37, 535.82, 29.73, 13.41
3.20, 1, white car, 129.47, 530.66, 160.64, 544.36, 145.06, 537.51, 129.47, 537.51, 160.64, 537.51, 31.17, 13.70
3.23, 4, white car, 238.93, 536.02, 269.99, 550.48, 254.46, 543.25, 238.93, 543.25, 269.99, 543.25, 31.06, 14.47
3.23, 57, white car, 29.45, 529.08, 59.07, 542.43, 44.26, 535.75, 29.45, 535.75, 59.07, 535.75, 29.63, 13.35
3.23, 1, white car, 128.58, 530.73, 159.27, 544.28, 143.93, 537.50, 128.58, 537.50, 159.27, 537.50, 30.69, 13.55
3.27, 4, white car, 237.30, 536.05, 268.18, 550.43, 252.74, 543.24, 237.30, 543.24, 268.18, 543.24, 30.87, 14.39
3.27, 57, white car, 28.21, 529.12, 57.51, 542.26, 42.86, 535.69, 28.21, 535.69, 57.51, 535.69, 29.30, 13.14
3.27, 1, white car, 127.24, 530.78, 157.71, 544.32, 142.47, 537.55, 127.24, 537.55, 157.71, 537.55, 30.47, 13.54
3.30, 4, white car, 235.21, 536.13, 265.36, 550.17, 250.28, 543.15, 235.21, 543.15, 265.36, 543.15, 30.15, 14.04
3.30, 57, white car, 26.74, 529.16, 56.38, 542.46, 41.56, 535.81, 26.74, 535.81, 56.38, 535.81, 29.65, 13.30
3.30, 1, white car, 125.83, 530.70, 156.39, 544.37, 141.11, 537.53, 125.83, 537.53, 156.39, 537.53, 30.56, 13.67
3.33, 4, white car, 233.45, 536.11, 263.17, 549.99, 248.31, 543.05, 233.45, 543.05, 263.17, 543.05, 29.73, 13.88
3.33, 57, white car, 25.10, 529.04, 54.89, 542.42, 40.00, 535.73, 25.10, 535.73, 54.89, 535.73, 29.79, 13.38
3.33, 1, white car, 124.27, 530.59, 155.30, 544.57, 139.78, 537.58, 124.27, 537.58, 155.30, 537.58, 31.03, 13.98
3.37, 4, white car, 232.00, 535.93, 261.80, 549.92, 246.90, 542.93, 232.00, 542.93, 261.80, 542.93, 29.80, 13.99
3.37, 57, white car, 23.11, 528.77, 53.40, 542.41, 38.25, 535.59, 23.11, 535.59, 53.40, 535.59, 30.30, 13.65
3.37, 1, white car, 122.97, 530.48, 153.90, 544.51, 138.43, 537.49, 122.97, 537.49, 153.90, 537.49, 30.93, 14.03
3.40, 4, white car, 230.47, 535.81, 260.36, 549.91, 245.42, 542.86, 230.47, 542.86, 260.36, 542.86, 29.89, 14.10
3.40, 57, white car, 21.49, 528.73, 52.00, 542.53, 36.74, 535.63, 21.49, 535.63, 52.00, 535.63, 30.51, 13.79
3.40, 1, white car, 121.85, 530.62, 152.25, 544.43, 137.05, 537.52, 121.85, 537.52, 152.25, 537.52, 30.40, 13.82
3.43, 4, white car, 229.00, 535.63, 259.32, 550.00, 244.16, 542.82, 229.00, 542.82, 259.32, 542.82, 30.32, 14.38
3.43, 57, white car, 19.77, 528.43, 50.33, 542.31, 35.05, 535.37, 19.77, 535.37, 50.33, 535.37, 30.57, 13.88
3.43, 1, white car, 120.48, 530.68, 150.69, 544.46, 135.58, 537.57, 120.48, 537.57, 150.69, 537.57, 30.21, 13.78
3.47, 4, white car, 227.62, 535.56, 258.05, 550.03, 242.83, 542.79, 227.62, 542.79, 258.05, 542.79, 30.43, 14.47
3.47, 57, white car, 18.00, 528.25, 48.74, 542.27, 33.37, 535.26, 18.00, 535.26, 48.74, 535.26, 30.74, 14.02
3.47, 1, white car, 119.02, 530.63, 149.53, 544.60, 134.28, 537.62, 119.02, 537.62, 149.53, 537.62, 30.51, 13.97
3.50, 4, white car, 226.16, 535.69, 256.34, 550.06, 241.25, 542.87, 226.16, 542.87, 256.34, 542.87, 30.17, 14.38
3.50, 57, white car, 16.73, 528.15, 47.27, 542.11, 32.00, 535.13, 16.73, 535.13, 47.27, 535.13, 30.54, 13.97
3.50, 1, white car, 117.65, 530.71, 148.13, 544.68, 132.89, 537.70, 117.65, 537.70, 148.13, 537.70, 30.47, 13.97
3.53, 4, white car, 224.44, 535.62, 254.62, 550.04, 239.53, 542.83, 224.44, 542.83, 254.62, 542.83, 30.18, 14.42
3.53, 57, white car, 15.55, 528.14, 45.93, 542.07, 30.74, 535.10, 15.55, 535.10, 45.93, 535.10, 30.37, 13.93
3.53, 1, white car, 116.46, 530.94, 146.37, 544.62, 131.42, 537.78, 116.46, 537.78, 146.37, 537.78, 29.91, 13.68
3.57, 4, white car, 223.12, 535.57, 252.94, 549.80, 238.03, 542.69, 223.12, 542.69, 252.94, 542.69, 29.83, 14.23
3.57, 57, white car, 14.68, 528.51, 44.69, 542.29, 29.69, 535.40, 14.68, 535.40, 44.69, 535.40, 30.01, 13.79
3.57, 1, white car, 115.62, 531.63, 143.71, 544.39, 129.67, 538.01, 115.62, 538.01, 143.71, 538.01, 28.08, 12.76
3.60, 4, white car, 221.33, 535.19, 251.43, 549.59, 236.38, 542.39, 221.33, 542.39, 251.43, 542.39, 30.10, 14.40
3.60, 57, white car, 13.20, 528.18, 43.46, 542.11, 28.33, 535.15, 13.20, 535.15, 43.46, 535.15, 30.26, 13.93
3.60, 1, white car, 114.46, 531.94, 141.63, 544.22, 128.04, 538.08, 114.46, 538.08, 141.63, 538.08, 27.17, 12.28
3.63, 4, white car, 219.58, 534.91, 250.18, 549.59, 234.88, 542.25, 219.58, 542.25, 250.18, 542.25, 30.60, 14.68
3.63, 57, white car, 11.62, 528.05, 42.25, 542.19, 26.94, 535.12, 11.62, 535.12, 42.25, 535.12, 30.63, 14.15
3.63, 1, white car, 112.08, 531.78, 139.99, 544.33, 126.03, 538.05, 112.08, 538.05, 139.99, 538.05, 27.91, 12.55
3.67, 4, white car, 218.33, 534.74, 249.18, 549.60, 233.76, 542.17, 218.33, 542.17, 249.18, 542.17, 30.85, 14.87
3.67, 57, white car, 10.68, 528.20, 40.80, 542.11, 25.74, 535.15, 10.68, 535.15, 40.80, 535.15, 30.12, 13.91
3.67, 1, white car, 109.61, 531.56, 138.38, 544.44, 123.99, 538.00, 109.61, 538.00, 138.38, 538.00, 28.77, 12.89
3.70, 4, white car, 216.56, 534.60, 247.53, 549.57, 232.05, 542.09, 216.56, 542.09, 247.53, 542.09, 30.97, 14.97
3.70, 57, white car, 9.53, 528.30, 38.99, 541.91, 24.26, 535.10, 9.53, 535.10, 38.99, 535.10, 29.47, 13.61
3.70, 1, white car, 108.67, 531.58, 137.45, 544.42, 123.06, 538.00, 108.67, 538.00, 137.45, 538.00, 28.78, 12.84
3.73, 4, white car, 215.21, 534.73, 245.82, 549.56, 230.52, 542.15, 215.21, 542.15, 245.82, 542.15, 30.61, 14.83
3.73, 57, white car, 7.43, 528.10, 37.54, 542.05, 22.49, 535.08, 7.43, 535.08, 37.54, 535.08, 30.11, 13.95
3.73, 1, white car, 107.50, 531.61, 135.83, 544.24, 121.67, 537.93, 107.50, 537.93, 135.83, 537.93, 28.33, 12.63
3.77, 4, white car, 214.12, 534.74, 244.24, 549.32, 229.18, 542.03, 214.12, 542.03, 244.24, 542.03, 30.11, 14.57
3.77, 57, white car, 5.64, 527.76, 35.95, 541.85, 20.79, 534.80, 5.64, 534.80, 35.95, 534.80, 30.31, 14.09
3.77, 1, white car, 106.51, 531.64, 134.55, 544.11, 120.53, 537.87, 106.51, 537.87, 134.55, 537.87, 28.04, 12.47
3.80, 4, white car, 212.47, 534.67, 242.72, 549.31, 227.59, 541.99, 212.47, 541.99, 242.72, 541.99, 30.26, 14.64
3.80, 57, white car, 4.11, 527.56, 34.58, 541.77, 19.34, 534.67, 4.11, 534.67, 34.58, 534.67, 30.47, 14.21
3.80, 1, white car, 105.34, 531.40, 133.88, 544.05, 119.61, 537.73, 105.34, 537.73, 133.88, 537.73, 28.54, 12.65
3.83, 4, white car, 210.99, 534.47, 241.45, 549.21, 226.22, 541.84, 210.99, 541.84, 241.45, 541.84, 30.45, 14.73
3.83, 57, white car, 2.80, 527.45, 33.19, 541.64, 18.00, 534.55, 2.80, 534.55, 33.19, 534.55, 30.39, 14.19
3.83, 1, white car, 103.15, 530.94, 132.75, 544.08, 117.95, 537.51, 103.15, 537.51, 132.75, 537.51, 29.60, 13.14
3.87, 4, white car, 209.92, 534.49, 239.82, 548.89, 224.87, 541.69, 209.92, 541.69, 239.82, 541.69, 29.90, 14.40
3.87, 57, white car, 1.58, 527.41, 31.82, 541.56, 16.70, 534.48, 1.58, 534.48, 31.82, 534.48, 30.24, 14.14
3.87, 1, white car, 101.62, 530.84, 131.10, 543.95, 116.36, 537.39, 101.62, 537.39, 131.10, 537.39, 29.48, 13.11
3.90, 4, white car, 208.43, 534.34, 238.23, 548.62, 223.33, 541.48, 208.43, 541.48, 238.23, 541.48, 29.80, 14.28
3.90, 57, white car, 0.16, 527.23, 30.47, 541.46, 15.32, 534.35, 0.16, 534.35, 30.47, 534.35, 30.31, 14.23
3.90, 1, white car, 100.28, 530.60, 129.64, 543.67, 114.96, 537.14, 100.28, 537.14, 129.64, 537.14, 29.35, 13.07
3.93, 4, white car, 207.01, 534.35, 236.57, 548.45, 221.79, 541.40, 207.01, 541.40, 236.57, 541.40, 29.56, 14.11
3.93, 57, white car, 0.00, 527.16, 29.30, 541.34, 14.65, 534.25, 0.00, 534.25, 29.30, 534.25, 29.30, 14.18
3.93, 1, white car, 98.82, 530.56, 128.02, 543.57, 113.42, 537.07, 98.82, 537.07, 128.02, 537.07, 29.20, 13.01
3.97, 4, white car, 205.62, 534.38, 235.33, 548.55, 220.47, 541.47, 205.62, 541.47, 235.33, 541.47, 29.72, 14.17
3.97, 57, white car, 0.00, 527.04, 28.46, 541.28, 14.23, 534.16, 0.00, 534.16, 28.46, 534.16, 28.46, 14.24
3.97, 1, white car, 97.78, 530.56, 126.54, 543.40, 112.16, 536.98, 97.78, 536.98, 126.54, 536.98, 28.77, 12.84
4.00, 4, white car, 203.92, 534.34, 233.74, 548.57, 218.83, 541.45, 203.92, 541.45, 233.74, 541.45, 29.82, 14.22
4.00, 57, white car, 0.00, 527.32, 27.06, 541.06, 13.53, 534.19, 0.00, 534.19, 27.06, 534.19, 27.06, 13.74
4.00, 1, white car, 96.08, 530.44, 125.23, 543.48, 110.65, 536.96, 96.08, 536.96, 125.23, 536.96, 29.15, 13.03
4.03, 4, white car, 202.31, 534.40, 232.31, 548.73, 217.31, 541.56, 202.31, 541.56, 232.31, 541.56, 30.00, 14.33
4.03, 57, white car, 0.00, 527.42, 26.17, 541.05, 13.09, 534.23, 0.00, 534.23, 26.17, 534.23, 26.17, 13.63
4.03, 1, white car, 94.77, 530.45, 124.02, 543.57, 109.39, 537.01, 94.77, 537.01, 124.02, 537.01, 29.25, 13.12
4.07, 4, white car, 200.86, 534.25, 231.05, 548.67, 215.96, 541.46, 200.86, 541.46, 231.05, 541.46, 30.19, 14.42
4.07, 57, white car, 0.00, 527.30, 25.30, 541.04, 12.65, 534.17, 0.00, 534.17, 25.30, 534.17, 25.30, 13.74
4.07, 1, white car, 93.79, 530.41, 122.67, 543.37, 108.23, 536.89, 93.79, 536.89, 122.67, 536.89, 28.88, 12.96
4.10, 4, white car, 199.74, 534.45, 229.61, 548.67, 214.67, 541.56, 199.74, 541.56, 229.61, 541.56, 29.87, 14.22
4.10, 57, white car, 0.00, 527.25, 23.91, 540.77, 11.95, 534.01, 0.00, 534.01, 23.91, 534.01, 23.91, 13.52
4.10, 1, white car, 92.39, 530.47, 120.98, 543.30, 106.68, 536.89, 92.39, 536.89, 120.98, 536.89, 28.59, 12.84
4.13, 4, white car, 198.38, 534.44, 228.41, 548.70, 213.40, 541.57, 198.38, 541.57, 228.41, 541.57, 30.03, 14.26
4.13, 57, white car, 0.00, 527.21, 22.95, 540.72, 11.48, 533.97, 0.00, 533.97, 22.95, 533.97, 22.95, 13.51
4.13, 1, white car, 91.12, 530.49, 119.56, 543.28, 105.34, 536.88, 91.12, 536.88, 119.56, 536.88, 28.44, 12.79
4.17, 4, white car, 196.73, 534.24, 226.61, 548.42, 211.67, 541.33, 196.73, 541.33, 226.61, 541.33, 29.88, 14.18
4.17, 57, white car, 0.00, 527.16, 21.84, 540.44, 10.92, 533.80, 0.00, 533.80, 21.84, 533.80, 21.84, 13.27
4.17, 1, white car, 89.23, 530.39, 118.31, 543.49, 103.77, 536.94, 89.23, 536.94, 118.31, 536.94, 29.08, 13.11
4.20, 4, white car, 195.19, 534.14, 225.18, 548.36, 210.19, 541.25, 195.19, 541.25, 225.18, 541.25, 30.00, 14.22
4.20, 57, white car, 0.00, 527.27, 21.01, 540.55, 10.51, 533.91, 0.00, 533.91, 21.01, 533.91, 21.01, 13.28
4.20, 1, white car, 87.77, 530.45, 116.63, 543.46, 102.20, 536.95, 87.77, 536.95, 116.63, 536.95, 28.86, 13.01
4.23, 4, white car, 193.69, 534.16, 223.32, 548.17, 208.51, 541.17, 193.69, 541.17, 223.32, 541.17, 29.63, 14.00
4.23, 57, white car, 0.00, 527.38, 19.81, 540.64, 9.91, 534.01, 0.00, 534.01, 19.81, 534.01, 19.81, 13.26
4.23, 1, white car, 86.59, 530.24, 115.49, 543.28, 101.04, 536.76, 86.59, 536.76, 115.49, 536.76, 28.90, 13.04
4.27, 4, white car, 192.29, 534.12, 221.92, 548.07, 207.11, 541.10, 192.29, 541.10, 221.92, 541.10, 29.64, 13.95
4.27, 57, white car, 0.00, 527.31, 18.85, 540.51, 9.43, 533.91, 0.00, 533.91, 18.85, 533.91, 18.85, 13.20
4.27, 1, white car, 85.26, 530.25, 114.04, 543.22, 99.65, 536.74, 85.26, 536.74, 114.04, 536.74, 28.78, 12.97
4.30, 4, white car, 190.97, 534.11, 220.60, 548.03, 205.79, 541.07, 190.97, 541.07, 220.60, 541.07, 29.63, 13.92
4.30, 57, white car, 0.00, 527.17, 18.02, 540.57, 9.01, 533.87, 0.00, 533.87, 18.02, 533.87, 18.02, 13.40
4.30, 1, white car, 84.07, 530.25, 112.58, 543.11, 98.32, 536.68, 84.07, 536.68, 112.58, 536.68, 28.50, 12.86
4.33, 4, white car, 189.28, 534.13, 218.94, 548.04, 204.11, 541.09, 189.28, 541.09, 218.94, 541.09, 29.66, 13.91
4.33, 57, white car, 0.00, 527.01, 16.87, 540.37, 8.43, 533.69, 0.00, 533.69, 16.87, 533.69, 16.87, 13.36
4.33, 1, white car, 82.62, 530.16, 111.39, 543.16, 97.00, 536.66, 82.62, 536.66, 111.39, 536.66, 28.77, 13.00
4.37, 4, white car, 187.57, 533.93, 217.69, 548.05, 202.63, 540.99, 187.57, 540.99, 217.69, 540.99, 30.12, 14.12
4.37, 57, white car, 0.00, 526.75, 15.92, 540.27, 7.96, 533.51, 0.00, 533.51, 15.92, 533.51, 15.92, 13.52
4.37, 1, white car, 80.87, 530.09, 110.07, 543.30, 95.47, 536.70, 80.87, 536.70, 110.07, 536.70, 29.19, 13.20
4.40, 4, white car, 185.98, 533.63, 216.62, 548.02, 201.30, 540.82, 185.98, 540.82, 216.62, 540.82, 30.63, 14.39
4.40, 1, white car, 79.74, 530.09, 108.56, 543.11, 94.15, 536.60, 79.74, 536.60, 108.56, 536.60, 28.81, 13.02
4.43, 4, white car, 184.46, 533.52, 215.34, 548.04, 199.90, 540.78, 184.46, 540.78, 215.34, 540.78, 30.88, 14.52
4.43, 1, white car, 78.79, 530.13, 107.43, 543.04, 93.11, 536.59, 78.79, 536.59, 107.43, 536.59, 28.64, 12.91
4.47, 4, white car, 182.56, 533.40, 213.42, 547.95, 197.99, 540.68, 182.56, 540.68, 213.42, 540.68, 30.86, 14.55
4.47, 1, white car, 77.67, 530.08, 106.42, 543.00, 92.04, 536.54, 77.67, 536.54, 106.42, 536.54, 28.75, 12.92
4.50, 4, white car, 180.88, 533.25, 211.97, 547.92, 196.42, 540.58, 180.88, 540.58, 211.97, 540.58, 31.08, 14.67
4.50, 1, white car, 76.02, 529.97, 105.55, 543.20, 90.79, 536.58, 76.02, 536.58, 105.55, 536.58, 29.53, 13.23
4.53, 4, white car, 179.42, 533.12, 210.76, 547.92, 195.09, 540.52, 179.42, 540.52, 210.76, 540.52, 31.34, 14.79
4.53, 1, white car, 74.57, 530.06, 103.51, 542.97, 89.04, 536.52, 74.57, 536.52, 103.51, 536.52, 28.93, 12.91
4.57, 1, white car, 73.04, 530.13, 101.38, 542.75, 87.21, 536.44, 73.04, 536.44, 101.38, 536.44, 28.34, 12.62
4.60, 1, white car, 71.04, 530.12, 99.14, 542.69, 85.09, 536.41, 71.04, 536.41, 99.14, 536.41, 28.10, 12.57
4.60, 4, white car, 177.04, 533.01, 208.27, 547.77, 192.65, 540.39, 177.04, 540.39, 208.27, 540.39, 31.24, 14.76
4.63, 1, white car, 69.47, 529.83, 97.81, 542.56, 83.64, 536.20, 69.47, 536.20, 97.81, 536.20, 28.34, 12.73
4.67, 1, white car, 68.02, 529.65, 96.87, 542.65, 82.45, 536.15, 68.02, 536.15, 96.87, 536.15, 28.85, 13.00
4.67, 4, white car, 173.86, 532.36, 204.87, 547.06, 189.37, 539.71, 173.86, 539.71, 204.87, 539.71, 31.00, 14.70
4.70, 1, white car, 66.86, 529.56, 95.80, 542.63, 81.33, 536.09, 66.86, 536.09, 95.80, 536.09, 28.94, 13.07
4.70, 4, white car, 172.27, 532.32, 203.14, 546.98, 187.70, 539.65, 172.27, 539.65, 203.14, 539.65, 30.87, 14.67
4.73, 1, white car, 65.80, 529.31, 94.91, 542.46, 80.36, 535.88, 65.80, 535.88, 94.91, 535.88, 29.11, 13.15
4.73, 4, white car, 171.24, 532.27, 201.77, 546.75, 186.51, 539.51, 171.24, 539.51, 201.77, 539.51, 30.53, 14.48
4.77, 1, white car, 64.34, 529.19, 93.63, 542.44, 78.99, 535.82, 64.34, 535.82, 93.63, 535.82, 29.29, 13.25
4.77, 4, white car, 170.09, 532.17, 200.51, 546.58, 185.30, 539.38, 170.09, 539.38, 200.51, 539.38, 30.41, 14.41
4.80, 1, white car, 62.77, 528.97, 92.35, 542.42, 77.56, 535.70, 62.77, 535.70, 92.35, 535.70, 29.58, 13.44
4.80, 4, white car, 168.55, 532.09, 198.86, 546.48, 183.71, 539.28, 168.55, 539.28, 198.86, 539.28, 30.31, 14.39
4.83, 1, white car, 61.34, 528.93, 91.29, 542.58, 76.32, 535.76, 61.34, 535.76, 91.29, 535.76, 29.95, 13.65
4.83, 4, white car, 167.21, 532.06, 197.46, 546.43, 182.33, 539.24, 167.21, 539.24, 197.46, 539.24, 30.25, 14.37
4.87, 1, white car, 59.79, 528.99, 89.76, 542.67, 74.77, 535.83, 59.79, 535.83, 89.76, 535.83, 29.98, 13.68
4.87, 4, white car, 165.81, 532.07, 196.32, 546.58, 181.07, 539.32, 165.81, 539.32, 196.32, 539.32, 30.51, 14.51
4.90, 1, white car, 58.75, 529.12, 88.57, 542.72, 73.66, 535.92, 58.75, 535.92, 88.57, 535.92, 29.82, 13.61
4.90, 4, white car, 164.76, 532.17, 195.02, 546.53, 179.89, 539.35, 164.76, 539.35, 195.02, 539.35, 30.26, 14.36
4.93, 1, white car, 57.19, 528.94, 87.23, 542.65, 72.21, 535.80, 57.19, 535.80, 87.23, 535.80, 30.04, 13.72
4.93, 4, white car, 163.26, 532.20, 193.46, 546.51, 178.36, 539.35, 163.26, 539.35, 193.46, 539.35, 30.20, 14.31
4.97, 1, white car, 55.43, 528.72, 85.86, 542.66, 70.65, 535.69, 55.43, 535.69, 85.86, 535.69, 30.43, 13.94
4.97, 4, white car, 161.43, 532.27, 191.46, 546.51, 176.44, 539.39, 161.43, 539.39, 191.46, 539.39, 30.03, 14.23
5.00, 1, white car, 54.20, 528.61, 84.65, 542.61, 69.42, 535.61, 54.20, 535.61, 84.65, 535.61, 30.46, 14.00
5.00, 4, white car, 159.64, 532.27, 189.88, 546.60, 174.76, 539.43, 159.64, 539.43, 189.88, 539.43, 30.24, 14.32
5.03, 1, white car, 52.73, 528.55, 83.46, 542.74, 68.10, 535.65, 52.73, 535.65, 83.46, 535.65, 30.73, 14.19
5.03, 4, white car, 157.94, 532.13, 188.68, 546.70, 173.31, 539.41, 157.94, 539.41, 188.68, 539.41, 30.74, 14.57
5.07, 1, white car, 51.48, 528.31, 82.40, 542.63, 66.94, 535.47, 51.48, 535.47, 82.40, 535.47, 30.92, 14.32
5.07, 4, white car, 156.54, 532.03, 187.45, 546.67, 172.00, 539.35, 156.54, 539.35, 187.45, 539.35, 30.91, 14.65
5.10, 1, white car, 49.92, 528.14, 80.92, 542.55, 65.42, 535.35, 49.92, 535.35, 80.92, 535.35, 31.00, 14.41
5.10, 4, white car, 155.29, 531.97, 185.96, 546.48, 170.62, 539.22, 155.29, 539.22, 185.96, 539.22, 30.67, 14.52
5.13, 1, white car, 48.29, 527.86, 79.35, 542.38, 63.82, 535.12, 48.29, 535.12, 79.35, 535.12, 31.05, 14.52
5.13, 4, white car, 154.04, 531.96, 184.41, 546.32, 169.23, 539.14, 154.04, 539.14, 184.41, 539.14, 30.37, 14.36
5.17, 1, white car, 47.06, 527.83, 78.03, 542.35, 62.54, 535.09, 47.06, 535.09, 78.03, 535.09, 30.97, 14.52
5.17, 4, white car, 152.51, 531.89, 183.10, 546.36, 167.80, 539.12, 152.51, 539.12, 183.10, 539.12, 30.59, 14.46
5.20, 1, white car, 45.92, 528.01, 76.40, 542.30, 61.16, 535.15, 45.92, 535.15, 76.40, 535.15, 30.48, 14.29
5.20, 4, white car, 151.36, 531.90, 181.82, 546.30, 166.59, 539.10, 151.36, 539.10, 181.82, 539.10, 30.46, 14.40
5.23, 1, white car, 44.82, 527.98, 74.98, 542.11, 59.90, 535.05, 44.82, 535.05, 74.98, 535.05, 30.16, 14.13
5.23, 4, white car, 149.92, 531.99, 180.18, 546.25, 165.05, 539.12, 149.92, 539.12, 180.18, 539.12, 30.26, 14.26
5.27, 1, white car, 43.47, 528.09, 73.60, 542.20, 58.54, 535.14, 43.47, 535.14, 73.60, 535.14, 30.13, 14.10
5.27, 4, white car, 148.20, 532.03, 178.50, 546.28, 163.35, 539.16, 148.20, 539.16, 178.50, 539.16, 30.30, 14.25
5.30, 1, white car, 41.82, 527.89, 72.13, 542.09, 56.98, 534.99, 41.82, 534.99, 72.13, 534.99, 30.31, 14.20
5.30, 4, white car, 146.25, 532.01, 176.95, 546.43, 161.60, 539.22, 146.25, 539.22, 176.95, 539.22, 30.69, 14.42
5.33, 1, white car, 40.57, 527.94, 70.90, 542.17, 55.73, 535.06, 40.57, 535.06, 70.90, 535.06, 30.33, 14.23
5.33, 4, white car, 144.48, 532.04, 175.61, 546.64, 160.04, 539.34, 144.48, 539.34, 175.61, 539.34, 31.13, 14.60
5.37, 1, white car, 39.22, 528.01, 69.51, 542.23, 54.36, 535.12, 39.22, 535.12, 69.51, 535.12, 30.30, 14.22
5.37, 4, white car, 143.09, 531.92, 174.41, 546.60, 158.75, 539.26, 143.09, 539.26, 174.41, 539.26, 31.32, 14.68
5.40, 1, white car, 38.15, 527.91, 68.23, 542.01, 53.19, 534.96, 38.15, 534.96, 68.23, 534.96, 30.08, 14.11
5.40, 4, white car, 142.32, 531.94, 173.32, 546.47, 157.82, 539.20, 142.32, 539.20, 173.32, 539.20, 30.99, 14.53
5.43, 1, white car, 36.55, 527.80, 67.23, 542.20, 51.89, 535.00, 36.55, 535.00, 67.23, 535.00, 30.67, 14.40
5.43, 4, white car, 140.96, 531.94, 171.81, 546.36, 156.39, 539.15, 140.96, 539.15, 171.81, 539.15, 30.84, 14.42
5.47, 1, white car, 35.14, 527.53, 66.17, 542.13, 50.66, 534.83, 35.14, 534.83, 66.17, 534.83, 31.02, 14.60
5.47, 4, white car, 139.17, 531.84, 169.88, 546.14, 154.53, 538.99, 139.17, 538.99, 169.88, 538.99, 30.71, 14.30
5.50, 1, white car, 33.56, 527.45, 64.73, 542.16, 49.15, 534.81, 33.56, 534.81, 64.73, 534.81, 31.17, 14.70
5.50, 4, white car, 136.20, 531.57, 167.89, 546.23, 152.04, 538.90, 136.20, 538.90, 167.89, 538.90, 31.68, 14.66
5.53, 1, white car, 32.16, 527.55, 63.28, 542.24, 47.72, 534.90, 32.16, 534.90, 63.28, 534.90, 31.13, 14.70
5.53, 4, white car, 134.37, 531.23, 166.63, 546.08, 150.50, 538.65, 134.37, 538.65, 166.63, 538.65, 32.26, 14.85
5.57, 1, white car, 31.07, 527.48, 62.10, 542.13, 46.58, 534.81, 31.07, 534.81, 62.10, 534.81, 31.03, 14.65
5.57, 4, white car, 133.46, 531.17, 165.56, 545.85, 149.51, 538.51, 133.46, 538.51, 165.56, 538.51, 32.11, 14.68
5.60, 1, white car, 29.94, 527.54, 60.87, 542.11, 45.41, 534.82, 29.94, 534.82, 60.87, 534.82, 30.93, 14.57
5.60, 4, white car, 132.24, 530.97, 164.81, 545.82, 148.53, 538.40, 132.24, 538.40, 164.81, 538.40, 32.57, 14.85
5.63, 1, white car, 28.79, 527.51, 59.39, 541.88, 44.09, 534.69, 28.79, 534.69, 59.39, 534.69, 30.60, 14.37
5.63, 4, white car, 130.57, 530.59, 164.06, 545.93, 147.31, 538.26, 130.57, 538.26, 164.06, 538.26, 33.49, 15.34
5.67, 1, white car, 27.31, 527.48, 57.87, 541.81, 42.59, 534.64, 27.31, 534.64, 57.87, 534.64, 30.56, 14.33
5.67, 4, white car, 129.45, 530.51, 162.98, 545.96, 146.21, 538.24, 129.45, 538.24, 162.98, 538.24, 33.53, 15.45
5.70, 1, white car, 25.38, 527.38, 56.12, 541.81, 40.75, 534.59, 25.38, 534.59, 56.12, 534.59, 30.74, 14.43
5.70, 4, white car, 128.79, 530.49, 161.59, 545.66, 145.19, 538.08, 128.79, 538.08, 161.59, 538.08, 32.80, 15.17
5.73, 1, white car, 24.11, 527.37, 54.85, 541.81, 39.48, 534.59, 24.11, 534.59, 54.85, 534.59, 30.74, 14.44
5.73, 4, white car, 127.84, 530.52, 160.17, 545.55, 144.01, 538.04, 127.84, 538.04, 160.17, 538.04, 32.33, 15.02
5.77, 1, white car, 22.69, 527.31, 53.51, 541.79, 38.10, 534.55, 22.69, 534.55, 53.51, 534.55, 30.83, 14.48
5.77, 4, white car, 126.64, 530.42, 158.75, 545.40, 142.69, 537.91, 126.64, 537.91, 158.75, 537.91, 32.11, 14.98
5.80, 1, white car, 21.35, 527.27, 52.36, 541.85, 36.86, 534.56, 21.35, 534.56, 52.36, 534.56, 31.01, 14.59
5.80, 4, white car, 125.33, 530.44, 157.07, 545.31, 141.20, 537.88, 125.33, 537.88, 157.07, 537.88, 31.74, 14.87
5.83, 1, white car, 19.91, 527.20, 50.79, 541.76, 35.35, 534.48, 19.91, 534.48, 50.79, 534.48, 30.88, 14.56
5.83, 4, white car, 123.90, 530.40, 155.63, 545.33, 139.76, 537.86, 123.90, 537.86, 155.63, 537.86, 31.72, 14.92
5.87, 1, white car, 18.64, 527.06, 49.21, 541.48, 33.92, 534.27, 18.64, 534.27, 49.21, 534.27, 30.57, 14.42
5.87, 4, white car, 122.56, 530.28, 153.91, 545.04, 138.24, 537.66, 122.56, 537.66, 153.91, 537.66, 31.35, 14.76
5.90, 1, white car, 17.29, 527.02, 47.82, 541.42, 32.55, 534.22, 17.29, 534.22, 47.82, 534.22, 30.52, 14.41
5.90, 4, white car, 121.50, 530.35, 152.44, 544.90, 136.97, 537.63, 121.50, 537.63, 152.44, 537.63, 30.94, 14.56
5.93, 1, white car, 16.19, 527.00, 46.64, 541.38, 31.41, 534.19, 16.19, 534.19, 46.64, 534.19, 30.45, 14.37
5.93, 4, white car, 120.22, 530.34, 151.16, 544.90, 135.69, 537.62, 120.22, 537.62, 151.16, 537.62, 30.94, 14.56
5.97, 1, white car, 15.23, 526.97, 45.40, 541.21, 30.32, 534.09, 15.23, 534.09, 45.40, 534.09, 30.17, 14.24
5.97, 4, white car, 118.46, 530.27, 149.77, 545.04, 134.11, 537.65, 118.46, 537.65, 149.77, 537.65, 31.31, 14.77
6.00, 1, white car, 13.97, 526.94, 44.24, 541.23, 29.10, 534.09, 13.97, 534.09, 44.24, 534.09, 30.26, 14.29
6.00, 4, white car, 117.10, 530.38, 148.60, 545.23, 132.85, 537.80, 117.10, 537.80, 148.60, 537.80, 31.50, 14.86
6.03, 1, white car, 12.79, 526.97, 42.86, 541.15, 27.83, 534.06, 12.79, 534.06, 42.86, 534.06, 30.08, 14.18
6.03, 4, white car, 116.11, 530.55, 146.79, 544.94, 131.45, 537.74, 116.11, 537.74, 146.79, 537.74, 30.68, 14.39
6.07, 1, white car, 11.49, 526.96, 41.47, 541.08, 26.48, 534.02, 11.49, 534.02, 41.47, 534.02, 29.98, 14.13
6.07, 4, white car, 115.22, 530.84, 145.31, 544.86, 130.26, 537.85, 115.22, 537.85, 145.31, 537.85, 30.09, 14.03
6.10, 1, white car, 10.39, 526.88, 40.38, 541.01, 25.38, 533.94, 10.39, 533.94, 40.38, 533.94, 29.99, 14.13
6.10, 4, white car, 114.13, 530.95, 143.40, 544.52, 128.77, 537.74, 114.13, 537.74, 143.40, 537.74, 29.27, 13.57
6.13, 1, white car, 9.03, 526.76, 39.27, 541.00, 24.15, 533.88, 9.03, 533.88, 39.27, 533.88, 30.24, 14.24
6.13, 4, white car, 111.56, 530.72, 141.71, 544.64, 126.63, 537.68, 111.56, 537.68, 141.71, 537.68, 30.14, 13.92
6.17, 1, white car, 7.31, 526.73, 37.64, 541.03, 22.47, 533.88, 7.31, 533.88, 37.64, 533.88, 30.33, 14.30
6.17, 4, white car, 109.45, 530.87, 139.87, 544.86, 124.66, 537.86, 109.45, 537.86, 139.87, 537.86, 30.42, 13.98
6.20, 1, white car, 5.95, 526.74, 36.03, 540.92, 20.99, 533.83, 5.95, 533.83, 36.03, 533.83, 30.07, 14.18
6.20, 4, white car, 108.04, 530.87, 138.69, 544.93, 123.37, 537.90, 108.04, 537.90, 138.69, 537.90, 30.64, 14.05
6.23, 1, white car, 4.46, 526.68, 34.46, 540.80, 19.46, 533.74, 4.46, 533.74, 34.46, 533.74, 30.00, 14.11
6.23, 4, white car, 106.64, 530.67, 137.56, 544.81, 122.10, 537.74, 106.64, 537.74, 137.56, 537.74, 30.92, 14.14
6.27, 1, white car, 3.11, 526.56, 33.40, 540.79, 18.25, 533.67, 3.11, 533.67, 33.40, 533.67, 30.29, 14.23
6.27, 4, white car, 105.90, 530.78, 135.98, 544.50, 120.94, 537.64, 105.90, 537.64, 135.98, 537.64, 30.08, 13.71
6.30, 1, white car, 2.14, 526.49, 32.63, 540.78, 17.39, 533.64, 2.14, 533.64, 32.63, 533.64, 30.49, 14.29
6.30, 4, white car, 104.59, 530.78, 134.75, 544.48, 119.67, 537.63, 104.59, 537.63, 134.75, 537.63, 30.16, 13.70
6.33, 1, white car, 0.93, 526.42, 31.03, 540.55, 15.98, 533.49, 0.93, 533.49, 31.03, 533.49, 30.11, 14.12
6.33, 4, white car, 102.87, 530.56, 133.59, 544.49, 118.23, 537.53, 102.87, 537.53, 133.59, 537.53, 30.72, 13.93
6.37, 1, white car, 0.00, 526.42, 29.68, 540.43, 14.84, 533.43, 0.00, 533.43, 29.68, 533.43, 29.68, 14.01
6.37, 4, white car, 101.14, 530.47, 131.90, 544.46, 116.52, 537.46, 101.14, 537.46, 131.90, 537.46, 30.76, 13.99
6.40, 1, white car, 0.00, 526.27, 28.74, 540.50, 14.37, 533.38, 0.00, 533.38, 28.74, 533.38, 28.74, 14.23
6.40, 4, white car, 100.24, 530.42, 130.73, 544.29, 115.48, 537.35, 100.24, 537.35, 130.73, 537.35, 30.49, 13.87
6.43, 1, white car, 0.00, 526.22, 27.98, 540.51, 13.99, 533.37, 0.00, 533.37, 27.98, 533.37, 27.98, 14.28
6.43, 4, white car, 98.89, 530.34, 129.42, 544.24, 114.15, 537.29, 98.89, 537.29, 129.42, 537.29, 30.53, 13.90
6.47, 1, white car, 0.00, 526.30, 27.25, 540.52, 13.62, 533.41, 0.00, 533.41, 27.25, 533.41, 27.25, 14.22
6.47, 4, white car, 97.54, 530.27, 128.06, 544.15, 112.80, 537.21, 97.54, 537.21, 128.06, 537.21, 30.52, 13.88
6.50, 1, white car, 0.00, 526.23, 26.27, 540.30, 13.13, 533.26, 0.00, 533.26, 26.27, 533.26, 26.27, 14.07
6.50, 4, white car, 95.98, 530.08, 126.76, 544.11, 111.37, 537.09, 95.98, 537.09, 126.76, 537.09, 30.79, 14.03
6.53, 1, white car, 0.00, 526.27, 25.15, 540.28, 12.57, 533.28, 0.00, 533.28, 25.15, 533.28, 25.15, 14.01
6.53, 4, white car, 94.60, 530.09, 125.10, 544.00, 109.85, 537.05, 94.60, 537.05, 125.10, 537.05, 30.50, 13.91
6.57, 1, white car, 0.00, 526.34, 23.85, 539.93, 11.92, 533.13, 0.00, 533.13, 23.85, 533.13, 23.85, 13.59
6.57, 4, white car, 93.41, 530.19, 123.50, 543.90, 108.46, 537.04, 93.41, 537.04, 123.50, 537.04, 30.10, 13.72
6.60, 1, white car, 0.00, 525.92, 23.01, 539.74, 11.50, 532.83, 0.00, 532.83, 23.01, 532.83, 23.01, 13.83
6.60, 4, white car, 91.80, 529.90, 122.36, 543.83, 107.08, 536.86, 91.80, 536.86, 122.36, 536.86, 30.56, 13.94
6.63, 1, white car, 0.00, 525.83, 22.11, 539.67, 11.05, 532.75, 0.00, 532.75, 22.11, 532.75, 22.11, 13.84
6.63, 4, white car, 90.05, 529.76, 121.16, 543.99, 105.60, 536.88, 90.05, 536.88, 121.16, 536.88, 31.12, 14.23
6.67, 1, white car, 0.00, 525.83, 21.48, 539.65, 10.74, 532.74, 0.00, 532.74, 21.48, 532.74, 21.48, 13.82
6.67, 4, white car, 88.81, 529.61, 120.08, 543.93, 104.44, 536.77, 88.81, 536.77, 120.08, 536.77, 31.27, 14.32
6.70, 1, white car, 0.00, 526.00, 20.12, 539.44, 10.06, 532.72, 0.00, 532.72, 20.12, 532.72, 20.12, 13.44
6.70, 4, white car, 87.61, 529.53, 119.01, 543.93, 103.31, 536.73, 87.61, 536.73, 119.01, 536.73, 31.40, 14.40
6.73, 1, white car, 0.00, 526.37, 18.64, 539.29, 9.32, 532.83, 0.00, 532.83, 18.64, 532.83, 18.64, 12.91
6.73, 4, white car, 86.59, 529.64, 117.36, 543.76, 101.98, 536.70, 86.59, 536.70, 117.36, 536.70, 30.77, 14.13
6.77, 1, white car, 0.00, 526.31, 17.63, 539.25, 8.82, 532.78, 0.00, 532.78, 17.63, 532.78, 17.63, 12.94
6.77, 4, white car, 85.31, 529.52, 116.12, 543.68, 100.71, 536.60, 85.31, 536.60, 116.12, 536.60, 30.81, 14.16
6.80, 1, white car, 0.00, 526.05, 16.84, 539.28, 8.42, 532.67, 0.00, 532.67, 16.84, 532.67, 16.84, 13.23
6.80, 4, white car, 83.87, 529.39, 115.21, 543.85, 99.54, 536.62, 83.87, 536.62, 115.21, 536.62, 31.34, 14.45
6.83, 1, white car, 0.00, 525.48, 16.10, 539.29, 8.05, 532.39, 0.00, 532.39, 16.10, 532.39, 16.10, 13.82
6.83, 4, white car, 82.59, 529.33, 113.60, 543.65, 98.09, 536.49, 82.59, 536.49, 113.60, 536.49, 31.00, 14.32
6.87, 4, white car, 81.38, 529.32, 112.17, 543.55, 96.77, 536.43, 81.38, 536.43, 112.17, 536.43, 30.79, 14.23
6.90, 4, white car, 80.21, 529.34, 110.59, 543.36, 95.40, 536.35, 80.21, 536.35, 110.59, 536.35, 30.38, 14.03
6.93, 4, white car, 78.94, 529.24, 109.38, 543.27, 94.16, 536.25, 78.94, 536.25, 109.38, 536.25, 30.44, 14.03
6.97, 4, white car, 77.52, 528.88, 108.53, 543.15, 93.02, 536.02, 77.52, 536.02, 108.53, 536.02, 31.02, 14.27
7.00, 4, white car, 76.26, 528.77, 107.32, 543.01, 91.79, 535.89, 76.26, 535.89, 107.32, 535.89, 31.06, 14.23
7.03, 4, white car, 75.09, 528.74, 106.59, 543.13, 90.84, 535.93, 75.09, 535.93, 106.59, 535.93, 31.50, 14.38
7.07, 4, white car, 73.76, 528.69, 105.45, 543.10, 89.60, 535.90, 73.76, 535.90, 105.45, 535.90, 31.70, 14.41
7.10, 4, white car, 72.33, 528.65, 103.86, 542.93, 88.10, 535.79, 72.33, 535.79, 103.86, 535.79, 31.53, 14.28
7.13, 4, white car, 70.78, 528.65, 101.98, 542.76, 86.38, 535.70, 70.78, 535.70, 101.98, 535.70, 31.20, 14.11
7.17, 4, white car, 69.01, 528.65, 100.00, 542.67, 84.50, 535.66, 69.01, 535.66, 100.00, 535.66, 30.99, 14.02
7.20, 4, white car, 67.73, 528.57, 98.72, 542.62, 83.23, 535.59, 67.73, 535.59, 98.72, 535.59, 30.99, 14.05
7.23, 4, white car, 66.17, 528.25, 97.53, 542.54, 81.85, 535.40, 66.17, 535.40, 97.53, 535.40, 31.36, 14.29
7.27, 4, white car, 64.73, 528.04, 96.38, 542.52, 80.55, 535.28, 64.73, 535.28, 96.38, 535.28, 31.65, 14.48
7.30, 4, white car, 63.28, 527.76, 95.27, 542.47, 79.27, 535.12, 63.28, 535.12, 95.27, 535.12, 31.99, 14.71
7.33, 4, white car, 61.93, 527.77, 93.75, 542.49, 77.84, 535.13, 61.93, 535.13, 93.75, 535.13, 31.82, 14.72
7.37, 4, white car, 60.81, 527.81, 92.41, 542.48, 76.61, 535.14, 60.81, 535.14, 92.41, 535.14, 31.60, 14.66
7.40, 4, white car, 59.71, 527.68, 91.19, 542.32, 75.45, 535.00, 59.71, 535.00, 91.19, 535.00, 31.49, 14.63
7.43, 4, white car, 58.63, 527.73, 89.84, 542.26, 74.24, 535.00, 58.63, 535.00, 89.84, 535.00, 31.21, 14.54
7.47, 4, white car, 57.33, 527.77, 88.42, 542.25, 72.88, 535.01, 57.33, 535.01, 88.42, 535.01, 31.09, 14.47
7.50, 4, white car, 56.03, 527.62, 87.47, 542.27, 71.75, 534.95, 56.03, 534.95, 87.47, 534.95, 31.44, 14.64
7.53, 4, white car, 54.73, 527.68, 85.73, 542.11, 70.23, 534.89, 54.73, 534.89, 85.73, 534.89, 30.99, 14.44
7.57, 4, white car, 53.42, 527.48, 84.53, 541.99, 68.97, 534.73, 53.42, 534.73, 84.53, 534.73, 31.11, 14.51
7.60, 4, white car, 52.09, 527.36, 83.17, 541.86, 67.63, 534.61, 52.09, 534.61, 83.17, 534.61, 31.08, 14.51
7.63, 4, white car, 50.46, 527.24, 81.66, 541.82, 66.06, 534.53, 50.46, 534.53, 81.66, 534.53, 31.20, 14.58
7.67, 4, white car, 48.97, 527.10, 80.40, 541.81, 64.68, 534.45, 48.97, 534.45, 80.40, 534.45, 31.43, 14.71
7.70, 4, white car, 47.33, 527.09, 78.86, 541.90, 63.09, 534.49, 47.33, 534.49, 78.86, 534.49, 31.52, 14.81
7.73, 4, white car, 46.24, 527.09, 77.76, 541.92, 62.00, 534.51, 46.24, 534.51, 77.76, 534.51, 31.52, 14.83
7.77, 4, white car, 45.12, 527.12, 76.46, 541.87, 60.79, 534.49, 45.12, 534.49, 76.46, 534.49, 31.34, 14.75
7.80, 4, white car, 44.01, 527.18, 74.96, 541.74, 59.48, 534.46, 44.01, 534.46, 74.96, 534.46, 30.95, 14.56
7.83, 4, white car, 42.75, 527.25, 73.51, 541.68, 58.13, 534.46, 42.75, 534.46, 73.51, 534.46, 30.77, 14.43
7.87, 4, white car, 41.31, 527.20, 72.21, 541.67, 56.76, 534.44, 41.31, 534.44, 72.21, 534.44, 30.90, 14.47
7.90, 4, white car, 39.99, 527.14, 70.94, 541.61, 55.47, 534.37, 39.99, 534.37, 70.94, 534.37, 30.95, 14.47
7.93, 4, white car, 38.71, 527.12, 69.61, 541.57, 54.16, 534.35, 38.71, 534.35, 69.61, 534.35, 30.90, 14.45
7.97, 4, white car, 37.07, 526.99, 68.04, 541.46, 52.56, 534.23, 37.07, 534.23, 68.04, 534.23, 30.97, 14.48
8.00, 4, white car, 35.53, 526.87, 66.85, 541.52, 51.19, 534.19, 35.53, 534.19, 66.85, 534.19, 31.32, 14.65
8.03, 4, white car, 34.06, 526.78, 65.74, 541.63, 49.90, 534.21, 34.06, 534.21, 65.74, 534.21, 31.69, 14.85
8.07, 4, white car, 32.64, 526.79, 64.29, 541.65, 48.47, 534.22, 32.64, 534.22, 64.29, 534.22, 31.65, 14.85
8.10, 4, white car, 31.35, 526.85, 62.91, 541.67, 47.13, 534.26, 31.35, 534.26, 62.91, 534.26, 31.55, 14.83
8.13, 4, white car, 30.24, 526.85, 61.61, 541.59, 45.93, 534.22, 30.24, 534.22, 61.61, 534.22, 31.37, 14.75
8.17, 4, white car, 29.01, 526.85, 60.02, 541.41, 44.51, 534.13, 29.01, 534.13, 60.02, 534.13, 31.01, 14.55
8.20, 4, white car, 27.76, 526.91, 58.46, 541.29, 43.11, 534.10, 27.76, 534.10, 58.46, 534.10, 30.70, 14.38
8.23, 4, white car, 26.23, 526.80, 57.06, 541.21, 41.65, 534.00, 26.23, 534.00, 57.06, 534.00, 30.83, 14.41
8.27, 4, white car, 24.64, 526.71, 55.48, 541.10, 40.06, 533.91, 24.64, 533.91, 55.48, 533.91, 30.84, 14.40
8.30, 4, white car, 23.35, 526.64, 54.01, 540.94, 38.68, 533.79, 23.35, 533.79, 54.01, 533.79, 30.65, 14.30
8.33, 4, white car, 21.98, 526.51, 52.81, 540.87, 37.40, 533.69, 21.98, 533.69, 52.81, 533.69, 30.83, 14.36
8.37, 4, white car, 20.30, 526.47, 51.31, 540.90, 35.80, 533.69, 20.30, 533.69, 51.31, 533.69, 31.01, 14.43
8.40, 4, white car, 18.92, 526.38, 49.73, 540.69, 34.33, 533.54, 18.92, 533.54, 49.73, 533.54, 30.81, 14.31
8.43, 4, white car, 17.33, 526.26, 48.43, 540.71, 32.88, 533.49, 17.33, 533.49, 48.43, 533.49, 31.10, 14.45
8.47, 4, white car, 16.12, 526.10, 47.34, 540.61, 31.73, 533.36, 16.12, 533.36, 47.34, 533.36, 31.22, 14.51
8.50, 4, white car, 15.35, 526.12, 46.37, 540.50, 30.86, 533.31, 15.35, 533.31, 46.37, 533.31, 31.02, 14.39
8.53, 4, white car, 13.93, 526.14, 44.94, 540.51, 29.44, 533.33, 13.93, 533.33, 44.94, 533.33, 31.01, 14.37
8.57, 4, white car, 12.31, 526.08, 43.57, 540.56, 27.94, 533.32, 12.31, 533.32, 43.57, 533.32, 31.26, 14.48
8.60, 4, white car, 10.77, 526.08, 41.97, 540.55, 26.37, 533.32, 10.77, 533.32, 41.97, 533.32, 31.20, 14.47
8.63, 4, white car, 9.44, 526.10, 40.28, 540.38, 24.86, 533.24, 9.44, 533.24, 40.28, 533.24, 30.84, 14.28
8.67, 4, white car, 8.06, 525.94, 38.87, 540.19, 23.47, 533.06, 8.06, 533.06, 38.87, 533.06, 30.81, 14.25
8.70, 4, white car, 6.82, 525.79, 37.70, 540.08, 22.26, 532.93, 6.82, 532.93, 37.70, 532.93, 30.87, 14.29
8.73, 4, white car, 5.09, 525.63, 36.17, 540.01, 20.63, 532.82, 5.09, 532.82, 36.17, 532.82, 31.07, 14.38
8.77, 4, white car, 3.61, 525.66, 34.93, 540.13, 19.27, 532.89, 3.61, 532.89, 34.93, 532.89, 31.32, 14.47
8.80, 4, white car, 2.35, 525.61, 33.69, 540.08, 18.02, 532.85, 2.35, 532.85, 33.69, 532.85, 31.34, 14.47
8.83, 4, white car, 1.52, 525.57, 32.34, 539.77, 16.93, 532.67, 1.52, 532.67, 32.34, 532.67, 30.82, 14.20
8.87, 4, white car, 0.67, 525.53, 31.06, 539.55, 15.86, 532.54, 0.67, 532.54, 31.06, 532.54, 30.40, 14.02
8.90, 4, white car, 0.00, 525.34, 29.92, 539.66, 14.96, 532.50, 0.00, 532.50, 29.92, 532.50, 29.92, 14.32
8.93, 4, white car, 0.00, 525.33, 29.10, 539.99, 14.55, 532.66, 0.00, 532.66, 29.10, 532.66, 29.10, 14.66
8.97, 4, white car, 0.00, 525.37, 28.28, 539.89, 14.14, 532.63, 0.00, 532.63, 28.28, 532.63, 28.28, 14.52
9.00, 4, white car, 0.00, 525.33, 27.21, 539.56, 13.61, 532.45, 0.00, 532.45, 27.21, 532.45, 27.21, 14.23
9.03, 4, white car, 0.00, 525.58, 26.02, 539.43, 13.01, 532.51, 0.00, 532.51, 26.02, 532.51, 26.02, 13.85
9.07, 4, white car, 0.00, 525.73, 24.98, 539.32, 12.49, 532.52, 0.00, 532.52, 24.98, 532.52, 24.98, 13.59
9.10, 4, white car, 0.00, 525.69, 23.72, 539.17, 11.86, 532.43, 0.00, 532.43, 23.72, 532.43, 23.72, 13.48
9.13, 4, white car, 0.00, 525.72, 22.72, 539.00, 11.36, 532.36, 0.00, 532.36, 22.72, 532.36, 22.72, 13.28
9.17, 4, white car, 0.00, 525.65, 21.67, 538.85, 10.83, 532.25, 0.00, 532.25, 21.67, 532.25, 21.67, 13.20
9.20, 4, white car, 0.00, 525.73, 20.52, 538.79, 10.26, 532.26, 0.00, 532.26, 20.52, 532.26, 20.52, 13.06
9.23, 4, white car, 0.00, 525.74, 19.67, 538.91, 9.84, 532.33, 0.00, 532.33, 19.67, 532.33, 19.67, 13.17
9.27, 4, white car, 0.00, 525.77, 18.95, 539.08, 9.47, 532.43, 0.00, 532.43, 18.95, 532.43, 18.95, 13.31
9.30, 4, white car, 0.00, 525.91, 17.75, 538.99, 8.87, 532.45, 0.00, 532.45, 17.75, 532.45, 17.75, 13.08
9.33, 4, white car, 0.00, 525.93, 16.56, 538.97, 8.28, 532.45, 0.00, 532.45, 16.56, 532.45, 16.56, 13.04
9.37, 4, white car, 0.00, 525.85, 15.52, 539.16, 7.76, 532.51, 0.00, 532.51, 15.52, 532.51, 15.52, 13.31
9.40, 4, white car, 0.00, 525.77, 14.41, 539.25, 7.21, 532.51, 0.00, 532.51, 14.41, 532.51, 14.41, 13.48
9.43, 4, white car, 0.00, 525.77, 13.38, 539.21, 6.69, 532.49, 0.00, 532.49, 13.38, 532.49, 13.38, 13.44
9.47, 4, white car, 0.00, 525.73, 12.59, 539.26, 6.29, 532.49, 0.00, 532.49, 12.59, 532.49, 12.59, 13.53
