0.00, 4, white car, 20.41, 457.26, 49.38, 469.34, 34.89, 463.30, 20.41, 463.30, 49.38, 463.30, 28.97, 12.08
0.00, 14, white car, 962.02, 546.71, 990.02, 558.42, 976.02, 552.57, 962.02, 552.57, 990.02, 552.57, 27.99, 11.70
0.00, 24, white car, 860.45, 543.09, 888.42, 556.47, 874.44, 549.78, 860.45, 549.78, 888.42, 549.78, 27.98, 13.39
0.03, 4, white car, 20.01, 457.34, 48.76, 469.33, 34.39, 463.34, 20.01, 463.34, 48.76, 463.34, 28.76, 11.99
0.03, 14, white car, 960.03, 546.78, 987.98, 558.46, 974.01, 552.62, 960.03, 552.62, 987.98, 552.62, 27.95, 11.68
0.03, 24, white car, 858.57, 543.11, 886.25, 556.36, 872.41, 549.73, 858.57, 549.73, 886.25, 549.73, 27.68, 13.25
0.07, 4, white car, 19.41, 457.17, 48.11, 469.15, 33.76, 463.16, 19.41, 463.16, 48.11, 463.16, 28.70, 11.98
0.07, 14, white car, 957.67, 546.54, 986.01, 558.36, 971.84, 552.45, 957.67, 552.45, 986.01, 552.45, 28.34, 11.83
0.07, 24, white car, 856.08, 542.92, 883.83, 556.21, 869.96, 549.56, 856.08, 549.56, 883.83, 549.56, 27.75, 13.29
0.10, 4, white car, 19.11, 456.99, 47.69, 468.94, 33.40, 462.97, 19.11, 462.97, 47.69, 462.97, 28.57, 11.95
0.10, 14, white car, 954.71, 546.28, 983.45, 558.28, 969.08, 552.28, 954.71, 552.28, 983.45, 552.28, 28.74, 11.99
0.10, 24, white car, 853.13, 542.51, 880.68, 555.70, 866.90, 549.11, 853.13, 549.11, 880.68, 549.11, 27.54, 13.19
0.13, 4, white car, 18.67, 456.99, 46.92, 468.83, 32.80, 462.91, 18.67, 462.91, 46.92, 462.91, 28.25, 11.84
0.13, 14, white car, 951.45, 546.13, 980.86, 558.42, 966.16, 552.27, 951.45, 552.27, 980.86, 552.27, 29.41, 12.28
0.13, 24, white car, 850.51, 542.28, 878.47, 555.64, 864.49, 548.96, 850.51, 548.96, 878.47, 548.96, 27.96, 13.37
0.17, 4, white car, 18.26, 456.96, 46.33, 468.74, 32.30, 462.85, 18.26, 462.85, 46.33, 462.85, 28.07, 11.79
0.17, 14, white car, 948.33, 545.91, 978.03, 558.32, 963.18, 552.11, 948.33, 552.11, 978.03, 552.11, 29.70, 12.41
0.17, 24, white car, 848.07, 541.85, 876.17, 555.28, 862.12, 548.56, 848.07, 548.56, 876.17, 548.56, 28.10, 13.43
0.20, 4, white car, 17.57, 456.86, 45.89, 468.78, 31.73, 462.82, 17.57, 462.82, 45.89, 462.82, 28.32, 11.91
0.20, 14, white car, 945.56, 545.76, 975.22, 558.14, 960.39, 551.95, 945.56, 551.95, 975.22, 551.95, 29.66, 12.38
0.20, 24, white car, 845.63, 541.65, 873.63, 555.05, 859.63, 548.35, 845.63, 548.35, 873.63, 548.35, 28.00, 13.40
0.23, 4, white car, 17.01, 456.93, 45.41, 468.90, 31.21, 462.92, 17.01, 462.92, 45.41, 462.92, 28.40, 11.97
0.23, 14, white car, 942.94, 545.67, 972.54, 558.02, 957.74, 551.84, 942.94, 551.84, 972.54, 551.84, 29.61, 12.35
0.23, 24, white car, 843.16, 541.79, 870.87, 555.07, 857.02, 548.43, 843.16, 548.43, 870.87, 548.43, 27.71, 13.28
0.27, 4, white car, 16.30, 456.74, 45.01, 468.87, 30.66, 462.80, 16.30, 462.80, 45.01, 462.80, 28.71, 12.13
0.27, 14, white car, 940.47, 545.45, 969.86, 557.68, 955.16, 551.56, 940.47, 551.56, 969.86, 551.56, 29.39, 12.23
0.27, 24, white car, 840.65, 541.64, 867.93, 554.72, 854.29, 548.18, 840.65, 548.18, 867.93, 548.18, 27.28, 13.07
0.30, 4, white car, 15.76, 456.47, 44.62, 468.72, 30.19, 462.60, 15.76, 462.60, 44.62, 462.60, 28.86, 12.24
0.30, 14, white car, 937.63, 545.05, 967.33, 557.42, 952.48, 551.24, 937.63, 551.24, 967.33, 551.24, 29.70, 12.37
0.30, 24, white car, 838.07, 541.32, 865.12, 554.28, 851.59, 547.80, 838.07, 547.80, 865.12, 547.80, 27.06, 12.96
0.33, 4, white car, 15.28, 456.42, 44.17, 468.73, 29.73, 462.58, 15.28, 462.58, 44.17, 462.58, 28.89, 12.31
0.33, 14, white car, 934.55, 544.80, 964.54, 557.29, 949.54, 551.04, 934.55, 551.04, 964.54, 551.04, 29.99, 12.49
0.33, 24, white car, 835.23, 541.18, 862.72, 554.33, 848.97, 547.76, 835.23, 547.76, 862.72, 547.76, 27.49, 13.16
0.37, 4, white car, 14.90, 456.31, 43.75, 468.64, 29.32, 462.48, 14.90, 462.48, 43.75, 462.48, 28.85, 12.34
0.37, 14, white car, 932.10, 544.68, 961.86, 557.07, 946.98, 550.87, 932.10, 550.87, 961.86, 550.87, 29.76, 12.40
0.37, 24, white car, 832.91, 540.77, 860.28, 553.87, 846.60, 547.32, 832.91, 547.32, 860.28, 547.32, 27.37, 13.10
0.40, 4, white car, 14.38, 456.21, 43.24, 468.58, 28.81, 462.39, 14.38, 462.39, 43.24, 462.39, 28.86, 12.37
0.40, 14, white car, 929.60, 544.67, 959.24, 557.03, 944.42, 550.85, 929.60, 550.85, 959.24, 550.85, 29.64, 12.36
0.40, 24, white car, 830.59, 540.58, 858.26, 553.82, 844.43, 547.20, 830.59, 547.20, 858.26, 547.20, 27.67, 13.24
0.43, 4, white car, 13.57, 456.19, 42.41, 468.60, 27.99, 462.40, 13.57, 462.40, 42.41, 462.40, 28.84, 12.41
0.43, 14, white car, 927.16, 544.62, 956.54, 556.87, 941.85, 550.75, 927.16, 550.75, 956.54, 550.75, 29.38, 12.25
0.43, 24, white car, 828.21, 540.49, 855.87, 553.73, 842.04, 547.11, 828.21, 547.11, 855.87, 547.11, 27.66, 13.24
0.47, 4, white car, 12.80, 456.10, 41.87, 468.67, 27.33, 462.39, 12.80, 462.39, 41.87, 462.39, 29.08, 12.57
0.47, 14, white car, 924.86, 544.59, 954.12, 556.80, 939.49, 550.70, 924.86, 550.70, 954.12, 550.70, 29.26, 12.21
0.47, 24, white car, 826.09, 540.40, 853.44, 553.50, 839.76, 546.95, 826.09, 546.95, 853.44, 546.95, 27.35, 13.10
0.50, 4, white car, 12.20, 455.99, 41.27, 468.63, 26.74, 462.31, 12.20, 462.31, 41.27, 462.31, 29.07, 12.64
0.50, 14, white car, 921.80, 544.43, 951.59, 556.88, 936.69, 550.66, 921.80, 550.66, 951.59, 550.66, 29.79, 12.45
0.50, 24, white car, 823.91, 540.34, 851.04, 553.29, 837.47, 546.82, 823.91, 546.82, 851.04, 546.82, 27.12, 12.95
0.53, 4, white car, 11.64, 455.92, 40.55, 468.56, 26.10, 462.24, 11.64, 462.24, 40.55, 462.24, 28.91, 12.64
0.53, 14, white car, 919.14, 544.34, 948.80, 556.76, 933.97, 550.55, 919.14, 550.55, 948.80, 550.55, 29.66, 12.42
0.53, 24, white car, 821.27, 540.37, 848.20, 553.17, 834.74, 546.77, 821.27, 546.77, 848.20, 546.77, 26.93, 12.80
0.57, 4, white car, 11.02, 455.81, 39.96, 468.53, 25.49, 462.17, 11.02, 462.17, 39.96, 462.17, 28.93, 12.71
0.57, 14, white car, 916.50, 544.24, 946.06, 556.64, 931.28, 550.44, 916.50, 550.44, 946.06, 550.44, 29.56, 12.40
0.57, 24, white car, 819.00, 540.22, 845.53, 552.77, 832.27, 546.50, 819.00, 546.50, 845.53, 546.50, 26.52, 12.55
0.60, 4, white car, 10.62, 455.70, 39.54, 468.46, 25.08, 462.08, 10.62, 462.08, 39.54, 462.08, 28.92, 12.76
0.60, 14, white car, 914.07, 544.40, 943.09, 556.54, 928.58, 550.47, 914.07, 550.47, 943.09, 550.47, 29.02, 12.14
0.60, 24, white car, 816.79, 540.09, 843.42, 552.62, 830.11, 546.35, 816.79, 546.35, 843.42, 546.35, 26.63, 12.53
0.63, 4, white car, 10.19, 455.61, 39.12, 468.42, 24.66, 462.02, 10.19, 462.02, 39.12, 462.02, 28.93, 12.81
0.63, 14, white car, 911.52, 544.25, 940.37, 556.32, 925.94, 550.29, 911.52, 550.29, 940.37, 550.29, 28.86, 12.07
0.63, 24, white car, 813.98, 540.12, 840.93, 552.76, 827.46, 546.44, 813.98, 546.44, 840.93, 546.44, 26.95, 12.63
0.67, 4, white car, 9.74, 455.59, 38.54, 468.38, 24.14, 461.98, 9.74, 461.98, 38.54, 461.98, 28.80, 12.79
0.67, 14, white car, 908.76, 544.17, 937.50, 556.21, 923.13, 550.19, 908.76, 550.19, 937.50, 550.19, 28.75, 12.04
0.67, 24, white car, 811.74, 540.23, 838.60, 552.81, 825.17, 546.52, 811.74, 546.52, 838.60, 546.52, 26.86, 12.57
0.70, 4, white car, 9.27, 455.66, 37.87, 468.40, 23.57, 462.03, 9.27, 462.03, 37.87, 462.03, 28.60, 12.74
0.70, 14, white car, 905.98, 544.03, 934.74, 556.07, 920.36, 550.05, 905.98, 550.05, 934.74, 550.05, 28.76, 12.04
0.70, 24, white car, 808.81, 539.98, 836.26, 552.83, 822.54, 546.40, 808.81, 546.40, 836.26, 546.40, 27.46, 12.85
0.73, 4, white car, 8.89, 455.69, 37.27, 468.37, 23.08, 462.03, 8.89, 462.03, 37.27, 462.03, 28.39, 12.68
0.73, 14, white car, 903.37, 543.74, 932.27, 555.81, 917.82, 549.77, 903.37, 549.77, 932.27, 549.77, 28.89, 12.07
0.73, 24, white car, 805.92, 539.72, 833.96, 552.85, 819.94, 546.28, 805.92, 546.28, 833.96, 546.28, 28.04, 13.14
0.77, 4, white car, 8.49, 455.72, 36.55, 468.30, 22.52, 462.01, 8.49, 462.01, 36.55, 462.01, 28.06, 12.58
0.77, 14, white car, 900.93, 543.57, 930.17, 555.80, 915.55, 549.68, 900.93, 549.68, 930.17, 549.68, 29.24, 12.23
0.77, 24, white car, 803.69, 539.47, 831.07, 552.28, 817.38, 545.87, 803.69, 545.87, 831.07, 545.87, 27.38, 12.81
0.80, 4, white car, 8.18, 455.75, 35.99, 468.25, 22.09, 462.00, 8.18, 462.00, 35.99, 462.00, 27.80, 12.50
0.80, 14, white car, 898.65, 543.47, 927.93, 555.71, 913.29, 549.59, 898.65, 549.59, 927.93, 549.59, 29.28, 12.24
0.80, 24, white car, 801.32, 539.30, 828.20, 551.87, 814.76, 545.59, 801.32, 545.59, 828.20, 545.59, 26.88, 12.58
0.83, 4, white car, 7.87, 455.68, 35.53, 468.13, 21.70, 461.91, 7.87, 461.91, 35.53, 461.91, 27.66, 12.45
0.83, 14, white car, 895.72, 543.04, 925.49, 555.50, 910.60, 549.27, 895.72, 549.27, 925.49, 549.27, 29.77, 12.47
0.83, 24, white car, 798.94, 539.19, 825.90, 551.77, 812.42, 545.48, 798.94, 545.48, 825.90, 545.48, 26.96, 12.58
0.87, 4, white car, 7.57, 455.65, 35.10, 468.03, 21.34, 461.84, 7.57, 461.84, 35.10, 461.84, 27.53, 12.38
0.87, 14, white car, 893.03, 542.90, 922.81, 555.39, 907.92, 549.15, 893.03, 549.15, 922.81, 549.15, 29.78, 12.49
0.87, 24, white car, 796.90, 539.13, 823.18, 551.35, 810.04, 545.24, 796.90, 545.24, 823.18, 545.24, 26.28, 12.22
0.90, 4, white car, 7.28, 455.71, 34.47, 467.95, 20.88, 461.83, 7.28, 461.83, 34.47, 461.83, 27.20, 12.24
0.90, 14, white car, 890.38, 542.82, 920.22, 555.36, 905.30, 549.09, 890.38, 549.09, 920.22, 549.09, 29.84, 12.55
0.90, 24, white car, 794.04, 538.74, 821.39, 551.45, 807.71, 545.10, 794.04, 545.10, 821.39, 545.10, 27.35, 12.71
0.93, 4, white car, 6.88, 455.74, 33.99, 467.96, 20.44, 461.85, 6.88, 461.85, 33.99, 461.85, 27.12, 12.23
0.93, 14, white car, 887.82, 542.67, 917.88, 555.33, 902.85, 549.00, 887.82, 549.00, 917.88, 549.00, 30.06, 12.66
0.93, 24, white car, 791.63, 538.35, 819.39, 551.23, 805.51, 544.79, 791.63, 544.79, 819.39, 544.79, 27.77, 12.88
0.97, 4, white car, 6.49, 455.68, 33.76, 468.00, 20.13, 461.84, 6.49, 461.84, 33.76, 461.84, 27.27, 12.31
0.97, 14, white car, 885.51, 542.77, 915.31, 555.32, 900.41, 549.05, 885.51, 549.05, 915.31, 549.05, 29.80, 12.55
0.97, 24, white car, 789.37, 538.02, 816.50, 550.59, 802.94, 544.30, 789.37, 544.30, 816.50, 544.30, 27.13, 12.57
1.00, 4, white car, 6.06, 455.53, 33.45, 467.90, 19.76, 461.71, 6.06, 461.71, 33.45, 461.71, 27.39, 12.37
1.00, 14, white car, 883.20, 542.73, 912.89, 555.23, 898.04, 548.98, 883.20, 548.98, 912.89, 548.98, 29.69, 12.50
1.00, 24, white car, 787.01, 538.04, 813.73, 550.41, 800.37, 544.22, 787.01, 544.22, 813.73, 544.22, 26.71, 12.37
1.03, 4, white car, 5.85, 455.45, 33.20, 467.79, 19.53, 461.62, 5.85, 461.62, 33.20, 461.62, 27.36, 12.34
1.03, 14, white car, 880.53, 542.22, 910.58, 554.91, 895.55, 548.57, 880.53, 548.57, 910.58, 548.57, 30.05, 12.68
1.03, 24, white car, 784.84, 538.13, 811.42, 550.39, 798.13, 544.26, 784.84, 544.26, 811.42, 544.26, 26.58, 12.25
1.07, 4, white car, 5.44, 455.45, 32.95, 467.85, 19.19, 461.65, 5.44, 461.65, 32.95, 461.65, 27.52, 12.40
1.07, 14, white car, 878.08, 542.24, 907.79, 554.78, 892.94, 548.51, 878.08, 548.51, 907.79, 548.51, 29.71, 12.54
1.07, 24, white car, 782.66, 538.03, 809.36, 550.30, 796.01, 544.16, 782.66, 544.16, 809.36, 544.16, 26.70, 12.27
1.10, 4, white car, 4.97, 455.42, 32.66, 467.88, 18.82, 461.65, 4.97, 461.65, 32.66, 461.65, 27.69, 12.47
1.10, 14, white car, 875.69, 542.23, 905.01, 554.59, 890.35, 548.41, 875.69, 548.41, 905.01, 548.41, 29.32, 12.36
1.10, 24, white car, 779.84, 537.65, 807.23, 550.22, 793.53, 543.93, 779.84, 543.93, 807.23, 543.93, 27.39, 12.57
1.13, 4, white car, 4.62, 455.40, 32.34, 467.87, 18.48, 461.63, 4.62, 461.63, 32.34, 461.63, 27.72, 12.47
1.13, 14, white car, 873.22, 542.18, 902.40, 554.46, 887.81, 548.32, 873.22, 548.32, 902.40, 548.32, 29.19, 12.28
1.13, 24, white car, 777.35, 537.36, 805.22, 550.16, 791.28, 543.76, 777.35, 543.76, 805.22, 543.76, 27.87, 12.80
1.17, 4, white car, 4.25, 455.32, 31.94, 467.76, 18.09, 461.54, 4.25, 461.54, 31.94, 461.54, 27.69, 12.44
1.17, 14, white car, 870.52, 542.05, 900.23, 554.55, 885.38, 548.30, 870.52, 548.30, 900.23, 548.30, 29.70, 12.50
1.17, 24, white car, 774.83, 537.07, 802.75, 549.93, 788.79, 543.50, 774.83, 543.50, 802.75, 543.50, 27.92, 12.86
1.20, 4, white car, 3.75, 455.33, 31.26, 467.67, 17.50, 461.50, 3.75, 461.50, 31.26, 461.50, 27.51, 12.34
1.20, 14, white car, 868.07, 541.75, 898.05, 554.37, 883.06, 548.06, 868.07, 548.06, 898.05, 548.06, 29.98, 12.62
1.20, 24, white car, 772.45, 536.96, 800.30, 549.80, 786.38, 543.38, 772.45, 543.38, 800.30, 543.38, 27.85, 12.84
1.23, 4, white car, 2.93, 455.38, 30.62, 467.80, 16.78, 461.59, 2.93, 461.59, 30.62, 461.59, 27.69, 12.43
1.23, 14, white car, 865.88, 541.50, 895.37, 553.93, 880.63, 547.72, 865.88, 547.72, 895.37, 547.72, 29.49, 12.43
1.23, 24, white car, 770.28, 536.76, 797.93, 549.47, 784.10, 543.11, 770.28, 543.11, 797.93, 543.11, 27.65, 12.71
1.27, 4, white car, 2.22, 455.26, 30.21, 467.85, 16.21, 461.56, 2.22, 461.56, 30.21, 461.56, 27.99, 12.59
1.27, 14, white car, 863.46, 541.41, 892.78, 553.75, 878.12, 547.58, 863.46, 547.58, 892.78, 547.58, 29.31, 12.33
1.27, 24, white car, 767.89, 536.62, 795.35, 549.23, 781.62, 542.92, 767.89, 542.92, 795.35, 542.92, 27.45, 12.62
1.30, 4, white car, 1.84, 455.11, 30.00, 467.80, 15.92, 461.46, 1.84, 461.46, 30.00, 461.46, 28.16, 12.69
1.30, 14, white car, 860.91, 541.33, 890.17, 553.61, 875.54, 547.47, 860.91, 547.47, 890.17, 547.47, 29.26, 12.28
1.30, 24, white car, 765.56, 536.39, 792.99, 548.97, 779.28, 542.68, 765.56, 542.68, 792.99, 542.68, 27.43, 12.58
1.33, 4, white car, 1.60, 454.96, 29.92, 467.75, 15.76, 461.35, 1.60, 461.35, 29.92, 461.35, 28.32, 12.79
1.33, 14, white car, 858.57, 541.30, 887.70, 553.50, 873.14, 547.40, 858.57, 547.40, 887.70, 547.40, 29.13, 12.21
1.33, 24, white car, 763.29, 536.05, 790.56, 548.52, 776.92, 542.29, 763.29, 542.29, 790.56, 542.29, 27.27, 12.47
1.37, 4, white car, 1.39, 454.81, 29.83, 467.68, 15.61, 461.25, 1.39, 461.25, 29.83, 461.25, 28.44, 12.87
1.37, 14, white car, 855.79, 541.16, 885.25, 553.50, 870.52, 547.33, 855.79, 547.33, 885.25, 547.33, 29.46, 12.35
1.37, 24, white car, 760.71, 535.87, 788.09, 548.41, 774.40, 542.14, 760.71, 542.14, 788.09, 542.14, 27.37, 12.54
1.40, 4, white car, 1.18, 454.59, 29.74, 467.52, 15.46, 461.06, 1.18, 461.06, 29.74, 461.06, 28.55, 12.93
1.40, 14, white car, 853.40, 541.11, 882.85, 553.47, 868.13, 547.29, 853.40, 547.29, 882.85, 547.29, 29.45, 12.36
1.40, 24, white car, 758.34, 535.67, 785.33, 548.06, 771.83, 541.87, 758.34, 541.87, 785.33, 541.87, 26.99, 12.39
1.43, 4, white car, 0.89, 454.28, 29.62, 467.32, 15.25, 460.80, 0.89, 460.80, 29.62, 460.80, 28.72, 13.04
1.43, 14, white car, 851.11, 540.99, 880.33, 553.23, 865.72, 547.11, 851.11, 547.11, 880.33, 547.11, 29.21, 12.24
1.43, 24, white car, 756.17, 535.49, 782.97, 547.78, 769.57, 541.63, 756.17, 541.63, 782.97, 541.63, 26.80, 12.29
1.47, 4, white car, 0.35, 454.25, 29.41, 467.45, 14.88, 460.85, 0.35, 460.85, 29.41, 460.85, 29.06, 13.20
1.47, 14, white car, 848.85, 540.91, 877.76, 553.02, 863.30, 546.97, 848.85, 546.97, 877.76, 546.97, 28.91, 12.11
1.47, 24, white car, 753.39, 535.34, 780.29, 547.70, 766.84, 541.52, 753.39, 541.52, 780.29, 541.52, 26.90, 12.36
1.50, 4, white car, 0.00, 454.23, 29.02, 467.49, 14.51, 460.86, 0.00, 460.86, 29.02, 460.86, 29.02, 13.26
1.50, 14, white car, 846.20, 540.77, 875.09, 552.85, 860.64, 546.81, 846.20, 546.81, 875.09, 546.81, 28.89, 12.09
1.50, 24, white car, 750.58, 535.05, 777.78, 547.58, 764.18, 541.31, 750.58, 541.31, 777.78, 541.31, 27.20, 12.53
1.53, 4, white car, 0.00, 454.20, 28.77, 467.54, 14.39, 460.87, 0.00, 460.87, 28.77, 460.87, 28.77, 13.34
1.53, 14, white car, 843.69, 540.77, 872.47, 552.82, 858.08, 546.79, 843.69, 546.79, 872.47, 546.79, 28.78, 12.05
1.53, 24, white car, 748.18, 534.85, 775.78, 547.58, 761.98, 541.21, 748.18, 541.21, 775.78, 541.21, 27.60, 12.73
1.57, 4, white car, 0.00, 454.13, 28.70, 467.54, 14.35, 460.84, 0.00, 460.84, 28.70, 460.84, 28.70, 13.41
1.57, 14, white car, 841.39, 540.69, 870.44, 552.86, 855.91, 546.78, 841.39, 546.78, 870.44, 546.78, 29.05, 12.17
1.60, 4, white car, 0.00, 454.12, 28.45, 467.47, 14.22, 460.80, 0.00, 460.80, 28.45, 460.80, 28.45, 13.35
1.60, 14, white car, 838.83, 540.60, 868.01, 552.83, 853.42, 546.71, 838.83, 546.71, 868.01, 546.71, 29.18, 12.23
1.63, 4, white car, 0.00, 454.15, 28.31, 467.41, 14.16, 460.78, 0.00, 460.78, 28.31, 460.78, 28.31, 13.26
1.63, 14, white car, 836.28, 540.26, 865.74, 552.62, 851.01, 546.44, 836.28, 546.44, 865.74, 546.44, 29.46, 12.36
1.67, 4, white car, 0.00, 454.25, 27.87, 467.33, 13.94, 460.79, 0.00, 460.79, 27.87, 460.79, 27.87, 13.08
1.67, 14, white car, 834.05, 540.02, 863.29, 552.27, 848.67, 546.15, 834.05, 546.15, 863.29, 546.15, 29.24, 12.25
1.70, 4, white car, 0.00, 454.35, 27.43, 467.36, 13.72, 460.86, 0.00, 460.86, 27.43, 460.86, 27.43, 13.00
1.70, 14, white car, 831.93, 540.01, 860.37, 551.90, 846.15, 545.96, 831.93, 545.96, 860.37, 545.96, 28.44, 11.89
1.73, 4, white car, 0.00, 454.35, 27.06, 467.33, 13.53, 460.84, 0.00, 460.84, 27.06, 460.84, 27.06, 12.97
1.73, 14, white car, 829.61, 539.94, 857.43, 551.57, 843.52, 545.75, 829.61, 545.75, 857.43, 545.75, 27.82, 11.62
1.77, 4, white car, 0.00, 454.36, 26.80, 467.29, 13.40, 460.83, 0.00, 460.83, 26.80, 460.83, 26.80, 12.93
1.77, 14, white car, 826.86, 539.66, 855.33, 551.54, 841.10, 545.60, 826.86, 545.60, 855.33, 545.60, 28.47, 11.88
1.80, 4, white car, 0.00, 454.34, 27.11, 467.38, 13.56, 460.86, 0.00, 460.86, 27.11, 460.86, 27.11, 13.04
1.80, 14, white car, 824.60, 539.74, 852.88, 551.53, 838.74, 545.63, 824.60, 545.63, 852.88, 545.63, 28.28, 11.80
1.83, 4, white car, 0.00, 454.33, 27.46, 467.45, 13.73, 460.89, 0.00, 460.89, 27.46, 460.89, 27.46, 13.13
1.83, 14, white car, 822.21, 539.57, 850.11, 551.19, 836.16, 545.38, 822.21, 545.38, 850.11, 545.38, 27.89, 11.61
1.87, 4, white car, 0.00, 454.31, 27.47, 467.44, 13.73, 460.88, 0.00, 460.88, 27.47, 460.88, 27.47, 13.14
1.87, 14, white car, 819.62, 539.35, 847.78, 551.04, 833.70, 545.19, 819.62, 545.19, 847.78, 545.19, 28.16, 11.69
1.90, 4, white car, 0.00, 454.28, 27.08, 467.33, 13.54, 460.81, 0.00, 460.81, 27.08, 460.81, 27.08, 13.06
1.90, 14, white car, 817.23, 539.34, 845.29, 550.97, 831.26, 545.16, 817.23, 545.16, 845.29, 545.16, 28.06, 11.64
1.93, 4, white car, 0.00, 454.32, 26.81, 467.34, 13.41, 460.83, 0.00, 460.83, 26.81, 460.83, 26.81, 13.02
1.93, 14, white car, 814.38, 539.05, 842.84, 550.84, 828.61, 544.95, 814.38, 544.95, 842.84, 544.95, 28.46, 11.79
1.97, 4, white car, 0.00, 454.40, 26.34, 467.36, 13.17, 460.88, 0.00, 460.88, 26.34, 460.88, 26.34, 12.97
1.97, 14, white car, 811.86, 539.05, 840.71, 551.02, 826.29, 545.03, 811.86, 545.03, 840.71, 545.03, 28.85, 11.97
2.00, 4, white car, 0.00, 454.43, 26.40, 467.39, 13.20, 460.91, 0.00, 460.91, 26.40, 460.91, 26.40, 12.95
2.00, 14, white car, 809.39, 538.83, 838.46, 550.92, 823.92, 544.87, 809.39, 544.87, 838.46, 544.87, 29.07, 12.08
2.00, 24, white car, 715.65, 532.47, 742.37, 544.86, 729.01, 538.66, 715.65, 538.66, 742.37, 538.66, 26.72, 12.39
2.03, 4, white car, 0.00, 454.49, 26.07, 467.35, 13.04, 460.92, 0.00, 460.92, 26.07, 460.92, 26.07, 12.85
2.03, 14, white car, 807.07, 538.37, 836.45, 550.61, 821.76, 544.49, 807.07, 544.49, 836.45, 544.49, 29.38, 12.24
2.03, 24, white car, 713.66, 532.30, 740.51, 544.74, 727.08, 538.52, 713.66, 538.52, 740.51, 538.52, 26.85, 12.44
2.07, 4, white car, 0.00, 454.54, 25.58, 467.27, 12.79, 460.91, 0.00, 460.91, 25.58, 460.91, 25.58, 12.73
2.07, 14, white car, 804.72, 538.11, 834.22, 550.41, 819.47, 544.26, 804.72, 544.26, 834.22, 544.26, 29.50, 12.30
2.07, 24, white car, 711.60, 532.15, 738.55, 544.60, 725.08, 538.38, 711.60, 538.38, 738.55, 538.38, 26.95, 12.45
2.10, 4, white car, 0.00, 454.55, 25.38, 467.19, 12.69, 460.87, 0.00, 460.87, 25.38, 460.87, 25.38, 12.64
2.10, 14, white car, 802.64, 537.98, 831.74, 550.13, 817.19, 544.06, 802.64, 544.06, 831.74, 544.06, 29.10, 12.15
2.10, 24, white car, 708.84, 531.88, 736.19, 544.54, 722.51, 538.21, 708.84, 538.21, 736.19, 538.21, 27.35, 12.65
2.13, 4, white car, 0.00, 454.58, 25.17, 467.13, 12.59, 460.86, 0.00, 460.86, 25.17, 460.86, 25.17, 12.55
2.13, 14, white car, 800.25, 537.85, 828.99, 549.84, 814.62, 543.84, 800.25, 543.84, 828.99, 543.84, 28.73, 11.99
2.13, 24, white car, 706.65, 531.59, 734.23, 544.35, 720.44, 537.97, 706.65, 537.97, 734.23, 537.97, 27.58, 12.76
2.17, 4, white car, 0.00, 454.63, 25.04, 467.11, 12.52, 460.87, 0.00, 460.87, 25.04, 460.87, 25.04, 12.48
2.17, 14, white car, 797.93, 537.82, 826.49, 549.75, 812.21, 543.79, 797.93, 543.79, 826.49, 543.79, 28.56, 11.92
2.17, 24, white car, 704.60, 531.48, 731.51, 543.91, 718.06, 537.70, 704.60, 537.70, 731.51, 537.70, 26.90, 12.43
2.20, 4, white car, 0.00, 454.70, 24.84, 467.11, 12.42, 460.91, 0.00, 460.91, 24.84, 460.91, 24.84, 12.42
2.20, 14, white car, 795.43, 537.75, 823.96, 549.66, 809.70, 543.71, 795.43, 543.71, 823.96, 543.71, 28.53, 11.92
2.20, 24, white car, 702.39, 531.58, 728.46, 543.61, 715.43, 537.59, 702.39, 537.59, 728.46, 537.59, 26.07, 12.03
2.23, 4, white car, 0.00, 454.73, 24.38, 467.08, 12.19, 460.90, 0.00, 460.90, 24.38, 460.90, 24.38, 12.35
2.23, 14, white car, 793.43, 537.77, 821.65, 549.54, 807.54, 543.66, 793.43, 543.66, 821.65, 543.66, 28.22, 11.77
2.23, 24, white car, 700.36, 531.52, 726.30, 543.43, 713.33, 537.48, 700.36, 537.48, 726.30, 537.48, 25.94, 11.91
2.27, 4, white car, 0.00, 454.75, 23.70, 466.97, 11.85, 460.86, 0.00, 460.86, 23.70, 460.86, 23.70, 12.22
2.27, 14, white car, 791.07, 537.54, 819.47, 549.36, 805.27, 543.45, 791.07, 543.45, 819.47, 543.45, 28.40, 11.82
2.27, 24, white car, 698.15, 531.21, 724.13, 543.08, 711.14, 537.15, 698.15, 537.15, 724.13, 537.15, 25.99, 11.87
2.30, 4, white car, 0.00, 454.78, 23.06, 466.89, 11.53, 460.84, 0.00, 460.84, 23.06, 460.84, 23.06, 12.11
2.30, 14, white car, 788.52, 537.37, 817.12, 549.29, 802.82, 543.33, 788.52, 543.33, 817.12, 543.33, 28.60, 11.92
2.30, 24, white car, 695.08, 530.90, 722.18, 543.29, 708.63, 537.09, 695.08, 537.09, 722.18, 537.09, 27.10, 12.39
2.33, 4, white car, 0.00, 454.80, 22.43, 466.80, 11.21, 460.80, 0.00, 460.80, 22.43, 460.80, 22.43, 12.01
2.33, 14, white car, 785.83, 537.23, 814.60, 549.23, 800.22, 543.23, 785.83, 543.23, 814.60, 543.23, 28.76, 12.00
2.33, 24, white car, 692.70, 530.54, 719.95, 542.98, 706.32, 536.76, 692.70, 536.76, 719.95, 536.76, 27.25, 12.44
2.37, 4, white car, 0.00, 454.79, 21.98, 466.69, 10.99, 460.74, 0.00, 460.74, 21.98, 460.74, 21.98, 11.91
2.37, 14, white car, 783.29, 536.92, 812.17, 549.00, 797.73, 542.96, 783.29, 542.96, 812.17, 542.96, 28.88, 12.08
2.37, 24, white car, 690.52, 530.17, 717.87, 542.66, 704.19, 536.41, 690.52, 536.41, 717.87, 536.41, 27.36, 12.49
2.40, 4, white car, 0.00, 454.76, 21.69, 466.64, 10.85, 460.70, 0.00, 460.70, 21.69, 460.70, 21.69, 11.88
2.40, 14, white car, 780.89, 536.77, 809.88, 548.92, 795.38, 542.84, 780.89, 542.84, 809.88, 542.84, 28.98, 12.16
2.40, 24, white car, 688.34, 530.04, 715.66, 542.50, 702.00, 536.27, 688.34, 536.27, 715.66, 536.27, 27.32, 12.45
2.43, 4, white car, 0.00, 454.72, 21.32, 466.54, 10.66, 460.63, 0.00, 460.63, 21.32, 460.63, 21.32, 11.81
2.43, 14, white car, 778.65, 536.62, 807.66, 548.79, 793.15, 542.70, 778.65, 542.70, 807.66, 542.70, 29.01, 12.17
2.43, 24, white car, 685.75, 529.76, 713.08, 542.23, 699.41, 535.99, 685.75, 535.99, 713.08, 535.99, 27.33, 12.47
2.47, 4, white car, 0.00, 454.69, 21.00, 466.43, 10.50, 460.56, 0.00, 460.56, 21.00, 460.56, 21.00, 11.74
2.47, 14, white car, 776.48, 536.28, 805.34, 548.40, 790.91, 542.34, 776.48, 542.34, 805.34, 542.34, 28.86, 12.12
2.47, 24, white car, 683.34, 529.33, 711.08, 542.04, 697.21, 535.69, 683.34, 535.69, 711.08, 535.69, 27.74, 12.70
2.50, 4, white car, 0.00, 454.67, 20.80, 466.40, 10.40, 460.53, 0.00, 460.53, 20.80, 460.53, 20.80, 11.73
2.50, 14, white car, 774.44, 536.25, 802.81, 548.19, 788.62, 542.22, 774.44, 542.22, 802.81, 542.22, 28.37, 11.94
2.50, 24, white car, 681.27, 529.09, 709.34, 541.97, 695.30, 535.53, 681.27, 535.53, 709.34, 535.53, 28.07, 12.88
2.53, 4, white car, 0.00, 454.63, 20.67, 466.39, 10.33, 460.51, 0.00, 460.51, 20.67, 460.51, 20.67, 11.76
2.53, 14, white car, 772.15, 536.04, 800.72, 548.08, 786.44, 542.06, 772.15, 542.06, 800.72, 542.06, 28.57, 12.05
2.53, 24, white car, 678.55, 529.03, 706.97, 542.13, 692.76, 535.58, 678.55, 535.58, 706.97, 535.58, 28.42, 13.10
2.57, 4, white car, 0.00, 454.59, 20.63, 466.40, 10.31, 460.49, 0.00, 460.49, 20.63, 460.49, 20.63, 11.82
2.57, 14, white car, 769.77, 535.84, 798.50, 547.98, 784.13, 541.91, 769.77, 541.91, 798.50, 541.91, 28.73, 12.14
2.57, 24, white car, 675.65, 528.90, 704.04, 542.05, 689.84, 535.48, 675.65, 535.48, 704.04, 535.48, 28.38, 13.15
2.60, 4, white car, 0.00, 454.50, 20.70, 466.45, 10.35, 460.47, 0.00, 460.47, 20.70, 460.47, 20.70, 11.96
2.60, 14, white car, 767.29, 535.82, 796.08, 548.00, 781.69, 541.91, 767.29, 541.91, 796.08, 541.91, 28.79, 12.19
2.60, 24, white car, 673.98, 528.78, 701.91, 541.73, 687.94, 535.26, 673.98, 535.26, 701.91, 535.26, 27.93, 12.95
2.63, 4, white car, 0.00, 454.48, 20.71, 466.50, 10.36, 460.49, 0.00, 460.49, 20.71, 460.49, 20.71, 12.02
2.63, 14, white car, 765.16, 535.72, 793.93, 547.89, 779.55, 541.81, 765.16, 541.81, 793.93, 541.81, 28.77, 12.17
2.63, 24, white car, 672.08, 528.46, 699.37, 541.12, 685.72, 534.79, 672.08, 534.79, 699.37, 534.79, 27.29, 12.66
2.67, 4, white car, 0.00, 454.47, 20.65, 466.54, 10.33, 460.51, 0.00, 460.51, 20.65, 460.51, 20.65, 12.07
2.67, 14, white car, 762.64, 535.45, 791.70, 547.72, 777.17, 541.58, 762.64, 541.58, 791.70, 541.58, 29.06, 12.27
2.67, 24, white car, 669.31, 528.04, 696.78, 540.83, 683.04, 534.43, 669.31, 534.43, 696.78, 534.43, 27.47, 12.79
2.70, 4, white car, 0.00, 454.45, 20.75, 466.59, 10.37, 460.52, 0.00, 460.52, 20.75, 460.52, 20.75, 12.13
2.70, 14, white car, 760.33, 535.33, 789.42, 547.61, 774.87, 541.47, 760.33, 541.47, 789.42, 541.47, 29.10, 12.28
2.70, 24, white car, 667.46, 527.78, 695.07, 540.65, 681.26, 534.21, 667.46, 534.21, 695.07, 534.21, 27.60, 12.88
2.73, 4, white car, 0.00, 454.47, 20.79, 466.63, 10.40, 460.55, 0.00, 460.55, 20.79, 460.55, 20.79, 12.15
2.73, 14, white car, 757.62, 535.12, 787.30, 547.66, 772.46, 541.39, 757.62, 541.39, 787.30, 541.39, 29.68, 12.54
2.73, 24, white car, 665.54, 527.60, 693.13, 540.46, 679.33, 534.03, 665.54, 534.03, 693.13, 534.03, 27.58, 12.86
2.77, 4, white car, 0.00, 454.53, 20.77, 466.67, 10.39, 460.60, 0.00, 460.60, 20.77, 460.60, 20.77, 12.13
2.77, 14, white car, 755.42, 535.01, 785.10, 547.60, 770.26, 541.31, 755.42, 541.31, 785.10, 541.31, 29.68, 12.60
2.77, 24, white car, 663.32, 527.41, 690.36, 540.05, 676.84, 533.73, 663.32, 533.73, 690.36, 533.73, 27.05, 12.64
2.80, 4, white car, 0.00, 454.57, 20.67, 466.65, 10.34, 460.61, 0.00, 460.61, 20.67, 460.61, 20.67, 12.09
2.80, 24, white car, 661.21, 527.16, 688.05, 539.71, 674.63, 533.43, 661.21, 533.43, 688.05, 533.43, 26.84, 12.55
2.83, 4, white car, 0.00, 454.56, 20.58, 466.66, 10.29, 460.61, 0.00, 460.61, 20.58, 460.61, 20.58, 12.10
2.83, 24, white car, 659.11, 527.01, 685.72, 539.49, 672.42, 533.25, 659.11, 533.25, 685.72, 533.25, 26.60, 12.48
2.87, 4, white car, 0.00, 454.58, 20.54, 466.68, 10.27, 460.63, 0.00, 460.63, 20.54, 460.63, 20.54, 12.10
2.87, 24, white car, 657.09, 526.85, 683.61, 539.29, 670.35, 533.07, 657.09, 533.07, 683.61, 533.07, 26.52, 12.44
2.90, 4, white car, 0.00, 454.61, 20.45, 466.69, 10.22, 460.65, 0.00, 460.65, 20.45, 460.65, 20.45, 12.08
2.90, 24, white car, 654.98, 526.71, 681.30, 539.05, 668.14, 532.88, 654.98, 532.88, 681.30, 532.88, 26.32, 12.34
2.93, 4, white car, 0.00, 454.61, 20.55, 466.74, 10.28, 460.68, 0.00, 460.68, 20.55, 460.68, 20.55, 12.12
2.93, 24, white car, 652.70, 526.61, 678.85, 538.84, 665.78, 532.73, 652.70, 532.73, 678.85, 532.73, 26.15, 12.23
2.97, 4, white car, 0.00, 454.61, 20.52, 466.79, 10.26, 460.70, 0.00, 460.70, 20.52, 460.70, 20.52, 12.19
2.97, 24, white car, 650.50, 526.51, 676.48, 538.62, 663.49, 532.56, 650.50, 532.56, 676.48, 532.56, 25.98, 12.11
3.00, 4, white car, 0.00, 454.64, 20.41, 466.80, 10.21, 460.72, 0.00, 460.72, 20.41, 460.72, 20.41, 12.16
3.00, 24, white car, 648.43, 526.45, 674.39, 538.53, 661.41, 532.49, 648.43, 532.49, 674.39, 532.49, 25.96, 12.08
3.03, 4, white car, 0.00, 454.66, 20.33, 466.78, 10.17, 460.72, 0.00, 460.72, 20.33, 460.72, 20.33, 12.12
3.03, 24, white car, 646.00, 526.31, 672.00, 538.42, 659.00, 532.36, 646.00, 532.36, 672.00, 532.36, 26.00, 12.11
3.07, 4, white car, 0.00, 454.66, 20.49, 466.85, 10.24, 460.75, 0.00, 460.75, 20.49, 460.75, 20.49, 12.19
3.07, 24, white car, 643.63, 525.95, 670.12, 538.28, 656.87, 532.11, 643.63, 532.11, 670.12, 532.11, 26.49, 12.32
3.10, 4, white car, 0.00, 454.60, 20.68, 466.90, 10.34, 460.75, 0.00, 460.75, 20.68, 460.75, 20.68, 12.30
3.10, 24, white car, 641.85, 525.81, 668.44, 538.17, 655.15, 531.99, 641.85, 531.99, 668.44, 531.99, 26.58, 12.36
3.13, 4, white car, 0.00, 454.57, 20.80, 466.94, 10.40, 460.76, 0.00, 460.76, 20.80, 460.76, 20.80, 12.37
3.13, 24, white car, 639.59, 525.63, 666.48, 538.13, 653.03, 531.88, 639.59, 531.88, 666.48, 531.88, 26.89, 12.51
3.17, 4, white car, 0.00, 454.55, 20.79, 466.92, 10.40, 460.73, 0.00, 460.73, 20.79, 460.73, 20.79, 12.38
3.17, 24, white car, 637.39, 525.23, 664.37, 537.77, 650.88, 531.50, 637.39, 531.50, 664.37, 531.50, 26.98, 12.54
3.17, 14, white car, 728.44, 532.31, 757.72, 544.77, 743.08, 538.54, 728.44, 538.54, 757.72, 538.54, 29.28, 12.46
3.20, 4, white car, 0.00, 454.54, 20.70, 466.89, 10.35, 460.71, 0.00, 460.71, 20.70, 460.71, 20.70, 12.35
3.20, 24, white car, 635.22, 524.79, 662.18, 537.29, 648.70, 531.04, 635.22, 531.04, 662.18, 531.04, 26.97, 12.49
3.20, 14, white car, 726.64, 532.34, 755.63, 544.69, 741.14, 538.51, 726.64, 538.51, 755.63, 538.51, 28.99, 12.35
3.23, 4, white car, 0.00, 454.55, 20.64, 466.87, 10.32, 460.71, 0.00, 460.71, 20.64, 460.71, 20.64, 12.33
3.23, 14, white car, 724.39, 532.25, 753.23, 544.56, 738.81, 538.40, 724.39, 538.40, 753.23, 538.40, 28.84, 12.31
3.27, 4, white car, 0.00, 454.55, 20.61, 466.86, 10.31, 460.70, 0.00, 460.70, 20.61, 460.70, 20.61, 12.32
3.27, 14, white car, 721.83, 531.89, 750.78, 544.27, 736.30, 538.08, 721.83, 538.08, 750.78, 538.08, 28.95, 12.38
3.27, 24, white car, 629.87, 524.43, 657.58, 537.31, 643.73, 530.87, 629.87, 530.87, 657.58, 530.87, 27.71, 12.88
3.30, 4, white car, 0.00, 454.56, 20.41, 466.82, 10.21, 460.69, 0.00, 460.69, 20.41, 460.69, 20.41, 12.26
3.30, 14, white car, 719.61, 531.72, 748.28, 544.01, 733.95, 537.87, 719.61, 537.87, 748.28, 537.87, 28.67, 12.30
3.30, 24, white car, 628.31, 524.34, 655.29, 536.88, 641.80, 530.61, 628.31, 530.61, 655.29, 530.61, 26.98, 12.54
3.33, 4, white car, 0.00, 454.57, 20.25, 466.81, 10.12, 460.69, 0.00, 460.69, 20.25, 460.69, 20.25, 12.23
3.33, 14, white car, 717.14, 531.40, 746.09, 543.87, 731.61, 537.63, 717.14, 537.63, 746.09, 537.63, 28.95, 12.47
3.33, 24, white car, 626.15, 524.02, 653.10, 536.54, 639.62, 530.28, 626.15, 530.28, 653.10, 530.28, 26.95, 12.52
3.37, 4, white car, 0.00, 454.59, 20.18, 466.79, 10.09, 460.69, 0.00, 460.69, 20.18, 460.69, 20.18, 12.20
3.37, 14, white car, 714.80, 531.01, 744.18, 543.72, 729.49, 537.37, 714.80, 537.37, 744.18, 537.37, 29.38, 12.71
3.37, 24, white car, 624.13, 523.74, 651.09, 536.23, 637.61, 529.98, 624.13, 529.98, 651.09, 529.98, 26.96, 12.49
3.40, 4, white car, 0.00, 454.60, 20.16, 466.77, 10.08, 460.68, 0.00, 460.68, 20.16, 460.68, 20.16, 12.17
3.40, 14, white car, 712.30, 530.60, 742.30, 543.68, 727.30, 537.14, 712.30, 537.14, 742.30, 537.14, 30.00, 13.08
3.40, 24, white car, 621.74, 523.65, 649.26, 536.37, 635.50, 530.01, 621.74, 530.01, 649.26, 530.01, 27.52, 12.72
3.43, 4, white car, 0.00, 454.59, 20.12, 466.76, 10.06, 460.67, 0.00, 460.67, 20.12, 460.67, 20.12, 12.16
3.43, 14, white car, 709.65, 530.24, 739.61, 543.39, 724.63, 536.81, 709.65, 536.81, 739.61, 536.81, 29.96, 13.14
3.43, 24, white car, 619.42, 523.20, 646.63, 535.81, 633.02, 529.50, 619.42, 529.50, 646.63, 529.50, 27.22, 12.60
3.47, 4, white car, 0.00, 454.59, 20.01, 466.73, 10.00, 460.66, 0.00, 460.66, 20.01, 460.66, 20.01, 12.15
3.47, 14, white car, 707.60, 530.04, 737.31, 543.11, 722.46, 536.57, 707.60, 536.57, 737.31, 536.57, 29.71, 13.07
3.47, 24, white car, 617.22, 523.08, 643.99, 535.50, 630.61, 529.29, 617.22, 529.29, 643.99, 529.29, 26.77, 12.43
3.50, 4, white car, 0.00, 454.57, 19.96, 466.72, 9.98, 460.65, 0.00, 460.65, 19.96, 460.65, 19.96, 12.15
3.50, 14, white car, 705.44, 529.87, 735.02, 542.91, 720.23, 536.39, 705.44, 536.39, 735.02, 536.39, 29.58, 13.03
3.50, 24, white car, 615.19, 522.85, 642.04, 535.32, 628.62, 529.08, 615.19, 529.08, 642.04, 529.08, 26.85, 12.47
3.53, 4, white car, 0.00, 454.61, 19.76, 466.66, 9.88, 460.64, 0.00, 460.64, 19.76, 460.64, 19.76, 12.04
3.53, 14, white car, 703.38, 529.85, 732.64, 542.78, 718.01, 536.31, 703.38, 536.31, 732.64, 536.31, 29.26, 12.93
3.53, 24, white car, 613.12, 522.55, 639.99, 535.07, 626.55, 528.81, 613.12, 528.81, 639.99, 528.81, 26.87, 12.52
3.57, 4, white car, 0.00, 454.61, 19.58, 466.60, 9.79, 460.61, 0.00, 460.61, 19.58, 460.61, 19.58, 11.99
3.57, 14, white car, 701.42, 529.95, 730.48, 542.82, 715.95, 536.39, 701.42, 536.39, 730.48, 536.39, 29.06, 12.87
3.57, 24, white car, 611.10, 522.34, 637.99, 534.88, 624.55, 528.61, 611.10, 528.61, 637.99, 528.61, 26.89, 12.54
3.60, 4, white car, 0.00, 454.61, 19.84, 466.70, 9.92, 460.66, 0.00, 460.66, 19.84, 460.66, 19.84, 12.09
3.60, 14, white car, 699.44, 529.96, 728.46, 542.85, 713.95, 536.40, 699.44, 536.40, 728.46, 536.40, 29.03, 12.89
3.60, 24, white car, 609.11, 522.05, 636.12, 534.59, 622.62, 528.32, 609.11, 528.32, 636.12, 528.32, 27.00, 12.53
3.63, 4, white car, 0.00, 454.59, 19.99, 466.76, 9.99, 460.68, 0.00, 460.68, 19.99, 460.68, 19.99, 12.17
3.63, 14, white car, 697.00, 529.81, 726.01, 542.70, 711.51, 536.26, 697.00, 536.26, 726.01, 536.26, 29.01, 12.89
3.63, 24, white car, 606.81, 521.72, 633.99, 534.32, 620.40, 528.02, 606.81, 528.02, 633.99, 528.02, 27.19, 12.60
3.67, 4, white car, 0.00, 454.59, 20.12, 466.85, 10.06, 460.72, 0.00, 460.72, 20.12, 460.72, 20.12, 12.26
3.67, 14, white car, 694.82, 529.77, 723.57, 542.54, 709.20, 536.16, 694.82, 536.16, 723.57, 536.16, 28.75, 12.78
3.67, 24, white car, 604.59, 521.58, 631.62, 534.09, 618.10, 527.83, 604.59, 527.83, 631.62, 527.83, 27.03, 12.51
3.70, 4, white car, 0.00, 454.59, 20.12, 466.86, 10.06, 460.73, 0.00, 460.73, 20.12, 460.73, 20.12, 12.28
3.70, 14, white car, 692.76, 529.59, 721.38, 542.31, 707.07, 535.95, 692.76, 535.95, 721.38, 535.95, 28.63, 12.72
3.70, 24, white car, 602.41, 521.54, 628.97, 533.80, 615.69, 527.67, 602.41, 527.67, 628.97, 527.67, 26.56, 12.27
3.73, 4, white car, 0.00, 454.60, 20.05, 466.85, 10.02, 460.73, 0.00, 460.73, 20.05, 460.73, 20.05, 12.25
3.73, 14, white car, 690.74, 529.55, 718.84, 542.01, 704.79, 535.78, 690.74, 535.78, 718.84, 535.78, 28.10, 12.46
3.73, 24, white car, 599.98, 521.55, 626.34, 533.74, 613.16, 527.64, 599.98, 527.64, 626.34, 527.64, 26.36, 12.20
3.77, 4, white car, 0.00, 454.62, 19.98, 466.85, 9.99, 460.74, 0.00, 460.74, 19.98, 460.74, 19.98, 12.22
3.77, 14, white car, 688.79, 529.44, 716.70, 541.82, 702.74, 535.63, 688.79, 535.63, 716.70, 535.63, 27.92, 12.38
3.77, 24, white car, 597.73, 521.35, 624.37, 533.67, 611.05, 527.51, 597.73, 527.51, 624.37, 527.51, 26.64, 12.32
3.80, 4, white car, 0.00, 454.64, 19.92, 466.84, 9.96, 460.74, 0.00, 460.74, 19.92, 460.74, 19.92, 12.20
3.80, 14, white car, 686.53, 529.17, 714.96, 541.79, 700.75, 535.48, 686.53, 535.48, 714.96, 535.48, 28.43, 12.62
3.80, 24, white car, 595.40, 521.01, 622.17, 533.38, 608.79, 527.19, 595.40, 527.19, 622.17, 527.19, 26.76, 12.38
3.83, 4, white car, 0.03, 454.64, 20.11, 466.88, 10.07, 460.76, 0.03, 460.76, 20.11, 460.76, 20.08, 12.24
3.83, 14, white car, 684.19, 528.82, 712.91, 541.60, 698.55, 535.21, 684.19, 535.21, 712.91, 535.21, 28.71, 12.78
3.83, 24, white car, 592.99, 520.77, 619.99, 533.27, 606.49, 527.02, 592.99, 527.02, 619.99, 527.02, 27.00, 12.50
3.87, 4, white car, 0.12, 454.64, 20.25, 466.90, 10.18, 460.77, 0.12, 460.77, 20.25, 460.77, 20.13, 12.25
3.87, 14, white car, 681.74, 528.72, 710.41, 541.47, 696.08, 535.10, 681.74, 535.10, 710.41, 535.10, 28.68, 12.76
3.87, 24, white car, 590.62, 520.57, 617.67, 533.14, 604.15, 526.86, 590.62, 526.86, 617.67, 526.86, 27.05, 12.56
3.90, 4, white car, 0.03, 454.64, 20.10, 466.87, 10.06, 460.76, 0.03, 460.76, 20.10, 460.76, 20.08, 12.23
3.90, 14, white car, 679.68, 528.64, 708.39, 541.41, 694.04, 535.03, 679.68, 535.03, 708.39, 535.03, 28.70, 12.77
3.90, 24, white car, 588.75, 520.43, 615.50, 532.88, 602.12, 526.66, 588.75, 526.66, 615.50, 526.66, 26.75, 12.45
3.93, 4, white car, 0.04, 454.60, 20.13, 466.82, 10.09, 460.71, 0.04, 460.71, 20.13, 460.71, 20.08, 12.22
3.93, 14, white car, 677.79, 528.35, 705.88, 540.80, 691.83, 534.57, 677.79, 534.57, 705.88, 534.57, 28.08, 12.45
3.93, 24, white car, 586.82, 520.15, 613.64, 532.63, 600.23, 526.39, 586.82, 526.39, 613.64, 526.39, 26.82, 12.49
3.97, 4, white car, 0.00, 454.53, 20.14, 466.84, 10.07, 460.68, 0.00, 460.68, 20.14, 460.68, 20.14, 12.31
3.97, 14, white car, 675.77, 528.38, 703.34, 540.58, 689.55, 534.48, 675.77, 534.48, 703.34, 534.48, 27.57, 12.20
3.97, 24, white car, 585.04, 519.93, 611.48, 532.24, 598.26, 526.09, 585.04, 526.09, 611.48, 526.09, 26.45, 12.30
4.00, 4, white car, 0.00, 454.51, 20.04, 466.84, 10.02, 460.67, 0.00, 460.67, 20.04, 460.67, 20.04, 12.33
4.00, 14, white car, 673.64, 528.03, 701.71, 540.49, 687.67, 534.26, 673.64, 534.26, 701.71, 534.26, 28.06, 12.46
4.00, 24, white car, 582.89, 519.72, 609.38, 532.02, 596.13, 525.87, 582.89, 525.87, 609.38, 525.87, 26.49, 12.29
4.03, 4, white car, 0.00, 454.54, 19.93, 466.82, 9.96, 460.68, 0.00, 460.68, 19.93, 460.68, 19.93, 12.29
4.03, 14, white car, 671.46, 527.63, 699.79, 540.26, 685.62, 533.94, 671.46, 533.94, 699.79, 533.94, 28.33, 12.63
4.07, 4, white car, 0.00, 454.60, 19.58, 466.81, 9.79, 460.71, 0.00, 460.71, 19.58, 460.71, 19.58, 12.21
4.07, 14, white car, 669.36, 527.43, 697.52, 540.03, 683.44, 533.73, 669.36, 533.73, 697.52, 533.73, 28.17, 12.60
4.10, 4, white car, 0.00, 454.62, 19.56, 466.82, 9.78, 460.72, 0.00, 460.72, 19.56, 460.72, 19.56, 12.19
4.10, 14, white car, 667.06, 527.30, 695.23, 539.91, 681.15, 533.60, 667.06, 533.60, 695.23, 533.60, 28.17, 12.62
4.10, 24, white car, 576.49, 519.07, 603.03, 531.38, 589.76, 525.22, 576.49, 525.22, 603.03, 525.22, 26.54, 12.31
4.13, 4, white car, 0.00, 454.57, 19.91, 466.85, 9.95, 460.71, 0.00, 460.71, 19.91, 460.71, 19.91, 12.28
4.13, 14, white car, 665.04, 527.12, 692.97, 539.62, 679.01, 533.37, 665.04, 533.37, 692.97, 533.37, 27.93, 12.50
4.13, 24, white car, 574.52, 518.97, 601.07, 531.27, 587.79, 525.12, 574.52, 525.12, 601.07, 525.12, 26.55, 12.30
4.17, 4, white car, 0.00, 454.56, 19.98, 466.87, 9.99, 460.72, 0.00, 460.72, 19.98, 460.72, 19.98, 12.31
4.17, 14, white car, 662.95, 527.11, 690.46, 539.37, 676.71, 533.24, 662.95, 533.24, 690.46, 533.24, 27.52, 12.27
4.17, 24, white car, 572.39, 518.75, 598.82, 530.95, 585.60, 524.85, 572.39, 524.85, 598.82, 524.85, 26.43, 12.20
4.20, 4, white car, 0.07, 454.59, 20.15, 466.94, 10.11, 460.76, 0.07, 460.76, 20.15, 460.76, 20.09, 12.35
4.20, 14, white car, 661.06, 526.88, 688.38, 539.05, 674.72, 532.97, 661.06, 532.97, 688.38, 532.97, 27.32, 12.17
4.20, 24, white car, 570.31, 518.61, 596.86, 530.81, 583.58, 524.71, 570.31, 524.71, 596.86, 524.71, 26.55, 12.20
4.23, 4, white car, 0.00, 454.55, 20.11, 466.92, 10.05, 460.74, 0.00, 460.74, 20.11, 460.74, 20.11, 12.37
4.23, 14, white car, 659.01, 526.78, 686.25, 538.90, 672.63, 532.84, 659.01, 532.84, 686.25, 532.84, 27.23, 12.13
4.23, 24, white car, 568.01, 518.37, 594.55, 530.55, 581.28, 524.46, 568.01, 524.46, 594.55, 524.46, 26.55, 12.18
4.27, 4, white car, 0.00, 454.58, 20.05, 466.92, 10.02, 460.75, 0.00, 460.75, 20.05, 460.75, 20.05, 12.34
4.27, 14, white car, 657.04, 526.85, 683.98, 538.86, 670.51, 532.85, 657.04, 532.85, 683.98, 532.85, 26.94, 12.01
4.27, 24, white car, 565.59, 518.11, 592.00, 530.21, 578.79, 524.16, 565.59, 524.16, 592.00, 524.16, 26.42, 12.10
4.30, 4, white car, 0.04, 454.56, 20.17, 466.94, 10.11, 460.75, 0.04, 460.75, 20.17, 460.75, 20.12, 12.38
4.30, 14, white car, 654.65, 526.81, 681.60, 538.78, 668.13, 532.80, 654.65, 532.80, 681.60, 532.80, 26.95, 11.97
4.30, 24, white car, 563.51, 517.86, 590.02, 530.02, 576.76, 523.94, 563.51, 523.94, 590.02, 523.94, 26.51, 12.16
4.33, 4, white car, 0.00, 454.57, 19.95, 466.90, 9.97, 460.74, 0.00, 460.74, 19.95, 460.74, 19.95, 12.34
4.33, 14, white car, 652.63, 526.80, 679.52, 538.70, 666.07, 532.75, 652.63, 532.75, 679.52, 532.75, 26.89, 11.91
4.33, 24, white car, 561.18, 517.73, 587.68, 529.92, 574.43, 523.82, 561.18, 523.82, 587.68, 523.82, 26.50, 12.19
4.37, 4, white car, 0.00, 454.56, 19.90, 466.90, 9.95, 460.73, 0.00, 460.73, 19.90, 460.73, 19.90, 12.34
4.37, 14, white car, 650.22, 526.47, 677.28, 538.42, 663.75, 532.44, 650.22, 532.44, 677.28, 532.44, 27.06, 11.95
4.37, 24, white car, 558.83, 517.48, 585.74, 529.88, 572.28, 523.68, 558.83, 523.68, 585.74, 523.68, 26.90, 12.40
4.40, 4, white car, 0.00, 454.58, 19.72, 466.86, 9.86, 460.72, 0.00, 460.72, 19.72, 460.72, 19.72, 12.28
4.40, 14, white car, 647.96, 526.23, 675.27, 538.28, 661.61, 532.26, 647.96, 532.26, 675.27, 532.26, 27.32, 12.05
4.40, 24, white car, 556.47, 517.13, 583.64, 529.68, 570.05, 523.41, 556.47, 523.41, 583.64, 523.41, 27.17, 12.55
4.43, 4, white car, 0.00, 454.59, 19.64, 466.85, 9.82, 460.72, 0.00, 460.72, 19.64, 460.72, 19.64, 12.26
4.43, 14, white car, 645.61, 525.91, 673.32, 538.16, 659.46, 532.03, 645.61, 532.03, 673.32, 532.03, 27.70, 12.25
4.43, 24, white car, 554.42, 516.92, 581.51, 529.44, 567.97, 523.18, 554.42, 523.18, 581.51, 523.18, 27.09, 12.52
4.47, 4, white car, 0.00, 454.57, 19.61, 466.84, 9.81, 460.70, 0.00, 460.70, 19.61, 460.70, 19.61, 12.27
4.47, 14, white car, 643.09, 525.71, 671.14, 538.16, 657.12, 531.94, 643.09, 531.94, 671.14, 531.94, 28.06, 12.45
4.47, 24, white car, 552.13, 516.67, 579.01, 529.06, 565.57, 522.86, 552.13, 522.86, 579.01, 522.86, 26.87, 12.39
4.50, 4, white car, 0.00, 454.57, 19.58, 466.83, 9.79, 460.70, 0.00, 460.70, 19.58, 460.70, 19.58, 12.26
4.50, 14, white car, 641.04, 525.71, 668.87, 538.08, 654.95, 531.89, 641.04, 531.89, 668.87, 531.89, 27.82, 12.38
4.50, 24, white car, 550.33, 516.43, 577.26, 528.83, 563.80, 522.63, 550.33, 522.63, 577.26, 522.63, 26.93, 12.40
4.53, 4, white car, 0.00, 454.56, 19.59, 466.83, 9.79, 460.69, 0.00, 460.69, 19.59, 460.69, 19.59, 12.27
4.53, 14, white car, 638.97, 525.49, 666.75, 537.86, 652.86, 531.67, 638.97, 531.67, 666.75, 531.67, 27.78, 12.37
4.53, 24, white car, 548.39, 516.16, 575.31, 528.57, 561.85, 522.37, 548.39, 522.37, 575.31, 522.37, 26.92, 12.40
4.57, 4, white car, 0.00, 454.54, 19.61, 466.82, 9.80, 460.68, 0.00, 460.68, 19.61, 460.68, 19.61, 12.28
4.57, 14, white car, 637.12, 525.38, 664.76, 537.69, 650.94, 531.53, 637.12, 531.53, 664.76, 531.53, 27.64, 12.31
4.57, 24, white car, 545.86, 515.86, 572.73, 528.26, 559.29, 522.06, 545.86, 522.06, 572.73, 522.06, 26.88, 12.40
4.60, 4, white car, 0.00, 454.51, 19.68, 466.83, 9.84, 460.67, 0.00, 460.67, 19.68, 460.67, 19.68, 12.32
4.60, 14, white car, 634.94, 525.33, 662.36, 537.52, 648.65, 531.43, 634.94, 531.43, 662.36, 531.43, 27.42, 12.19
4.60, 24, white car, 543.48, 515.60, 570.35, 528.02, 556.92, 521.81, 543.48, 521.81, 570.35, 521.81, 26.87, 12.42
4.63, 4, white car, 0.00, 454.47, 19.75, 466.82, 9.87, 460.64, 0.00, 460.64, 19.75, 460.64, 19.75, 12.35
4.63, 14, white car, 632.48, 525.17, 659.99, 537.41, 646.23, 531.29, 632.48, 531.29, 659.99, 531.29, 27.50, 12.24
4.63, 24, white car, 541.21, 515.30, 568.27, 527.84, 554.74, 521.57, 541.21, 521.57, 568.27, 521.57, 27.06, 12.54
4.67, 4, white car, 0.02, 454.43, 19.99, 466.89, 10.00, 460.66, 0.02, 460.66, 19.99, 460.66, 19.97, 12.45
4.67, 14, white car, 629.97, 524.62, 658.28, 537.33, 644.13, 530.98, 629.97, 530.98, 658.28, 530.98, 28.31, 12.70
4.67, 24, white car, 539.33, 514.97, 566.41, 527.54, 552.87, 521.26, 539.33, 521.26, 566.41, 521.26, 27.08, 12.57
4.70, 4, white car, 0.05, 454.44, 20.09, 466.93, 10.07, 460.68, 0.05, 460.68, 20.09, 460.68, 20.04, 12.49
4.70, 14, white car, 628.02, 524.46, 656.27, 537.21, 642.15, 530.83, 628.02, 530.83, 656.27, 530.83, 28.25, 12.76
4.70, 24, white car, 536.92, 514.82, 563.75, 527.30, 550.33, 521.06, 536.92, 521.06, 563.75, 521.06, 26.83, 12.48
4.73, 4, white car, 0.00, 454.50, 19.83, 466.90, 9.92, 460.70, 0.00, 460.70, 19.83, 460.70, 19.83, 12.40
4.73, 14, white car, 625.37, 524.17, 654.07, 537.16, 639.72, 530.66, 625.37, 530.66, 654.07, 530.66, 28.70, 12.99
4.73, 24, white car, 534.52, 514.62, 561.40, 527.17, 547.96, 520.89, 534.52, 520.89, 561.40, 520.89, 26.88, 12.54
4.77, 4, white car, 0.00, 454.51, 19.79, 466.88, 9.90, 460.70, 0.00, 460.70, 19.79, 460.70, 19.79, 12.37
4.77, 14, white car, 623.32, 523.87, 651.90, 536.82, 637.61, 530.35, 623.32, 530.35, 651.90, 530.35, 28.58, 12.95
4.77, 24, white car, 532.48, 514.22, 559.23, 526.73, 545.86, 520.47, 532.48, 520.47, 559.23, 520.47, 26.75, 12.51
4.80, 4, white car, 0.00, 454.48, 19.86, 466.91, 9.93, 460.70, 0.00, 460.70, 19.86, 460.70, 19.86, 12.42
4.80, 14, white car, 621.44, 523.88, 649.48, 536.56, 635.46, 530.22, 621.44, 530.22, 649.48, 530.22, 28.04, 12.68
4.80, 24, white car, 530.13, 513.90, 557.00, 526.47, 543.56, 520.19, 530.13, 520.19, 557.00, 520.19, 26.87, 12.58
4.83, 4, white car, 0.08, 454.46, 20.07, 466.94, 10.08, 460.70, 0.08, 460.70, 20.07, 460.70, 19.99, 12.47
4.83, 14, white car, 619.52, 523.50, 647.06, 535.93, 633.29, 529.72, 619.52, 529.72, 647.06, 529.72, 27.54, 12.43
4.83, 24, white car, 528.02, 513.60, 554.56, 526.03, 541.29, 519.82, 528.02, 519.82, 554.56, 519.82, 26.54, 12.43
4.87, 4, white car, 0.10, 454.43, 20.21, 466.97, 10.16, 460.70, 0.10, 460.70, 20.21, 460.70, 20.10, 12.53
4.87, 14, white car, 617.56, 523.40, 644.73, 535.63, 631.15, 529.51, 617.56, 529.51, 644.73, 529.51, 27.17, 12.23
4.87, 24, white car, 525.98, 513.47, 552.04, 525.67, 539.01, 519.57, 525.98, 519.57, 552.04, 519.57, 26.06, 12.20
4.90, 4, white car, 0.07, 454.48, 20.02, 466.92, 10.05, 460.70, 0.07, 460.70, 20.02, 460.70, 19.95, 12.44
4.90, 14, white car, 615.51, 523.36, 642.63, 535.55, 629.07, 529.46, 615.51, 529.46, 642.63, 529.46, 27.12, 12.19
4.90, 24, white car, 523.51, 513.27, 549.71, 525.53, 536.61, 519.40, 523.51, 519.40, 549.71, 519.40, 26.20, 12.26
4.93, 4, white car, 0.07, 454.46, 20.12, 466.94, 10.09, 460.70, 0.07, 460.70, 20.12, 460.70, 20.04, 12.49
4.93, 14, white car, 613.18, 523.12, 640.69, 535.51, 626.93, 529.32, 613.18, 529.32, 640.69, 529.32, 27.51, 12.39
4.93, 24, white car, 521.47, 513.33, 547.39, 525.47, 534.43, 519.40, 521.47, 519.40, 547.39, 519.40, 25.92, 12.15
4.97, 4, white car, 0.04, 454.38, 20.12, 466.89, 10.08, 460.63, 0.04, 460.63, 20.12, 460.63, 20.08, 12.51
4.97, 14, white car, 610.83, 522.93, 638.63, 535.45, 624.73, 529.19, 610.83, 529.19, 638.63, 529.19, 27.80, 12.52
4.97, 24, white car, 518.92, 513.18, 544.93, 525.38, 531.93, 519.28, 518.92, 519.28, 544.93, 519.28, 26.01, 12.20
5.00, 4, white car, 0.02, 454.38, 20.07, 466.87, 10.04, 460.63, 0.02, 460.63, 20.07, 460.63, 20.05, 12.49
5.00, 14, white car, 608.55, 522.60, 636.73, 535.30, 622.64, 528.95, 608.55, 528.95, 636.73, 528.95, 28.17, 12.70
5.00, 24, white car, 516.48, 512.91, 542.62, 525.17, 529.55, 519.04, 516.48, 519.04, 542.62, 519.04, 26.14, 12.25
5.03, 4, white car, 0.00, 454.40, 19.96, 466.85, 9.98, 460.62, 0.00, 460.62, 19.96, 460.62, 19.96, 12.45
5.03, 14, white car, 606.37, 522.28, 635.02, 535.22, 620.70, 528.75, 606.37, 528.75, 635.02, 528.75, 28.65, 12.94
5.03, 24, white car, 514.61, 512.67, 540.80, 524.96, 527.71, 518.82, 514.61, 518.82, 540.80, 518.82, 26.18, 12.30
5.07, 4, white car, 0.00, 454.42, 19.81, 466.82, 9.90, 460.62, 0.00, 460.62, 19.81, 460.62, 19.81, 12.40
5.07, 14, white car, 604.04, 521.95, 632.76, 534.95, 618.40, 528.45, 604.04, 528.45, 632.76, 528.45, 28.72, 13.01
5.07, 24, white car, 512.48, 512.51, 538.62, 524.78, 525.55, 518.64, 512.48, 518.64, 538.62, 518.64, 26.14, 12.27
5.10, 4, white car, 0.00, 454.39, 19.80, 466.81, 9.90, 460.60, 0.00, 460.60, 19.80, 460.60, 19.80, 12.42
5.10, 14, white car, 602.10, 521.72, 630.55, 534.63, 616.33, 528.17, 602.10, 528.17, 630.55, 528.17, 28.46, 12.91
5.10, 24, white car, 510.32, 512.35, 536.21, 524.49, 523.27, 518.42, 510.32, 518.42, 536.21, 518.42, 25.89, 12.14
5.13, 4, white car, 0.00, 454.44, 19.79, 466.84, 9.89, 460.64, 0.00, 460.64, 19.79, 460.64, 19.79, 12.39
5.13, 14, white car, 600.07, 521.57, 628.11, 534.35, 614.09, 527.96, 600.07, 527.96, 628.11, 527.96, 28.04, 12.79
5.13, 24, white car, 508.29, 512.10, 534.01, 524.14, 521.15, 518.12, 508.29, 518.12, 534.01, 518.12, 25.72, 12.04
5.17, 4, white car, 0.00, 454.50, 19.75, 466.85, 9.88, 460.67, 0.00, 460.67, 19.75, 460.67, 19.75, 12.35
5.17, 14, white car, 598.33, 521.64, 625.88, 534.24, 612.11, 527.94, 598.33, 527.94, 625.88, 527.94, 27.55, 12.60
5.17, 24, white car, 505.93, 512.05, 531.60, 524.05, 518.76, 518.05, 505.93, 518.05, 531.60, 518.05, 25.67, 12.00
5.20, 4, white car, 0.09, 454.51, 19.97, 466.92, 10.03, 460.71, 0.09, 460.71, 19.97, 460.71, 19.88, 12.40
5.20, 14, white car, 596.24, 521.69, 623.61, 534.20, 609.92, 527.94, 596.24, 527.94, 623.61, 527.94, 27.37, 12.51
5.20, 24, white car, 503.64, 511.98, 529.24, 523.90, 516.44, 517.94, 503.64, 517.94, 529.24, 517.94, 25.60, 11.92
5.23, 4, white car, 0.15, 454.51, 20.11, 466.95, 10.13, 460.73, 0.15, 460.73, 20.11, 460.73, 19.96, 12.44
5.23, 14, white car, 594.02, 521.58, 621.08, 533.86, 607.55, 527.72, 594.02, 527.72, 621.08, 527.72, 27.06, 12.28
5.23, 24, white car, 501.74, 511.73, 527.52, 523.71, 514.63, 517.72, 501.74, 517.72, 527.52, 517.72, 25.79, 11.98
5.27, 4, white car, 0.28, 454.49, 20.43, 467.00, 10.36, 460.74, 0.28, 460.74, 20.43, 460.74, 20.15, 12.51
5.27, 14, white car, 591.64, 521.51, 618.70, 533.72, 605.17, 527.61, 591.64, 527.61, 618.70, 527.61, 27.06, 12.21
5.27, 24, white car, 499.41, 511.50, 525.55, 523.60, 512.48, 517.55, 499.41, 517.55, 525.55, 517.55, 26.14, 12.10
5.30, 4, white car, 0.31, 454.50, 20.52, 467.02, 10.41, 460.76, 0.31, 460.76, 20.52, 460.76, 20.20, 12.51
5.30, 14, white car, 589.46, 521.21, 616.90, 533.56, 603.18, 527.38, 589.46, 527.38, 616.90, 527.38, 27.45, 12.34
5.30, 24, white car, 497.00, 511.04, 523.36, 523.21, 510.18, 517.13, 497.00, 517.13, 523.36, 517.13, 26.36, 12.17
5.33, 4, white car, 0.47, 454.55, 20.81, 467.09, 10.64, 460.82, 0.47, 460.82, 20.81, 460.82, 20.34, 12.54
5.33, 14, white car, 587.24, 520.81, 615.31, 533.42, 601.27, 527.11, 587.24, 527.11, 615.31, 527.11, 28.08, 12.62
5.33, 24, white car, 494.61, 510.68, 520.98, 522.81, 507.79, 516.74, 494.61, 516.74, 520.98, 516.74, 26.37, 12.14
5.37, 4, white car, 0.49, 454.59, 20.90, 467.12, 10.69, 460.85, 0.49, 460.85, 20.90, 460.85, 20.41, 12.53
5.37, 14, white car, 585.44, 520.51, 613.50, 533.15, 599.47, 526.83, 585.44, 526.83, 613.50, 526.83, 28.07, 12.63
5.37, 24, white car, 491.92, 510.14, 518.64, 522.45, 505.28, 516.29, 491.92, 516.29, 518.64, 516.29, 26.72, 12.31
5.40, 4, white car, 0.43, 454.61, 20.84, 467.10, 10.64, 460.86, 0.43, 460.86, 20.84, 460.86, 20.41, 12.49
5.40, 14, white car, 583.59, 520.21, 611.75, 532.90, 597.67, 526.56, 583.59, 526.56, 611.75, 526.56, 28.16, 12.69
5.40, 24, white car, 489.47, 509.88, 516.52, 522.35, 502.99, 516.11, 489.47, 516.11, 516.52, 516.11, 27.05, 12.47
5.43, 4, white car, 0.31, 454.65, 20.70, 467.11, 10.51, 460.88, 0.31, 460.88, 20.70, 460.88, 20.39, 12.45
5.43, 14, white car, 581.58, 520.07, 609.44, 532.67, 595.51, 526.37, 581.58, 526.37, 609.44, 526.37, 27.86, 12.59
5.43, 24, white car, 487.36, 509.72, 514.77, 522.38, 501.06, 516.05, 487.36, 516.05, 514.77, 516.05, 27.41, 12.66
5.47, 4, white car, 0.16, 454.67, 20.46, 467.07, 10.31, 460.87, 0.16, 460.87, 20.46, 460.87, 20.30, 12.40
5.47, 24, white car, 484.77, 509.29, 512.68, 522.23, 498.73, 515.76, 484.77, 515.76, 512.68, 515.76, 27.91, 12.94
5.50, 4, white car, 0.00, 454.70, 20.04, 467.00, 10.02, 460.85, 0.00, 460.85, 20.04, 460.85, 20.04, 12.30
5.50, 24, white car, 482.73, 509.25, 510.26, 521.99, 496.50, 515.62, 482.73, 515.62, 510.26, 515.62, 27.53, 12.75
5.50, 14, white car, 576.55, 519.58, 604.93, 532.45, 590.74, 526.01, 576.55, 526.01, 604.93, 526.01, 28.38, 12.87
5.53, 4, white car, 0.00, 454.75, 19.65, 466.92, 9.82, 460.83, 0.00, 460.83, 19.65, 460.83, 19.65, 12.17
5.53, 24, white car, 480.65, 509.15, 508.17, 521.86, 494.41, 515.51, 480.65, 515.51, 508.17, 515.51, 27.51, 12.72
5.53, 14, white car, 574.01, 519.33, 602.66, 532.35, 588.33, 525.84, 574.01, 525.84, 602.66, 525.84, 28.65, 13.02
5.57, 4, white car, 0.00, 454.81, 19.03, 466.88, 9.51, 460.85, 0.00, 460.85, 19.03, 460.85, 19.03, 12.07
5.57, 24, white car, 477.84, 508.64, 505.52, 521.49, 491.68, 515.07, 477.84, 515.07, 505.52, 515.07, 27.68, 12.85
5.57, 14, white car, 571.72, 519.14, 600.39, 532.16, 586.06, 525.65, 571.72, 525.65, 600.39, 525.65, 28.67, 13.03
5.60, 4, white car, 0.00, 454.85, 18.66, 466.87, 9.33, 460.86, 0.00, 460.86, 18.66, 460.86, 18.66, 12.03
5.60, 24, white car, 475.50, 508.28, 503.01, 521.08, 489.26, 514.68, 475.50, 514.68, 503.01, 514.68, 27.51, 12.80
5.60, 14, white car, 569.98, 519.04, 598.38, 531.94, 584.18, 525.49, 569.98, 525.49, 598.38, 525.49, 28.40, 12.90
5.63, 4, white car, 0.00, 454.89, 18.30, 466.87, 9.15, 460.88, 0.00, 460.88, 18.30, 460.88, 18.30, 11.98
5.63, 24, white car, 473.19, 508.04, 501.13, 521.07, 487.16, 514.56, 473.19, 514.56, 501.13, 514.56, 27.94, 13.03
5.63, 14, white car, 568.16, 518.93, 596.14, 531.61, 582.15, 525.27, 568.16, 525.27, 596.14, 525.27, 27.98, 12.68
5.67, 4, white car, 0.00, 454.93, 17.92, 466.93, 8.96, 460.93, 0.00, 460.93, 17.92, 460.93, 17.92, 12.00
5.67, 24, white car, 470.68, 507.79, 498.65, 520.88, 484.66, 514.34, 470.68, 514.34, 498.65, 514.34, 27.98, 13.10
5.67, 14, white car, 566.09, 518.78, 593.83, 531.35, 579.96, 525.06, 566.09, 525.06, 593.83, 525.06, 27.74, 12.57
5.70, 4, white car, 0.00, 454.93, 17.71, 467.03, 8.86, 460.98, 0.00, 460.98, 17.71, 460.98, 17.71, 12.10
5.70, 24, white car, 468.56, 507.35, 496.28, 520.32, 482.42, 513.84, 468.56, 513.84, 496.28, 513.84, 27.72, 12.97
5.70, 14, white car, 563.96, 518.75, 591.61, 531.26, 577.78, 525.01, 563.96, 525.01, 591.61, 525.01, 27.65, 12.51
5.73, 4, white car, 0.00, 454.99, 17.41, 467.05, 8.71, 461.02, 0.00, 461.02, 17.41, 461.02, 17.41, 12.07
5.73, 24, white car, 466.07, 507.08, 493.89, 520.12, 479.98, 513.60, 466.07, 513.60, 493.89, 513.60, 27.83, 13.03
5.73, 14, white car, 561.86, 518.70, 589.23, 531.05, 575.54, 524.88, 561.86, 524.88, 589.23, 524.88, 27.38, 12.34
5.77, 4, white car, 0.00, 455.02, 17.20, 467.07, 8.60, 461.04, 0.00, 461.04, 17.20, 461.04, 17.20, 12.05
5.77, 24, white car, 463.64, 506.89, 491.42, 519.92, 477.53, 513.40, 463.64, 513.40, 491.42, 513.40, 27.78, 13.04
5.77, 14, white car, 559.85, 518.62, 587.19, 530.93, 573.52, 524.78, 559.85, 524.78, 587.19, 524.78, 27.34, 12.31
5.80, 4, white car, 0.00, 455.10, 17.08, 467.13, 8.54, 461.11, 0.00, 461.11, 17.08, 461.11, 17.08, 12.03
5.80, 24, white car, 461.44, 506.73, 489.12, 519.72, 475.28, 513.22, 461.44, 513.22, 489.12, 513.22, 27.67, 13.00
5.80, 14, white car, 557.75, 518.57, 585.07, 530.85, 571.41, 524.71, 557.75, 524.71, 585.07, 524.71, 27.32, 12.28
5.83, 4, white car, 0.00, 455.18, 16.84, 467.19, 8.42, 461.19, 0.00, 461.19, 16.84, 461.19, 16.84, 12.01
5.83, 24, white car, 459.38, 506.69, 486.96, 519.68, 473.17, 513.19, 459.38, 513.19, 486.96, 513.19, 27.58, 12.98
5.83, 14, white car, 555.75, 518.49, 582.90, 530.63, 569.33, 524.56, 555.75, 524.56, 582.90, 524.56, 27.15, 12.14
5.87, 4, white car, 0.00, 455.26, 16.54, 467.23, 8.27, 461.25, 0.00, 461.25, 16.54, 461.25, 16.54, 11.97
5.87, 24, white car, 456.92, 506.58, 484.49, 519.61, 470.71, 513.09, 456.92, 513.09, 484.49, 513.09, 27.57, 13.03
5.87, 14, white car, 553.62, 518.30, 580.50, 530.28, 567.06, 524.29, 553.62, 524.29, 580.50, 524.29, 26.88, 11.97
5.90, 4, white car, 0.00, 455.27, 16.07, 467.24, 8.04, 461.25, 0.00, 461.25, 16.07, 461.25, 16.07, 11.97
5.90, 24, white car, 454.59, 506.32, 482.42, 519.50, 468.50, 512.91, 454.59, 512.91, 482.42, 512.91, 27.82, 13.18
5.90, 14, white car, 550.89, 517.96, 578.29, 530.18, 564.59, 524.07, 550.89, 524.07, 578.29, 524.07, 27.40, 12.22
5.93, 4, white car, 0.00, 455.24, 15.65, 467.21, 7.83, 461.22, 0.00, 461.22, 15.65, 461.22, 15.65, 11.97
5.93, 24, white car, 452.07, 505.98, 480.27, 519.40, 466.17, 512.69, 452.07, 512.69, 480.27, 512.69, 28.20, 13.41
5.93, 14, white car, 548.81, 517.63, 576.60, 530.04, 562.70, 523.83, 548.81, 523.83, 576.60, 523.83, 27.78, 12.41
5.97, 4, white car, 0.00, 455.09, 15.30, 467.17, 7.65, 461.13, 0.00, 461.13, 15.30, 461.13, 15.30, 12.08
5.97, 14, white car, 547.02, 517.41, 574.82, 529.88, 560.92, 523.64, 547.02, 523.64, 574.82, 523.64, 27.80, 12.47
6.00, 4, white car, 0.00, 455.07, 15.08, 467.22, 7.54, 461.15, 0.00, 461.15, 15.08, 461.15, 15.08, 12.15
6.00, 14, white car, 545.07, 517.32, 572.69, 529.74, 558.88, 523.53, 545.07, 523.53, 572.69, 523.53, 27.62, 12.42
6.03, 4, white car, 0.00, 455.09, 14.88, 467.28, 7.44, 461.19, 0.00, 461.19, 14.88, 461.19, 14.88, 12.19
6.03, 14, white car, 542.93, 517.15, 570.56, 529.57, 556.75, 523.36, 542.93, 523.36, 570.56, 523.36, 27.62, 12.42
6.07, 4, white car, 0.00, 455.13, 14.55, 467.29, 7.27, 461.21, 0.00, 461.21, 14.55, 461.21, 14.55, 12.16
6.07, 14, white car, 540.84, 516.73, 568.15, 529.02, 554.50, 522.87, 540.84, 522.87, 568.15, 522.87, 27.30, 12.29
6.10, 4, white car, 0.00, 455.13, 14.20, 467.19, 7.10, 461.16, 0.00, 461.16, 14.20, 461.16, 14.20, 12.06
6.10, 14, white car, 539.27, 516.41, 566.37, 528.63, 552.82, 522.52, 539.27, 522.52, 566.37, 522.52, 27.10, 12.21
6.13, 4, white car, 0.00, 455.12, 13.82, 467.04, 6.91, 461.08, 0.00, 461.08, 13.82, 461.08, 13.82, 11.92
6.13, 14, white car, 537.46, 516.12, 564.43, 528.27, 550.95, 522.20, 537.46, 522.20, 564.43, 522.20, 26.96, 12.14
6.17, 4, white car, 0.00, 455.11, 13.47, 466.94, 6.73, 461.03, 0.00, 461.03, 13.47, 461.03, 13.47, 11.83
6.17, 14, white car, 534.92, 515.73, 562.36, 528.13, 548.64, 521.93, 534.92, 521.93, 562.36, 521.93, 27.44, 12.40
6.17, 24, white car, 435.84, 504.12, 464.47, 517.77, 450.16, 510.94, 435.84, 510.94, 464.47, 510.94, 28.62, 13.65
6.20, 4, white car, 0.00, 455.14, 13.30, 467.03, 6.65, 461.09, 0.00, 461.09, 13.30, 461.09, 13.30, 11.89
6.20, 14, white car, 532.87, 515.62, 560.32, 528.09, 546.59, 521.86, 532.87, 521.86, 560.32, 521.86, 27.45, 12.47
6.20, 24, white car, 433.68, 504.05, 461.90, 517.56, 447.79, 510.80, 433.68, 510.80, 461.90, 510.80, 28.23, 13.51
6.23, 4, white car, 0.00, 455.14, 13.03, 467.07, 6.51, 461.11, 0.00, 461.11, 13.03, 461.11, 13.03, 11.93
6.23, 14, white car, 531.11, 515.40, 558.18, 527.75, 544.65, 521.57, 531.11, 521.57, 558.18, 521.57, 27.07, 12.34
6.23, 24, white car, 431.32, 503.96, 459.44, 517.46, 445.38, 510.71, 431.32, 510.71, 459.44, 510.71, 28.12, 13.50
6.27, 4, white car, 0.00, 455.11, 12.63, 466.96, 6.32, 461.04, 0.00, 461.04, 12.63, 461.04, 12.63, 11.85
6.27, 14, white car, 528.83, 515.17, 555.87, 527.55, 542.35, 521.36, 528.83, 521.36, 555.87, 521.36, 27.04, 12.38
6.27, 24, white car, 429.30, 503.86, 457.04, 517.15, 443.17, 510.50, 429.30, 510.50, 457.04, 510.50, 27.74, 13.29
6.30, 4, white car, 0.00, 455.07, 12.27, 466.85, 6.14, 460.96, 0.00, 460.96, 12.27, 460.96, 12.27, 11.78
6.30, 14, white car, 526.54, 514.86, 553.41, 527.19, 539.98, 521.03, 526.54, 521.03, 553.41, 521.03, 26.87, 12.34
6.30, 24, white car, 426.84, 503.67, 454.04, 516.66, 440.44, 510.17, 426.84, 510.17, 454.04, 510.17, 27.20, 12.99
6.33, 4, white car, 0.00, 454.94, 11.92, 466.75, 5.96, 460.84, 0.00, 460.84, 11.92, 460.84, 11.92, 11.82
6.33, 14, white car, 524.43, 514.58, 551.19, 526.87, 537.81, 520.72, 524.43, 520.72, 551.19, 520.72, 26.76, 12.29
6.33, 24, white car, 424.49, 503.40, 451.72, 516.35, 438.10, 509.88, 424.49, 509.88, 451.72, 509.88, 27.22, 12.95
6.37, 4, white car, 0.00, 454.94, 11.68, 466.80, 5.84, 460.87, 0.00, 460.87, 11.68, 460.87, 11.68, 11.85
6.37, 14, white car, 522.17, 514.46, 548.77, 526.63, 535.47, 520.54, 522.17, 520.54, 548.77, 520.54, 26.59, 12.17
6.37, 24, white car, 422.33, 503.27, 449.31, 516.05, 435.82, 509.66, 422.33, 509.66, 449.31, 509.66, 26.99, 12.78
6.40, 4, white car, 0.00, 455.01, 11.34, 466.78, 5.67, 460.89, 0.00, 460.89, 11.34, 460.89, 11.34, 11.77
6.40, 14, white car, 520.19, 514.36, 546.69, 526.44, 533.44, 520.40, 520.19, 520.40, 546.69, 520.40, 26.49, 12.07
6.40, 24, white car, 420.00, 503.13, 446.67, 515.75, 433.33, 509.44, 420.00, 509.44, 446.67, 509.44, 26.67, 12.62
6.43, 4, white car, 0.00, 455.03, 11.14, 466.79, 5.57, 460.91, 0.00, 460.91, 11.14, 460.91, 11.14, 11.75
6.43, 14, white car, 518.46, 514.22, 545.09, 526.31, 531.77, 520.27, 518.46, 520.27, 545.09, 520.27, 26.63, 12.09
6.43, 24, white car, 417.73, 503.08, 444.45, 515.71, 431.09, 509.39, 417.73, 509.39, 444.45, 509.39, 26.73, 12.63
6.47, 4, white car, 0.00, 455.04, 10.89, 466.77, 5.45, 460.90, 0.00, 460.90, 10.89, 460.90, 10.89, 11.73
6.47, 14, white car, 516.36, 513.81, 543.15, 525.93, 529.75, 519.87, 516.36, 519.87, 543.15, 519.87, 26.79, 12.12
6.47, 24, white car, 415.33, 502.73, 442.24, 515.46, 428.79, 509.10, 415.33, 509.10, 442.24, 509.10, 26.91, 12.73
6.50, 4, white car, 0.00, 455.16, 10.56, 466.86, 5.28, 461.01, 0.00, 461.01, 10.56, 461.01, 10.56, 11.70
6.50, 14, white car, 514.18, 513.38, 540.93, 525.51, 527.55, 519.45, 514.18, 519.45, 540.93, 519.45, 26.75, 12.13
6.50, 24, white car, 412.98, 502.63, 439.77, 515.28, 426.38, 508.96, 412.98, 508.96, 439.77, 508.96, 26.79, 12.64
6.53, 4, white car, 0.00, 455.20, 10.26, 466.94, 5.13, 461.07, 0.00, 461.07, 10.26, 461.07, 10.26, 11.74
6.53, 14, white car, 511.71, 513.10, 538.53, 525.27, 525.12, 519.19, 511.71, 519.19, 538.53, 519.19, 26.82, 12.16
6.53, 24, white car, 410.61, 502.35, 437.32, 514.91, 423.96, 508.63, 410.61, 508.63, 437.32, 508.63, 26.71, 12.56
6.57, 4, white car, 0.00, 455.08, 10.02, 466.91, 5.01, 460.99, 0.00, 460.99, 10.02, 460.99, 10.02, 11.83
6.57, 14, white car, 509.71, 512.81, 536.57, 524.98, 523.14, 518.89, 509.71, 518.89, 536.57, 518.89, 26.87, 12.17
6.57, 24, white car, 408.18, 501.98, 435.05, 514.57, 421.62, 508.27, 408.18, 508.27, 435.05, 508.27, 26.87, 12.59
6.60, 4, white car, 0.00, 455.10, 9.74, 466.83, 4.87, 460.97, 0.00, 460.97, 9.74, 460.97, 9.74, 11.73
6.60, 14, white car, 507.78, 512.76, 534.34, 524.75, 521.06, 518.76, 507.78, 518.76, 534.34, 518.76, 26.56, 11.99
6.60, 24, white car, 405.46, 501.43, 432.62, 514.16, 419.04, 507.80, 405.46, 507.80, 432.62, 507.80, 27.16, 12.73
6.63, 14, white car, 505.22, 512.45, 532.39, 524.70, 518.81, 518.57, 505.22, 518.57, 532.39, 518.57, 27.18, 12.25
6.63, 24, white car, 402.66, 500.86, 430.30, 513.84, 416.48, 507.35, 402.66, 507.35, 430.30, 507.35, 27.64, 12.98
6.67, 14, white car, 502.88, 512.41, 530.23, 524.79, 516.56, 518.60, 502.88, 518.60, 530.23, 518.60, 27.35, 12.38
6.67, 24, white car, 399.97, 500.60, 427.69, 513.65, 413.83, 507.13, 399.97, 507.13, 427.69, 507.13, 27.72, 13.05
6.70, 14, white car, 501.00, 512.24, 528.38, 524.67, 514.69, 518.46, 501.00, 518.46, 528.38, 518.46, 27.38, 12.43
6.70, 24, white car, 397.73, 500.25, 425.37, 513.25, 411.55, 506.75, 397.73, 506.75, 425.37, 506.75, 27.63, 13.00
6.73, 14, white car, 498.36, 512.03, 525.97, 524.60, 512.17, 518.31, 498.36, 518.31, 525.97, 518.31, 27.60, 12.57
6.73, 24, white car, 395.51, 500.11, 423.13, 513.09, 409.32, 506.60, 395.51, 506.60, 423.13, 506.60, 27.62, 12.98
6.77, 14, white car, 496.01, 511.73, 523.94, 524.49, 509.98, 518.11, 496.01, 518.11, 523.94, 518.11, 27.93, 12.76
6.77, 24, white car, 393.23, 500.00, 420.59, 512.82, 406.91, 506.41, 393.23, 506.41, 420.59, 506.41, 27.36, 12.82
6.80, 14, white car, 493.76, 511.44, 521.89, 524.33, 507.82, 517.88, 493.76, 517.88, 521.89, 517.88, 28.13, 12.89
6.80, 24, white car, 390.80, 499.87, 418.11, 512.68, 404.46, 506.28, 390.80, 506.28, 418.11, 506.28, 27.31, 12.82
6.83, 14, white car, 491.80, 511.16, 519.48, 523.84, 505.64, 517.50, 491.80, 517.50, 519.48, 517.50, 27.68, 12.68
6.83, 24, white car, 388.10, 499.53, 415.36, 512.37, 401.73, 505.95, 388.10, 505.95, 415.36, 505.95, 27.26, 12.84
6.87, 14, white car, 489.83, 510.94, 517.33, 523.55, 503.58, 517.24, 489.83, 517.24, 517.33, 517.24, 27.51, 12.61
6.87, 24, white car, 385.42, 499.11, 412.85, 512.03, 399.13, 505.57, 385.42, 505.57, 412.85, 505.57, 27.43, 12.93
6.90, 14, white car, 487.91, 510.97, 514.97, 523.36, 501.44, 517.16, 487.91, 517.16, 514.97, 517.16, 27.06, 12.39
6.90, 24, white car, 382.93, 498.87, 410.39, 511.81, 396.66, 505.34, 382.93, 505.34, 410.39, 505.34, 27.47, 12.93
6.93, 14, white car, 485.83, 510.75, 513.17, 523.25, 499.50, 517.00, 485.83, 517.00, 513.17, 517.00, 27.34, 12.50
6.93, 24, white car, 380.55, 498.64, 408.02, 511.55, 394.29, 505.10, 380.55, 505.10, 408.02, 505.10, 27.47, 12.91
6.97, 14, white car, 483.29, 510.29, 510.96, 522.94, 497.12, 516.62, 483.29, 516.62, 510.96, 516.62, 27.67, 12.65
6.97, 24, white car, 378.07, 498.48, 405.68, 511.45, 391.88, 504.96, 378.07, 504.96, 405.68, 504.96, 27.61, 12.97
7.00, 14, white car, 481.08, 510.28, 508.70, 522.87, 494.89, 516.57, 481.08, 516.57, 508.70, 516.57, 27.62, 12.59
7.00, 24, white car, 375.58, 498.45, 403.05, 511.36, 389.32, 504.90, 375.58, 504.90, 403.05, 504.90, 27.47, 12.91
7.03, 14, white car, 478.78, 510.12, 506.87, 522.91, 492.82, 516.52, 478.78, 516.52, 506.87, 516.52, 28.09, 12.79
7.03, 24, white car, 373.51, 498.38, 400.73, 511.18, 387.12, 504.78, 373.51, 504.78, 400.73, 504.78, 27.22, 12.79
7.07, 14, white car, 476.39, 510.00, 504.26, 522.69, 490.33, 516.34, 476.39, 516.34, 504.26, 516.34, 27.88, 12.69
7.07, 24, white car, 371.15, 498.24, 398.41, 511.03, 384.78, 504.64, 371.15, 504.64, 398.41, 504.64, 27.26, 12.80
7.10, 14, white car, 473.99, 509.86, 501.95, 522.60, 487.97, 516.23, 473.99, 516.23, 501.95, 516.23, 27.96, 12.74
7.10, 24, white car, 368.41, 497.83, 396.16, 510.87, 382.29, 504.35, 368.41, 504.35, 396.16, 504.35, 27.75, 13.04
7.13, 14, white car, 471.78, 509.56, 499.91, 522.38, 485.85, 515.97, 471.78, 515.97, 499.91, 515.97, 28.13, 12.83
7.13, 24, white car, 365.14, 497.25, 394.03, 510.87, 379.58, 504.06, 365.14, 504.06, 394.03, 504.06, 28.89, 13.62
7.17, 14, white car, 469.45, 509.27, 497.64, 522.16, 483.54, 515.71, 469.45, 515.71, 497.64, 515.71, 28.20, 12.89
7.17, 24, white car, 362.33, 497.11, 391.50, 510.90, 376.92, 504.01, 362.33, 504.01, 391.50, 504.01, 29.17, 13.79
7.20, 14, white car, 466.81, 509.02, 495.45, 522.16, 481.13, 515.59, 466.81, 515.59, 495.45, 515.59, 28.64, 13.14
7.20, 24, white car, 360.20, 496.90, 389.06, 510.60, 374.63, 503.75, 360.20, 503.75, 389.06, 503.75, 28.85, 13.70
7.23, 14, white car, 464.75, 508.66, 493.72, 521.99, 479.24, 515.33, 464.75, 515.33, 493.72, 515.33, 28.97, 13.33
7.23, 24, white car, 358.41, 496.86, 386.91, 510.37, 372.66, 503.62, 358.41, 503.62, 386.91, 503.62, 28.50, 13.51
7.27, 14, white car, 462.55, 508.32, 491.43, 521.65, 476.99, 514.99, 462.55, 514.99, 491.43, 514.99, 28.88, 13.33
7.27, 24, white car, 356.12, 496.55, 384.46, 509.93, 370.29, 503.24, 356.12, 503.24, 384.46, 503.24, 28.33, 13.38
7.30, 14, white car, 460.23, 508.07, 489.23, 521.49, 474.73, 514.78, 460.23, 514.78, 489.23, 514.78, 29.00, 13.42
7.30, 24, white car, 353.29, 496.33, 381.59, 509.60, 367.44, 502.97, 353.29, 502.97, 381.59, 502.97, 28.31, 13.28
7.33, 14, white car, 458.14, 507.85, 486.78, 521.16, 472.46, 514.50, 458.14, 514.50, 486.78, 514.50, 28.64, 13.31
7.33, 24, white car, 350.75, 495.93, 379.18, 509.19, 364.97, 502.56, 350.75, 502.56, 379.18, 502.56, 28.44, 13.26
7.37, 14, white car, 455.99, 507.70, 484.48, 520.96, 470.23, 514.33, 455.99, 514.33, 484.48, 514.33, 28.49, 13.26
7.37, 24, white car, 347.98, 495.48, 376.96, 509.04, 362.47, 502.26, 347.98, 502.26, 376.96, 502.26, 28.98, 13.56
7.40, 14, white car, 453.57, 507.35, 482.07, 520.65, 467.82, 514.00, 453.57, 514.00, 482.07, 514.00, 28.51, 13.30
7.40, 24, white car, 345.92, 495.42, 374.60, 508.87, 360.26, 502.14, 345.92, 502.14, 374.60, 502.14, 28.68, 13.46
7.43, 14, white car, 451.53, 507.07, 479.90, 520.30, 465.71, 513.69, 451.53, 513.69, 479.90, 513.69, 28.36, 13.22
7.43, 24, white car, 343.95, 495.04, 372.35, 508.41, 358.15, 501.73, 343.95, 501.73, 372.35, 501.73, 28.39, 13.38
7.47, 14, white car, 449.24, 506.77, 477.45, 519.94, 463.35, 513.36, 449.24, 513.36, 477.45, 513.36, 28.21, 13.17
7.47, 24, white car, 341.48, 494.64, 369.83, 508.03, 355.66, 501.34, 341.48, 501.34, 369.83, 501.34, 28.35, 13.39
7.50, 14, white car, 447.21, 506.51, 475.48, 519.74, 461.34, 513.12, 447.21, 513.12, 475.48, 513.12, 28.27, 13.22
7.50, 24, white car, 338.64, 494.18, 366.97, 507.58, 352.81, 500.88, 338.64, 500.88, 366.97, 500.88, 28.32, 13.40
7.53, 14, white car, 444.95, 506.36, 473.15, 519.58, 459.05, 512.97, 444.95, 512.97, 473.15, 512.97, 28.21, 13.23
7.53, 24, white car, 336.43, 494.04, 363.72, 506.95, 350.07, 500.49, 336.43, 500.49, 363.72, 500.49, 27.29, 12.92
7.57, 14, white car, 442.55, 506.19, 470.81, 519.49, 456.68, 512.84, 442.55, 512.84, 470.81, 512.84, 28.26, 13.29
7.57, 24, white car, 333.97, 493.91, 360.41, 506.40, 347.19, 500.15, 333.97, 500.15, 360.41, 500.15, 26.44, 12.49
7.60, 14, white car, 440.00, 506.02, 468.59, 519.50, 454.29, 512.76, 440.00, 512.76, 468.59, 512.76, 28.58, 13.48
7.60, 24, white car, 331.14, 493.41, 357.79, 506.00, 344.46, 499.70, 331.14, 499.70, 357.79, 499.70, 26.65, 12.60
7.63, 24, white car, 328.31, 493.04, 355.15, 505.76, 341.73, 499.40, 328.31, 499.40, 355.15, 499.40, 26.85, 12.72
7.67, 24, white car, 325.63, 492.82, 352.55, 505.52, 339.09, 499.17, 325.63, 499.17, 352.55, 499.17, 26.91, 12.70
7.70, 24, white car, 322.10, 492.59, 348.30, 504.74, 335.20, 498.67, 322.10, 498.67, 348.30, 498.67, 26.20, 12.15
7.73, 24, white car, 319.71, 492.41, 346.12, 504.55, 332.92, 498.48, 319.71, 498.48, 346.12, 498.48, 26.41, 12.14
7.77, 24, white car, 317.89, 492.12, 344.85, 504.47, 331.37, 498.29, 317.89, 498.29, 344.85, 498.29, 26.96, 12.35
7.80, 24, white car, 316.03, 492.00, 343.50, 504.56, 329.76, 498.28, 316.03, 498.28, 343.50, 498.28, 27.47, 12.56
7.83, 24, white car, 313.66, 491.91, 341.19, 504.45, 327.43, 498.18, 313.66, 498.18, 341.19, 498.18, 27.53, 12.54
7.83, 14, white car, 423.84, 504.14, 452.24, 517.57, 438.04, 510.85, 423.84, 510.85, 452.24, 510.85, 28.39, 13.43
7.87, 24, white car, 311.27, 491.70, 338.96, 504.28, 325.12, 497.99, 311.27, 497.99, 338.96, 497.99, 27.70, 12.58
7.87, 14, white car, 421.89, 504.02, 449.61, 517.15, 435.75, 510.59, 421.89, 510.59, 449.61, 510.59, 27.72, 13.13
7.90, 24, white car, 308.50, 491.62, 335.72, 503.99, 322.11, 497.80, 308.50, 497.80, 335.72, 497.80, 27.21, 12.37
7.90, 14, white car, 419.97, 503.87, 447.11, 516.68, 433.54, 510.28, 419.97, 510.28, 447.11, 510.28, 27.14, 12.82
7.93, 24, white car, 305.93, 491.49, 333.42, 503.97, 319.68, 497.73, 305.93, 497.73, 333.42, 497.73, 27.49, 12.48
7.93, 14, white car, 417.79, 503.84, 444.57, 516.46, 431.18, 510.15, 417.79, 510.15, 444.57, 510.15, 26.78, 12.62
7.97, 24, white car, 303.89, 491.35, 331.11, 503.71, 317.50, 497.53, 303.89, 497.53, 331.11, 497.53, 27.22, 12.35
7.97, 14, white car, 415.74, 503.83, 442.25, 516.25, 429.00, 510.04, 415.74, 510.04, 442.25, 510.04, 26.50, 12.42
8.00, 24, white car, 301.91, 491.30, 328.98, 503.55, 315.45, 497.42, 301.91, 497.42, 328.98, 497.42, 27.07, 12.25
8.00, 14, white car, 413.06, 503.51, 439.83, 516.05, 426.44, 509.78, 413.06, 509.78, 439.83, 509.78, 26.76, 12.54
8.03, 24, white car, 300.12, 491.15, 327.62, 503.52, 313.87, 497.34, 300.12, 497.34, 327.62, 497.34, 27.49, 12.36
8.03, 14, white car, 410.49, 503.33, 437.32, 515.88, 423.91, 509.60, 410.49, 509.60, 437.32, 509.60, 26.83, 12.55
8.07, 24, white car, 296.72, 490.22, 324.96, 502.96, 310.84, 496.59, 296.72, 496.59, 324.96, 496.59, 28.23, 12.74
8.07, 14, white car, 407.78, 502.80, 435.09, 515.61, 421.44, 509.21, 407.78, 509.21, 435.09, 509.21, 27.31, 12.81
8.10, 24, white car, 294.98, 489.94, 322.65, 502.32, 308.82, 496.13, 294.98, 496.13, 322.65, 496.13, 27.66, 12.39
8.10, 14, white car, 405.39, 502.45, 432.77, 515.34, 419.08, 508.90, 405.39, 508.90, 432.77, 508.90, 27.37, 12.88
8.13, 24, white car, 292.84, 489.77, 319.85, 501.78, 306.34, 495.77, 292.84, 495.77, 319.85, 495.77, 27.01, 12.01
8.13, 14, white car, 403.17, 502.20, 430.40, 515.04, 416.78, 508.62, 403.17, 508.62, 430.40, 508.62, 27.23, 12.83
8.17, 24, white car, 290.11, 489.53, 316.75, 501.34, 303.43, 495.43, 290.11, 495.43, 316.75, 495.43, 26.64, 11.81
8.17, 14, white car, 401.15, 501.90, 428.17, 514.64, 414.66, 508.27, 401.15, 508.27, 428.17, 508.27, 27.02, 12.74
8.20, 24, white car, 286.73, 489.49, 313.60, 501.41, 300.17, 495.45, 286.73, 495.45, 313.60, 495.45, 26.87, 11.92
8.20, 14, white car, 399.16, 501.75, 425.78, 514.27, 412.47, 508.01, 399.16, 508.01, 425.78, 508.01, 26.62, 12.52
8.23, 24, white car, 283.81, 489.32, 310.64, 501.25, 297.23, 495.29, 283.81, 495.29, 310.64, 495.29, 26.82, 11.92
8.23, 14, white car, 396.69, 501.50, 423.32, 513.98, 410.01, 507.74, 396.69, 507.74, 423.32, 507.74, 26.63, 12.47
8.27, 24, white car, 281.14, 489.02, 308.30, 501.16, 294.72, 495.09, 281.14, 495.09, 308.30, 495.09, 27.15, 12.13
8.27, 14, white car, 394.47, 501.37, 420.94, 513.74, 407.71, 507.56, 394.47, 507.56, 420.94, 507.56, 26.47, 12.36
8.30, 24, white car, 278.67, 488.95, 305.88, 501.16, 292.28, 495.06, 278.67, 495.06, 305.88, 495.06, 27.21, 12.22
8.30, 14, white car, 392.16, 501.13, 418.75, 513.52, 405.45, 507.33, 392.16, 507.33, 418.75, 507.33, 26.59, 12.39
8.33, 24, white car, 276.15, 488.61, 303.48, 500.90, 289.81, 494.76, 276.15, 494.76, 303.48, 494.76, 27.33, 12.29
8.33, 14, white car, 389.50, 500.72, 416.23, 513.14, 402.86, 506.93, 389.50, 506.93, 416.23, 506.93, 26.73, 12.43
8.37, 24, white car, 273.69, 488.11, 301.25, 500.52, 287.47, 494.31, 273.69, 494.31, 301.25, 494.31, 27.55, 12.41
8.37, 14, white car, 386.99, 500.50, 413.95, 513.01, 400.47, 506.75, 386.99, 506.75, 413.95, 506.75, 26.96, 12.51
8.40, 24, white car, 271.21, 487.61, 299.01, 500.15, 285.11, 493.88, 271.21, 493.88, 299.01, 493.88, 27.80, 12.54
8.40, 14, white car, 384.55, 500.21, 411.69, 512.77, 398.12, 506.49, 384.55, 506.49, 411.69, 506.49, 27.13, 12.56
8.43, 24, white car, 268.88, 487.33, 296.78, 499.91, 282.83, 493.62, 268.88, 493.62, 296.78, 493.62, 27.90, 12.58
8.43, 14, white car, 382.14, 499.95, 409.22, 512.42, 395.68, 506.18, 382.14, 506.18, 409.22, 506.18, 27.07, 12.48
8.47, 24, white car, 266.48, 487.13, 294.25, 499.67, 280.37, 493.40, 266.48, 493.40, 294.25, 493.40, 27.78, 12.54
8.47, 14, white car, 379.87, 499.92, 406.53, 512.18, 393.20, 506.05, 379.87, 506.05, 406.53, 506.05, 26.66, 12.26
8.50, 24, white car, 263.83, 486.92, 291.08, 499.25, 277.46, 493.08, 263.83, 493.08, 291.08, 493.08, 27.25, 12.33
8.50, 14, white car, 377.28, 499.47, 404.61, 512.06, 390.94, 505.76, 377.28, 505.76, 404.61, 505.76, 27.33, 12.59
8.53, 24, white car, 261.19, 486.58, 288.64, 499.03, 274.92, 492.80, 261.19, 492.80, 288.64, 492.80, 27.45, 12.45
8.53, 14, white car, 374.84, 499.05, 402.45, 511.78, 388.65, 505.41, 374.84, 505.41, 402.45, 505.41, 27.61, 12.73
8.57, 24, white car, 258.34, 486.31, 285.88, 498.83, 272.11, 492.57, 258.34, 492.57, 285.88, 492.57, 27.53, 12.52
8.57, 14, white car, 372.32, 498.80, 399.75, 511.45, 386.03, 505.13, 372.32, 505.13, 399.75, 505.13, 27.43, 12.65
8.60, 24, white car, 255.87, 486.00, 283.42, 498.53, 269.65, 492.26, 255.87, 492.26, 283.42, 492.26, 27.55, 12.52
8.60, 14, white car, 369.76, 498.64, 397.28, 511.33, 383.52, 504.99, 369.76, 504.99, 397.28, 504.99, 27.52, 12.69
8.63, 24, white car, 253.59, 485.81, 281.16, 498.36, 267.38, 492.08, 253.59, 492.08, 281.16, 492.08, 27.57, 12.55
8.63, 14, white car, 367.34, 498.46, 394.84, 511.09, 381.09, 504.78, 367.34, 504.78, 394.84, 504.78, 27.50, 12.63
8.67, 24, white car, 251.15, 485.71, 278.38, 498.13, 264.77, 491.92, 251.15, 491.92, 278.38, 491.92, 27.24, 12.41
8.67, 14, white car, 364.72, 498.05, 392.40, 510.77, 378.56, 504.41, 364.72, 504.41, 392.40, 504.41, 27.68, 12.72
8.70, 24, white car, 248.55, 485.25, 276.04, 497.81, 262.30, 491.53, 248.55, 491.53, 276.04, 491.53, 27.49, 12.56
8.70, 14, white car, 362.77, 497.62, 390.52, 510.43, 376.64, 504.03, 362.77, 504.03, 390.52, 504.03, 27.75, 12.82
8.73, 24, white car, 246.28, 484.99, 273.67, 497.54, 259.97, 491.26, 246.28, 491.26, 273.67, 491.26, 27.39, 12.55
8.73, 14, white car, 361.34, 497.53, 388.62, 510.22, 374.98, 503.88, 361.34, 503.88, 388.62, 503.88, 27.29, 12.68
8.77, 24, white car, 244.00, 484.81, 271.14, 497.21, 257.57, 491.01, 244.00, 491.01, 271.14, 491.01, 27.14, 12.41
8.77, 14, white car, 358.86, 497.46, 385.79, 509.99, 372.33, 503.72, 358.86, 503.72, 385.79, 503.72, 26.93, 12.53
8.80, 24, white car, 241.64, 484.68, 268.47, 496.93, 255.06, 490.80, 241.64, 490.80, 268.47, 490.80, 26.82, 12.24
8.80, 14, white car, 356.47, 497.29, 383.24, 509.72, 369.85, 503.50, 356.47, 503.50, 383.24, 503.50, 26.76, 12.43
8.83, 24, white car, 239.36, 484.53, 266.09, 496.70, 252.72, 490.62, 239.36, 490.62, 266.09, 490.62, 26.73, 12.17
8.83, 14, white car, 354.13, 497.29, 380.47, 509.44, 367.30, 503.36, 354.13, 503.36, 380.47, 503.36, 26.33, 12.15
8.87, 24, white car, 236.44, 484.20, 263.95, 496.72, 250.20, 490.46, 236.44, 490.46, 263.95, 490.46, 27.51, 12.52
8.87, 14, white car, 350.98, 496.75, 377.88, 509.16, 364.43, 502.95, 350.98, 502.95, 377.88, 502.95, 26.90, 12.41
8.90, 24, white car, 233.77, 484.02, 261.57, 496.69, 247.67, 490.35, 233.77, 490.35, 261.57, 490.35, 27.80, 12.67
8.90, 14, white car, 347.85, 496.21, 375.63, 509.03, 361.74, 502.62, 347.85, 502.62, 375.63, 502.62, 27.79, 12.82
8.93, 24, white car, 231.57, 483.68, 259.53, 496.42, 245.55, 490.05, 231.57, 490.05, 259.53, 490.05, 27.96, 12.74
8.93, 14, white car, 345.89, 496.20, 373.30, 508.85, 359.60, 502.52, 345.89, 502.52, 373.30, 502.52, 27.41, 12.65
8.97, 24, white car, 229.23, 483.48, 257.18, 496.22, 243.21, 489.85, 229.23, 489.85, 257.18, 489.85, 27.96, 12.74
8.97, 14, white car, 343.57, 496.03, 370.46, 508.42, 357.01, 502.22, 343.57, 502.22, 370.46, 502.22, 26.89, 12.39
9.00, 24, white car, 226.79, 483.23, 254.55, 495.86, 240.67, 489.54, 226.79, 489.54, 254.55, 489.54, 27.76, 12.62
9.00, 14, white car, 341.19, 495.58, 368.30, 508.08, 354.75, 501.83, 341.19, 501.83, 368.30, 501.83, 27.11, 12.50
9.03, 24, white car, 224.42, 482.91, 251.92, 495.38, 238.17, 489.15, 224.42, 489.15, 251.92, 489.15, 27.49, 12.47
9.03, 14, white car, 338.73, 495.28, 365.99, 507.84, 352.36, 501.56, 338.73, 501.56, 365.99, 501.56, 27.26, 12.56
9.07, 24, white car, 221.63, 482.59, 249.14, 495.10, 235.39, 488.84, 221.63, 488.84, 249.14, 488.84, 27.51, 12.50
9.07, 14, white car, 336.33, 495.07, 363.61, 507.60, 349.97, 501.33, 336.33, 501.33, 363.61, 501.33, 27.28, 12.54
9.10, 24, white car, 219.29, 482.45, 246.95, 495.03, 233.12, 488.74, 219.29, 488.74, 246.95, 488.74, 27.66, 12.59
9.10, 14, white car, 334.20, 494.95, 361.16, 507.29, 347.68, 501.12, 334.20, 501.12, 361.16, 501.12, 26.97, 12.34
9.13, 24, white car, 217.00, 482.20, 244.86, 494.88, 230.93, 488.54, 217.00, 488.54, 244.86, 488.54, 27.86, 12.68
9.13, 14, white car, 331.90, 494.56, 358.37, 506.63, 345.13, 500.59, 331.90, 500.59, 358.37, 500.59, 26.47, 12.07
9.17, 24, white car, 214.85, 481.96, 242.62, 494.62, 228.74, 488.29, 214.85, 488.29, 242.62, 488.29, 27.77, 12.65
9.17, 14, white car, 328.21, 493.96, 354.57, 506.06, 341.39, 500.01, 328.21, 500.01, 354.57, 500.01, 26.35, 12.11
9.20, 24, white car, 212.65, 481.66, 240.50, 494.34, 226.58, 488.00, 212.65, 488.00, 240.50, 488.00, 27.84, 12.67
9.20, 14, white car, 325.87, 493.66, 352.60, 505.88, 339.24, 499.77, 325.87, 499.77, 352.60, 499.77, 26.73, 12.22
9.23, 24, white car, 210.15, 481.37, 238.13, 494.13, 224.14, 487.75, 210.15, 487.75, 238.13, 487.75, 27.99, 12.76
9.23, 14, white car, 323.17, 493.45, 350.39, 505.75, 336.78, 499.60, 323.17, 499.60, 350.39, 499.60, 27.22, 12.30
9.27, 24, white car, 207.86, 481.20, 235.40, 493.82, 221.63, 487.51, 207.86, 487.51, 235.40, 487.51, 27.54, 12.62
9.27, 14, white car, 320.02, 493.22, 348.07, 505.84, 334.05, 499.53, 320.02, 499.53, 348.07, 499.53, 28.04, 12.63
9.30, 24, white car, 205.25, 480.92, 233.16, 493.77, 219.20, 487.35, 205.25, 487.35, 233.16, 487.35, 27.91, 12.85
9.30, 14, white car, 317.60, 492.98, 346.09, 505.83, 331.84, 499.40, 317.60, 499.40, 346.09, 499.40, 28.49, 12.85
9.33, 24, white car, 202.38, 480.54, 230.66, 493.61, 216.52, 487.08, 202.38, 487.08, 230.66, 487.08, 28.28, 13.06
9.33, 14, white car, 315.89, 492.99, 343.98, 505.63, 329.94, 499.31, 315.89, 499.31, 343.98, 499.31, 28.10, 12.65
9.37, 24, white car, 200.24, 480.21, 228.28, 493.20, 214.26, 486.70, 200.24, 486.70, 228.28, 486.70, 28.05, 12.98
9.37, 14, white car, 313.77, 493.00, 341.43, 505.41, 327.60, 499.21, 313.77, 499.21, 341.43, 499.21, 27.66, 12.42
9.40, 24, white car, 197.89, 479.87, 225.84, 492.83, 211.86, 486.35, 197.89, 486.35, 225.84, 486.35, 27.95, 12.95
9.40, 14, white car, 311.19, 492.85, 338.85, 505.22, 325.02, 499.03, 311.19, 499.03, 338.85, 499.03, 27.65, 12.37
9.43, 24, white car, 196.80, 479.87, 223.50, 492.28, 210.15, 486.07, 196.80, 486.07, 223.50, 486.07, 26.70, 12.41
9.43, 14, white car, 308.76, 492.60, 336.50, 504.99, 322.63, 498.80, 308.76, 498.80, 336.50, 498.80, 27.74, 12.40
9.47, 24, white car, 193.69, 479.36, 220.98, 492.06, 207.33, 485.71, 193.69, 485.71, 220.98, 485.71, 27.30, 12.71
9.47, 14, white car, 306.31, 492.48, 334.29, 504.98, 320.30, 498.73, 306.31, 498.73, 334.29, 498.73, 27.97, 12.50
9.50, 24, white car, 191.20, 479.21, 218.50, 491.88, 204.85, 485.54, 191.20, 485.54, 218.50, 485.54, 27.30, 12.67
9.50, 14, white car, 303.95, 492.26, 331.92, 504.77, 317.94, 498.51, 303.95, 498.51, 331.92, 498.51, 27.97, 12.51
9.53, 24, white car, 187.88, 478.93, 215.34, 491.62, 201.61, 485.27, 187.88, 485.27, 215.34, 485.27, 27.46, 12.69
9.53, 14, white car, 301.70, 492.02, 329.53, 504.46, 315.62, 498.24, 301.70, 498.24, 329.53, 498.24, 27.83, 12.44
9.57, 24, white car, 184.99, 478.41, 213.50, 491.59, 199.25, 485.00, 184.99, 485.00, 213.50, 485.00, 28.52, 13.17
9.57, 14, white car, 299.58, 491.71, 327.47, 504.11, 313.53, 497.91, 299.58, 497.91, 327.47, 497.91, 27.88, 12.40
9.60, 24, white car, 182.65, 478.03, 211.66, 491.48, 197.15, 484.76, 182.65, 484.76, 211.66, 484.76, 29.01, 13.45
9.60, 14, white car, 297.37, 491.17, 325.69, 503.71, 311.53, 497.44, 297.37, 497.44, 325.69, 497.44, 28.32, 12.54
9.63, 14, white car, 294.97, 490.57, 323.69, 503.21, 309.33, 496.89, 294.97, 496.89, 323.69, 496.89, 28.72, 12.64
9.67, 14, white car, 292.87, 490.25, 321.69, 502.79, 307.28, 496.52, 292.87, 496.52, 321.69, 496.52, 28.82, 12.55
9.70, 14, white car, 289.62, 490.35, 317.38, 502.43, 303.50, 496.39, 289.62, 496.39, 317.38, 496.39, 27.75, 12.08
9.73, 14, white car, 286.55, 490.13, 314.05, 502.10, 300.30, 496.11, 286.55, 496.11, 314.05, 496.11, 27.50, 11.96
9.77, 14, white car, 283.55, 489.99, 311.28, 502.07, 297.42, 496.03, 283.55, 496.03, 311.28, 496.03, 27.73, 12.09
9.80, 14, white car, 280.97, 489.84, 309.03, 502.08, 295.00, 495.96, 280.97, 495.96, 309.03, 495.96, 28.06, 12.24
9.83, 14, white car, 278.41, 489.49, 306.72, 501.91, 292.56, 495.70, 278.41, 495.70, 306.72, 495.70, 28.31, 12.42
9.87, 14, white car, 276.00, 489.27, 303.99, 501.56, 289.99, 495.41, 276.00, 495.41, 303.99, 495.41, 27.99, 12.29
9.90, 14, white car, 273.29, 488.69, 301.44, 501.08, 287.36, 494.88, 273.29, 494.88, 301.44, 494.88, 28.15, 12.39
9.93, 14, white car, 271.03, 488.41, 299.08, 500.75, 285.06, 494.58, 271.03, 494.58, 299.08, 494.58, 28.05, 12.34
9.97, 14, white car, 268.35, 487.93, 296.83, 500.48, 282.59, 494.20, 268.35, 494.20, 296.83, 494.20, 28.48, 12.55
9.97, 24, white car, 156.29, 475.83, 182.46, 487.95, 169.37, 481.89, 156.29, 481.89, 182.46, 481.89, 26.17, 12.12
