0.00, 1, white car, 616.91, 524.60, 644.65, 536.93, 630.78, 530.77, 616.91, 530.77, 644.65, 530.77, 27.74, 12.33
0.00, 13, black car, 676.05, 530.25, 705.75, 542.86, 690.90, 536.55, 676.05, 536.55, 705.75, 536.55, 29.70, 12.61
0.00, 14, white car, 977.84, 547.38, 1009.43, 560.90, 993.63, 554.14, 977.84, 554.14, 1009.43, 554.14, 31.59, 13.52
0.03, 1, white car, 614.92, 524.79, 642.27, 536.95, 628.59, 530.87, 614.92, 530.87, 642.27, 530.87, 27.34, 12.16
0.03, 13, black car, 673.80, 529.91, 703.47, 542.51, 688.63, 536.21, 673.80, 536.21, 703.47, 536.21, 29.67, 12.60
0.03, 14, white car, 974.94, 547.35, 1006.59, 560.89, 990.76, 554.12, 974.94, 554.12, 1006.59, 554.12, 31.65, 13.54
0.07, 1, white car, 612.25, 524.44, 639.54, 536.57, 625.89, 530.50, 612.25, 530.50, 639.54, 530.50, 27.29, 12.13
0.07, 13, black car, 670.16, 529.19, 700.95, 542.26, 685.55, 535.73, 670.16, 535.73, 700.95, 535.73, 30.79, 13.08
0.07, 14, white car, 972.94, 547.42, 1003.01, 560.26, 987.97, 553.84, 972.94, 553.84, 1003.01, 553.84, 30.07, 12.84
0.10, 1, white car, 609.62, 524.26, 636.79, 536.32, 623.20, 530.29, 609.62, 530.29, 636.79, 530.29, 27.17, 12.06
0.10, 13, black car, 667.60, 528.96, 698.23, 541.99, 682.91, 535.47, 667.60, 535.47, 698.23, 535.47, 30.63, 13.03
0.10, 14, white car, 968.84, 547.35, 998.83, 560.13, 983.83, 553.74, 968.84, 553.74, 998.83, 553.74, 30.00, 12.78
0.13, 1, white car, 606.79, 523.97, 634.08, 536.06, 620.43, 530.02, 606.79, 530.02, 634.08, 530.02, 27.29, 12.09
0.13, 13, black car, 664.33, 528.59, 695.17, 541.74, 679.75, 535.17, 664.33, 535.17, 695.17, 535.17, 30.84, 13.15
0.13, 14, white car, 964.54, 547.15, 995.06, 560.13, 979.80, 553.64, 964.54, 553.64, 995.06, 553.64, 30.52, 12.98
0.17, 1, white car, 604.26, 523.64, 631.53, 535.71, 617.90, 529.68, 604.26, 529.68, 631.53, 529.68, 27.27, 12.07
0.17, 13, black car, 661.61, 528.39, 692.43, 541.55, 677.02, 534.97, 661.61, 534.97, 692.43, 534.97, 30.82, 13.16
0.17, 14, white car, 961.24, 547.28, 991.43, 560.09, 976.33, 553.69, 961.24, 553.69, 991.43, 553.69, 30.19, 12.81
0.20, 1, white car, 601.46, 523.50, 628.91, 535.64, 615.19, 529.57, 601.46, 529.57, 628.91, 529.57, 27.45, 12.14
0.20, 13, black car, 659.21, 528.22, 690.07, 541.44, 674.64, 534.83, 659.21, 534.83, 690.07, 534.83, 30.86, 13.22
0.20, 14, white car, 957.70, 547.01, 987.99, 559.82, 972.84, 553.41, 957.70, 553.41, 987.99, 553.41, 30.29, 12.81
0.23, 1, white car, 598.49, 523.28, 626.16, 535.51, 612.33, 529.40, 598.49, 529.40, 626.16, 529.40, 27.67, 12.24
0.23, 13, black car, 656.93, 527.93, 687.74, 541.17, 672.33, 534.55, 656.93, 534.55, 687.74, 534.55, 30.81, 13.24
0.23, 14, white car, 954.05, 546.89, 984.22, 559.61, 969.14, 553.25, 954.05, 553.25, 984.22, 553.25, 30.17, 12.73
0.27, 1, white car, 595.94, 523.19, 623.53, 535.38, 609.74, 529.29, 595.94, 529.29, 623.53, 529.29, 27.59, 12.18
0.27, 13, black car, 654.34, 527.86, 685.02, 541.06, 669.68, 534.46, 654.34, 534.46, 685.02, 534.46, 30.68, 13.20
0.27, 14, white car, 949.76, 546.61, 980.61, 559.61, 965.18, 553.11, 949.76, 553.11, 980.61, 553.11, 30.85, 13.00
0.30, 1, white car, 593.03, 522.79, 620.56, 534.91, 606.79, 528.85, 593.03, 528.85, 620.56, 528.85, 27.53, 12.12
0.30, 13, black car, 651.94, 527.64, 682.13, 540.64, 667.04, 534.14, 651.94, 534.14, 682.13, 534.14, 30.19, 13.01
0.30, 14, white car, 946.51, 546.55, 977.17, 559.47, 961.84, 553.01, 946.51, 553.01, 977.17, 553.01, 30.66, 12.92
0.33, 1, white car, 590.30, 522.36, 618.04, 534.57, 604.17, 528.46, 590.30, 528.46, 618.04, 528.46, 27.74, 12.21
0.33, 13, black car, 648.36, 527.18, 678.91, 540.34, 663.64, 533.76, 648.36, 533.76, 678.91, 533.76, 30.55, 13.15
0.33, 14, white car, 942.87, 546.10, 974.41, 559.40, 958.64, 552.75, 942.87, 552.75, 974.41, 552.75, 31.55, 13.30
0.37, 1, white car, 587.97, 521.96, 615.64, 534.12, 601.80, 528.04, 587.97, 528.04, 615.64, 528.04, 27.67, 12.16
0.37, 13, black car, 645.35, 526.83, 675.35, 539.75, 660.35, 533.29, 645.35, 533.29, 675.35, 533.29, 30.01, 12.92
0.37, 14, white car, 939.45, 545.91, 971.04, 559.24, 955.24, 552.58, 939.45, 552.58, 971.04, 552.58, 31.59, 13.33
0.40, 1, white car, 585.19, 521.56, 613.06, 533.79, 599.13, 527.67, 585.19, 527.67, 613.06, 527.67, 27.87, 12.23
0.40, 13, black car, 643.05, 526.80, 672.90, 539.67, 657.98, 533.24, 643.05, 533.24, 672.90, 533.24, 29.84, 12.87
0.40, 14, white car, 935.79, 545.87, 966.97, 558.98, 951.38, 552.43, 935.79, 552.43, 966.97, 552.43, 31.17, 13.12
0.43, 1, white car, 582.65, 521.61, 610.27, 533.73, 596.46, 527.67, 582.65, 527.67, 610.27, 527.67, 27.61, 12.13
0.43, 13, black car, 640.37, 526.51, 670.45, 539.50, 655.41, 533.01, 640.37, 533.01, 670.45, 533.01, 30.08, 12.99
0.43, 14, white car, 932.95, 546.01, 963.27, 558.73, 948.11, 552.37, 932.95, 552.37, 963.27, 552.37, 30.31, 12.72
0.47, 1, white car, 579.88, 521.14, 607.85, 533.41, 593.86, 527.28, 579.88, 527.28, 607.85, 527.28, 27.97, 12.27
0.47, 13, black car, 638.02, 526.21, 668.22, 539.28, 653.12, 532.74, 638.02, 532.74, 668.22, 532.74, 30.20, 13.07
0.47, 14, white car, 929.51, 545.98, 959.69, 558.58, 944.60, 552.28, 929.51, 552.28, 959.69, 552.28, 30.18, 12.60
0.50, 1, white car, 577.49, 520.80, 605.15, 532.93, 591.32, 526.86, 577.49, 526.86, 605.15, 526.86, 27.66, 12.12
0.50, 13, black car, 635.76, 525.99, 665.62, 538.92, 650.69, 532.45, 635.76, 532.45, 665.62, 532.45, 29.87, 12.94
0.50, 14, white car, 926.11, 545.92, 956.29, 558.47, 941.20, 552.19, 926.11, 552.19, 956.29, 552.19, 30.19, 12.55
0.53, 1, white car, 575.01, 520.56, 602.61, 532.63, 588.81, 526.60, 575.01, 526.60, 602.61, 526.60, 27.61, 12.07
0.53, 13, black car, 633.52, 525.82, 662.71, 538.49, 648.12, 532.15, 633.52, 532.15, 662.71, 532.15, 29.19, 12.67
0.53, 14, white car, 921.95, 545.45, 953.48, 558.57, 937.72, 552.01, 921.95, 552.01, 953.48, 552.01, 31.53, 13.12
0.57, 1, white car, 572.43, 520.41, 599.87, 532.35, 586.15, 526.38, 572.43, 526.38, 599.87, 526.38, 27.44, 11.95
0.57, 13, black car, 630.59, 525.40, 659.97, 538.18, 645.28, 531.79, 630.59, 531.79, 659.97, 531.79, 29.38, 12.78
0.57, 14, white car, 918.49, 545.30, 950.23, 558.52, 934.36, 551.91, 918.49, 551.91, 950.23, 551.91, 31.73, 13.22
0.60, 1, white car, 570.07, 520.16, 597.42, 532.03, 583.75, 526.09, 570.07, 526.09, 597.42, 526.09, 27.35, 11.87
0.60, 13, black car, 627.81, 525.21, 657.44, 538.13, 642.63, 531.67, 627.81, 531.67, 657.44, 531.67, 29.63, 12.92
0.60, 14, white car, 915.24, 545.31, 946.52, 558.33, 930.88, 551.82, 915.24, 551.82, 946.52, 551.82, 31.27, 13.03
0.63, 1, white car, 567.55, 519.96, 594.85, 531.78, 581.20, 525.87, 567.55, 525.87, 594.85, 525.87, 27.29, 11.82
0.63, 13, black car, 625.18, 524.87, 654.61, 537.76, 639.89, 531.32, 625.18, 531.32, 654.61, 531.32, 29.43, 12.90
0.63, 14, white car, 911.79, 544.95, 943.44, 558.15, 927.62, 551.55, 911.79, 551.55, 943.44, 551.55, 31.66, 13.21
0.67, 1, white car, 564.69, 519.82, 592.44, 531.82, 578.57, 525.82, 564.69, 525.82, 592.44, 525.82, 27.74, 12.00
0.67, 13, black car, 623.64, 524.72, 652.36, 537.34, 638.00, 531.03, 623.64, 531.03, 652.36, 531.03, 28.72, 12.62
0.67, 14, white car, 907.99, 544.71, 939.73, 557.94, 923.86, 551.33, 907.99, 551.33, 939.73, 551.33, 31.74, 13.23
0.70, 1, white car, 562.05, 519.51, 590.19, 531.69, 576.12, 525.60, 562.05, 525.60, 590.19, 525.60, 28.14, 12.18
0.70, 13, black car, 620.94, 524.30, 649.56, 536.88, 635.25, 530.59, 620.94, 530.59, 649.56, 530.59, 28.62, 12.57
0.70, 14, white car, 904.70, 544.57, 936.43, 557.82, 920.57, 551.20, 904.70, 551.20, 936.43, 551.20, 31.73, 13.25
0.73, 1, white car, 559.52, 519.21, 587.83, 531.48, 573.68, 525.35, 559.52, 525.35, 587.83, 525.35, 28.30, 12.27
0.73, 13, black car, 618.15, 523.75, 647.03, 536.45, 632.59, 530.10, 618.15, 530.10, 647.03, 530.10, 28.88, 12.70
0.73, 14, white car, 901.58, 544.57, 933.01, 557.69, 917.29, 551.13, 901.58, 551.13, 933.01, 551.13, 31.43, 13.12
0.77, 1, white car, 557.13, 519.20, 585.03, 531.32, 571.08, 525.26, 557.13, 525.26, 585.03, 525.26, 27.91, 12.13
0.77, 13, black car, 615.40, 523.40, 644.59, 536.25, 629.99, 529.82, 615.40, 529.82, 644.59, 529.82, 29.19, 12.85
0.77, 14, white car, 898.68, 544.53, 929.84, 557.52, 914.26, 551.03, 898.68, 551.03, 929.84, 551.03, 31.16, 12.98
0.80, 1, white car, 554.27, 518.93, 582.29, 531.14, 568.28, 525.03, 554.27, 525.03, 582.29, 525.03, 28.02, 12.21
0.80, 13, black car, 613.25, 523.05, 642.92, 536.14, 628.08, 529.59, 613.25, 529.59, 642.92, 529.59, 29.67, 13.09
0.80, 14, white car, 894.87, 544.24, 926.65, 557.49, 910.76, 550.87, 894.87, 550.87, 926.65, 550.87, 31.78, 13.25
0.83, 1, white car, 551.50, 518.41, 579.90, 530.84, 565.70, 524.63, 551.50, 524.63, 579.90, 524.63, 28.40, 12.44
0.83, 13, black car, 610.95, 522.89, 640.25, 535.84, 625.60, 529.37, 610.95, 529.37, 640.25, 529.37, 29.30, 12.95
0.83, 14, white car, 891.50, 544.02, 923.60, 557.42, 907.55, 550.72, 891.50, 550.72, 923.60, 550.72, 32.11, 13.40
0.87, 1, white car, 549.34, 518.19, 577.62, 530.63, 563.48, 524.41, 549.34, 524.41, 577.62, 524.41, 28.28, 12.44
0.87, 13, black car, 608.17, 523.00, 636.73, 535.59, 622.45, 529.30, 608.17, 529.30, 636.73, 529.30, 28.56, 12.59
0.87, 14, white car, 888.21, 543.93, 920.00, 557.23, 904.10, 550.58, 888.21, 550.58, 920.00, 550.58, 31.79, 13.29
0.90, 1, white car, 547.46, 518.29, 574.50, 530.21, 560.98, 524.25, 547.46, 524.25, 574.50, 524.25, 27.04, 11.92
0.90, 13, black car, 605.91, 523.02, 634.19, 535.50, 620.05, 529.26, 605.91, 529.26, 634.19, 529.26, 28.28, 12.48
0.90, 14, white car, 885.61, 543.74, 916.40, 556.59, 901.01, 550.16, 885.61, 550.16, 916.40, 550.16, 30.78, 12.85
0.93, 1, white car, 544.95, 518.27, 571.66, 529.99, 558.31, 524.13, 544.95, 524.13, 571.66, 524.13, 26.71, 11.72
0.93, 13, black car, 603.24, 522.70, 631.78, 535.32, 617.51, 529.01, 603.24, 529.01, 631.78, 529.01, 28.55, 12.61
0.93, 14, white car, 881.23, 543.37, 912.89, 556.63, 897.06, 550.00, 881.23, 550.00, 912.89, 550.00, 31.66, 13.26
0.97, 1, white car, 542.01, 517.87, 569.23, 529.83, 555.62, 523.85, 542.01, 523.85, 569.23, 523.85, 27.22, 11.96
0.97, 13, black car, 600.02, 522.12, 629.41, 535.15, 614.72, 528.63, 600.02, 528.63, 629.41, 528.63, 29.39, 13.02
0.97, 14, white car, 877.60, 543.08, 909.97, 556.69, 893.78, 549.89, 877.60, 549.89, 909.97, 549.89, 32.37, 13.61
1.00, 1, white car, 539.53, 517.47, 566.73, 529.42, 553.13, 523.44, 539.53, 523.44, 566.73, 523.44, 27.19, 11.95
1.00, 13, black car, 597.27, 521.90, 627.03, 535.14, 612.15, 528.52, 597.27, 528.52, 627.03, 528.52, 29.76, 13.24
1.00, 14, white car, 874.36, 543.06, 906.38, 556.57, 890.37, 549.82, 874.36, 549.82, 906.38, 549.82, 32.02, 13.50
1.03, 1, white car, 536.61, 517.05, 564.36, 529.29, 550.49, 523.17, 536.61, 523.17, 564.36, 523.17, 27.75, 12.25
1.03, 13, black car, 595.60, 521.74, 624.43, 534.60, 610.01, 528.17, 595.60, 528.17, 624.43, 528.17, 28.83, 12.85
1.03, 14, white car, 870.93, 542.90, 903.23, 556.54, 887.08, 549.72, 870.93, 549.72, 903.23, 549.72, 32.30, 13.64
1.07, 1, white car, 533.73, 516.42, 562.15, 529.04, 547.94, 522.73, 533.73, 522.73, 562.15, 522.73, 28.42, 12.62
1.07, 13, black car, 592.51, 521.50, 621.17, 534.25, 606.84, 527.87, 592.51, 527.87, 621.17, 527.87, 28.66, 12.75
1.07, 14, white car, 867.39, 542.50, 899.93, 556.26, 883.66, 549.38, 867.39, 549.38, 899.93, 549.38, 32.55, 13.76
1.10, 1, white car, 531.28, 516.15, 559.89, 528.92, 545.58, 522.53, 531.28, 522.53, 559.89, 522.53, 28.61, 12.77
1.10, 13, black car, 590.37, 521.61, 618.66, 534.21, 604.51, 527.91, 590.37, 527.91, 618.66, 527.91, 28.29, 12.60
1.10, 14, white car, 864.13, 542.23, 896.85, 556.11, 880.49, 549.17, 864.13, 549.17, 896.85, 549.17, 32.72, 13.87
1.13, 1, white car, 529.11, 515.99, 557.13, 528.54, 543.12, 522.27, 529.11, 522.27, 557.13, 522.27, 28.02, 12.55
1.13, 13, black car, 587.53, 521.34, 616.42, 534.21, 601.98, 527.77, 587.53, 527.77, 616.42, 527.77, 28.89, 12.87
1.13, 14, white car, 861.20, 542.22, 893.71, 556.02, 877.46, 549.12, 861.20, 549.12, 893.71, 549.12, 32.51, 13.80
1.17, 1, white car, 526.64, 515.65, 554.27, 528.04, 540.46, 521.84, 526.64, 521.84, 554.27, 521.84, 27.63, 12.39
1.17, 13, black car, 585.32, 521.10, 614.39, 534.06, 599.86, 527.58, 585.32, 527.58, 614.39, 527.58, 29.07, 12.96
1.17, 14, white car, 857.71, 542.03, 890.40, 555.94, 874.05, 548.99, 857.71, 548.99, 890.40, 548.99, 32.69, 13.90
1.20, 1, white car, 524.14, 515.41, 551.29, 527.59, 537.71, 521.50, 524.14, 521.50, 551.29, 521.50, 27.15, 12.18
1.20, 13, black car, 583.11, 520.98, 611.79, 533.80, 597.45, 527.39, 583.11, 527.39, 611.79, 527.39, 28.68, 12.82
1.20, 14, white car, 854.81, 542.11, 886.65, 555.67, 870.73, 548.89, 854.81, 548.89, 886.65, 548.89, 31.84, 13.57
1.23, 1, white car, 521.85, 515.33, 548.93, 527.49, 535.39, 521.41, 521.85, 521.41, 548.93, 521.41, 27.08, 12.15
1.23, 13, black car, 580.82, 520.74, 609.27, 533.47, 595.05, 527.11, 580.82, 527.11, 609.27, 527.11, 28.45, 12.74
1.23, 14, white car, 851.00, 541.88, 883.08, 555.57, 867.04, 548.72, 851.00, 548.72, 883.08, 548.72, 32.08, 13.69
1.27, 1, white car, 519.49, 515.08, 546.58, 527.27, 533.04, 521.18, 519.49, 521.18, 546.58, 521.18, 27.09, 12.19
1.27, 13, black car, 577.74, 519.95, 606.55, 532.82, 592.14, 526.39, 577.74, 526.39, 606.55, 526.39, 28.81, 12.87
1.27, 14, white car, 847.77, 541.89, 879.37, 555.37, 863.57, 548.63, 847.77, 548.63, 879.37, 548.63, 31.61, 13.48
1.30, 1, white car, 516.72, 514.84, 543.68, 526.94, 530.20, 520.89, 516.72, 520.89, 543.68, 520.89, 26.96, 12.10
1.30, 13, black car, 574.41, 519.58, 603.33, 532.50, 588.87, 526.04, 574.41, 526.04, 603.33, 526.04, 28.92, 12.92
1.30, 14, white car, 844.37, 541.81, 875.99, 555.29, 860.18, 548.55, 844.37, 548.55, 875.99, 548.55, 31.62, 13.48
1.33, 1, white car, 513.84, 514.42, 540.62, 526.45, 527.23, 520.44, 513.84, 520.44, 540.62, 520.44, 26.78, 12.03
1.33, 13, black car, 572.07, 519.39, 601.21, 532.41, 586.64, 525.90, 572.07, 525.90, 601.21, 525.90, 29.14, 13.02
1.33, 14, white car, 841.09, 541.51, 872.74, 554.99, 856.92, 548.25, 841.09, 548.25, 872.74, 548.25, 31.66, 13.48
1.37, 1, white car, 511.37, 514.12, 538.15, 526.15, 524.76, 520.13, 511.37, 520.13, 538.15, 520.13, 26.78, 12.03
1.37, 13, black car, 570.01, 519.28, 598.92, 532.23, 584.47, 525.76, 570.01, 525.76, 598.92, 525.76, 28.92, 12.96
1.37, 14, white car, 837.91, 541.26, 870.03, 554.95, 853.97, 548.11, 837.91, 548.11, 870.03, 548.11, 32.12, 13.69
1.40, 1, white car, 508.62, 513.87, 535.73, 526.04, 522.17, 519.95, 508.62, 519.95, 535.73, 519.95, 27.11, 12.17
1.40, 13, black car, 568.28, 519.08, 597.39, 532.10, 582.83, 525.59, 568.28, 525.59, 597.39, 525.59, 29.10, 13.03
1.40, 14, white car, 834.89, 541.09, 866.77, 554.68, 850.83, 547.88, 834.89, 547.88, 866.77, 547.88, 31.88, 13.60
1.43, 1, white car, 505.98, 513.51, 533.38, 525.84, 519.68, 519.67, 505.98, 519.67, 533.38, 519.67, 27.40, 12.33
1.43, 13, black car, 566.58, 518.90, 595.32, 531.74, 580.95, 525.32, 566.58, 525.32, 595.32, 525.32, 28.74, 12.85
1.43, 14, white car, 831.71, 541.00, 863.62, 554.61, 847.67, 547.80, 831.71, 547.80, 863.62, 547.80, 31.90, 13.61
1.47, 1, white car, 503.74, 513.24, 531.32, 525.66, 517.53, 519.45, 503.74, 519.45, 531.32, 519.45, 27.58, 12.43
1.47, 13, black car, 563.85, 518.75, 592.39, 531.48, 578.12, 525.12, 563.85, 525.12, 592.39, 525.12, 28.54, 12.73
1.47, 14, white car, 828.65, 540.92, 859.93, 554.28, 844.29, 547.60, 828.65, 547.60, 859.93, 547.60, 31.28, 13.36
1.50, 1, white car, 501.54, 513.15, 528.68, 525.40, 515.11, 519.27, 501.54, 519.27, 528.68, 519.27, 27.14, 12.24
1.50, 13, black car, 561.37, 518.74, 589.46, 531.23, 575.41, 524.99, 561.37, 524.99, 589.46, 524.99, 28.09, 12.49
1.50, 14, white car, 825.44, 540.68, 856.55, 553.97, 841.00, 547.33, 825.44, 547.33, 856.55, 547.33, 31.11, 13.29
1.53, 1, white car, 498.68, 512.94, 526.45, 525.51, 512.57, 519.23, 498.68, 519.23, 526.45, 519.23, 27.77, 12.57
1.53, 13, black car, 558.64, 518.63, 586.87, 531.15, 572.75, 524.89, 558.64, 524.89, 586.87, 524.89, 28.23, 12.52
1.53, 14, white car, 822.31, 540.49, 853.43, 553.78, 837.87, 547.14, 822.31, 547.14, 853.43, 547.14, 31.12, 13.29
1.57, 1, white car, 495.68, 512.75, 524.06, 525.64, 509.87, 519.19, 495.68, 519.19, 524.06, 519.19, 28.37, 12.89
1.57, 13, black car, 556.09, 518.41, 584.34, 530.89, 570.22, 524.65, 556.09, 524.65, 584.34, 524.65, 28.25, 12.48
1.57, 14, white car, 819.38, 540.48, 850.23, 553.63, 834.81, 547.06, 819.38, 547.06, 850.23, 547.06, 30.85, 13.15
1.60, 1, white car, 492.97, 512.45, 521.51, 525.45, 507.24, 518.95, 492.97, 518.95, 521.51, 518.95, 28.55, 13.00
1.60, 13, black car, 553.89, 518.30, 581.99, 530.62, 567.94, 524.46, 553.89, 524.46, 581.99, 524.46, 28.10, 12.31
1.60, 14, white car, 815.96, 540.27, 847.15, 553.53, 831.56, 546.90, 815.96, 546.90, 847.15, 546.90, 31.19, 13.26
1.63, 1, white car, 490.66, 512.00, 519.08, 524.98, 504.87, 518.49, 490.66, 518.49, 519.08, 518.49, 28.41, 12.99
1.63, 13, black car, 550.76, 517.81, 579.53, 530.43, 565.15, 524.12, 550.76, 524.12, 579.53, 524.12, 28.77, 12.61
1.63, 14, white car, 812.56, 540.28, 843.68, 553.48, 828.12, 546.88, 812.56, 546.88, 843.68, 546.88, 31.12, 13.21
1.67, 1, white car, 488.70, 511.99, 516.43, 524.67, 502.57, 518.33, 488.70, 518.33, 516.43, 518.33, 27.73, 12.68
1.67, 13, black car, 549.07, 517.39, 577.50, 529.89, 563.28, 523.64, 549.07, 523.64, 577.50, 523.64, 28.43, 12.50
1.67, 14, white car, 808.95, 539.90, 840.68, 553.39, 824.82, 546.65, 808.95, 546.65, 840.68, 546.65, 31.73, 13.49
1.70, 1, white car, 486.61, 512.15, 513.90, 524.63, 500.25, 518.39, 486.61, 518.39, 513.90, 518.39, 27.29, 12.48
1.70, 13, black car, 547.04, 517.23, 574.72, 529.48, 560.88, 523.35, 547.04, 523.35, 574.72, 523.35, 27.68, 12.25
1.70, 14, white car, 805.55, 539.73, 837.41, 553.29, 821.48, 546.51, 805.55, 546.51, 837.41, 546.51, 31.86, 13.56
1.73, 1, white car, 483.71, 511.81, 511.42, 524.48, 497.57, 518.15, 483.71, 518.15, 511.42, 518.15, 27.71, 12.67
1.73, 13, black car, 544.46, 517.02, 572.14, 529.32, 558.30, 523.17, 544.46, 523.17, 572.14, 523.17, 27.69, 12.30
1.73, 14, white car, 802.52, 539.49, 834.57, 553.15, 818.55, 546.32, 802.52, 546.32, 834.57, 546.32, 32.05, 13.66
1.77, 1, white car, 480.78, 511.39, 508.91, 524.25, 494.85, 517.82, 480.78, 517.82, 508.91, 517.82, 28.13, 12.86
1.77, 13, black car, 541.45, 516.64, 569.53, 529.19, 555.49, 522.92, 541.45, 522.92, 569.53, 522.92, 28.08, 12.54
1.77, 14, white car, 799.60, 539.21, 831.21, 552.71, 815.41, 545.96, 799.60, 545.96, 831.21, 545.96, 31.61, 13.50
1.80, 1, white car, 478.35, 511.13, 506.42, 523.96, 492.39, 517.54, 478.35, 517.54, 506.42, 517.54, 28.07, 12.83
1.80, 13, black car, 538.29, 516.42, 566.66, 529.12, 552.47, 522.77, 538.29, 522.77, 566.66, 522.77, 28.36, 12.71
1.80, 14, white car, 796.48, 539.17, 827.80, 552.60, 812.14, 545.88, 796.48, 545.88, 827.80, 545.88, 31.32, 13.44
1.83, 1, white car, 476.11, 510.78, 504.01, 523.54, 490.06, 517.16, 476.11, 517.16, 504.01, 517.16, 27.90, 12.75
1.83, 13, black car, 535.69, 516.05, 564.22, 528.85, 549.96, 522.45, 535.69, 522.45, 564.22, 522.45, 28.54, 12.80
1.83, 14, white car, 793.38, 538.99, 824.37, 552.31, 808.88, 545.65, 793.38, 545.65, 824.37, 545.65, 30.99, 13.32
1.87, 1, white car, 473.75, 510.48, 501.51, 523.17, 487.63, 516.83, 473.75, 516.83, 501.51, 516.83, 27.77, 12.69
1.87, 13, black car, 533.02, 515.44, 562.01, 528.50, 547.52, 521.97, 533.02, 521.97, 562.01, 521.97, 28.99, 13.06
1.87, 14, white car, 790.26, 538.64, 820.98, 551.82, 805.62, 545.23, 790.26, 545.23, 820.98, 545.23, 30.72, 13.19
1.90, 1, white car, 470.95, 510.22, 499.05, 523.08, 485.00, 516.65, 470.95, 516.65, 499.05, 516.65, 28.10, 12.86
1.90, 13, black car, 530.30, 514.73, 559.97, 528.14, 545.13, 521.43, 530.30, 521.43, 559.97, 521.43, 29.67, 13.41
1.90, 14, white car, 787.40, 538.50, 818.07, 551.64, 802.73, 545.07, 787.40, 545.07, 818.07, 545.07, 30.67, 13.14
1.93, 1, white car, 468.64, 509.91, 496.58, 522.70, 482.61, 516.30, 468.64, 516.30, 496.58, 516.30, 27.94, 12.80
1.93, 13, black car, 528.38, 514.52, 557.89, 527.89, 543.13, 521.20, 528.38, 521.20, 557.89, 521.20, 29.51, 13.37
1.93, 14, white car, 784.32, 538.37, 814.99, 551.50, 799.66, 544.93, 784.32, 544.93, 814.99, 544.93, 30.67, 13.12
1.97, 1, white car, 465.98, 509.62, 493.97, 522.44, 479.97, 516.03, 465.98, 516.03, 493.97, 516.03, 27.99, 12.82
1.97, 13, black car, 526.13, 514.35, 555.54, 527.73, 540.83, 521.04, 526.13, 521.04, 555.54, 521.04, 29.42, 13.38
1.97, 14, white car, 780.69, 538.13, 811.83, 551.50, 796.26, 544.82, 780.69, 544.82, 811.83, 544.82, 31.15, 13.37
2.00, 1, white car, 463.49, 509.27, 491.54, 522.15, 477.52, 515.71, 463.49, 515.71, 491.54, 515.71, 28.05, 12.88
2.00, 13, black car, 523.87, 514.44, 552.42, 527.49, 538.14, 520.96, 523.87, 520.96, 552.42, 520.96, 28.55, 13.06
2.00, 14, white car, 777.46, 537.85, 808.73, 551.29, 793.09, 544.57, 777.46, 544.57, 808.73, 544.57, 31.27, 13.44
2.03, 1, white car, 461.22, 509.13, 489.19, 521.95, 475.21, 515.54, 461.22, 515.54, 489.19, 515.54, 27.96, 12.82
2.03, 13, black car, 521.11, 514.35, 548.96, 527.14, 535.03, 520.74, 521.11, 520.74, 548.96, 520.74, 27.85, 12.79
2.03, 14, white car, 774.31, 537.60, 805.52, 551.05, 789.92, 544.33, 774.31, 544.33, 805.52, 544.33, 31.21, 13.45
2.07, 1, white car, 458.64, 508.93, 486.92, 521.95, 472.78, 515.44, 458.64, 515.44, 486.92, 515.44, 28.28, 13.02
2.07, 13, black car, 518.69, 513.91, 546.74, 526.83, 532.72, 520.37, 518.69, 520.37, 546.74, 520.37, 28.06, 12.92
2.07, 14, white car, 771.10, 537.31, 802.43, 550.86, 786.77, 544.09, 771.10, 544.09, 802.43, 544.09, 31.33, 13.55
2.10, 1, white car, 456.11, 508.69, 484.41, 521.74, 470.26, 515.22, 456.11, 515.22, 484.41, 515.22, 28.30, 13.06
2.10, 13, black car, 515.94, 513.27, 544.36, 526.38, 530.15, 519.83, 515.94, 519.83, 544.36, 519.83, 28.42, 13.11
2.10, 14, white car, 767.98, 537.34, 798.97, 550.79, 783.48, 544.07, 767.98, 544.07, 798.97, 544.07, 30.98, 13.45
2.13, 1, white car, 453.93, 508.43, 482.04, 521.39, 467.98, 514.91, 453.93, 514.91, 482.04, 514.91, 28.10, 12.96
2.13, 13, black car, 513.03, 512.86, 541.62, 526.08, 527.33, 519.47, 513.03, 519.47, 541.62, 519.47, 28.58, 13.22
2.13, 14, white car, 764.90, 537.11, 795.88, 550.59, 780.39, 543.85, 764.90, 543.85, 795.88, 543.85, 30.98, 13.49
2.17, 1, white car, 451.30, 507.92, 479.36, 520.84, 465.33, 514.38, 451.30, 514.38, 479.36, 514.38, 28.06, 12.92
2.17, 13, black car, 510.93, 512.58, 539.91, 526.01, 525.42, 519.30, 510.93, 519.30, 539.91, 519.30, 28.98, 13.42
2.17, 14, white car, 761.60, 536.76, 792.78, 550.35, 777.19, 543.56, 761.60, 543.56, 792.78, 543.56, 31.17, 13.59
2.20, 1, white car, 448.60, 507.60, 476.68, 520.54, 462.64, 514.07, 448.60, 514.07, 476.68, 514.07, 28.08, 12.93
2.20, 13, black car, 508.41, 512.33, 537.51, 525.82, 522.96, 519.07, 508.41, 519.07, 537.51, 519.07, 29.10, 13.49
2.20, 14, white car, 758.66, 536.36, 789.90, 549.99, 774.28, 543.17, 758.66, 543.17, 789.90, 543.17, 31.24, 13.62
2.23, 1, white car, 445.90, 507.24, 474.28, 520.33, 460.09, 513.79, 445.90, 513.79, 474.28, 513.79, 28.37, 13.09
2.23, 13, black car, 505.36, 512.06, 534.53, 525.62, 519.95, 518.84, 505.36, 518.84, 534.53, 518.84, 29.17, 13.56
2.23, 14, white car, 755.51, 535.98, 787.09, 549.79, 771.30, 542.88, 755.51, 542.88, 787.09, 542.88, 31.58, 13.81
2.27, 1, white car, 443.36, 506.88, 471.91, 520.09, 457.64, 513.49, 443.36, 513.49, 471.91, 513.49, 28.55, 13.20
2.27, 13, black car, 503.01, 512.08, 531.76, 525.48, 517.39, 518.78, 503.01, 518.78, 531.76, 518.78, 28.75, 13.40
2.27, 14, white car, 751.61, 535.79, 783.71, 549.86, 767.66, 542.82, 751.61, 542.82, 783.71, 542.82, 32.09, 14.08
2.30, 1, white car, 441.01, 506.70, 469.72, 520.00, 455.36, 513.35, 441.01, 513.35, 469.72, 513.35, 28.70, 13.30
2.30, 13, black car, 501.31, 512.30, 529.79, 525.60, 515.55, 518.95, 501.31, 518.95, 529.79, 518.95, 28.48, 13.30
2.30, 14, white car, 748.60, 535.50, 780.81, 549.67, 764.70, 542.58, 748.60, 542.58, 780.81, 542.58, 32.22, 14.17
2.33, 1, white car, 438.48, 506.46, 467.00, 519.69, 452.74, 513.08, 438.48, 513.08, 467.00, 513.08, 28.52, 13.23
2.33, 13, black car, 499.06, 512.10, 527.57, 525.47, 513.31, 518.78, 499.06, 518.78, 527.57, 518.78, 28.51, 13.38
2.37, 1, white car, 436.09, 506.35, 464.57, 519.57, 450.33, 512.96, 436.09, 512.96, 464.57, 512.96, 28.48, 13.22
2.37, 13, black car, 496.92, 511.96, 525.16, 525.27, 511.04, 518.62, 496.92, 518.62, 525.16, 518.62, 28.25, 13.31
2.40, 1, white car, 433.38, 505.99, 462.41, 519.49, 447.90, 512.74, 433.38, 512.74, 462.41, 512.74, 29.03, 13.50
2.40, 13, black car, 493.88, 511.24, 522.44, 524.72, 508.16, 517.98, 493.88, 517.98, 522.44, 517.98, 28.57, 13.49
2.40, 14, white car, 739.55, 535.02, 770.83, 548.82, 755.19, 541.92, 739.55, 541.92, 770.83, 541.92, 31.28, 13.79
2.43, 1, white car, 430.99, 505.89, 459.84, 519.37, 445.41, 512.63, 430.99, 512.63, 459.84, 512.63, 28.84, 13.48
2.43, 13, black car, 490.90, 510.67, 519.40, 524.13, 505.15, 517.40, 490.90, 517.40, 519.40, 517.40, 28.50, 13.46
2.43, 14, white car, 736.18, 534.63, 767.64, 548.51, 751.91, 541.57, 736.18, 541.57, 767.64, 541.57, 31.46, 13.88
2.47, 13, black car, 488.55, 510.52, 516.79, 523.86, 502.67, 517.19, 488.55, 517.19, 516.79, 517.19, 28.24, 13.34
2.50, 13, black car, 486.35, 510.16, 514.94, 523.68, 500.64, 516.92, 486.35, 516.92, 514.94, 516.92, 28.59, 13.53
2.50, 14, white car, 729.87, 533.99, 761.99, 548.20, 745.93, 541.09, 729.87, 541.09, 761.99, 541.09, 32.13, 14.22
2.53, 13, black car, 484.10, 509.94, 512.84, 523.57, 498.47, 516.76, 484.10, 516.76, 512.84, 516.76, 28.74, 13.63
2.53, 14, white car, 726.78, 533.65, 759.42, 548.16, 743.10, 540.90, 726.78, 540.90, 759.42, 540.90, 32.64, 14.51
2.57, 13, black car, 482.09, 509.71, 510.66, 523.24, 496.38, 516.47, 482.09, 516.47, 510.66, 516.47, 28.57, 13.53
2.57, 14, white car, 723.25, 533.31, 756.15, 548.00, 739.70, 540.66, 723.25, 540.66, 756.15, 540.66, 32.90, 14.69
2.60, 13, black car, 479.94, 509.63, 508.03, 522.90, 493.98, 516.26, 479.94, 516.26, 508.03, 516.26, 28.09, 13.26
2.60, 14, white car, 720.25, 533.25, 752.99, 547.92, 736.62, 540.58, 720.25, 540.58, 752.99, 540.58, 32.74, 14.67
2.63, 13, black car, 476.74, 509.30, 504.73, 522.49, 490.74, 515.89, 476.74, 515.89, 504.73, 515.89, 27.99, 13.19
2.63, 1, white car, 416.71, 504.19, 445.58, 517.78, 431.15, 510.98, 416.71, 510.98, 445.58, 510.98, 28.87, 13.59
2.67, 13, black car, 473.87, 509.04, 502.15, 522.36, 488.01, 515.70, 473.87, 515.70, 502.15, 515.70, 28.28, 13.32
2.67, 1, white car, 414.53, 504.02, 443.24, 517.62, 428.88, 510.82, 414.53, 510.82, 443.24, 510.82, 28.70, 13.60
2.70, 13, black car, 471.18, 508.63, 500.01, 522.23, 485.59, 515.43, 471.18, 515.43, 500.01, 515.43, 28.83, 13.61
2.70, 1, white car, 412.08, 503.80, 440.69, 517.42, 426.38, 510.61, 412.08, 510.61, 440.69, 510.61, 28.61, 13.62
2.73, 13, black car, 468.95, 508.21, 497.84, 521.88, 483.39, 515.05, 468.95, 515.05, 497.84, 515.05, 28.89, 13.68
2.73, 1, white car, 409.64, 503.67, 438.04, 517.21, 423.84, 510.44, 409.64, 510.44, 438.04, 510.44, 28.40, 13.54
2.73, 14, white car, 708.78, 532.26, 740.59, 546.57, 724.68, 539.42, 708.78, 539.42, 740.59, 539.42, 31.80, 14.31
2.77, 13, black car, 465.99, 507.87, 495.05, 521.58, 480.52, 514.72, 465.99, 514.72, 495.05, 514.72, 29.06, 13.71
2.77, 1, white car, 407.20, 503.36, 435.63, 516.92, 421.41, 510.14, 407.20, 510.14, 435.63, 510.14, 28.42, 13.56
2.77, 14, white car, 705.42, 532.08, 737.22, 546.47, 721.32, 539.27, 705.42, 539.27, 737.22, 539.27, 31.80, 14.39
2.80, 13, black car, 463.76, 507.74, 492.54, 521.31, 478.15, 514.53, 463.76, 514.53, 492.54, 514.53, 28.78, 13.57
2.80, 1, white car, 404.94, 502.99, 433.40, 516.57, 419.17, 509.78, 404.94, 509.78, 433.40, 509.78, 28.47, 13.58
2.80, 14, white car, 702.35, 531.88, 733.93, 546.18, 718.14, 539.03, 702.35, 539.03, 733.93, 539.03, 31.58, 14.31
2.83, 13, black car, 461.59, 507.56, 490.12, 520.99, 475.86, 514.28, 461.59, 514.28, 490.12, 514.28, 28.53, 13.43
2.83, 1, white car, 402.40, 502.72, 430.74, 516.30, 416.57, 509.51, 402.40, 509.51, 430.74, 509.51, 28.34, 13.57
2.83, 14, white car, 699.27, 531.77, 730.92, 546.12, 715.09, 538.94, 699.27, 538.94, 730.92, 538.94, 31.65, 14.35
2.87, 13, black car, 459.18, 507.27, 488.24, 520.95, 473.71, 514.11, 459.18, 514.11, 488.24, 514.11, 29.06, 13.68
2.87, 1, white car, 399.60, 502.33, 428.20, 516.07, 413.90, 509.20, 399.60, 509.20, 428.20, 509.20, 28.60, 13.73
2.87, 14, white car, 695.60, 531.45, 727.94, 546.16, 711.77, 538.81, 695.60, 538.81, 727.94, 538.81, 32.34, 14.71
2.90, 13, black car, 457.11, 507.04, 486.28, 520.78, 471.69, 513.91, 457.11, 513.91, 486.28, 513.91, 29.17, 13.74
2.90, 1, white car, 397.31, 502.11, 425.84, 515.82, 411.57, 508.97, 397.31, 508.97, 425.84, 508.97, 28.53, 13.71
2.90, 14, white car, 692.45, 531.27, 724.87, 546.00, 708.66, 538.64, 692.45, 538.64, 724.87, 538.64, 32.42, 14.74
2.93, 13, black car, 455.03, 506.97, 483.95, 520.62, 469.49, 513.79, 455.03, 513.79, 483.95, 513.79, 28.93, 13.65
2.93, 1, white car, 394.94, 501.85, 423.47, 515.58, 409.21, 508.71, 394.94, 508.71, 423.47, 508.71, 28.53, 13.73
2.93, 14, white car, 689.66, 531.02, 721.55, 545.54, 705.61, 538.28, 689.66, 538.28, 721.55, 538.28, 31.89, 14.52
2.97, 13, black car, 452.33, 506.79, 480.92, 520.28, 466.63, 513.53, 452.33, 513.53, 480.92, 513.53, 28.59, 13.49
2.97, 1, white car, 392.82, 501.57, 421.14, 515.23, 406.98, 508.40, 392.82, 508.40, 421.14, 508.40, 28.32, 13.66
2.97, 14, white car, 686.88, 530.60, 718.50, 544.99, 702.69, 537.80, 686.88, 537.80, 718.50, 537.80, 31.61, 14.39
3.00, 13, black car, 449.43, 506.63, 477.70, 519.98, 463.57, 513.30, 449.43, 513.30, 477.70, 513.30, 28.27, 13.35
3.00, 1, white car, 390.57, 501.60, 418.79, 515.20, 404.68, 508.40, 390.57, 508.40, 418.79, 508.40, 28.21, 13.60
3.00, 14, white car, 683.74, 530.37, 715.20, 544.73, 699.47, 537.55, 683.74, 537.55, 715.20, 537.55, 31.46, 14.36
3.03, 13, black car, 447.48, 506.40, 475.80, 519.75, 461.64, 513.07, 447.48, 513.07, 475.80, 513.07, 28.32, 13.35
3.03, 1, white car, 388.11, 501.46, 416.09, 514.94, 402.10, 508.20, 388.11, 508.20, 416.09, 508.20, 27.98, 13.48
3.03, 14, white car, 680.33, 529.98, 712.46, 544.65, 696.39, 537.31, 680.33, 537.31, 712.46, 537.31, 32.13, 14.68
3.07, 13, black car, 445.17, 505.80, 474.40, 519.62, 459.79, 512.71, 445.17, 512.71, 474.40, 512.71, 29.23, 13.82
3.07, 1, white car, 385.35, 501.05, 413.55, 514.64, 399.45, 507.85, 385.35, 507.85, 413.55, 507.85, 28.20, 13.59
3.07, 14, white car, 677.45, 529.96, 709.41, 544.57, 693.43, 537.27, 677.45, 537.27, 709.41, 537.27, 31.96, 14.61
3.10, 13, black car, 442.60, 505.55, 472.08, 519.51, 457.34, 512.53, 442.60, 512.53, 472.08, 512.53, 29.48, 13.95
3.10, 1, white car, 382.90, 500.75, 411.15, 514.37, 397.02, 507.56, 382.90, 507.56, 411.15, 507.56, 28.25, 13.62
3.10, 14, white car, 674.54, 529.76, 706.48, 544.36, 690.51, 537.06, 674.54, 537.06, 706.48, 537.06, 31.94, 14.60
3.13, 13, black car, 440.13, 505.24, 470.06, 519.39, 455.09, 512.32, 440.13, 512.32, 470.06, 512.32, 29.93, 14.15
3.13, 1, white car, 380.89, 500.71, 408.60, 514.08, 394.75, 507.40, 380.89, 507.40, 408.60, 507.40, 27.71, 13.36
3.13, 14, white car, 671.26, 529.33, 703.38, 544.03, 687.32, 536.68, 671.26, 536.68, 703.38, 536.68, 32.12, 14.70
3.17, 1, white car, 378.72, 500.57, 406.62, 514.06, 392.67, 507.31, 378.72, 507.31, 406.62, 507.31, 27.89, 13.49
3.17, 14, white car, 667.53, 528.82, 700.33, 543.90, 683.93, 536.36, 667.53, 536.36, 700.33, 536.36, 32.80, 15.08
3.20, 1, white car, 376.50, 500.42, 404.49, 514.02, 390.50, 507.22, 376.50, 507.22, 404.49, 507.22, 27.99, 13.60
3.20, 14, white car, 664.63, 528.54, 697.33, 543.64, 680.98, 536.09, 664.63, 536.09, 697.33, 536.09, 32.70, 15.10
3.23, 1, white car, 373.60, 500.22, 401.86, 513.98, 387.73, 507.10, 373.60, 507.10, 401.86, 507.10, 28.26, 13.76
3.23, 14, white car, 661.98, 528.34, 694.12, 543.22, 678.05, 535.78, 661.98, 535.78, 694.12, 535.78, 32.14, 14.88
3.27, 1, white car, 371.09, 499.88, 399.01, 513.49, 385.05, 506.69, 371.09, 506.69, 399.01, 506.69, 27.92, 13.62
3.27, 14, white car, 659.10, 528.17, 690.83, 542.87, 674.96, 535.52, 659.10, 535.52, 690.83, 535.52, 31.74, 14.70
3.30, 1, white car, 369.00, 499.63, 396.18, 512.89, 382.59, 506.26, 369.00, 506.26, 396.18, 506.26, 27.18, 13.26
3.30, 14, white car, 655.86, 527.78, 687.47, 542.47, 671.67, 535.12, 655.86, 535.12, 687.47, 535.12, 31.61, 14.69
3.33, 1, white car, 367.04, 499.78, 393.35, 512.54, 380.19, 506.16, 367.04, 506.16, 393.35, 506.16, 26.31, 12.76
3.33, 14, white car, 652.61, 527.41, 684.20, 542.10, 668.41, 534.75, 652.61, 534.75, 684.20, 534.75, 31.59, 14.69
3.37, 1, white car, 365.41, 499.56, 391.27, 512.10, 378.34, 505.83, 365.41, 505.83, 391.27, 505.83, 25.86, 12.55
3.37, 14, white car, 650.28, 527.28, 681.49, 541.81, 665.89, 534.54, 650.28, 534.54, 681.49, 534.54, 31.20, 14.53
3.37, 13, black car, 424.16, 503.99, 453.59, 517.84, 438.87, 510.92, 424.16, 510.92, 453.59, 510.92, 29.44, 13.84
3.40, 14, white car, 647.09, 527.03, 678.26, 541.57, 662.68, 534.30, 647.09, 534.30, 678.26, 534.30, 31.17, 14.53
3.40, 13, black car, 421.89, 503.85, 450.60, 517.27, 436.24, 510.56, 421.89, 510.56, 450.60, 510.56, 28.71, 13.42
3.43, 14, white car, 643.60, 526.68, 675.34, 541.54, 659.47, 534.11, 643.60, 534.11, 675.34, 534.11, 31.74, 14.87
3.43, 13, black car, 419.75, 503.82, 447.99, 516.95, 433.87, 510.38, 419.75, 510.38, 447.99, 510.38, 28.25, 13.13
3.47, 14, white car, 640.55, 526.33, 672.11, 541.13, 656.33, 533.73, 640.55, 533.73, 672.11, 533.73, 31.57, 14.80
3.47, 13, black car, 417.66, 503.92, 445.38, 516.73, 431.52, 510.32, 417.66, 510.32, 445.38, 510.32, 27.72, 12.81
3.47, 1, white car, 356.08, 498.54, 383.72, 511.84, 369.90, 505.19, 356.08, 505.19, 383.72, 505.19, 27.64, 13.30
3.50, 14, white car, 637.97, 526.08, 669.00, 540.61, 653.48, 533.35, 637.97, 533.35, 669.00, 533.35, 31.02, 14.53
3.50, 13, black car, 415.34, 503.76, 442.98, 516.53, 429.16, 510.15, 415.34, 510.15, 442.98, 510.15, 27.65, 12.77
3.50, 1, white car, 353.50, 498.30, 381.27, 511.56, 367.39, 504.93, 353.50, 504.93, 381.27, 504.93, 27.76, 13.25
3.53, 14, white car, 635.43, 526.10, 665.90, 540.36, 650.67, 533.23, 635.43, 533.23, 665.90, 533.23, 30.46, 14.26
3.53, 13, black car, 413.34, 503.64, 440.96, 516.38, 427.15, 510.01, 413.34, 510.01, 440.96, 510.01, 27.62, 12.74
3.53, 1, white car, 352.04, 498.08, 379.52, 511.15, 365.78, 504.61, 352.04, 504.61, 379.52, 504.61, 27.48, 13.08
3.57, 13, black car, 411.01, 503.45, 438.68, 516.16, 424.85, 509.81, 411.01, 509.81, 438.68, 509.81, 27.67, 12.71
3.57, 1, white car, 349.81, 497.40, 377.68, 510.63, 363.74, 504.02, 349.81, 504.02, 377.68, 504.02, 27.87, 13.23
3.60, 13, black car, 408.72, 503.16, 436.46, 515.88, 422.59, 509.52, 408.72, 509.52, 436.46, 509.52, 27.75, 12.72
3.60, 1, white car, 348.60, 497.14, 375.53, 509.91, 362.07, 503.52, 348.60, 503.52, 375.53, 503.52, 26.94, 12.78
3.60, 14, white car, 628.58, 525.53, 660.49, 540.47, 644.53, 533.00, 628.58, 533.00, 660.49, 533.00, 31.92, 14.94
3.63, 13, black car, 405.97, 502.79, 433.91, 515.60, 419.94, 509.20, 405.97, 509.20, 433.91, 509.20, 27.94, 12.81
3.63, 1, white car, 346.67, 497.57, 372.42, 509.72, 359.54, 503.64, 346.67, 503.64, 372.42, 503.64, 25.76, 12.15
3.63, 14, white car, 625.36, 525.17, 657.28, 540.14, 641.32, 532.65, 625.36, 532.65, 657.28, 532.65, 31.92, 14.96
3.67, 13, black car, 403.22, 502.47, 431.76, 515.57, 417.49, 509.02, 403.22, 509.02, 431.76, 509.02, 28.55, 13.10
3.67, 1, white car, 344.20, 497.62, 369.51, 509.47, 356.85, 503.54, 344.20, 503.54, 369.51, 503.54, 25.31, 11.85
3.67, 14, white car, 622.75, 524.92, 654.30, 539.74, 638.53, 532.33, 622.75, 532.33, 654.30, 532.33, 31.54, 14.81
3.70, 13, black car, 400.32, 501.96, 429.47, 515.37, 414.89, 508.66, 400.32, 508.66, 429.47, 508.66, 29.15, 13.41
3.70, 1, white car, 341.64, 497.60, 366.60, 509.16, 354.12, 503.38, 341.64, 503.38, 366.60, 503.38, 24.96, 11.57
3.70, 14, white car, 620.02, 524.61, 651.55, 539.48, 635.78, 532.05, 620.02, 532.05, 651.55, 532.05, 31.54, 14.88
3.70, 22, black car, 1390.55, 556.63, 1416.94, 570.08, 1403.74, 563.36, 1390.55, 563.36, 1416.94, 563.36, 26.39, 13.45
3.73, 13, black car, 397.96, 501.54, 427.47, 515.12, 412.72, 508.33, 397.96, 508.33, 427.47, 508.33, 29.51, 13.59
3.73, 1, white car, 338.89, 497.35, 364.81, 509.30, 351.85, 503.33, 338.89, 503.33, 364.81, 503.33, 25.92, 11.95
3.73, 14, white car, 616.32, 524.14, 648.55, 539.38, 632.43, 531.76, 616.32, 531.76, 648.55, 531.76, 32.23, 15.24
3.77, 13, black car, 395.75, 501.44, 425.13, 514.90, 410.44, 508.17, 395.75, 508.17, 425.13, 508.17, 29.38, 13.47
3.77, 1, white car, 336.98, 497.33, 363.17, 509.34, 350.08, 503.33, 336.98, 503.33, 363.17, 503.33, 26.19, 12.01
3.77, 14, white car, 613.37, 523.98, 645.04, 539.00, 629.20, 531.49, 613.37, 531.49, 645.04, 531.49, 31.67, 15.02
3.80, 13, black car, 393.25, 501.23, 422.11, 514.42, 407.68, 507.83, 393.25, 507.83, 422.11, 507.83, 28.85, 13.19
3.80, 1, white car, 334.91, 496.76, 361.62, 508.94, 348.27, 502.85, 334.91, 502.85, 361.62, 502.85, 26.71, 12.18
3.80, 14, white car, 610.38, 523.87, 642.18, 539.00, 626.28, 531.43, 610.38, 531.43, 642.18, 531.43, 31.80, 15.13
3.80, 22, black car, 1381.72, 556.63, 1410.21, 570.38, 1395.96, 563.50, 1381.72, 563.50, 1410.21, 563.50, 28.49, 13.75
3.83, 13, black car, 391.02, 500.89, 419.94, 514.08, 405.48, 507.49, 391.02, 507.49, 419.94, 507.49, 28.92, 13.20
3.83, 14, white car, 608.07, 523.62, 639.04, 538.31, 623.56, 530.96, 608.07, 530.96, 639.04, 530.96, 30.97, 14.70
3.83, 22, black car, 1378.08, 556.46, 1407.43, 570.10, 1392.75, 563.28, 1378.08, 563.28, 1407.43, 563.28, 29.35, 13.64
3.87, 13, black car, 388.26, 500.62, 417.18, 513.81, 402.72, 507.22, 388.26, 507.22, 417.18, 507.22, 28.92, 13.19
3.87, 14, white car, 604.90, 523.32, 635.83, 537.98, 620.37, 530.65, 604.90, 530.65, 635.83, 530.65, 30.93, 14.66
3.87, 22, black car, 1374.79, 556.31, 1405.58, 570.25, 1390.19, 563.28, 1374.79, 563.28, 1405.58, 563.28, 30.79, 13.94
3.90, 13, black car, 385.97, 500.55, 414.62, 513.60, 400.29, 507.08, 385.97, 507.08, 414.62, 507.08, 28.64, 13.05
3.90, 22, black car, 1371.52, 556.34, 1403.26, 570.47, 1387.39, 563.40, 1371.52, 563.40, 1403.26, 563.40, 31.74, 14.13
3.93, 13, black car, 384.17, 500.53, 412.35, 513.39, 398.26, 506.96, 384.17, 506.96, 412.35, 506.96, 28.18, 12.85
3.93, 22, black car, 1368.51, 556.66, 1400.16, 570.60, 1384.33, 563.63, 1368.51, 563.63, 1400.16, 563.63, 31.65, 13.94
3.93, 14, white car, 599.05, 523.11, 629.62, 537.65, 614.34, 530.38, 599.05, 530.38, 629.62, 530.38, 30.57, 14.54
3.97, 13, black car, 381.61, 500.42, 409.96, 513.35, 395.78, 506.89, 381.61, 506.89, 409.96, 506.89, 28.35, 12.93
3.97, 14, white car, 596.46, 522.88, 626.84, 537.35, 611.65, 530.12, 596.46, 530.12, 626.84, 530.12, 30.39, 14.46
3.97, 1, white car, 321.68, 495.60, 347.88, 507.38, 334.78, 501.49, 321.68, 501.49, 347.88, 501.49, 26.20, 11.78
4.00, 13, black car, 379.51, 500.33, 407.63, 513.17, 393.57, 506.75, 379.51, 506.75, 407.63, 506.75, 28.12, 12.84
4.00, 1, white car, 319.62, 495.48, 346.23, 507.40, 332.93, 501.44, 319.62, 501.44, 346.23, 501.44, 26.61, 11.93
4.00, 22, black car, 1362.24, 556.94, 1392.97, 570.29, 1377.60, 563.61, 1362.24, 563.61, 1392.97, 563.61, 30.73, 13.35
4.03, 13, black car, 377.60, 500.09, 405.92, 513.06, 391.76, 506.57, 377.60, 506.57, 405.92, 506.57, 28.32, 12.97
4.03, 1, white car, 317.56, 495.35, 343.96, 507.16, 330.76, 501.25, 317.56, 501.25, 343.96, 501.25, 26.40, 11.81
4.03, 14, white car, 591.17, 522.58, 620.94, 536.68, 606.06, 529.63, 591.17, 529.63, 620.94, 529.63, 29.77, 14.10
4.07, 13, black car, 375.56, 499.82, 403.87, 512.86, 389.71, 506.34, 375.56, 506.34, 403.87, 506.34, 28.32, 13.04
4.07, 1, white car, 315.26, 495.17, 341.82, 507.03, 328.54, 501.10, 315.26, 501.10, 341.82, 501.10, 26.57, 11.86
4.10, 13, black car, 373.11, 499.49, 401.27, 512.49, 387.19, 505.99, 373.11, 505.99, 401.27, 505.99, 28.16, 13.00
4.10, 1, white car, 312.96, 495.05, 339.07, 506.67, 326.02, 500.86, 312.96, 500.86, 339.07, 500.86, 26.11, 11.62
4.10, 14, white car, 585.29, 522.24, 614.70, 536.08, 600.00, 529.16, 585.29, 529.16, 614.70, 529.16, 29.41, 13.84
4.13, 13, black car, 370.47, 499.15, 398.90, 512.27, 384.68, 505.71, 370.47, 505.71, 398.90, 505.71, 28.43, 13.11
4.13, 1, white car, 310.57, 494.86, 336.71, 506.45, 323.64, 500.66, 310.57, 500.66, 336.71, 500.66, 26.14, 11.59
4.13, 14, white car, 582.21, 521.86, 611.86, 535.76, 597.03, 528.81, 582.21, 528.81, 611.86, 528.81, 29.66, 13.91
4.17, 13, black car, 368.03, 498.97, 396.68, 512.17, 382.36, 505.57, 368.03, 505.57, 396.68, 505.57, 28.65, 13.20
4.17, 1, white car, 307.74, 494.65, 334.65, 506.55, 321.19, 500.60, 307.74, 500.60, 334.65, 500.60, 26.91, 11.90
4.17, 14, white car, 579.46, 521.55, 609.55, 535.62, 594.51, 528.58, 579.46, 528.58, 609.55, 528.58, 30.10, 14.07
4.20, 13, black car, 364.40, 498.52, 393.52, 511.98, 378.96, 505.25, 364.40, 505.25, 393.52, 505.25, 29.12, 13.46
4.20, 1, white car, 305.13, 494.28, 332.22, 506.26, 318.67, 500.27, 305.13, 500.27, 332.22, 500.27, 27.09, 11.98
4.23, 13, black car, 362.22, 498.12, 391.32, 511.62, 376.77, 504.87, 362.22, 504.87, 391.32, 504.87, 29.10, 13.50
4.23, 1, white car, 302.73, 494.01, 330.14, 506.13, 316.44, 500.07, 302.73, 500.07, 330.14, 500.07, 27.42, 12.13
4.23, 14, white car, 573.40, 520.73, 603.73, 534.88, 588.57, 527.81, 573.40, 527.81, 603.73, 527.81, 30.32, 14.15
4.27, 13, black car, 359.46, 497.73, 389.36, 511.64, 374.41, 504.68, 359.46, 504.68, 389.36, 504.68, 29.90, 13.91
4.27, 1, white car, 300.75, 493.84, 328.38, 506.05, 314.57, 499.94, 300.75, 499.94, 328.38, 499.94, 27.63, 12.21
4.27, 14, white car, 570.70, 520.47, 601.11, 534.61, 585.91, 527.54, 570.70, 527.54, 601.11, 527.54, 30.41, 14.15
4.30, 13, black car, 357.92, 497.52, 387.74, 511.44, 372.83, 504.48, 357.92, 504.48, 387.74, 504.48, 29.83, 13.92
4.30, 1, white car, 298.51, 493.54, 326.65, 505.98, 312.58, 499.76, 298.51, 499.76, 326.65, 499.76, 28.14, 12.44
4.30, 14, white car, 568.08, 520.16, 598.32, 534.21, 583.20, 527.18, 568.08, 527.18, 598.32, 527.18, 30.25, 14.05
4.33, 13, black car, 356.07, 497.16, 385.76, 511.05, 370.91, 504.11, 356.07, 504.11, 385.76, 504.11, 29.69, 13.89
4.33, 1, white car, 297.30, 493.57, 325.09, 505.74, 311.20, 499.66, 297.30, 499.66, 325.09, 499.66, 27.80, 12.17
4.33, 14, white car, 565.56, 520.05, 595.84, 534.11, 580.70, 527.08, 565.56, 527.08, 595.84, 527.08, 30.28, 14.06
4.37, 13, black car, 355.26, 497.13, 383.80, 510.51, 369.53, 503.82, 355.26, 503.82, 383.80, 503.82, 28.54, 13.38
4.37, 1, white car, 294.75, 492.91, 323.00, 505.17, 308.88, 499.04, 294.75, 499.04, 323.00, 499.04, 28.24, 12.26
4.40, 13, black car, 352.89, 497.06, 381.21, 510.29, 367.05, 503.68, 352.89, 503.68, 381.21, 503.68, 28.33, 13.23
4.40, 1, white car, 291.76, 492.28, 320.16, 504.61, 305.96, 498.44, 291.76, 498.44, 320.16, 498.44, 28.40, 12.34
4.43, 13, black car, 350.56, 496.49, 379.20, 509.85, 364.88, 503.17, 350.56, 503.17, 379.20, 503.17, 28.64, 13.36
4.43, 1, white car, 289.22, 492.01, 317.22, 504.22, 303.22, 498.11, 289.22, 498.11, 317.22, 498.11, 28.01, 12.21
4.47, 13, black car, 348.65, 496.47, 377.43, 509.93, 363.04, 503.20, 348.65, 503.20, 377.43, 503.20, 28.78, 13.45
4.47, 1, white car, 287.01, 491.96, 314.66, 504.02, 300.84, 497.99, 287.01, 497.99, 314.66, 497.99, 27.66, 12.07
4.50, 13, black car, 346.96, 496.66, 375.21, 509.91, 361.08, 503.29, 346.96, 503.29, 375.21, 503.29, 28.24, 13.25
4.50, 1, white car, 284.42, 491.79, 312.10, 503.91, 298.26, 497.85, 284.42, 497.85, 312.10, 497.85, 27.68, 12.11
4.53, 13, black car, 345.22, 496.45, 373.08, 509.56, 359.15, 503.00, 345.22, 503.00, 373.08, 503.00, 27.87, 13.10
4.53, 1, white car, 281.94, 491.60, 309.84, 503.82, 295.89, 497.71, 281.94, 497.71, 309.84, 497.71, 27.90, 12.22
4.57, 13, black car, 342.71, 495.70, 370.65, 508.92, 356.68, 502.31, 342.71, 502.31, 370.65, 502.31, 27.94, 13.22
4.57, 1, white car, 279.83, 491.50, 307.24, 503.49, 293.54, 497.50, 279.83, 497.50, 307.24, 497.50, 27.40, 11.99
4.57, 14, white car, 545.92, 518.44, 574.94, 531.86, 560.43, 525.15, 545.92, 525.15, 574.94, 525.15, 29.02, 13.42
4.60, 13, black car, 340.25, 495.46, 368.37, 508.83, 354.31, 502.15, 340.25, 502.15, 368.37, 502.15, 28.12, 13.37
4.60, 1, white car, 277.67, 491.36, 304.90, 503.28, 291.28, 497.32, 277.67, 497.32, 304.90, 497.32, 27.24, 11.92
4.60, 14, white car, 543.08, 518.19, 572.30, 531.66, 557.69, 524.92, 543.08, 524.92, 572.30, 524.92, 29.22, 13.47
4.63, 13, black car, 338.32, 495.55, 365.95, 508.71, 352.14, 502.13, 338.32, 502.13, 365.95, 502.13, 27.63, 13.16
4.63, 1, white car, 275.55, 491.40, 302.40, 503.14, 288.98, 497.27, 275.55, 497.27, 302.40, 497.27, 26.85, 11.74
4.63, 14, white car, 540.28, 517.88, 569.70, 531.36, 554.99, 524.62, 540.28, 524.62, 569.70, 524.62, 29.42, 13.48
4.67, 13, black car, 336.58, 495.41, 364.72, 508.80, 350.65, 502.10, 336.58, 502.10, 364.72, 502.10, 28.15, 13.39
4.67, 1, white car, 272.93, 491.04, 300.20, 502.96, 286.57, 497.00, 272.93, 497.00, 300.20, 497.00, 27.27, 11.93
4.67, 14, white car, 537.64, 517.69, 567.02, 531.13, 552.33, 524.41, 537.64, 524.41, 567.02, 524.41, 29.38, 13.44
4.70, 1, white car, 270.11, 490.45, 298.35, 502.85, 284.23, 496.65, 270.11, 496.65, 298.35, 496.65, 28.24, 12.40
4.70, 14, white car, 534.42, 517.32, 564.33, 531.02, 549.37, 524.17, 534.42, 524.17, 564.33, 524.17, 29.91, 13.70
4.73, 1, white car, 267.53, 489.88, 296.50, 502.67, 282.02, 496.27, 267.53, 496.27, 296.50, 496.27, 28.97, 12.79
4.73, 14, white car, 531.44, 517.04, 561.72, 530.96, 546.58, 524.00, 531.44, 524.00, 561.72, 524.00, 30.29, 13.92
4.77, 1, white car, 265.34, 489.34, 294.67, 502.36, 280.00, 495.85, 265.34, 495.85, 294.67, 495.85, 29.33, 13.02
4.77, 14, white car, 528.18, 516.72, 559.05, 530.98, 543.61, 523.85, 528.18, 523.85, 559.05, 523.85, 30.86, 14.27
4.80, 1, white car, 263.25, 489.04, 292.62, 502.14, 277.93, 495.59, 263.25, 495.59, 292.62, 495.59, 29.36, 13.11
4.80, 14, white car, 525.71, 516.48, 556.39, 530.70, 541.05, 523.59, 525.71, 523.59, 556.39, 523.59, 30.69, 14.22
4.80, 13, black car, 325.16, 494.28, 353.26, 507.66, 339.21, 500.97, 325.16, 500.97, 353.26, 500.97, 28.10, 13.38
4.83, 1, white car, 261.31, 489.15, 289.79, 501.89, 275.55, 495.52, 261.31, 495.52, 289.79, 495.52, 28.47, 12.75
4.83, 14, white car, 523.18, 516.26, 553.42, 530.26, 538.30, 523.26, 523.18, 523.26, 553.42, 523.26, 30.24, 14.00
4.83, 13, black car, 323.99, 494.15, 352.00, 507.48, 338.00, 500.82, 323.99, 500.82, 352.00, 500.82, 28.02, 13.32
4.87, 1, white car, 258.82, 488.85, 287.09, 501.52, 272.96, 495.19, 258.82, 495.19, 287.09, 495.19, 28.27, 12.67
4.87, 14, white car, 520.63, 516.04, 550.51, 529.89, 535.57, 522.97, 520.63, 522.97, 550.51, 522.97, 29.88, 13.85
4.87, 13, black car, 322.05, 494.02, 350.51, 507.55, 336.28, 500.78, 322.05, 500.78, 350.51, 500.78, 28.45, 13.53
4.90, 1, white car, 256.25, 488.59, 284.89, 501.47, 270.57, 495.03, 256.25, 495.03, 284.89, 495.03, 28.64, 12.88
4.90, 14, white car, 518.68, 515.98, 546.99, 529.07, 532.83, 522.53, 518.68, 522.53, 546.99, 522.53, 28.31, 13.09
4.90, 13, black car, 319.44, 493.61, 348.55, 507.38, 333.99, 500.50, 319.44, 500.50, 348.55, 500.50, 29.11, 13.77
4.93, 1, white car, 253.90, 488.21, 282.56, 501.16, 268.23, 494.68, 253.90, 494.68, 282.56, 494.68, 28.66, 12.94
4.93, 14, white car, 515.56, 515.45, 543.76, 528.46, 529.66, 521.96, 515.56, 521.96, 543.76, 521.96, 28.20, 13.01
4.93, 13, black car, 317.27, 493.37, 346.26, 507.02, 331.76, 500.19, 317.27, 500.19, 346.26, 500.19, 28.99, 13.65
4.97, 1, white car, 251.71, 487.76, 280.38, 500.77, 266.05, 494.26, 251.71, 494.26, 280.38, 494.26, 28.67, 13.00
4.97, 14, white car, 512.50, 515.03, 541.63, 528.51, 527.07, 521.77, 512.50, 521.77, 541.63, 521.77, 29.14, 13.48
4.97, 13, black car, 315.40, 493.14, 344.40, 506.74, 329.90, 499.94, 315.40, 499.94, 344.40, 499.94, 29.00, 13.60
5.00, 1, white car, 249.89, 487.69, 278.05, 500.50, 263.97, 494.10, 249.89, 494.10, 278.05, 494.10, 28.16, 12.81
5.00, 14, white car, 510.31, 514.73, 539.56, 528.21, 524.93, 521.47, 510.31, 521.47, 539.56, 521.47, 29.25, 13.48
5.00, 13, black car, 311.21, 493.14, 339.55, 506.40, 325.38, 499.77, 311.21, 499.77, 339.55, 499.77, 28.34, 13.26
5.03, 1, white car, 247.71, 487.56, 275.17, 500.07, 261.44, 493.82, 247.71, 493.82, 275.17, 493.82, 27.46, 12.51
5.03, 13, black car, 308.32, 493.11, 336.24, 506.17, 322.28, 499.64, 308.32, 499.64, 336.24, 499.64, 27.92, 13.06
5.07, 1, white car, 244.87, 487.19, 272.61, 499.88, 258.74, 493.54, 244.87, 493.54, 272.61, 493.54, 27.74, 12.69
5.07, 13, black car, 306.10, 492.91, 334.37, 506.11, 320.24, 499.51, 306.10, 499.51, 334.37, 499.51, 28.27, 13.20
5.10, 1, white car, 242.30, 486.88, 270.30, 499.74, 256.30, 493.31, 242.30, 493.31, 270.30, 493.31, 28.00, 12.85
5.10, 13, black car, 304.07, 492.81, 332.31, 505.96, 318.19, 499.38, 304.07, 499.38, 332.31, 499.38, 28.24, 13.15
5.13, 1, white car, 240.02, 486.56, 268.08, 499.49, 254.05, 493.02, 240.02, 493.02, 268.08, 493.02, 28.06, 12.93
5.13, 13, black car, 301.84, 492.71, 330.28, 505.95, 316.06, 499.33, 301.84, 499.33, 330.28, 499.33, 28.43, 13.24
5.13, 14, white car, 498.51, 513.75, 528.25, 527.43, 513.38, 520.59, 498.51, 520.59, 528.25, 520.59, 29.75, 13.69
5.17, 1, white car, 237.67, 486.25, 266.12, 499.42, 251.89, 492.84, 237.67, 492.84, 266.12, 492.84, 28.45, 13.17
5.17, 13, black car, 300.20, 492.51, 328.98, 505.87, 314.59, 499.19, 300.20, 499.19, 328.98, 499.19, 28.78, 13.36
5.17, 14, white car, 495.69, 513.55, 525.75, 527.38, 510.72, 520.46, 495.69, 520.46, 525.75, 520.46, 30.06, 13.83
5.20, 1, white car, 235.49, 485.82, 264.25, 499.21, 249.87, 492.51, 235.49, 492.51, 264.25, 492.51, 28.76, 13.39
5.20, 13, black car, 298.78, 492.35, 327.81, 505.74, 313.30, 499.05, 298.78, 499.05, 327.81, 499.05, 29.03, 13.39
5.20, 14, white car, 492.77, 513.01, 523.23, 527.04, 508.00, 520.02, 492.77, 520.02, 523.23, 520.02, 30.46, 14.03
5.23, 1, white car, 233.67, 485.63, 261.85, 498.77, 247.76, 492.20, 233.67, 492.20, 261.85, 492.20, 28.18, 13.14
5.23, 14, white car, 490.01, 512.67, 520.40, 526.71, 505.21, 519.69, 490.01, 519.69, 520.40, 519.69, 30.39, 14.03
5.27, 1, white car, 231.16, 485.32, 259.11, 498.39, 245.14, 491.85, 231.16, 491.85, 259.11, 491.85, 27.96, 13.07
5.27, 13, black car, 292.94, 491.47, 320.72, 504.26, 306.83, 497.87, 292.94, 497.87, 320.72, 497.87, 27.78, 12.79
5.30, 1, white car, 229.02, 485.17, 256.62, 498.09, 242.82, 491.63, 229.02, 491.63, 256.62, 491.63, 27.60, 12.92
5.30, 13, black car, 290.68, 491.29, 318.42, 504.06, 304.55, 497.67, 290.68, 497.67, 318.42, 497.67, 27.74, 12.77
5.33, 1, white car, 226.50, 484.94, 254.46, 498.05, 240.48, 491.49, 226.50, 491.49, 254.46, 491.49, 27.96, 13.11
5.33, 13, black car, 289.22, 491.05, 317.17, 503.94, 303.19, 497.49, 289.22, 497.49, 317.17, 497.49, 27.95, 12.89
5.33, 14, white car, 482.21, 512.22, 512.22, 526.04, 497.22, 519.13, 482.21, 519.13, 512.22, 519.13, 30.01, 13.82
5.37, 1, white car, 224.10, 484.68, 252.21, 497.92, 238.16, 491.30, 224.10, 491.30, 252.21, 491.30, 28.10, 13.24
5.37, 13, black car, 287.31, 490.83, 315.45, 503.82, 301.38, 497.33, 287.31, 497.33, 315.45, 497.33, 28.14, 13.00
5.40, 1, white car, 222.19, 484.38, 250.21, 497.62, 236.20, 491.00, 222.19, 491.00, 250.21, 491.00, 28.02, 13.24
5.40, 13, black car, 285.64, 490.72, 313.76, 503.70, 299.70, 497.21, 285.64, 497.21, 313.76, 497.21, 28.11, 12.98
5.40, 14, white car, 476.32, 511.43, 507.01, 525.55, 491.67, 518.49, 476.32, 518.49, 507.01, 518.49, 30.69, 14.12
5.43, 1, white car, 220.34, 484.26, 247.98, 497.34, 234.16, 490.80, 220.34, 490.80, 247.98, 490.80, 27.63, 13.08
5.43, 13, black car, 284.21, 490.65, 311.96, 503.47, 298.09, 497.06, 284.21, 497.06, 311.96, 497.06, 27.75, 12.82
5.43, 14, white car, 473.34, 510.98, 504.50, 525.38, 488.92, 518.18, 473.34, 518.18, 504.50, 518.18, 31.16, 14.41
5.47, 1, white car, 217.99, 484.06, 245.57, 497.14, 231.78, 490.60, 217.99, 490.60, 245.57, 490.60, 27.59, 13.09
5.47, 13, black car, 281.91, 490.56, 309.23, 503.19, 295.57, 496.88, 281.91, 496.88, 309.23, 496.88, 27.32, 12.63
5.47, 14, white car, 470.34, 510.62, 501.86, 525.26, 486.10, 517.94, 470.34, 517.94, 501.86, 517.94, 31.51, 14.64
5.50, 1, white car, 215.63, 483.87, 242.92, 496.81, 229.28, 490.34, 215.63, 490.34, 242.92, 490.34, 27.29, 12.94
5.50, 13, black car, 279.11, 490.59, 306.43, 503.19, 292.77, 496.89, 279.11, 496.89, 306.43, 496.89, 27.32, 12.60
5.50, 14, white car, 467.50, 510.28, 499.48, 525.18, 483.49, 517.73, 467.50, 517.73, 499.48, 517.73, 31.97, 14.90
5.53, 1, white car, 213.13, 483.56, 240.79, 496.69, 226.96, 490.12, 213.13, 490.12, 240.79, 490.12, 27.66, 13.13
5.53, 13, black car, 276.30, 490.39, 303.82, 503.02, 290.06, 496.70, 276.30, 496.70, 303.82, 496.70, 27.52, 12.63
5.53, 14, white car, 464.72, 509.75, 496.99, 524.89, 480.85, 517.32, 464.72, 517.32, 496.99, 517.32, 32.27, 15.13
5.57, 1, white car, 210.90, 483.33, 238.86, 496.65, 224.88, 489.99, 210.90, 489.99, 238.86, 489.99, 27.96, 13.32
5.57, 13, black car, 273.68, 490.09, 301.20, 502.68, 287.44, 496.38, 273.68, 496.38, 301.20, 496.38, 27.52, 12.59
5.60, 1, white car, 209.04, 482.91, 236.82, 496.21, 222.93, 489.56, 209.04, 489.56, 236.82, 489.56, 27.77, 13.30
5.60, 13, black car, 271.90, 489.90, 299.29, 502.40, 285.60, 496.15, 271.90, 496.15, 299.29, 496.15, 27.39, 12.49
5.60, 14, white car, 458.84, 509.26, 491.09, 524.51, 474.96, 516.88, 458.84, 516.88, 491.09, 516.88, 32.25, 15.26
5.63, 1, white car, 207.46, 482.83, 234.43, 495.81, 220.94, 489.32, 207.46, 489.32, 234.43, 489.32, 26.96, 12.98
5.63, 13, black car, 269.35, 489.28, 297.88, 502.29, 283.62, 495.79, 269.35, 495.79, 297.88, 495.79, 28.52, 13.01
5.67, 1, white car, 204.86, 482.85, 231.88, 495.88, 218.37, 489.36, 204.86, 489.36, 231.88, 489.36, 27.02, 13.04
5.67, 13, black car, 266.80, 488.92, 295.86, 502.19, 281.33, 495.55, 266.80, 495.55, 295.86, 495.55, 29.06, 13.28
5.70, 1, white car, 203.12, 482.46, 230.03, 495.52, 216.57, 488.99, 203.12, 488.99, 230.03, 488.99, 26.91, 13.06
5.70, 13, black car, 264.29, 488.47, 293.67, 501.91, 278.98, 495.19, 264.29, 495.19, 293.67, 495.19, 29.39, 13.44
5.73, 1, white car, 201.94, 482.35, 227.95, 495.06, 214.95, 488.71, 201.94, 488.71, 227.95, 488.71, 26.01, 12.71
5.73, 13, black car, 261.72, 488.00, 291.47, 501.65, 276.59, 494.83, 261.72, 494.83, 291.47, 494.83, 29.75, 13.65
5.77, 1, white car, 200.85, 482.21, 226.13, 494.70, 213.49, 488.46, 200.85, 488.46, 226.13, 488.46, 25.28, 12.48
5.77, 13, black car, 259.76, 487.87, 289.82, 501.72, 274.79, 494.80, 259.76, 494.80, 289.82, 494.80, 30.06, 13.85
5.80, 1, white car, 197.95, 481.98, 222.88, 494.29, 210.41, 488.13, 197.95, 488.13, 222.88, 488.13, 24.92, 12.31
5.80, 13, black car, 256.93, 487.39, 287.35, 501.46, 272.14, 494.43, 256.93, 494.43, 287.35, 494.43, 30.42, 14.08
5.80, 14, white car, 443.83, 507.69, 475.06, 522.61, 459.44, 515.15, 443.83, 515.15, 475.06, 515.15, 31.23, 14.92
5.83, 13, black car, 254.24, 487.17, 284.74, 501.32, 269.49, 494.24, 254.24, 494.24, 284.74, 494.24, 30.49, 14.15
5.83, 14, white car, 441.09, 507.48, 472.16, 522.40, 456.62, 514.94, 441.09, 514.94, 472.16, 514.94, 31.06, 14.92
5.87, 13, black car, 252.73, 486.90, 283.03, 500.98, 267.88, 493.94, 252.73, 493.94, 283.03, 493.94, 30.30, 14.08
5.90, 13, black car, 251.44, 486.62, 281.23, 500.51, 266.34, 493.56, 251.44, 493.56, 281.23, 493.56, 29.78, 13.89
5.93, 13, black car, 249.37, 486.48, 278.88, 500.34, 264.13, 493.41, 249.37, 493.41, 278.88, 493.41, 29.51, 13.86
5.93, 1, white car, 188.82, 481.68, 212.58, 493.22, 200.70, 487.45, 188.82, 487.45, 212.58, 487.45, 23.76, 11.55
5.97, 13, black car, 246.77, 486.12, 276.29, 500.04, 261.53, 493.08, 246.77, 493.08, 276.29, 493.08, 29.53, 13.93
5.97, 1, white car, 185.43, 480.59, 210.77, 492.85, 198.10, 486.72, 185.43, 486.72, 210.77, 486.72, 25.34, 12.26
6.00, 13, black car, 244.40, 486.14, 273.82, 500.07, 259.11, 493.10, 244.40, 493.10, 273.82, 493.10, 29.42, 13.93
6.00, 1, white car, 182.17, 479.97, 208.67, 492.78, 195.42, 486.37, 182.17, 486.37, 208.67, 486.37, 26.50, 12.81
6.00, 14, white car, 428.21, 506.14, 458.41, 520.67, 443.31, 513.41, 428.21, 513.41, 458.41, 513.41, 30.20, 14.52
6.03, 13, black car, 242.18, 485.91, 271.51, 499.82, 256.84, 492.87, 242.18, 492.87, 271.51, 492.87, 29.33, 13.91
6.03, 1, white car, 179.79, 479.64, 206.83, 492.74, 193.31, 486.19, 179.79, 486.19, 206.83, 486.19, 27.04, 13.10
6.03, 14, white car, 425.82, 505.80, 456.04, 520.35, 440.93, 513.07, 425.82, 513.07, 456.04, 513.07, 30.21, 14.55
6.07, 13, black car, 240.10, 485.86, 269.33, 499.70, 254.71, 492.78, 240.10, 492.78, 269.33, 492.78, 29.23, 13.84
6.07, 1, white car, 177.42, 479.33, 204.33, 492.45, 190.88, 485.89, 177.42, 485.89, 204.33, 485.89, 26.90, 13.12
6.10, 13, black car, 237.78, 485.90, 266.58, 499.52, 252.18, 492.71, 237.78, 492.71, 266.58, 492.71, 28.80, 13.62
6.10, 1, white car, 174.44, 478.49, 202.22, 492.11, 188.33, 485.30, 174.44, 485.30, 202.22, 485.30, 27.78, 13.61
6.13, 13, black car, 234.67, 485.33, 264.06, 499.21, 249.36, 492.27, 234.67, 492.27, 264.06, 492.27, 29.39, 13.88
6.13, 1, white car, 172.41, 478.16, 200.29, 491.81, 186.35, 484.99, 172.41, 484.99, 200.29, 484.99, 27.88, 13.66
6.13, 14, white car, 417.96, 505.16, 448.35, 519.82, 433.15, 512.49, 417.96, 512.49, 448.35, 512.49, 30.38, 14.66
6.17, 13, black car, 232.62, 484.76, 262.25, 498.75, 247.43, 491.76, 232.62, 491.76, 262.25, 491.76, 29.63, 13.99
6.20, 13, black car, 230.66, 484.54, 260.42, 498.59, 245.54, 491.57, 230.66, 491.57, 260.42, 491.57, 29.76, 14.05
6.23, 13, black car, 228.67, 484.38, 258.49, 498.42, 243.58, 491.40, 228.67, 491.40, 258.49, 491.40, 29.82, 14.04
6.23, 14, white car, 409.68, 503.89, 440.58, 518.86, 425.13, 511.38, 409.68, 511.38, 440.58, 511.38, 30.90, 14.97
6.27, 13, black car, 226.66, 484.31, 256.53, 498.31, 241.60, 491.31, 226.66, 491.31, 256.53, 491.31, 29.87, 14.00
6.27, 14, white car, 406.96, 503.67, 437.60, 518.55, 422.28, 511.11, 406.96, 511.11, 437.60, 511.11, 30.64, 14.88
6.30, 13, black car, 224.90, 484.16, 254.75, 498.09, 239.83, 491.13, 224.90, 491.13, 254.75, 491.13, 29.84, 13.93
6.30, 14, white car, 404.16, 503.61, 434.47, 518.36, 419.31, 510.98, 404.16, 510.98, 434.47, 510.98, 30.31, 14.75
6.33, 13, black car, 222.54, 483.86, 252.19, 497.68, 237.37, 490.77, 222.54, 490.77, 252.19, 490.77, 29.64, 13.82
6.33, 14, white car, 401.71, 503.42, 431.78, 518.11, 416.75, 510.77, 401.71, 510.77, 431.78, 510.77, 30.07, 14.69
6.37, 13, black car, 220.54, 483.43, 250.29, 497.28, 235.41, 490.35, 220.54, 490.35, 250.29, 490.35, 29.74, 13.85
6.37, 14, white car, 399.28, 503.16, 429.18, 517.76, 414.23, 510.46, 399.28, 510.46, 429.18, 510.46, 29.90, 14.60
6.40, 13, black car, 218.87, 483.41, 248.49, 497.18, 233.68, 490.29, 218.87, 490.29, 248.49, 490.29, 29.62, 13.78
6.40, 14, white car, 396.94, 502.83, 426.67, 517.35, 411.81, 510.09, 396.94, 510.09, 426.67, 510.09, 29.73, 14.52
6.43, 13, black car, 217.26, 483.42, 246.71, 497.09, 231.98, 490.26, 217.26, 490.26, 246.71, 490.26, 29.45, 13.67
6.43, 14, white car, 394.36, 502.49, 423.84, 516.85, 409.10, 509.67, 394.36, 509.67, 423.84, 509.67, 29.47, 14.36
6.47, 13, black car, 215.20, 482.77, 244.97, 496.55, 230.09, 489.66, 215.20, 489.66, 244.97, 489.66, 29.76, 13.78
6.47, 14, white car, 392.19, 502.31, 421.27, 516.44, 406.73, 509.37, 392.19, 509.37, 421.27, 509.37, 29.09, 14.13
6.50, 13, black car, 212.53, 482.53, 242.55, 496.39, 227.54, 489.46, 212.53, 489.46, 242.55, 489.46, 30.02, 13.86
6.50, 14, white car, 389.04, 502.01, 418.37, 516.24, 403.70, 509.13, 389.04, 509.13, 418.37, 509.13, 29.33, 14.22
6.53, 13, black car, 210.41, 482.40, 240.30, 496.18, 225.36, 489.29, 210.41, 489.29, 240.30, 489.29, 29.90, 13.78
6.53, 14, white car, 386.27, 501.62, 415.84, 515.94, 401.05, 508.78, 386.27, 508.78, 415.84, 508.78, 29.57, 14.32
6.57, 13, black car, 208.36, 482.11, 238.01, 495.76, 223.19, 488.94, 208.36, 488.94, 238.01, 488.94, 29.65, 13.65
6.57, 14, white car, 383.74, 501.35, 413.03, 515.50, 398.39, 508.43, 383.74, 508.43, 413.03, 508.43, 29.29, 14.15
6.57, 1, white car, 143.75, 475.83, 170.30, 488.69, 157.03, 482.26, 143.75, 482.26, 170.30, 482.26, 26.54, 12.87
6.60, 13, black car, 206.35, 481.98, 235.93, 495.60, 221.14, 488.79, 206.35, 488.79, 235.93, 488.79, 29.58, 13.62
6.60, 14, white car, 381.38, 501.11, 410.44, 515.14, 395.91, 508.12, 381.38, 508.12, 410.44, 508.12, 29.06, 14.03
6.63, 13, black car, 204.63, 481.83, 234.31, 495.51, 219.47, 488.67, 204.63, 488.67, 234.31, 488.67, 29.68, 13.67
6.63, 14, white car, 379.14, 500.77, 408.24, 514.78, 393.69, 507.78, 379.14, 507.78, 408.24, 507.78, 29.10, 14.01
6.63, 1, white car, 139.82, 475.38, 166.30, 488.07, 153.06, 481.73, 139.82, 481.73, 166.30, 481.73, 26.48, 12.70
6.67, 13, black car, 201.75, 481.41, 232.00, 495.33, 216.87, 488.37, 201.75, 488.37, 232.00, 488.37, 30.25, 13.93
6.67, 14, white car, 376.38, 500.54, 405.52, 514.55, 390.95, 507.55, 376.38, 507.55, 405.52, 507.55, 29.14, 14.01
6.67, 1, white car, 137.34, 474.82, 164.47, 487.72, 150.91, 481.27, 137.34, 481.27, 164.47, 481.27, 27.12, 12.90
6.70, 13, black car, 199.72, 481.45, 229.61, 495.18, 214.67, 488.31, 199.72, 488.31, 229.61, 488.31, 29.89, 13.72
6.70, 1, white car, 134.87, 474.86, 161.56, 487.45, 148.22, 481.16, 134.87, 481.16, 161.56, 481.16, 26.69, 12.59
6.73, 13, black car, 198.23, 481.73, 227.37, 495.02, 212.80, 488.37, 198.23, 488.37, 227.37, 488.37, 29.14, 13.30
6.77, 13, black car, 196.72, 481.70, 225.32, 494.69, 211.02, 488.19, 196.72, 488.19, 225.32, 488.19, 28.59, 12.98
6.80, 13, black car, 194.49, 481.20, 223.30, 494.26, 208.89, 487.73, 194.49, 487.73, 223.30, 487.73, 28.82, 13.06
6.80, 1, white car, 129.49, 474.41, 155.91, 486.53, 142.70, 480.47, 129.49, 480.47, 155.91, 480.47, 26.42, 12.11
6.83, 13, black car, 191.53, 480.95, 220.97, 494.25, 206.25, 487.60, 191.53, 487.60, 220.97, 487.60, 29.44, 13.29
6.83, 1, white car, 126.88, 473.95, 154.18, 486.38, 140.53, 480.16, 126.88, 480.16, 154.18, 480.16, 27.30, 12.43
6.87, 13, black car, 189.68, 481.05, 219.07, 494.32, 204.38, 487.69, 189.68, 487.69, 219.07, 487.69, 29.39, 13.27
6.87, 1, white car, 124.60, 473.66, 152.05, 486.15, 138.32, 479.90, 124.60, 479.90, 152.05, 479.90, 27.45, 12.49
6.90, 13, black car, 188.11, 481.06, 217.44, 494.34, 202.77, 487.70, 188.11, 487.70, 217.44, 487.70, 29.34, 13.27
6.90, 1, white car, 121.58, 473.26, 148.94, 485.71, 135.26, 479.48, 121.58, 479.48, 148.94, 479.48, 27.36, 12.46
6.93, 13, black car, 186.39, 480.77, 215.67, 494.04, 201.03, 487.40, 186.39, 487.40, 215.67, 487.40, 29.28, 13.27
6.93, 1, white car, 118.89, 472.84, 146.86, 485.59, 132.88, 479.21, 118.89, 479.21, 146.86, 479.21, 27.97, 12.75
6.97, 13, black car, 184.88, 480.20, 213.83, 493.33, 199.36, 486.77, 184.88, 486.77, 213.83, 486.77, 28.94, 13.13
6.97, 1, white car, 116.63, 472.56, 144.48, 485.28, 130.55, 478.92, 116.63, 478.92, 144.48, 478.92, 27.85, 12.72
7.00, 13, black car, 182.93, 479.96, 211.68, 493.02, 197.31, 486.49, 182.93, 486.49, 211.68, 486.49, 28.75, 13.07
7.00, 1, white car, 114.34, 472.29, 142.42, 485.13, 128.38, 478.71, 114.34, 478.71, 142.42, 478.71, 28.08, 12.84
7.03, 13, black car, 181.08, 479.43, 209.79, 492.54, 195.44, 485.98, 181.08, 485.98, 209.79, 485.98, 28.71, 13.11
7.03, 1, white car, 112.24, 471.89, 140.66, 484.90, 126.45, 478.40, 112.24, 478.40, 140.66, 478.40, 28.42, 13.01
7.03, 14, white car, 347.11, 497.00, 377.56, 511.72, 362.33, 504.36, 347.11, 504.36, 377.56, 504.36, 30.45, 14.72
7.07, 13, black car, 179.27, 478.72, 208.55, 492.16, 193.91, 485.44, 179.27, 485.44, 208.55, 485.44, 29.29, 13.44
7.07, 1, white car, 110.06, 471.40, 138.93, 484.66, 124.50, 478.03, 110.06, 478.03, 138.93, 478.03, 28.87, 13.27
7.10, 13, black car, 177.75, 479.00, 206.37, 492.20, 192.06, 485.60, 177.75, 485.60, 206.37, 485.60, 28.61, 13.20
7.10, 1, white car, 108.21, 471.00, 137.21, 484.36, 122.71, 477.68, 108.21, 477.68, 137.21, 477.68, 29.00, 13.36
7.13, 1, white car, 106.13, 470.99, 134.68, 484.15, 120.41, 477.57, 106.13, 477.57, 134.68, 477.57, 28.56, 13.16
7.17, 1, white car, 103.62, 470.67, 132.34, 483.91, 117.98, 477.29, 103.62, 477.29, 132.34, 477.29, 28.72, 13.24
7.20, 1, white car, 101.55, 470.58, 129.87, 483.60, 115.71, 477.09, 101.55, 477.09, 129.87, 477.09, 28.32, 13.03
7.23, 1, white car, 99.42, 470.45, 127.67, 483.41, 113.54, 476.93, 99.42, 476.93, 127.67, 476.93, 28.25, 12.96
7.23, 13, black car, 165.77, 478.36, 194.54, 491.63, 180.16, 485.00, 165.77, 485.00, 194.54, 485.00, 28.77, 13.27
7.27, 1, white car, 97.66, 470.21, 126.07, 483.23, 111.86, 476.72, 97.66, 476.72, 126.07, 476.72, 28.40, 13.02
7.30, 1, white car, 95.43, 469.81, 123.93, 482.84, 109.68, 476.32, 95.43, 476.32, 123.93, 476.32, 28.50, 13.03
7.33, 1, white car, 93.75, 469.54, 122.09, 482.49, 107.92, 476.01, 93.75, 476.01, 122.09, 476.01, 28.34, 12.95
7.37, 1, white car, 91.74, 469.37, 120.02, 482.28, 105.88, 475.83, 91.74, 475.83, 120.02, 475.83, 28.28, 12.91
7.40, 1, white car, 89.39, 469.10, 117.69, 482.01, 103.54, 475.56, 89.39, 475.56, 117.69, 475.56, 28.30, 12.90
7.43, 1, white car, 86.75, 468.62, 116.15, 482.08, 101.45, 475.35, 86.75, 475.35, 116.15, 475.35, 29.40, 13.46
7.47, 1, white car, 83.97, 468.25, 114.25, 482.15, 99.11, 475.20, 83.97, 475.20, 114.25, 475.20, 30.28, 13.91
7.47, 13, black car, 152.60, 475.79, 183.07, 489.84, 167.84, 482.82, 152.60, 482.82, 183.07, 482.82, 30.47, 14.05
7.50, 1, white car, 81.72, 468.15, 112.34, 482.26, 97.03, 475.20, 81.72, 475.20, 112.34, 475.20, 30.62, 14.11
7.50, 13, black car, 150.64, 475.60, 181.74, 489.82, 166.19, 482.71, 150.64, 482.71, 181.74, 482.71, 31.09, 14.22
7.53, 1, white car, 79.87, 467.91, 110.27, 481.97, 95.07, 474.94, 79.87, 474.94, 110.27, 474.94, 30.40, 14.06
7.53, 13, black car, 148.96, 475.52, 180.21, 489.59, 164.58, 482.56, 148.96, 482.56, 180.21, 482.56, 31.26, 14.06
7.53, 61, black car, 1054.11, 551.80, 1086.18, 563.75, 1070.15, 557.78, 1054.11, 557.78, 1086.18, 557.78, 32.08, 11.95
7.57, 1, white car, 77.94, 467.67, 108.02, 481.62, 92.98, 474.65, 77.94, 474.65, 108.02, 474.65, 30.08, 13.95
7.57, 13, black car, 146.80, 475.45, 178.00, 489.34, 162.40, 482.39, 146.80, 482.39, 178.00, 482.39, 31.20, 13.89
7.60, 1, white car, 76.12, 467.70, 105.76, 481.45, 90.94, 474.57, 76.12, 474.57, 105.76, 474.57, 29.65, 13.76
7.60, 13, black car, 144.44, 475.16, 176.13, 489.19, 160.29, 482.18, 144.44, 482.18, 176.13, 482.18, 31.69, 14.03
7.60, 61, black car, 1047.39, 551.57, 1080.84, 564.03, 1064.12, 557.80, 1047.39, 557.80, 1080.84, 557.80, 33.45, 12.46
7.63, 1, white car, 74.40, 467.58, 103.59, 481.11, 89.00, 474.34, 74.40, 474.34, 103.59, 474.34, 29.19, 13.54
7.63, 13, black car, 142.15, 475.17, 173.51, 489.01, 157.83, 482.09, 142.15, 482.09, 173.51, 482.09, 31.36, 13.85
7.67, 1, white car, 72.71, 467.33, 101.84, 480.84, 87.27, 474.09, 72.71, 474.09, 101.84, 474.09, 29.14, 13.51
7.67, 13, black car, 140.28, 475.13, 171.19, 488.80, 155.73, 481.97, 140.28, 481.97, 171.19, 481.97, 30.91, 13.67
7.70, 1, white car, 70.55, 467.16, 99.55, 480.58, 85.05, 473.87, 70.55, 473.87, 99.55, 473.87, 29.00, 13.42
7.70, 13, black car, 138.54, 475.14, 168.70, 488.44, 153.62, 481.79, 138.54, 481.79, 168.70, 481.79, 30.16, 13.30
7.73, 1, white car, 68.62, 466.93, 97.70, 480.39, 83.16, 473.66, 68.62, 473.66, 97.70, 473.66, 29.08, 13.46
7.73, 13, black car, 136.01, 475.19, 165.98, 488.36, 151.00, 481.78, 136.01, 481.78, 165.98, 481.78, 29.97, 13.17
7.77, 1, white car, 66.69, 466.71, 95.74, 480.16, 81.22, 473.43, 66.69, 473.43, 95.74, 473.43, 29.06, 13.45
7.77, 13, black car, 134.02, 474.93, 164.34, 488.23, 149.18, 481.58, 134.02, 481.58, 164.34, 481.58, 30.32, 13.30
7.80, 1, white car, 64.62, 466.47, 93.41, 479.79, 79.02, 473.13, 64.62, 473.13, 93.41, 473.13, 28.79, 13.32
7.80, 13, black car, 132.40, 474.29, 163.91, 488.06, 148.15, 481.17, 132.40, 481.17, 163.91, 481.17, 31.51, 13.77
7.83, 1, white car, 62.58, 466.30, 91.61, 479.74, 77.10, 473.02, 62.58, 473.02, 91.61, 473.02, 29.04, 13.44
7.83, 13, black car, 130.13, 473.86, 162.23, 487.84, 146.18, 480.85, 130.13, 480.85, 162.23, 480.85, 32.11, 13.98
7.87, 1, white car, 60.48, 466.07, 89.69, 479.60, 75.09, 472.83, 60.48, 472.83, 89.69, 472.83, 29.20, 13.54
7.87, 13, black car, 128.11, 473.67, 159.83, 487.41, 143.97, 480.54, 128.11, 480.54, 159.83, 480.54, 31.72, 13.74
7.90, 1, white car, 58.64, 465.84, 87.78, 479.33, 73.21, 472.58, 58.64, 472.58, 87.78, 472.58, 29.14, 13.49
7.90, 13, black car, 126.63, 473.52, 158.04, 487.09, 142.33, 480.30, 126.63, 480.30, 158.04, 480.30, 31.41, 13.57
7.93, 1, white car, 56.75, 465.54, 85.37, 478.75, 71.06, 472.15, 56.75, 472.15, 85.37, 472.15, 28.62, 13.21
7.93, 13, black car, 124.42, 473.30, 155.62, 486.82, 140.02, 480.06, 124.42, 480.06, 155.62, 480.06, 31.20, 13.51
7.97, 1, white car, 54.76, 465.49, 83.43, 478.69, 69.09, 472.09, 54.76, 472.09, 83.43, 472.09, 28.66, 13.20
7.97, 13, black car, 122.21, 473.17, 153.67, 486.83, 137.94, 480.00, 122.21, 480.00, 153.67, 480.00, 31.46, 13.66
7.97, 14, white car, 277.40, 490.08, 304.85, 503.04, 291.13, 496.56, 277.40, 496.56, 304.85, 496.56, 27.45, 12.95
8.00, 1, white car, 52.29, 465.06, 81.38, 478.42, 66.83, 471.74, 52.29, 471.74, 81.38, 471.74, 29.10, 13.36
8.00, 13, black car, 119.81, 472.79, 151.42, 486.55, 135.61, 479.67, 119.81, 479.67, 151.42, 479.67, 31.62, 13.76
8.00, 14, white car, 274.57, 489.71, 302.75, 502.90, 288.66, 496.30, 274.57, 496.30, 302.75, 496.30, 28.18, 13.19
8.03, 1, white car, 50.30, 464.61, 79.26, 477.89, 64.78, 471.25, 50.30, 471.25, 79.26, 471.25, 28.97, 13.29
8.03, 13, black car, 116.95, 472.43, 148.89, 486.39, 132.92, 479.41, 116.95, 479.41, 148.89, 479.41, 31.94, 13.96
8.03, 14, white car, 272.10, 489.14, 301.29, 502.86, 286.69, 496.00, 272.10, 496.00, 301.29, 496.00, 29.20, 13.72
8.07, 1, white car, 48.11, 464.39, 77.39, 477.84, 62.75, 471.12, 48.11, 471.12, 77.39, 471.12, 29.28, 13.44
8.07, 13, black car, 114.65, 472.47, 146.27, 486.35, 130.46, 479.41, 114.65, 479.41, 146.27, 479.41, 31.63, 13.89
8.07, 14, white car, 269.58, 488.67, 299.24, 502.62, 284.41, 495.64, 269.58, 495.64, 299.24, 495.64, 29.65, 13.94
8.10, 1, white car, 46.23, 464.10, 75.60, 477.58, 60.91, 470.84, 46.23, 470.84, 75.60, 470.84, 29.37, 13.48
8.10, 13, black car, 112.85, 472.27, 143.64, 485.81, 128.24, 479.04, 112.85, 479.04, 143.64, 479.04, 30.79, 13.54
8.10, 14, white car, 267.45, 488.34, 296.89, 502.17, 282.17, 495.26, 267.45, 495.26, 296.89, 495.26, 29.45, 13.83
8.13, 1, white car, 44.19, 463.95, 73.59, 477.44, 58.89, 470.70, 44.19, 470.70, 73.59, 470.70, 29.40, 13.49
8.13, 13, black car, 110.89, 472.27, 141.39, 485.70, 126.14, 478.99, 110.89, 478.99, 141.39, 478.99, 30.50, 13.43
8.13, 14, white car, 265.40, 488.01, 294.78, 501.79, 280.09, 494.90, 265.40, 494.90, 294.78, 494.90, 29.38, 13.77
8.17, 1, white car, 42.29, 463.60, 72.01, 477.25, 57.15, 470.43, 42.29, 470.43, 72.01, 470.43, 29.71, 13.65
8.17, 13, black car, 108.65, 471.82, 139.66, 485.45, 124.16, 478.64, 108.65, 478.64, 139.66, 478.64, 31.01, 13.63
8.17, 14, white car, 262.94, 487.61, 292.57, 501.47, 277.75, 494.54, 262.94, 494.54, 292.57, 494.54, 29.63, 13.86
8.20, 1, white car, 40.20, 463.44, 70.44, 477.33, 55.32, 470.39, 40.20, 470.39, 70.44, 470.39, 30.24, 13.89
8.20, 13, black car, 107.09, 471.56, 138.41, 485.32, 122.75, 478.44, 107.09, 478.44, 138.41, 478.44, 31.33, 13.76
8.23, 1, white car, 38.72, 463.39, 68.50, 477.04, 53.61, 470.22, 38.72, 470.22, 68.50, 470.22, 29.78, 13.65
8.23, 13, black car, 105.23, 471.25, 136.77, 485.13, 121.00, 478.19, 105.23, 478.19, 136.77, 478.19, 31.54, 13.87
8.23, 14, white car, 258.36, 486.99, 288.17, 500.89, 273.27, 493.94, 258.36, 493.94, 288.17, 493.94, 29.80, 13.90
8.27, 1, white car, 36.86, 463.25, 66.51, 476.82, 51.68, 470.04, 36.86, 470.04, 66.51, 470.04, 29.64, 13.57
8.27, 13, black car, 102.91, 470.99, 134.36, 484.85, 118.63, 477.92, 102.91, 477.92, 134.36, 477.92, 31.45, 13.85
8.27, 14, white car, 256.13, 486.83, 285.88, 500.67, 271.01, 493.75, 256.13, 493.75, 285.88, 493.75, 29.74, 13.84
8.30, 1, white car, 35.18, 463.34, 64.33, 476.62, 49.75, 469.98, 35.18, 469.98, 64.33, 469.98, 29.15, 13.28
8.30, 13, black car, 100.92, 470.87, 132.27, 484.68, 116.59, 477.78, 100.92, 477.78, 132.27, 477.78, 31.34, 13.80
8.33, 1, white car, 33.36, 463.10, 62.45, 476.28, 47.91, 469.69, 33.36, 469.69, 62.45, 469.69, 29.09, 13.18
8.33, 13, black car, 99.92, 471.06, 130.87, 484.68, 115.40, 477.87, 99.92, 477.87, 130.87, 477.87, 30.95, 13.62
8.33, 47, black car, 1393.58, 560.30, 1423.36, 573.49, 1408.47, 566.90, 1393.58, 566.90, 1423.36, 566.90, 29.78, 13.19
8.37, 1, white car, 32.80, 463.22, 60.50, 475.72, 46.65, 469.47, 32.80, 469.47, 60.50, 469.47, 27.70, 12.49
8.37, 13, black car, 97.97, 470.68, 129.19, 484.45, 113.58, 477.57, 97.97, 477.57, 129.19, 477.57, 31.22, 13.77
8.37, 47, black car, 1391.21, 560.37, 1421.33, 573.61, 1406.27, 566.99, 1391.21, 566.99, 1421.33, 566.99, 30.12, 13.24
8.40, 1, white car, 31.99, 463.29, 58.59, 475.26, 45.29, 469.27, 31.99, 469.27, 58.59, 469.27, 26.60, 11.97
8.40, 13, black car, 94.63, 469.92, 126.63, 484.04, 110.63, 476.98, 94.63, 476.98, 126.63, 476.98, 32.00, 14.11
8.40, 47, black car, 1388.63, 560.44, 1418.69, 573.57, 1403.66, 567.00, 1388.63, 567.00, 1418.69, 567.00, 30.06, 13.13
8.40, 14, white car, 245.95, 485.31, 276.04, 499.34, 260.99, 492.33, 245.95, 492.33, 276.04, 492.33, 30.08, 14.03
8.43, 1, white car, 27.86, 462.78, 56.14, 475.38, 42.00, 469.08, 27.86, 469.08, 56.14, 469.08, 28.28, 12.60
8.43, 13, black car, 92.42, 469.49, 124.65, 483.71, 108.53, 476.60, 92.42, 476.60, 124.65, 476.60, 32.23, 14.22
8.43, 47, black car, 1385.70, 560.31, 1415.64, 573.38, 1400.67, 566.85, 1385.70, 566.85, 1415.64, 566.85, 29.93, 13.07
8.43, 14, white car, 243.50, 484.84, 274.25, 499.23, 258.87, 492.04, 243.50, 492.04, 274.25, 492.04, 30.75, 14.39
8.47, 1, white car, 24.81, 462.48, 53.97, 475.36, 39.39, 468.92, 24.81, 468.92, 53.97, 468.92, 29.16, 12.88
8.47, 13, black car, 90.78, 469.32, 122.78, 483.44, 106.78, 476.38, 90.78, 476.38, 122.78, 476.38, 32.00, 14.12
8.47, 47, black car, 1382.91, 560.20, 1413.15, 573.39, 1398.03, 566.79, 1382.91, 566.79, 1413.15, 566.79, 30.25, 13.19
8.47, 14, white car, 241.26, 484.70, 272.00, 499.09, 256.63, 491.90, 241.26, 491.90, 272.00, 491.90, 30.73, 14.39
8.50, 1, white car, 22.03, 462.11, 52.08, 475.30, 37.06, 468.70, 22.03, 468.70, 52.08, 468.70, 30.05, 13.19
8.50, 13, black car, 88.75, 469.16, 120.68, 483.25, 104.71, 476.21, 88.75, 476.21, 120.68, 476.21, 31.93, 14.10
8.50, 47, black car, 1380.19, 560.21, 1410.40, 573.34, 1395.30, 566.77, 1380.19, 566.77, 1410.40, 566.77, 30.21, 13.13
8.53, 1, white car, 19.86, 462.01, 50.37, 475.37, 35.11, 468.69, 19.86, 468.69, 50.37, 468.69, 30.51, 13.36
8.53, 13, black car, 87.02, 468.88, 118.89, 482.94, 102.95, 475.91, 87.02, 475.91, 118.89, 475.91, 31.87, 14.06
8.53, 47, black car, 1377.69, 560.01, 1407.90, 573.10, 1392.79, 566.56, 1377.69, 566.56, 1407.90, 566.56, 30.21, 13.09
8.57, 1, white car, 17.91, 461.57, 49.12, 475.31, 33.51, 468.44, 17.91, 468.44, 49.12, 468.44, 31.21, 13.74
8.57, 13, black car, 85.02, 468.63, 117.44, 482.98, 101.23, 475.81, 85.02, 475.81, 117.44, 475.81, 32.42, 14.36
8.57, 47, black car, 1375.04, 559.89, 1405.63, 573.13, 1390.33, 566.51, 1375.04, 566.51, 1405.63, 566.51, 30.58, 13.24
8.60, 1, white car, 16.29, 461.18, 47.92, 475.20, 32.10, 468.19, 16.29, 468.19, 47.92, 468.19, 31.63, 14.01
8.60, 13, black car, 83.23, 468.49, 116.00, 483.07, 99.62, 475.78, 83.23, 475.78, 116.00, 475.78, 32.77, 14.58
8.60, 47, black car, 1371.75, 559.60, 1402.93, 573.07, 1387.34, 566.34, 1371.75, 566.34, 1402.93, 566.34, 31.18, 13.47
8.63, 1, white car, 14.49, 460.55, 46.49, 474.86, 30.49, 467.71, 14.49, 467.71, 46.49, 467.71, 32.01, 14.31
8.63, 13, black car, 81.38, 468.19, 113.77, 482.68, 97.57, 475.43, 81.38, 475.43, 113.77, 475.43, 32.39, 14.48
8.63, 47, black car, 1368.84, 559.31, 1400.34, 572.92, 1384.59, 566.12, 1368.84, 566.12, 1400.34, 566.12, 31.50, 13.60
8.63, 14, white car, 229.89, 483.47, 260.73, 497.97, 245.31, 490.72, 229.89, 490.72, 260.73, 490.72, 30.83, 14.50
8.67, 1, white car, 13.04, 460.36, 44.65, 474.58, 28.85, 467.47, 13.04, 467.47, 44.65, 467.47, 31.62, 14.22
8.67, 13, black car, 79.61, 468.02, 111.45, 482.32, 95.53, 475.17, 79.61, 475.17, 111.45, 475.17, 31.84, 14.30
8.67, 47, black car, 1365.87, 559.09, 1397.88, 572.92, 1381.87, 566.01, 1365.87, 566.01, 1397.88, 566.01, 32.02, 13.83
8.67, 14, white car, 227.98, 483.25, 258.49, 497.63, 243.23, 490.44, 227.98, 490.44, 258.49, 490.44, 30.51, 14.38
8.70, 1, white car, 11.07, 459.78, 42.78, 474.14, 26.92, 466.96, 11.07, 466.96, 42.78, 466.96, 31.71, 14.36
8.70, 13, black car, 78.04, 467.98, 109.64, 482.23, 93.84, 475.11, 78.04, 475.11, 109.64, 475.11, 31.59, 14.25
8.70, 47, black car, 1363.58, 559.00, 1395.58, 572.83, 1379.58, 565.91, 1363.58, 565.91, 1395.58, 565.91, 31.99, 13.83
8.70, 14, white car, 226.16, 483.12, 256.09, 497.19, 241.13, 490.16, 226.16, 490.16, 256.09, 490.16, 29.93, 14.07
8.73, 1, white car, 10.09, 459.78, 40.59, 473.62, 25.34, 466.70, 10.09, 466.70, 40.59, 466.70, 30.50, 13.84
8.73, 13, black car, 76.37, 468.02, 107.92, 482.31, 92.14, 475.17, 76.37, 475.17, 107.92, 475.17, 31.55, 14.28
8.73, 47, black car, 1360.96, 559.04, 1393.37, 573.03, 1377.16, 566.04, 1360.96, 566.04, 1393.37, 566.04, 32.40, 13.99
8.73, 14, white car, 224.07, 482.95, 253.61, 496.81, 238.84, 489.88, 224.07, 489.88, 253.61, 489.88, 29.54, 13.86
8.77, 1, white car, 9.18, 459.90, 37.98, 472.95, 23.58, 466.42, 9.18, 466.42, 37.98, 466.42, 28.81, 13.05
8.77, 13, black car, 73.61, 468.04, 105.43, 482.44, 89.52, 475.24, 73.61, 475.24, 105.43, 475.24, 31.81, 14.40
8.77, 47, black car, 1358.12, 559.07, 1390.82, 573.18, 1374.47, 566.13, 1358.12, 566.13, 1390.82, 566.13, 32.70, 14.11
8.80, 1, white car, 6.94, 459.83, 35.78, 472.81, 21.36, 466.32, 6.94, 466.32, 35.78, 466.32, 28.84, 12.98
8.80, 13, black car, 70.76, 467.81, 102.92, 482.38, 86.84, 475.09, 70.76, 475.09, 102.92, 475.09, 32.16, 14.56
8.80, 47, black car, 1355.33, 559.13, 1388.15, 573.31, 1371.74, 566.22, 1355.33, 566.22, 1388.15, 566.22, 32.83, 14.18
8.83, 1, white car, 4.03, 459.01, 34.87, 472.90, 19.45, 465.95, 4.03, 465.95, 34.87, 465.95, 30.84, 13.89
8.83, 13, black car, 69.09, 467.44, 100.90, 481.86, 85.00, 474.65, 69.09, 474.65, 100.90, 474.65, 31.81, 14.42
8.83, 47, black car, 1353.03, 559.01, 1385.52, 573.07, 1369.28, 566.04, 1353.03, 566.04, 1385.52, 566.04, 32.49, 14.06
8.87, 13, black car, 67.82, 467.21, 99.07, 481.40, 83.44, 474.30, 67.82, 474.30, 99.07, 474.30, 31.25, 14.20
8.87, 47, black car, 1350.50, 558.97, 1382.55, 572.82, 1366.53, 565.89, 1350.50, 565.89, 1382.55, 565.89, 32.05, 13.85
8.90, 13, black car, 65.89, 466.93, 96.85, 481.01, 81.37, 473.97, 65.89, 473.97, 96.85, 473.97, 30.96, 14.08
8.90, 47, black car, 1348.49, 558.93, 1380.01, 572.56, 1364.25, 565.74, 1348.49, 565.74, 1380.01, 565.74, 31.52, 13.64
8.90, 14, white car, 212.27, 481.53, 242.81, 495.84, 227.54, 488.68, 212.27, 488.68, 242.81, 488.68, 30.54, 14.31
8.93, 13, black car, 63.81, 466.61, 94.95, 480.85, 79.38, 473.73, 63.81, 473.73, 94.95, 473.73, 31.14, 14.24
8.93, 47, black car, 1345.71, 558.96, 1377.40, 572.68, 1361.56, 565.82, 1345.71, 565.82, 1377.40, 565.82, 31.69, 13.71
8.93, 14, white car, 209.67, 481.19, 240.81, 495.81, 225.24, 488.50, 209.67, 488.50, 240.81, 488.50, 31.14, 14.61
8.97, 13, black car, 62.07, 466.07, 93.78, 480.67, 77.93, 473.37, 62.07, 473.37, 93.78, 473.37, 31.71, 14.61
8.97, 47, black car, 1342.78, 558.76, 1374.67, 572.58, 1358.72, 565.67, 1342.78, 565.67, 1374.67, 565.67, 31.88, 13.81
9.00, 13, black car, 60.00, 465.81, 91.56, 480.42, 75.78, 473.12, 60.00, 473.12, 91.56, 473.12, 31.56, 14.61
9.00, 47, black car, 1340.51, 558.66, 1372.21, 572.43, 1356.36, 565.55, 1340.51, 565.55, 1372.21, 565.55, 31.71, 13.77
9.03, 13, black car, 58.54, 465.91, 89.54, 480.24, 74.04, 473.08, 58.54, 473.08, 89.54, 473.08, 31.00, 14.33
9.03, 47, black car, 1337.81, 558.55, 1369.76, 572.43, 1353.79, 565.49, 1337.81, 565.49, 1369.76, 565.49, 31.94, 13.88
9.07, 13, black car, 56.54, 465.80, 87.57, 480.15, 72.06, 472.98, 56.54, 472.98, 87.57, 472.98, 31.03, 14.35
9.07, 47, black car, 1335.42, 558.59, 1366.96, 572.28, 1351.19, 565.44, 1335.42, 565.44, 1366.96, 565.44, 31.54, 13.69
9.10, 13, black car, 55.01, 465.38, 86.31, 479.92, 70.66, 472.65, 55.01, 472.65, 86.31, 472.65, 31.31, 14.53
9.10, 47, black car, 1332.87, 558.43, 1364.31, 572.08, 1348.59, 565.26, 1332.87, 565.26, 1364.31, 565.26, 31.45, 13.65
9.13, 13, black car, 53.23, 465.36, 83.97, 479.66, 68.60, 472.51, 53.23, 472.51, 83.97, 472.51, 30.74, 14.30
9.13, 47, black car, 1330.16, 558.28, 1361.56, 571.91, 1345.86, 565.09, 1330.16, 565.09, 1361.56, 565.09, 31.40, 13.63
9.17, 13, black car, 51.39, 465.18, 81.62, 479.28, 66.50, 472.23, 51.39, 472.23, 81.62, 472.23, 30.23, 14.10
9.17, 47, black car, 1327.05, 558.03, 1358.79, 571.81, 1342.92, 564.92, 1327.05, 564.92, 1358.79, 564.92, 31.74, 13.79
9.20, 13, black car, 50.56, 464.84, 80.35, 478.71, 65.46, 471.78, 50.56, 471.78, 80.35, 471.78, 29.79, 13.87
9.20, 47, black car, 1324.56, 557.85, 1356.20, 571.60, 1340.38, 564.73, 1324.56, 564.73, 1356.20, 564.73, 31.65, 13.75
9.23, 13, black car, 48.56, 464.89, 78.18, 478.70, 63.37, 471.79, 48.56, 471.79, 78.18, 471.79, 29.62, 13.81
9.23, 47, black car, 1321.85, 557.72, 1353.90, 571.64, 1337.87, 564.68, 1321.85, 564.68, 1353.90, 564.68, 32.05, 13.92
9.27, 13, black car, 46.87, 464.78, 76.04, 478.35, 61.45, 471.57, 46.87, 471.57, 76.04, 471.57, 29.16, 13.57
9.27, 47, black car, 1320.15, 558.09, 1351.25, 571.57, 1335.70, 564.83, 1320.15, 564.83, 1351.25, 564.83, 31.11, 13.48
9.27, 14, white car, 187.22, 478.93, 218.39, 493.48, 202.80, 486.21, 187.22, 486.21, 218.39, 486.21, 31.17, 14.55
9.30, 13, black car, 45.42, 464.86, 74.36, 478.24, 59.89, 471.55, 45.42, 471.55, 74.36, 471.55, 28.94, 13.39
9.30, 47, black car, 1317.57, 558.24, 1348.19, 571.44, 1332.88, 564.84, 1317.57, 564.84, 1348.19, 564.84, 30.61, 13.20
9.30, 14, white car, 185.51, 478.57, 216.52, 493.02, 201.01, 485.80, 185.51, 485.80, 216.52, 485.80, 31.01, 14.44
9.33, 13, black car, 44.22, 464.66, 73.23, 478.02, 58.72, 471.34, 44.22, 471.34, 73.23, 471.34, 29.01, 13.36
9.33, 47, black car, 1314.68, 558.26, 1345.07, 571.33, 1329.88, 564.79, 1314.68, 564.79, 1345.07, 564.79, 30.38, 13.07
9.33, 14, white car, 183.83, 478.36, 214.93, 492.88, 199.38, 485.62, 183.83, 485.62, 214.93, 485.62, 31.10, 14.52
9.37, 13, black car, 42.92, 464.55, 71.78, 477.81, 57.35, 471.18, 42.92, 471.18, 71.78, 471.18, 28.86, 13.26
9.37, 47, black car, 1311.87, 558.13, 1342.51, 571.31, 1327.19, 564.72, 1311.87, 564.72, 1342.51, 564.72, 30.64, 13.17
9.40, 13, black car, 39.74, 463.77, 70.19, 477.76, 54.97, 470.76, 39.74, 470.76, 70.19, 470.76, 30.44, 13.99
9.43, 13, black car, 37.49, 463.57, 68.54, 477.84, 53.02, 470.71, 37.49, 470.71, 68.54, 470.71, 31.05, 14.28
9.43, 47, black car, 1306.58, 558.01, 1337.16, 571.15, 1321.87, 564.58, 1306.58, 564.58, 1337.16, 564.58, 30.58, 13.14
9.47, 13, black car, 36.23, 463.80, 66.87, 477.90, 51.55, 470.85, 36.23, 470.85, 66.87, 470.85, 30.64, 14.10
9.47, 47, black car, 1303.73, 558.00, 1334.24, 571.11, 1318.98, 564.56, 1303.73, 564.56, 1334.24, 564.56, 30.51, 13.11
9.47, 14, white car, 175.92, 477.71, 206.06, 491.81, 190.99, 484.76, 175.92, 484.76, 206.06, 484.76, 30.14, 14.11
9.50, 13, black car, 34.79, 463.86, 64.70, 477.69, 49.74, 470.77, 34.79, 470.77, 64.70, 470.77, 29.92, 13.83
9.50, 47, black car, 1300.84, 557.91, 1331.24, 570.94, 1316.04, 564.42, 1300.84, 564.42, 1331.24, 564.42, 30.39, 13.04
9.53, 13, black car, 33.11, 463.33, 63.11, 477.27, 48.11, 470.30, 33.11, 470.30, 63.11, 470.30, 30.00, 13.95
9.53, 47, black car, 1298.07, 557.77, 1329.30, 571.18, 1313.69, 564.47, 1298.07, 564.47, 1329.30, 564.47, 31.23, 13.41
9.57, 13, black car, 30.62, 462.74, 61.42, 477.07, 46.02, 469.91, 30.62, 469.91, 61.42, 469.91, 30.80, 14.33
9.57, 47, black car, 1295.31, 557.71, 1326.94, 571.32, 1311.13, 564.52, 1295.31, 564.52, 1326.94, 564.52, 31.63, 13.61
9.60, 13, black car, 28.61, 462.32, 59.79, 476.77, 44.20, 469.54, 28.61, 469.54, 59.79, 469.54, 31.18, 14.44
9.60, 47, black car, 1292.79, 557.65, 1324.08, 571.12, 1308.44, 564.39, 1292.79, 564.39, 1324.08, 564.39, 31.29, 13.47
9.63, 13, black car, 25.98, 462.20, 57.43, 476.69, 41.71, 469.45, 25.98, 469.45, 57.43, 469.45, 31.45, 14.49
9.63, 47, black car, 1289.79, 557.46, 1321.57, 571.16, 1305.68, 564.31, 1289.79, 564.31, 1321.57, 564.31, 31.77, 13.70
9.67, 13, black car, 22.90, 461.70, 55.41, 476.61, 39.15, 469.16, 22.90, 469.16, 55.41, 469.16, 32.51, 14.91
9.67, 47, black car, 1287.51, 557.61, 1318.44, 570.92, 1302.97, 564.26, 1287.51, 564.26, 1318.44, 564.26, 30.93, 13.31
9.70, 13, black car, 20.88, 461.69, 53.23, 476.49, 37.05, 469.09, 20.88, 469.09, 53.23, 469.09, 32.35, 14.80
9.70, 47, black car, 1284.78, 557.46, 1315.94, 570.87, 1300.36, 564.16, 1284.78, 564.16, 1315.94, 564.16, 31.16, 13.42
9.73, 13, black car, 19.89, 461.60, 51.61, 476.06, 35.75, 468.83, 19.89, 468.83, 51.61, 468.83, 31.73, 14.46
9.73, 47, black car, 1282.14, 557.37, 1313.63, 570.93, 1297.89, 564.15, 1282.14, 564.15, 1313.63, 564.15, 31.49, 13.56
9.77, 13, black car, 18.69, 461.71, 49.49, 475.69, 34.09, 468.70, 18.69, 468.70, 49.49, 468.70, 30.79, 13.98
9.77, 47, black car, 1279.34, 557.39, 1310.85, 570.96, 1295.10, 564.17, 1279.34, 564.17, 1310.85, 564.17, 31.51, 13.57
9.80, 13, black car, 17.24, 461.83, 47.75, 475.66, 32.50, 468.75, 17.24, 468.75, 47.75, 468.75, 30.51, 13.83
9.80, 47, black car, 1276.90, 557.26, 1308.16, 570.75, 1292.53, 564.01, 1276.90, 564.01, 1308.16, 564.01, 31.26, 13.49
9.83, 13, black car, 15.69, 461.95, 46.00, 475.68, 30.85, 468.81, 15.69, 468.81, 46.00, 468.81, 30.30, 13.73
9.83, 47, black car, 1274.04, 557.10, 1305.42, 570.65, 1289.73, 563.87, 1274.04, 563.87, 1305.42, 563.87, 31.38, 13.55
9.87, 13, black car, 14.27, 461.91, 44.67, 475.65, 29.47, 468.78, 14.27, 468.78, 44.67, 468.78, 30.40, 13.75
9.87, 47, black car, 1271.46, 557.06, 1302.53, 570.49, 1286.99, 563.77, 1271.46, 563.77, 1302.53, 563.77, 31.07, 13.43
9.87, 14, white car, 150.53, 475.14, 180.26, 488.90, 165.40, 482.02, 150.53, 482.02, 180.26, 482.02, 29.73, 13.76
9.90, 13, black car, 13.29, 461.56, 43.86, 475.39, 28.58, 468.48, 13.29, 468.48, 43.86, 468.48, 30.57, 13.83
9.90, 47, black car, 1268.90, 556.92, 1299.79, 570.26, 1284.35, 563.59, 1268.90, 563.59, 1299.79, 563.59, 30.89, 13.34
9.90, 14, white car, 148.17, 474.99, 177.98, 488.78, 163.07, 481.89, 148.17, 481.89, 177.98, 481.89, 29.81, 13.78
9.93, 47, black car, 1266.41, 556.83, 1297.02, 570.01, 1281.72, 563.42, 1266.41, 563.42, 1297.02, 563.42, 30.61, 13.18
9.93, 14, white car, 145.65, 474.72, 176.01, 488.81, 160.83, 481.77, 145.65, 481.77, 176.01, 481.77, 30.37, 14.09
9.97, 14, white car, 143.91, 474.44, 174.32, 488.50, 159.12, 481.47, 143.91, 481.47, 174.32, 481.47, 30.42, 14.06
