0.00, 5, white car, 179.26, 445.14, 209.32, 458.24, 194.29, 451.69, 179.26, 451.69, 209.32, 451.69, 30.06, 13.10
0.00, 6, white car, 539.40, 481.47, 568.58, 494.04, 553.99, 487.76, 539.40, 487.76, 568.58, 487.76, 29.18, 12.57
0.00, 7, white car, 366.28, 463.86, 395.68, 476.87, 380.98, 470.37, 366.28, 470.37, 395.68, 470.37, 29.40, 13.02
0.03, 5, white car, 176.96, 445.03, 206.91, 458.08, 191.94, 451.56, 176.96, 451.56, 206.91, 451.56, 29.95, 13.05
0.03, 6, white car, 537.09, 481.26, 565.98, 493.70, 551.53, 487.48, 537.09, 487.48, 565.98, 487.48, 28.89, 12.44
0.03, 7, white car, 364.07, 463.82, 393.38, 476.80, 378.72, 470.31, 364.07, 470.31, 393.38, 470.31, 29.31, 12.98
0.07, 5, white car, 174.78, 444.61, 204.76, 457.68, 189.77, 451.14, 174.78, 451.14, 204.76, 451.14, 29.98, 13.06
0.07, 6, white car, 534.62, 480.90, 563.87, 493.49, 549.24, 487.19, 534.62, 487.19, 563.87, 487.19, 29.24, 12.59
0.07, 7, white car, 361.55, 463.66, 391.31, 476.83, 376.43, 470.25, 361.55, 470.25, 391.31, 470.25, 29.76, 13.17
0.07, 31, white car, 251.81, 453.53, 278.12, 465.97, 264.97, 459.75, 251.81, 459.75, 278.12, 459.75, 26.32, 12.44
0.10, 5, white car, 171.95, 444.48, 202.46, 457.77, 187.20, 451.13, 171.95, 451.13, 202.46, 451.13, 30.51, 13.30
0.10, 6, white car, 530.95, 480.24, 561.35, 493.36, 546.15, 486.80, 530.95, 486.80, 561.35, 486.80, 30.40, 13.12
0.10, 7, white car, 358.92, 463.40, 388.63, 476.56, 373.78, 469.98, 358.92, 469.98, 388.63, 469.98, 29.71, 13.16
0.13, 5, white car, 168.68, 443.94, 200.35, 457.78, 184.52, 450.86, 168.68, 450.86, 200.35, 450.86, 31.67, 13.83
0.13, 6, white car, 527.74, 479.84, 558.53, 493.17, 543.14, 486.50, 527.74, 486.50, 558.53, 486.50, 30.79, 13.33
0.13, 7, white car, 356.30, 463.12, 386.24, 476.40, 371.27, 469.76, 356.30, 469.76, 386.24, 469.76, 29.95, 13.28
0.17, 5, white car, 166.05, 443.65, 197.85, 457.57, 181.95, 450.61, 166.05, 450.61, 197.85, 450.61, 31.80, 13.92
0.17, 6, white car, 524.59, 479.57, 555.48, 492.94, 540.03, 486.25, 524.59, 486.25, 555.48, 486.25, 30.89, 13.37
0.17, 7, white car, 353.76, 462.87, 383.85, 476.23, 368.80, 469.55, 353.76, 469.55, 383.85, 469.55, 30.09, 13.35
0.20, 5, white car, 163.73, 443.27, 195.48, 457.20, 179.61, 450.24, 163.73, 450.24, 195.48, 450.24, 31.75, 13.93
0.20, 6, white car, 522.23, 479.41, 552.53, 492.52, 537.38, 485.96, 522.23, 485.96, 552.53, 485.96, 30.29, 13.11
0.20, 7, white car, 351.75, 462.52, 381.44, 475.68, 366.60, 469.10, 351.75, 469.10, 381.44, 469.10, 29.69, 13.17
0.23, 5, white car, 160.86, 442.61, 192.74, 456.64, 176.80, 449.63, 160.86, 449.63, 192.74, 449.63, 31.87, 14.03
0.23, 6, white car, 520.66, 479.38, 550.33, 492.21, 535.49, 485.79, 520.66, 485.79, 550.33, 485.79, 29.67, 12.83
0.23, 7, white car, 349.47, 462.35, 378.54, 475.22, 364.01, 468.79, 349.47, 468.79, 378.54, 468.79, 29.08, 12.88
0.27, 5, white car, 158.36, 442.31, 190.36, 456.42, 174.36, 449.36, 158.36, 449.36, 190.36, 449.36, 32.00, 14.11
0.27, 6, white car, 517.49, 478.99, 547.33, 491.92, 532.41, 485.45, 517.49, 485.45, 547.33, 485.45, 29.84, 12.93
0.27, 7, white car, 347.05, 462.07, 375.88, 474.82, 361.47, 468.44, 347.05, 468.44, 375.88, 468.44, 28.83, 12.76
0.30, 5, white car, 156.16, 442.11, 188.10, 456.23, 172.13, 449.17, 156.16, 449.17, 188.10, 449.17, 31.94, 14.12
0.30, 6, white car, 514.40, 478.51, 544.79, 491.73, 529.60, 485.12, 514.40, 485.12, 544.79, 485.12, 30.40, 13.22
0.30, 7, white car, 344.65, 461.74, 373.61, 474.55, 359.13, 468.14, 344.65, 468.14, 373.61, 468.14, 28.96, 12.81
0.33, 5, white car, 154.03, 441.90, 185.28, 455.74, 169.66, 448.82, 154.03, 448.82, 185.28, 448.82, 31.24, 13.84
0.33, 6, white car, 511.48, 478.13, 542.48, 491.64, 526.98, 484.89, 511.48, 484.89, 542.48, 484.89, 31.00, 13.52
0.33, 7, white car, 342.47, 461.55, 371.29, 474.28, 356.88, 467.92, 342.47, 467.92, 371.29, 467.92, 28.82, 12.74
0.37, 5, white car, 152.19, 441.92, 182.82, 455.48, 167.50, 448.70, 152.19, 448.70, 182.82, 448.70, 30.63, 13.56
0.37, 6, white car, 508.76, 477.96, 539.59, 491.41, 524.18, 484.69, 508.76, 484.69, 539.59, 484.69, 30.83, 13.45
0.37, 7, white car, 339.69, 461.06, 369.52, 474.26, 354.60, 467.66, 339.69, 467.66, 369.52, 467.66, 29.84, 13.20
0.40, 5, white car, 149.82, 441.70, 179.96, 455.00, 164.89, 448.35, 149.82, 448.35, 179.96, 448.35, 30.14, 13.30
0.40, 7, white car, 337.21, 460.77, 367.51, 474.19, 352.36, 467.48, 337.21, 467.48, 367.51, 467.48, 30.30, 13.42
0.43, 5, white car, 147.36, 441.61, 177.23, 454.78, 162.29, 448.20, 147.36, 448.20, 177.23, 448.20, 29.87, 13.17
0.43, 7, white car, 335.24, 460.53, 365.05, 473.77, 350.15, 467.15, 335.24, 467.15, 365.05, 467.15, 29.81, 13.23
0.47, 5, white car, 144.80, 441.19, 175.30, 454.67, 160.05, 447.93, 144.80, 447.93, 175.30, 447.93, 30.50, 13.47
0.47, 7, white car, 332.57, 460.36, 362.13, 473.46, 347.35, 466.91, 332.57, 466.91, 362.13, 466.91, 29.55, 13.11
0.50, 5, white car, 142.42, 440.85, 172.96, 454.36, 157.69, 447.60, 142.42, 447.60, 172.96, 447.60, 30.55, 13.51
0.50, 7, white car, 330.25, 460.15, 359.98, 473.34, 345.11, 466.75, 330.25, 466.75, 359.98, 466.75, 29.73, 13.19
0.53, 5, white car, 140.12, 440.71, 170.64, 454.20, 155.38, 447.46, 140.12, 447.46, 170.64, 447.46, 30.51, 13.49
0.53, 7, white car, 327.80, 459.66, 357.91, 473.04, 342.85, 466.35, 327.80, 466.35, 357.91, 466.35, 30.11, 13.38
0.57, 5, white car, 137.81, 440.43, 168.16, 453.83, 152.98, 447.13, 137.81, 447.13, 168.16, 447.13, 30.35, 13.41
0.57, 7, white car, 324.98, 459.24, 355.52, 472.84, 340.25, 466.04, 324.98, 466.04, 355.52, 466.04, 30.54, 13.59
0.60, 5, white car, 135.46, 440.09, 165.75, 453.45, 150.61, 446.77, 135.46, 446.77, 165.75, 446.77, 30.29, 13.37
0.60, 7, white car, 323.08, 459.07, 353.11, 472.42, 338.09, 465.74, 323.08, 465.74, 353.11, 465.74, 30.02, 13.34
0.63, 5, white car, 132.97, 439.83, 163.42, 453.28, 148.20, 446.56, 132.97, 446.56, 163.42, 446.56, 30.46, 13.45
0.63, 7, white car, 320.99, 458.86, 350.29, 471.84, 335.64, 465.35, 320.99, 465.35, 350.29, 465.35, 29.29, 12.98
0.63, 6, white car, 489.00, 475.90, 518.26, 488.60, 503.63, 482.25, 489.00, 482.25, 518.26, 482.25, 29.26, 12.70
0.67, 5, white car, 130.36, 439.63, 161.20, 453.27, 145.78, 446.45, 130.36, 446.45, 161.20, 446.45, 30.84, 13.64
0.67, 7, white car, 318.24, 458.35, 347.99, 471.50, 333.11, 464.93, 318.24, 464.93, 347.99, 464.93, 29.76, 13.15
0.67, 6, white car, 486.57, 475.83, 515.61, 488.41, 501.09, 482.12, 486.57, 482.12, 515.61, 482.12, 29.04, 12.58
0.70, 5, white car, 127.96, 439.46, 158.42, 452.94, 143.19, 446.20, 127.96, 446.20, 158.42, 446.20, 30.46, 13.47
0.70, 7, white car, 315.84, 458.12, 345.62, 471.27, 330.73, 464.70, 315.84, 464.70, 345.62, 464.70, 29.78, 13.16
0.70, 6, white car, 484.02, 475.65, 512.98, 488.15, 498.50, 481.90, 484.02, 481.90, 512.98, 481.90, 28.96, 12.50
0.73, 5, white car, 125.94, 439.31, 155.78, 452.50, 140.86, 445.91, 125.94, 445.91, 155.78, 445.91, 29.85, 13.19
0.73, 7, white car, 313.57, 457.87, 343.29, 471.01, 328.43, 464.44, 313.57, 464.44, 343.29, 464.44, 29.72, 13.14
0.73, 6, white car, 480.63, 475.36, 509.97, 487.98, 495.30, 481.67, 480.63, 481.67, 509.97, 481.67, 29.34, 12.63
0.77, 5, white car, 123.45, 438.99, 152.71, 451.91, 138.08, 445.45, 123.45, 445.45, 152.71, 445.45, 29.26, 12.92
0.77, 7, white car, 310.98, 457.40, 340.53, 470.49, 325.75, 463.94, 310.98, 463.94, 340.53, 463.94, 29.56, 13.09
0.77, 6, white car, 478.18, 475.22, 507.59, 487.83, 492.89, 481.52, 478.18, 481.52, 507.59, 481.52, 29.42, 12.61
0.80, 5, white car, 120.97, 438.86, 150.30, 451.79, 135.63, 445.33, 120.97, 445.33, 150.30, 445.33, 29.33, 12.93
0.80, 7, white car, 308.85, 457.38, 337.84, 470.23, 323.34, 463.81, 308.85, 463.81, 337.84, 463.81, 28.99, 12.85
0.80, 6, white car, 475.41, 474.95, 504.41, 487.34, 489.91, 481.14, 475.41, 481.14, 504.41, 481.14, 29.00, 12.39
0.83, 5, white car, 118.68, 438.59, 148.18, 451.58, 133.43, 445.09, 118.68, 445.09, 148.18, 445.09, 29.51, 12.99
0.83, 7, white car, 306.29, 456.92, 335.50, 469.86, 320.90, 463.39, 306.29, 463.39, 335.50, 463.39, 29.21, 12.94
0.83, 6, white car, 472.87, 474.64, 502.22, 487.22, 487.54, 480.93, 472.87, 480.93, 502.22, 480.93, 29.36, 12.58
0.87, 5, white car, 116.42, 438.35, 146.03, 451.37, 131.22, 444.86, 116.42, 444.86, 146.03, 444.86, 29.61, 13.02
0.87, 7, white car, 303.38, 456.43, 333.32, 469.70, 318.35, 463.06, 303.38, 463.06, 333.32, 463.06, 29.95, 13.27
0.87, 6, white car, 470.38, 474.31, 499.95, 487.00, 485.16, 480.66, 470.38, 480.66, 499.95, 480.66, 29.57, 12.69
0.90, 5, white car, 114.21, 438.33, 143.45, 451.15, 128.83, 444.74, 114.21, 444.74, 143.45, 444.74, 29.23, 12.82
0.90, 7, white car, 300.96, 456.21, 331.39, 469.69, 316.18, 462.95, 300.96, 462.95, 331.39, 462.95, 30.43, 13.48
0.90, 6, white car, 467.75, 473.94, 497.28, 486.58, 482.52, 480.26, 467.75, 480.26, 497.28, 480.26, 29.53, 12.64
0.93, 5, white car, 112.28, 437.89, 140.86, 450.36, 126.57, 444.13, 112.28, 444.13, 140.86, 444.13, 28.59, 12.47
0.93, 7, white car, 299.05, 456.08, 329.12, 469.39, 314.08, 462.73, 299.05, 462.73, 329.12, 462.73, 30.07, 13.31
0.93, 6, white car, 465.45, 473.68, 494.56, 486.11, 480.00, 479.89, 465.45, 479.89, 494.56, 479.89, 29.11, 12.43
0.97, 5, white car, 108.99, 437.36, 138.04, 450.00, 123.51, 443.68, 108.99, 443.68, 138.04, 443.68, 29.04, 12.64
0.97, 7, white car, 296.96, 456.03, 326.80, 469.26, 311.88, 462.64, 296.96, 462.64, 326.80, 462.64, 29.83, 13.23
0.97, 6, white car, 462.42, 473.35, 491.75, 485.84, 477.08, 479.60, 462.42, 479.60, 491.75, 479.60, 29.33, 12.49
1.00, 5, white car, 106.40, 436.69, 135.86, 449.48, 121.13, 443.08, 106.40, 443.08, 135.86, 443.08, 29.46, 12.79
1.00, 7, white car, 294.31, 455.80, 324.30, 469.16, 309.30, 462.48, 294.31, 462.48, 324.30, 462.48, 29.99, 13.36
1.00, 6, white car, 459.72, 473.08, 489.15, 485.61, 474.43, 479.34, 459.72, 479.34, 489.15, 479.34, 29.43, 12.54
1.03, 5, white car, 103.27, 436.33, 133.72, 449.56, 118.49, 442.95, 103.27, 442.95, 133.72, 442.95, 30.44, 13.22
1.03, 7, white car, 292.03, 455.48, 321.70, 468.70, 306.87, 462.09, 292.03, 462.09, 321.70, 462.09, 29.67, 13.22
1.03, 6, white car, 456.98, 472.85, 486.73, 485.53, 471.85, 479.19, 456.98, 479.19, 486.73, 479.19, 29.75, 12.68
1.07, 5, white car, 101.00, 436.09, 131.79, 449.48, 116.40, 442.79, 101.00, 442.79, 131.79, 442.79, 30.79, 13.40
1.07, 7, white car, 289.77, 455.18, 319.25, 468.31, 304.51, 461.75, 289.77, 461.75, 319.25, 461.75, 29.48, 13.13
1.07, 6, white car, 454.69, 472.51, 484.76, 485.27, 469.72, 478.89, 454.69, 478.89, 484.76, 478.89, 30.06, 12.77
1.10, 5, white car, 98.68, 435.95, 129.45, 449.35, 114.07, 442.65, 98.68, 442.65, 129.45, 442.65, 30.76, 13.40
1.10, 7, white car, 287.67, 454.89, 317.15, 468.01, 302.41, 461.45, 287.67, 461.45, 317.15, 461.45, 29.48, 13.12
1.10, 6, white car, 451.80, 472.14, 482.08, 485.00, 466.94, 478.57, 451.80, 478.57, 482.08, 478.57, 30.28, 12.86
1.13, 5, white car, 96.64, 435.57, 126.74, 448.68, 111.69, 442.13, 96.64, 442.13, 126.74, 442.13, 30.11, 13.11
1.13, 7, white car, 285.37, 454.76, 314.67, 467.78, 300.02, 461.27, 285.37, 461.27, 314.67, 461.27, 29.30, 13.02
1.13, 6, white car, 448.86, 471.90, 479.03, 484.74, 463.94, 478.32, 448.86, 478.32, 479.03, 478.32, 30.17, 12.84
1.17, 5, white car, 94.18, 435.35, 123.90, 448.23, 109.04, 441.79, 94.18, 441.79, 123.90, 441.79, 29.72, 12.89
1.17, 7, white car, 282.98, 454.51, 312.04, 467.43, 297.51, 460.97, 282.98, 460.97, 312.04, 460.97, 29.05, 12.92
1.17, 6, white car, 446.32, 471.65, 476.02, 484.30, 461.17, 477.97, 446.32, 477.97, 476.02, 477.97, 29.70, 12.64
1.20, 5, white car, 91.77, 435.09, 121.83, 448.08, 106.80, 441.58, 91.77, 441.58, 121.83, 441.58, 30.06, 13.00
1.20, 7, white car, 280.63, 454.27, 309.80, 467.24, 295.22, 460.75, 280.63, 460.75, 309.80, 460.75, 29.17, 12.98
1.20, 6, white car, 443.62, 471.25, 473.40, 483.97, 458.51, 477.61, 443.62, 477.61, 473.40, 477.61, 29.77, 12.72
1.23, 5, white car, 89.47, 435.04, 119.48, 447.98, 104.48, 441.51, 89.47, 441.51, 119.48, 441.51, 30.01, 12.94
1.23, 7, white car, 277.88, 453.89, 307.64, 467.13, 292.76, 460.51, 277.88, 460.51, 307.64, 460.51, 29.76, 13.23
1.23, 6, white car, 440.96, 470.95, 471.16, 483.86, 456.06, 477.40, 440.96, 477.40, 471.16, 477.40, 30.19, 12.91
1.27, 5, white car, 86.83, 434.95, 117.34, 448.09, 102.09, 441.52, 86.83, 441.52, 117.34, 441.52, 30.51, 13.14
1.27, 7, white car, 275.38, 453.58, 305.70, 467.09, 290.54, 460.33, 275.38, 460.33, 305.70, 460.33, 30.31, 13.52
1.27, 6, white car, 438.36, 470.65, 468.72, 483.64, 453.54, 477.14, 438.36, 477.14, 468.72, 477.14, 30.36, 12.99
1.30, 5, white car, 84.13, 434.66, 114.86, 447.90, 99.50, 441.28, 84.13, 441.28, 114.86, 441.28, 30.73, 13.24
1.30, 7, white car, 272.91, 453.29, 303.42, 466.91, 288.16, 460.10, 272.91, 460.10, 303.42, 460.10, 30.51, 13.62
1.30, 6, white car, 435.64, 470.47, 465.79, 483.39, 450.72, 476.93, 435.64, 476.93, 465.79, 476.93, 30.15, 12.92
1.33, 5, white car, 82.02, 434.41, 112.48, 447.52, 97.25, 440.97, 82.02, 440.97, 112.48, 440.97, 30.47, 13.11
1.33, 7, white car, 271.01, 452.76, 301.79, 466.48, 286.40, 459.62, 271.01, 459.62, 301.79, 459.62, 30.78, 13.73
1.33, 6, white car, 432.93, 470.19, 463.09, 483.11, 448.01, 476.65, 432.93, 476.65, 463.09, 476.65, 30.16, 12.91
1.37, 5, white car, 79.35, 434.13, 110.01, 447.31, 94.68, 440.72, 79.35, 440.72, 110.01, 440.72, 30.66, 13.18
1.37, 7, white car, 268.74, 452.65, 299.24, 466.26, 283.99, 459.45, 268.74, 459.45, 299.24, 459.45, 30.50, 13.61
1.37, 6, white car, 430.69, 470.06, 460.30, 482.76, 445.50, 476.41, 430.69, 476.41, 460.30, 476.41, 29.60, 12.70
1.40, 5, white car, 76.31, 433.89, 107.27, 447.19, 91.79, 440.54, 76.31, 440.54, 107.27, 440.54, 30.96, 13.29
1.40, 7, white car, 266.58, 452.46, 296.82, 465.94, 281.70, 459.20, 266.58, 459.20, 296.82, 459.20, 30.23, 13.48
1.40, 6, white car, 428.08, 470.01, 457.94, 482.78, 443.01, 476.39, 428.08, 476.39, 457.94, 476.39, 29.86, 12.77
1.43, 5, white car, 74.02, 433.82, 105.07, 447.17, 89.54, 440.49, 74.02, 440.49, 105.07, 440.49, 31.05, 13.35
1.43, 7, white car, 264.01, 452.28, 293.90, 465.58, 278.96, 458.93, 264.01, 458.93, 293.90, 458.93, 29.89, 13.30
1.43, 6, white car, 425.59, 469.59, 455.53, 482.36, 440.56, 475.97, 425.59, 475.97, 455.53, 475.97, 29.95, 12.77
1.47, 5, white car, 71.73, 433.64, 102.92, 447.09, 87.32, 440.36, 71.73, 440.36, 102.92, 440.36, 31.19, 13.45
1.47, 7, white car, 261.51, 452.14, 291.28, 465.38, 276.40, 458.76, 261.51, 458.76, 291.28, 458.76, 29.77, 13.24
1.47, 6, white car, 422.92, 469.17, 453.06, 481.97, 437.99, 475.57, 422.92, 475.57, 453.06, 475.57, 30.14, 12.80
1.50, 5, white car, 69.63, 433.13, 100.93, 446.69, 85.28, 439.91, 69.63, 439.91, 100.93, 439.91, 31.30, 13.55
1.50, 7, white car, 259.29, 451.96, 289.04, 465.20, 274.16, 458.58, 259.29, 458.58, 289.04, 458.58, 29.75, 13.24
1.50, 6, white car, 420.28, 468.77, 450.17, 481.46, 435.23, 475.12, 420.28, 475.12, 450.17, 475.12, 29.89, 12.69
1.53, 5, white car, 67.92, 432.90, 98.35, 446.08, 83.13, 439.49, 67.92, 439.49, 98.35, 439.49, 30.43, 13.17
1.53, 7, white car, 257.01, 451.50, 286.94, 464.83, 271.97, 458.17, 257.01, 458.17, 286.94, 458.17, 29.93, 13.33
1.53, 6, white car, 417.42, 468.47, 447.40, 481.19, 432.41, 474.83, 417.42, 474.83, 447.40, 474.83, 29.98, 12.72
1.57, 5, white car, 65.69, 432.72, 95.72, 445.69, 80.71, 439.21, 65.69, 439.21, 95.72, 439.21, 30.03, 12.98
1.57, 7, white car, 254.25, 451.15, 284.79, 464.79, 269.52, 457.97, 254.25, 457.97, 284.79, 457.97, 30.54, 13.64
1.57, 6, white car, 415.29, 468.44, 444.82, 480.99, 430.06, 474.72, 415.29, 474.72, 444.82, 474.72, 29.53, 12.55
1.60, 5, white car, 62.75, 432.45, 92.98, 445.52, 77.87, 438.98, 62.75, 438.98, 92.98, 438.98, 30.24, 13.07
1.60, 7, white car, 252.07, 450.95, 282.16, 464.40, 267.11, 457.68, 252.07, 457.68, 282.16, 457.68, 30.09, 13.44
1.60, 6, white car, 412.98, 468.20, 442.52, 480.74, 427.75, 474.47, 412.98, 474.47, 442.52, 474.47, 29.55, 12.55
1.63, 5, white car, 60.27, 432.05, 90.92, 445.30, 75.59, 438.68, 60.27, 438.68, 90.92, 438.68, 30.65, 13.25
1.63, 7, white car, 249.88, 450.62, 279.84, 463.99, 264.86, 457.30, 249.88, 457.30, 279.84, 457.30, 29.95, 13.37
1.63, 6, white car, 410.41, 468.01, 439.87, 480.52, 425.14, 474.26, 410.41, 474.26, 439.87, 474.26, 29.46, 12.52
1.67, 5, white car, 57.57, 431.66, 88.69, 445.12, 73.13, 438.39, 57.57, 438.39, 88.69, 438.39, 31.12, 13.47
1.67, 7, white car, 247.48, 450.30, 277.74, 463.83, 262.61, 457.07, 247.48, 457.07, 277.74, 457.07, 30.25, 13.53
1.67, 6, white car, 407.72, 467.70, 437.75, 480.46, 422.73, 474.08, 407.72, 474.08, 437.75, 474.08, 30.03, 12.76
1.70, 5, white car, 55.20, 431.27, 86.36, 444.79, 70.78, 438.03, 55.20, 438.03, 86.36, 438.03, 31.16, 13.53
1.70, 7, white car, 245.38, 450.03, 275.28, 463.41, 260.33, 456.72, 245.38, 456.72, 275.28, 456.72, 29.90, 13.37
1.70, 6, white car, 404.67, 467.41, 434.84, 480.21, 419.76, 473.81, 404.67, 473.81, 434.84, 473.81, 30.17, 12.80
1.73, 5, white car, 53.03, 430.89, 84.17, 444.41, 68.60, 437.65, 53.03, 437.65, 84.17, 437.65, 31.13, 13.52
1.73, 7, white car, 242.95, 449.73, 272.98, 463.19, 257.97, 456.46, 242.95, 456.46, 272.98, 456.46, 30.03, 13.46
1.73, 6, white car, 401.84, 467.19, 431.86, 479.96, 416.85, 473.57, 401.84, 473.57, 431.86, 473.57, 30.02, 12.77
1.77, 5, white car, 50.39, 430.53, 81.91, 444.23, 66.15, 437.38, 50.39, 437.38, 81.91, 437.38, 31.52, 13.70
1.77, 7, white car, 240.37, 449.32, 270.89, 463.04, 255.63, 456.18, 240.37, 456.18, 270.89, 456.18, 30.52, 13.72
1.77, 6, white car, 399.57, 467.03, 429.34, 479.71, 414.45, 473.37, 399.57, 473.37, 429.34, 473.37, 29.77, 12.68
1.80, 5, white car, 47.73, 430.29, 78.89, 443.88, 63.31, 437.09, 47.73, 437.09, 78.89, 437.09, 31.16, 13.59
1.80, 7, white car, 238.08, 449.22, 268.45, 462.91, 253.27, 456.06, 238.08, 456.06, 268.45, 456.06, 30.38, 13.69
1.80, 6, white car, 396.85, 466.61, 426.81, 479.36, 411.83, 472.99, 396.85, 472.99, 426.81, 472.99, 29.96, 12.74
1.83, 5, white car, 45.19, 429.82, 76.64, 443.56, 60.91, 436.69, 45.19, 436.69, 76.64, 436.69, 31.45, 13.74
1.83, 7, white car, 235.80, 449.07, 266.35, 462.85, 251.07, 455.96, 235.80, 455.96, 266.35, 455.96, 30.56, 13.78
1.83, 6, white car, 394.63, 466.39, 424.18, 478.98, 409.40, 472.69, 394.63, 472.69, 424.18, 472.69, 29.55, 12.59
1.87, 5, white car, 42.98, 429.63, 74.62, 443.46, 58.80, 436.55, 42.98, 436.55, 74.62, 436.55, 31.64, 13.83
1.87, 7, white car, 233.35, 448.80, 264.44, 462.85, 248.89, 455.83, 233.35, 455.83, 264.44, 455.83, 31.09, 14.05
1.87, 6, white car, 392.00, 465.98, 421.96, 478.74, 406.98, 472.36, 392.00, 472.36, 421.96, 472.36, 29.96, 12.76
1.90, 5, white car, 40.83, 429.51, 72.07, 443.17, 56.45, 436.34, 40.83, 436.34, 72.07, 436.34, 31.24, 13.66
1.90, 6, white car, 389.11, 465.66, 418.86, 478.39, 403.98, 472.03, 389.11, 472.03, 418.86, 472.03, 29.76, 12.73
1.93, 5, white car, 38.24, 429.28, 69.44, 442.93, 53.84, 436.11, 38.24, 436.11, 69.44, 436.11, 31.20, 13.65
1.93, 6, white car, 386.90, 465.46, 416.49, 478.16, 401.69, 471.81, 386.90, 471.81, 416.49, 471.81, 29.59, 12.70
1.97, 5, white car, 35.63, 428.82, 67.41, 442.76, 51.52, 435.79, 35.63, 435.79, 67.41, 435.79, 31.77, 13.94
1.97, 6, white car, 384.57, 465.27, 413.80, 477.81, 399.19, 471.54, 384.57, 471.54, 413.80, 471.54, 29.23, 12.55
2.00, 5, white car, 33.40, 428.55, 64.76, 442.35, 49.08, 435.45, 33.40, 435.45, 64.76, 435.45, 31.36, 13.80
2.00, 6, white car, 382.00, 465.00, 411.22, 477.52, 396.61, 471.26, 382.00, 471.26, 411.22, 471.26, 29.22, 12.51
2.00, 7, white car, 224.15, 447.62, 254.57, 461.44, 239.36, 454.53, 224.15, 454.53, 254.57, 454.53, 30.42, 13.82
2.03, 5, white car, 31.14, 428.37, 62.43, 442.17, 46.79, 435.27, 31.14, 435.27, 62.43, 435.27, 31.29, 13.81
2.03, 6, white car, 379.06, 464.40, 409.01, 477.22, 394.04, 470.81, 379.06, 470.81, 409.01, 470.81, 29.95, 12.83
2.03, 7, white car, 222.26, 447.61, 251.88, 461.06, 237.07, 454.34, 222.26, 454.34, 251.88, 454.34, 29.62, 13.45
2.07, 5, white car, 28.79, 427.99, 60.61, 442.06, 44.70, 435.02, 28.79, 435.02, 60.61, 435.02, 31.83, 14.07
2.07, 6, white car, 376.74, 464.08, 406.53, 476.80, 391.63, 470.44, 376.74, 470.44, 406.53, 470.44, 29.79, 12.72
2.07, 7, white car, 219.76, 447.52, 249.41, 460.98, 234.58, 454.25, 219.76, 454.25, 249.41, 454.25, 29.65, 13.47
2.10, 5, white car, 26.20, 427.99, 57.89, 442.01, 42.04, 435.00, 26.20, 435.00, 57.89, 435.00, 31.69, 14.02
2.10, 6, white car, 374.16, 463.89, 403.55, 476.43, 388.86, 470.16, 374.16, 470.16, 403.55, 470.16, 29.40, 12.54
2.10, 7, white car, 217.23, 447.31, 247.42, 461.06, 232.32, 454.19, 217.23, 454.19, 247.42, 454.19, 30.19, 13.76
2.13, 5, white car, 23.54, 427.57, 55.68, 441.81, 39.61, 434.69, 23.54, 434.69, 55.68, 434.69, 32.14, 14.24
2.13, 6, white car, 371.86, 463.75, 400.98, 476.17, 386.42, 469.96, 371.86, 469.96, 400.98, 469.96, 29.13, 12.41
2.13, 7, white car, 214.62, 447.05, 245.21, 461.02, 229.91, 454.04, 214.62, 454.04, 245.21, 454.04, 30.59, 13.98
2.17, 5, white car, 21.11, 427.23, 53.35, 441.54, 37.23, 434.39, 21.11, 434.39, 53.35, 434.39, 32.24, 14.31
2.17, 6, white car, 369.03, 463.49, 398.54, 476.01, 383.79, 469.75, 369.03, 469.75, 398.54, 469.75, 29.51, 12.52
2.17, 7, white car, 212.22, 446.62, 243.25, 460.86, 227.73, 453.74, 212.22, 453.74, 243.25, 453.74, 31.03, 14.24
2.20, 5, white car, 19.14, 427.15, 50.74, 441.18, 34.94, 434.17, 19.14, 434.17, 50.74, 434.17, 31.60, 14.03
2.20, 6, white car, 366.53, 463.33, 395.56, 475.63, 381.05, 469.48, 366.53, 469.48, 395.56, 469.48, 29.04, 12.30
2.20, 7, white car, 210.00, 446.24, 241.12, 460.59, 225.56, 453.42, 210.00, 453.42, 241.12, 453.42, 31.13, 14.35
2.23, 5, white car, 16.75, 426.78, 47.85, 440.59, 32.30, 433.69, 16.75, 433.69, 47.85, 433.69, 31.10, 13.80
2.23, 6, white car, 364.25, 463.18, 393.29, 475.44, 378.77, 469.31, 364.25, 469.31, 393.29, 469.31, 29.03, 12.26
2.23, 7, white car, 208.20, 446.26, 238.40, 460.20, 223.30, 453.23, 208.20, 453.23, 238.40, 453.23, 30.20, 13.94
2.27, 5, white car, 14.48, 426.54, 45.74, 440.43, 30.11, 433.48, 14.48, 433.48, 45.74, 433.48, 31.27, 13.89
2.27, 6, white car, 361.63, 463.19, 389.85, 475.08, 375.74, 469.13, 361.63, 469.13, 389.85, 469.13, 28.22, 11.90
2.27, 7, white car, 206.02, 446.08, 236.11, 459.95, 221.06, 453.01, 206.02, 453.01, 236.11, 453.01, 30.09, 13.87
2.30, 5, white car, 11.96, 426.47, 43.42, 440.46, 27.69, 433.46, 11.96, 433.46, 43.42, 433.46, 31.46, 13.99
2.30, 6, white car, 359.00, 463.08, 387.21, 474.94, 373.11, 469.01, 359.00, 469.01, 387.21, 469.01, 28.21, 11.86
2.30, 7, white car, 203.47, 445.73, 233.88, 459.76, 218.67, 452.74, 203.47, 452.74, 233.88, 452.74, 30.40, 14.03
2.33, 5, white car, 9.72, 426.30, 41.12, 440.28, 25.42, 433.29, 9.72, 433.29, 41.12, 433.29, 31.39, 13.98
2.33, 6, white car, 356.33, 462.82, 384.52, 474.65, 370.43, 468.73, 356.33, 468.73, 384.52, 468.73, 28.19, 11.83
2.33, 7, white car, 201.05, 445.45, 231.57, 459.56, 216.31, 452.51, 201.05, 452.51, 231.57, 452.51, 30.52, 14.11
2.37, 5, white car, 7.33, 426.12, 38.98, 440.26, 23.16, 433.19, 7.33, 433.19, 38.98, 433.19, 31.64, 14.14
2.37, 6, white car, 353.53, 462.49, 382.30, 474.54, 367.92, 468.51, 353.53, 468.51, 382.30, 468.51, 28.77, 12.05
2.37, 7, white car, 198.75, 445.22, 228.99, 459.20, 213.87, 452.21, 198.75, 452.21, 228.99, 452.21, 30.24, 13.98
2.40, 5, white car, 4.63, 425.88, 36.74, 440.26, 20.68, 433.07, 4.63, 433.07, 36.74, 433.07, 32.11, 14.38
2.40, 6, white car, 351.42, 462.26, 380.19, 474.29, 365.80, 468.27, 351.42, 468.27, 380.19, 468.27, 28.78, 12.03
2.40, 7, white car, 196.62, 445.04, 226.71, 458.95, 211.66, 451.99, 196.62, 451.99, 226.71, 451.99, 30.09, 13.91
2.43, 5, white car, 2.17, 425.47, 34.69, 440.04, 18.43, 432.76, 2.17, 432.76, 34.69, 432.76, 32.52, 14.57
2.43, 6, white car, 349.50, 462.21, 377.75, 473.99, 363.63, 468.10, 349.50, 468.10, 377.75, 468.10, 28.26, 11.78
2.43, 7, white car, 194.50, 444.95, 224.50, 458.82, 209.50, 451.88, 194.50, 451.88, 224.50, 451.88, 30.00, 13.87
2.47, 5, white car, 0.00, 424.86, 32.03, 439.39, 16.02, 432.12, 0.00, 432.12, 32.03, 432.12, 32.03, 14.53
2.47, 6, white car, 346.87, 461.86, 374.76, 473.45, 360.81, 467.65, 346.87, 467.65, 374.76, 467.65, 27.88, 11.59
2.47, 7, white car, 192.19, 444.74, 222.06, 458.52, 207.13, 451.63, 192.19, 451.63, 222.06, 451.63, 29.87, 13.78
2.50, 5, white car, 0.00, 424.38, 30.07, 438.91, 15.04, 431.65, 0.00, 431.65, 30.07, 431.65, 30.07, 14.53
2.50, 6, white car, 345.01, 461.74, 372.51, 473.16, 358.76, 467.45, 345.01, 467.45, 372.51, 467.45, 27.50, 11.42
2.50, 7, white car, 189.61, 444.28, 219.55, 458.09, 204.58, 451.19, 189.61, 451.19, 219.55, 451.19, 29.94, 13.81
2.53, 5, white car, 0.00, 423.99, 28.21, 438.42, 14.11, 431.20, 0.00, 431.20, 28.21, 431.20, 28.21, 14.44
2.53, 6, white car, 342.35, 461.40, 370.05, 472.89, 356.20, 467.14, 342.35, 467.14, 370.05, 467.14, 27.69, 11.50
2.53, 7, white car, 187.37, 444.04, 217.13, 457.73, 202.25, 450.89, 187.37, 450.89, 217.13, 450.89, 29.75, 13.69
2.57, 5, white car, 0.00, 424.06, 26.47, 438.44, 13.24, 431.25, 0.00, 431.25, 26.47, 431.25, 26.47, 14.38
2.57, 6, white car, 340.06, 461.21, 367.70, 472.69, 353.88, 466.95, 340.06, 466.95, 367.70, 466.95, 27.64, 11.47
2.57, 7, white car, 185.63, 443.93, 214.80, 457.35, 200.22, 450.64, 185.63, 450.64, 214.80, 450.64, 29.18, 13.42
2.60, 5, white car, 0.00, 424.23, 24.74, 438.38, 12.37, 431.30, 0.00, 431.30, 24.74, 431.30, 24.74, 14.16
2.60, 6, white car, 337.96, 461.10, 365.47, 472.51, 351.72, 466.80, 337.96, 466.80, 365.47, 466.80, 27.51, 11.41
2.60, 7, white car, 183.42, 443.77, 212.16, 456.96, 197.79, 450.36, 183.42, 450.36, 212.16, 450.36, 28.74, 13.19
2.63, 5, white car, 0.00, 424.31, 23.03, 438.30, 11.52, 431.31, 0.00, 431.31, 23.03, 431.31, 23.03, 13.98
2.63, 6, white car, 334.63, 460.78, 362.54, 472.37, 348.59, 466.58, 334.63, 466.58, 362.54, 466.58, 27.91, 11.59
2.63, 7, white car, 181.21, 443.55, 209.75, 456.64, 195.48, 450.09, 181.21, 450.09, 209.75, 450.09, 28.55, 13.09
2.67, 5, white car, 0.00, 424.49, 21.17, 438.09, 10.58, 431.29, 0.00, 431.29, 21.17, 431.29, 21.17, 13.60
2.67, 6, white car, 332.52, 460.59, 360.16, 472.12, 346.34, 466.35, 332.52, 466.35, 360.16, 466.35, 27.64, 11.52
2.67, 7, white car, 179.02, 443.15, 207.73, 456.32, 193.37, 449.74, 179.02, 449.74, 207.73, 449.74, 28.71, 13.17
2.70, 5, white car, 0.00, 424.43, 19.09, 437.36, 9.55, 430.90, 0.00, 430.90, 19.09, 430.90, 19.09, 12.92
2.70, 6, white car, 329.91, 460.28, 357.71, 471.90, 343.81, 466.09, 329.91, 466.09, 357.71, 466.09, 27.80, 11.61
2.70, 7, white car, 176.23, 442.72, 205.20, 456.01, 190.71, 449.36, 176.23, 449.36, 205.20, 449.36, 28.98, 13.28
2.73, 5, white car, 0.00, 424.21, 16.73, 436.67, 8.37, 430.44, 0.00, 430.44, 16.73, 430.44, 16.73, 12.47
2.73, 6, white car, 326.52, 459.85, 355.48, 471.97, 341.00, 465.91, 326.52, 465.91, 355.48, 465.91, 28.96, 12.12
2.73, 7, white car, 173.73, 442.44, 202.90, 455.80, 188.32, 449.12, 173.73, 449.12, 202.90, 449.12, 29.18, 13.36
2.77, 5, white car, 0.00, 424.13, 14.60, 436.31, 7.30, 430.22, 0.00, 430.22, 14.60, 430.22, 14.60, 12.17
2.77, 6, white car, 323.62, 459.37, 353.03, 471.71, 338.32, 465.54, 323.62, 465.54, 353.03, 465.54, 29.40, 12.34
2.77, 7, white car, 171.36, 442.34, 200.45, 455.62, 185.91, 448.98, 171.36, 448.98, 200.45, 448.98, 29.09, 13.27
2.80, 6, white car, 320.20, 458.69, 350.29, 471.34, 335.24, 465.01, 320.20, 465.01, 350.29, 465.01, 30.09, 12.65
2.80, 7, white car, 169.09, 442.14, 198.10, 455.34, 183.59, 448.74, 169.09, 448.74, 198.10, 448.74, 29.01, 13.20
2.83, 6, white car, 317.08, 458.32, 347.00, 470.93, 332.04, 464.63, 317.08, 464.63, 347.00, 464.63, 29.92, 12.62
2.83, 7, white car, 166.78, 441.85, 196.19, 455.23, 181.48, 448.54, 166.78, 448.54, 196.19, 448.54, 29.41, 13.38
2.87, 6, white car, 314.07, 457.87, 344.53, 470.72, 329.30, 464.29, 314.07, 464.29, 344.53, 464.29, 30.46, 12.85
2.87, 7, white car, 164.40, 441.64, 194.13, 455.15, 179.27, 448.40, 164.40, 448.40, 194.13, 448.40, 29.73, 13.52
2.90, 6, white car, 311.60, 457.63, 342.11, 470.52, 326.86, 464.08, 311.60, 464.08, 342.11, 464.08, 30.51, 12.89
2.90, 7, white car, 162.05, 441.35, 191.81, 454.88, 176.93, 448.11, 162.05, 448.11, 191.81, 448.11, 29.76, 13.53
2.93, 6, white car, 309.14, 457.32, 338.81, 469.92, 323.97, 463.62, 309.14, 463.62, 338.81, 463.62, 29.68, 12.60
2.93, 7, white car, 159.92, 440.95, 189.74, 454.50, 174.83, 447.73, 159.92, 447.73, 189.74, 447.73, 29.82, 13.55
2.97, 6, white car, 306.46, 456.86, 336.28, 469.56, 321.37, 463.21, 306.46, 463.21, 336.28, 463.21, 29.83, 12.70
2.97, 7, white car, 157.71, 440.84, 187.42, 454.33, 172.56, 447.59, 157.71, 447.59, 187.42, 447.59, 29.71, 13.49
3.00, 6, white car, 303.65, 456.58, 333.40, 469.30, 318.53, 462.94, 303.65, 462.94, 333.40, 462.94, 29.75, 12.71
3.00, 7, white car, 155.32, 440.58, 185.06, 454.10, 170.19, 447.34, 155.32, 447.34, 185.06, 447.34, 29.74, 13.52
3.03, 6, white car, 300.98, 456.50, 330.54, 469.16, 315.76, 462.83, 300.98, 462.83, 330.54, 462.83, 29.56, 12.66
3.03, 7, white car, 153.02, 440.31, 182.74, 453.81, 167.88, 447.06, 153.02, 447.06, 182.74, 447.06, 29.72, 13.50
3.07, 6, white car, 298.69, 456.45, 328.24, 469.17, 313.47, 462.81, 298.69, 462.81, 328.24, 462.81, 29.56, 12.71
3.07, 7, white car, 150.61, 440.19, 180.24, 453.62, 165.42, 446.91, 150.61, 446.91, 180.24, 446.91, 29.62, 13.44
3.10, 6, white car, 296.63, 456.30, 326.08, 469.01, 311.36, 462.65, 296.63, 462.65, 326.08, 462.65, 29.44, 12.71
3.10, 7, white car, 148.02, 439.89, 178.08, 453.55, 163.05, 446.72, 148.02, 446.72, 178.08, 446.72, 30.06, 13.66
3.13, 6, white car, 294.29, 456.03, 323.14, 468.52, 308.72, 462.27, 294.29, 462.27, 323.14, 462.27, 28.85, 12.49
3.13, 7, white car, 145.65, 439.56, 176.00, 453.36, 160.82, 446.46, 145.65, 446.46, 176.00, 446.46, 30.35, 13.80
3.17, 6, white car, 291.76, 455.70, 320.74, 468.22, 306.25, 461.96, 291.76, 461.96, 320.74, 461.96, 28.97, 12.52
3.17, 7, white car, 143.60, 439.34, 173.74, 453.06, 158.67, 446.20, 143.60, 446.20, 173.74, 446.20, 30.14, 13.72
3.20, 6, white car, 289.31, 455.41, 318.24, 467.90, 303.77, 461.65, 289.31, 461.65, 318.24, 461.65, 28.93, 12.50
3.20, 7, white car, 141.47, 439.12, 171.46, 452.78, 156.46, 445.95, 141.47, 445.95, 171.46, 445.95, 30.00, 13.66
3.23, 6, white car, 286.78, 455.35, 315.64, 467.82, 301.21, 461.59, 286.78, 461.59, 315.64, 461.59, 28.86, 12.47
3.23, 7, white car, 139.27, 438.69, 169.27, 452.35, 154.27, 445.52, 139.27, 445.52, 169.27, 445.52, 29.99, 13.66
3.27, 6, white car, 284.23, 455.05, 313.60, 467.71, 298.92, 461.38, 284.23, 461.38, 313.60, 461.38, 29.37, 12.66
3.27, 7, white car, 137.20, 438.51, 166.61, 451.87, 151.91, 445.19, 137.20, 445.19, 166.61, 445.19, 29.41, 13.36
3.30, 6, white car, 282.05, 454.63, 310.54, 466.89, 296.29, 460.76, 282.05, 460.76, 310.54, 460.76, 28.49, 12.26
3.30, 7, white car, 135.16, 438.44, 164.33, 451.66, 149.75, 445.05, 135.16, 445.05, 164.33, 445.05, 29.17, 13.22
3.33, 6, white car, 279.92, 454.26, 308.46, 466.53, 294.19, 460.39, 279.92, 460.39, 308.46, 460.39, 28.54, 12.27
3.33, 7, white car, 132.71, 438.11, 162.28, 451.51, 147.49, 444.81, 132.71, 444.81, 162.28, 444.81, 29.57, 13.40
3.37, 6, white car, 277.51, 453.99, 306.60, 466.45, 292.05, 460.22, 277.51, 460.22, 306.60, 460.22, 29.08, 12.46
3.37, 7, white car, 130.62, 437.90, 159.97, 451.21, 145.30, 444.55, 130.62, 444.55, 159.97, 444.55, 29.35, 13.31
3.40, 7, white car, 128.07, 437.73, 157.86, 451.22, 142.97, 444.47, 128.07, 444.47, 157.86, 444.47, 29.79, 13.49
3.43, 7, white car, 125.97, 437.53, 155.40, 450.84, 140.69, 444.19, 125.97, 444.19, 155.40, 444.19, 29.43, 13.31
3.43, 6, white car, 272.01, 453.32, 301.67, 466.01, 286.84, 459.66, 272.01, 459.66, 301.67, 459.66, 29.66, 12.69
3.47, 7, white car, 123.75, 437.24, 152.67, 450.28, 138.21, 443.76, 123.75, 443.76, 152.67, 443.76, 28.92, 13.05
3.47, 6, white car, 270.01, 453.07, 299.56, 465.67, 284.79, 459.37, 270.01, 459.37, 299.56, 459.37, 29.55, 12.60
3.50, 7, white car, 121.33, 436.94, 150.44, 450.03, 135.88, 443.48, 121.33, 443.48, 150.44, 443.48, 29.11, 13.09
3.50, 6, white car, 267.90, 452.89, 297.32, 465.40, 282.61, 459.14, 267.90, 459.14, 297.32, 459.14, 29.42, 12.52
3.53, 7, white car, 119.03, 436.75, 148.02, 449.76, 133.53, 443.26, 119.03, 443.26, 148.02, 443.26, 29.00, 13.01
3.53, 6, white car, 264.82, 452.80, 293.92, 465.13, 279.37, 458.97, 264.82, 458.97, 293.92, 458.97, 29.09, 12.33
3.57, 7, white car, 116.93, 436.77, 145.61, 449.59, 131.27, 443.18, 116.93, 443.18, 145.61, 443.18, 28.69, 12.82
3.57, 6, white car, 261.76, 452.75, 290.52, 464.95, 276.14, 458.85, 261.76, 458.85, 290.52, 458.85, 28.75, 12.20
3.60, 7, white car, 114.58, 436.65, 143.34, 449.45, 128.96, 443.05, 114.58, 443.05, 143.34, 443.05, 28.76, 12.79
3.60, 6, white car, 259.44, 452.53, 288.53, 464.90, 273.99, 458.72, 259.44, 458.72, 288.53, 458.72, 29.08, 12.37
3.63, 7, white car, 112.22, 436.45, 140.95, 449.19, 126.59, 442.82, 112.22, 442.82, 140.95, 442.82, 28.73, 12.73
3.63, 6, white car, 256.32, 452.01, 286.21, 464.74, 271.26, 458.37, 256.32, 458.37, 286.21, 458.37, 29.89, 12.73
3.63, 55, white car, 11.64, 427.20, 37.83, 439.39, 24.74, 433.30, 11.64, 433.30, 37.83, 433.30, 26.18, 12.18
3.67, 7, white car, 109.52, 436.22, 138.58, 449.10, 124.05, 442.66, 109.52, 442.66, 138.58, 442.66, 29.06, 12.87
3.67, 6, white car, 254.01, 451.64, 284.13, 464.47, 269.07, 458.06, 254.01, 458.06, 284.13, 458.06, 30.12, 12.84
3.70, 7, white car, 106.71, 435.81, 136.69, 449.10, 121.70, 442.46, 106.71, 442.46, 136.69, 442.46, 29.98, 13.29
3.70, 6, white car, 251.69, 451.20, 282.25, 464.23, 266.97, 457.71, 251.69, 457.71, 282.25, 457.71, 30.55, 13.03
3.73, 7, white car, 104.40, 435.61, 134.62, 449.03, 119.51, 442.32, 104.40, 442.32, 134.62, 442.32, 30.23, 13.42
3.73, 6, white car, 248.94, 450.76, 279.37, 463.75, 264.15, 457.25, 248.94, 457.25, 279.37, 457.25, 30.43, 12.99
3.77, 7, white car, 101.90, 435.27, 132.47, 448.89, 117.18, 442.08, 101.90, 442.08, 132.47, 442.08, 30.57, 13.62
3.77, 6, white car, 246.55, 450.32, 276.82, 463.28, 261.69, 456.80, 246.55, 456.80, 276.82, 456.80, 30.27, 12.96
3.80, 7, white car, 99.83, 435.14, 130.22, 448.68, 115.02, 441.91, 99.83, 441.91, 130.22, 441.91, 30.38, 13.54
3.80, 6, white car, 244.04, 450.02, 274.36, 463.04, 259.20, 456.53, 244.04, 456.53, 274.36, 456.53, 30.31, 13.02
3.83, 7, white car, 97.98, 434.75, 127.64, 447.92, 112.81, 441.34, 97.98, 441.34, 127.64, 441.34, 29.66, 13.17
3.83, 6, white car, 241.29, 449.66, 272.13, 462.95, 256.71, 456.30, 241.29, 456.30, 272.13, 456.30, 30.84, 13.29
3.87, 7, white car, 96.09, 434.57, 125.01, 447.36, 110.55, 440.96, 96.09, 440.96, 125.01, 440.96, 28.92, 12.79
3.90, 7, white car, 93.90, 434.48, 122.48, 447.05, 108.19, 440.76, 93.90, 440.76, 122.48, 440.76, 28.58, 12.58
3.93, 7, white car, 91.53, 434.21, 120.42, 446.86, 105.97, 440.54, 91.53, 440.54, 120.42, 440.54, 28.90, 12.65
3.97, 7, white car, 88.86, 434.01, 118.00, 446.73, 103.43, 440.37, 88.86, 440.37, 118.00, 440.37, 29.13, 12.72
4.00, 7, white car, 86.22, 433.73, 115.48, 446.49, 100.85, 440.11, 86.22, 440.11, 115.48, 440.11, 29.26, 12.76
4.03, 7, white car, 83.72, 433.29, 113.46, 446.25, 98.59, 439.77, 83.72, 439.77, 113.46, 439.77, 29.73, 12.96
4.07, 7, white car, 81.68, 433.07, 111.38, 445.98, 96.53, 439.53, 81.68, 439.53, 111.38, 439.53, 29.70, 12.90
4.10, 7, white car, 79.37, 432.90, 108.62, 445.54, 93.99, 439.22, 79.37, 439.22, 108.62, 439.22, 29.25, 12.64
4.13, 7, white car, 76.33, 432.39, 106.63, 445.47, 91.48, 438.93, 76.33, 438.93, 106.63, 438.93, 30.30, 13.08
4.13, 6, white car, 219.15, 447.71, 249.19, 460.72, 234.17, 454.21, 219.15, 454.21, 249.19, 454.21, 30.04, 13.01
4.17, 7, white car, 74.08, 432.04, 105.02, 445.39, 89.55, 438.72, 74.08, 438.72, 105.02, 438.72, 30.93, 13.35
4.17, 6, white car, 216.95, 447.58, 247.02, 460.64, 231.99, 454.11, 216.95, 454.11, 247.02, 454.11, 30.07, 13.06
4.20, 7, white car, 71.96, 431.78, 103.06, 445.22, 87.51, 438.50, 71.96, 438.50, 103.06, 438.50, 31.10, 13.44
4.20, 6, white car, 214.53, 447.28, 244.74, 460.44, 229.63, 453.86, 214.53, 453.86, 244.74, 453.86, 30.21, 13.16
4.23, 7, white car, 69.75, 431.60, 100.88, 445.08, 85.32, 438.34, 69.75, 438.34, 100.88, 438.34, 31.12, 13.48
4.23, 6, white car, 212.13, 447.08, 242.18, 460.17, 227.16, 453.62, 212.13, 453.62, 242.18, 453.62, 30.05, 13.09
4.27, 7, white car, 67.79, 431.44, 98.56, 444.78, 83.18, 438.11, 67.79, 438.11, 98.56, 438.11, 30.77, 13.34
4.27, 6, white car, 210.26, 446.88, 240.41, 459.96, 225.34, 453.42, 210.26, 453.42, 240.41, 453.42, 30.15, 13.08
4.30, 7, white car, 65.49, 431.17, 96.08, 444.42, 80.79, 437.79, 65.49, 437.79, 96.08, 437.79, 30.59, 13.25
4.30, 6, white car, 207.56, 446.57, 237.89, 459.70, 222.73, 453.14, 207.56, 453.14, 237.89, 453.14, 30.34, 13.13
4.33, 7, white car, 62.74, 430.65, 93.59, 444.02, 78.16, 437.34, 62.74, 437.34, 93.59, 437.34, 30.85, 13.37
4.33, 6, white car, 204.69, 446.35, 234.87, 459.47, 219.78, 452.91, 204.69, 452.91, 234.87, 452.91, 30.18, 13.11
4.37, 7, white car, 60.48, 430.33, 91.33, 443.67, 75.90, 437.00, 60.48, 437.00, 91.33, 437.00, 30.85, 13.35
4.37, 6, white car, 201.78, 446.01, 232.06, 459.24, 216.92, 452.63, 201.78, 452.63, 232.06, 452.63, 30.28, 13.23
4.40, 7, white car, 58.31, 430.08, 89.00, 443.34, 73.66, 436.71, 58.31, 436.71, 89.00, 436.71, 30.69, 13.27
4.40, 6, white car, 198.92, 445.58, 229.74, 459.12, 214.33, 452.35, 198.92, 452.35, 229.74, 452.35, 30.83, 13.54
4.43, 7, white car, 56.04, 429.83, 86.38, 442.94, 71.21, 436.38, 56.04, 436.38, 86.38, 436.38, 30.34, 13.11
4.43, 6, white car, 197.32, 445.36, 227.08, 458.44, 212.20, 451.90, 197.32, 451.90, 227.08, 451.90, 29.76, 13.08
4.47, 7, white car, 53.88, 429.67, 83.97, 442.68, 68.93, 436.17, 53.88, 436.17, 83.97, 436.17, 30.10, 13.01
4.47, 6, white car, 195.26, 445.17, 224.97, 458.15, 210.11, 451.66, 195.26, 451.66, 224.97, 451.66, 29.72, 12.98
4.50, 7, white car, 51.90, 429.37, 81.99, 442.40, 66.94, 435.89, 51.90, 435.89, 81.99, 435.89, 30.09, 13.03
4.50, 6, white car, 192.79, 444.88, 222.38, 457.78, 207.58, 451.33, 192.79, 451.33, 222.38, 451.33, 29.59, 12.91
4.53, 7, white car, 48.84, 428.80, 79.69, 442.23, 64.27, 435.52, 48.84, 435.52, 79.69, 435.52, 30.85, 13.43
4.53, 6, white car, 189.74, 444.54, 219.33, 457.44, 204.53, 450.99, 189.74, 450.99, 219.33, 450.99, 29.58, 12.90
4.57, 7, white car, 46.58, 428.37, 77.70, 441.95, 62.14, 435.16, 46.58, 435.16, 77.70, 435.16, 31.12, 13.58
4.57, 6, white car, 187.44, 444.29, 216.77, 457.05, 202.11, 450.67, 187.44, 450.67, 216.77, 450.67, 29.33, 12.75
4.60, 7, white car, 44.51, 428.13, 75.91, 441.82, 60.21, 434.97, 44.51, 434.97, 75.91, 434.97, 31.41, 13.69
4.60, 6, white car, 185.73, 444.30, 214.39, 456.76, 200.06, 450.53, 185.73, 450.53, 214.39, 450.53, 28.66, 12.46
4.63, 7, white car, 42.10, 428.08, 73.06, 441.58, 57.58, 434.83, 42.10, 434.83, 73.06, 434.83, 30.97, 13.50
4.63, 6, white car, 183.82, 444.17, 212.35, 456.57, 198.09, 450.37, 183.82, 450.37, 212.35, 450.37, 28.52, 12.40
4.67, 7, white car, 39.71, 427.91, 70.66, 441.41, 55.18, 434.66, 39.71, 434.66, 70.66, 434.66, 30.95, 13.50
4.67, 6, white car, 181.27, 443.80, 209.49, 456.04, 195.38, 449.92, 181.27, 449.92, 209.49, 449.92, 28.22, 12.24
4.70, 7, white car, 37.14, 427.72, 68.05, 441.23, 52.60, 434.47, 37.14, 434.47, 68.05, 434.47, 30.91, 13.51
4.70, 6, white car, 178.09, 443.38, 206.35, 455.66, 192.22, 449.52, 178.09, 449.52, 206.35, 449.52, 28.26, 12.27
4.73, 7, white car, 34.98, 427.53, 65.71, 440.98, 50.35, 434.26, 34.98, 434.26, 65.71, 434.26, 30.73, 13.46
4.73, 6, white car, 175.70, 443.11, 204.14, 455.47, 189.92, 449.29, 175.70, 449.29, 204.14, 449.29, 28.44, 12.36
4.77, 7, white car, 32.83, 427.26, 63.43, 440.69, 48.13, 433.98, 32.83, 433.98, 63.43, 433.98, 30.60, 13.43
4.77, 6, white car, 172.36, 442.71, 201.49, 455.35, 186.93, 449.03, 172.36, 449.03, 201.49, 449.03, 29.13, 12.64
4.80, 7, white car, 30.64, 427.06, 61.03, 440.41, 45.83, 433.74, 30.64, 433.74, 61.03, 433.74, 30.40, 13.35
4.80, 6, white car, 169.97, 442.55, 198.99, 455.17, 184.48, 448.86, 169.97, 448.86, 198.99, 448.86, 29.02, 12.62
4.83, 7, white car, 27.82, 426.71, 58.73, 440.30, 43.27, 433.50, 27.82, 433.50, 58.73, 433.50, 30.91, 13.59
4.83, 6, white car, 167.71, 442.26, 196.81, 454.89, 182.26, 448.57, 167.71, 448.57, 196.81, 448.57, 29.10, 12.63
4.87, 7, white car, 25.64, 426.52, 56.33, 440.01, 40.99, 433.26, 25.64, 433.26, 56.33, 433.26, 30.69, 13.50
4.87, 6, white car, 165.71, 441.94, 194.72, 454.52, 180.22, 448.23, 165.71, 448.23, 194.72, 448.23, 29.02, 12.58
4.90, 7, white car, 23.29, 426.25, 53.99, 439.74, 38.64, 433.00, 23.29, 433.00, 53.99, 433.00, 30.70, 13.49
4.90, 6, white car, 162.54, 441.75, 191.80, 454.45, 177.17, 448.10, 162.54, 448.10, 191.80, 448.10, 29.26, 12.71
4.93, 7, white car, 20.83, 425.81, 52.27, 439.69, 36.55, 432.75, 20.83, 432.75, 52.27, 432.75, 31.44, 13.87
4.93, 6, white car, 159.94, 441.53, 189.53, 454.36, 174.74, 447.95, 159.94, 447.95, 189.53, 447.95, 29.59, 12.84
4.97, 7, white car, 18.55, 425.58, 49.67, 439.33, 34.11, 432.45, 18.55, 432.45, 49.67, 432.45, 31.11, 13.75
4.97, 6, white car, 157.61, 441.17, 187.39, 454.03, 172.50, 447.60, 157.61, 447.60, 187.39, 447.60, 29.78, 12.86
5.00, 7, white car, 16.25, 425.33, 47.23, 439.05, 31.74, 432.19, 16.25, 432.19, 47.23, 432.19, 30.98, 13.72
5.00, 6, white car, 154.83, 440.98, 184.04, 453.60, 169.43, 447.29, 154.83, 447.29, 184.04, 447.29, 29.22, 12.61
5.03, 7, white car, 14.02, 425.08, 44.91, 438.80, 29.47, 431.94, 14.02, 431.94, 44.91, 431.94, 30.89, 13.72
5.03, 6, white car, 152.53, 440.71, 181.58, 453.26, 167.06, 446.99, 152.53, 446.99, 181.58, 446.99, 29.04, 12.54
5.07, 7, white car, 12.12, 424.86, 42.73, 438.48, 27.42, 431.67, 12.12, 431.67, 42.73, 431.67, 30.61, 13.62
5.07, 6, white car, 149.62, 440.44, 178.33, 452.85, 163.97, 446.64, 149.62, 446.64, 178.33, 446.64, 28.71, 12.41
5.10, 7, white car, 10.06, 424.73, 40.29, 438.20, 25.18, 431.46, 10.06, 431.46, 40.29, 431.46, 30.24, 13.47
5.10, 6, white car, 146.84, 440.14, 175.78, 452.70, 161.31, 446.42, 146.84, 446.42, 175.78, 446.42, 28.94, 12.57
5.13, 7, white car, 7.64, 424.45, 38.23, 438.11, 22.94, 431.28, 7.64, 431.28, 38.23, 431.28, 30.59, 13.66
5.13, 6, white car, 144.21, 439.82, 173.28, 452.48, 158.74, 446.15, 144.21, 446.15, 173.28, 446.15, 29.07, 12.66
5.17, 7, white car, 5.46, 424.21, 36.11, 437.93, 20.79, 431.07, 5.46, 431.07, 36.11, 431.07, 30.65, 13.72
5.17, 6, white car, 142.18, 439.45, 171.19, 452.07, 156.68, 445.76, 142.18, 445.76, 171.19, 445.76, 29.01, 12.62
5.20, 7, white car, 2.81, 423.87, 33.71, 437.71, 18.26, 430.79, 2.81, 430.79, 33.71, 430.79, 30.90, 13.84
5.20, 6, white car, 139.91, 439.10, 169.03, 451.76, 154.47, 445.43, 139.91, 445.43, 169.03, 445.43, 29.12, 12.66
5.23, 7, white car, 0.22, 423.37, 31.45, 437.41, 15.83, 430.39, 0.22, 430.39, 31.45, 430.39, 31.23, 14.04
5.23, 6, white car, 137.50, 438.88, 166.45, 451.45, 151.98, 445.16, 137.50, 445.16, 166.45, 445.16, 28.95, 12.57
5.27, 7, white car, 0.00, 422.81, 29.45, 436.73, 14.73, 429.77, 0.00, 429.77, 29.45, 429.77, 29.45, 13.92
5.27, 6, white car, 134.80, 438.66, 163.50, 451.18, 149.15, 444.92, 134.80, 444.92, 163.50, 444.92, 28.70, 12.52
5.30, 7, white car, 0.00, 422.53, 27.50, 436.04, 13.75, 429.28, 0.00, 429.28, 27.50, 429.28, 27.50, 13.51
5.30, 6, white car, 132.66, 438.43, 161.17, 450.93, 146.92, 444.68, 132.66, 444.68, 161.17, 444.68, 28.50, 12.50
5.33, 7, white car, 0.00, 422.39, 26.35, 436.03, 13.18, 429.21, 0.00, 429.21, 26.35, 429.21, 26.35, 13.64
5.33, 6, white car, 129.78, 438.07, 158.77, 450.81, 144.27, 444.44, 129.78, 444.44, 158.77, 444.44, 28.99, 12.75
5.37, 7, white car, 0.00, 421.99, 25.13, 435.98, 12.56, 428.99, 0.00, 428.99, 25.13, 428.99, 25.13, 13.99
5.37, 6, white car, 127.55, 437.90, 156.42, 450.60, 141.98, 444.25, 127.55, 444.25, 156.42, 444.25, 28.86, 12.70
5.40, 7, white car, 0.00, 422.13, 23.23, 435.99, 11.62, 429.06, 0.00, 429.06, 23.23, 429.06, 23.23, 13.85
5.40, 6, white car, 125.65, 437.63, 154.98, 450.50, 140.32, 444.07, 125.65, 444.07, 154.98, 444.07, 29.33, 12.87
5.43, 7, white car, 0.00, 422.25, 21.53, 435.89, 10.77, 429.07, 0.00, 429.07, 21.53, 429.07, 21.53, 13.64
5.43, 6, white car, 122.86, 437.29, 152.21, 450.16, 137.53, 443.72, 122.86, 443.72, 152.21, 443.72, 29.35, 12.87
5.47, 7, white car, 0.00, 422.32, 19.34, 435.53, 9.67, 428.93, 0.00, 428.93, 19.34, 428.93, 19.34, 13.21
5.47, 6, white car, 120.47, 437.16, 149.69, 450.00, 135.08, 443.58, 120.47, 443.58, 149.69, 443.58, 29.22, 12.84
5.50, 6, white car, 117.90, 436.99, 147.62, 450.06, 132.76, 443.53, 117.90, 443.53, 147.62, 443.53, 29.72, 13.08
5.53, 6, white car, 115.51, 436.50, 145.57, 449.74, 130.54, 443.12, 115.51, 443.12, 145.57, 443.12, 30.06, 13.23
5.53, 7, white car, 0.00, 421.56, 16.68, 435.32, 8.34, 428.44, 0.00, 428.44, 16.68, 428.44, 16.68, 13.76
5.57, 6, white car, 112.93, 436.05, 143.14, 449.37, 128.04, 442.71, 112.93, 442.71, 143.14, 442.71, 30.20, 13.31
5.60, 6, white car, 110.99, 435.91, 140.57, 448.91, 125.78, 442.41, 110.99, 442.41, 140.57, 442.41, 29.58, 13.00
5.63, 6, white car, 108.34, 435.73, 137.27, 448.44, 122.81, 442.09, 108.34, 442.09, 137.27, 442.09, 28.93, 12.71
5.67, 6, white car, 105.64, 435.48, 134.73, 448.28, 120.18, 441.88, 105.64, 441.88, 134.73, 441.88, 29.09, 12.80
5.70, 6, white car, 103.05, 435.35, 132.24, 448.18, 117.64, 441.76, 103.05, 441.76, 132.24, 441.76, 29.19, 12.83
5.73, 6, white car, 100.20, 435.07, 129.69, 448.00, 114.94, 441.54, 100.20, 441.54, 129.69, 441.54, 29.49, 12.93
5.77, 6, white car, 97.85, 434.75, 127.06, 447.53, 112.46, 441.14, 97.85, 441.14, 127.06, 441.14, 29.21, 12.79
5.80, 6, white car, 96.24, 434.60, 124.73, 447.00, 110.49, 440.80, 96.24, 440.80, 124.73, 440.80, 28.49, 12.40
5.83, 6, white car, 94.36, 434.47, 122.87, 446.81, 108.61, 440.64, 94.36, 440.64, 122.87, 440.64, 28.51, 12.34
5.87, 6, white car, 91.83, 434.27, 120.07, 446.47, 105.95, 440.37, 91.83, 440.37, 120.07, 440.37, 28.25, 12.20
5.90, 6, white car, 89.21, 434.00, 117.75, 446.29, 103.48, 440.14, 89.21, 440.14, 117.75, 440.14, 28.54, 12.29
5.93, 6, white car, 86.84, 433.74, 115.57, 446.06, 101.21, 439.90, 86.84, 439.90, 115.57, 439.90, 28.73, 12.32
5.97, 6, white car, 84.49, 433.42, 113.48, 445.80, 98.99, 439.61, 84.49, 439.61, 113.48, 439.61, 28.98, 12.38
5.97, 11, white car, 1015.10, 522.55, 1045.67, 535.02, 1030.39, 528.78, 1015.10, 528.78, 1045.67, 528.78, 30.57, 12.47
6.00, 6, white car, 81.90, 433.11, 111.60, 445.72, 96.75, 439.42, 81.90, 439.42, 111.60, 439.42, 29.70, 12.60
6.00, 11, white car, 1011.64, 522.16, 1042.26, 534.69, 1026.95, 528.43, 1011.64, 528.43, 1042.26, 528.43, 30.62, 12.53
6.03, 6, white car, 79.12, 432.93, 108.86, 445.55, 93.99, 439.24, 79.12, 439.24, 108.86, 439.24, 29.74, 12.62
6.03, 11, white car, 1008.15, 521.84, 1038.90, 534.47, 1023.53, 528.15, 1008.15, 528.15, 1038.90, 528.15, 30.76, 12.63
6.07, 6, white car, 76.60, 432.67, 106.85, 445.53, 91.72, 439.10, 76.60, 439.10, 106.85, 439.10, 30.25, 12.86
6.07, 11, white car, 1004.72, 521.67, 1035.61, 534.38, 1020.17, 528.03, 1004.72, 528.03, 1035.61, 528.03, 30.89, 12.71
6.10, 6, white car, 73.72, 432.08, 105.29, 445.54, 89.50, 438.81, 73.72, 438.81, 105.29, 438.81, 31.58, 13.46
6.10, 11, white car, 1001.39, 521.54, 1032.05, 534.16, 1016.72, 527.85, 1001.39, 527.85, 1032.05, 527.85, 30.66, 12.62
6.13, 6, white car, 71.20, 431.91, 102.67, 445.33, 86.94, 438.62, 71.20, 438.62, 102.67, 438.62, 31.47, 13.41
6.13, 11, white car, 998.56, 521.23, 1029.18, 533.87, 1013.87, 527.55, 998.56, 527.55, 1029.18, 527.55, 30.63, 12.64
6.17, 6, white car, 69.37, 431.81, 100.43, 445.03, 84.90, 438.42, 69.37, 438.42, 100.43, 438.42, 31.05, 13.22
6.17, 11, white car, 995.11, 520.99, 1025.82, 533.66, 1010.47, 527.32, 995.11, 527.32, 1025.82, 527.32, 30.72, 12.67
6.20, 6, white car, 66.68, 431.31, 98.03, 444.65, 82.36, 437.98, 66.68, 437.98, 98.03, 437.98, 31.36, 13.33
6.20, 11, white car, 991.59, 520.68, 1022.41, 533.37, 1007.00, 527.03, 991.59, 527.03, 1022.41, 527.03, 30.82, 12.70
6.23, 6, white car, 64.01, 431.02, 94.69, 444.10, 79.35, 437.56, 64.01, 437.56, 94.69, 437.56, 30.68, 13.08
6.23, 11, white car, 988.29, 520.15, 1019.33, 532.93, 1003.81, 526.54, 988.29, 526.54, 1019.33, 526.54, 31.04, 12.78
6.27, 6, white car, 61.25, 430.58, 92.28, 443.79, 76.76, 437.18, 61.25, 437.18, 92.28, 437.18, 31.03, 13.22
6.27, 11, white car, 985.29, 519.80, 1015.79, 532.34, 1000.54, 526.07, 985.29, 526.07, 1015.79, 526.07, 30.50, 12.54
6.30, 6, white car, 58.58, 430.27, 89.54, 443.48, 74.06, 436.87, 58.58, 436.87, 89.54, 436.87, 30.96, 13.21
6.30, 11, white car, 981.85, 519.69, 1012.55, 532.30, 997.20, 526.00, 981.85, 526.00, 1012.55, 526.00, 30.70, 12.61
6.33, 6, white car, 56.27, 429.88, 86.95, 442.95, 71.61, 436.42, 56.27, 436.42, 86.95, 436.42, 30.67, 13.07
6.33, 11, white car, 978.11, 519.58, 1008.69, 532.15, 993.40, 525.86, 978.11, 525.86, 1008.69, 525.86, 30.58, 12.57
6.37, 6, white car, 54.22, 429.51, 84.90, 442.53, 69.56, 436.02, 54.22, 436.02, 84.90, 436.02, 30.68, 13.02
6.37, 11, white car, 974.94, 519.40, 1005.37, 531.89, 990.16, 525.65, 974.94, 525.65, 1005.37, 525.65, 30.43, 12.50
6.40, 6, white car, 52.01, 429.18, 82.97, 442.33, 67.49, 435.76, 52.01, 435.76, 82.97, 435.76, 30.96, 13.15
6.40, 11, white car, 972.12, 519.35, 1001.76, 531.50, 986.94, 525.43, 972.12, 525.43, 1001.76, 525.43, 29.64, 12.14
6.43, 6, white car, 49.52, 428.89, 80.37, 442.03, 64.95, 435.46, 49.52, 435.46, 80.37, 435.46, 30.85, 13.14
6.43, 11, white car, 968.77, 519.17, 998.28, 531.22, 983.52, 525.20, 968.77, 525.20, 998.28, 525.20, 29.50, 12.05
6.47, 6, white car, 46.59, 428.39, 77.81, 441.70, 62.20, 435.05, 46.59, 435.05, 77.81, 435.05, 31.22, 13.31
6.47, 11, white car, 965.20, 518.89, 995.21, 531.13, 980.20, 525.01, 965.20, 525.01, 995.21, 525.01, 30.02, 12.24
6.50, 6, white car, 44.76, 428.05, 76.24, 441.41, 60.50, 434.73, 44.76, 434.73, 76.24, 434.73, 31.48, 13.36
6.50, 11, white car, 961.83, 518.59, 992.27, 530.96, 977.05, 524.78, 961.83, 524.78, 992.27, 524.78, 30.44, 12.37
6.53, 6, white car, 41.74, 428.03, 72.65, 441.16, 57.20, 434.59, 41.74, 434.59, 72.65, 434.59, 30.91, 13.13
6.53, 11, white car, 958.49, 518.33, 989.04, 530.71, 973.77, 524.52, 958.49, 524.52, 989.04, 524.52, 30.54, 12.39
6.57, 6, white car, 38.61, 427.81, 69.44, 440.94, 54.02, 434.38, 38.61, 434.38, 69.44, 434.38, 30.83, 13.13
6.57, 11, white car, 955.28, 518.01, 985.49, 530.24, 970.39, 524.12, 955.28, 524.12, 985.49, 524.12, 30.21, 12.24
6.60, 11, white car, 951.38, 517.71, 982.28, 530.23, 966.83, 523.97, 951.38, 523.97, 982.28, 523.97, 30.90, 12.52
6.63, 11, white car, 947.68, 517.43, 979.44, 530.34, 963.56, 523.88, 947.68, 523.88, 979.44, 523.88, 31.76, 12.91
6.67, 11, white car, 944.44, 517.15, 976.48, 530.23, 960.46, 523.69, 944.44, 523.69, 976.48, 523.69, 32.04, 13.08
6.67, 6, white car, 31.32, 426.99, 61.94, 440.06, 46.63, 433.52, 31.32, 433.52, 61.94, 433.52, 30.62, 13.07
6.70, 11, white car, 941.46, 516.99, 972.52, 529.70, 956.99, 523.34, 941.46, 523.34, 972.52, 523.34, 31.06, 12.70
6.70, 6, white car, 29.43, 426.80, 59.68, 439.73, 44.56, 433.26, 29.43, 433.26, 59.68, 433.26, 30.25, 12.92
6.73, 11, white car, 938.21, 516.82, 969.08, 529.46, 953.64, 523.14, 938.21, 523.14, 969.08, 523.14, 30.87, 12.63
6.73, 6, white car, 26.86, 426.61, 56.84, 439.41, 41.85, 433.01, 26.86, 433.01, 56.84, 433.01, 29.98, 12.80
6.77, 11, white car, 934.89, 516.56, 965.77, 529.22, 950.33, 522.89, 934.89, 522.89, 965.77, 522.89, 30.87, 12.66
6.77, 6, white car, 24.48, 426.33, 54.51, 439.14, 39.49, 432.73, 24.48, 432.73, 54.51, 432.73, 30.03, 12.81
6.80, 11, white car, 931.56, 516.17, 962.38, 528.79, 946.97, 522.48, 931.56, 522.48, 962.38, 522.48, 30.82, 12.62
6.83, 11, white car, 928.37, 516.05, 959.07, 528.62, 943.72, 522.33, 928.37, 522.33, 959.07, 522.33, 30.71, 12.58
6.87, 11, white car, 925.00, 515.84, 955.96, 528.54, 940.48, 522.19, 925.00, 522.19, 955.96, 522.19, 30.96, 12.70
6.90, 11, white car, 921.53, 515.71, 952.71, 528.53, 937.12, 522.12, 921.53, 522.12, 952.71, 522.12, 31.19, 12.82
6.90, 6, white car, 14.17, 425.13, 45.35, 438.47, 29.76, 431.80, 14.17, 431.80, 45.35, 431.80, 31.18, 13.34
6.93, 11, white car, 917.99, 515.37, 949.59, 528.40, 933.79, 521.89, 917.99, 521.89, 949.59, 521.89, 31.60, 13.03
6.93, 6, white car, 11.97, 424.77, 43.41, 438.24, 27.69, 431.51, 11.97, 431.51, 43.41, 431.51, 31.44, 13.47
6.97, 11, white car, 915.02, 515.28, 945.95, 528.05, 930.48, 521.67, 915.02, 521.67, 945.95, 521.67, 30.94, 12.77
6.97, 6, white car, 9.76, 424.59, 40.70, 437.88, 25.23, 431.24, 9.76, 431.24, 40.70, 431.24, 30.94, 13.29
7.00, 11, white car, 911.78, 515.18, 942.55, 527.87, 927.16, 521.53, 911.78, 521.53, 942.55, 521.53, 30.77, 12.69
7.00, 6, white car, 7.90, 424.54, 37.92, 437.54, 22.91, 431.04, 7.90, 431.04, 37.92, 431.04, 30.02, 13.00
7.03, 11, white car, 908.45, 514.80, 939.33, 527.56, 923.89, 521.18, 908.45, 521.18, 939.33, 521.18, 30.88, 12.76
7.07, 11, white car, 905.48, 514.68, 936.10, 527.35, 920.79, 521.01, 905.48, 521.01, 936.10, 521.01, 30.62, 12.66
7.07, 6, white car, 2.03, 423.45, 33.30, 437.03, 17.67, 430.24, 2.03, 430.24, 33.30, 430.24, 31.27, 13.58
7.10, 11, white car, 902.41, 514.40, 932.70, 526.93, 917.55, 520.67, 902.41, 520.67, 932.70, 520.67, 30.29, 12.52
7.10, 6, white car, 0.51, 423.10, 30.99, 436.41, 15.75, 429.75, 0.51, 429.75, 30.99, 429.75, 30.49, 13.31
7.13, 11, white car, 899.14, 514.21, 929.41, 526.71, 914.28, 520.46, 899.14, 520.46, 929.41, 520.46, 30.27, 12.50
7.13, 6, white car, 0.00, 422.79, 28.71, 435.79, 14.36, 429.29, 0.00, 429.29, 28.71, 429.29, 28.71, 13.00
7.17, 11, white car, 895.10, 513.53, 926.19, 526.42, 910.64, 519.97, 895.10, 519.97, 926.19, 519.97, 31.09, 12.90
7.17, 6, white car, 0.00, 422.50, 27.15, 435.53, 13.57, 429.02, 0.00, 429.02, 27.15, 429.02, 27.15, 13.03
7.20, 11, white car, 892.03, 513.18, 922.95, 526.04, 907.49, 519.61, 892.03, 519.61, 922.95, 519.61, 30.91, 12.86
7.20, 39, black car, 1413.08, 529.07, 1443.23, 543.16, 1428.15, 536.12, 1413.08, 536.12, 1443.23, 536.12, 30.15, 14.09
7.23, 11, white car, 888.97, 512.97, 919.56, 525.71, 904.27, 519.34, 888.97, 519.34, 919.56, 519.34, 30.59, 12.74
7.23, 39, black car, 1410.59, 529.01, 1440.43, 543.00, 1425.51, 536.00, 1410.59, 536.00, 1440.43, 536.00, 29.84, 13.99
7.27, 11, white car, 885.97, 512.75, 916.29, 525.38, 901.13, 519.06, 885.97, 519.06, 916.29, 519.06, 30.32, 12.62
7.27, 39, black car, 1408.76, 528.84, 1437.91, 542.55, 1423.34, 535.69, 1408.76, 535.69, 1437.91, 535.69, 29.14, 13.71
7.30, 11, white car, 882.59, 512.52, 912.98, 525.19, 897.78, 518.86, 882.59, 518.86, 912.98, 518.86, 30.39, 12.66
7.30, 39, black car, 1406.67, 528.91, 1435.62, 542.52, 1421.15, 535.71, 1406.67, 535.71, 1435.62, 535.71, 28.94, 13.62
7.33, 11, white car, 879.40, 512.49, 909.49, 525.04, 894.45, 518.77, 879.40, 518.77, 909.49, 518.77, 30.09, 12.55
7.33, 39, black car, 1404.78, 528.89, 1433.86, 542.56, 1419.32, 535.72, 1404.78, 535.72, 1433.86, 535.72, 29.07, 13.68
7.37, 11, white car, 876.16, 512.50, 906.17, 525.00, 891.17, 518.75, 876.16, 518.75, 906.17, 518.75, 30.02, 12.50
7.37, 39, black car, 1403.10, 528.82, 1432.45, 542.58, 1417.78, 535.70, 1403.10, 535.70, 1432.45, 535.70, 29.35, 13.76
7.40, 11, white car, 872.77, 512.41, 902.75, 524.88, 887.76, 518.64, 872.77, 518.64, 902.75, 518.64, 29.98, 12.47
7.40, 39, black car, 1400.91, 529.04, 1429.76, 542.54, 1415.33, 535.79, 1400.91, 535.79, 1429.76, 535.79, 28.85, 13.50
7.43, 11, white car, 869.17, 512.10, 899.47, 524.71, 884.32, 518.40, 869.17, 518.40, 899.47, 518.40, 30.30, 12.60
7.43, 39, black car, 1398.41, 529.38, 1426.51, 542.54, 1412.46, 535.96, 1398.41, 535.96, 1426.51, 535.96, 28.10, 13.16
7.47, 11, white car, 865.94, 511.83, 896.54, 524.61, 881.24, 518.22, 865.94, 518.22, 896.54, 518.22, 30.60, 12.77
7.47, 39, black car, 1395.79, 529.39, 1423.75, 542.51, 1409.77, 535.95, 1395.79, 535.95, 1423.75, 535.95, 27.96, 13.12
7.50, 11, white car, 863.04, 511.58, 893.10, 524.16, 878.07, 517.87, 863.04, 517.87, 893.10, 517.87, 30.06, 12.58
7.50, 39, black car, 1393.58, 529.21, 1421.66, 542.41, 1407.62, 535.81, 1393.58, 535.81, 1421.66, 535.81, 28.09, 13.20
7.53, 11, white car, 860.06, 511.36, 889.79, 523.80, 874.92, 517.58, 860.06, 517.58, 889.79, 517.58, 29.73, 12.44
7.53, 39, black car, 1391.10, 529.10, 1418.84, 542.13, 1404.97, 535.62, 1391.10, 535.62, 1418.84, 535.62, 27.74, 13.03
7.57, 11, white car, 856.67, 511.12, 886.21, 523.46, 871.44, 517.29, 856.67, 517.29, 886.21, 517.29, 29.54, 12.34
7.57, 39, black car, 1388.67, 528.89, 1416.42, 541.91, 1402.54, 535.40, 1388.67, 535.40, 1416.42, 535.40, 27.74, 13.01
7.60, 11, white car, 853.10, 510.82, 883.27, 523.47, 868.19, 517.14, 853.10, 517.14, 883.27, 517.14, 30.18, 12.65
7.60, 39, black car, 1386.65, 528.89, 1413.83, 541.60, 1400.24, 535.24, 1386.65, 535.24, 1413.83, 535.24, 27.18, 12.72
7.63, 11, white car, 849.98, 510.65, 879.95, 523.20, 864.96, 516.92, 849.98, 516.92, 879.95, 516.92, 29.97, 12.55
7.63, 39, black car, 1384.36, 528.82, 1411.73, 541.60, 1398.04, 535.21, 1384.36, 535.21, 1411.73, 535.21, 27.37, 12.78
7.67, 11, white car, 846.69, 510.59, 876.58, 523.09, 861.64, 516.84, 846.69, 516.84, 876.58, 516.84, 29.89, 12.50
7.67, 39, black car, 1381.97, 528.74, 1409.65, 541.61, 1395.81, 535.18, 1381.97, 535.18, 1409.65, 535.18, 27.67, 12.87
7.70, 11, white car, 843.33, 510.32, 873.33, 522.84, 858.33, 516.58, 843.33, 516.58, 873.33, 516.58, 29.99, 12.52
7.70, 39, black car, 1379.68, 528.60, 1407.70, 541.62, 1393.69, 535.11, 1379.68, 535.11, 1407.70, 535.11, 28.02, 13.02
7.73, 11, white car, 839.82, 510.15, 870.26, 522.87, 855.04, 516.51, 839.82, 516.51, 870.26, 516.51, 30.44, 12.72
7.73, 39, black car, 1376.86, 528.59, 1405.42, 541.87, 1391.14, 535.23, 1376.86, 535.23, 1405.42, 535.23, 28.56, 13.28
7.77, 11, white car, 836.73, 509.79, 867.21, 522.54, 851.97, 516.16, 836.73, 516.16, 867.21, 516.16, 30.48, 12.75
7.77, 39, black car, 1374.56, 528.45, 1403.41, 541.85, 1388.98, 535.15, 1374.56, 535.15, 1403.41, 535.15, 28.84, 13.40
7.80, 11, white car, 833.84, 509.69, 863.61, 522.10, 848.72, 515.90, 833.84, 515.90, 863.61, 515.90, 29.77, 12.41
7.80, 39, black car, 1372.41, 528.68, 1400.95, 541.94, 1386.68, 535.31, 1372.41, 535.31, 1400.95, 535.31, 28.54, 13.26
7.83, 11, white car, 830.75, 509.45, 860.44, 521.83, 845.59, 515.64, 830.75, 515.64, 860.44, 515.64, 29.69, 12.37
7.83, 39, black car, 1369.79, 528.69, 1398.42, 541.97, 1384.11, 535.33, 1369.79, 535.33, 1398.42, 535.33, 28.62, 13.28
7.87, 11, white car, 827.42, 509.48, 856.91, 521.74, 842.17, 515.61, 827.42, 515.61, 856.91, 515.61, 29.49, 12.26
7.87, 39, black car, 1367.35, 528.45, 1396.09, 541.75, 1381.72, 535.10, 1367.35, 535.10, 1396.09, 535.10, 28.74, 13.30
7.90, 11, white car, 824.06, 509.26, 853.66, 521.55, 838.86, 515.41, 824.06, 515.41, 853.66, 515.41, 29.59, 12.29
7.90, 39, black car, 1364.88, 528.01, 1394.08, 541.53, 1379.48, 534.77, 1364.88, 534.77, 1394.08, 534.77, 29.20, 13.52
7.93, 11, white car, 821.11, 509.12, 850.77, 521.42, 835.94, 515.27, 821.11, 515.27, 850.77, 515.27, 29.66, 12.30
7.93, 39, black car, 1362.83, 527.75, 1392.47, 541.48, 1377.65, 534.62, 1362.83, 534.62, 1392.47, 534.62, 29.64, 13.73
7.97, 11, white car, 817.70, 508.62, 847.41, 520.94, 832.56, 514.78, 817.70, 514.78, 847.41, 514.78, 29.72, 12.32
7.97, 39, black car, 1360.77, 527.73, 1390.13, 541.33, 1375.45, 534.53, 1360.77, 534.53, 1390.13, 534.53, 29.35, 13.60
8.00, 11, white car, 814.24, 508.06, 844.21, 520.49, 829.23, 514.27, 814.24, 514.27, 844.21, 514.27, 29.97, 12.43
8.00, 39, black car, 1358.53, 527.73, 1387.66, 541.22, 1373.09, 534.47, 1358.53, 534.47, 1387.66, 534.47, 29.12, 13.49
8.03, 11, white car, 810.96, 507.60, 841.29, 520.20, 826.13, 513.90, 810.96, 513.90, 841.29, 513.90, 30.33, 12.61
8.03, 39, black car, 1356.26, 527.56, 1385.29, 541.01, 1370.77, 534.28, 1356.26, 534.28, 1385.29, 534.28, 29.03, 13.44
8.07, 11, white car, 807.83, 507.46, 838.07, 520.04, 822.95, 513.75, 807.83, 513.75, 838.07, 513.75, 30.24, 12.57
8.07, 39, black car, 1353.89, 527.47, 1383.14, 541.01, 1368.52, 534.24, 1353.89, 534.24, 1383.14, 534.24, 29.25, 13.55
8.10, 11, white car, 804.79, 507.38, 834.59, 519.78, 819.69, 513.58, 804.79, 513.58, 834.59, 513.58, 29.80, 12.40
8.10, 39, black car, 1351.38, 527.37, 1380.91, 541.06, 1366.14, 534.22, 1351.38, 534.22, 1380.91, 534.22, 29.53, 13.69
8.13, 11, white car, 801.80, 507.20, 831.37, 519.50, 816.58, 513.35, 801.80, 513.35, 831.37, 513.35, 29.57, 12.30
8.13, 39, black car, 1349.24, 527.19, 1378.86, 540.92, 1364.05, 534.05, 1349.24, 534.05, 1378.86, 534.05, 29.62, 13.73
8.17, 11, white car, 798.91, 507.03, 828.53, 519.33, 813.72, 513.18, 798.91, 513.18, 828.53, 513.18, 29.62, 12.30
8.17, 39, black car, 1347.25, 527.11, 1377.01, 540.90, 1362.13, 534.01, 1347.25, 534.01, 1377.01, 534.01, 29.77, 13.80
8.20, 11, white car, 795.41, 506.85, 825.30, 519.28, 810.35, 513.06, 795.41, 513.06, 825.30, 513.06, 29.89, 12.43
8.20, 39, black car, 1344.76, 527.01, 1374.47, 540.75, 1359.61, 533.88, 1344.76, 533.88, 1374.47, 533.88, 29.70, 13.74
8.23, 11, white car, 791.89, 506.70, 821.98, 519.23, 806.93, 512.97, 791.89, 512.97, 821.98, 512.97, 30.09, 12.53
8.23, 39, black car, 1343.08, 526.98, 1372.65, 540.58, 1357.87, 533.78, 1343.08, 533.78, 1372.65, 533.78, 29.57, 13.60
8.27, 39, black car, 1341.14, 527.24, 1370.06, 540.50, 1355.60, 533.87, 1341.14, 533.87, 1370.06, 533.87, 28.92, 13.26
8.30, 39, black car, 1338.41, 527.27, 1366.91, 540.32, 1352.66, 533.80, 1338.41, 533.80, 1366.91, 533.80, 28.50, 13.05
8.33, 39, black car, 1335.77, 527.32, 1364.68, 540.52, 1350.22, 533.92, 1335.77, 533.92, 1364.68, 533.92, 28.91, 13.21
8.37, 39, black car, 1333.50, 527.39, 1362.65, 540.71, 1348.07, 534.05, 1333.50, 534.05, 1362.65, 534.05, 29.15, 13.31
8.40, 39, black car, 1331.33, 527.21, 1360.96, 540.70, 1346.15, 533.96, 1331.33, 533.96, 1360.96, 533.96, 29.63, 13.50
8.43, 39, black car, 1328.78, 526.91, 1358.97, 540.66, 1343.88, 533.79, 1328.78, 533.79, 1358.97, 533.79, 30.19, 13.75
8.47, 39, black car, 1326.43, 526.97, 1356.67, 540.73, 1341.55, 533.85, 1326.43, 533.85, 1356.67, 533.85, 30.24, 13.76
8.50, 39, black car, 1324.47, 526.80, 1354.56, 540.49, 1339.51, 533.64, 1324.47, 533.64, 1354.56, 533.64, 30.09, 13.69
8.50, 11, white car, 766.00, 504.25, 796.56, 516.98, 781.28, 510.62, 766.00, 510.62, 796.56, 510.62, 30.56, 12.73
8.53, 39, black car, 1322.12, 526.49, 1352.11, 540.13, 1337.12, 533.31, 1322.12, 533.31, 1352.11, 533.31, 29.99, 13.65
8.53, 11, white car, 762.87, 504.11, 793.03, 516.67, 777.95, 510.39, 762.87, 510.39, 793.03, 510.39, 30.16, 12.56
8.57, 39, black car, 1319.77, 525.94, 1350.14, 539.78, 1334.96, 532.86, 1319.77, 532.86, 1350.14, 532.86, 30.37, 13.84
8.60, 39, black car, 1317.24, 526.01, 1347.30, 539.73, 1332.27, 532.87, 1317.24, 532.87, 1347.30, 532.87, 30.06, 13.73
8.60, 11, white car, 756.68, 504.11, 786.09, 516.31, 771.38, 510.21, 756.68, 510.21, 786.09, 510.21, 29.41, 12.20
8.63, 39, black car, 1314.79, 525.89, 1344.81, 539.60, 1329.80, 532.75, 1314.79, 532.75, 1344.81, 532.75, 30.01, 13.71
8.63, 11, white car, 753.03, 503.90, 782.56, 516.09, 767.79, 510.00, 753.03, 510.00, 782.56, 510.00, 29.52, 12.19
8.67, 39, black car, 1312.69, 525.65, 1342.68, 539.38, 1327.69, 532.51, 1312.69, 532.51, 1342.68, 532.51, 29.99, 13.73
8.67, 11, white car, 750.28, 503.66, 779.77, 515.82, 765.02, 509.74, 750.28, 509.74, 779.77, 509.74, 29.49, 12.16
8.70, 39, black car, 1310.60, 525.83, 1340.55, 539.57, 1325.57, 532.70, 1310.60, 532.70, 1340.55, 532.70, 29.95, 13.74
8.70, 11, white car, 747.39, 503.32, 776.90, 515.47, 762.15, 509.39, 747.39, 509.39, 776.90, 509.39, 29.51, 12.16
8.73, 39, black car, 1308.22, 525.83, 1338.22, 539.60, 1323.22, 532.71, 1308.22, 532.71, 1338.22, 532.71, 30.00, 13.78
8.73, 11, white car, 744.46, 503.18, 773.40, 515.09, 758.93, 509.14, 744.46, 509.14, 773.40, 509.14, 28.94, 11.90
8.77, 39, black car, 1305.92, 525.32, 1336.31, 539.31, 1321.12, 532.32, 1305.92, 532.32, 1336.31, 532.32, 30.39, 13.98
8.77, 11, white car, 740.81, 502.78, 770.15, 514.83, 755.48, 508.80, 740.81, 508.80, 770.15, 508.80, 29.34, 12.05
8.80, 39, black car, 1303.71, 525.29, 1334.11, 539.31, 1318.91, 532.30, 1303.71, 532.30, 1334.11, 532.30, 30.40, 14.02
8.80, 11, white car, 737.46, 502.37, 766.86, 514.44, 752.16, 508.41, 737.46, 508.41, 766.86, 508.41, 29.40, 12.07
8.83, 39, black car, 1301.28, 525.33, 1331.29, 539.21, 1316.28, 532.27, 1301.28, 532.27, 1331.29, 532.27, 30.01, 13.88
8.83, 11, white car, 733.89, 502.00, 764.05, 514.37, 748.97, 508.18, 733.89, 508.18, 764.05, 508.18, 30.16, 12.37
8.87, 39, black car, 1298.91, 525.07, 1328.84, 538.96, 1313.87, 532.01, 1298.91, 532.01, 1328.84, 532.01, 29.93, 13.88
8.87, 11, white car, 730.98, 501.75, 760.98, 514.05, 745.98, 507.90, 730.98, 507.90, 760.98, 507.90, 30.01, 12.30
8.90, 39, black car, 1297.07, 525.33, 1326.28, 538.89, 1311.68, 532.11, 1297.07, 532.11, 1326.28, 532.11, 29.21, 13.56
8.90, 11, white car, 727.73, 501.44, 757.88, 513.82, 742.81, 507.63, 727.73, 507.63, 757.88, 507.63, 30.15, 12.38
8.93, 39, black car, 1294.73, 525.31, 1324.22, 539.02, 1309.48, 532.17, 1294.73, 532.17, 1324.22, 532.17, 29.49, 13.71
8.93, 11, white car, 724.59, 501.09, 754.48, 513.37, 739.54, 507.23, 724.59, 507.23, 754.48, 507.23, 29.89, 12.28
8.97, 39, black car, 1292.22, 524.76, 1322.35, 538.81, 1307.28, 531.78, 1292.22, 531.78, 1322.35, 531.78, 30.13, 14.05
8.97, 11, white car, 722.14, 500.88, 751.77, 513.02, 736.95, 506.95, 722.14, 506.95, 751.77, 506.95, 29.63, 12.15
9.00, 39, black car, 1290.17, 524.79, 1320.51, 538.98, 1305.34, 531.88, 1290.17, 531.88, 1320.51, 531.88, 30.34, 14.19
9.00, 54, white car, 1413.06, 526.06, 1446.46, 539.81, 1429.76, 532.93, 1413.06, 532.93, 1446.46, 532.93, 33.40, 13.75
9.00, 11, white car, 719.29, 500.66, 748.30, 512.51, 733.80, 506.59, 719.29, 506.59, 748.30, 506.59, 29.01, 11.84
9.03, 39, black car, 1287.75, 525.02, 1317.81, 539.09, 1302.78, 532.06, 1287.75, 532.06, 1317.81, 532.06, 30.07, 14.07
9.03, 54, white car, 1410.50, 526.13, 1443.81, 539.83, 1427.16, 532.98, 1410.50, 532.98, 1443.81, 532.98, 33.32, 13.70
9.03, 11, white car, 716.22, 500.43, 745.05, 512.18, 730.64, 506.30, 716.22, 506.30, 745.05, 506.30, 28.83, 11.75
9.07, 39, black car, 1285.37, 525.26, 1314.43, 538.84, 1299.90, 532.05, 1285.37, 532.05, 1314.43, 532.05, 29.06, 13.58
9.07, 54, white car, 1408.10, 526.19, 1440.87, 539.66, 1424.49, 532.93, 1408.10, 532.93, 1440.87, 532.93, 32.76, 13.47
9.07, 11, white car, 712.70, 499.87, 741.83, 511.76, 727.26, 505.82, 712.70, 505.82, 741.83, 505.82, 29.14, 11.89
9.10, 39, black car, 1283.68, 525.24, 1312.12, 538.50, 1297.90, 531.87, 1283.68, 531.87, 1312.12, 531.87, 28.44, 13.26
9.10, 54, white car, 1405.98, 526.34, 1437.84, 539.40, 1421.91, 532.87, 1405.98, 532.87, 1437.84, 532.87, 31.85, 13.06
9.10, 11, white car, 709.32, 499.42, 738.88, 511.52, 724.10, 505.47, 709.32, 505.47, 738.88, 505.47, 29.56, 12.10
9.13, 39, black car, 1281.71, 525.07, 1310.32, 538.36, 1296.01, 531.71, 1281.71, 531.71, 1310.32, 531.71, 28.61, 13.30
9.13, 54, white car, 1403.09, 526.22, 1435.16, 539.39, 1419.13, 532.80, 1403.09, 532.80, 1435.16, 532.80, 32.07, 13.17
9.13, 11, white car, 705.99, 499.24, 735.37, 511.25, 720.68, 505.25, 705.99, 505.25, 735.37, 505.25, 29.38, 12.01
9.17, 39, black car, 1279.13, 524.69, 1308.34, 538.23, 1293.74, 531.46, 1279.13, 531.46, 1308.34, 531.46, 29.21, 13.55
9.17, 54, white car, 1400.77, 526.12, 1433.39, 539.50, 1417.08, 532.81, 1400.77, 532.81, 1433.39, 532.81, 32.62, 13.37
9.17, 11, white car, 703.12, 499.11, 732.50, 511.10, 717.81, 505.11, 703.12, 505.11, 732.50, 505.11, 29.38, 11.99
9.20, 39, black car, 1276.90, 524.47, 1306.22, 538.07, 1291.56, 531.27, 1276.90, 531.27, 1306.22, 531.27, 29.32, 13.60
9.20, 54, white car, 1398.40, 525.96, 1431.78, 539.59, 1415.09, 532.78, 1398.40, 532.78, 1431.78, 532.78, 33.38, 13.63
9.20, 11, white car, 699.62, 498.56, 729.69, 510.84, 714.65, 504.70, 699.62, 504.70, 729.69, 504.70, 30.07, 12.29
9.23, 39, black car, 1274.71, 524.41, 1304.11, 538.06, 1289.41, 531.23, 1274.71, 531.23, 1304.11, 531.23, 29.41, 13.65
9.23, 54, white car, 1395.84, 526.14, 1429.53, 539.85, 1412.69, 533.00, 1395.84, 533.00, 1429.53, 533.00, 33.70, 13.72
9.23, 11, white car, 696.63, 498.37, 726.53, 510.60, 711.58, 504.48, 696.63, 504.48, 726.53, 504.48, 29.91, 12.24
9.27, 39, black car, 1271.88, 524.12, 1301.40, 537.83, 1286.64, 530.97, 1271.88, 530.97, 1301.40, 530.97, 29.53, 13.70
9.27, 54, white car, 1392.42, 526.08, 1426.10, 539.80, 1409.26, 532.94, 1392.42, 532.94, 1426.10, 532.94, 33.68, 13.72
9.27, 11, white car, 693.92, 498.25, 723.10, 510.18, 708.51, 504.22, 693.92, 504.22, 723.10, 504.22, 29.18, 11.92
9.30, 39, black car, 1269.62, 524.01, 1298.78, 537.53, 1284.20, 530.77, 1269.62, 530.77, 1298.78, 530.77, 29.16, 13.52
9.30, 54, white car, 1389.54, 525.97, 1422.92, 539.60, 1406.23, 532.79, 1389.54, 532.79, 1422.92, 532.79, 33.38, 13.62
9.30, 11, white car, 690.59, 498.05, 719.70, 509.92, 705.15, 503.99, 690.59, 503.99, 719.70, 503.99, 29.10, 11.87
9.33, 39, black car, 1267.78, 524.05, 1296.66, 537.43, 1282.22, 530.74, 1267.78, 530.74, 1296.66, 530.74, 28.88, 13.38
9.33, 54, white car, 1386.98, 525.91, 1420.67, 539.72, 1403.82, 532.81, 1386.98, 532.81, 1420.67, 532.81, 33.69, 13.81
9.33, 11, white car, 687.22, 497.61, 716.73, 509.66, 701.98, 503.64, 687.22, 503.64, 716.73, 503.64, 29.50, 12.05
9.37, 39, black car, 1265.76, 524.06, 1294.66, 537.42, 1280.21, 530.74, 1265.76, 530.74, 1294.66, 530.74, 28.90, 13.36
9.37, 54, white car, 1384.36, 525.64, 1418.47, 539.66, 1401.42, 532.65, 1384.36, 532.65, 1418.47, 532.65, 34.11, 14.02
9.37, 11, white car, 683.95, 497.23, 713.89, 509.50, 698.92, 503.36, 683.95, 503.36, 713.89, 503.36, 29.94, 12.27
9.40, 39, black car, 1263.62, 524.01, 1292.67, 537.44, 1278.14, 530.72, 1263.62, 530.72, 1292.67, 530.72, 29.05, 13.43
9.40, 54, white car, 1381.97, 525.58, 1415.97, 539.58, 1398.97, 532.58, 1381.97, 532.58, 1415.97, 532.58, 34.00, 13.99
9.40, 11, white car, 681.05, 496.88, 710.88, 509.11, 695.97, 502.99, 681.05, 502.99, 710.88, 502.99, 29.84, 12.23
9.43, 39, black car, 1261.14, 523.75, 1290.57, 537.40, 1275.85, 530.58, 1261.14, 530.58, 1290.57, 530.58, 29.43, 13.65
9.43, 54, white car, 1379.66, 525.64, 1413.35, 539.53, 1396.51, 532.59, 1379.66, 532.59, 1413.35, 532.59, 33.68, 13.89
9.43, 11, white car, 677.74, 496.74, 707.35, 508.86, 692.55, 502.80, 677.74, 502.80, 707.35, 502.80, 29.61, 12.12
9.47, 39, black car, 1258.78, 523.63, 1288.39, 537.37, 1273.58, 530.50, 1258.78, 530.50, 1288.39, 530.50, 29.61, 13.74
9.47, 54, white car, 1376.93, 525.46, 1410.65, 539.39, 1393.79, 532.42, 1376.93, 532.42, 1410.65, 532.42, 33.72, 13.93
9.47, 11, white car, 674.56, 496.48, 704.36, 508.67, 689.46, 502.58, 674.56, 502.58, 704.36, 502.58, 29.80, 12.20
9.50, 39, black car, 1256.68, 523.46, 1285.85, 536.98, 1271.26, 530.22, 1256.68, 530.22, 1285.85, 530.22, 29.17, 13.52
9.50, 54, white car, 1374.37, 525.45, 1408.21, 539.42, 1391.29, 532.43, 1374.37, 532.43, 1408.21, 532.43, 33.85, 13.97
9.50, 11, white car, 671.45, 496.15, 701.38, 508.42, 686.41, 502.28, 671.45, 502.28, 701.38, 502.28, 29.93, 12.27
9.53, 39, black car, 1254.41, 523.54, 1283.59, 537.06, 1269.00, 530.30, 1254.41, 530.30, 1283.59, 530.30, 29.17, 13.52
9.53, 54, white car, 1371.76, 525.15, 1405.85, 539.22, 1388.81, 532.18, 1371.76, 532.18, 1405.85, 532.18, 34.09, 14.07
9.53, 11, white car, 668.85, 495.84, 698.74, 508.09, 683.80, 501.96, 668.85, 501.96, 698.74, 501.96, 29.89, 12.25
9.57, 39, black car, 1251.84, 523.45, 1281.18, 537.01, 1266.51, 530.23, 1251.84, 530.23, 1281.18, 530.23, 29.34, 13.55
9.57, 54, white car, 1369.36, 525.12, 1403.47, 539.17, 1386.42, 532.15, 1369.36, 532.15, 1403.47, 532.15, 34.10, 14.05
9.57, 11, white car, 666.33, 495.59, 695.83, 507.67, 681.08, 501.63, 666.33, 501.63, 695.83, 501.63, 29.50, 12.08
9.60, 39, black car, 1249.51, 523.54, 1278.72, 537.05, 1264.11, 530.30, 1249.51, 530.30, 1278.72, 530.30, 29.21, 13.51
9.60, 54, white car, 1366.66, 525.10, 1400.91, 539.22, 1383.79, 532.16, 1366.66, 532.16, 1400.91, 532.16, 34.25, 14.12
9.60, 11, white car, 662.95, 495.31, 692.37, 507.35, 677.66, 501.33, 662.95, 501.33, 692.37, 501.33, 29.42, 12.05
9.63, 39, black car, 1247.17, 523.43, 1276.45, 537.00, 1261.81, 530.22, 1247.17, 530.22, 1276.45, 530.22, 29.28, 13.57
9.63, 54, white car, 1364.31, 524.96, 1398.51, 539.06, 1381.41, 532.01, 1364.31, 532.01, 1398.51, 532.01, 34.19, 14.10
9.63, 11, white car, 659.82, 495.15, 688.87, 507.00, 674.34, 501.08, 659.82, 501.08, 688.87, 501.08, 29.06, 11.85
9.67, 39, black car, 1244.82, 523.46, 1273.87, 536.94, 1259.34, 530.20, 1244.82, 530.20, 1273.87, 530.20, 29.05, 13.48
9.67, 54, white car, 1361.78, 524.80, 1395.84, 538.89, 1378.81, 531.84, 1361.78, 531.84, 1395.84, 531.84, 34.06, 14.10
9.67, 11, white car, 656.88, 494.74, 686.11, 506.65, 671.49, 500.70, 656.88, 500.70, 686.11, 500.70, 29.23, 11.92
9.70, 39, black car, 1242.28, 523.28, 1271.66, 536.90, 1256.97, 530.09, 1242.28, 530.09, 1271.66, 530.09, 29.38, 13.62
9.70, 54, white car, 1359.34, 524.84, 1393.64, 539.07, 1376.49, 531.95, 1359.34, 531.95, 1393.64, 531.95, 34.29, 14.22
9.70, 11, white car, 653.69, 494.31, 683.77, 506.60, 668.73, 500.46, 653.69, 500.46, 683.77, 500.46, 30.08, 12.29
9.73, 39, black car, 1240.07, 523.07, 1269.49, 536.68, 1254.78, 529.88, 1240.07, 529.88, 1269.49, 529.88, 29.43, 13.62
9.73, 54, white car, 1356.56, 524.88, 1391.01, 539.19, 1373.79, 532.04, 1356.56, 532.04, 1391.01, 532.04, 34.45, 14.31
9.73, 11, white car, 651.17, 494.18, 680.73, 506.27, 665.95, 500.22, 651.17, 500.22, 680.73, 500.22, 29.56, 12.09
9.77, 39, black car, 1238.03, 523.08, 1267.61, 536.72, 1252.82, 529.90, 1238.03, 529.90, 1267.61, 529.90, 29.58, 13.64
9.77, 54, white car, 1354.00, 524.80, 1388.48, 539.15, 1371.24, 531.97, 1354.00, 531.97, 1388.48, 531.97, 34.49, 14.35
9.77, 11, white car, 647.98, 493.90, 677.21, 505.85, 662.60, 499.88, 647.98, 499.88, 677.21, 499.88, 29.23, 11.95
9.80, 39, black car, 1235.76, 522.97, 1265.41, 536.64, 1250.59, 529.81, 1235.76, 529.81, 1265.41, 529.81, 29.65, 13.67
9.80, 54, white car, 1351.52, 524.66, 1386.45, 539.23, 1368.99, 531.94, 1351.52, 531.94, 1386.45, 531.94, 34.93, 14.57
9.80, 11, white car, 644.86, 493.58, 674.06, 505.53, 659.46, 499.55, 644.86, 499.55, 674.06, 499.55, 29.20, 11.94
9.83, 39, black car, 1233.54, 522.71, 1263.44, 536.49, 1248.49, 529.60, 1233.54, 529.60, 1263.44, 529.60, 29.90, 13.78
9.83, 54, white car, 1348.88, 524.59, 1383.74, 539.19, 1366.31, 531.89, 1348.88, 531.89, 1383.74, 531.89, 34.86, 14.60
9.83, 11, white car, 641.84, 493.31, 671.16, 505.32, 656.50, 499.31, 641.84, 499.31, 671.16, 499.31, 29.32, 12.01
9.87, 39, black car, 1231.16, 522.48, 1261.61, 536.52, 1246.38, 529.50, 1231.16, 529.50, 1261.61, 529.50, 30.45, 14.04
9.87, 54, white car, 1346.58, 524.48, 1380.92, 538.88, 1363.75, 531.68, 1346.58, 531.68, 1380.92, 531.68, 34.34, 14.40
9.87, 11, white car, 638.78, 492.88, 668.92, 505.27, 653.85, 499.07, 638.78, 499.07, 668.92, 499.07, 30.14, 12.38
9.90, 39, black car, 1228.23, 522.29, 1258.79, 536.41, 1243.51, 529.35, 1228.23, 529.35, 1258.79, 529.35, 30.55, 14.12
9.90, 54, white car, 1343.97, 524.32, 1378.01, 538.62, 1360.99, 531.47, 1343.97, 531.47, 1378.01, 531.47, 34.04, 14.30
9.90, 53, white car, 1412.90, 528.18, 1445.83, 542.66, 1429.36, 535.42, 1412.90, 535.42, 1445.83, 535.42, 32.92, 14.48
9.90, 11, white car, 635.57, 492.47, 666.32, 505.15, 650.94, 498.81, 635.57, 498.81, 666.32, 498.81, 30.74, 12.68
9.93, 39, black car, 1226.09, 522.42, 1255.85, 536.17, 1240.97, 529.30, 1226.09, 529.30, 1255.85, 529.30, 29.76, 13.75
9.93, 54, white car, 1341.77, 524.21, 1375.62, 538.46, 1358.69, 531.33, 1341.77, 531.33, 1375.62, 531.33, 33.84, 14.24
9.93, 53, white car, 1410.48, 528.17, 1442.86, 542.40, 1426.67, 535.29, 1410.48, 535.29, 1442.86, 535.29, 32.38, 14.22
9.93, 11, white car, 633.27, 492.09, 663.09, 504.42, 648.18, 498.26, 633.27, 498.26, 663.09, 498.26, 29.82, 12.33
9.97, 39, black car, 1223.91, 522.51, 1253.16, 535.99, 1238.53, 529.25, 1223.91, 529.25, 1253.16, 529.25, 29.25, 13.48
9.97, 54, white car, 1339.35, 524.13, 1373.23, 538.38, 1356.29, 531.26, 1339.35, 531.26, 1373.23, 531.26, 33.88, 14.25
9.97, 53, white car, 1408.39, 528.26, 1440.27, 542.27, 1424.33, 535.27, 1408.39, 535.27, 1440.27, 535.27, 31.88, 14.01
9.97, 11, white car, 630.67, 491.84, 660.33, 504.11, 645.50, 497.97, 630.67, 497.97, 660.33, 497.97, 29.66, 12.27
