0.00, 28, red car, 1254.52, 555.44, 1276.35, 564.57, 1265.43, 560.01, 1254.52, 560.01, 1276.35, 560.01, 21.83, 9.12
0.00, 34, black car, 1312.87, 550.41, 1342.35, 562.39, 1327.61, 556.40, 1312.87, 556.40, 1342.35, 556.40, 29.49, 11.98
0.03, 28, red car, 1252.26, 555.07, 1274.83, 564.51, 1263.54, 559.79, 1252.26, 559.79, 1274.83, 559.79, 22.56, 9.43
0.03, 34, black car, 1311.37, 550.36, 1339.47, 561.77, 1325.42, 556.06, 1311.37, 556.06, 1339.47, 556.06, 28.10, 11.41
0.07, 28, red car, 1250.11, 554.89, 1273.07, 564.49, 1261.59, 559.69, 1250.11, 559.69, 1273.07, 559.69, 22.96, 9.60
0.07, 34, black car, 1309.06, 550.30, 1337.17, 561.69, 1323.11, 555.99, 1309.06, 555.99, 1337.17, 555.99, 28.11, 11.40
0.10, 28, red car, 1247.47, 554.56, 1270.62, 564.24, 1259.04, 559.40, 1247.47, 559.40, 1270.62, 559.40, 23.15, 9.69
0.10, 34, black car, 1306.53, 550.22, 1335.26, 561.87, 1320.89, 556.05, 1306.53, 556.05, 1335.26, 556.05, 28.73, 11.64
0.13, 28, red car, 1244.89, 554.46, 1267.93, 564.12, 1256.41, 559.29, 1244.89, 559.29, 1267.93, 559.29, 23.05, 9.67
0.13, 34, black car, 1304.03, 550.18, 1333.05, 561.93, 1318.54, 556.06, 1304.03, 556.06, 1333.05, 556.06, 29.02, 11.75
0.17, 28, red car, 1242.24, 554.42, 1265.37, 564.15, 1253.81, 559.28, 1242.24, 559.28, 1265.37, 559.28, 23.13, 9.74
0.17, 34, black car, 1301.65, 550.35, 1330.46, 562.00, 1316.06, 556.17, 1301.65, 556.17, 1330.46, 556.17, 28.81, 11.65
0.20, 28, red car, 1239.58, 554.22, 1263.02, 564.12, 1251.30, 559.17, 1239.58, 559.17, 1263.02, 559.17, 23.44, 9.89
0.20, 34, black car, 1298.81, 550.29, 1327.90, 562.03, 1313.36, 556.16, 1298.81, 556.16, 1327.90, 556.16, 29.09, 11.74
0.23, 28, red car, 1237.55, 554.29, 1260.74, 564.11, 1249.14, 559.20, 1237.55, 559.20, 1260.74, 559.20, 23.19, 9.82
0.23, 34, black car, 1296.13, 550.43, 1325.06, 562.08, 1310.59, 556.25, 1296.13, 556.25, 1325.06, 556.25, 28.93, 11.65
0.27, 28, red car, 1235.27, 554.39, 1258.30, 564.14, 1246.78, 559.26, 1235.27, 559.26, 1258.30, 559.26, 23.02, 9.75
0.27, 34, black car, 1293.65, 550.47, 1322.77, 562.17, 1308.21, 556.32, 1293.65, 556.32, 1322.77, 556.32, 29.12, 11.70
0.30, 28, red car, 1232.40, 554.50, 1255.06, 564.11, 1243.73, 559.30, 1232.40, 559.30, 1255.06, 559.30, 22.66, 9.60
0.30, 34, black car, 1290.93, 550.40, 1320.60, 562.32, 1305.76, 556.36, 1290.93, 556.36, 1320.60, 556.36, 29.67, 11.91
0.33, 28, red car, 1229.88, 554.43, 1252.35, 563.98, 1241.12, 559.21, 1229.88, 559.21, 1252.35, 559.21, 22.47, 9.55
0.33, 34, black car, 1288.53, 550.53, 1318.05, 562.38, 1303.29, 556.45, 1288.53, 556.45, 1318.05, 556.45, 29.52, 11.85
0.37, 28, red car, 1227.42, 554.49, 1249.47, 563.87, 1238.45, 559.18, 1227.42, 559.18, 1249.47, 559.18, 22.05, 9.38
0.37, 34, black car, 1286.06, 550.46, 1315.89, 562.44, 1300.98, 556.45, 1286.06, 556.45, 1315.89, 556.45, 29.83, 11.98
0.40, 28, red car, 1225.00, 554.66, 1246.92, 563.98, 1235.96, 559.32, 1225.00, 559.32, 1246.92, 559.32, 21.92, 9.32
0.40, 34, black car, 1283.30, 550.23, 1313.74, 562.48, 1298.52, 556.35, 1283.30, 556.35, 1313.74, 556.35, 30.44, 12.25
0.43, 28, red car, 1222.86, 554.60, 1244.67, 563.89, 1233.76, 559.24, 1222.86, 559.24, 1244.67, 559.24, 21.81, 9.29
0.43, 34, black car, 1281.46, 550.29, 1310.62, 561.98, 1296.04, 556.14, 1281.46, 556.14, 1310.62, 556.14, 29.15, 11.69
0.47, 28, red car, 1220.60, 554.55, 1242.34, 563.82, 1231.47, 559.19, 1220.60, 559.19, 1242.34, 559.19, 21.74, 9.27
0.47, 34, black car, 1279.45, 550.39, 1308.67, 562.06, 1294.06, 556.22, 1279.45, 556.22, 1308.67, 556.22, 29.23, 11.67
0.50, 28, red car, 1217.80, 554.64, 1239.39, 563.81, 1228.59, 559.22, 1217.80, 559.22, 1239.39, 559.22, 21.59, 9.18
0.50, 34, black car, 1276.95, 550.33, 1306.68, 562.18, 1291.81, 556.25, 1276.95, 556.25, 1306.68, 556.25, 29.73, 11.85
0.53, 28, red car, 1214.96, 554.45, 1236.88, 563.82, 1225.92, 559.13, 1214.96, 559.13, 1236.88, 559.13, 21.92, 9.36
0.53, 34, black car, 1274.77, 550.42, 1304.29, 562.18, 1289.53, 556.30, 1274.77, 556.30, 1304.29, 556.30, 29.53, 11.76
0.57, 28, red car, 1212.41, 554.42, 1234.36, 563.82, 1223.39, 559.12, 1212.41, 559.12, 1234.36, 559.12, 21.95, 9.40
0.57, 34, black car, 1272.06, 550.51, 1301.37, 562.16, 1286.72, 556.34, 1272.06, 556.34, 1301.37, 556.34, 29.32, 11.65
0.60, 28, red car, 1209.79, 554.44, 1231.87, 563.91, 1220.83, 559.17, 1209.79, 559.17, 1231.87, 559.17, 22.08, 9.47
0.60, 34, black car, 1269.61, 550.66, 1299.07, 562.33, 1284.34, 556.50, 1269.61, 556.50, 1299.07, 556.50, 29.46, 11.68
0.63, 28, red car, 1207.71, 554.42, 1229.59, 563.82, 1218.65, 559.12, 1207.71, 559.12, 1229.59, 559.12, 21.89, 9.41
0.63, 34, black car, 1267.15, 550.85, 1296.49, 562.46, 1281.82, 556.66, 1267.15, 556.66, 1296.49, 556.66, 29.35, 11.61
0.63, 26, black car, 1414.02, 554.56, 1443.61, 566.71, 1428.82, 560.64, 1414.02, 560.64, 1443.61, 560.64, 29.59, 12.15
0.67, 28, red car, 1204.48, 554.27, 1226.61, 563.76, 1215.54, 559.01, 1204.48, 559.01, 1226.61, 559.01, 22.13, 9.50
0.67, 34, black car, 1264.28, 550.69, 1294.03, 562.49, 1279.16, 556.59, 1264.28, 556.59, 1294.03, 556.59, 29.74, 11.79
0.70, 28, red car, 1201.87, 553.87, 1223.91, 563.34, 1212.89, 558.61, 1201.87, 558.61, 1223.91, 558.61, 22.03, 9.47
0.70, 34, black car, 1261.55, 550.54, 1292.08, 562.69, 1276.81, 556.62, 1261.55, 556.62, 1292.08, 556.62, 30.53, 12.15
0.73, 28, red car, 1199.74, 553.81, 1221.50, 563.21, 1210.62, 558.51, 1199.74, 558.51, 1221.50, 558.51, 21.76, 9.40
0.73, 34, black car, 1259.50, 550.73, 1289.46, 562.64, 1274.48, 556.69, 1259.50, 556.69, 1289.46, 556.69, 29.95, 11.92
0.77, 28, red car, 1197.08, 553.69, 1219.34, 563.35, 1208.21, 558.52, 1197.08, 558.52, 1219.34, 558.52, 22.26, 9.66
0.77, 34, black car, 1257.07, 550.64, 1287.01, 562.55, 1272.04, 556.60, 1257.07, 556.60, 1287.01, 556.60, 29.94, 11.91
0.80, 28, red car, 1195.13, 553.68, 1217.10, 563.26, 1206.12, 558.47, 1195.13, 558.47, 1217.10, 558.47, 21.97, 9.58
0.80, 34, black car, 1254.91, 550.65, 1285.07, 562.63, 1269.99, 556.64, 1254.91, 556.64, 1285.07, 556.64, 30.15, 11.98
0.83, 28, red car, 1193.24, 553.77, 1214.54, 563.07, 1203.89, 558.42, 1193.24, 558.42, 1214.54, 558.42, 21.30, 9.30
0.83, 34, black car, 1252.70, 550.80, 1281.70, 562.28, 1267.20, 556.54, 1252.70, 556.54, 1281.70, 556.54, 29.00, 11.48
0.87, 28, red car, 1190.27, 553.73, 1211.65, 563.07, 1200.96, 558.40, 1190.27, 558.40, 1211.65, 558.40, 21.39, 9.33
0.87, 34, black car, 1250.20, 550.66, 1279.21, 562.12, 1264.71, 556.39, 1250.20, 556.39, 1279.21, 556.39, 29.01, 11.46
0.90, 28, red car, 1187.33, 553.39, 1209.17, 562.95, 1198.25, 558.17, 1187.33, 558.17, 1209.17, 558.17, 21.84, 9.56
0.90, 34, black car, 1247.59, 550.50, 1277.30, 562.24, 1262.44, 556.37, 1247.59, 556.37, 1277.30, 556.37, 29.71, 11.74
0.93, 28, red car, 1185.05, 553.58, 1206.67, 563.09, 1195.86, 558.34, 1185.05, 558.34, 1206.67, 558.34, 21.62, 9.50
0.93, 34, black car, 1245.60, 550.49, 1275.11, 562.15, 1260.35, 556.32, 1245.60, 556.32, 1275.11, 556.32, 29.50, 11.66
0.93, 26, black car, 1391.38, 555.04, 1420.66, 567.05, 1406.02, 561.05, 1391.38, 561.05, 1420.66, 561.05, 29.27, 12.00
0.97, 28, red car, 1182.41, 553.63, 1204.20, 563.24, 1193.30, 558.43, 1182.41, 558.43, 1204.20, 558.43, 21.79, 9.61
0.97, 34, black car, 1243.23, 550.24, 1272.68, 561.90, 1257.96, 556.07, 1243.23, 556.07, 1272.68, 556.07, 29.44, 11.67
1.00, 28, red car, 1180.37, 553.58, 1201.62, 562.99, 1190.99, 558.28, 1180.37, 558.28, 1201.62, 558.28, 21.26, 9.41
1.00, 34, black car, 1240.64, 550.25, 1270.49, 562.09, 1255.57, 556.17, 1240.64, 556.17, 1270.49, 556.17, 29.85, 11.84
1.00, 26, black car, 1386.04, 554.92, 1415.73, 567.13, 1400.89, 561.02, 1386.04, 561.02, 1415.73, 561.02, 29.69, 12.21
1.03, 28, red car, 1178.45, 553.57, 1199.25, 562.78, 1188.85, 558.18, 1178.45, 558.18, 1199.25, 558.18, 20.80, 9.21
1.03, 34, black car, 1238.31, 550.45, 1267.82, 562.18, 1253.07, 556.31, 1238.31, 556.31, 1267.82, 556.31, 29.51, 11.73
1.07, 28, red car, 1175.48, 553.26, 1196.63, 562.58, 1186.05, 557.92, 1175.48, 557.92, 1196.63, 557.92, 21.14, 9.33
1.07, 34, black car, 1235.90, 550.34, 1265.31, 562.04, 1250.61, 556.19, 1235.90, 556.19, 1265.31, 556.19, 29.41, 11.70
1.10, 28, red car, 1172.60, 552.97, 1194.12, 562.49, 1183.36, 557.73, 1172.60, 557.73, 1194.12, 557.73, 21.53, 9.52
1.10, 34, black car, 1233.30, 549.97, 1263.47, 562.00, 1248.39, 555.98, 1233.30, 555.98, 1263.47, 555.98, 30.17, 12.03
1.10, 26, black car, 1378.45, 554.81, 1408.23, 567.04, 1393.34, 560.93, 1378.45, 560.93, 1408.23, 560.93, 29.78, 12.23
1.13, 28, red car, 1170.44, 553.04, 1192.07, 562.62, 1181.26, 557.83, 1170.44, 557.83, 1192.07, 557.83, 21.63, 9.58
1.13, 34, black car, 1231.31, 550.07, 1261.25, 562.04, 1246.28, 556.06, 1231.31, 556.06, 1261.25, 556.06, 29.94, 11.97
1.17, 28, red car, 1168.12, 553.10, 1189.57, 562.63, 1178.85, 557.87, 1168.12, 557.87, 1189.57, 557.87, 21.44, 9.53
1.17, 34, black car, 1229.18, 550.06, 1258.94, 561.98, 1244.06, 556.02, 1229.18, 556.02, 1258.94, 556.02, 29.75, 11.91
1.20, 28, red car, 1165.85, 553.16, 1187.01, 562.59, 1176.43, 557.87, 1165.85, 557.87, 1187.01, 557.87, 21.16, 9.43
1.20, 34, black car, 1227.07, 549.99, 1256.09, 561.55, 1241.58, 555.77, 1227.07, 555.77, 1256.09, 555.77, 29.02, 11.56
1.23, 28, red car, 1163.15, 553.04, 1184.14, 562.42, 1173.64, 557.73, 1163.15, 557.73, 1184.14, 557.73, 20.99, 9.38
1.23, 34, black car, 1224.85, 550.22, 1253.09, 561.43, 1238.97, 555.83, 1224.85, 555.83, 1253.09, 555.83, 28.24, 11.21
1.27, 28, red car, 1159.98, 552.49, 1181.82, 562.29, 1170.90, 557.39, 1159.98, 557.39, 1181.82, 557.39, 21.84, 9.79
1.27, 34, black car, 1222.56, 550.23, 1250.83, 561.44, 1236.70, 555.83, 1222.56, 555.83, 1250.83, 555.83, 28.27, 11.22
1.30, 28, red car, 1157.52, 552.32, 1179.34, 562.16, 1168.43, 557.24, 1157.52, 557.24, 1179.34, 557.24, 21.82, 9.84
1.30, 34, black car, 1220.06, 550.01, 1248.76, 561.40, 1234.41, 555.71, 1220.06, 555.71, 1248.76, 555.71, 28.70, 11.39
1.33, 28, red car, 1155.24, 552.39, 1177.00, 562.21, 1166.12, 557.30, 1155.24, 557.30, 1177.00, 557.30, 21.76, 9.82
1.33, 34, black car, 1218.01, 550.16, 1246.42, 561.44, 1232.21, 555.80, 1218.01, 555.80, 1246.42, 555.80, 28.41, 11.29
1.37, 28, red car, 1153.00, 552.50, 1174.54, 562.23, 1163.77, 557.37, 1153.00, 557.37, 1174.54, 557.37, 21.53, 9.74
1.37, 34, black car, 1216.04, 550.19, 1244.17, 561.35, 1230.10, 555.77, 1216.04, 555.77, 1244.17, 555.77, 28.12, 11.16
1.40, 28, red car, 1150.67, 552.58, 1171.91, 562.17, 1161.29, 557.37, 1150.67, 557.37, 1171.91, 557.37, 21.25, 9.59
1.40, 34, black car, 1213.68, 550.09, 1241.94, 561.29, 1227.81, 555.69, 1213.68, 555.69, 1241.94, 555.69, 28.26, 11.20
1.40, 26, black car, 1355.12, 554.95, 1386.34, 567.91, 1370.73, 561.43, 1355.12, 561.43, 1386.34, 561.43, 31.22, 12.96
1.43, 28, red car, 1148.16, 552.50, 1169.38, 562.09, 1158.77, 557.30, 1148.16, 557.30, 1169.38, 557.30, 21.22, 9.59
1.43, 34, black car, 1211.07, 550.33, 1239.42, 561.56, 1225.24, 555.95, 1211.07, 555.95, 1239.42, 555.95, 28.35, 11.23
1.47, 28, red car, 1144.95, 552.11, 1167.06, 562.14, 1156.01, 557.13, 1144.95, 557.13, 1167.06, 557.13, 22.11, 10.02
1.47, 34, black car, 1208.26, 550.18, 1237.12, 561.62, 1222.69, 555.90, 1208.26, 555.90, 1237.12, 555.90, 28.86, 11.44
1.50, 28, red car, 1142.63, 552.09, 1164.72, 562.12, 1153.67, 557.10, 1142.63, 557.10, 1164.72, 557.10, 22.10, 10.03
1.50, 34, black car, 1205.02, 549.72, 1235.10, 561.66, 1220.06, 555.69, 1205.02, 555.69, 1235.10, 555.69, 30.08, 11.94
1.53, 28, red car, 1140.31, 552.37, 1162.13, 562.25, 1151.22, 557.31, 1140.31, 557.31, 1162.13, 557.31, 21.82, 9.88
1.53, 34, black car, 1202.65, 549.78, 1232.65, 561.70, 1217.65, 555.74, 1202.65, 555.74, 1232.65, 555.74, 30.00, 11.92
1.57, 28, red car, 1137.54, 552.15, 1159.76, 562.21, 1148.65, 557.18, 1137.54, 557.18, 1159.76, 557.18, 22.22, 10.07
1.57, 34, black car, 1200.51, 549.64, 1230.45, 561.55, 1215.48, 555.60, 1200.51, 555.60, 1230.45, 555.60, 29.93, 11.90
1.57, 26, black car, 1343.04, 555.06, 1373.83, 567.85, 1358.44, 561.46, 1343.04, 561.46, 1373.83, 561.46, 30.80, 12.80
1.60, 28, red car, 1134.81, 552.09, 1157.02, 562.18, 1145.92, 557.13, 1134.81, 557.13, 1157.02, 557.13, 22.21, 10.09
1.60, 34, black car, 1198.59, 549.30, 1228.47, 561.15, 1213.53, 555.22, 1198.59, 555.22, 1228.47, 555.22, 29.88, 11.85
1.63, 28, red car, 1132.32, 551.90, 1154.86, 562.20, 1143.59, 557.05, 1132.32, 557.05, 1154.86, 557.05, 22.55, 10.30
1.63, 34, black car, 1196.23, 549.58, 1225.82, 561.29, 1211.03, 555.44, 1196.23, 555.44, 1225.82, 555.44, 29.59, 11.71
1.67, 28, red car, 1129.57, 551.73, 1152.34, 562.20, 1140.95, 556.97, 1129.57, 556.97, 1152.34, 556.97, 22.77, 10.47
1.67, 34, black car, 1193.93, 549.59, 1223.36, 561.24, 1208.65, 555.41, 1193.93, 555.41, 1223.36, 555.41, 29.43, 11.65
1.67, 26, black car, 1335.86, 554.83, 1366.25, 567.44, 1351.06, 561.13, 1335.86, 561.13, 1366.25, 561.13, 30.39, 12.61
1.70, 28, red car, 1127.14, 551.75, 1149.58, 562.10, 1138.36, 556.93, 1127.14, 556.93, 1149.58, 556.93, 22.44, 10.35
1.70, 34, black car, 1191.43, 549.47, 1221.17, 561.29, 1206.30, 555.38, 1191.43, 555.38, 1221.17, 555.38, 29.74, 11.82
1.73, 28, red car, 1124.81, 551.64, 1147.28, 562.04, 1136.05, 556.84, 1124.81, 556.84, 1147.28, 556.84, 22.47, 10.40
1.73, 34, black car, 1189.28, 549.59, 1219.03, 561.43, 1204.15, 555.51, 1189.28, 555.51, 1219.03, 555.51, 29.75, 11.84
1.77, 34, black car, 1187.14, 549.46, 1216.93, 561.35, 1202.04, 555.41, 1187.14, 555.41, 1216.93, 555.41, 29.79, 11.89
1.80, 34, black car, 1184.93, 549.44, 1214.83, 561.39, 1199.88, 555.42, 1184.93, 555.42, 1214.83, 555.42, 29.91, 11.95
1.83, 34, black car, 1182.82, 549.58, 1212.86, 561.59, 1197.84, 555.58, 1182.82, 555.58, 1212.86, 555.58, 30.04, 12.01
1.87, 34, black car, 1180.56, 549.63, 1210.37, 561.54, 1195.46, 555.59, 1180.56, 555.59, 1210.37, 555.59, 29.81, 11.91
1.90, 34, black car, 1178.04, 549.65, 1207.44, 561.41, 1192.74, 555.53, 1178.04, 555.53, 1207.44, 555.53, 29.41, 11.76
1.93, 34, black car, 1175.83, 549.98, 1204.78, 561.55, 1190.30, 555.76, 1175.83, 555.76, 1204.78, 555.76, 28.95, 11.57
1.93, 28, red car, 1110.76, 551.08, 1132.32, 561.04, 1121.54, 556.06, 1110.76, 556.06, 1132.32, 556.06, 21.55, 9.96
1.97, 34, black car, 1173.52, 549.85, 1202.33, 561.35, 1187.92, 555.60, 1173.52, 555.60, 1202.33, 555.60, 28.81, 11.50
1.97, 28, red car, 1108.35, 550.99, 1130.02, 561.04, 1119.19, 556.01, 1108.35, 556.01, 1130.02, 556.01, 21.67, 10.05
2.00, 34, black car, 1171.01, 549.60, 1199.45, 560.93, 1185.23, 555.26, 1171.01, 555.26, 1199.45, 555.26, 28.43, 11.33
2.00, 28, red car, 1105.49, 550.93, 1127.50, 561.16, 1116.49, 556.04, 1105.49, 556.04, 1127.50, 556.04, 22.01, 10.23
2.03, 34, black car, 1168.84, 549.53, 1197.42, 560.88, 1183.13, 555.21, 1168.84, 555.21, 1197.42, 555.21, 28.59, 11.36
2.03, 28, red car, 1102.69, 550.88, 1124.88, 561.28, 1113.78, 556.08, 1102.69, 556.08, 1124.88, 556.08, 22.19, 10.40
2.07, 34, black car, 1166.72, 549.46, 1195.62, 560.91, 1181.17, 555.19, 1166.72, 555.19, 1195.62, 555.19, 28.89, 11.45
2.07, 28, red car, 1100.20, 550.92, 1122.25, 561.29, 1111.23, 556.11, 1100.20, 556.11, 1122.25, 556.11, 22.05, 10.37
2.10, 34, black car, 1164.19, 549.27, 1193.72, 561.00, 1178.96, 555.14, 1164.19, 555.14, 1193.72, 555.14, 29.53, 11.73
2.10, 28, red car, 1097.69, 550.74, 1119.87, 561.16, 1108.78, 555.95, 1097.69, 555.95, 1119.87, 555.95, 22.17, 10.42
2.13, 34, black car, 1161.67, 549.13, 1191.58, 561.09, 1176.63, 555.11, 1161.67, 555.11, 1191.58, 555.11, 29.90, 11.95
2.13, 28, red car, 1095.41, 550.66, 1117.58, 561.09, 1106.50, 555.88, 1095.41, 555.88, 1117.58, 555.88, 22.17, 10.42
2.17, 34, black car, 1159.48, 548.92, 1189.39, 560.95, 1174.44, 554.94, 1159.48, 554.94, 1189.39, 554.94, 29.91, 12.02
2.17, 26, black car, 1299.27, 554.72, 1330.23, 567.56, 1314.75, 561.14, 1299.27, 561.14, 1330.23, 561.14, 30.96, 12.84
2.20, 34, black car, 1157.78, 548.99, 1187.16, 560.83, 1172.47, 554.91, 1157.78, 554.91, 1187.16, 554.91, 29.38, 11.85
2.23, 34, black car, 1155.31, 548.97, 1184.53, 560.75, 1169.92, 554.86, 1155.31, 554.86, 1184.53, 554.86, 29.22, 11.78
2.27, 34, black car, 1152.98, 548.96, 1182.33, 560.81, 1167.65, 554.89, 1152.98, 554.89, 1182.33, 554.89, 29.35, 11.85
2.30, 34, black car, 1150.66, 548.93, 1179.86, 560.75, 1165.26, 554.84, 1150.66, 554.84, 1179.86, 554.84, 29.20, 11.81
2.30, 28, red car, 1082.90, 550.07, 1105.12, 560.46, 1094.01, 555.26, 1082.90, 555.26, 1105.12, 555.26, 22.21, 10.39
2.33, 34, black car, 1148.51, 548.89, 1177.86, 560.78, 1163.19, 554.84, 1148.51, 554.84, 1177.86, 554.84, 29.35, 11.89
2.33, 28, red car, 1080.20, 549.83, 1103.03, 560.56, 1091.61, 555.20, 1080.20, 555.20, 1103.03, 555.20, 22.84, 10.73
2.37, 34, black car, 1146.19, 548.75, 1175.74, 560.73, 1160.96, 554.74, 1146.19, 554.74, 1175.74, 554.74, 29.56, 11.98
2.37, 28, red car, 1077.44, 549.84, 1100.03, 560.50, 1088.73, 555.17, 1077.44, 555.17, 1100.03, 555.17, 22.59, 10.66
2.40, 34, black car, 1143.97, 548.66, 1173.76, 560.74, 1158.87, 554.70, 1143.97, 554.70, 1173.76, 554.70, 29.79, 12.07
2.40, 28, red car, 1075.19, 549.78, 1097.52, 560.38, 1086.35, 555.08, 1075.19, 555.08, 1097.52, 555.08, 22.34, 10.60
2.43, 34, black car, 1141.90, 548.74, 1171.44, 560.69, 1156.67, 554.71, 1141.90, 554.71, 1171.44, 554.71, 29.54, 11.95
2.43, 28, red car, 1073.02, 549.94, 1095.25, 560.57, 1084.14, 555.25, 1073.02, 555.25, 1095.25, 555.25, 22.22, 10.63
2.47, 34, black car, 1139.26, 548.91, 1168.51, 560.74, 1153.88, 554.82, 1139.26, 554.82, 1168.51, 554.82, 29.25, 11.82
2.47, 28, red car, 1069.92, 549.81, 1092.28, 560.48, 1081.10, 555.14, 1069.92, 555.14, 1092.28, 555.14, 22.36, 10.68
2.50, 34, black car, 1137.00, 548.93, 1166.09, 560.70, 1151.55, 554.82, 1137.00, 554.82, 1166.09, 554.82, 29.09, 11.77
2.50, 28, red car, 1068.06, 549.55, 1090.23, 560.11, 1079.14, 554.83, 1068.06, 554.83, 1090.23, 554.83, 22.17, 10.56
2.53, 34, black car, 1134.87, 548.91, 1163.79, 560.66, 1149.33, 554.78, 1134.87, 554.78, 1163.79, 554.78, 28.91, 11.74
2.53, 28, red car, 1066.04, 549.23, 1088.02, 559.66, 1077.03, 554.45, 1066.04, 554.45, 1088.02, 554.45, 21.98, 10.43
2.57, 34, black car, 1132.98, 548.80, 1161.73, 560.52, 1147.35, 554.66, 1132.98, 554.66, 1161.73, 554.66, 28.74, 11.72
2.57, 26, black car, 1270.71, 554.73, 1300.55, 566.95, 1285.63, 560.84, 1270.71, 560.84, 1300.55, 560.84, 29.84, 12.22
2.60, 34, black car, 1130.74, 548.56, 1159.28, 560.20, 1145.01, 554.38, 1130.74, 554.38, 1159.28, 554.38, 28.54, 11.65
2.63, 34, black car, 1128.31, 548.50, 1157.28, 560.34, 1142.79, 554.42, 1128.31, 554.42, 1157.28, 554.42, 28.97, 11.83
2.67, 34, black car, 1125.85, 548.52, 1155.04, 560.42, 1140.45, 554.47, 1125.85, 554.47, 1155.04, 554.47, 29.20, 11.90
2.67, 28, red car, 1056.32, 548.82, 1078.06, 559.05, 1067.19, 553.94, 1056.32, 553.94, 1078.06, 553.94, 21.74, 10.23
2.70, 34, black car, 1123.59, 548.48, 1152.83, 560.39, 1138.21, 554.44, 1123.59, 554.44, 1152.83, 554.44, 29.24, 11.91
2.70, 28, red car, 1053.91, 548.81, 1075.59, 558.93, 1064.75, 553.87, 1053.91, 553.87, 1075.59, 553.87, 21.67, 10.12
2.73, 34, black car, 1120.97, 548.54, 1150.30, 560.52, 1135.64, 554.53, 1120.97, 554.53, 1150.30, 554.53, 29.33, 11.97
2.73, 28, red car, 1051.33, 548.62, 1073.38, 558.87, 1062.35, 553.74, 1051.33, 553.74, 1073.38, 553.74, 22.05, 10.25
2.77, 34, black car, 1118.71, 548.62, 1147.87, 560.51, 1133.29, 554.57, 1118.71, 554.57, 1147.87, 554.57, 29.16, 11.89
2.77, 28, red car, 1048.88, 548.60, 1070.91, 558.81, 1059.90, 553.71, 1048.88, 553.71, 1070.91, 553.71, 22.03, 10.21
2.80, 34, black car, 1116.70, 548.82, 1145.62, 560.59, 1131.16, 554.70, 1116.70, 554.70, 1145.62, 554.70, 28.92, 11.76
2.80, 28, red car, 1047.05, 548.68, 1068.84, 558.83, 1057.95, 553.76, 1047.05, 553.76, 1068.84, 553.76, 21.79, 10.15
2.80, 26, black car, 1254.38, 554.31, 1284.40, 566.47, 1269.39, 560.39, 1254.38, 560.39, 1284.40, 560.39, 30.02, 12.16
2.83, 34, black car, 1114.38, 548.44, 1143.34, 560.19, 1128.86, 554.32, 1114.38, 554.32, 1143.34, 554.32, 28.96, 11.75
2.83, 28, red car, 1044.20, 548.81, 1065.77, 558.86, 1054.99, 553.83, 1044.20, 553.83, 1065.77, 553.83, 21.57, 10.05
2.83, 26, black car, 1251.65, 554.21, 1281.63, 566.31, 1266.64, 560.26, 1251.65, 560.26, 1281.63, 560.26, 29.98, 12.10
2.87, 34, black car, 1112.05, 548.21, 1141.27, 560.06, 1126.66, 554.13, 1112.05, 554.13, 1141.27, 554.13, 29.22, 11.85
2.87, 28, red car, 1041.38, 548.69, 1063.43, 558.93, 1052.40, 553.81, 1041.38, 553.81, 1063.43, 553.81, 22.05, 10.24
2.90, 34, black car, 1110.00, 548.17, 1139.11, 560.01, 1124.56, 554.09, 1110.00, 554.09, 1139.11, 554.09, 29.11, 11.84
2.90, 28, red car, 1038.98, 548.64, 1061.14, 558.89, 1050.06, 553.76, 1038.98, 553.76, 1061.14, 553.76, 22.16, 10.25
2.93, 34, black car, 1107.83, 548.12, 1136.70, 559.92, 1122.26, 554.02, 1107.83, 554.02, 1136.70, 554.02, 28.87, 11.80
2.97, 34, black car, 1105.50, 547.93, 1134.40, 559.78, 1119.95, 553.85, 1105.50, 553.85, 1134.40, 553.85, 28.90, 11.85
3.00, 34, black car, 1103.20, 547.64, 1132.48, 559.66, 1117.84, 553.65, 1103.20, 553.65, 1132.48, 553.65, 29.28, 12.02
3.03, 34, black car, 1100.91, 547.60, 1130.40, 559.73, 1115.66, 553.66, 1100.91, 553.66, 1130.40, 553.66, 29.49, 12.13
3.07, 34, black car, 1098.97, 547.80, 1128.61, 559.99, 1113.79, 553.90, 1098.97, 553.90, 1128.61, 553.90, 29.64, 12.19
3.10, 34, black car, 1096.26, 547.76, 1125.84, 559.93, 1111.05, 553.85, 1096.26, 553.85, 1125.84, 553.85, 29.58, 12.16
3.10, 28, red car, 1024.15, 547.82, 1046.88, 558.37, 1035.52, 553.10, 1024.15, 553.10, 1046.88, 553.10, 22.72, 10.55
3.13, 34, black car, 1094.03, 547.86, 1122.88, 559.74, 1108.46, 553.80, 1094.03, 553.80, 1122.88, 553.80, 28.85, 11.88
3.13, 28, red car, 1021.85, 547.83, 1044.17, 558.24, 1033.01, 553.04, 1021.85, 553.04, 1044.17, 553.04, 22.32, 10.41
3.17, 34, black car, 1092.10, 548.04, 1120.75, 559.84, 1106.43, 553.94, 1092.10, 553.94, 1120.75, 553.94, 28.66, 11.80
3.17, 28, red car, 1019.38, 547.68, 1041.61, 558.12, 1030.49, 552.90, 1019.38, 552.90, 1041.61, 552.90, 22.22, 10.44
3.20, 34, black car, 1089.89, 548.19, 1118.20, 559.83, 1104.04, 554.01, 1089.89, 554.01, 1118.20, 554.01, 28.31, 11.64
3.23, 34, black car, 1087.58, 547.91, 1116.47, 559.79, 1102.02, 553.85, 1087.58, 553.85, 1116.47, 553.85, 28.89, 11.88
3.27, 34, black car, 1085.02, 547.79, 1114.59, 560.01, 1099.80, 553.90, 1085.02, 553.90, 1114.59, 553.90, 29.57, 12.22
3.30, 34, black car, 1082.42, 547.66, 1112.01, 559.93, 1097.21, 553.80, 1082.42, 553.80, 1112.01, 553.80, 29.59, 12.27
3.33, 34, black car, 1080.41, 547.47, 1109.55, 559.57, 1094.98, 553.52, 1080.41, 553.52, 1109.55, 553.52, 29.14, 12.10
3.37, 34, black car, 1078.20, 547.49, 1107.29, 559.61, 1092.75, 553.55, 1078.20, 553.55, 1107.29, 553.55, 29.09, 12.12
3.40, 34, black car, 1076.09, 547.59, 1104.82, 559.60, 1090.45, 553.59, 1076.09, 553.59, 1104.82, 553.59, 28.72, 12.01
3.43, 34, black car, 1073.94, 547.50, 1102.47, 559.45, 1088.21, 553.47, 1073.94, 553.47, 1102.47, 553.47, 28.53, 11.95
3.47, 34, black car, 1071.13, 547.38, 1100.11, 559.49, 1085.62, 553.43, 1071.13, 553.43, 1100.11, 553.43, 28.98, 12.11
3.50, 34, black car, 1068.41, 547.30, 1097.24, 559.30, 1082.83, 553.30, 1068.41, 553.30, 1097.24, 553.30, 28.83, 12.00
3.50, 28, red car, 994.82, 547.18, 1016.40, 557.34, 1005.61, 552.26, 994.82, 552.26, 1016.40, 552.26, 21.58, 10.16
3.53, 34, black car, 1066.25, 547.19, 1094.84, 559.04, 1080.54, 553.11, 1066.25, 553.11, 1094.84, 553.11, 28.59, 11.85
3.53, 28, red car, 992.33, 547.10, 1013.90, 557.33, 1003.12, 552.21, 992.33, 552.21, 1013.90, 552.21, 21.56, 10.22
3.57, 34, black car, 1063.75, 546.70, 1093.17, 558.90, 1078.46, 552.80, 1063.75, 552.80, 1093.17, 552.80, 29.42, 12.20
3.57, 28, red car, 990.02, 547.08, 1011.67, 557.47, 1000.85, 552.27, 990.02, 552.27, 1011.67, 552.27, 21.65, 10.38
3.60, 34, black car, 1061.66, 546.60, 1090.98, 558.73, 1076.32, 552.67, 1061.66, 552.67, 1090.98, 552.67, 29.31, 12.13
3.63, 34, black car, 1059.74, 546.33, 1089.16, 558.49, 1074.45, 552.41, 1059.74, 552.41, 1089.16, 552.41, 29.42, 12.16
3.67, 34, black car, 1057.62, 546.53, 1087.35, 558.79, 1072.48, 552.66, 1057.62, 552.66, 1087.35, 552.66, 29.73, 12.26
3.67, 28, red car, 982.00, 546.22, 1003.84, 556.76, 992.92, 551.49, 982.00, 551.49, 1003.84, 551.49, 21.84, 10.54
3.70, 34, black car, 1055.51, 546.73, 1085.08, 558.90, 1070.30, 552.82, 1055.51, 552.82, 1085.08, 552.82, 29.56, 12.17
3.73, 34, black car, 1053.40, 546.84, 1082.54, 558.86, 1067.97, 552.85, 1053.40, 552.85, 1082.54, 552.85, 29.14, 12.02
3.73, 26, black car, 1187.67, 552.15, 1218.28, 564.52, 1202.97, 558.33, 1187.67, 558.33, 1218.28, 558.33, 30.61, 12.38
3.77, 34, black car, 1050.53, 546.83, 1079.55, 558.86, 1065.04, 552.84, 1050.53, 552.84, 1079.55, 552.84, 29.01, 12.03
3.77, 28, red car, 974.56, 546.03, 996.34, 556.63, 985.45, 551.33, 974.56, 551.33, 996.34, 551.33, 21.78, 10.60
3.80, 34, black car, 1048.03, 546.87, 1077.03, 558.91, 1062.53, 552.89, 1048.03, 552.89, 1077.03, 552.89, 29.00, 12.04
3.80, 28, red car, 972.20, 545.98, 993.99, 556.60, 983.10, 551.29, 972.20, 551.29, 993.99, 551.29, 21.79, 10.61
3.83, 34, black car, 1045.84, 546.66, 1074.82, 558.70, 1060.33, 552.68, 1045.84, 552.68, 1074.82, 552.68, 28.98, 12.03
3.83, 28, red car, 969.71, 545.88, 990.89, 556.24, 980.30, 551.06, 969.71, 551.06, 990.89, 551.06, 21.18, 10.36
3.87, 34, black car, 1043.75, 546.55, 1072.60, 558.53, 1058.17, 552.54, 1043.75, 552.54, 1072.60, 552.54, 28.85, 11.98
3.87, 28, red car, 967.77, 545.96, 988.98, 556.43, 978.38, 551.19, 967.77, 551.19, 988.98, 551.19, 21.21, 10.47
3.90, 34, black car, 1040.83, 546.46, 1069.73, 558.46, 1055.28, 552.46, 1040.83, 552.46, 1069.73, 552.46, 28.90, 12.00
3.90, 28, red car, 965.35, 545.93, 986.67, 556.44, 976.01, 551.19, 965.35, 551.19, 986.67, 551.19, 21.31, 10.50
3.93, 34, black car, 1038.54, 546.34, 1067.24, 558.27, 1052.89, 552.31, 1038.54, 552.31, 1067.24, 552.31, 28.70, 11.93
3.97, 34, black car, 1035.90, 546.05, 1065.05, 558.21, 1050.48, 552.13, 1035.90, 552.13, 1065.05, 552.13, 29.15, 12.16
4.00, 34, black car, 1033.66, 546.01, 1062.88, 558.22, 1048.27, 552.12, 1033.66, 552.12, 1062.88, 552.12, 29.22, 12.21
4.00, 28, red car, 957.65, 545.44, 978.89, 555.88, 968.27, 550.66, 957.65, 550.66, 978.89, 550.66, 21.23, 10.44
4.03, 34, black car, 1031.85, 545.98, 1060.92, 558.18, 1046.39, 552.08, 1031.85, 552.08, 1060.92, 552.08, 29.07, 12.20
4.03, 28, red car, 955.02, 545.35, 975.95, 555.63, 965.48, 550.49, 955.02, 550.49, 975.95, 550.49, 20.93, 10.28
4.07, 34, black car, 1029.57, 545.94, 1058.62, 558.18, 1044.09, 552.06, 1029.57, 552.06, 1058.62, 552.06, 29.05, 12.25
4.07, 28, red car, 952.57, 545.41, 973.55, 555.66, 963.06, 550.53, 952.57, 550.53, 973.55, 550.53, 20.98, 10.26
4.10, 34, black car, 1027.60, 546.19, 1056.05, 558.20, 1041.83, 552.20, 1027.60, 552.20, 1056.05, 552.20, 28.45, 12.01
4.10, 28, red car, 949.98, 545.28, 971.37, 555.71, 960.68, 550.49, 949.98, 550.49, 971.37, 550.49, 21.39, 10.43
4.13, 34, black car, 1024.69, 545.85, 1053.84, 558.23, 1039.27, 552.04, 1024.69, 552.04, 1053.84, 552.04, 29.15, 12.38
4.13, 28, red car, 947.58, 545.03, 969.25, 555.60, 958.42, 550.32, 947.58, 550.32, 969.25, 550.32, 21.67, 10.57
4.17, 34, black car, 1022.05, 545.56, 1051.61, 558.20, 1036.83, 551.88, 1022.05, 551.88, 1051.61, 551.88, 29.56, 12.63
4.17, 28, red car, 945.28, 545.01, 966.85, 555.55, 956.06, 550.28, 945.28, 550.28, 966.85, 550.28, 21.57, 10.54
4.20, 34, black car, 1019.87, 545.23, 1049.41, 557.93, 1034.64, 551.58, 1019.87, 551.58, 1049.41, 551.58, 29.53, 12.70
4.20, 28, red car, 942.64, 544.88, 964.49, 555.57, 953.57, 550.23, 942.64, 550.23, 964.49, 550.23, 21.85, 10.69
4.23, 34, black car, 1017.81, 545.38, 1046.87, 557.95, 1032.34, 551.66, 1017.81, 551.66, 1046.87, 551.66, 29.06, 12.56
4.23, 28, red car, 939.67, 544.54, 961.91, 555.45, 950.79, 549.99, 939.67, 549.99, 961.91, 549.99, 22.24, 10.90
4.27, 34, black car, 1015.24, 545.03, 1044.83, 557.91, 1030.04, 551.47, 1015.24, 551.47, 1044.83, 551.47, 29.60, 12.88
4.27, 28, red car, 937.08, 544.45, 959.50, 555.48, 948.29, 549.96, 937.08, 549.96, 959.50, 549.96, 22.42, 11.03
4.30, 34, black car, 1012.71, 544.93, 1042.30, 557.90, 1027.50, 551.41, 1012.71, 551.41, 1042.30, 551.41, 29.59, 12.97
4.30, 28, red car, 934.72, 544.32, 957.39, 555.52, 946.06, 549.92, 934.72, 549.92, 957.39, 549.92, 22.67, 11.20
4.33, 34, black car, 1010.47, 545.09, 1039.74, 557.94, 1025.11, 551.52, 1010.47, 551.52, 1039.74, 551.52, 29.27, 12.85
4.33, 28, red car, 932.29, 544.15, 954.84, 555.31, 943.57, 549.73, 932.29, 549.73, 954.84, 549.73, 22.54, 11.16
4.37, 34, black car, 1008.20, 544.97, 1037.79, 557.97, 1022.99, 551.47, 1008.20, 551.47, 1037.79, 551.47, 29.59, 13.00
4.37, 28, red car, 929.90, 544.17, 952.22, 555.24, 941.06, 549.71, 929.90, 549.71, 952.22, 549.71, 22.32, 11.07
4.40, 34, black car, 1006.00, 545.26, 1034.81, 557.91, 1020.41, 551.58, 1006.00, 551.58, 1034.81, 551.58, 28.81, 12.65
4.40, 28, red car, 927.07, 543.95, 949.92, 555.30, 938.49, 549.63, 927.07, 549.63, 949.92, 549.63, 22.84, 11.36
4.43, 34, black car, 1003.77, 545.43, 1032.23, 557.93, 1018.00, 551.68, 1003.77, 551.68, 1032.23, 551.68, 28.46, 12.51
4.43, 28, red car, 924.68, 543.90, 947.34, 555.18, 936.01, 549.54, 924.68, 549.54, 947.34, 549.54, 22.66, 11.29
4.47, 34, black car, 1001.40, 545.10, 1029.96, 557.67, 1015.68, 551.39, 1001.40, 551.39, 1029.96, 551.39, 28.56, 12.57
4.47, 28, red car, 922.04, 543.87, 945.01, 555.31, 933.52, 549.59, 922.04, 549.59, 945.01, 549.59, 22.96, 11.44
4.50, 34, black car, 998.80, 544.89, 1027.37, 557.50, 1013.09, 551.19, 998.80, 551.19, 1027.37, 551.19, 28.58, 12.61
4.50, 28, red car, 919.43, 543.72, 942.64, 555.24, 931.03, 549.48, 919.43, 549.48, 942.64, 549.48, 23.21, 11.52
4.53, 34, black car, 996.21, 544.96, 1024.78, 557.57, 1010.49, 551.26, 996.21, 551.26, 1024.78, 551.26, 28.57, 12.61
4.53, 28, red car, 917.26, 543.74, 940.01, 555.02, 928.64, 549.38, 917.26, 549.38, 940.01, 549.38, 22.75, 11.28
4.57, 34, black car, 993.90, 544.87, 1022.60, 557.55, 1008.25, 551.21, 993.90, 551.21, 1022.60, 551.21, 28.70, 12.68
4.57, 28, red car, 914.57, 543.66, 937.13, 554.79, 925.85, 549.23, 914.57, 549.23, 937.13, 549.23, 22.56, 11.13
4.60, 34, black car, 991.69, 544.84, 1020.10, 557.40, 1005.90, 551.12, 991.69, 551.12, 1020.10, 551.12, 28.41, 12.56
4.60, 28, red car, 912.32, 543.46, 934.60, 554.45, 923.46, 548.95, 912.32, 548.95, 934.60, 548.95, 22.28, 10.99
4.63, 34, black car, 989.50, 544.99, 1017.96, 557.60, 1003.73, 551.29, 989.50, 551.29, 1017.96, 551.29, 28.45, 12.61
4.63, 28, red car, 910.60, 543.39, 932.69, 554.31, 921.64, 548.85, 910.60, 548.85, 932.69, 548.85, 22.08, 10.92
4.67, 34, black car, 986.80, 544.64, 1015.72, 557.50, 1001.26, 551.07, 986.80, 551.07, 1015.72, 551.07, 28.92, 12.85
4.67, 28, red car, 907.81, 543.32, 930.16, 554.35, 918.98, 548.84, 907.81, 548.84, 930.16, 548.84, 22.34, 11.03
4.70, 34, black car, 983.85, 544.37, 1012.76, 557.28, 998.31, 550.82, 983.85, 550.82, 1012.76, 550.82, 28.91, 12.91
4.70, 28, red car, 905.61, 543.40, 928.02, 554.48, 916.81, 548.94, 905.61, 548.94, 928.02, 548.94, 22.41, 11.08
4.73, 34, black car, 981.43, 544.29, 1010.47, 557.25, 995.95, 550.77, 981.43, 550.77, 1010.47, 550.77, 29.04, 12.97
4.73, 28, red car, 903.26, 543.29, 925.84, 554.44, 914.55, 548.86, 903.26, 548.86, 925.84, 548.86, 22.58, 11.16
4.77, 34, black car, 979.17, 544.07, 1008.43, 557.15, 993.80, 550.61, 979.17, 550.61, 1008.43, 550.61, 29.26, 13.08
4.77, 28, red car, 900.24, 543.09, 923.28, 554.43, 911.76, 548.76, 900.24, 548.76, 923.28, 548.76, 23.04, 11.34
4.80, 34, black car, 977.08, 544.07, 1005.97, 557.01, 991.52, 550.54, 977.08, 550.54, 1005.97, 550.54, 28.89, 12.94
4.80, 28, red car, 897.43, 542.87, 920.60, 554.27, 909.02, 548.57, 897.43, 548.57, 920.60, 548.57, 23.17, 11.41
4.83, 34, black car, 974.94, 543.92, 1003.94, 556.91, 989.44, 550.42, 974.94, 550.42, 1003.94, 550.42, 28.99, 12.99
4.83, 28, red car, 894.95, 542.72, 918.34, 554.23, 906.64, 548.48, 894.95, 548.48, 918.34, 548.48, 23.39, 11.51
4.87, 34, black car, 972.44, 543.85, 1001.66, 556.96, 987.05, 550.41, 972.44, 550.41, 1001.66, 550.41, 29.22, 13.11
4.87, 28, red car, 892.32, 542.54, 915.83, 554.14, 904.07, 548.34, 892.32, 548.34, 915.83, 548.34, 23.52, 11.60
4.90, 34, black car, 970.46, 543.84, 999.27, 556.78, 984.86, 550.31, 970.46, 550.31, 999.27, 550.31, 28.80, 12.94
4.90, 28, red car, 890.14, 542.33, 913.71, 554.01, 901.93, 548.17, 890.14, 548.17, 913.71, 548.17, 23.57, 11.68
4.93, 34, black car, 968.33, 543.94, 996.84, 556.72, 982.59, 550.33, 968.33, 550.33, 996.84, 550.33, 28.51, 12.77
4.93, 28, red car, 887.52, 542.12, 911.20, 553.87, 899.36, 547.99, 887.52, 547.99, 911.20, 547.99, 23.68, 11.75
4.93, 53, white car, 1105.43, 549.69, 1134.37, 561.68, 1119.90, 555.69, 1105.43, 555.69, 1134.37, 555.69, 28.94, 11.99
4.97, 34, black car, 966.02, 543.91, 994.51, 556.66, 980.27, 550.29, 966.02, 550.29, 994.51, 550.29, 28.49, 12.75
4.97, 28, red car, 885.54, 542.25, 908.61, 553.70, 897.07, 547.98, 885.54, 547.98, 908.61, 547.98, 23.07, 11.45
5.00, 34, black car, 963.79, 543.98, 991.87, 556.55, 977.83, 550.26, 963.79, 550.26, 991.87, 550.26, 28.08, 12.56
5.00, 28, red car, 883.43, 542.19, 906.23, 553.51, 894.83, 547.85, 883.43, 547.85, 906.23, 547.85, 22.80, 11.32
5.00, 53, white car, 1100.67, 549.89, 1128.78, 561.52, 1114.73, 555.70, 1100.67, 555.70, 1128.78, 555.70, 28.11, 11.63
5.03, 34, black car, 961.44, 543.92, 989.42, 556.44, 975.43, 550.18, 961.44, 550.18, 989.42, 550.18, 27.98, 12.52
5.03, 28, red car, 881.11, 542.14, 903.53, 553.25, 892.32, 547.69, 881.11, 547.69, 903.53, 547.69, 22.41, 11.11
5.03, 53, white car, 1098.18, 549.88, 1126.01, 561.39, 1112.10, 555.63, 1098.18, 555.63, 1126.01, 555.63, 27.84, 11.51
5.07, 34, black car, 959.18, 543.95, 987.18, 556.50, 973.18, 550.22, 959.18, 550.22, 987.18, 550.22, 28.00, 12.54
5.07, 28, red car, 878.41, 542.11, 901.04, 553.31, 889.73, 547.71, 878.41, 547.71, 901.04, 547.71, 22.63, 11.20
5.07, 53, white car, 1096.04, 550.07, 1123.64, 561.46, 1109.84, 555.76, 1096.04, 555.76, 1123.64, 555.76, 27.60, 11.39
5.10, 34, black car, 956.89, 543.92, 984.72, 556.38, 970.80, 550.15, 956.89, 550.15, 984.72, 550.15, 27.83, 12.46
5.10, 28, red car, 875.69, 541.84, 898.76, 553.25, 887.23, 547.54, 875.69, 547.54, 898.76, 547.54, 23.07, 11.41
5.10, 53, white car, 1093.61, 550.06, 1121.47, 561.54, 1107.54, 555.80, 1093.61, 555.80, 1121.47, 555.80, 27.86, 11.48
5.13, 34, black car, 954.34, 543.79, 982.09, 556.19, 968.22, 549.99, 954.34, 549.99, 982.09, 549.99, 27.75, 12.40
5.13, 28, red car, 873.24, 541.66, 896.08, 552.87, 884.66, 547.26, 873.24, 547.26, 896.08, 547.26, 22.84, 11.21
5.17, 34, black car, 951.74, 543.69, 979.50, 556.06, 965.62, 549.88, 951.74, 549.88, 979.50, 549.88, 27.76, 12.37
5.17, 28, red car, 870.91, 541.50, 894.09, 552.85, 882.50, 547.18, 870.91, 547.18, 894.09, 547.18, 23.17, 11.35
5.20, 34, black car, 949.44, 543.56, 977.34, 555.97, 963.39, 549.76, 949.44, 549.76, 977.34, 549.76, 27.90, 12.41
5.20, 28, red car, 868.46, 541.43, 891.65, 552.78, 880.06, 547.11, 868.46, 547.11, 891.65, 547.11, 23.19, 11.35
5.20, 53, white car, 1086.37, 549.69, 1114.98, 561.44, 1100.67, 555.56, 1086.37, 555.56, 1114.98, 555.56, 28.61, 11.75
5.23, 34, black car, 947.10, 543.33, 975.12, 555.78, 961.11, 549.55, 947.10, 549.55, 975.12, 549.55, 28.02, 12.45
5.23, 28, red car, 866.08, 541.41, 889.12, 552.64, 877.60, 547.02, 866.08, 547.02, 889.12, 547.02, 23.04, 11.23
5.27, 34, black car, 944.46, 543.33, 972.62, 555.86, 958.54, 549.60, 944.46, 549.60, 972.62, 549.60, 28.16, 12.52
5.27, 28, red car, 863.39, 541.27, 886.54, 552.55, 874.96, 546.91, 863.39, 546.91, 886.54, 546.91, 23.15, 11.28
5.30, 34, black car, 942.01, 543.24, 970.45, 555.90, 956.23, 549.57, 942.01, 549.57, 970.45, 549.57, 28.44, 12.66
5.30, 28, red car, 861.41, 541.27, 883.80, 552.18, 872.61, 546.73, 861.41, 546.73, 883.80, 546.73, 22.39, 10.92
5.30, 53, white car, 1079.44, 549.44, 1108.47, 561.34, 1093.96, 555.39, 1079.44, 555.39, 1108.47, 555.39, 29.03, 11.90
5.33, 34, black car, 939.09, 542.97, 968.05, 555.86, 953.57, 549.41, 939.09, 549.41, 968.05, 549.41, 28.95, 12.90
5.33, 28, red car, 859.32, 541.33, 881.32, 552.03, 870.32, 546.68, 859.32, 546.68, 881.32, 546.68, 22.00, 10.70
5.37, 34, black car, 936.70, 542.70, 965.77, 555.64, 951.24, 549.17, 936.70, 549.17, 965.77, 549.17, 29.07, 12.94
5.37, 28, red car, 857.34, 540.98, 879.54, 551.74, 868.44, 546.36, 857.34, 546.36, 879.54, 546.36, 22.21, 10.76
5.40, 34, black car, 934.79, 542.73, 963.70, 555.60, 949.24, 549.17, 934.79, 549.17, 963.70, 549.17, 28.92, 12.87
5.40, 28, red car, 854.60, 540.81, 877.05, 551.64, 865.82, 546.23, 854.60, 546.23, 877.05, 546.23, 22.45, 10.83
5.40, 53, white car, 1071.84, 549.19, 1101.28, 561.24, 1086.56, 555.22, 1071.84, 555.22, 1101.28, 555.22, 29.44, 12.05
5.43, 34, black car, 932.69, 542.66, 961.20, 555.34, 946.95, 549.00, 932.69, 549.00, 961.20, 549.00, 28.51, 12.69
5.43, 28, red car, 851.61, 540.78, 874.10, 551.61, 862.86, 546.20, 851.61, 546.20, 874.10, 546.20, 22.49, 10.83
5.43, 53, white car, 1069.36, 548.91, 1099.00, 561.04, 1084.18, 554.98, 1069.36, 554.98, 1099.00, 554.98, 29.65, 12.13
5.47, 34, black car, 930.13, 542.76, 958.54, 555.40, 944.34, 549.08, 930.13, 549.08, 958.54, 549.08, 28.41, 12.65
5.47, 28, red car, 848.98, 540.41, 871.71, 551.41, 860.35, 545.91, 848.98, 545.91, 871.71, 545.91, 22.73, 11.00
5.50, 34, black car, 927.52, 542.64, 956.15, 555.39, 941.84, 549.02, 927.52, 549.02, 956.15, 549.02, 28.63, 12.74
5.50, 28, red car, 846.69, 540.27, 869.27, 551.22, 857.98, 545.74, 846.69, 545.74, 869.27, 545.74, 22.58, 10.95
5.50, 53, white car, 1065.13, 548.78, 1094.66, 560.89, 1079.90, 554.84, 1065.13, 554.84, 1094.66, 554.84, 29.54, 12.11
5.53, 28, red car, 844.16, 539.97, 867.14, 551.10, 855.65, 545.53, 844.16, 545.53, 867.14, 545.53, 22.98, 11.13
5.53, 53, white car, 1062.76, 548.54, 1092.87, 560.92, 1077.81, 554.73, 1062.76, 554.73, 1092.87, 554.73, 30.11, 12.37
5.57, 28, red car, 842.26, 539.87, 865.29, 551.01, 853.78, 545.44, 842.26, 545.44, 865.29, 545.44, 23.03, 11.14
5.57, 34, black car, 922.30, 542.17, 951.17, 555.04, 936.74, 548.61, 922.30, 548.61, 951.17, 548.61, 28.87, 12.87
5.60, 28, red car, 840.11, 540.03, 862.97, 551.04, 851.54, 545.53, 840.11, 545.53, 862.97, 545.53, 22.86, 11.01
5.60, 34, black car, 920.14, 542.28, 948.62, 554.97, 934.38, 548.62, 920.14, 548.62, 948.62, 548.62, 28.48, 12.70
5.60, 53, white car, 1058.72, 548.59, 1088.47, 560.80, 1073.60, 554.69, 1058.72, 554.69, 1088.47, 554.69, 29.74, 12.21
5.63, 28, red car, 837.25, 540.06, 859.71, 550.86, 848.48, 545.46, 837.25, 545.46, 859.71, 545.46, 22.47, 10.80
5.63, 34, black car, 918.11, 542.36, 945.99, 554.75, 932.05, 548.56, 918.11, 548.56, 945.99, 548.56, 27.88, 12.39
5.63, 53, white car, 1056.76, 548.39, 1086.10, 560.37, 1071.43, 554.38, 1056.76, 554.38, 1086.10, 554.38, 29.34, 11.98
5.67, 28, red car, 835.23, 540.03, 857.53, 550.75, 846.38, 545.39, 835.23, 545.39, 857.53, 545.39, 22.30, 10.72
5.67, 34, black car, 916.08, 542.36, 943.90, 554.66, 929.99, 548.51, 916.08, 548.51, 943.90, 548.51, 27.82, 12.30
5.67, 53, white car, 1054.43, 548.41, 1083.54, 560.23, 1068.99, 554.32, 1054.43, 554.32, 1083.54, 554.32, 29.11, 11.82
5.70, 28, red car, 832.41, 539.94, 854.71, 550.66, 843.56, 545.30, 832.41, 545.30, 854.71, 545.30, 22.30, 10.72
5.70, 34, black car, 913.87, 542.36, 941.66, 554.62, 927.76, 548.49, 913.87, 548.49, 941.66, 548.49, 27.79, 12.27
5.73, 28, red car, 829.47, 539.58, 852.30, 550.56, 840.88, 545.07, 829.47, 545.07, 852.30, 545.07, 22.83, 10.98
5.73, 53, white car, 1050.05, 548.37, 1078.83, 560.01, 1064.44, 554.19, 1050.05, 554.19, 1078.83, 554.19, 28.78, 11.64
5.77, 28, red car, 827.31, 539.49, 850.16, 550.49, 838.73, 544.99, 827.31, 544.99, 850.16, 544.99, 22.85, 11.01
5.77, 34, black car, 909.05, 542.07, 936.61, 554.22, 922.83, 548.14, 909.05, 548.14, 936.61, 548.14, 27.56, 12.14
5.80, 28, red car, 825.03, 539.42, 847.93, 550.47, 836.48, 544.95, 825.03, 544.95, 847.93, 544.95, 22.90, 11.05
5.80, 34, black car, 906.36, 542.17, 934.07, 554.34, 920.22, 548.26, 906.36, 548.26, 934.07, 548.26, 27.71, 12.16
5.83, 28, red car, 822.62, 539.15, 845.51, 550.21, 834.06, 544.68, 822.62, 544.68, 845.51, 544.68, 22.89, 11.06
5.83, 34, black car, 904.16, 542.12, 931.86, 554.24, 918.01, 548.18, 904.16, 548.18, 931.86, 548.18, 27.70, 12.12
5.87, 28, red car, 820.04, 538.86, 843.31, 550.19, 831.68, 544.53, 820.04, 544.53, 843.31, 544.53, 23.27, 11.33
5.87, 34, black car, 901.62, 541.92, 929.80, 554.27, 915.71, 548.10, 901.62, 548.10, 929.80, 548.10, 28.18, 12.34
5.87, 53, white car, 1040.43, 547.89, 1070.79, 560.16, 1055.61, 554.02, 1040.43, 554.02, 1070.79, 554.02, 30.36, 12.27
5.90, 28, red car, 817.42, 538.86, 840.69, 550.26, 829.06, 544.56, 817.42, 544.56, 840.69, 544.56, 23.28, 11.39
5.90, 34, black car, 899.01, 541.97, 927.45, 554.43, 913.23, 548.20, 899.01, 548.20, 927.45, 548.20, 28.44, 12.46
5.90, 53, white car, 1037.83, 547.90, 1067.96, 560.10, 1052.89, 554.00, 1037.83, 554.00, 1067.96, 554.00, 30.13, 12.20
5.93, 28, red car, 814.75, 538.83, 837.91, 550.19, 826.33, 544.51, 814.75, 544.51, 837.91, 544.51, 23.16, 11.36
5.93, 34, black car, 896.54, 541.77, 925.09, 554.29, 910.81, 548.03, 896.54, 548.03, 925.09, 548.03, 28.55, 12.52
5.93, 53, white car, 1035.81, 547.96, 1065.80, 560.13, 1050.81, 554.04, 1035.81, 554.04, 1065.80, 554.04, 29.98, 12.16
5.97, 28, red car, 812.53, 538.76, 835.47, 550.04, 824.00, 544.40, 812.53, 544.40, 835.47, 544.40, 22.94, 11.27
5.97, 34, black car, 893.87, 541.30, 923.12, 554.16, 908.50, 547.73, 893.87, 547.73, 923.12, 547.73, 29.25, 12.87
6.00, 28, red car, 810.43, 538.75, 833.36, 550.02, 821.90, 544.39, 810.43, 544.39, 833.36, 544.39, 22.92, 11.28
6.00, 34, black car, 891.52, 541.41, 920.70, 554.26, 906.11, 547.83, 891.52, 547.83, 920.70, 547.83, 29.18, 12.85
6.03, 28, red car, 808.27, 538.43, 830.60, 549.44, 819.43, 543.94, 808.27, 543.94, 830.60, 543.94, 22.34, 11.00
6.03, 34, black car, 889.23, 541.18, 918.41, 554.06, 903.82, 547.62, 889.23, 547.62, 918.41, 547.62, 29.19, 12.88
6.07, 28, red car, 805.27, 537.74, 827.88, 548.95, 816.58, 543.34, 805.27, 543.34, 827.88, 543.34, 22.61, 11.20
6.07, 34, black car, 886.84, 540.69, 916.40, 553.78, 901.62, 547.23, 886.84, 547.23, 916.40, 547.23, 29.56, 13.09
6.10, 28, red car, 802.91, 537.52, 825.74, 548.91, 814.33, 543.22, 802.91, 543.22, 825.74, 543.22, 22.83, 11.39
6.10, 34, black car, 884.74, 540.49, 914.20, 553.56, 899.47, 547.03, 884.74, 547.03, 914.20, 547.03, 29.46, 13.08
6.13, 28, red car, 800.80, 537.59, 823.09, 548.73, 811.95, 543.16, 800.80, 543.16, 823.09, 543.16, 22.29, 11.14
6.13, 34, black car, 883.05, 540.52, 911.82, 553.29, 897.43, 546.91, 883.05, 546.91, 911.82, 546.91, 28.77, 12.77
6.17, 28, red car, 798.62, 537.45, 820.72, 548.45, 809.67, 542.95, 798.62, 542.95, 820.72, 542.95, 22.10, 11.00
6.17, 34, black car, 880.78, 540.39, 909.91, 553.34, 895.35, 546.86, 880.78, 546.86, 909.91, 546.86, 29.13, 12.96
6.20, 28, red car, 796.24, 537.43, 818.10, 548.29, 807.17, 542.86, 796.24, 542.86, 818.10, 542.86, 21.87, 10.86
6.20, 34, black car, 878.01, 540.30, 907.06, 553.25, 892.53, 546.78, 878.01, 546.78, 907.06, 546.78, 29.05, 12.95
6.23, 28, red car, 793.52, 537.28, 815.40, 548.17, 804.46, 542.72, 793.52, 542.72, 815.40, 542.72, 21.88, 10.90
6.23, 34, black car, 875.71, 540.39, 904.21, 553.09, 889.96, 546.74, 875.71, 546.74, 904.21, 546.74, 28.50, 12.70
6.27, 28, red car, 790.84, 536.99, 813.24, 548.21, 802.04, 542.60, 790.84, 542.60, 813.24, 542.60, 22.40, 11.22
6.27, 34, black car, 873.31, 540.23, 901.95, 552.97, 887.63, 546.60, 873.31, 546.60, 901.95, 546.60, 28.64, 12.74
6.30, 34, black car, 870.90, 540.22, 899.65, 552.99, 885.27, 546.61, 870.90, 546.61, 899.65, 546.61, 28.75, 12.77
6.33, 34, black car, 868.70, 540.17, 897.28, 552.88, 882.99, 546.53, 868.70, 546.53, 897.28, 546.53, 28.58, 12.71
6.33, 28, red car, 785.48, 536.70, 808.39, 548.23, 796.94, 542.46, 785.48, 542.46, 808.39, 542.46, 22.92, 11.53
6.37, 34, black car, 866.66, 540.10, 895.36, 552.87, 881.01, 546.48, 866.66, 546.48, 895.36, 546.48, 28.70, 12.77
6.40, 34, black car, 863.86, 539.83, 892.81, 552.74, 878.34, 546.29, 863.86, 546.29, 892.81, 546.29, 28.95, 12.91
6.43, 34, black car, 861.90, 539.79, 890.52, 552.56, 876.21, 546.18, 861.90, 546.18, 890.52, 546.18, 28.62, 12.77
6.47, 34, black car, 859.69, 539.56, 888.17, 552.27, 873.93, 545.92, 859.69, 545.92, 888.17, 545.92, 28.48, 12.71
6.50, 34, black car, 856.99, 539.35, 885.67, 552.16, 871.33, 545.76, 856.99, 545.76, 885.67, 545.76, 28.68, 12.81
6.53, 34, black car, 855.16, 539.51, 883.29, 552.09, 869.22, 545.80, 855.16, 545.80, 883.29, 545.80, 28.13, 12.58
6.57, 34, black car, 853.09, 539.55, 881.33, 552.21, 867.21, 545.88, 853.09, 545.88, 881.33, 545.88, 28.25, 12.66
6.60, 34, black car, 850.65, 539.38, 879.06, 552.17, 864.85, 545.77, 850.65, 545.77, 879.06, 545.77, 28.42, 12.78
6.63, 42, white car, 1413.73, 550.74, 1443.74, 564.25, 1428.73, 557.49, 1413.73, 557.49, 1443.74, 557.49, 30.00, 13.51
6.63, 34, black car, 848.37, 539.20, 876.63, 551.90, 862.50, 545.55, 848.37, 545.55, 876.63, 545.55, 28.26, 12.70
6.67, 42, white car, 1410.45, 550.60, 1440.90, 564.32, 1425.68, 557.46, 1410.45, 557.46, 1440.90, 557.46, 30.46, 13.73
6.67, 34, black car, 846.24, 538.80, 873.99, 551.24, 860.12, 545.02, 846.24, 545.02, 873.99, 545.02, 27.75, 12.45
6.70, 42, white car, 1407.29, 550.65, 1437.70, 564.33, 1422.49, 557.49, 1407.29, 557.49, 1437.70, 557.49, 30.40, 13.67
6.70, 34, black car, 843.77, 538.42, 871.55, 550.85, 857.66, 544.64, 843.77, 544.64, 871.55, 544.64, 27.78, 12.43
6.73, 42, white car, 1404.29, 550.97, 1433.93, 564.28, 1419.11, 557.62, 1404.29, 557.62, 1433.93, 557.62, 29.64, 13.31
6.73, 34, black car, 841.47, 538.38, 869.34, 550.83, 855.40, 544.60, 841.47, 544.60, 869.34, 544.60, 27.87, 12.45
6.77, 42, white car, 1400.86, 551.20, 1430.33, 564.38, 1415.60, 557.79, 1400.86, 557.79, 1430.33, 557.79, 29.47, 13.18
6.80, 42, white car, 1397.49, 551.13, 1427.18, 564.40, 1412.33, 557.76, 1397.49, 557.76, 1427.18, 557.76, 29.69, 13.27
6.83, 42, white car, 1394.40, 551.08, 1424.26, 564.44, 1409.33, 557.76, 1394.40, 557.76, 1424.26, 557.76, 29.86, 13.36
6.83, 34, black car, 834.89, 538.27, 862.85, 550.72, 848.87, 544.50, 834.89, 544.50, 862.85, 544.50, 27.96, 12.45
6.87, 42, white car, 1391.06, 551.05, 1421.38, 564.59, 1406.22, 557.82, 1391.06, 557.82, 1421.38, 557.82, 30.32, 13.54
6.87, 34, black car, 832.66, 538.25, 860.25, 550.51, 846.46, 544.38, 832.66, 544.38, 860.25, 544.38, 27.59, 12.26
6.90, 42, white car, 1387.74, 551.18, 1418.14, 564.75, 1402.94, 557.96, 1387.74, 557.96, 1418.14, 557.96, 30.40, 13.57
6.90, 34, black car, 830.08, 538.06, 857.99, 550.48, 844.03, 544.27, 830.08, 544.27, 857.99, 544.27, 27.91, 12.42
6.93, 42, white car, 1384.63, 551.20, 1415.00, 564.75, 1399.81, 557.97, 1384.63, 557.97, 1415.00, 557.97, 30.37, 13.55
6.93, 34, black car, 827.86, 538.10, 855.66, 550.43, 841.76, 544.26, 827.86, 544.26, 855.66, 544.26, 27.80, 12.33
6.93, 53, black car, 969.02, 545.48, 999.88, 558.14, 984.45, 551.81, 969.02, 551.81, 999.88, 551.81, 30.86, 12.66
6.97, 42, white car, 1381.33, 551.07, 1411.90, 564.72, 1396.61, 557.89, 1381.33, 557.89, 1411.90, 557.89, 30.56, 13.65
6.97, 34, black car, 825.25, 537.93, 853.33, 550.42, 839.29, 544.18, 825.25, 544.18, 853.33, 544.18, 28.08, 12.50
7.00, 42, white car, 1377.63, 550.82, 1408.85, 564.72, 1393.24, 557.77, 1377.63, 557.77, 1408.85, 557.77, 31.21, 13.91
7.00, 34, black car, 822.89, 537.70, 851.26, 550.39, 837.08, 544.04, 822.89, 544.04, 851.26, 544.04, 28.37, 12.69
7.03, 42, white car, 1374.06, 550.97, 1405.41, 564.95, 1389.73, 557.96, 1374.06, 557.96, 1405.41, 557.96, 31.35, 13.97
7.03, 34, black car, 820.65, 537.58, 849.30, 550.43, 834.98, 544.00, 820.65, 544.00, 849.30, 544.00, 28.65, 12.85
7.07, 42, white car, 1370.89, 550.99, 1402.14, 564.90, 1386.51, 557.94, 1370.89, 557.94, 1402.14, 557.94, 31.25, 13.91
7.07, 34, black car, 818.32, 537.31, 847.04, 550.15, 832.68, 543.73, 818.32, 543.73, 847.04, 543.73, 28.72, 12.84
7.10, 42, white car, 1367.61, 550.93, 1399.16, 564.99, 1383.39, 557.96, 1367.61, 557.96, 1399.16, 557.96, 31.55, 14.06
7.10, 34, black car, 816.25, 537.34, 844.55, 549.96, 830.40, 543.65, 816.25, 543.65, 844.55, 543.65, 28.30, 12.62
7.13, 42, white car, 1364.45, 550.89, 1396.05, 564.99, 1380.25, 557.94, 1364.45, 557.94, 1396.05, 557.94, 31.59, 14.10
7.13, 34, black car, 813.90, 537.43, 842.14, 549.98, 828.02, 543.71, 813.90, 543.71, 842.14, 543.71, 28.24, 12.55
7.13, 28, red car, 728.16, 532.05, 750.07, 543.28, 739.11, 537.66, 728.16, 537.66, 750.07, 537.66, 21.91, 11.23
7.17, 42, white car, 1361.30, 551.05, 1393.11, 565.26, 1377.20, 558.15, 1361.30, 558.15, 1393.11, 558.15, 31.81, 14.20
7.17, 34, black car, 811.53, 537.22, 840.20, 549.97, 825.87, 543.59, 811.53, 543.59, 840.20, 543.59, 28.67, 12.75
7.17, 28, red car, 725.85, 531.87, 748.52, 543.56, 737.18, 537.72, 725.85, 537.72, 748.52, 537.72, 22.67, 11.69
7.20, 42, white car, 1357.61, 551.19, 1389.59, 565.48, 1373.60, 558.34, 1357.61, 558.34, 1389.59, 558.34, 31.97, 14.29
7.20, 34, black car, 809.45, 537.21, 837.32, 549.63, 823.39, 543.42, 809.45, 543.42, 837.32, 543.42, 27.87, 12.41
7.20, 28, red car, 723.20, 531.70, 745.83, 543.48, 734.52, 537.59, 723.20, 537.59, 745.83, 537.59, 22.63, 11.78
7.23, 42, white car, 1354.33, 551.12, 1386.49, 565.54, 1370.41, 558.33, 1354.33, 558.33, 1386.49, 558.33, 32.15, 14.42
7.23, 34, black car, 807.51, 537.13, 834.64, 549.18, 821.08, 543.16, 807.51, 543.16, 834.64, 543.16, 27.13, 12.05
7.23, 28, red car, 720.74, 531.48, 743.42, 543.29, 732.08, 537.38, 720.74, 537.38, 743.42, 537.38, 22.69, 11.81
7.27, 42, white car, 1350.96, 551.06, 1383.26, 565.57, 1367.11, 558.31, 1350.96, 558.31, 1383.26, 558.31, 32.30, 14.51
7.27, 28, red car, 718.21, 531.15, 741.11, 543.06, 729.66, 537.10, 718.21, 537.10, 741.11, 537.10, 22.90, 11.92
7.30, 42, white car, 1347.66, 551.06, 1380.12, 565.67, 1363.89, 558.37, 1347.66, 558.37, 1380.12, 558.37, 32.46, 14.62
7.30, 28, red car, 715.42, 530.68, 738.15, 542.54, 726.79, 536.61, 715.42, 536.61, 738.15, 536.61, 22.73, 11.86
7.30, 34, black car, 802.96, 536.60, 830.41, 548.75, 816.68, 542.68, 802.96, 542.68, 830.41, 542.68, 27.45, 12.14
7.33, 42, white car, 1344.36, 551.09, 1376.86, 565.74, 1360.61, 558.42, 1344.36, 558.42, 1376.86, 558.42, 32.50, 14.65
7.33, 28, red car, 713.10, 530.43, 735.67, 542.21, 724.38, 536.32, 713.10, 536.32, 735.67, 536.32, 22.58, 11.79
7.33, 34, black car, 800.88, 536.28, 828.48, 548.44, 814.68, 542.36, 800.88, 542.36, 828.48, 542.36, 27.60, 12.16
7.37, 42, white car, 1341.40, 551.12, 1373.54, 565.62, 1357.47, 558.37, 1341.40, 558.37, 1373.54, 558.37, 32.14, 14.50
7.37, 28, red car, 710.75, 530.11, 733.72, 542.08, 722.24, 536.09, 710.75, 536.09, 733.72, 536.09, 22.97, 11.96
7.40, 42, white car, 1337.73, 550.93, 1370.37, 565.68, 1354.05, 558.30, 1337.73, 558.30, 1370.37, 558.30, 32.64, 14.75
7.40, 28, red car, 708.17, 529.82, 731.75, 542.08, 719.96, 535.95, 708.17, 535.95, 731.75, 535.95, 23.59, 12.25
7.40, 34, black car, 795.68, 535.54, 824.23, 548.17, 809.96, 541.86, 795.68, 541.86, 824.23, 541.86, 28.55, 12.63
7.43, 42, white car, 1334.24, 550.64, 1367.55, 565.71, 1350.89, 558.18, 1334.24, 558.18, 1367.55, 558.18, 33.32, 15.08
7.43, 28, red car, 706.10, 529.69, 729.56, 541.85, 717.83, 535.77, 706.10, 535.77, 729.56, 535.77, 23.46, 12.16
7.43, 34, black car, 793.48, 535.46, 822.24, 548.19, 807.86, 541.83, 793.48, 541.83, 822.24, 541.83, 28.76, 12.73
7.47, 42, white car, 1330.85, 550.76, 1364.27, 565.95, 1347.56, 558.36, 1330.85, 558.36, 1364.27, 558.36, 33.42, 15.18
7.47, 28, red car, 703.53, 529.58, 726.73, 541.59, 715.13, 535.58, 703.53, 535.58, 726.73, 535.58, 23.20, 12.01
7.47, 34, black car, 791.66, 535.49, 820.01, 548.03, 805.83, 541.76, 791.66, 541.76, 820.01, 541.76, 28.34, 12.54
7.50, 42, white car, 1327.87, 550.72, 1361.09, 565.83, 1344.48, 558.28, 1327.87, 558.28, 1361.09, 558.28, 33.23, 15.11
7.50, 28, red car, 700.71, 529.34, 723.97, 541.40, 712.34, 535.37, 700.71, 535.37, 723.97, 535.37, 23.26, 12.07
7.53, 42, white car, 1324.84, 550.77, 1357.84, 565.81, 1341.34, 558.29, 1324.84, 558.29, 1357.84, 558.29, 33.00, 15.04
7.53, 28, red car, 698.63, 529.36, 721.65, 541.34, 710.14, 535.35, 698.63, 535.35, 721.65, 535.35, 23.02, 11.98
7.57, 42, white car, 1321.72, 550.73, 1354.77, 565.81, 1338.24, 558.27, 1321.72, 558.27, 1354.77, 558.27, 33.05, 15.08
7.57, 28, red car, 695.76, 529.15, 718.93, 541.19, 707.34, 535.17, 695.76, 535.17, 718.93, 535.17, 23.17, 12.04
7.60, 42, white car, 1318.29, 550.95, 1351.50, 566.12, 1334.90, 558.53, 1318.29, 558.53, 1351.50, 558.53, 33.21, 15.18
7.60, 28, red car, 693.47, 528.88, 716.80, 541.01, 705.13, 534.94, 693.47, 534.94, 716.80, 534.94, 23.32, 12.13
7.60, 53, white car, 923.50, 542.55, 954.44, 555.44, 938.97, 549.00, 923.50, 549.00, 954.44, 549.00, 30.94, 12.89
7.63, 42, white car, 1315.18, 551.13, 1347.80, 566.03, 1331.49, 558.58, 1315.18, 558.58, 1347.80, 558.58, 32.63, 14.90
7.63, 28, red car, 691.35, 528.75, 714.33, 540.71, 702.84, 534.73, 691.35, 534.73, 714.33, 534.73, 22.98, 11.96
7.67, 42, white car, 1312.01, 551.15, 1344.29, 565.91, 1328.15, 558.53, 1312.01, 558.53, 1344.29, 558.53, 32.29, 14.75
7.67, 28, red car, 688.49, 528.46, 711.77, 540.56, 700.13, 534.51, 688.49, 534.51, 711.77, 534.51, 23.27, 12.11
7.67, 53, white car, 919.06, 542.45, 949.29, 555.11, 934.17, 548.78, 919.06, 548.78, 949.29, 548.78, 30.23, 12.66
7.70, 42, white car, 1309.23, 551.17, 1341.03, 565.71, 1325.13, 558.44, 1309.23, 558.44, 1341.03, 558.44, 31.80, 14.54
7.70, 28, red car, 686.34, 528.18, 709.55, 540.27, 697.94, 534.22, 686.34, 534.22, 709.55, 534.22, 23.21, 12.10
7.70, 53, white car, 917.30, 542.46, 947.02, 554.90, 932.16, 548.68, 917.30, 548.68, 947.02, 548.68, 29.71, 12.44
7.73, 42, white car, 1305.73, 550.90, 1338.24, 565.80, 1321.98, 558.35, 1305.73, 558.35, 1338.24, 558.35, 32.51, 14.90
7.73, 28, red car, 684.30, 528.12, 707.65, 540.32, 695.98, 534.22, 684.30, 534.22, 707.65, 534.22, 23.35, 12.19
7.77, 42, white car, 1302.64, 551.08, 1334.74, 565.80, 1318.69, 558.44, 1302.64, 558.44, 1334.74, 558.44, 32.09, 14.72
7.77, 28, red car, 681.39, 527.88, 705.21, 540.30, 693.30, 534.09, 681.39, 534.09, 705.21, 534.09, 23.82, 12.42
7.80, 42, white car, 1299.76, 551.00, 1331.22, 565.41, 1315.49, 558.20, 1299.76, 558.20, 1331.22, 558.20, 31.46, 14.42
7.80, 28, red car, 679.34, 527.65, 702.98, 540.00, 691.16, 533.83, 679.34, 533.83, 702.98, 533.83, 23.65, 12.34
7.80, 53, white car, 910.77, 542.20, 940.33, 554.60, 925.55, 548.40, 910.77, 548.40, 940.33, 548.40, 29.56, 12.41
7.83, 42, white car, 1296.49, 550.92, 1328.07, 565.39, 1312.28, 558.15, 1296.49, 558.15, 1328.07, 558.15, 31.58, 14.47
7.83, 28, red car, 676.78, 527.34, 700.49, 539.73, 688.63, 533.54, 676.78, 533.54, 700.49, 533.54, 23.71, 12.39
7.87, 42, white car, 1292.73, 550.68, 1325.07, 565.51, 1308.90, 558.09, 1292.73, 558.09, 1325.07, 558.09, 32.34, 14.83
7.87, 28, red car, 674.14, 527.08, 697.99, 539.53, 686.07, 533.31, 674.14, 533.31, 697.99, 533.31, 23.85, 12.45
7.90, 42, white car, 1289.38, 550.75, 1321.97, 565.73, 1305.67, 558.24, 1289.38, 558.24, 1321.97, 558.24, 32.60, 14.98
7.90, 28, red car, 672.16, 526.78, 695.65, 539.05, 683.90, 532.91, 672.16, 532.91, 695.65, 532.91, 23.49, 12.26
7.90, 53, white car, 903.23, 541.98, 933.39, 554.62, 918.31, 548.30, 903.23, 548.30, 933.39, 548.30, 30.16, 12.64
7.93, 42, white car, 1286.25, 550.80, 1318.37, 565.58, 1302.31, 558.19, 1286.25, 558.19, 1318.37, 558.19, 32.12, 14.78
7.93, 28, red car, 669.56, 526.71, 692.55, 538.69, 681.06, 532.70, 669.56, 532.70, 692.55, 532.70, 22.99, 11.98
7.97, 42, white car, 1283.46, 550.82, 1315.12, 565.38, 1299.29, 558.10, 1283.46, 558.10, 1315.12, 558.10, 31.66, 14.56
7.97, 28, red car, 667.14, 526.44, 690.18, 538.39, 678.66, 532.41, 667.14, 532.41, 690.18, 532.41, 23.05, 11.95
8.00, 42, white car, 1280.08, 550.62, 1312.12, 565.38, 1296.10, 558.00, 1280.08, 558.00, 1312.12, 558.00, 32.05, 14.76
8.00, 28, red car, 665.21, 526.43, 687.51, 537.96, 676.36, 532.20, 665.21, 532.20, 687.51, 532.20, 22.29, 11.52
8.00, 53, white car, 896.19, 541.54, 927.39, 554.70, 911.79, 548.12, 896.19, 548.12, 927.39, 548.12, 31.20, 13.15
8.03, 42, white car, 1276.69, 550.71, 1308.61, 565.42, 1292.65, 558.07, 1276.69, 558.07, 1308.61, 558.07, 31.92, 14.71
8.03, 28, red car, 662.97, 526.31, 684.87, 537.60, 673.92, 531.96, 662.97, 531.96, 684.87, 531.96, 21.90, 11.29
8.03, 53, white car, 894.33, 541.39, 925.40, 554.54, 909.86, 547.97, 894.33, 547.97, 925.40, 547.97, 31.07, 13.15
8.07, 42, white car, 1273.56, 550.86, 1305.25, 565.45, 1289.41, 558.15, 1273.56, 558.15, 1305.25, 558.15, 31.69, 14.60
8.07, 28, red car, 660.48, 526.09, 682.64, 537.48, 671.56, 531.78, 660.48, 531.78, 682.64, 531.78, 22.16, 11.40
8.10, 42, white car, 1270.57, 551.04, 1301.76, 565.39, 1286.17, 558.21, 1270.57, 558.21, 1301.76, 558.21, 31.20, 14.35
8.10, 28, red car, 658.28, 526.00, 680.06, 537.18, 669.17, 531.59, 658.28, 531.59, 680.06, 531.59, 21.78, 11.18
8.10, 53, white car, 889.22, 541.33, 920.27, 554.47, 904.74, 547.90, 889.22, 547.90, 920.27, 547.90, 31.05, 13.15
8.13, 42, white car, 1267.50, 551.04, 1298.63, 565.33, 1283.06, 558.19, 1267.50, 558.19, 1298.63, 558.19, 31.13, 14.30
8.13, 28, red car, 655.89, 525.75, 677.85, 536.98, 666.87, 531.37, 655.89, 531.37, 677.85, 531.37, 21.96, 11.22
8.13, 53, white car, 887.32, 541.20, 917.98, 554.18, 902.65, 547.69, 887.32, 547.69, 917.98, 547.69, 30.66, 12.97
8.13, 34, black car, 747.10, 532.02, 775.45, 544.46, 761.28, 538.24, 747.10, 538.24, 775.45, 538.24, 28.35, 12.44
8.17, 42, white car, 1264.08, 550.75, 1295.95, 565.37, 1280.02, 558.06, 1264.08, 558.06, 1295.95, 558.06, 31.87, 14.62
8.17, 28, red car, 653.08, 525.43, 675.47, 536.85, 664.27, 531.14, 653.08, 531.14, 675.47, 531.14, 22.39, 11.42
8.17, 53, white car, 884.70, 540.86, 915.93, 554.12, 900.32, 547.49, 884.70, 547.49, 915.93, 547.49, 31.23, 13.26
8.17, 34, black car, 744.41, 532.06, 772.49, 544.32, 758.45, 538.19, 744.41, 538.19, 772.49, 538.19, 28.08, 12.26
8.20, 42, white car, 1260.74, 550.95, 1292.53, 565.54, 1276.63, 558.25, 1260.74, 558.25, 1292.53, 558.25, 31.79, 14.58
8.20, 28, red car, 650.54, 525.16, 672.77, 536.52, 661.66, 530.84, 650.54, 530.84, 672.77, 530.84, 22.23, 11.36
8.20, 53, white car, 882.52, 540.75, 913.67, 554.02, 898.09, 547.39, 882.52, 547.39, 913.67, 547.39, 31.15, 13.27
8.20, 34, black car, 741.93, 531.93, 769.89, 544.13, 755.91, 538.03, 741.93, 538.03, 769.89, 538.03, 27.96, 12.20
8.23, 42, white car, 1257.74, 550.83, 1289.19, 565.20, 1273.46, 558.01, 1257.74, 558.01, 1289.19, 558.01, 31.45, 14.38
8.23, 28, red car, 648.37, 525.02, 670.57, 536.38, 659.47, 530.70, 648.37, 530.70, 670.57, 530.70, 22.20, 11.35
8.23, 34, black car, 739.62, 531.97, 767.14, 543.98, 753.38, 537.98, 739.62, 537.98, 767.14, 537.98, 27.52, 12.01
8.27, 42, white car, 1254.54, 550.84, 1286.02, 565.22, 1270.28, 558.03, 1254.54, 558.03, 1286.02, 558.03, 31.48, 14.38
8.27, 28, red car, 645.99, 524.63, 668.41, 536.14, 657.20, 530.38, 645.99, 530.38, 668.41, 530.38, 22.42, 11.52
8.27, 34, black car, 736.77, 531.81, 764.76, 544.05, 750.77, 537.93, 736.77, 537.93, 764.76, 537.93, 27.99, 12.25
8.30, 42, white car, 1251.19, 550.51, 1282.80, 564.94, 1267.00, 557.72, 1251.19, 557.72, 1282.80, 557.72, 31.60, 14.43
8.30, 28, red car, 643.40, 524.35, 665.99, 535.99, 654.70, 530.17, 643.40, 530.17, 665.99, 530.17, 22.59, 11.64
8.30, 34, black car, 734.42, 531.41, 763.02, 543.95, 748.72, 537.68, 734.42, 537.68, 763.02, 537.68, 28.61, 12.55
8.33, 42, white car, 1247.98, 550.41, 1279.95, 565.01, 1263.96, 557.71, 1247.98, 557.71, 1279.95, 557.71, 31.98, 14.60
8.33, 28, red car, 641.07, 524.11, 663.81, 535.84, 652.44, 529.98, 641.07, 529.98, 663.81, 529.98, 22.74, 11.74
8.33, 34, black car, 732.34, 531.29, 760.92, 543.83, 746.63, 537.56, 732.34, 537.56, 760.92, 537.56, 28.58, 12.54
8.37, 42, white car, 1244.70, 550.47, 1276.40, 564.94, 1260.55, 557.70, 1244.70, 557.70, 1276.40, 557.70, 31.70, 14.47
8.37, 28, red car, 638.36, 523.63, 661.41, 535.60, 649.88, 529.62, 638.36, 529.62, 661.41, 529.62, 23.06, 11.96
8.37, 34, black car, 729.79, 531.19, 758.15, 543.63, 743.97, 537.41, 729.79, 537.41, 758.15, 537.41, 28.36, 12.44
8.40, 42, white car, 1241.40, 550.43, 1273.20, 564.94, 1257.30, 557.68, 1241.40, 557.68, 1273.20, 557.68, 31.80, 14.51
8.40, 28, red car, 635.63, 523.24, 658.69, 535.24, 647.16, 529.24, 635.63, 529.24, 658.69, 529.24, 23.07, 12.00
8.40, 34, black car, 727.40, 530.84, 755.91, 543.41, 741.65, 537.12, 727.40, 537.12, 755.91, 537.12, 28.51, 12.56
8.43, 42, white car, 1238.52, 550.27, 1270.18, 564.72, 1254.35, 557.49, 1238.52, 557.49, 1270.18, 557.49, 31.66, 14.45
8.43, 28, red car, 633.73, 523.23, 656.37, 535.02, 645.05, 529.13, 633.73, 529.13, 656.37, 529.13, 22.64, 11.79
8.43, 34, black car, 724.88, 530.63, 753.29, 543.18, 739.08, 536.90, 724.88, 536.90, 753.29, 536.90, 28.41, 12.55
8.47, 42, white car, 1234.96, 550.17, 1266.90, 564.75, 1250.93, 557.46, 1234.96, 557.46, 1266.90, 557.46, 31.95, 14.58
8.47, 28, red car, 631.48, 522.92, 654.03, 534.71, 642.75, 528.82, 631.48, 528.82, 654.03, 528.82, 22.54, 11.79
8.47, 34, black car, 722.35, 530.54, 750.64, 543.09, 736.50, 536.81, 722.35, 536.81, 750.64, 536.81, 28.29, 12.54
8.50, 42, white car, 1231.44, 550.20, 1263.60, 564.86, 1247.52, 557.53, 1231.44, 557.53, 1263.60, 557.53, 32.15, 14.66
8.50, 28, red car, 628.83, 522.75, 652.10, 534.96, 640.47, 528.86, 628.83, 528.86, 652.10, 528.86, 23.27, 12.21
8.50, 34, black car, 720.00, 530.31, 748.18, 542.84, 734.09, 536.58, 720.00, 536.58, 748.18, 536.58, 28.18, 12.53
8.53, 42, white car, 1228.48, 550.50, 1260.04, 564.87, 1244.26, 557.68, 1228.48, 557.68, 1260.04, 557.68, 31.56, 14.37
8.53, 28, red car, 626.02, 522.32, 649.25, 534.60, 637.64, 528.46, 626.02, 528.46, 649.25, 528.46, 23.23, 12.28
8.53, 34, black car, 717.69, 530.04, 746.03, 542.68, 731.86, 536.36, 717.69, 536.36, 746.03, 536.36, 28.34, 12.63
8.57, 42, white car, 1225.66, 550.65, 1256.68, 564.77, 1241.17, 557.71, 1225.66, 557.71, 1256.68, 557.71, 31.01, 14.12
8.57, 28, red car, 623.36, 521.88, 646.65, 534.30, 635.00, 528.09, 623.36, 528.09, 646.65, 528.09, 23.28, 12.42
8.57, 34, black car, 715.32, 529.73, 743.95, 542.53, 729.63, 536.13, 715.32, 536.13, 743.95, 536.13, 28.63, 12.80
8.60, 42, white car, 1222.50, 550.57, 1253.64, 564.71, 1238.07, 557.64, 1222.50, 557.64, 1253.64, 557.64, 31.14, 14.15
8.60, 28, red car, 621.53, 521.46, 644.84, 533.92, 633.19, 527.69, 621.53, 527.69, 644.84, 527.69, 23.31, 12.46
8.60, 34, black car, 713.08, 529.43, 741.93, 542.37, 727.50, 535.90, 713.08, 535.90, 741.93, 535.90, 28.84, 12.95
8.63, 42, white car, 1219.07, 550.69, 1250.17, 564.81, 1234.62, 557.75, 1219.07, 557.75, 1250.17, 557.75, 31.10, 14.12
8.63, 34, black car, 710.70, 529.06, 739.78, 542.16, 725.24, 535.61, 710.70, 535.61, 739.78, 535.61, 29.07, 13.10
8.67, 42, white car, 1215.97, 550.73, 1246.85, 564.71, 1231.41, 557.72, 1215.97, 557.72, 1246.85, 557.72, 30.88, 13.98
8.67, 34, black car, 708.38, 528.82, 737.59, 542.03, 722.98, 535.42, 708.38, 535.42, 737.59, 535.42, 29.21, 13.20
8.70, 42, white car, 1213.13, 550.81, 1243.88, 564.69, 1228.50, 557.75, 1213.13, 557.75, 1243.88, 557.75, 30.75, 13.88
8.70, 34, black car, 706.41, 528.60, 735.25, 541.68, 720.83, 535.14, 706.41, 535.14, 735.25, 535.14, 28.83, 13.08
8.73, 42, white car, 1209.86, 550.62, 1240.75, 564.55, 1225.30, 557.58, 1209.86, 557.58, 1240.75, 557.58, 30.89, 13.92
8.73, 34, black car, 704.32, 528.53, 732.88, 541.49, 718.60, 535.01, 704.32, 535.01, 732.88, 535.01, 28.56, 12.96
8.77, 42, white car, 1206.76, 550.54, 1237.57, 564.39, 1222.16, 557.46, 1206.76, 557.46, 1237.57, 557.46, 30.81, 13.85
8.77, 34, black car, 701.94, 528.20, 730.88, 541.33, 716.41, 534.76, 701.94, 534.76, 730.88, 534.76, 28.94, 13.13
8.77, 53, white car, 844.23, 538.77, 873.58, 551.23, 858.90, 545.00, 844.23, 545.00, 873.58, 545.00, 29.35, 12.46
8.80, 42, white car, 1202.96, 550.35, 1234.20, 564.38, 1218.58, 557.36, 1202.96, 557.36, 1234.20, 557.36, 31.25, 14.03
8.80, 34, black car, 700.05, 528.09, 728.32, 540.94, 714.19, 534.51, 700.05, 534.51, 728.32, 534.51, 28.27, 12.85
8.80, 53, white car, 842.01, 538.53, 871.40, 550.97, 856.70, 544.75, 842.01, 544.75, 871.40, 544.75, 29.39, 12.44
8.83, 42, white car, 1199.67, 550.16, 1231.33, 564.38, 1215.50, 557.27, 1199.67, 557.27, 1231.33, 557.27, 31.66, 14.22
8.83, 34, black car, 697.40, 527.87, 725.49, 540.67, 711.44, 534.27, 697.40, 534.27, 725.49, 534.27, 28.09, 12.79
8.83, 53, white car, 839.76, 538.61, 869.38, 551.13, 854.57, 544.87, 839.76, 544.87, 869.38, 544.87, 29.62, 12.52
8.83, 28, red car, 604.53, 520.15, 626.56, 531.90, 615.55, 526.03, 604.53, 526.03, 626.56, 526.03, 22.03, 11.75
8.87, 42, white car, 1196.92, 550.13, 1228.25, 564.21, 1212.58, 557.17, 1196.92, 557.17, 1228.25, 557.17, 31.33, 14.08
8.87, 34, black car, 694.98, 527.65, 723.28, 540.54, 709.13, 534.09, 694.98, 534.09, 723.28, 534.09, 28.30, 12.88
8.87, 53, white car, 837.60, 538.46, 867.12, 550.88, 852.36, 544.67, 837.60, 544.67, 867.12, 544.67, 29.53, 12.42
8.87, 28, red car, 602.68, 519.91, 624.60, 531.54, 613.64, 525.73, 602.68, 525.73, 624.60, 525.73, 21.92, 11.63
8.90, 42, white car, 1193.64, 549.77, 1225.24, 564.00, 1209.44, 556.89, 1193.64, 556.89, 1225.24, 556.89, 31.60, 14.23
8.90, 34, black car, 693.10, 527.54, 721.26, 540.33, 707.18, 533.94, 693.10, 533.94, 721.26, 533.94, 28.16, 12.79
8.90, 53, white car, 835.40, 538.43, 864.67, 550.67, 850.04, 544.55, 835.40, 544.55, 864.67, 544.55, 29.27, 12.24
8.93, 42, white car, 1190.52, 549.89, 1221.73, 563.98, 1206.12, 556.93, 1190.52, 556.93, 1221.73, 556.93, 31.22, 14.09
8.93, 34, black car, 690.88, 527.38, 718.72, 540.01, 704.80, 533.70, 690.88, 533.70, 718.72, 533.70, 27.83, 12.63
8.93, 53, white car, 833.16, 538.34, 862.50, 550.55, 847.83, 544.44, 833.16, 544.44, 862.50, 544.44, 29.33, 12.21
8.93, 28, red car, 598.01, 519.41, 619.83, 531.01, 608.92, 525.21, 598.01, 525.21, 619.83, 525.21, 21.82, 11.59
8.97, 42, white car, 1187.60, 549.79, 1218.48, 563.73, 1203.04, 556.76, 1187.60, 556.76, 1218.48, 556.76, 30.89, 13.95
8.97, 34, black car, 688.43, 527.14, 716.71, 540.00, 702.57, 533.57, 688.43, 533.57, 716.71, 533.57, 28.28, 12.86
8.97, 53, white car, 830.57, 538.07, 860.55, 550.56, 845.56, 544.31, 830.57, 544.31, 860.55, 544.31, 29.98, 12.49
9.00, 42, white car, 1185.00, 549.85, 1215.24, 563.45, 1200.12, 556.65, 1185.00, 556.65, 1215.24, 556.65, 30.24, 13.60
9.00, 34, black car, 686.07, 526.81, 714.62, 539.79, 700.34, 533.30, 686.07, 533.30, 714.62, 533.30, 28.55, 12.98
9.00, 53, white car, 827.93, 537.84, 858.26, 550.47, 843.10, 544.16, 827.93, 544.16, 858.26, 544.16, 30.33, 12.63
9.03, 42, white car, 1181.71, 549.65, 1212.21, 563.37, 1196.96, 556.51, 1181.71, 556.51, 1212.21, 556.51, 30.50, 13.72
9.03, 34, black car, 683.85, 526.52, 712.72, 539.65, 698.28, 533.08, 683.85, 533.08, 712.72, 533.08, 28.87, 13.14
9.03, 53, white car, 825.87, 537.85, 856.09, 550.43, 840.98, 544.14, 825.87, 544.14, 856.09, 544.14, 30.21, 12.58
9.07, 42, white car, 1178.32, 549.64, 1208.56, 563.23, 1193.44, 556.44, 1178.32, 556.44, 1208.56, 556.44, 30.24, 13.59
9.07, 34, black car, 681.50, 526.40, 710.43, 539.56, 695.96, 532.98, 681.50, 532.98, 710.43, 532.98, 28.93, 13.16
9.10, 42, white car, 1175.18, 549.63, 1205.32, 563.19, 1190.25, 556.41, 1175.18, 556.41, 1205.32, 556.41, 30.15, 13.56
9.10, 34, black car, 679.29, 526.20, 708.19, 539.31, 693.74, 532.76, 679.29, 532.76, 708.19, 532.76, 28.90, 13.11
9.10, 28, red car, 585.46, 518.03, 608.00, 530.09, 596.73, 524.06, 585.46, 524.06, 608.00, 524.06, 22.54, 12.05
9.13, 42, white car, 1172.00, 549.57, 1201.86, 563.01, 1186.93, 556.29, 1172.00, 556.29, 1201.86, 556.29, 29.87, 13.44
9.13, 34, black car, 677.31, 526.24, 705.87, 539.16, 691.59, 532.70, 677.31, 532.70, 705.87, 532.70, 28.56, 12.92
9.13, 28, red car, 582.99, 517.70, 605.63, 529.86, 594.31, 523.78, 582.99, 523.78, 605.63, 523.78, 22.64, 12.16
9.13, 53, white car, 818.87, 537.42, 849.45, 550.13, 834.16, 543.78, 818.87, 543.78, 849.45, 543.78, 30.58, 12.71
9.17, 42, white car, 1168.96, 549.45, 1199.00, 562.96, 1183.98, 556.20, 1168.96, 556.20, 1199.00, 556.20, 30.05, 13.52
9.17, 34, black car, 674.73, 526.00, 703.27, 538.93, 689.00, 532.46, 674.73, 532.46, 703.27, 532.46, 28.53, 12.93
9.17, 28, red car, 581.25, 517.36, 603.55, 529.46, 592.40, 523.41, 581.25, 523.41, 603.55, 523.41, 22.30, 12.10
9.20, 42, white car, 1165.88, 549.36, 1195.95, 562.87, 1180.92, 556.11, 1165.88, 556.11, 1195.95, 556.11, 30.08, 13.51
9.20, 34, black car, 672.34, 525.65, 700.88, 538.60, 686.61, 532.12, 672.34, 532.12, 700.88, 532.12, 28.55, 12.95
9.20, 28, red car, 579.18, 517.26, 601.25, 529.25, 590.22, 523.26, 579.18, 523.26, 601.25, 523.26, 22.07, 11.99
9.23, 42, white car, 1162.33, 549.27, 1192.88, 563.01, 1177.60, 556.14, 1162.33, 556.14, 1192.88, 556.14, 30.55, 13.74
9.23, 34, black car, 670.15, 525.26, 699.29, 538.51, 684.72, 531.89, 670.15, 531.89, 699.29, 531.89, 29.14, 13.25
9.23, 28, red car, 576.58, 517.09, 598.55, 529.02, 587.57, 523.05, 576.58, 523.05, 598.55, 523.05, 21.97, 11.93
9.27, 42, white car, 1159.12, 549.20, 1189.86, 563.03, 1174.49, 556.11, 1159.12, 556.11, 1189.86, 556.11, 30.74, 13.83
9.27, 34, black car, 668.09, 525.07, 697.10, 538.32, 682.60, 531.69, 668.09, 531.69, 697.10, 531.69, 29.01, 13.25
9.27, 28, red car, 574.29, 517.13, 595.94, 528.87, 585.11, 523.00, 574.29, 523.00, 595.94, 523.00, 21.66, 11.74
9.30, 42, white car, 1156.36, 549.29, 1186.42, 562.75, 1171.39, 556.02, 1156.36, 556.02, 1186.42, 556.02, 30.06, 13.46
9.30, 34, black car, 666.05, 525.02, 694.57, 538.05, 680.31, 531.53, 666.05, 531.53, 694.57, 531.53, 28.52, 13.03
9.30, 28, red car, 571.64, 516.95, 593.56, 528.82, 582.60, 522.89, 571.64, 522.89, 593.56, 522.89, 21.92, 11.87
9.33, 42, white car, 1153.15, 549.21, 1183.18, 562.60, 1168.16, 555.90, 1153.15, 555.90, 1183.18, 555.90, 30.03, 13.40
9.33, 34, black car, 663.70, 524.62, 692.49, 537.75, 678.10, 531.18, 663.70, 531.18, 692.49, 531.18, 28.79, 13.13
9.33, 28, red car, 568.90, 516.76, 590.96, 528.70, 579.93, 522.73, 568.90, 522.73, 590.96, 522.73, 22.06, 11.95
9.33, 53, white car, 805.09, 536.31, 836.00, 549.16, 820.55, 542.74, 805.09, 542.74, 836.00, 542.74, 30.91, 12.85
9.37, 42, white car, 1149.81, 549.12, 1180.12, 562.60, 1164.97, 555.86, 1149.81, 555.86, 1180.12, 555.86, 30.31, 13.48
9.37, 34, black car, 661.51, 524.09, 690.29, 537.22, 675.90, 530.65, 661.51, 530.65, 690.29, 530.65, 28.78, 13.13
9.37, 28, red car, 567.07, 516.34, 588.73, 528.08, 577.90, 522.21, 567.07, 522.21, 588.73, 522.21, 21.65, 11.74
9.40, 42, white car, 1146.36, 549.30, 1176.53, 562.66, 1161.45, 555.98, 1146.36, 555.98, 1176.53, 555.98, 30.17, 13.36
9.40, 34, black car, 658.90, 523.82, 687.77, 536.99, 673.33, 530.41, 658.90, 530.41, 687.77, 530.41, 28.87, 13.18
9.40, 28, red car, 564.95, 516.03, 586.82, 527.87, 575.88, 521.95, 564.95, 521.95, 586.82, 521.95, 21.87, 11.84
9.43, 42, white car, 1143.48, 549.25, 1173.58, 562.53, 1158.53, 555.89, 1143.48, 555.89, 1173.58, 555.89, 30.10, 13.27
9.43, 34, black car, 656.65, 523.55, 685.88, 536.93, 671.27, 530.24, 656.65, 530.24, 685.88, 530.24, 29.22, 13.38
9.43, 28, red car, 562.00, 515.67, 584.18, 527.60, 573.09, 521.63, 562.00, 521.63, 584.18, 521.63, 22.18, 11.93
9.47, 42, white car, 1140.52, 549.25, 1170.71, 562.53, 1155.61, 555.89, 1140.52, 555.89, 1170.71, 555.89, 30.19, 13.28
9.47, 34, black car, 654.58, 523.49, 683.77, 536.87, 669.17, 530.18, 654.58, 530.18, 683.77, 530.18, 29.20, 13.37
9.47, 28, red car, 559.66, 515.52, 581.86, 527.45, 570.76, 521.48, 559.66, 521.48, 581.86, 521.48, 22.20, 11.93
9.50, 42, white car, 1137.37, 549.20, 1167.52, 562.44, 1152.44, 555.82, 1137.37, 555.82, 1167.52, 555.82, 30.15, 13.24
9.50, 34, black car, 652.43, 523.42, 681.45, 536.74, 666.94, 530.08, 652.43, 530.08, 681.45, 530.08, 29.02, 13.32
9.50, 28, red car, 556.85, 515.31, 579.02, 527.24, 567.93, 521.27, 556.85, 521.27, 579.02, 521.27, 22.17, 11.93
9.53, 42, white car, 1133.80, 548.98, 1164.56, 562.48, 1149.18, 555.73, 1133.80, 555.73, 1164.56, 555.73, 30.76, 13.51
9.53, 34, black car, 650.20, 523.24, 679.03, 536.50, 664.61, 529.87, 650.20, 529.87, 679.03, 529.87, 28.83, 13.25
9.53, 28, red car, 554.16, 515.04, 576.32, 526.95, 565.24, 521.00, 554.16, 521.00, 576.32, 521.00, 22.16, 11.91
9.53, 53, white car, 791.50, 535.51, 822.13, 548.24, 806.82, 541.88, 791.50, 541.88, 822.13, 541.88, 30.63, 12.73
9.57, 42, white car, 1130.78, 548.92, 1161.65, 562.47, 1146.22, 555.70, 1130.78, 555.70, 1161.65, 555.70, 30.86, 13.54
9.57, 34, black car, 647.94, 522.95, 676.57, 536.09, 662.25, 529.52, 647.94, 529.52, 676.57, 529.52, 28.63, 13.14
9.57, 28, red car, 551.77, 514.63, 573.98, 526.57, 562.88, 520.60, 551.77, 520.60, 573.98, 520.60, 22.20, 11.94
9.57, 53, white car, 789.28, 535.30, 819.98, 548.05, 804.63, 541.67, 789.28, 541.67, 819.98, 541.67, 30.70, 12.76
9.60, 42, white car, 1127.59, 548.87, 1158.72, 562.53, 1143.15, 555.70, 1127.59, 555.70, 1158.72, 555.70, 31.13, 13.66
9.60, 34, black car, 645.03, 522.83, 673.46, 535.87, 659.24, 529.35, 645.03, 529.35, 673.46, 529.35, 28.43, 13.04
9.60, 28, red car, 549.18, 514.39, 571.44, 526.34, 560.31, 520.36, 549.18, 520.36, 571.44, 520.36, 22.26, 11.95
9.60, 53, white car, 787.19, 535.19, 817.79, 547.90, 802.49, 541.54, 787.19, 541.54, 817.79, 541.54, 30.60, 12.71
9.63, 42, white car, 1124.31, 548.97, 1155.41, 562.59, 1139.86, 555.78, 1124.31, 555.78, 1155.41, 555.78, 31.10, 13.61
9.63, 34, black car, 642.57, 522.26, 671.38, 535.52, 656.97, 528.89, 642.57, 528.89, 671.38, 528.89, 28.80, 13.26
9.63, 28, red car, 547.06, 514.16, 569.19, 526.01, 558.12, 520.08, 547.06, 520.08, 569.19, 520.08, 22.13, 11.86
9.67, 42, white car, 1120.94, 549.06, 1151.84, 562.58, 1136.39, 555.82, 1120.94, 555.82, 1151.84, 555.82, 30.91, 13.52
9.67, 34, black car, 640.10, 521.90, 669.17, 535.33, 654.64, 528.62, 640.10, 528.62, 669.17, 528.62, 29.07, 13.44
9.67, 28, red car, 544.87, 513.95, 567.10, 525.83, 555.99, 519.89, 544.87, 519.89, 567.10, 519.89, 22.23, 11.88
9.67, 53, white car, 782.66, 535.01, 813.21, 547.78, 797.94, 541.40, 782.66, 541.40, 813.21, 541.40, 30.56, 12.77
9.70, 42, white car, 1117.70, 548.97, 1148.42, 562.39, 1133.06, 555.68, 1117.70, 555.68, 1148.42, 555.68, 30.72, 13.43
9.70, 34, black car, 637.97, 521.76, 667.22, 535.32, 652.60, 528.54, 637.97, 528.54, 667.22, 528.54, 29.25, 13.56
9.70, 28, red car, 542.45, 513.94, 564.57, 525.73, 553.51, 519.84, 542.45, 519.84, 564.57, 519.84, 22.12, 11.79
9.73, 42, white car, 1114.83, 548.85, 1145.49, 562.27, 1130.16, 555.56, 1114.83, 555.56, 1145.49, 555.56, 30.66, 13.42
9.73, 34, black car, 635.88, 521.41, 664.98, 534.92, 650.43, 528.17, 635.88, 528.17, 664.98, 528.17, 29.10, 13.51
9.73, 28, red car, 539.55, 513.60, 561.98, 525.60, 550.77, 519.60, 539.55, 519.60, 561.98, 519.60, 22.43, 12.00
9.77, 42, white car, 1112.23, 548.62, 1142.55, 561.85, 1127.39, 555.23, 1112.23, 555.23, 1142.55, 555.23, 30.32, 13.23
9.77, 34, black car, 633.94, 521.39, 662.49, 534.63, 648.22, 528.01, 633.94, 528.01, 662.49, 528.01, 28.55, 13.24
9.77, 28, red car, 537.33, 513.17, 559.89, 525.29, 548.61, 519.23, 537.33, 519.23, 559.89, 519.23, 22.56, 12.12
9.80, 42, white car, 1109.21, 548.49, 1139.47, 561.67, 1124.34, 555.08, 1109.21, 555.08, 1139.47, 555.08, 30.26, 13.19
9.80, 34, black car, 631.10, 521.22, 660.09, 534.65, 645.59, 527.94, 631.10, 527.94, 660.09, 527.94, 28.99, 13.43
9.80, 28, red car, 535.12, 512.43, 557.78, 524.65, 546.45, 518.54, 535.12, 518.54, 557.78, 518.54, 22.67, 12.22
9.83, 42, white car, 1105.71, 548.27, 1136.42, 561.64, 1121.07, 554.96, 1105.71, 554.96, 1136.42, 554.96, 30.71, 13.36
9.83, 34, black car, 628.91, 520.89, 657.95, 534.37, 643.43, 527.63, 628.91, 527.63, 657.95, 527.63, 29.04, 13.48
9.83, 28, red car, 533.11, 512.28, 555.71, 524.45, 544.41, 518.36, 533.11, 518.36, 555.71, 518.36, 22.60, 12.18
9.87, 42, white car, 1102.63, 548.28, 1133.23, 561.56, 1117.93, 554.92, 1102.63, 554.92, 1133.23, 554.92, 30.60, 13.28
9.87, 34, black car, 626.82, 520.66, 656.01, 534.22, 641.42, 527.44, 626.82, 527.44, 656.01, 527.44, 29.19, 13.57
9.87, 28, red car, 531.38, 512.42, 553.41, 524.22, 542.40, 518.32, 531.38, 518.32, 553.41, 518.32, 22.03, 11.81
9.90, 42, white car, 1099.55, 548.24, 1130.42, 561.62, 1114.99, 554.93, 1099.55, 554.93, 1130.42, 554.93, 30.87, 13.38
9.90, 34, black car, 624.67, 520.50, 653.71, 533.99, 639.19, 527.24, 624.67, 527.24, 653.71, 527.24, 29.04, 13.50
9.90, 28, red car, 528.77, 512.54, 550.57, 524.15, 539.67, 518.35, 528.77, 518.35, 550.57, 518.35, 21.81, 11.62
9.93, 42, white car, 1096.61, 548.30, 1127.11, 561.49, 1111.86, 554.90, 1096.61, 554.90, 1127.11, 554.90, 30.50, 13.18
9.93, 34, black car, 622.29, 520.18, 651.35, 533.68, 636.82, 526.93, 622.29, 526.93, 651.35, 526.93, 29.06, 13.50
9.93, 28, red car, 526.00, 512.24, 547.96, 523.93, 536.98, 518.08, 526.00, 518.08, 547.96, 518.08, 21.96, 11.69
