0.00, 2, white car, 825.13, 520.89, 846.61, 530.74, 835.87, 525.82, 825.13, 525.82, 846.61, 525.82, 21.48, 9.86
0.00, 8, white car, 1024.15, 515.34, 1051.69, 526.77, 1037.92, 521.05, 1024.15, 521.05, 1051.69, 521.05, 27.54, 11.43
0.03, 2, white car, 822.67, 520.85, 844.08, 530.67, 833.37, 525.76, 822.67, 525.76, 844.08, 525.76, 21.41, 9.82
0.03, 8, white car, 1021.12, 515.09, 1049.11, 526.71, 1035.11, 520.90, 1021.12, 520.90, 1049.11, 520.90, 27.99, 11.62
0.07, 2, white car, 820.37, 521.04, 841.85, 530.90, 831.11, 525.97, 820.37, 525.97, 841.85, 525.97, 21.48, 9.85
0.07, 8, white car, 1018.34, 514.98, 1046.26, 526.56, 1032.30, 520.77, 1018.34, 520.77, 1046.26, 520.77, 27.92, 11.58
0.10, 2, white car, 817.50, 521.04, 839.45, 531.09, 828.48, 526.07, 817.50, 526.07, 839.45, 526.07, 21.94, 10.05
0.10, 8, white car, 1015.94, 515.08, 1044.18, 526.79, 1030.06, 520.93, 1015.94, 520.93, 1044.18, 520.93, 28.24, 11.71
0.13, 2, white car, 814.73, 520.96, 836.48, 530.90, 825.61, 525.93, 814.73, 525.93, 836.48, 525.93, 21.76, 9.94
0.13, 8, white car, 1013.42, 515.36, 1041.42, 526.97, 1027.42, 521.16, 1013.42, 521.16, 1041.42, 521.16, 28.01, 11.61
0.17, 2, white car, 811.88, 520.94, 834.00, 531.04, 822.94, 525.99, 811.88, 525.99, 834.00, 525.99, 22.12, 10.10
0.17, 8, white car, 1010.68, 515.57, 1038.59, 527.15, 1024.64, 521.36, 1010.68, 521.36, 1038.59, 521.36, 27.91, 11.59
0.20, 8, white car, 1008.51, 515.58, 1035.72, 526.92, 1022.12, 521.25, 1008.51, 521.25, 1035.72, 521.25, 27.21, 11.34
0.23, 8, white car, 1005.45, 515.39, 1032.80, 526.81, 1019.12, 521.10, 1005.45, 521.10, 1032.80, 521.10, 27.35, 11.42
0.27, 8, white car, 1002.26, 515.49, 1030.07, 527.07, 1016.17, 521.28, 1002.26, 521.28, 1030.07, 521.28, 27.81, 11.59
0.27, 2, white car, 804.05, 520.81, 825.79, 530.72, 814.92, 525.76, 804.05, 525.76, 825.79, 525.76, 21.74, 9.91
0.30, 8, white car, 1000.25, 515.79, 1027.88, 527.30, 1014.07, 521.54, 1000.25, 521.54, 1027.88, 521.54, 27.63, 11.51
0.30, 2, white car, 801.72, 520.92, 823.41, 530.80, 812.56, 525.86, 801.72, 525.86, 823.41, 525.86, 21.69, 9.88
0.33, 8, white car, 997.23, 516.36, 1024.18, 527.49, 1010.71, 521.92, 997.23, 521.92, 1024.18, 521.92, 26.95, 11.13
0.33, 2, white car, 798.74, 521.00, 820.37, 530.84, 809.55, 525.92, 798.74, 525.92, 820.37, 525.92, 21.62, 9.85
0.37, 8, white car, 994.69, 516.14, 1022.18, 527.54, 1008.43, 521.84, 994.69, 521.84, 1022.18, 521.84, 27.49, 11.40
0.37, 2, white car, 795.97, 521.02, 817.41, 530.76, 806.69, 525.89, 795.97, 525.89, 817.41, 525.89, 21.43, 9.75
0.40, 8, white car, 990.62, 516.16, 1018.54, 527.74, 1004.58, 521.95, 990.62, 521.95, 1018.54, 521.95, 27.92, 11.58
0.40, 2, white car, 793.70, 521.28, 814.67, 530.80, 804.18, 526.04, 793.70, 526.04, 814.67, 526.04, 20.97, 9.52
0.43, 8, white car, 987.65, 516.37, 1015.64, 527.96, 1001.64, 522.16, 987.65, 522.16, 1015.64, 522.16, 27.99, 11.59
0.43, 2, white car, 791.19, 521.49, 811.92, 530.88, 801.56, 526.18, 791.19, 526.18, 811.92, 526.18, 20.73, 9.39
0.47, 8, white car, 984.87, 516.49, 1013.19, 528.21, 999.03, 522.35, 984.87, 522.35, 1013.19, 522.35, 28.33, 11.72
0.47, 2, white car, 788.68, 521.58, 809.31, 530.90, 798.99, 526.24, 788.68, 526.24, 809.31, 526.24, 20.63, 9.33
0.50, 8, white car, 981.92, 516.59, 1010.14, 528.28, 996.03, 522.43, 981.92, 522.43, 1010.14, 522.43, 28.22, 11.69
0.50, 2, white car, 785.41, 521.78, 806.13, 531.11, 795.77, 526.44, 785.41, 526.44, 806.13, 526.44, 20.73, 9.34
0.53, 8, white car, 978.75, 516.37, 1007.33, 528.21, 993.04, 522.29, 978.75, 522.29, 1007.33, 522.29, 28.58, 11.84
0.57, 8, white car, 976.00, 516.32, 1004.30, 528.06, 990.15, 522.19, 976.00, 522.19, 1004.30, 522.19, 28.30, 11.74
0.60, 8, white car, 974.05, 516.70, 1001.78, 528.18, 987.91, 522.44, 974.05, 522.44, 1001.78, 522.44, 27.74, 11.48
0.63, 8, white car, 971.23, 516.86, 998.93, 528.30, 985.08, 522.58, 971.23, 522.58, 998.93, 522.58, 27.71, 11.44
0.63, 2, white car, 774.58, 521.62, 795.98, 531.25, 785.28, 526.43, 774.58, 526.43, 795.98, 526.43, 21.39, 9.63
0.67, 8, white car, 968.58, 517.09, 996.14, 528.48, 982.36, 522.78, 968.58, 522.78, 996.14, 522.78, 27.55, 11.39
0.67, 2, white car, 771.71, 521.77, 793.28, 531.48, 782.49, 526.62, 771.71, 526.62, 793.28, 526.62, 21.57, 9.72
0.70, 8, white car, 965.86, 517.07, 993.57, 528.56, 979.72, 522.82, 965.86, 522.82, 993.57, 522.82, 27.71, 11.49
0.70, 2, white car, 768.71, 521.56, 790.64, 531.43, 779.67, 526.49, 768.71, 526.49, 790.64, 526.49, 21.93, 9.88
0.73, 8, white car, 962.97, 517.05, 990.63, 528.51, 976.80, 522.78, 962.97, 522.78, 990.63, 522.78, 27.66, 11.46
0.73, 2, white car, 766.33, 521.42, 788.01, 531.17, 777.17, 526.30, 766.33, 526.30, 788.01, 526.30, 21.68, 9.75
0.77, 8, white car, 960.53, 517.33, 987.59, 528.53, 974.06, 522.93, 960.53, 522.93, 987.59, 522.93, 27.06, 11.20
0.77, 2, white car, 763.47, 521.59, 785.08, 531.29, 774.27, 526.44, 763.47, 526.44, 785.08, 526.44, 21.62, 9.70
0.80, 8, white car, 957.44, 517.42, 984.93, 528.79, 971.19, 523.11, 957.44, 523.11, 984.93, 523.11, 27.49, 11.37
0.80, 2, white car, 760.69, 521.72, 782.38, 531.39, 771.54, 526.56, 760.69, 526.56, 782.38, 526.56, 21.69, 9.68
0.83, 8, white car, 954.83, 517.53, 982.22, 528.85, 968.52, 523.19, 954.83, 523.19, 982.22, 523.19, 27.39, 11.33
0.83, 2, white car, 757.56, 521.69, 779.50, 531.42, 768.53, 526.56, 757.56, 526.56, 779.50, 526.56, 21.94, 9.73
0.87, 8, white car, 952.37, 517.52, 979.76, 528.91, 966.06, 523.21, 952.37, 523.21, 979.76, 523.21, 27.38, 11.38
0.87, 2, white car, 754.86, 521.57, 777.09, 531.40, 765.97, 526.48, 754.86, 526.48, 777.09, 526.48, 22.24, 9.83
0.90, 8, white car, 949.53, 517.45, 976.60, 528.69, 963.07, 523.07, 949.53, 523.07, 976.60, 523.07, 27.06, 11.23
0.93, 8, white car, 946.22, 517.53, 973.84, 528.98, 960.03, 523.26, 946.22, 523.26, 973.84, 523.26, 27.62, 11.45
0.97, 8, white car, 943.30, 517.95, 970.70, 529.30, 957.00, 523.62, 943.30, 523.62, 970.70, 523.62, 27.40, 11.35
0.97, 2, white car, 747.53, 521.48, 769.76, 531.28, 758.64, 526.38, 747.53, 526.38, 769.76, 526.38, 22.23, 9.80
1.00, 8, white car, 940.40, 518.00, 967.79, 529.31, 954.09, 523.66, 940.40, 523.66, 967.79, 523.66, 27.40, 11.30
1.00, 2, white car, 745.24, 521.59, 767.42, 531.37, 756.33, 526.48, 745.24, 526.48, 767.42, 526.48, 22.18, 9.78
1.03, 8, white car, 937.68, 518.12, 965.26, 529.49, 951.47, 523.81, 937.68, 523.81, 965.26, 523.81, 27.58, 11.36
1.03, 2, white car, 742.50, 521.82, 764.40, 531.50, 753.45, 526.66, 742.50, 526.66, 764.40, 526.66, 21.90, 9.68
1.07, 8, white car, 934.94, 518.09, 962.70, 529.49, 948.82, 523.79, 934.94, 523.79, 962.70, 523.79, 27.76, 11.40
1.07, 2, white car, 739.60, 521.73, 761.60, 531.47, 750.60, 526.60, 739.60, 526.60, 761.60, 526.60, 22.00, 9.73
1.10, 8, white car, 932.19, 518.25, 959.94, 529.62, 946.06, 523.94, 932.19, 523.94, 959.94, 523.94, 27.75, 11.37
1.10, 2, white car, 737.14, 521.87, 758.78, 531.45, 747.96, 526.66, 737.14, 526.66, 758.78, 526.66, 21.64, 9.58
1.13, 8, white car, 929.86, 518.40, 956.89, 529.43, 943.37, 523.92, 929.86, 523.92, 956.89, 523.92, 27.03, 11.03
1.13, 2, white car, 734.36, 521.94, 755.98, 531.51, 745.17, 526.72, 734.36, 526.72, 755.98, 526.72, 21.62, 9.57
1.17, 8, white car, 926.82, 518.55, 953.60, 529.47, 940.21, 524.01, 926.82, 524.01, 953.60, 524.01, 26.78, 10.92
1.17, 2, white car, 731.56, 522.14, 753.16, 531.68, 742.36, 526.91, 731.56, 526.91, 753.16, 526.91, 21.60, 9.54
1.20, 8, white car, 923.82, 518.55, 950.87, 529.56, 937.34, 524.05, 923.82, 524.05, 950.87, 524.05, 27.04, 11.01
1.20, 2, white car, 728.22, 522.02, 749.89, 531.56, 739.06, 526.79, 728.22, 526.79, 749.89, 526.79, 21.67, 9.54
1.23, 8, white car, 920.75, 518.51, 948.16, 529.63, 934.45, 524.07, 920.75, 524.07, 948.16, 524.07, 27.41, 11.12
1.27, 8, white car, 917.82, 518.35, 945.87, 529.74, 931.85, 524.05, 917.82, 524.05, 945.87, 524.05, 28.05, 11.39
1.30, 8, white car, 915.73, 518.80, 943.22, 529.93, 929.47, 524.37, 915.73, 524.37, 943.22, 524.37, 27.49, 11.13
1.33, 8, white car, 912.77, 518.86, 940.54, 530.08, 926.65, 524.47, 912.77, 524.47, 940.54, 524.47, 27.77, 11.22
1.33, 2, white car, 718.02, 521.64, 739.92, 531.27, 728.97, 526.45, 718.02, 526.45, 739.92, 526.45, 21.90, 9.63
1.37, 8, white car, 910.01, 518.80, 937.99, 530.10, 924.00, 524.45, 910.01, 524.45, 937.99, 524.45, 27.98, 11.30
1.37, 2, white car, 715.24, 521.80, 737.08, 531.43, 726.16, 526.61, 715.24, 526.61, 737.08, 526.61, 21.84, 9.63
1.40, 8, white car, 906.96, 518.80, 935.43, 530.27, 921.19, 524.54, 906.96, 524.54, 935.43, 524.54, 28.47, 11.48
1.40, 2, white car, 712.21, 521.73, 734.37, 531.53, 723.29, 526.63, 712.21, 526.63, 734.37, 526.63, 22.16, 9.80
1.43, 8, white car, 904.55, 519.02, 932.63, 530.35, 918.59, 524.68, 904.55, 524.68, 932.63, 524.68, 28.08, 11.33
1.43, 2, white car, 709.46, 521.79, 731.23, 531.45, 720.35, 526.62, 709.46, 526.62, 731.23, 526.62, 21.78, 9.66
1.47, 8, white car, 901.61, 519.01, 929.99, 530.45, 915.80, 524.73, 901.61, 524.73, 929.99, 524.73, 28.38, 11.44
1.47, 2, white car, 706.73, 521.96, 728.31, 531.59, 717.52, 526.77, 706.73, 526.77, 728.31, 526.77, 21.58, 9.63
1.50, 8, white car, 898.28, 519.10, 926.80, 530.61, 912.54, 524.86, 898.28, 524.86, 926.80, 524.86, 28.52, 11.52
1.50, 2, white car, 704.35, 521.73, 725.87, 531.33, 715.11, 526.53, 704.35, 526.53, 725.87, 526.53, 21.51, 9.60
1.53, 8, white car, 895.77, 519.27, 924.42, 530.88, 910.10, 525.08, 895.77, 525.08, 924.42, 525.08, 28.65, 11.61
1.53, 2, white car, 701.99, 521.73, 723.39, 531.28, 712.69, 526.51, 701.99, 526.51, 723.39, 526.51, 21.40, 9.54
1.57, 8, white car, 892.16, 519.16, 921.15, 530.90, 906.66, 525.03, 892.16, 525.03, 921.15, 525.03, 28.99, 11.73
1.57, 2, white car, 699.78, 521.88, 720.84, 531.26, 710.31, 526.57, 699.78, 526.57, 720.84, 526.57, 21.06, 9.38
1.60, 8, white car, 890.17, 519.26, 918.93, 530.91, 904.55, 525.09, 890.17, 525.09, 918.93, 525.09, 28.75, 11.65
1.63, 8, white car, 888.19, 519.32, 916.00, 530.53, 902.10, 524.93, 888.19, 524.93, 916.00, 524.93, 27.80, 11.21
1.67, 8, white car, 885.27, 519.38, 913.05, 530.55, 899.16, 524.96, 885.27, 524.96, 913.05, 524.96, 27.79, 11.18
1.67, 2, white car, 690.39, 521.00, 712.45, 530.82, 701.42, 525.91, 690.39, 525.91, 712.45, 525.91, 22.06, 9.82
1.70, 8, white car, 882.41, 519.46, 910.73, 530.85, 896.57, 525.15, 882.41, 525.15, 910.73, 525.15, 28.32, 11.39
1.70, 2, white car, 687.93, 521.20, 710.20, 531.14, 699.06, 526.17, 687.93, 526.17, 710.20, 526.17, 22.27, 9.94
1.73, 8, white car, 880.02, 519.61, 908.00, 530.86, 894.01, 525.24, 880.02, 525.24, 908.00, 525.24, 27.98, 11.26
1.73, 2, white car, 685.74, 521.31, 707.74, 531.17, 696.74, 526.24, 685.74, 526.24, 707.74, 526.24, 21.99, 9.86
1.77, 8, white car, 877.14, 519.52, 905.47, 530.89, 891.30, 525.21, 877.14, 525.21, 905.47, 525.21, 28.33, 11.37
1.77, 2, white car, 682.77, 521.27, 704.75, 531.13, 693.76, 526.20, 682.77, 526.20, 704.75, 526.20, 21.98, 9.86
1.80, 8, white car, 874.35, 519.58, 902.98, 531.08, 888.66, 525.33, 874.35, 525.33, 902.98, 525.33, 28.63, 11.50
1.80, 2, white car, 680.17, 521.44, 701.66, 531.11, 690.91, 526.27, 680.17, 526.27, 701.66, 526.27, 21.49, 9.67
1.83, 8, white car, 871.47, 519.61, 900.02, 531.12, 885.74, 525.37, 871.47, 525.37, 900.02, 525.37, 28.56, 11.51
1.83, 2, white car, 677.49, 521.36, 699.04, 531.08, 688.26, 526.22, 677.49, 526.22, 699.04, 526.22, 21.56, 9.72
1.87, 8, white car, 868.35, 519.62, 897.15, 531.29, 882.75, 525.45, 868.35, 525.45, 897.15, 525.45, 28.79, 11.67
1.87, 2, white car, 674.97, 521.08, 696.44, 530.76, 685.71, 525.92, 674.97, 525.92, 696.44, 525.92, 21.47, 9.68
1.90, 8, white car, 866.26, 519.82, 894.41, 531.26, 880.33, 525.54, 866.26, 525.54, 894.41, 525.54, 28.15, 11.44
1.90, 2, white car, 672.06, 521.04, 693.45, 530.69, 682.75, 525.86, 672.06, 525.86, 693.45, 525.86, 21.40, 9.65
1.97, 8, white car, 860.56, 520.05, 888.56, 531.39, 874.56, 525.72, 860.56, 525.72, 888.56, 525.72, 28.00, 11.34
2.00, 8, white car, 857.37, 519.99, 885.29, 531.30, 871.33, 525.64, 857.37, 525.64, 885.29, 525.64, 27.92, 11.31
2.03, 8, white car, 854.95, 519.91, 882.72, 531.16, 868.83, 525.54, 854.95, 525.54, 882.72, 525.54, 27.76, 11.26
2.03, 2, white car, 661.74, 520.89, 683.60, 530.78, 672.67, 525.83, 661.74, 525.83, 683.60, 525.83, 21.85, 9.89
2.07, 8, white car, 852.40, 519.80, 880.53, 531.24, 866.47, 525.52, 852.40, 525.52, 880.53, 525.52, 28.13, 11.44
2.07, 2, white car, 658.98, 521.15, 680.55, 530.94, 669.77, 526.05, 658.98, 526.05, 680.55, 526.05, 21.57, 9.79
2.10, 8, white car, 849.46, 519.68, 877.63, 531.12, 863.55, 525.40, 849.46, 525.40, 877.63, 525.40, 28.17, 11.44
2.10, 2, white car, 656.02, 521.05, 677.68, 530.89, 666.85, 525.97, 656.02, 525.97, 677.68, 525.97, 21.66, 9.84
2.13, 8, white car, 846.94, 519.68, 875.13, 531.11, 861.04, 525.40, 846.94, 525.40, 875.13, 525.40, 28.19, 11.43
2.13, 2, white car, 653.65, 520.99, 674.85, 530.63, 664.25, 525.81, 653.65, 525.81, 674.85, 525.81, 21.19, 9.63
2.17, 8, white car, 844.39, 519.75, 872.26, 531.07, 858.33, 525.41, 844.39, 525.41, 872.26, 525.41, 27.87, 11.32
2.17, 2, white car, 650.70, 521.16, 671.96, 530.86, 661.33, 526.01, 650.70, 526.01, 671.96, 526.01, 21.25, 9.70
2.20, 8, white car, 841.56, 519.81, 869.71, 531.27, 855.63, 525.54, 841.56, 525.54, 869.71, 525.54, 28.15, 11.46
2.20, 2, white car, 647.66, 521.08, 669.37, 530.95, 658.52, 526.02, 647.66, 526.02, 669.37, 526.02, 21.71, 9.87
2.23, 8, white car, 838.94, 519.85, 866.99, 531.29, 852.97, 525.57, 838.94, 525.57, 866.99, 525.57, 28.06, 11.44
2.23, 2, white car, 645.03, 520.85, 666.56, 530.61, 655.80, 525.73, 645.03, 525.73, 666.56, 525.73, 21.53, 9.75
2.27, 8, white car, 836.09, 519.86, 864.13, 531.31, 850.11, 525.59, 836.09, 525.59, 864.13, 525.59, 28.03, 11.45
2.30, 8, white car, 833.79, 519.90, 861.78, 531.32, 847.79, 525.61, 833.79, 525.61, 861.78, 525.61, 27.99, 11.41
2.33, 8, white car, 831.67, 520.28, 858.76, 531.29, 845.21, 525.78, 831.67, 525.78, 858.76, 525.78, 27.09, 11.01
2.37, 8, white car, 829.04, 520.31, 855.94, 531.28, 842.49, 525.79, 829.04, 525.79, 855.94, 525.79, 26.89, 10.97
2.37, 2, white car, 634.06, 520.43, 656.46, 530.56, 645.26, 525.50, 634.06, 525.50, 656.46, 525.50, 22.41, 10.14
2.40, 8, white car, 826.11, 520.21, 853.31, 531.33, 839.71, 525.77, 826.11, 525.77, 853.31, 525.77, 27.20, 11.12
2.40, 2, white car, 631.57, 520.60, 653.80, 530.61, 642.68, 525.60, 631.57, 525.60, 653.80, 525.60, 22.22, 10.00
2.43, 8, white car, 823.13, 520.22, 850.65, 531.45, 836.89, 525.84, 823.13, 525.84, 850.65, 525.84, 27.52, 11.24
2.43, 2, white car, 628.91, 520.57, 650.99, 530.55, 639.95, 525.56, 628.91, 525.56, 650.99, 525.56, 22.08, 9.98
2.47, 8, white car, 820.11, 520.42, 847.61, 531.63, 833.86, 526.02, 820.11, 526.02, 847.61, 526.02, 27.49, 11.22
2.47, 2, white car, 626.30, 520.49, 648.32, 530.45, 637.31, 525.47, 626.30, 525.47, 648.32, 525.47, 22.02, 9.96
2.50, 8, white car, 817.86, 520.56, 845.16, 531.70, 831.51, 526.13, 817.86, 526.13, 845.16, 526.13, 27.30, 11.14
2.50, 2, white car, 624.12, 520.61, 645.64, 530.35, 634.88, 525.48, 624.12, 525.48, 645.64, 525.48, 21.51, 9.74
2.53, 8, white car, 815.18, 520.87, 842.39, 531.99, 828.79, 526.43, 815.18, 526.43, 842.39, 526.43, 27.20, 11.12
2.53, 2, white car, 621.41, 520.77, 642.65, 530.37, 632.03, 525.57, 621.41, 525.57, 642.65, 525.57, 21.24, 9.60
2.57, 8, white car, 812.51, 521.07, 839.91, 532.32, 826.21, 526.69, 812.51, 526.69, 839.91, 526.69, 27.40, 11.25
2.57, 2, white car, 618.76, 520.73, 639.84, 530.22, 629.30, 525.47, 618.76, 525.47, 639.84, 525.47, 21.08, 9.49
2.60, 8, white car, 809.93, 520.95, 836.99, 532.10, 823.46, 526.52, 809.93, 526.52, 836.99, 526.52, 27.06, 11.14
2.60, 2, white car, 615.81, 520.63, 637.05, 530.16, 626.43, 525.40, 615.81, 525.40, 637.05, 525.40, 21.23, 9.53
2.63, 8, white car, 806.56, 520.97, 834.14, 532.31, 820.35, 526.64, 806.56, 526.64, 834.14, 526.64, 27.58, 11.34
2.67, 8, white car, 803.91, 521.07, 830.85, 532.10, 817.38, 526.59, 803.91, 526.59, 830.85, 526.59, 26.94, 11.03
2.70, 8, white car, 801.74, 521.21, 828.74, 532.26, 815.24, 526.74, 801.74, 526.74, 828.74, 526.74, 27.00, 11.05
2.73, 8, white car, 799.06, 521.22, 825.94, 532.25, 812.50, 526.73, 799.06, 526.73, 825.94, 526.73, 26.89, 11.02
2.73, 2, white car, 604.77, 520.43, 626.74, 530.33, 615.75, 525.38, 604.77, 525.38, 626.74, 525.38, 21.97, 9.90
2.77, 8, white car, 796.76, 521.33, 823.37, 532.25, 810.06, 526.79, 796.76, 526.79, 823.37, 526.79, 26.61, 10.92
2.77, 2, white car, 602.21, 520.49, 623.74, 530.23, 612.97, 525.36, 602.21, 525.36, 623.74, 525.36, 21.52, 9.73
2.80, 8, white car, 793.61, 521.21, 820.47, 532.22, 807.04, 526.71, 793.61, 526.71, 820.47, 526.71, 26.86, 11.02
2.80, 2, white car, 598.96, 520.29, 620.85, 530.21, 609.91, 525.25, 598.96, 525.25, 620.85, 525.25, 21.89, 9.92
2.83, 8, white car, 790.91, 521.26, 817.80, 532.29, 804.36, 526.78, 790.91, 526.78, 817.80, 526.78, 26.90, 11.03
2.83, 2, white car, 596.56, 520.26, 618.02, 530.00, 607.29, 525.13, 596.56, 525.13, 618.02, 525.13, 21.46, 9.74
2.87, 8, white car, 788.25, 521.35, 815.40, 532.48, 801.83, 526.92, 788.25, 526.92, 815.40, 526.92, 27.15, 11.12
2.87, 2, white car, 594.19, 520.22, 615.45, 529.88, 604.82, 525.05, 594.19, 525.05, 615.45, 525.05, 21.26, 9.66
2.90, 8, white car, 785.63, 521.40, 812.78, 532.53, 799.20, 526.97, 785.63, 526.97, 812.78, 526.97, 27.14, 11.13
2.90, 2, white car, 591.60, 520.08, 613.19, 529.85, 602.40, 524.96, 591.60, 524.96, 613.19, 524.96, 21.60, 9.77
2.93, 8, white car, 783.16, 521.56, 810.37, 532.75, 796.76, 527.16, 783.16, 527.16, 810.37, 527.16, 27.20, 11.18
2.93, 2, white car, 589.10, 520.05, 610.64, 529.76, 599.87, 524.90, 589.10, 524.90, 610.64, 524.90, 21.54, 9.72
2.97, 8, white car, 780.49, 521.55, 807.85, 532.80, 794.17, 527.17, 780.49, 527.17, 807.85, 527.17, 27.37, 11.25
2.97, 2, white car, 585.96, 519.95, 607.88, 529.81, 596.92, 524.88, 585.96, 524.88, 607.88, 524.88, 21.92, 9.87
3.03, 8, white car, 775.64, 521.90, 801.81, 532.60, 788.72, 527.25, 775.64, 527.25, 801.81, 527.25, 26.16, 10.71
3.07, 8, white car, 772.98, 521.81, 799.10, 532.50, 786.04, 527.16, 772.98, 527.16, 799.10, 527.16, 26.11, 10.69
3.07, 2, white car, 577.54, 519.53, 600.12, 529.73, 588.83, 524.63, 577.54, 524.63, 600.12, 524.63, 22.59, 10.19
3.10, 8, white car, 769.87, 521.73, 796.62, 532.70, 783.25, 527.22, 769.87, 527.22, 796.62, 527.22, 26.75, 10.97
3.10, 2, white car, 575.30, 519.66, 597.71, 529.77, 586.51, 524.71, 575.30, 524.71, 597.71, 524.71, 22.41, 10.11
3.13, 8, white car, 767.31, 521.65, 794.12, 532.63, 780.72, 527.14, 767.31, 527.14, 794.12, 527.14, 26.81, 10.98
3.13, 2, white car, 573.01, 519.60, 594.68, 529.37, 583.85, 524.48, 573.01, 524.48, 594.68, 524.48, 21.67, 9.77
3.17, 8, white car, 764.11, 521.72, 791.47, 532.90, 777.79, 527.31, 764.11, 527.31, 791.47, 527.31, 27.36, 11.17
3.17, 2, white car, 570.36, 519.47, 591.86, 529.13, 581.11, 524.30, 570.36, 524.30, 591.86, 524.30, 21.50, 9.66
3.20, 8, white car, 762.08, 521.73, 789.26, 532.84, 775.67, 527.28, 762.08, 527.28, 789.26, 527.28, 27.18, 11.12
3.20, 2, white car, 567.19, 519.64, 588.45, 529.17, 577.82, 524.41, 567.19, 524.41, 588.45, 524.41, 21.26, 9.53
3.23, 8, white car, 758.62, 521.61, 786.36, 532.94, 772.49, 527.28, 758.62, 527.28, 786.36, 527.28, 27.74, 11.34
3.23, 2, white car, 564.58, 519.58, 585.71, 529.00, 575.15, 524.29, 564.58, 524.29, 585.71, 524.29, 21.13, 9.42
3.27, 8, white car, 755.89, 521.42, 783.71, 532.81, 769.80, 527.12, 755.89, 527.12, 783.71, 527.12, 27.82, 11.39
3.27, 2, white car, 562.23, 519.58, 583.00, 528.81, 572.62, 524.20, 562.23, 524.20, 583.00, 524.20, 20.77, 9.23
3.30, 8, white car, 754.01, 521.50, 781.38, 532.72, 767.69, 527.11, 754.01, 527.11, 781.38, 527.11, 27.38, 11.22
3.30, 2, white car, 559.59, 519.65, 580.09, 528.72, 569.84, 524.19, 559.59, 524.19, 580.09, 524.19, 20.50, 9.07
3.33, 8, white car, 750.47, 521.28, 778.21, 532.65, 764.34, 526.96, 750.47, 526.96, 778.21, 526.96, 27.74, 11.37
3.40, 8, white car, 745.64, 521.38, 773.05, 532.61, 759.34, 526.99, 745.64, 526.99, 773.05, 526.99, 27.41, 11.22
3.43, 8, white car, 743.34, 521.51, 770.28, 532.55, 756.81, 527.03, 743.34, 527.03, 770.28, 527.03, 26.94, 11.04
3.43, 2, white car, 548.36, 518.81, 571.24, 528.93, 559.80, 523.87, 548.36, 523.87, 571.24, 523.87, 22.88, 10.11
3.47, 8, white car, 741.12, 521.39, 767.89, 532.38, 754.51, 526.88, 741.12, 526.88, 767.89, 526.88, 26.77, 11.00
3.47, 2, white car, 545.65, 518.76, 568.51, 528.83, 557.08, 523.80, 545.65, 523.80, 568.51, 523.80, 22.86, 10.08
3.50, 8, white car, 738.03, 521.54, 765.16, 532.67, 751.59, 527.11, 738.03, 527.11, 765.16, 527.11, 27.13, 11.13
3.50, 2, white car, 542.64, 518.56, 565.61, 528.67, 554.12, 523.62, 542.64, 523.62, 565.61, 523.62, 22.97, 10.11
3.53, 8, white car, 735.75, 521.74, 762.61, 532.76, 749.18, 527.25, 735.75, 527.25, 762.61, 527.25, 26.86, 11.02
3.53, 2, white car, 540.31, 518.48, 563.20, 528.56, 551.75, 523.52, 540.31, 523.52, 563.20, 523.52, 22.89, 10.08
3.57, 8, white car, 732.89, 521.84, 760.22, 533.02, 746.55, 527.43, 732.89, 527.43, 760.22, 527.43, 27.33, 11.18
3.57, 2, white car, 537.87, 518.56, 560.41, 528.48, 549.14, 523.52, 537.87, 523.52, 560.41, 523.52, 22.54, 9.92
3.60, 8, white car, 729.57, 521.89, 757.10, 533.13, 743.33, 527.51, 729.57, 527.51, 757.10, 527.51, 27.53, 11.25
3.60, 2, white car, 535.17, 518.56, 557.66, 528.44, 546.41, 523.50, 535.17, 523.50, 557.66, 523.50, 22.49, 9.88
3.63, 8, white car, 726.83, 521.82, 754.57, 533.17, 740.70, 527.50, 726.83, 527.50, 754.57, 527.50, 27.74, 11.35
3.63, 2, white car, 532.56, 518.67, 554.77, 528.40, 543.67, 523.53, 532.56, 523.53, 554.77, 523.53, 22.22, 9.74
3.67, 8, white car, 724.30, 521.71, 752.16, 533.13, 738.23, 527.42, 724.30, 527.42, 752.16, 527.42, 27.86, 11.42
3.67, 2, white car, 529.67, 518.32, 551.92, 528.12, 540.80, 523.22, 529.67, 523.22, 551.92, 523.22, 22.25, 9.79
3.70, 2, white car, 526.98, 518.25, 549.34, 528.13, 538.16, 523.19, 526.98, 523.19, 549.34, 523.19, 22.36, 9.88
3.73, 2, white car, 524.30, 518.17, 546.89, 528.21, 535.59, 523.19, 524.30, 523.19, 546.89, 523.19, 22.60, 10.03
3.77, 2, white car, 521.15, 518.02, 544.04, 528.22, 532.60, 523.12, 521.15, 523.12, 544.04, 523.12, 22.89, 10.20
3.77, 8, white car, 716.80, 521.82, 743.79, 532.89, 730.30, 527.35, 716.80, 527.35, 743.79, 527.35, 26.99, 11.07
3.80, 2, white car, 519.05, 517.95, 541.81, 528.11, 530.43, 523.03, 519.05, 523.03, 541.81, 523.03, 22.76, 10.16
3.80, 8, white car, 714.31, 521.67, 741.20, 532.70, 727.75, 527.19, 714.31, 527.19, 741.20, 527.19, 26.89, 11.03
3.83, 2, white car, 515.90, 518.08, 538.63, 528.18, 527.27, 523.13, 515.90, 523.13, 538.63, 523.13, 22.73, 10.11
3.83, 8, white car, 712.01, 521.59, 738.76, 532.54, 725.38, 527.07, 712.01, 527.07, 738.76, 527.07, 26.75, 10.95
3.87, 2, white car, 513.15, 518.06, 536.12, 528.27, 524.64, 523.17, 513.15, 523.17, 536.12, 523.17, 22.97, 10.21
3.87, 8, white car, 708.72, 521.58, 735.67, 532.57, 722.19, 527.08, 708.72, 527.08, 735.67, 527.08, 26.94, 10.99
3.90, 2, white car, 510.47, 518.13, 532.94, 528.15, 521.70, 523.14, 510.47, 523.14, 532.94, 523.14, 22.46, 10.01
3.90, 8, white car, 706.27, 521.47, 733.11, 532.40, 719.69, 526.93, 706.27, 526.93, 733.11, 526.93, 26.84, 10.93
3.93, 2, white car, 507.92, 517.75, 530.30, 527.72, 519.11, 522.73, 507.92, 522.73, 530.30, 522.73, 22.38, 9.98
3.93, 8, white car, 703.87, 521.48, 730.61, 532.38, 717.24, 526.93, 703.87, 526.93, 730.61, 526.93, 26.74, 10.90
3.97, 2, white car, 505.85, 517.66, 528.14, 527.60, 517.00, 522.63, 505.85, 522.63, 528.14, 522.63, 22.30, 9.94
3.97, 8, white car, 701.35, 521.58, 727.71, 532.35, 714.53, 526.97, 701.35, 526.97, 727.71, 526.97, 26.36, 10.77
4.00, 2, white car, 503.45, 517.50, 525.50, 527.33, 514.47, 522.42, 503.45, 522.42, 525.50, 522.42, 22.06, 9.83
4.00, 8, white car, 699.32, 521.18, 725.62, 531.95, 712.47, 526.57, 699.32, 526.57, 725.62, 526.57, 26.29, 10.77
4.03, 2, white car, 500.30, 517.49, 522.46, 527.36, 511.38, 522.43, 500.30, 522.43, 522.46, 522.43, 22.16, 9.87
4.03, 8, white car, 696.28, 521.11, 722.83, 531.98, 709.56, 526.55, 696.28, 526.55, 722.83, 526.55, 26.56, 10.86
4.07, 2, white car, 497.81, 517.36, 519.55, 527.04, 508.68, 522.20, 497.81, 522.20, 519.55, 522.20, 21.74, 9.68
4.10, 2, white car, 494.79, 517.33, 516.71, 527.08, 505.75, 522.20, 494.79, 522.20, 516.71, 522.20, 21.92, 9.75
4.13, 2, white car, 492.37, 517.34, 514.65, 527.26, 503.51, 522.30, 492.37, 522.30, 514.65, 522.30, 22.28, 9.92
4.13, 8, white car, 688.34, 521.28, 714.75, 532.10, 701.55, 526.69, 688.34, 526.69, 714.75, 526.69, 26.40, 10.82
4.17, 2, white car, 490.04, 517.34, 512.10, 527.16, 501.07, 522.25, 490.04, 522.25, 512.10, 522.25, 22.06, 9.83
4.17, 8, white car, 685.02, 521.23, 712.21, 532.39, 698.62, 526.81, 685.02, 526.81, 712.21, 526.81, 27.19, 11.16
4.20, 2, white car, 487.47, 517.23, 509.18, 526.92, 498.32, 522.07, 487.47, 522.07, 509.18, 522.07, 21.71, 9.68
4.20, 8, white car, 682.75, 521.15, 709.96, 532.31, 696.35, 526.73, 682.75, 526.73, 709.96, 526.73, 27.21, 11.16
4.23, 2, white car, 485.13, 517.19, 506.32, 526.66, 495.73, 521.93, 485.13, 521.93, 506.32, 521.93, 21.19, 9.46
4.23, 8, white car, 680.28, 521.29, 707.51, 532.44, 693.90, 526.87, 680.28, 526.87, 707.51, 526.87, 27.23, 11.15
4.27, 2, white car, 482.92, 517.23, 503.75, 526.52, 493.34, 521.87, 482.92, 521.87, 503.75, 521.87, 20.83, 9.29
4.27, 8, white car, 677.99, 521.05, 704.80, 532.06, 691.40, 526.55, 677.99, 526.55, 704.80, 526.55, 26.82, 11.01
4.30, 2, white car, 479.33, 516.81, 501.24, 526.59, 490.28, 521.70, 479.33, 521.70, 501.24, 521.70, 21.91, 9.78
4.30, 8, white car, 675.25, 521.14, 702.42, 532.30, 688.84, 526.72, 675.25, 526.72, 702.42, 526.72, 27.16, 11.16
4.33, 2, white car, 476.65, 516.71, 498.81, 526.62, 487.73, 521.66, 476.65, 521.66, 498.81, 521.66, 22.16, 9.91
4.33, 8, white car, 672.17, 521.13, 699.53, 532.39, 685.85, 526.76, 672.17, 526.76, 699.53, 526.76, 27.37, 11.26
4.37, 2, white car, 473.46, 516.32, 495.80, 526.33, 484.63, 521.32, 473.46, 521.32, 495.80, 521.32, 22.35, 10.01
4.37, 8, white car, 669.78, 520.89, 697.10, 532.14, 683.44, 526.51, 669.78, 526.51, 697.10, 526.51, 27.32, 11.24
4.40, 2, white car, 470.64, 516.26, 492.87, 526.21, 481.75, 521.23, 470.64, 521.23, 492.87, 521.23, 22.23, 9.95
4.40, 8, white car, 666.60, 520.67, 694.12, 531.99, 680.36, 526.33, 666.60, 526.33, 694.12, 526.33, 27.52, 11.33
4.43, 2, white car, 467.45, 515.96, 490.39, 526.21, 478.92, 521.09, 467.45, 521.09, 490.39, 521.09, 22.95, 10.25
4.47, 2, white car, 465.08, 515.96, 488.13, 526.26, 476.61, 521.11, 465.08, 521.11, 488.13, 521.11, 23.05, 10.30
4.47, 8, white car, 662.16, 520.60, 688.86, 531.56, 675.51, 526.08, 662.16, 526.08, 688.86, 526.08, 26.70, 10.96
4.50, 2, white car, 463.18, 516.03, 485.92, 526.17, 474.55, 521.10, 463.18, 521.10, 485.92, 521.10, 22.74, 10.14
4.50, 8, white car, 659.31, 520.52, 686.23, 531.55, 672.77, 526.04, 659.31, 526.04, 686.23, 526.04, 26.92, 11.02
4.53, 2, white car, 460.93, 516.04, 483.34, 526.06, 472.13, 521.05, 460.93, 521.05, 483.34, 521.05, 22.41, 10.01
4.53, 8, white car, 656.63, 520.30, 683.96, 531.50, 670.29, 525.90, 656.63, 525.90, 683.96, 525.90, 27.33, 11.20
4.57, 2, white car, 458.29, 516.13, 480.39, 526.01, 469.34, 521.07, 458.29, 521.07, 480.39, 521.07, 22.10, 9.89
4.57, 8, white car, 653.97, 520.26, 681.39, 531.48, 667.68, 525.87, 653.97, 525.87, 681.39, 525.87, 27.43, 11.22
4.60, 2, white car, 455.71, 516.07, 477.38, 525.77, 466.55, 520.92, 455.71, 520.92, 477.38, 520.92, 21.67, 9.70
4.60, 8, white car, 651.32, 520.29, 678.77, 531.53, 665.04, 525.91, 651.32, 525.91, 678.77, 525.91, 27.45, 11.23
4.63, 2, white car, 453.20, 515.89, 474.98, 525.65, 464.09, 520.77, 453.20, 520.77, 474.98, 520.77, 21.78, 9.76
4.63, 8, white car, 648.87, 520.26, 676.50, 531.56, 662.69, 525.91, 648.87, 525.91, 676.50, 525.91, 27.64, 11.30
4.67, 2, white car, 450.73, 515.84, 472.29, 525.51, 461.51, 520.67, 450.73, 520.67, 472.29, 520.67, 21.56, 9.67
4.70, 2, white car, 448.21, 515.62, 469.46, 525.14, 458.83, 520.38, 448.21, 520.38, 469.46, 520.38, 21.24, 9.52
4.70, 8, white car, 643.34, 520.14, 670.83, 531.41, 657.09, 525.77, 643.34, 525.77, 670.83, 525.77, 27.48, 11.27
4.73, 2, white car, 446.11, 515.60, 467.51, 525.17, 456.81, 520.38, 446.11, 520.38, 467.51, 520.38, 21.40, 9.56
4.77, 2, white car, 443.16, 515.41, 464.41, 524.84, 453.78, 520.13, 443.16, 520.13, 464.41, 520.13, 21.25, 9.43
4.80, 2, white car, 440.13, 515.39, 461.40, 524.81, 450.76, 520.10, 440.13, 520.10, 461.40, 520.10, 21.27, 9.42
4.80, 8, white car, 634.98, 519.86, 662.36, 531.03, 648.67, 525.44, 634.98, 525.44, 662.36, 525.44, 27.38, 11.17
4.83, 2, white car, 437.45, 515.33, 459.26, 524.98, 448.35, 520.15, 437.45, 520.15, 459.26, 520.15, 21.82, 9.65
4.83, 8, white car, 632.60, 519.81, 659.98, 530.96, 646.29, 525.38, 632.60, 525.38, 659.98, 525.38, 27.38, 11.15
4.87, 2, white car, 435.49, 515.22, 457.12, 524.81, 446.31, 520.01, 435.49, 520.01, 457.12, 520.01, 21.63, 9.59
4.90, 2, white car, 432.94, 515.26, 454.40, 524.79, 443.67, 520.03, 432.94, 520.03, 454.40, 520.03, 21.46, 9.54
4.90, 8, white car, 627.73, 519.71, 655.69, 531.14, 641.71, 525.43, 627.73, 525.43, 655.69, 525.43, 27.96, 11.43
4.93, 2, white car, 430.33, 515.28, 451.64, 524.76, 440.98, 520.02, 430.33, 520.02, 451.64, 520.02, 21.31, 9.48
4.93, 8, white car, 625.25, 519.63, 653.27, 531.10, 639.26, 525.36, 625.25, 525.36, 653.27, 525.36, 28.02, 11.47
4.97, 2, white car, 428.09, 515.23, 449.25, 524.64, 438.67, 519.93, 428.09, 519.93, 449.25, 519.93, 21.16, 9.41
4.97, 8, white car, 622.97, 519.58, 650.72, 530.97, 636.85, 525.28, 622.97, 525.28, 650.72, 525.28, 27.75, 11.40
5.00, 2, white car, 425.54, 514.98, 447.17, 524.58, 436.35, 519.78, 425.54, 519.78, 447.17, 519.78, 21.62, 9.60
5.00, 8, white car, 620.91, 519.56, 648.28, 530.83, 634.59, 525.20, 620.91, 525.20, 648.28, 525.20, 27.37, 11.27
5.03, 2, white car, 422.89, 514.93, 444.88, 524.69, 433.88, 519.81, 422.89, 519.81, 444.88, 519.81, 21.99, 9.76
5.07, 2, white car, 420.72, 515.02, 442.69, 524.74, 431.70, 519.88, 420.72, 519.88, 442.69, 519.88, 21.97, 9.72
5.07, 8, white car, 615.55, 519.59, 643.04, 530.94, 629.29, 525.27, 615.55, 525.27, 643.04, 525.27, 27.50, 11.35
5.10, 2, white car, 417.90, 514.77, 439.81, 524.48, 428.86, 519.63, 417.90, 519.63, 439.81, 519.63, 21.90, 9.71
5.13, 2, white car, 415.22, 514.40, 437.62, 524.33, 426.42, 519.36, 415.22, 519.36, 437.62, 519.36, 22.40, 9.93
5.17, 2, white car, 412.35, 514.10, 435.03, 524.16, 423.69, 519.13, 412.35, 519.13, 435.03, 519.13, 22.68, 10.06
5.20, 2, white car, 409.99, 514.13, 432.57, 524.19, 421.28, 519.16, 409.99, 519.16, 432.57, 519.16, 22.58, 10.06
5.20, 8, white car, 605.72, 519.58, 631.79, 530.32, 618.75, 524.95, 605.72, 524.95, 631.79, 524.95, 26.07, 10.74
5.23, 2, white car, 407.86, 514.27, 430.09, 524.21, 418.98, 519.24, 407.86, 519.24, 430.09, 519.24, 22.23, 9.93
5.23, 8, white car, 603.21, 519.55, 629.40, 530.39, 616.31, 524.97, 603.21, 524.97, 629.40, 524.97, 26.18, 10.83
5.27, 2, white car, 406.09, 514.42, 427.47, 523.97, 416.78, 519.19, 406.09, 519.19, 427.47, 519.19, 21.38, 9.55
5.27, 8, white car, 600.61, 519.39, 627.20, 530.41, 613.91, 524.90, 600.61, 524.90, 627.20, 524.90, 26.59, 11.02
5.30, 2, white car, 403.48, 514.22, 424.54, 523.62, 414.01, 518.92, 403.48, 518.92, 424.54, 518.92, 21.06, 9.40
5.30, 8, white car, 597.61, 519.25, 624.47, 530.39, 611.04, 524.82, 597.61, 524.82, 624.47, 524.82, 26.86, 11.14
5.33, 2, white car, 400.93, 514.01, 421.99, 523.39, 411.46, 518.70, 400.93, 518.70, 421.99, 518.70, 21.06, 9.38
5.33, 8, white car, 595.13, 519.24, 621.96, 530.40, 608.55, 524.82, 595.13, 524.82, 621.96, 524.82, 26.82, 11.16
5.37, 2, white car, 398.58, 513.81, 419.42, 523.06, 409.00, 518.43, 398.58, 518.43, 419.42, 518.43, 20.84, 9.26
5.37, 8, white car, 592.25, 519.19, 619.56, 530.53, 605.90, 524.86, 592.25, 524.86, 619.56, 524.86, 27.31, 11.33
5.40, 2, white car, 396.14, 513.56, 417.18, 522.90, 406.66, 518.23, 396.14, 518.23, 417.18, 518.23, 21.04, 9.34
5.40, 8, white car, 589.38, 519.01, 616.64, 530.30, 603.01, 524.65, 589.38, 524.65, 616.64, 524.65, 27.26, 11.29
5.43, 2, white car, 394.28, 513.70, 415.13, 522.95, 404.70, 518.32, 394.28, 518.32, 415.13, 518.32, 20.85, 9.25
5.43, 8, white car, 586.88, 518.98, 614.54, 530.47, 600.71, 524.73, 586.88, 524.73, 614.54, 524.73, 27.66, 11.49
5.47, 2, white car, 392.10, 513.78, 412.34, 522.77, 402.22, 518.27, 392.10, 518.27, 412.34, 518.27, 20.24, 8.99
5.47, 8, white car, 584.54, 518.79, 611.98, 530.16, 598.26, 524.47, 584.54, 524.47, 611.98, 524.47, 27.44, 11.36
5.50, 2, white car, 389.84, 513.60, 409.89, 522.50, 399.86, 518.05, 389.84, 518.05, 409.89, 518.05, 20.05, 8.91
5.50, 8, white car, 581.44, 518.62, 608.82, 529.90, 595.13, 524.26, 581.44, 524.26, 608.82, 524.26, 27.38, 11.28
5.53, 2, white car, 386.99, 513.52, 407.13, 522.47, 397.06, 517.99, 386.99, 517.99, 407.13, 517.99, 20.14, 8.95
5.53, 8, white car, 578.53, 518.31, 607.02, 530.10, 592.77, 524.20, 578.53, 524.20, 607.02, 524.20, 28.49, 11.79
5.57, 2, white car, 384.20, 513.25, 405.07, 522.54, 394.64, 517.90, 384.20, 517.90, 405.07, 517.90, 20.87, 9.29
5.57, 8, white car, 576.94, 518.45, 604.32, 529.75, 590.63, 524.10, 576.94, 524.10, 604.32, 524.10, 27.38, 11.30
5.60, 2, white car, 381.48, 513.07, 402.93, 522.64, 392.21, 517.85, 381.48, 517.85, 402.93, 517.85, 21.45, 9.57
5.60, 8, white car, 574.59, 518.39, 601.44, 529.47, 588.02, 523.93, 574.59, 523.93, 601.44, 523.93, 26.85, 11.08
5.63, 2, white car, 379.25, 513.06, 400.73, 522.69, 389.99, 517.87, 379.25, 517.87, 400.73, 517.87, 21.48, 9.63
5.63, 8, white car, 573.84, 518.37, 599.83, 529.15, 586.84, 523.76, 573.84, 523.76, 599.83, 523.76, 25.99, 10.78
5.67, 2, white car, 376.99, 512.85, 398.48, 522.51, 387.74, 517.68, 376.99, 517.68, 398.48, 517.68, 21.49, 9.66
5.67, 8, white car, 572.55, 518.25, 598.19, 528.93, 585.37, 523.59, 572.55, 523.59, 598.19, 523.59, 25.64, 10.67
5.70, 2, white car, 374.86, 512.73, 396.39, 522.42, 385.63, 517.57, 374.86, 517.57, 396.39, 517.57, 21.53, 9.69
5.70, 8, white car, 568.41, 517.89, 594.84, 528.83, 581.62, 523.36, 568.41, 523.36, 594.84, 523.36, 26.43, 10.94
5.73, 2, white car, 372.58, 512.67, 393.79, 522.23, 383.19, 517.45, 372.58, 517.45, 393.79, 517.45, 21.21, 9.56
5.73, 8, white car, 565.20, 517.75, 592.17, 528.84, 578.69, 523.29, 565.20, 523.29, 592.17, 523.29, 26.97, 11.09
5.77, 2, white car, 370.09, 512.70, 390.78, 522.01, 380.43, 517.35, 370.09, 517.35, 390.78, 517.35, 20.69, 9.32
5.77, 8, white car, 562.55, 517.90, 589.28, 528.85, 575.92, 523.38, 562.55, 523.38, 589.28, 523.38, 26.73, 10.95
5.80, 2, white car, 367.45, 512.64, 388.31, 522.01, 377.88, 517.33, 367.45, 517.33, 388.31, 517.33, 20.85, 9.37
5.80, 8, white car, 560.13, 517.90, 586.66, 528.78, 573.39, 523.34, 560.13, 523.34, 586.66, 523.34, 26.53, 10.89
5.83, 2, white car, 365.52, 512.59, 386.28, 521.89, 375.90, 517.24, 365.52, 517.24, 386.28, 517.24, 20.77, 9.30
5.83, 8, white car, 558.18, 517.92, 584.13, 528.58, 571.16, 523.25, 558.18, 523.25, 584.13, 523.25, 25.95, 10.66
5.87, 2, white car, 363.26, 512.42, 384.03, 521.69, 373.65, 517.06, 363.26, 517.06, 384.03, 517.06, 20.76, 9.27
5.87, 8, white car, 555.20, 517.64, 581.46, 528.44, 568.33, 523.04, 555.20, 523.04, 581.46, 523.04, 26.26, 10.80
5.90, 2, white car, 360.81, 512.28, 381.74, 521.58, 371.27, 516.93, 360.81, 516.93, 381.74, 516.93, 20.92, 9.31
5.90, 8, white car, 551.95, 517.33, 579.12, 528.53, 565.53, 522.93, 551.95, 522.93, 579.12, 522.93, 27.17, 11.20
5.93, 2, white car, 358.40, 512.24, 379.04, 521.40, 368.72, 516.82, 358.40, 516.82, 379.04, 516.82, 20.64, 9.15
5.93, 8, white car, 549.44, 517.23, 576.90, 528.56, 563.17, 522.89, 549.44, 522.89, 576.90, 522.89, 27.46, 11.33
5.97, 2, white car, 356.03, 512.33, 376.51, 521.38, 366.27, 516.86, 356.03, 516.86, 376.51, 516.86, 20.48, 9.05
5.97, 8, white car, 545.99, 516.87, 574.22, 528.53, 560.11, 522.70, 545.99, 522.70, 574.22, 522.70, 28.23, 11.66
6.00, 2, white car, 353.60, 512.25, 374.32, 521.40, 363.96, 516.83, 353.60, 516.83, 374.32, 516.83, 20.71, 9.14
6.00, 8, white car, 543.24, 516.59, 572.11, 528.59, 557.67, 522.59, 543.24, 522.59, 572.11, 522.59, 28.87, 12.00
6.03, 2, white car, 351.55, 512.28, 372.20, 521.39, 361.87, 516.83, 351.55, 516.83, 372.20, 516.83, 20.65, 9.11
6.03, 8, white car, 541.40, 516.48, 570.02, 528.39, 555.71, 522.44, 541.40, 522.44, 570.02, 522.44, 28.62, 11.91
6.07, 2, white car, 348.82, 512.27, 369.63, 521.44, 359.23, 516.85, 348.82, 516.85, 369.63, 516.85, 20.81, 9.17
6.07, 8, white car, 539.48, 516.55, 566.92, 527.95, 553.20, 522.25, 539.48, 522.25, 566.92, 522.25, 27.44, 11.41
6.10, 2, white car, 346.53, 511.90, 367.35, 521.08, 356.94, 516.49, 346.53, 516.49, 367.35, 516.49, 20.82, 9.19
6.10, 8, white car, 537.38, 516.38, 564.24, 527.54, 550.81, 521.96, 537.38, 521.96, 564.24, 521.96, 26.86, 11.16
6.13, 2, white car, 344.06, 511.66, 364.84, 520.84, 354.45, 516.25, 344.06, 516.25, 364.84, 516.25, 20.78, 9.18
6.13, 8, white car, 534.35, 516.26, 561.26, 527.41, 547.80, 521.83, 534.35, 521.83, 561.26, 521.83, 26.90, 11.14
6.17, 2, white car, 341.54, 511.56, 362.74, 520.92, 352.14, 516.24, 341.54, 516.24, 362.74, 516.24, 21.20, 9.36
6.17, 8, white car, 531.48, 515.91, 559.11, 527.37, 545.29, 521.64, 531.48, 521.64, 559.11, 521.64, 27.64, 11.47
6.20, 2, white car, 338.82, 511.32, 360.29, 520.81, 349.56, 516.07, 338.82, 516.07, 360.29, 516.07, 21.47, 9.49
6.20, 8, white car, 529.07, 515.58, 556.70, 527.09, 542.89, 521.34, 529.07, 521.34, 556.70, 521.34, 27.63, 11.52
6.23, 2, white car, 336.82, 511.26, 358.24, 520.72, 347.53, 515.99, 336.82, 515.99, 358.24, 515.99, 21.42, 9.47
6.23, 8, white car, 526.30, 515.48, 553.75, 526.96, 540.02, 521.22, 526.30, 521.22, 553.75, 521.22, 27.45, 11.48
6.27, 2, white car, 334.82, 511.39, 356.00, 520.75, 345.41, 516.07, 334.82, 516.07, 356.00, 516.07, 21.18, 9.36
6.27, 8, white car, 524.05, 515.31, 551.07, 526.61, 537.56, 520.96, 524.05, 520.96, 551.07, 520.96, 27.02, 11.30
6.30, 2, white car, 332.85, 511.15, 353.74, 520.38, 343.30, 515.77, 332.85, 515.77, 353.74, 515.77, 20.88, 9.22
6.30, 8, white car, 521.83, 515.29, 548.62, 526.54, 535.22, 520.92, 521.83, 520.92, 548.62, 520.92, 26.79, 11.25
6.33, 2, white car, 330.69, 510.96, 351.34, 520.08, 341.01, 515.52, 330.69, 515.52, 351.34, 515.52, 20.65, 9.13
6.33, 8, white car, 519.58, 515.33, 545.83, 526.35, 532.71, 520.84, 519.58, 520.84, 545.83, 520.84, 26.26, 11.03
6.37, 2, white car, 328.10, 510.73, 349.23, 520.07, 338.66, 515.40, 328.10, 515.40, 349.23, 515.40, 21.12, 9.34
6.37, 8, white car, 517.22, 515.20, 543.10, 526.09, 530.16, 520.65, 517.22, 520.65, 543.10, 520.65, 25.89, 10.89
6.40, 2, white car, 325.31, 510.63, 346.76, 520.11, 336.03, 515.37, 325.31, 515.37, 346.76, 515.37, 21.44, 9.49
6.40, 8, white car, 514.93, 515.14, 541.00, 526.13, 527.96, 520.63, 514.93, 520.63, 541.00, 520.63, 26.07, 10.99
6.43, 2, white car, 323.06, 510.56, 344.54, 520.06, 333.80, 515.31, 323.06, 515.31, 344.54, 515.31, 21.49, 9.50
6.43, 8, white car, 511.88, 514.96, 538.12, 526.01, 525.00, 520.49, 511.88, 520.49, 538.12, 520.49, 26.24, 11.04
6.47, 2, white car, 320.71, 510.46, 342.33, 520.02, 331.52, 515.24, 320.71, 515.24, 342.33, 515.24, 21.62, 9.57
6.47, 8, white car, 509.49, 514.95, 535.63, 525.93, 522.56, 520.44, 509.49, 520.44, 535.63, 520.44, 26.14, 10.98
6.50, 2, white car, 318.75, 510.49, 340.20, 520.00, 329.48, 515.24, 318.75, 515.24, 340.20, 515.24, 21.45, 9.50
6.50, 8, white car, 506.66, 514.75, 533.50, 525.98, 520.08, 520.36, 506.66, 520.36, 533.50, 520.36, 26.84, 11.23
6.53, 2, white car, 316.77, 510.29, 338.24, 519.83, 327.50, 515.06, 316.77, 515.06, 338.24, 515.06, 21.48, 9.53
6.53, 8, white car, 503.66, 514.48, 530.43, 525.71, 517.04, 520.09, 503.66, 520.09, 530.43, 520.09, 26.77, 11.23
6.57, 2, white car, 314.21, 509.96, 336.03, 519.66, 325.12, 514.81, 314.21, 514.81, 336.03, 514.81, 21.82, 9.71
6.57, 8, white car, 501.74, 514.25, 527.72, 525.17, 514.73, 519.71, 501.74, 519.71, 527.72, 519.71, 25.98, 10.92
6.60, 8, white car, 499.22, 514.11, 525.29, 525.10, 512.26, 519.60, 499.22, 519.60, 525.29, 519.60, 26.07, 10.99
6.63, 8, white car, 496.32, 513.87, 522.52, 524.90, 509.42, 519.38, 496.32, 519.38, 522.52, 519.38, 26.21, 11.03
6.67, 8, white car, 493.87, 513.73, 519.91, 524.67, 506.89, 519.20, 493.87, 519.20, 519.91, 519.20, 26.04, 10.94
6.70, 8, white car, 491.22, 513.63, 517.74, 524.77, 504.48, 519.20, 491.22, 519.20, 517.74, 519.20, 26.51, 11.15
6.73, 8, white car, 488.70, 513.30, 515.56, 524.59, 502.13, 518.95, 488.70, 518.95, 515.56, 518.95, 26.85, 11.28
6.77, 8, white car, 486.43, 513.39, 513.33, 524.72, 499.88, 519.05, 486.43, 519.05, 513.33, 519.05, 26.90, 11.33
6.80, 8, white car, 483.51, 513.31, 510.34, 524.60, 496.92, 518.96, 483.51, 518.96, 510.34, 518.96, 26.82, 11.30
6.83, 8, white car, 481.39, 513.22, 507.36, 524.14, 494.37, 518.68, 481.39, 518.68, 507.36, 518.68, 25.98, 10.92
6.87, 8, white car, 479.40, 512.94, 505.13, 523.77, 492.26, 518.35, 479.40, 518.35, 505.13, 518.35, 25.72, 10.82
6.93, 8, white car, 474.51, 512.85, 500.19, 523.67, 487.35, 518.26, 474.51, 518.26, 500.19, 518.26, 25.69, 10.82
7.23, 8, white car, 451.69, 512.38, 477.92, 523.39, 464.81, 517.88, 451.69, 517.88, 477.92, 517.88, 26.23, 11.02
7.30, 8, white car, 446.64, 512.14, 473.24, 523.26, 459.94, 517.70, 446.64, 517.70, 473.24, 517.70, 26.60, 11.12
7.57, 8, white car, 427.07, 511.50, 453.28, 522.45, 440.17, 516.98, 427.07, 516.98, 453.28, 516.98, 26.21, 10.95
7.60, 8, white car, 425.60, 511.32, 451.66, 522.24, 438.63, 516.78, 425.60, 516.78, 451.66, 516.78, 26.06, 10.92
7.63, 8, white car, 423.29, 511.24, 449.75, 522.29, 436.52, 516.76, 423.29, 516.76, 449.75, 516.76, 26.46, 11.05
7.70, 8, white car, 417.80, 511.29, 444.15, 522.30, 430.98, 516.80, 417.80, 516.80, 444.15, 516.80, 26.35, 11.01
7.77, 8, white car, 412.32, 511.07, 438.22, 521.85, 425.27, 516.46, 412.32, 516.46, 438.22, 516.46, 25.90, 10.79
7.80, 8, white car, 410.61, 510.81, 436.35, 521.55, 423.48, 516.18, 410.61, 516.18, 436.35, 516.18, 25.73, 10.74
7.83, 8, white car, 408.43, 510.72, 434.36, 521.55, 421.40, 516.13, 408.43, 516.13, 434.36, 516.13, 25.94, 10.83
7.87, 8, white car, 405.10, 510.55, 431.39, 521.54, 418.24, 516.05, 405.10, 516.05, 431.39, 516.05, 26.29, 10.99
7.90, 8, white car, 402.65, 510.36, 429.11, 521.44, 415.88, 515.90, 402.65, 515.90, 429.11, 515.90, 26.47, 11.09
7.93, 8, white car, 399.90, 510.25, 426.73, 521.52, 413.31, 515.88, 399.90, 515.88, 426.73, 515.88, 26.83, 11.27
7.97, 8, white car, 397.68, 510.15, 424.34, 521.39, 411.01, 515.77, 397.68, 515.77, 424.34, 515.77, 26.66, 11.24
8.00, 8, white car, 395.49, 510.05, 422.27, 521.36, 408.88, 515.70, 395.49, 515.70, 422.27, 515.70, 26.78, 11.30
8.03, 8, white car, 393.27, 509.98, 419.76, 521.17, 406.51, 515.57, 393.27, 515.57, 419.76, 515.57, 26.49, 11.20
8.07, 8, white car, 390.56, 509.91, 417.37, 521.29, 403.97, 515.60, 390.56, 515.60, 417.37, 515.60, 26.81, 11.38
8.10, 8, white car, 388.88, 510.01, 415.05, 521.16, 401.97, 515.59, 388.88, 515.59, 415.05, 515.59, 26.17, 11.15
8.17, 8, white car, 383.64, 510.02, 410.15, 521.33, 396.89, 515.67, 383.64, 515.67, 410.15, 515.67, 26.51, 11.32
8.20, 8, white car, 381.61, 510.03, 407.51, 521.05, 394.56, 515.54, 381.61, 515.54, 407.51, 515.54, 25.90, 11.02
8.23, 8, white car, 378.93, 509.91, 404.93, 520.93, 391.93, 515.42, 378.93, 515.42, 404.93, 515.42, 26.00, 11.02
8.40, 57, white car, 194.93, 504.17, 214.63, 514.02, 204.78, 509.09, 194.93, 509.09, 214.63, 509.09, 19.70, 9.85
8.43, 57, white car, 193.16, 504.04, 212.74, 513.83, 202.95, 508.94, 193.16, 508.94, 212.74, 508.94, 19.58, 9.79
8.47, 57, white car, 190.83, 503.99, 210.71, 513.93, 200.77, 508.96, 190.83, 508.96, 210.71, 508.96, 19.89, 9.94
8.50, 57, white car, 188.24, 503.97, 208.22, 513.97, 198.23, 508.97, 188.24, 508.97, 208.22, 508.97, 19.98, 10.00
8.53, 57, white car, 185.77, 503.85, 205.72, 513.84, 195.74, 508.84, 185.77, 508.84, 205.72, 508.84, 19.96, 9.98
8.57, 57, white car, 183.79, 503.85, 203.94, 513.93, 193.87, 508.89, 183.79, 508.89, 203.94, 508.89, 20.16, 10.08
8.57, 8, white car, 355.03, 509.10, 380.51, 519.83, 367.77, 514.46, 355.03, 514.46, 380.51, 514.46, 25.48, 10.73
8.60, 57, white car, 181.91, 503.86, 201.78, 513.78, 191.84, 508.82, 181.91, 508.82, 201.78, 508.82, 19.87, 9.92
8.60, 8, white car, 353.03, 508.97, 378.66, 519.70, 365.85, 514.34, 353.03, 514.34, 378.66, 514.34, 25.63, 10.73
8.63, 57, white car, 179.42, 503.75, 199.01, 513.54, 189.22, 508.65, 179.42, 508.65, 199.01, 508.65, 19.58, 9.79
8.63, 8, white car, 349.53, 508.59, 375.72, 519.58, 362.63, 514.08, 349.53, 514.08, 375.72, 514.08, 26.18, 10.99
8.67, 57, white car, 176.83, 503.69, 196.75, 513.66, 186.79, 508.68, 176.83, 508.68, 196.75, 508.68, 19.92, 9.96
8.67, 8, white car, 346.95, 508.52, 373.38, 519.64, 360.17, 514.08, 346.95, 514.08, 373.38, 514.08, 26.43, 11.12
8.70, 57, white car, 174.68, 503.49, 194.92, 513.62, 184.80, 508.55, 174.68, 508.55, 194.92, 508.55, 20.25, 10.13
8.70, 8, white car, 344.84, 508.28, 371.72, 519.66, 358.28, 513.97, 344.84, 513.97, 371.72, 513.97, 26.89, 11.38
8.73, 57, white car, 172.48, 503.33, 192.56, 513.39, 182.52, 508.36, 172.48, 508.36, 192.56, 508.36, 20.08, 10.06
8.77, 57, white car, 170.53, 502.99, 190.83, 513.19, 180.68, 508.09, 170.53, 508.09, 190.83, 508.09, 20.30, 10.20
8.77, 8, white car, 340.20, 508.30, 366.59, 519.50, 353.39, 513.90, 340.20, 513.90, 366.59, 513.90, 26.39, 11.21
8.80, 57, white car, 168.42, 502.87, 188.88, 513.13, 178.65, 508.00, 168.42, 508.00, 188.88, 508.00, 20.46, 10.26
8.80, 8, white car, 337.75, 508.07, 364.62, 519.49, 351.18, 513.78, 337.75, 513.78, 364.62, 513.78, 26.87, 11.43
8.83, 57, white car, 166.38, 502.93, 186.58, 513.07, 176.48, 508.00, 166.38, 508.00, 186.58, 508.00, 20.20, 10.14
8.87, 57, white car, 164.14, 502.90, 184.25, 512.98, 174.19, 507.94, 164.14, 507.94, 184.25, 507.94, 20.11, 10.08
8.90, 57, white car, 162.09, 502.92, 182.11, 512.94, 172.10, 507.93, 162.09, 507.93, 182.11, 507.93, 20.02, 10.03
8.93, 57, white car, 160.19, 502.81, 180.28, 512.83, 170.23, 507.82, 160.19, 507.82, 180.28, 507.82, 20.10, 10.02
8.97, 57, white car, 157.89, 502.61, 178.06, 512.65, 167.98, 507.63, 157.89, 507.63, 178.06, 507.63, 20.16, 10.04
9.00, 57, white car, 155.56, 502.41, 176.15, 512.66, 165.86, 507.53, 155.56, 507.53, 176.15, 507.53, 20.60, 10.25
9.03, 57, white car, 153.37, 502.38, 173.75, 512.54, 163.56, 507.46, 153.37, 507.46, 173.75, 507.46, 20.38, 10.16
9.07, 57, white car, 151.07, 502.28, 171.28, 512.39, 161.17, 507.33, 151.07, 507.33, 171.28, 507.33, 20.21, 10.11
9.10, 57, white car, 148.94, 502.18, 169.15, 512.29, 159.04, 507.24, 148.94, 507.24, 169.15, 507.24, 20.21, 10.11
9.13, 57, white car, 146.77, 502.23, 166.84, 512.23, 156.81, 507.23, 146.77, 507.23, 166.84, 507.23, 20.07, 10.00
9.17, 57, white car, 144.95, 502.15, 164.65, 511.93, 154.80, 507.04, 144.95, 507.04, 164.65, 507.04, 19.70, 9.78
9.20, 57, white car, 142.74, 502.14, 162.55, 511.96, 152.65, 507.05, 142.74, 507.05, 162.55, 507.05, 19.81, 9.82
9.23, 57, white car, 140.76, 502.19, 160.49, 511.96, 150.63, 507.08, 140.76, 507.08, 160.49, 507.08, 19.73, 9.77
9.27, 57, white car, 138.64, 502.08, 158.36, 511.86, 148.50, 506.97, 138.64, 506.97, 158.36, 506.97, 19.72, 9.78
9.30, 57, white car, 136.28, 502.09, 155.91, 511.84, 146.10, 506.97, 136.28, 506.97, 155.91, 506.97, 19.64, 9.75
9.33, 57, white car, 134.10, 502.02, 153.65, 511.71, 143.87, 506.87, 134.10, 506.87, 153.65, 506.87, 19.55, 9.69
9.37, 57, white car, 132.15, 501.93, 151.84, 511.65, 142.00, 506.79, 132.15, 506.79, 151.84, 506.79, 19.69, 9.72
9.40, 57, white car, 130.29, 501.82, 149.87, 511.47, 140.08, 506.64, 130.29, 506.64, 149.87, 506.64, 19.58, 9.65
9.43, 57, white car, 128.60, 501.84, 147.84, 511.27, 138.22, 506.55, 128.60, 506.55, 147.84, 506.55, 19.24, 9.43
9.47, 57, white car, 126.52, 501.81, 145.88, 511.21, 136.20, 506.51, 126.52, 506.51, 145.88, 506.51, 19.37, 9.41
9.50, 57, white car, 124.03, 501.70, 143.35, 511.09, 133.69, 506.39, 124.03, 506.39, 143.35, 506.39, 19.32, 9.39
9.53, 57, white car, 121.70, 501.68, 140.80, 510.99, 131.25, 506.33, 121.70, 506.33, 140.80, 506.33, 19.10, 9.31
9.57, 57, white car, 119.49, 501.48, 138.69, 510.83, 129.09, 506.15, 119.49, 506.15, 138.69, 506.15, 19.20, 9.35
9.60, 57, white car, 116.98, 501.22, 136.46, 510.71, 126.72, 505.97, 116.98, 505.97, 136.46, 505.97, 19.47, 9.49
9.63, 57, white car, 115.07, 501.09, 134.43, 510.54, 124.75, 505.81, 115.07, 505.81, 134.43, 505.81, 19.35, 9.45
9.67, 57, white car, 113.18, 500.92, 132.42, 510.29, 122.80, 505.60, 113.18, 505.60, 132.42, 505.60, 19.24, 9.37
9.70, 57, white car, 111.00, 501.01, 130.13, 510.28, 120.57, 505.65, 111.00, 505.65, 130.13, 505.65, 19.14, 9.27
9.73, 48, white car, 1344.12, 502.79, 1371.72, 514.28, 1357.92, 508.53, 1344.12, 508.53, 1371.72, 508.53, 27.61, 11.49
9.73, 57, white car, 108.08, 500.88, 127.38, 510.17, 117.73, 505.53, 108.08, 505.53, 127.38, 505.53, 19.30, 9.28
9.77, 48, white car, 1341.84, 502.86, 1369.45, 514.32, 1355.64, 508.59, 1341.84, 508.59, 1369.45, 508.59, 27.61, 11.46
9.77, 57, white car, 105.39, 500.40, 125.94, 510.19, 115.67, 505.30, 105.39, 505.30, 125.94, 505.30, 20.54, 9.79
9.80, 48, white car, 1339.53, 503.02, 1367.03, 514.42, 1353.28, 508.72, 1339.53, 508.72, 1367.03, 508.72, 27.50, 11.40
9.80, 57, white car, 103.39, 500.40, 124.43, 510.36, 113.91, 505.38, 103.39, 505.38, 124.43, 505.38, 21.04, 9.96
9.83, 48, white car, 1337.57, 503.17, 1365.17, 514.57, 1351.37, 508.87, 1337.57, 508.87, 1365.17, 508.87, 27.61, 11.40
9.83, 57, white car, 101.16, 500.38, 122.25, 510.38, 111.70, 505.38, 101.16, 505.38, 122.25, 505.38, 21.09, 10.00
9.87, 48, white car, 1335.22, 503.26, 1363.11, 514.75, 1349.17, 509.01, 1335.22, 509.01, 1363.11, 509.01, 27.89, 11.49
9.87, 57, white car, 98.92, 500.22, 120.23, 510.35, 109.58, 505.28, 98.92, 505.28, 120.23, 505.28, 21.31, 10.13
9.90, 48, white car, 1332.84, 503.39, 1360.60, 514.81, 1346.72, 509.10, 1332.84, 509.10, 1360.60, 509.10, 27.75, 11.42
9.90, 57, white car, 97.13, 500.43, 117.32, 510.04, 107.22, 505.24, 97.13, 505.24, 117.32, 505.24, 20.20, 9.62
9.93, 48, white car, 1330.56, 503.59, 1357.82, 514.80, 1344.19, 509.20, 1330.56, 509.20, 1357.82, 509.20, 27.26, 11.21
9.93, 57, white car, 95.49, 500.51, 115.18, 509.89, 105.34, 505.20, 95.49, 505.20, 115.18, 505.20, 19.69, 9.38
9.97, 48, white car, 1327.86, 503.63, 1355.34, 514.93, 1341.60, 509.28, 1327.86, 509.28, 1355.34, 509.28, 27.49, 11.30
9.97, 57, white car, 93.53, 500.34, 112.91, 509.55, 103.22, 504.94, 93.53, 504.94, 112.91, 504.94, 19.38, 9.21
