0.00, 23, black car, 1364.45, 549.51, 1393.09, 560.90, 1378.77, 555.20, 1364.45, 555.20, 1393.09, 555.20, 28.64, 11.39
0.00, 46, white car, 50.99, 463.00, 80.67, 476.79, 65.83, 469.90, 50.99, 469.90, 80.67, 469.90, 29.69, 13.79
0.00, 48, black car, 204.71, 478.03, 232.11, 491.77, 218.41, 484.90, 204.71, 484.90, 232.11, 484.90, 27.40, 13.74
0.03, 23, black car, 1362.66, 549.58, 1391.36, 561.00, 1377.01, 555.29, 1362.66, 555.29, 1391.36, 555.29, 28.70, 11.42
0.03, 46, white car, 50.40, 462.94, 79.47, 476.44, 64.94, 469.69, 50.40, 469.69, 79.47, 469.69, 29.07, 13.50
0.07, 23, black car, 1360.25, 549.58, 1388.92, 560.98, 1374.58, 555.28, 1360.25, 555.28, 1388.92, 555.28, 28.67, 11.41
0.07, 46, white car, 49.84, 463.02, 78.06, 476.13, 63.95, 469.57, 49.84, 469.57, 78.06, 469.57, 28.22, 13.10
0.07, 48, black car, 200.91, 477.80, 228.16, 491.46, 214.54, 484.63, 200.91, 484.63, 228.16, 484.63, 27.25, 13.66
0.10, 23, black car, 1358.28, 549.73, 1386.63, 561.01, 1372.45, 555.37, 1358.28, 555.37, 1386.63, 555.37, 28.35, 11.28
0.10, 46, white car, 47.42, 462.73, 75.82, 475.89, 61.62, 469.31, 47.42, 469.31, 75.82, 469.31, 28.41, 13.16
0.10, 48, black car, 198.22, 477.81, 225.48, 491.44, 211.85, 484.63, 198.22, 484.63, 225.48, 484.63, 27.26, 13.64
0.13, 23, black car, 1356.36, 549.74, 1384.64, 560.99, 1370.50, 555.36, 1356.36, 555.36, 1384.64, 555.36, 28.28, 11.25
0.13, 46, white car, 45.86, 462.48, 74.42, 475.68, 60.14, 469.08, 45.86, 469.08, 74.42, 469.08, 28.56, 13.20
0.13, 48, black car, 196.16, 477.46, 224.06, 491.39, 210.11, 484.42, 196.16, 484.42, 224.06, 484.42, 27.91, 13.93
0.17, 23, black car, 1353.13, 549.44, 1382.10, 560.96, 1367.61, 555.20, 1353.13, 555.20, 1382.10, 555.20, 28.96, 11.52
0.17, 46, white car, 44.65, 462.37, 72.94, 475.38, 58.80, 468.88, 44.65, 468.88, 72.94, 468.88, 28.28, 13.01
0.17, 48, black car, 194.79, 477.14, 223.43, 491.37, 209.11, 484.26, 194.79, 484.26, 223.43, 484.26, 28.64, 14.23
0.20, 23, black car, 1350.70, 549.37, 1379.76, 560.95, 1365.23, 555.16, 1350.70, 555.16, 1379.76, 555.16, 29.05, 11.58
0.20, 46, white car, 43.57, 462.31, 71.76, 475.24, 57.67, 468.77, 43.57, 468.77, 71.76, 468.77, 28.19, 12.93
0.23, 23, black car, 1348.08, 549.45, 1376.92, 560.96, 1362.50, 555.21, 1348.08, 555.21, 1376.92, 555.21, 28.84, 11.51
0.23, 46, white car, 41.81, 461.65, 71.62, 475.39, 56.71, 468.52, 41.81, 468.52, 71.62, 468.52, 29.82, 13.73
0.27, 23, black car, 1345.21, 549.40, 1374.30, 561.02, 1359.76, 555.21, 1345.21, 555.21, 1374.30, 555.21, 29.09, 11.62
0.27, 46, white car, 40.74, 461.40, 70.69, 475.28, 55.72, 468.34, 40.74, 468.34, 70.69, 468.34, 29.95, 13.87
0.30, 23, black car, 1342.52, 549.51, 1371.34, 561.03, 1356.93, 555.27, 1342.52, 555.27, 1371.34, 555.27, 28.81, 11.52
0.30, 46, white car, 39.68, 461.41, 69.79, 475.43, 54.74, 468.42, 39.68, 468.42, 69.79, 468.42, 30.10, 14.03
0.33, 23, black car, 1339.96, 549.66, 1368.48, 561.04, 1354.22, 555.35, 1339.96, 555.35, 1368.48, 555.35, 28.53, 11.38
0.33, 46, white car, 39.04, 461.85, 68.13, 475.46, 53.58, 468.66, 39.04, 468.66, 68.13, 468.66, 29.10, 13.61
0.37, 23, black car, 1337.71, 549.63, 1366.12, 560.95, 1351.91, 555.29, 1337.71, 555.29, 1366.12, 555.29, 28.41, 11.33
0.37, 46, white car, 37.97, 461.83, 66.92, 475.43, 52.44, 468.63, 37.97, 468.63, 66.92, 468.63, 28.95, 13.60
0.40, 23, black car, 1335.23, 549.68, 1363.17, 560.83, 1349.20, 555.25, 1335.23, 555.25, 1363.17, 555.25, 27.93, 11.15
0.40, 46, white car, 36.80, 461.79, 65.27, 475.23, 51.04, 468.51, 36.80, 468.51, 65.27, 468.51, 28.47, 13.44
0.43, 23, black car, 1332.57, 549.72, 1360.10, 560.71, 1346.34, 555.22, 1332.57, 555.22, 1360.10, 555.22, 27.52, 10.99
0.43, 46, white car, 34.74, 461.24, 63.59, 474.98, 49.16, 468.11, 34.74, 468.11, 63.59, 468.11, 28.85, 13.74
0.47, 23, black car, 1330.06, 549.64, 1357.93, 560.77, 1344.00, 555.21, 1330.06, 555.21, 1357.93, 555.21, 27.87, 11.13
0.47, 46, white car, 33.41, 460.96, 62.12, 474.69, 47.77, 467.83, 33.41, 467.83, 62.12, 467.83, 28.71, 13.73
0.47, 48, black car, 174.80, 475.67, 203.67, 489.76, 189.23, 482.72, 174.80, 482.72, 203.67, 482.72, 28.87, 14.09
0.50, 23, black car, 1327.51, 549.51, 1355.90, 560.86, 1341.70, 555.19, 1327.51, 555.19, 1355.90, 555.19, 28.39, 11.35
0.50, 46, white car, 32.22, 460.88, 60.86, 474.62, 46.54, 467.75, 32.22, 467.75, 60.86, 467.75, 28.64, 13.74
0.50, 48, black car, 171.75, 475.51, 199.55, 488.89, 185.65, 482.20, 171.75, 482.20, 199.55, 482.20, 27.79, 13.39
0.53, 23, black car, 1324.67, 549.66, 1353.20, 561.09, 1338.94, 555.38, 1324.67, 555.38, 1353.20, 555.38, 28.54, 11.43
0.53, 46, white car, 30.76, 460.61, 59.76, 474.54, 45.26, 467.57, 30.76, 467.57, 59.76, 467.57, 29.01, 13.93
0.53, 48, black car, 168.95, 475.33, 196.73, 488.55, 182.84, 481.94, 168.95, 481.94, 196.73, 481.94, 27.78, 13.21
0.57, 23, black car, 1322.20, 549.59, 1351.07, 561.18, 1336.63, 555.38, 1322.20, 555.38, 1351.07, 555.38, 28.87, 11.59
0.57, 46, white car, 29.98, 460.66, 58.62, 474.39, 44.30, 467.52, 29.98, 467.52, 58.62, 467.52, 28.64, 13.74
0.57, 48, black car, 166.85, 475.09, 195.11, 488.43, 180.98, 481.76, 166.85, 481.76, 195.11, 481.76, 28.27, 13.34
0.60, 23, black car, 1319.52, 549.47, 1348.41, 561.11, 1333.96, 555.29, 1319.52, 555.29, 1348.41, 555.29, 28.89, 11.65
0.60, 46, white car, 28.53, 460.67, 57.17, 474.44, 42.85, 467.56, 28.53, 467.56, 57.17, 467.56, 28.64, 13.77
0.60, 48, black car, 163.62, 475.12, 191.38, 488.21, 177.50, 481.67, 163.62, 481.67, 191.38, 481.67, 27.76, 13.08
0.63, 23, black car, 1316.75, 549.54, 1345.67, 561.23, 1331.21, 555.39, 1316.75, 555.39, 1345.67, 555.39, 28.92, 11.69
0.63, 46, white car, 27.05, 460.74, 55.33, 474.33, 41.19, 467.54, 27.05, 467.54, 55.33, 467.54, 28.28, 13.59
0.63, 48, black car, 161.32, 474.88, 189.39, 488.09, 175.36, 481.48, 161.32, 481.48, 189.39, 481.48, 28.07, 13.21
0.67, 23, black car, 1314.36, 549.37, 1343.22, 561.10, 1328.79, 555.23, 1314.36, 555.23, 1343.22, 555.23, 28.86, 11.73
0.67, 46, white car, 25.59, 460.79, 53.63, 474.28, 39.61, 467.53, 25.59, 467.53, 53.63, 467.53, 28.03, 13.50
0.67, 48, black car, 159.83, 474.61, 187.94, 487.77, 173.89, 481.19, 159.83, 481.19, 187.94, 481.19, 28.11, 13.17
0.70, 46, white car, 23.26, 460.84, 50.75, 474.04, 37.00, 467.44, 23.26, 467.44, 50.75, 467.44, 27.49, 13.20
0.70, 48, black car, 158.35, 474.58, 186.41, 487.60, 172.38, 481.09, 158.35, 481.09, 186.41, 481.09, 28.06, 13.02
0.73, 46, white car, 22.06, 460.95, 49.04, 473.87, 35.55, 467.41, 22.06, 467.41, 49.04, 467.41, 26.97, 12.92
0.73, 48, black car, 156.35, 474.52, 184.61, 487.50, 170.48, 481.01, 156.35, 481.01, 184.61, 481.01, 28.26, 12.97
0.73, 23, black car, 1310.23, 549.48, 1337.99, 560.78, 1324.11, 555.13, 1310.23, 555.13, 1337.99, 555.13, 27.76, 11.30
0.77, 46, white car, 20.26, 460.92, 47.29, 473.81, 33.77, 467.37, 20.26, 467.37, 47.29, 467.37, 27.03, 12.90
0.77, 48, black car, 154.85, 474.18, 183.90, 487.39, 169.37, 480.79, 154.85, 480.79, 183.90, 480.79, 29.05, 13.21
0.77, 23, black car, 1308.04, 549.45, 1335.13, 560.48, 1321.59, 554.97, 1308.04, 554.97, 1335.13, 554.97, 27.09, 11.03
0.80, 46, white car, 17.79, 460.81, 44.67, 473.56, 31.23, 467.19, 17.79, 467.19, 44.67, 467.19, 26.87, 12.75
0.80, 48, black car, 151.34, 473.86, 179.90, 486.91, 165.62, 480.38, 151.34, 480.38, 179.90, 480.38, 28.56, 13.04
0.80, 23, black car, 1305.57, 549.25, 1333.08, 560.42, 1319.32, 554.83, 1305.57, 554.83, 1333.08, 554.83, 27.50, 11.17
0.83, 46, white car, 15.54, 460.85, 42.69, 473.64, 29.12, 467.24, 15.54, 467.24, 42.69, 467.24, 27.15, 12.79
0.83, 48, black car, 147.51, 473.80, 175.55, 486.70, 161.53, 480.25, 147.51, 480.25, 175.55, 480.25, 28.05, 12.90
0.83, 23, black car, 1303.15, 549.21, 1330.58, 560.30, 1316.86, 554.76, 1303.15, 554.76, 1330.58, 554.76, 27.43, 11.08
0.87, 46, white car, 13.99, 460.47, 41.77, 473.55, 27.88, 467.01, 13.99, 467.01, 41.77, 467.01, 27.79, 13.08
0.87, 48, black car, 144.63, 473.70, 172.58, 486.62, 158.61, 480.16, 144.63, 480.16, 172.58, 480.16, 27.95, 12.92
0.87, 23, black car, 1300.39, 549.10, 1328.21, 560.30, 1314.30, 554.70, 1300.39, 554.70, 1328.21, 554.70, 27.82, 11.19
0.90, 46, white car, 12.85, 460.35, 41.07, 473.64, 26.96, 466.99, 12.85, 466.99, 41.07, 466.99, 28.22, 13.29
0.90, 48, black car, 142.95, 473.57, 170.84, 486.48, 156.89, 480.03, 142.95, 480.03, 170.84, 480.03, 27.89, 12.91
0.90, 23, black car, 1297.34, 549.19, 1325.44, 560.47, 1311.39, 554.83, 1297.34, 554.83, 1325.44, 554.83, 28.10, 11.28
0.93, 46, white car, 11.98, 460.00, 40.49, 473.47, 26.24, 466.73, 11.98, 466.73, 40.49, 466.73, 28.52, 13.47
0.93, 48, black car, 140.36, 473.58, 168.09, 486.42, 154.22, 480.00, 140.36, 480.00, 168.09, 480.00, 27.73, 12.84
0.93, 23, black car, 1294.73, 549.38, 1322.40, 560.50, 1308.57, 554.94, 1294.73, 554.94, 1322.40, 554.94, 27.67, 11.12
0.97, 46, white car, 11.44, 459.73, 39.89, 473.22, 25.66, 466.47, 11.44, 466.47, 39.89, 466.47, 28.45, 13.48
0.97, 48, black car, 138.05, 473.28, 165.74, 486.08, 151.90, 479.68, 138.05, 479.68, 165.74, 479.68, 27.69, 12.80
0.97, 23, black car, 1292.00, 549.29, 1319.48, 560.35, 1305.74, 554.82, 1292.00, 554.82, 1319.48, 554.82, 27.47, 11.06
1.00, 46, white car, 10.74, 459.88, 38.69, 473.15, 24.72, 466.52, 10.74, 466.52, 38.69, 466.52, 27.95, 13.27
1.00, 48, black car, 136.19, 473.20, 163.83, 485.97, 150.01, 479.58, 136.19, 479.58, 163.83, 479.58, 27.64, 12.77
1.00, 23, black car, 1289.72, 549.25, 1317.10, 560.27, 1303.41, 554.76, 1289.72, 554.76, 1317.10, 554.76, 27.39, 11.02
1.03, 46, white car, 9.84, 459.72, 37.09, 472.68, 23.46, 466.20, 9.84, 466.20, 37.09, 466.20, 27.25, 12.96
1.03, 48, black car, 134.18, 472.82, 161.79, 485.59, 147.99, 479.20, 134.18, 479.20, 161.79, 479.20, 27.62, 12.78
1.03, 23, black car, 1287.00, 549.06, 1314.76, 560.24, 1300.88, 554.65, 1287.00, 554.65, 1314.76, 554.65, 27.76, 11.18
1.07, 46, white car, 8.74, 459.63, 35.71, 472.48, 22.23, 466.06, 8.74, 466.06, 35.71, 466.06, 26.97, 12.85
1.07, 48, black car, 131.70, 472.42, 159.70, 485.41, 145.70, 478.91, 131.70, 478.91, 159.70, 478.91, 28.01, 12.99
1.10, 46, white car, 7.52, 459.57, 34.41, 472.43, 20.97, 466.00, 7.52, 466.00, 34.41, 466.00, 26.89, 12.86
1.10, 48, black car, 129.89, 472.17, 158.11, 485.30, 144.00, 478.73, 129.89, 478.73, 158.11, 478.73, 28.23, 13.13
1.10, 23, black car, 1282.03, 549.08, 1309.54, 560.14, 1295.79, 554.61, 1282.03, 554.61, 1309.54, 554.61, 27.50, 11.06
1.13, 46, white car, 6.33, 459.42, 33.10, 472.29, 19.71, 465.85, 6.33, 465.85, 33.10, 465.85, 26.77, 12.87
1.13, 48, black car, 127.79, 471.89, 156.08, 485.08, 141.94, 478.48, 127.79, 478.48, 156.08, 478.48, 28.30, 13.19
1.13, 23, black car, 1279.93, 549.11, 1307.07, 560.01, 1293.50, 554.56, 1279.93, 554.56, 1307.07, 554.56, 27.14, 10.90
1.17, 46, white car, 4.81, 459.24, 31.55, 472.16, 18.18, 465.70, 4.81, 465.70, 31.55, 465.70, 26.74, 12.91
1.17, 48, black car, 124.13, 471.80, 152.77, 485.06, 138.45, 478.43, 124.13, 478.43, 152.77, 478.43, 28.64, 13.27
1.17, 23, black car, 1277.67, 549.06, 1304.50, 559.83, 1291.08, 554.45, 1277.67, 554.45, 1304.50, 554.45, 26.83, 10.77
1.20, 46, white car, 3.27, 459.05, 30.12, 472.07, 16.70, 465.56, 3.27, 465.56, 30.12, 465.56, 26.86, 13.02
1.20, 48, black car, 121.37, 471.34, 150.39, 484.76, 135.88, 478.05, 121.37, 478.05, 150.39, 478.05, 29.02, 13.43
1.20, 23, black car, 1275.66, 549.12, 1302.36, 559.82, 1289.01, 554.47, 1275.66, 554.47, 1302.36, 554.47, 26.70, 10.70
1.23, 46, white car, 1.82, 458.94, 28.40, 471.88, 15.11, 465.41, 1.82, 465.41, 28.40, 465.41, 26.58, 12.93
1.23, 48, black car, 119.55, 470.89, 148.42, 484.24, 133.98, 477.57, 119.55, 477.57, 148.42, 477.57, 28.86, 13.36
1.23, 23, black car, 1273.52, 549.25, 1300.04, 559.86, 1286.78, 554.56, 1273.52, 554.56, 1300.04, 554.56, 26.53, 10.61
1.27, 46, white car, 0.57, 458.85, 26.95, 471.76, 13.76, 465.31, 0.57, 465.31, 26.95, 465.31, 26.38, 12.90
1.27, 48, black car, 117.38, 470.64, 146.49, 484.12, 131.93, 477.38, 117.38, 477.38, 146.49, 477.38, 29.11, 13.49
1.27, 23, black car, 1270.22, 548.97, 1296.98, 559.65, 1283.60, 554.31, 1270.22, 554.31, 1296.98, 554.31, 26.76, 10.68
1.30, 46, white car, 0.00, 458.76, 25.97, 471.95, 12.98, 465.36, 0.00, 465.36, 25.97, 465.36, 25.97, 13.19
1.30, 48, black car, 114.54, 470.28, 143.98, 483.85, 129.26, 477.07, 114.54, 477.07, 143.98, 477.07, 29.44, 13.57
1.30, 23, black car, 1267.49, 548.93, 1294.05, 559.53, 1280.77, 554.23, 1267.49, 554.23, 1294.05, 554.23, 26.56, 10.59
1.33, 46, white car, 0.00, 458.80, 24.88, 471.87, 12.44, 465.33, 0.00, 465.33, 24.88, 465.33, 24.88, 13.07
1.33, 48, black car, 112.73, 470.19, 142.18, 483.70, 127.46, 476.94, 112.73, 476.94, 142.18, 476.94, 29.45, 13.51
1.33, 23, black car, 1264.52, 548.76, 1291.40, 559.51, 1277.96, 554.14, 1264.52, 554.14, 1291.40, 554.14, 26.88, 10.75
1.37, 46, white car, 0.00, 458.80, 24.03, 471.84, 12.02, 465.32, 0.00, 465.32, 24.03, 465.32, 24.03, 13.04
1.37, 48, black car, 110.06, 469.76, 140.26, 483.50, 125.16, 476.63, 110.06, 476.63, 140.26, 476.63, 30.19, 13.74
1.37, 23, black car, 1261.91, 548.64, 1288.84, 559.41, 1275.38, 554.02, 1261.91, 554.02, 1288.84, 554.02, 26.94, 10.77
1.40, 46, white car, 0.00, 458.70, 23.15, 471.73, 11.58, 465.21, 0.00, 465.21, 23.15, 465.21, 23.15, 13.02
1.40, 48, black car, 107.36, 469.59, 137.84, 483.39, 122.60, 476.49, 107.36, 476.49, 137.84, 476.49, 30.48, 13.80
1.40, 23, black car, 1259.01, 548.33, 1286.25, 559.20, 1272.63, 553.76, 1259.01, 553.76, 1286.25, 553.76, 27.24, 10.87
1.43, 46, white car, 0.00, 458.70, 22.21, 471.58, 11.10, 465.14, 0.00, 465.14, 22.21, 465.14, 22.21, 12.88
1.43, 48, black car, 105.42, 469.46, 135.82, 483.18, 120.62, 476.32, 105.42, 476.32, 135.82, 476.32, 30.39, 13.73
1.47, 46, white car, 0.00, 458.61, 21.42, 471.57, 10.71, 465.09, 0.00, 465.09, 21.42, 465.09, 21.42, 12.96
1.47, 48, black car, 104.04, 469.33, 134.14, 482.90, 119.09, 476.12, 104.04, 476.12, 134.14, 476.12, 30.10, 13.58
1.47, 23, black car, 1254.22, 548.28, 1281.56, 559.19, 1267.89, 553.74, 1254.22, 553.74, 1281.56, 553.74, 27.34, 10.91
1.50, 46, white car, 0.00, 458.64, 20.31, 471.51, 10.16, 465.08, 0.00, 465.08, 20.31, 465.08, 20.31, 12.87
1.50, 48, black car, 103.15, 469.28, 132.50, 482.50, 117.82, 475.89, 103.15, 475.89, 132.50, 475.89, 29.35, 13.23
1.50, 23, black car, 1251.59, 548.26, 1278.78, 559.15, 1265.18, 553.70, 1251.59, 553.70, 1278.78, 553.70, 27.19, 10.88
1.53, 46, white car, 0.00, 458.76, 19.49, 471.41, 9.74, 465.08, 0.00, 465.08, 19.49, 465.08, 19.49, 12.65
1.53, 48, black car, 100.99, 469.27, 130.18, 482.34, 115.59, 475.81, 100.99, 475.81, 130.18, 475.81, 29.19, 13.07
1.53, 23, black car, 1249.47, 548.65, 1276.02, 559.29, 1262.74, 553.97, 1249.47, 553.97, 1276.02, 553.97, 26.55, 10.64
1.57, 46, white car, 0.00, 458.69, 18.91, 471.21, 9.46, 464.95, 0.00, 464.95, 18.91, 464.95, 18.91, 12.52
1.57, 48, black car, 100.10, 469.21, 128.39, 481.82, 114.25, 475.52, 100.10, 475.52, 128.39, 475.52, 28.28, 12.61
1.57, 23, black car, 1247.09, 548.58, 1273.74, 559.25, 1260.42, 553.91, 1247.09, 553.91, 1273.74, 553.91, 26.64, 10.67
1.60, 46, white car, 0.00, 458.66, 18.43, 470.88, 9.21, 464.77, 0.00, 464.77, 18.43, 464.77, 18.43, 12.22
1.60, 48, black car, 98.27, 468.91, 126.13, 481.29, 112.20, 475.10, 98.27, 475.10, 126.13, 475.10, 27.86, 12.37
1.60, 23, black car, 1244.63, 548.40, 1271.37, 559.08, 1258.00, 553.74, 1244.63, 553.74, 1271.37, 553.74, 26.74, 10.68
1.63, 46, white car, 0.00, 458.75, 17.81, 470.93, 8.90, 464.84, 0.00, 464.84, 17.81, 464.84, 17.81, 12.18
1.63, 48, black car, 95.93, 468.69, 124.08, 481.12, 110.00, 474.91, 95.93, 474.91, 124.08, 474.91, 28.15, 12.43
1.63, 23, black car, 1241.74, 548.43, 1268.51, 559.09, 1255.13, 553.76, 1241.74, 553.76, 1268.51, 553.76, 26.77, 10.66
1.67, 48, black car, 93.30, 468.53, 122.21, 481.25, 107.75, 474.89, 93.30, 474.89, 122.21, 474.89, 28.90, 12.72
1.67, 23, black car, 1239.00, 548.18, 1266.11, 558.98, 1252.56, 553.58, 1239.00, 553.58, 1266.11, 553.58, 27.11, 10.80
1.70, 48, black car, 91.19, 468.63, 120.50, 481.52, 105.84, 475.08, 91.19, 475.08, 120.50, 475.08, 29.31, 12.88
1.70, 23, black car, 1236.51, 548.16, 1263.50, 558.92, 1250.01, 553.54, 1236.51, 553.54, 1263.50, 553.54, 26.99, 10.76
1.73, 48, black car, 89.69, 468.57, 119.13, 481.50, 104.41, 475.03, 89.69, 475.03, 119.13, 475.03, 29.44, 12.93
1.73, 23, black car, 1233.62, 548.11, 1260.73, 558.90, 1247.17, 553.50, 1233.62, 553.50, 1260.73, 553.50, 27.11, 10.79
1.77, 48, black car, 87.76, 468.48, 116.87, 481.23, 102.31, 474.85, 87.76, 474.85, 116.87, 474.85, 29.11, 12.75
1.77, 23, black car, 1231.13, 548.07, 1258.35, 558.91, 1244.74, 553.49, 1231.13, 553.49, 1258.35, 553.49, 27.22, 10.84
1.80, 48, black car, 86.29, 468.46, 115.01, 480.99, 100.65, 474.72, 86.29, 474.72, 115.01, 474.72, 28.72, 12.53
1.83, 48, black car, 83.98, 468.14, 112.43, 480.49, 98.20, 474.31, 83.98, 474.31, 112.43, 474.31, 28.45, 12.34
1.83, 23, black car, 1225.80, 547.81, 1253.66, 558.93, 1239.73, 553.37, 1225.80, 553.37, 1253.66, 553.37, 27.86, 11.11
1.87, 48, black car, 81.71, 467.59, 110.74, 480.18, 96.22, 473.88, 81.71, 473.88, 110.74, 473.88, 29.03, 12.58
1.87, 23, black car, 1223.33, 547.53, 1250.95, 558.60, 1237.14, 553.07, 1223.33, 553.07, 1250.95, 553.07, 27.62, 11.07
1.90, 48, black car, 80.22, 467.52, 109.03, 480.02, 94.62, 473.77, 80.22, 473.77, 109.03, 473.77, 28.81, 12.50
1.90, 23, black car, 1220.85, 547.60, 1248.23, 558.60, 1234.54, 553.10, 1220.85, 553.10, 1248.23, 553.10, 27.38, 11.00
1.93, 48, black car, 78.22, 467.35, 106.97, 479.85, 92.59, 473.60, 78.22, 473.60, 106.97, 473.60, 28.76, 12.50
1.93, 23, black car, 1218.67, 547.76, 1245.80, 558.65, 1232.24, 553.20, 1218.67, 553.20, 1245.80, 553.20, 27.13, 10.89
1.97, 48, black car, 76.55, 467.18, 105.65, 479.89, 91.10, 473.53, 76.55, 473.53, 105.65, 473.53, 29.10, 12.71
1.97, 23, black car, 1215.91, 547.61, 1243.42, 558.65, 1229.66, 553.13, 1215.91, 553.13, 1243.42, 553.13, 27.51, 11.03
2.00, 48, black car, 74.44, 466.96, 103.72, 479.82, 89.08, 473.39, 74.44, 473.39, 103.72, 473.39, 29.28, 12.86
2.00, 23, black car, 1213.45, 547.75, 1240.83, 558.73, 1227.14, 553.24, 1213.45, 553.24, 1240.83, 553.24, 27.38, 10.98
2.03, 48, black car, 73.07, 466.89, 102.27, 479.77, 87.67, 473.33, 73.07, 473.33, 102.27, 473.33, 29.20, 12.88
2.03, 23, black car, 1210.53, 547.69, 1237.75, 558.62, 1224.14, 553.16, 1210.53, 553.16, 1237.75, 553.16, 27.22, 10.93
2.07, 48, black car, 71.29, 466.72, 100.06, 479.44, 85.68, 473.08, 71.29, 473.08, 100.06, 473.08, 28.77, 12.73
2.07, 23, black car, 1207.91, 547.70, 1235.13, 558.65, 1221.52, 553.18, 1207.91, 553.18, 1235.13, 553.18, 27.22, 10.95
2.10, 48, black car, 68.81, 466.35, 97.86, 479.25, 83.33, 472.80, 68.81, 472.80, 97.86, 472.80, 29.06, 12.89
2.10, 23, black car, 1205.65, 547.92, 1232.48, 558.70, 1219.07, 553.31, 1205.65, 553.31, 1232.48, 553.31, 26.82, 10.78
2.13, 48, black car, 67.17, 466.31, 95.92, 479.13, 81.54, 472.72, 67.17, 472.72, 95.92, 472.72, 28.75, 12.82
2.13, 23, black car, 1203.09, 547.70, 1230.01, 558.52, 1216.55, 553.11, 1203.09, 553.11, 1230.01, 553.11, 26.92, 10.82
2.17, 48, black car, 66.18, 466.24, 94.67, 479.03, 80.43, 472.63, 66.18, 472.63, 94.67, 472.63, 28.50, 12.79
2.20, 48, black car, 64.21, 465.85, 92.46, 478.60, 78.34, 472.23, 64.21, 472.23, 92.46, 472.23, 28.24, 12.75
2.20, 23, black car, 1198.40, 547.54, 1225.48, 558.44, 1211.94, 552.99, 1198.40, 552.99, 1225.48, 552.99, 27.09, 10.90
2.23, 48, black car, 62.24, 465.19, 90.76, 478.11, 76.50, 471.65, 62.24, 471.65, 90.76, 471.65, 28.52, 12.93
2.23, 23, black car, 1196.33, 547.07, 1223.50, 558.03, 1209.92, 552.55, 1196.33, 552.55, 1223.50, 552.55, 27.17, 10.96
2.27, 48, black car, 59.61, 464.85, 88.76, 478.04, 74.19, 471.44, 59.61, 471.44, 88.76, 471.44, 29.14, 13.19
2.27, 23, black car, 1193.75, 547.12, 1220.71, 558.02, 1207.23, 552.57, 1193.75, 552.57, 1220.71, 552.57, 26.96, 10.89
2.30, 48, black car, 58.25, 464.74, 87.34, 477.89, 72.79, 471.31, 58.25, 471.31, 87.34, 471.31, 29.10, 13.15
2.30, 23, black car, 1191.38, 547.28, 1218.21, 558.11, 1204.80, 552.70, 1191.38, 552.70, 1218.21, 552.70, 26.82, 10.83
2.33, 48, black car, 57.26, 465.03, 85.38, 477.73, 71.32, 471.38, 57.26, 471.38, 85.38, 471.38, 28.11, 12.70
2.33, 23, black car, 1189.11, 547.25, 1215.82, 558.03, 1202.47, 552.64, 1189.11, 552.64, 1215.82, 552.64, 26.71, 10.78
2.37, 48, black car, 55.51, 464.85, 83.49, 477.46, 69.50, 471.15, 55.51, 471.15, 83.49, 471.15, 27.98, 12.61
2.37, 23, black car, 1186.67, 547.39, 1213.01, 558.05, 1199.84, 552.72, 1186.67, 552.72, 1213.01, 552.72, 26.34, 10.65
2.40, 48, black car, 52.80, 464.39, 81.31, 477.17, 67.06, 470.78, 52.80, 470.78, 81.31, 470.78, 28.51, 12.78
2.40, 23, black car, 1183.97, 547.35, 1210.34, 558.03, 1197.16, 552.69, 1183.97, 552.69, 1210.34, 552.69, 26.36, 10.68
2.43, 48, black car, 51.34, 464.25, 79.71, 476.91, 65.52, 470.58, 51.34, 470.58, 79.71, 470.58, 28.37, 12.66
2.43, 23, black car, 1181.75, 547.23, 1208.10, 557.93, 1194.93, 552.58, 1181.75, 552.58, 1208.10, 552.58, 26.35, 10.69
2.47, 48, black car, 48.78, 464.02, 77.20, 476.68, 62.99, 470.35, 48.78, 470.35, 77.20, 470.35, 28.42, 12.66
2.47, 23, black car, 1179.04, 547.26, 1205.01, 557.81, 1192.03, 552.54, 1179.04, 552.54, 1205.01, 552.54, 25.97, 10.55
2.50, 48, black car, 46.48, 463.70, 75.00, 476.40, 60.74, 470.05, 46.48, 470.05, 75.00, 470.05, 28.52, 12.69
2.50, 23, black car, 1176.32, 547.23, 1202.30, 557.80, 1189.31, 552.51, 1176.32, 552.51, 1202.30, 552.51, 25.99, 10.57
2.53, 48, black car, 44.21, 463.42, 73.25, 476.30, 58.73, 469.86, 44.21, 469.86, 73.25, 469.86, 29.05, 12.89
2.57, 48, black car, 43.03, 463.30, 72.41, 476.30, 57.72, 469.80, 43.03, 469.80, 72.41, 469.80, 29.38, 13.01
2.57, 23, black car, 1170.64, 547.08, 1197.50, 558.02, 1184.07, 552.55, 1170.64, 552.55, 1197.50, 552.55, 26.87, 10.94
2.60, 48, black car, 42.67, 463.30, 71.52, 476.06, 57.10, 469.68, 42.67, 469.68, 71.52, 469.68, 28.86, 12.75
2.60, 23, black car, 1168.51, 546.80, 1195.29, 557.73, 1181.90, 552.27, 1168.51, 552.27, 1195.29, 552.27, 26.78, 10.93
2.63, 23, black car, 1166.25, 546.85, 1192.58, 557.64, 1179.42, 552.25, 1166.25, 552.25, 1192.58, 552.25, 26.33, 10.80
2.67, 23, black car, 1163.79, 546.99, 1189.78, 557.65, 1176.79, 552.32, 1163.79, 552.32, 1189.78, 552.32, 25.99, 10.66
2.70, 23, black car, 1161.46, 546.91, 1187.27, 557.49, 1174.37, 552.20, 1161.46, 552.20, 1187.27, 552.20, 25.81, 10.58
2.70, 48, black car, 38.98, 463.24, 67.03, 475.75, 53.01, 469.49, 38.98, 469.49, 67.03, 469.49, 28.06, 12.51
2.73, 23, black car, 1158.91, 546.93, 1184.48, 557.39, 1171.70, 552.16, 1158.91, 552.16, 1184.48, 552.16, 25.57, 10.46
2.73, 48, black car, 37.67, 462.84, 65.69, 475.48, 51.68, 469.16, 37.67, 469.16, 65.69, 469.16, 28.03, 12.65
2.77, 23, black car, 1156.10, 546.85, 1182.02, 557.44, 1169.06, 552.15, 1156.10, 552.15, 1182.02, 552.15, 25.92, 10.59
2.77, 48, black car, 35.93, 462.23, 64.18, 475.10, 50.06, 468.66, 35.93, 468.66, 64.18, 468.66, 28.24, 12.87
2.80, 23, black car, 1153.23, 546.73, 1179.13, 557.32, 1166.18, 552.02, 1153.23, 552.02, 1179.13, 552.02, 25.90, 10.59
2.80, 48, black car, 34.64, 461.83, 62.92, 474.80, 48.78, 468.32, 34.64, 468.32, 62.92, 468.32, 28.27, 12.98
2.83, 23, black car, 1150.84, 546.99, 1176.07, 557.28, 1163.45, 552.14, 1150.84, 552.14, 1176.07, 552.14, 25.23, 10.29
2.83, 48, black car, 33.16, 461.11, 62.11, 474.47, 47.64, 467.79, 33.16, 467.79, 62.11, 467.79, 28.95, 13.36
2.87, 23, black car, 1148.31, 546.91, 1173.77, 557.27, 1161.04, 552.09, 1148.31, 552.09, 1173.77, 552.09, 25.45, 10.36
2.87, 48, black car, 32.15, 460.82, 61.20, 474.23, 46.68, 467.53, 32.15, 467.53, 61.20, 467.53, 29.05, 13.42
2.90, 23, black car, 1145.47, 546.43, 1172.05, 557.28, 1158.76, 551.86, 1145.47, 551.86, 1172.05, 551.86, 26.58, 10.85
2.90, 48, black car, 30.50, 459.91, 60.46, 473.87, 45.48, 466.89, 30.50, 466.89, 60.46, 466.89, 29.96, 13.95
2.93, 23, black car, 1142.84, 546.30, 1169.61, 557.24, 1156.22, 551.77, 1142.84, 551.77, 1169.61, 551.77, 26.77, 10.95
2.93, 48, black car, 28.21, 459.90, 58.14, 473.85, 43.18, 466.87, 28.21, 466.87, 58.14, 466.87, 29.92, 13.95
2.97, 23, black car, 1140.44, 546.23, 1167.56, 557.34, 1154.00, 551.78, 1140.44, 551.78, 1167.56, 551.78, 27.12, 11.11
2.97, 48, black car, 25.07, 460.13, 55.45, 473.96, 40.26, 467.04, 25.07, 467.04, 55.45, 467.04, 30.38, 13.83
3.00, 23, black car, 1138.19, 546.01, 1165.51, 557.21, 1151.85, 551.61, 1138.19, 551.61, 1165.51, 551.61, 27.31, 11.20
3.00, 48, black car, 21.81, 460.29, 52.76, 474.05, 37.29, 467.17, 21.81, 467.17, 52.76, 467.17, 30.95, 13.76
3.00, 70, black car, 10.46, 459.66, 47.51, 473.79, 28.99, 466.73, 10.46, 466.73, 47.51, 466.73, 37.05, 14.12
3.03, 23, black car, 1135.78, 545.89, 1163.06, 557.09, 1149.42, 551.49, 1135.78, 551.49, 1163.06, 551.49, 27.28, 11.20
3.03, 48, black car, 18.14, 460.38, 49.62, 474.14, 33.88, 467.26, 18.14, 467.26, 49.62, 467.26, 31.48, 13.76
3.07, 23, black car, 1133.57, 545.80, 1160.79, 556.99, 1147.18, 551.40, 1133.57, 551.40, 1160.79, 551.40, 27.22, 11.19
3.07, 48, black car, 15.98, 459.89, 48.80, 474.10, 32.39, 467.00, 15.98, 467.00, 48.80, 467.00, 32.83, 14.21
3.10, 23, black car, 1131.39, 545.79, 1158.43, 556.91, 1144.91, 551.35, 1131.39, 551.35, 1158.43, 551.35, 27.04, 11.12
3.10, 48, black car, 15.42, 459.55, 49.16, 474.08, 32.29, 466.82, 15.42, 466.82, 49.16, 466.82, 33.74, 14.53
3.13, 5, white car, 1396.47, 540.93, 1426.91, 553.69, 1411.69, 547.31, 1396.47, 547.31, 1426.91, 547.31, 30.45, 12.76
3.13, 23, black car, 1128.38, 545.91, 1155.30, 556.97, 1141.84, 551.44, 1128.38, 551.44, 1155.30, 551.44, 26.93, 11.06
3.13, 48, black car, 14.50, 459.78, 47.78, 474.08, 31.14, 466.93, 14.50, 466.93, 47.78, 466.93, 33.27, 14.30
3.17, 5, white car, 1393.87, 541.09, 1424.30, 553.86, 1409.08, 547.47, 1393.87, 547.47, 1424.30, 547.47, 30.44, 12.77
3.17, 23, black car, 1126.05, 545.85, 1153.10, 556.93, 1139.57, 551.39, 1126.05, 551.39, 1153.10, 551.39, 27.04, 11.08
3.17, 48, black car, 14.45, 459.94, 46.63, 473.86, 30.54, 466.90, 14.45, 466.90, 46.63, 466.90, 32.18, 13.92
3.20, 5, white car, 1391.38, 541.06, 1421.70, 553.76, 1406.54, 547.41, 1391.38, 547.41, 1421.70, 547.41, 30.32, 12.70
3.20, 23, black car, 1123.66, 545.96, 1150.66, 556.99, 1137.16, 551.48, 1123.66, 551.48, 1150.66, 551.48, 27.00, 11.04
3.20, 48, black car, 12.52, 459.47, 45.09, 473.66, 28.80, 466.57, 12.52, 466.57, 45.09, 466.57, 32.57, 14.19
3.23, 5, white car, 1388.42, 541.09, 1418.92, 553.88, 1403.67, 547.48, 1388.42, 547.48, 1418.92, 547.48, 30.50, 12.80
3.23, 23, black car, 1121.17, 546.21, 1147.81, 557.07, 1134.49, 551.64, 1121.17, 551.64, 1147.81, 551.64, 26.64, 10.86
3.23, 48, black car, 10.82, 459.23, 43.79, 473.70, 27.31, 466.47, 10.82, 466.47, 43.79, 466.47, 32.97, 14.47
3.27, 5, white car, 1385.49, 541.28, 1416.44, 554.29, 1400.96, 547.78, 1385.49, 547.78, 1416.44, 547.78, 30.95, 13.01
3.27, 23, black car, 1118.53, 546.61, 1144.72, 557.25, 1131.62, 551.93, 1118.53, 551.93, 1144.72, 551.93, 26.20, 10.64
3.27, 48, black car, 7.97, 459.15, 41.41, 473.81, 24.69, 466.48, 7.97, 466.48, 41.41, 466.48, 33.44, 14.66
3.30, 5, white car, 1382.86, 541.64, 1413.45, 554.52, 1398.15, 548.08, 1382.86, 548.08, 1413.45, 548.08, 30.59, 12.88
3.30, 23, black car, 1115.37, 546.11, 1142.28, 557.05, 1128.83, 551.58, 1115.37, 551.58, 1142.28, 551.58, 26.91, 10.94
3.30, 48, black car, 5.25, 458.91, 39.14, 473.76, 22.19, 466.33, 5.25, 466.33, 39.14, 466.33, 33.89, 14.86
3.33, 5, white car, 1379.94, 541.81, 1410.38, 554.64, 1395.16, 548.22, 1379.94, 548.22, 1410.38, 548.22, 30.43, 12.83
3.33, 23, black car, 1113.22, 546.36, 1139.69, 557.14, 1126.45, 551.75, 1113.22, 551.75, 1139.69, 551.75, 26.47, 10.78
3.33, 48, black car, 3.93, 458.75, 38.21, 473.71, 21.07, 466.23, 3.93, 466.23, 38.21, 466.23, 34.29, 14.95
3.37, 5, white car, 1377.61, 541.98, 1407.62, 554.60, 1392.61, 548.29, 1377.61, 548.29, 1407.62, 548.29, 30.01, 12.63
3.37, 23, black car, 1110.94, 546.14, 1137.56, 557.01, 1124.25, 551.58, 1110.94, 551.58, 1137.56, 551.58, 26.62, 10.87
3.37, 48, black car, 3.23, 458.82, 37.47, 473.65, 20.35, 466.23, 3.23, 466.23, 37.47, 466.23, 34.24, 14.84
3.40, 5, white car, 1374.54, 541.94, 1404.91, 554.72, 1389.73, 548.33, 1374.54, 548.33, 1404.91, 548.33, 30.37, 12.78
3.40, 23, black car, 1108.65, 545.95, 1135.27, 556.83, 1121.96, 551.39, 1108.65, 551.39, 1135.27, 551.39, 26.61, 10.88
3.40, 48, black car, 2.30, 458.92, 36.12, 473.54, 19.21, 466.23, 2.30, 466.23, 36.12, 466.23, 33.82, 14.62
3.43, 5, white car, 1371.48, 541.97, 1402.02, 554.84, 1386.75, 548.41, 1371.48, 548.41, 1402.02, 548.41, 30.53, 12.87
3.43, 23, black car, 1106.15, 546.04, 1132.61, 556.87, 1119.38, 551.45, 1106.15, 551.45, 1132.61, 551.45, 26.46, 10.83
3.43, 48, black car, 0.45, 458.89, 33.80, 473.42, 17.12, 466.16, 0.45, 466.16, 33.80, 466.16, 33.34, 14.53
3.47, 5, white car, 1369.04, 542.29, 1399.20, 555.01, 1384.12, 548.65, 1369.04, 548.65, 1399.20, 548.65, 30.16, 12.72
3.47, 23, black car, 1103.88, 545.97, 1130.15, 556.74, 1117.02, 551.36, 1103.88, 551.36, 1130.15, 551.36, 26.27, 10.77
3.47, 48, black car, 0.00, 458.98, 30.42, 473.12, 15.21, 466.05, 0.00, 466.05, 30.42, 466.05, 30.42, 14.14
3.50, 5, white car, 1366.68, 542.37, 1397.01, 555.19, 1381.84, 548.78, 1366.68, 548.78, 1397.01, 548.78, 30.33, 12.82
3.50, 23, black car, 1101.43, 545.96, 1127.61, 556.73, 1114.52, 551.35, 1101.43, 551.35, 1127.61, 551.35, 26.18, 10.77
3.50, 48, black car, 0.00, 459.28, 28.29, 472.67, 14.14, 465.98, 0.00, 465.98, 28.29, 465.98, 28.29, 13.40
3.53, 5, white car, 1363.95, 542.43, 1394.29, 555.23, 1379.12, 548.83, 1363.95, 548.83, 1394.29, 548.83, 30.33, 12.80
3.53, 23, black car, 1098.70, 545.88, 1125.07, 556.74, 1111.89, 551.31, 1098.70, 551.31, 1125.07, 551.31, 26.38, 10.86
3.53, 48, black car, 0.00, 459.77, 26.43, 472.81, 13.22, 466.29, 0.00, 466.29, 26.43, 466.29, 26.43, 13.04
3.57, 5, white car, 1360.90, 542.42, 1391.41, 555.29, 1376.16, 548.86, 1360.90, 548.86, 1391.41, 548.86, 30.51, 12.87
3.57, 23, black car, 1096.87, 545.97, 1122.95, 556.75, 1109.91, 551.36, 1096.87, 551.36, 1122.95, 551.36, 26.08, 10.78
3.57, 48, black car, 0.00, 459.72, 24.30, 472.52, 12.15, 466.12, 0.00, 466.12, 24.30, 466.12, 24.30, 12.80
3.60, 5, white car, 1357.97, 542.47, 1388.57, 555.38, 1373.27, 548.93, 1357.97, 548.93, 1388.57, 548.93, 30.60, 12.91
3.60, 23, black car, 1094.65, 546.10, 1120.31, 556.71, 1107.48, 551.40, 1094.65, 551.40, 1120.31, 551.40, 25.66, 10.61
3.60, 48, black car, 0.00, 459.93, 21.91, 472.35, 10.96, 466.14, 0.00, 466.14, 21.91, 466.14, 21.91, 12.42
3.63, 5, white car, 1355.30, 542.74, 1385.66, 555.56, 1370.48, 549.15, 1355.30, 549.15, 1385.66, 549.15, 30.36, 12.82
3.63, 23, black car, 1092.37, 545.89, 1118.26, 556.58, 1105.31, 551.24, 1092.37, 551.24, 1118.26, 551.24, 25.89, 10.69
3.67, 5, white car, 1352.66, 542.88, 1383.02, 555.71, 1367.84, 549.29, 1352.66, 549.29, 1383.02, 549.29, 30.35, 12.83
3.67, 23, black car, 1090.38, 545.69, 1115.90, 556.26, 1103.14, 550.97, 1090.38, 550.97, 1115.90, 550.97, 25.52, 10.57
3.67, 48, black car, 0.00, 459.60, 21.36, 471.86, 10.68, 465.73, 0.00, 465.73, 21.36, 465.73, 21.36, 12.26
3.70, 5, white car, 1349.76, 542.87, 1380.48, 555.87, 1365.12, 549.37, 1349.76, 549.37, 1380.48, 549.37, 30.72, 12.99
3.70, 23, black car, 1087.36, 545.80, 1113.09, 556.43, 1100.22, 551.11, 1087.36, 551.11, 1113.09, 551.11, 25.73, 10.64
3.70, 48, black car, 0.00, 459.44, 21.35, 471.80, 10.67, 465.62, 0.00, 465.62, 21.35, 465.62, 21.35, 12.36
3.73, 5, white car, 1347.27, 542.86, 1377.99, 555.85, 1362.63, 549.36, 1347.27, 549.36, 1377.99, 549.36, 30.72, 12.99
3.73, 23, black car, 1084.80, 545.69, 1110.71, 556.36, 1097.75, 551.03, 1084.80, 551.03, 1110.71, 551.03, 25.92, 10.66
3.73, 48, black car, 0.00, 458.92, 21.21, 471.56, 10.61, 465.24, 0.00, 465.24, 21.21, 465.24, 21.21, 12.65
3.77, 5, white car, 1344.14, 542.70, 1375.45, 555.94, 1359.80, 549.32, 1344.14, 549.32, 1375.45, 549.32, 31.31, 13.23
3.77, 23, black car, 1082.09, 545.51, 1108.20, 556.26, 1095.14, 550.89, 1082.09, 550.89, 1108.20, 550.89, 26.10, 10.75
3.77, 48, black car, 0.00, 458.75, 20.79, 471.49, 10.39, 465.12, 0.00, 465.12, 20.79, 465.12, 20.79, 12.74
3.80, 5, white car, 1341.43, 543.00, 1372.21, 556.00, 1356.82, 549.50, 1341.43, 549.50, 1372.21, 549.50, 30.78, 13.00
3.80, 23, black car, 1079.21, 545.57, 1105.53, 556.42, 1092.37, 551.00, 1079.21, 551.00, 1105.53, 551.00, 26.32, 10.86
3.80, 48, black car, 0.00, 458.63, 20.64, 471.11, 10.32, 464.87, 0.00, 464.87, 20.64, 464.87, 20.64, 12.48
3.83, 5, white car, 1338.81, 543.22, 1369.30, 556.13, 1354.06, 549.68, 1338.81, 549.68, 1369.30, 549.68, 30.49, 12.91
3.83, 23, black car, 1077.07, 545.47, 1103.25, 556.28, 1090.16, 550.87, 1077.07, 550.87, 1103.25, 550.87, 26.18, 10.81
3.83, 48, black car, 0.00, 458.59, 20.44, 471.08, 10.22, 464.83, 0.00, 464.83, 20.44, 464.83, 20.44, 12.49
3.87, 5, white car, 1336.02, 543.27, 1366.53, 556.19, 1351.27, 549.73, 1336.02, 549.73, 1366.53, 549.73, 30.52, 12.92
3.87, 23, black car, 1073.97, 544.91, 1101.15, 556.14, 1087.56, 550.52, 1073.97, 550.52, 1101.15, 550.52, 27.18, 11.23
3.87, 48, black car, 0.00, 458.48, 19.23, 471.15, 9.62, 464.81, 0.00, 464.81, 19.23, 464.81, 19.23, 12.66
3.90, 5, white car, 1333.44, 543.32, 1363.79, 556.17, 1348.62, 549.75, 1333.44, 549.75, 1363.79, 549.75, 30.35, 12.85
3.90, 23, black car, 1071.59, 544.81, 1099.11, 556.19, 1085.35, 550.50, 1071.59, 550.50, 1099.11, 550.50, 27.52, 11.38
3.90, 48, black car, 0.00, 458.71, 17.49, 471.18, 8.75, 464.95, 0.00, 464.95, 17.49, 464.95, 17.49, 12.48
3.93, 5, white car, 1330.40, 543.57, 1360.77, 556.42, 1345.59, 550.00, 1330.40, 550.00, 1360.77, 550.00, 30.38, 12.84
3.93, 23, black car, 1069.84, 544.90, 1096.74, 556.07, 1083.29, 550.49, 1069.84, 550.49, 1096.74, 550.49, 26.90, 11.16
3.97, 5, white car, 1327.84, 543.84, 1357.73, 556.44, 1342.79, 550.14, 1327.84, 550.14, 1357.73, 550.14, 29.89, 12.60
3.97, 23, black car, 1067.10, 544.76, 1093.96, 555.95, 1080.53, 550.36, 1067.10, 550.36, 1093.96, 550.36, 26.86, 11.19
4.00, 5, white car, 1325.12, 543.95, 1355.00, 556.56, 1340.06, 550.26, 1325.12, 550.26, 1355.00, 550.26, 29.88, 12.61
4.00, 23, black car, 1064.70, 544.62, 1091.63, 555.88, 1078.17, 550.25, 1064.70, 550.25, 1091.63, 550.25, 26.93, 11.26
4.03, 5, white car, 1322.37, 544.10, 1352.65, 556.89, 1337.51, 550.50, 1322.37, 550.50, 1352.65, 550.50, 30.27, 12.78
4.03, 23, black car, 1062.78, 544.72, 1088.99, 555.74, 1075.88, 550.23, 1062.78, 550.23, 1088.99, 550.23, 26.21, 11.02
4.07, 5, white car, 1319.59, 544.02, 1350.17, 556.94, 1334.88, 550.48, 1319.59, 550.48, 1350.17, 550.48, 30.58, 12.91
4.07, 23, black car, 1060.57, 544.73, 1086.66, 555.71, 1073.61, 550.22, 1060.57, 550.22, 1086.66, 550.22, 26.09, 10.98
4.10, 5, white car, 1316.50, 544.10, 1347.31, 557.11, 1331.91, 550.60, 1316.50, 550.60, 1347.31, 550.60, 30.81, 13.01
4.10, 23, black car, 1057.80, 544.63, 1084.29, 555.78, 1071.04, 550.20, 1057.80, 550.20, 1084.29, 550.20, 26.49, 11.15
4.13, 5, white car, 1313.70, 544.14, 1344.54, 557.16, 1329.12, 550.65, 1313.70, 550.65, 1344.54, 550.65, 30.84, 13.03
4.13, 23, black car, 1056.14, 544.66, 1082.33, 555.73, 1069.24, 550.19, 1056.14, 550.19, 1082.33, 550.19, 26.19, 11.07
4.17, 5, white car, 1311.04, 544.31, 1341.41, 557.15, 1326.22, 550.73, 1311.04, 550.73, 1341.41, 550.73, 30.38, 12.85
4.17, 23, black car, 1053.54, 544.68, 1079.67, 555.73, 1066.61, 550.21, 1053.54, 550.21, 1079.67, 550.21, 26.13, 11.05
4.20, 5, white car, 1308.60, 544.39, 1338.89, 557.18, 1323.75, 550.79, 1308.60, 550.79, 1338.89, 550.79, 30.29, 12.79
4.20, 23, black car, 1050.66, 544.66, 1077.24, 555.88, 1063.95, 550.27, 1050.66, 550.27, 1077.24, 550.27, 26.58, 11.22
4.23, 5, white car, 1305.69, 544.41, 1336.14, 557.28, 1320.91, 550.84, 1305.69, 550.84, 1336.14, 550.84, 30.45, 12.86
4.23, 23, black car, 1048.55, 544.76, 1074.60, 555.76, 1061.58, 550.26, 1048.55, 550.26, 1074.60, 550.26, 26.05, 11.00
4.27, 5, white car, 1302.89, 544.45, 1333.26, 557.26, 1318.08, 550.86, 1302.89, 550.86, 1333.26, 550.86, 30.37, 12.81
4.27, 23, black car, 1045.74, 544.63, 1071.81, 555.61, 1058.78, 550.12, 1045.74, 550.12, 1071.81, 550.12, 26.07, 10.98
4.30, 5, white car, 1300.47, 544.61, 1330.59, 557.28, 1315.53, 550.95, 1300.47, 550.95, 1330.59, 550.95, 30.12, 12.67
4.30, 23, black car, 1042.71, 544.46, 1069.46, 555.72, 1056.09, 550.09, 1042.71, 550.09, 1069.46, 550.09, 26.75, 11.26
4.33, 5, white car, 1297.48, 544.69, 1327.36, 557.27, 1312.42, 550.98, 1297.48, 550.98, 1327.36, 550.98, 29.88, 12.58
4.33, 23, black car, 1040.53, 544.29, 1067.35, 555.61, 1053.94, 549.95, 1040.53, 549.95, 1067.35, 549.95, 26.83, 11.32
4.37, 5, white car, 1294.65, 544.93, 1324.53, 557.50, 1309.59, 551.22, 1294.65, 551.22, 1324.53, 551.22, 29.89, 12.57
4.37, 23, black car, 1038.38, 544.15, 1065.23, 555.49, 1051.80, 549.82, 1038.38, 549.82, 1065.23, 549.82, 26.85, 11.35
4.40, 5, white car, 1291.89, 544.94, 1321.86, 557.57, 1306.87, 551.26, 1291.89, 551.26, 1321.86, 551.26, 29.98, 12.63
4.40, 23, black car, 1035.51, 544.01, 1062.91, 555.61, 1049.21, 549.81, 1035.51, 549.81, 1062.91, 549.81, 27.40, 11.60
4.43, 5, white car, 1289.00, 544.87, 1318.78, 557.42, 1303.89, 551.15, 1289.00, 551.15, 1318.78, 551.15, 29.79, 12.55
4.43, 23, black car, 1033.12, 543.88, 1060.26, 555.39, 1046.69, 549.63, 1033.12, 549.63, 1060.26, 549.63, 27.14, 11.50
4.47, 5, white car, 1286.33, 545.00, 1315.94, 557.46, 1301.14, 551.23, 1286.33, 551.23, 1315.94, 551.23, 29.62, 12.46
4.47, 23, black car, 1030.85, 543.91, 1057.49, 555.20, 1044.17, 549.55, 1030.85, 549.55, 1057.49, 549.55, 26.64, 11.30
4.50, 5, white car, 1283.36, 544.95, 1312.89, 557.39, 1298.12, 551.17, 1283.36, 551.17, 1312.89, 551.17, 29.53, 12.43
4.50, 23, black car, 1027.75, 543.85, 1054.67, 555.26, 1041.21, 549.56, 1027.75, 549.56, 1054.67, 549.56, 26.92, 11.41
4.53, 5, white car, 1280.66, 545.12, 1310.20, 557.53, 1295.43, 551.32, 1280.66, 551.32, 1310.20, 551.32, 29.54, 12.42
4.53, 23, black car, 1025.54, 543.78, 1052.74, 555.31, 1039.14, 549.54, 1025.54, 549.54, 1052.74, 549.54, 27.20, 11.53
4.57, 5, white car, 1278.05, 545.19, 1307.53, 557.57, 1292.79, 551.38, 1278.05, 551.38, 1307.53, 551.38, 29.48, 12.38
4.57, 23, black car, 1023.82, 543.61, 1050.67, 555.00, 1037.25, 549.30, 1023.82, 549.30, 1050.67, 549.30, 26.86, 11.39
4.60, 5, white car, 1275.38, 545.17, 1304.47, 557.39, 1289.93, 551.28, 1275.38, 551.28, 1304.47, 551.28, 29.10, 12.22
4.60, 23, black car, 1021.47, 543.57, 1048.37, 554.96, 1034.92, 549.27, 1021.47, 549.27, 1048.37, 549.27, 26.90, 11.40
4.63, 5, white car, 1272.64, 545.17, 1301.75, 557.35, 1287.20, 551.26, 1272.64, 551.26, 1301.75, 551.26, 29.11, 12.18
4.63, 23, black car, 1019.62, 543.41, 1046.02, 554.58, 1032.82, 548.99, 1019.62, 548.99, 1046.02, 548.99, 26.40, 11.18
4.67, 5, white car, 1269.59, 545.08, 1298.80, 557.28, 1284.19, 551.18, 1269.59, 551.18, 1298.80, 551.18, 29.21, 12.20
4.67, 23, black car, 1016.78, 543.64, 1042.67, 554.60, 1029.73, 549.12, 1016.78, 549.12, 1042.67, 549.12, 25.89, 10.96
4.70, 5, white car, 1266.71, 545.23, 1295.95, 557.42, 1281.33, 551.33, 1266.71, 551.33, 1295.95, 551.33, 29.24, 12.19
4.70, 23, black car, 1014.48, 543.75, 1040.30, 554.68, 1027.39, 549.22, 1014.48, 549.22, 1040.30, 549.22, 25.82, 10.93
4.73, 5, white car, 1263.99, 545.26, 1293.58, 557.61, 1278.78, 551.43, 1263.99, 551.43, 1293.58, 551.43, 29.60, 12.35
4.73, 23, black car, 1012.14, 543.54, 1038.24, 554.63, 1025.19, 549.09, 1012.14, 549.09, 1038.24, 549.09, 26.10, 11.10
4.77, 5, white car, 1261.04, 545.11, 1290.52, 557.41, 1275.78, 551.26, 1261.04, 551.26, 1290.52, 551.26, 29.48, 12.30
4.77, 23, black car, 1008.86, 543.37, 1035.58, 554.75, 1022.22, 549.06, 1008.86, 549.06, 1035.58, 549.06, 26.72, 11.38
4.80, 5, white car, 1258.31, 545.09, 1287.90, 557.42, 1273.11, 551.25, 1258.31, 551.25, 1287.90, 551.25, 29.59, 12.33
4.80, 23, black car, 1006.72, 543.33, 1033.49, 554.74, 1020.11, 549.03, 1006.72, 549.03, 1033.49, 549.03, 26.77, 11.41
4.83, 5, white car, 1255.39, 545.03, 1285.37, 557.53, 1270.38, 551.28, 1255.39, 551.28, 1285.37, 551.28, 29.99, 12.50
4.83, 23, black car, 1004.59, 543.39, 1030.86, 554.58, 1017.73, 548.99, 1004.59, 548.99, 1030.86, 548.99, 26.27, 11.19
4.87, 5, white car, 1252.75, 545.13, 1282.61, 557.59, 1267.68, 551.36, 1252.75, 551.36, 1282.61, 551.36, 29.86, 12.46
4.87, 23, black car, 1002.13, 543.48, 1027.96, 554.48, 1015.04, 548.98, 1002.13, 548.98, 1027.96, 548.98, 25.83, 11.00
4.90, 5, white car, 1249.92, 545.46, 1279.43, 557.77, 1264.68, 551.61, 1249.92, 551.61, 1279.43, 551.61, 29.51, 12.31
4.90, 23, black car, 999.73, 543.30, 1025.79, 554.39, 1012.76, 548.85, 999.73, 548.85, 1025.79, 548.85, 26.06, 11.09
4.93, 5, white car, 1247.07, 545.37, 1276.17, 557.51, 1261.62, 551.44, 1247.07, 551.44, 1276.17, 551.44, 29.10, 12.13
4.93, 23, black car, 997.59, 543.20, 1023.45, 554.23, 1010.52, 548.72, 997.59, 548.72, 1023.45, 548.72, 25.87, 11.02
4.97, 5, white car, 1244.58, 545.40, 1273.68, 557.50, 1259.13, 551.45, 1244.58, 551.45, 1273.68, 551.45, 29.10, 12.10
4.97, 23, black car, 994.60, 542.85, 1021.47, 554.26, 1008.04, 548.56, 994.60, 548.56, 1021.47, 548.56, 26.86, 11.42
5.00, 5, white car, 1241.53, 545.41, 1270.56, 557.46, 1256.05, 551.44, 1241.53, 551.44, 1270.56, 551.44, 29.04, 12.05
5.00, 23, black car, 992.28, 542.61, 1019.48, 554.15, 1005.88, 548.38, 992.28, 548.38, 1019.48, 548.38, 27.20, 11.55
5.03, 5, white car, 1238.50, 545.65, 1267.40, 557.62, 1252.95, 551.64, 1238.50, 551.64, 1267.40, 551.64, 28.90, 11.97
5.03, 23, black car, 990.68, 543.01, 1016.66, 554.03, 1003.67, 548.52, 990.68, 548.52, 1016.66, 548.52, 25.98, 11.03
5.07, 5, white car, 1235.70, 545.65, 1264.67, 557.64, 1250.18, 551.65, 1235.70, 551.65, 1264.67, 551.65, 28.97, 11.99
5.07, 23, black car, 987.64, 542.83, 1013.71, 553.90, 1000.68, 548.37, 987.64, 548.37, 1013.71, 548.37, 26.07, 11.06
5.10, 5, white car, 1232.67, 545.40, 1261.99, 557.54, 1247.33, 551.47, 1232.67, 551.47, 1261.99, 551.47, 29.31, 12.15
5.10, 23, black car, 985.10, 542.45, 1011.54, 553.69, 998.32, 548.07, 985.10, 548.07, 1011.54, 548.07, 26.44, 11.24
5.13, 5, white car, 1229.74, 545.17, 1259.54, 557.54, 1244.64, 551.36, 1229.74, 551.36, 1259.54, 551.36, 29.81, 12.36
5.13, 23, black car, 983.69, 542.60, 1009.79, 553.74, 996.74, 548.17, 983.69, 548.17, 1009.79, 548.17, 26.10, 11.14
5.17, 5, white car, 1226.80, 545.07, 1256.74, 557.51, 1241.77, 551.29, 1226.80, 551.29, 1256.74, 551.29, 29.94, 12.44
5.17, 23, black car, 980.81, 542.59, 1007.24, 553.90, 994.02, 548.24, 980.81, 548.24, 1007.24, 548.24, 26.43, 11.31
5.20, 5, white car, 1223.98, 545.13, 1253.66, 557.49, 1238.82, 551.31, 1223.98, 551.31, 1253.66, 551.31, 29.68, 12.36
5.20, 23, black car, 977.88, 542.23, 1005.00, 553.84, 991.44, 548.03, 977.88, 548.03, 1005.00, 548.03, 27.13, 11.61
5.23, 5, white car, 1221.13, 544.88, 1251.09, 557.39, 1236.11, 551.14, 1221.13, 551.14, 1251.09, 551.14, 29.97, 12.51
5.23, 23, black car, 975.64, 542.13, 1003.29, 553.95, 989.47, 548.04, 975.64, 548.04, 1003.29, 548.04, 27.65, 11.82
5.27, 5, white car, 1218.02, 544.85, 1247.97, 557.38, 1233.00, 551.11, 1218.02, 551.11, 1247.97, 551.11, 29.94, 12.53
5.27, 23, black car, 972.67, 542.18, 1000.03, 553.94, 986.35, 548.06, 972.67, 548.06, 1000.03, 548.06, 27.36, 11.75
5.30, 5, white car, 1215.23, 544.73, 1245.25, 557.30, 1230.24, 551.01, 1215.23, 551.01, 1245.25, 551.01, 30.02, 12.57
5.30, 23, black car, 970.05, 541.87, 997.82, 553.83, 983.94, 547.85, 970.05, 547.85, 997.82, 547.85, 27.77, 11.96
5.33, 5, white car, 1212.46, 544.76, 1242.35, 557.32, 1227.41, 551.04, 1212.46, 551.04, 1242.35, 551.04, 29.90, 12.56
5.33, 23, black car, 967.75, 541.83, 995.58, 553.88, 981.67, 547.85, 967.75, 547.85, 995.58, 547.85, 27.83, 12.05
5.37, 5, white car, 1209.85, 545.14, 1239.24, 557.47, 1224.55, 551.30, 1209.85, 551.30, 1239.24, 551.30, 29.39, 12.33
5.37, 23, black car, 965.92, 541.80, 993.16, 553.67, 979.54, 547.73, 965.92, 547.73, 993.16, 547.73, 27.25, 11.86
5.40, 5, white car, 1207.24, 545.28, 1236.50, 557.52, 1221.87, 551.40, 1207.24, 551.40, 1236.50, 551.40, 29.26, 12.23
5.40, 23, black car, 963.83, 541.73, 990.94, 553.56, 977.38, 547.65, 963.83, 547.65, 990.94, 547.65, 27.11, 11.83
5.43, 5, white car, 1203.88, 545.41, 1233.11, 557.60, 1218.50, 551.51, 1203.88, 551.51, 1233.11, 551.51, 29.23, 12.19
5.43, 23, black car, 961.46, 541.61, 988.33, 553.33, 974.89, 547.47, 961.46, 547.47, 988.33, 547.47, 26.87, 11.73
5.47, 5, white car, 1201.31, 545.44, 1230.18, 557.44, 1215.74, 551.44, 1201.31, 551.44, 1230.18, 551.44, 28.87, 12.00
5.47, 23, black car, 959.44, 541.73, 986.10, 553.37, 972.77, 547.55, 959.44, 547.55, 986.10, 547.55, 26.65, 11.65
5.50, 5, white car, 1198.47, 545.41, 1227.56, 557.49, 1213.02, 551.45, 1198.47, 551.45, 1227.56, 551.45, 29.09, 12.08
5.50, 23, black car, 956.46, 541.61, 983.63, 553.49, 970.05, 547.55, 956.46, 547.55, 983.63, 547.55, 27.17, 11.88
5.53, 5, white car, 1195.47, 545.63, 1224.60, 557.68, 1210.04, 551.65, 1195.47, 551.65, 1224.60, 551.65, 29.13, 12.05
5.53, 23, black car, 953.90, 541.50, 980.82, 553.32, 967.36, 547.41, 953.90, 547.41, 980.82, 547.41, 26.92, 11.82
5.57, 5, white car, 1192.68, 545.61, 1221.94, 557.72, 1207.31, 551.67, 1192.68, 551.67, 1221.94, 551.67, 29.26, 12.11
5.57, 23, black car, 952.01, 541.42, 978.82, 553.25, 965.41, 547.33, 952.01, 547.33, 978.82, 547.33, 26.81, 11.83
5.60, 5, white car, 1189.39, 545.53, 1218.63, 557.64, 1204.01, 551.59, 1189.39, 551.59, 1218.63, 551.59, 29.25, 12.11
5.60, 23, black car, 949.44, 541.57, 976.22, 553.37, 962.83, 547.47, 949.44, 547.47, 976.22, 547.47, 26.77, 11.81
5.63, 5, white car, 1186.67, 545.20, 1216.04, 557.37, 1201.35, 551.29, 1186.67, 551.29, 1216.04, 551.29, 29.37, 12.16
5.63, 23, black car, 947.08, 541.64, 973.22, 553.17, 960.15, 547.40, 947.08, 547.40, 973.22, 547.40, 26.14, 11.53
5.67, 5, white car, 1183.76, 545.03, 1213.29, 557.27, 1198.52, 551.15, 1183.76, 551.15, 1213.29, 551.15, 29.53, 12.24
5.67, 23, black car, 944.50, 541.59, 970.80, 553.19, 957.65, 547.39, 944.50, 547.39, 970.80, 547.39, 26.29, 11.60
5.70, 5, white car, 1180.62, 544.99, 1210.35, 557.32, 1195.48, 551.16, 1180.62, 551.16, 1210.35, 551.16, 29.73, 12.33
5.70, 23, black car, 941.60, 541.41, 968.22, 553.16, 954.91, 547.28, 941.60, 547.28, 968.22, 547.28, 26.62, 11.76
5.73, 5, white car, 1177.84, 544.78, 1207.71, 557.22, 1192.77, 551.00, 1177.84, 551.00, 1207.71, 551.00, 29.87, 12.44
5.73, 23, black car, 939.51, 541.12, 966.07, 552.87, 952.79, 547.00, 939.51, 547.00, 966.07, 547.00, 26.56, 11.75
5.77, 5, white car, 1174.84, 544.59, 1204.82, 557.13, 1189.83, 550.86, 1174.84, 550.86, 1204.82, 550.86, 29.98, 12.54
5.77, 23, black car, 937.28, 541.14, 963.99, 552.97, 950.63, 547.05, 937.28, 547.05, 963.99, 547.05, 26.71, 11.83
5.80, 5, white car, 1171.90, 544.54, 1202.09, 557.16, 1187.00, 550.85, 1171.90, 550.85, 1202.09, 550.85, 30.19, 12.62
5.80, 23, black car, 934.98, 541.11, 961.40, 552.81, 948.19, 546.96, 934.98, 546.96, 961.40, 546.96, 26.42, 11.70
5.83, 5, white car, 1169.30, 544.72, 1198.97, 557.12, 1184.14, 550.92, 1169.30, 550.92, 1198.97, 550.92, 29.67, 12.41
5.83, 23, black car, 932.82, 541.27, 958.54, 552.68, 945.68, 546.98, 932.82, 546.98, 958.54, 546.98, 25.73, 11.41
5.87, 5, white car, 1166.92, 544.97, 1195.97, 557.09, 1181.45, 551.03, 1166.92, 551.03, 1195.97, 551.03, 29.05, 12.12
5.87, 23, black car, 930.29, 541.13, 956.24, 552.64, 943.27, 546.89, 930.29, 546.89, 956.24, 546.89, 25.95, 11.51
5.90, 5, white car, 1164.28, 545.28, 1192.84, 557.18, 1178.56, 551.23, 1164.28, 551.23, 1192.84, 551.23, 28.56, 11.90
5.90, 23, black car, 927.37, 540.87, 953.74, 552.58, 940.55, 546.73, 927.37, 546.73, 953.74, 546.73, 26.36, 11.71
5.93, 5, white car, 1161.18, 545.36, 1189.73, 557.24, 1175.46, 551.30, 1161.18, 551.30, 1189.73, 551.30, 28.55, 11.88
5.93, 23, black car, 924.99, 540.72, 951.51, 552.53, 938.25, 546.63, 924.99, 546.63, 951.51, 546.63, 26.53, 11.82
5.97, 5, white car, 1158.45, 545.07, 1186.98, 556.90, 1172.72, 550.98, 1158.45, 550.98, 1186.98, 550.98, 28.53, 11.83
5.97, 23, black car, 922.55, 540.49, 949.61, 552.57, 936.08, 546.53, 922.55, 546.53, 949.61, 546.53, 27.06, 12.08
6.00, 5, white car, 1155.69, 545.13, 1184.07, 556.88, 1169.88, 551.01, 1155.69, 551.01, 1184.07, 551.01, 28.38, 11.75
6.00, 23, black car, 920.19, 540.12, 947.53, 552.36, 933.86, 546.24, 920.19, 546.24, 947.53, 546.24, 27.34, 12.24
6.03, 5, white car, 1152.73, 545.13, 1181.22, 556.88, 1166.97, 551.01, 1152.73, 551.01, 1181.22, 551.01, 28.49, 11.75
6.03, 23, black car, 918.03, 539.93, 945.05, 552.04, 931.54, 545.99, 918.03, 545.99, 945.05, 545.99, 27.03, 12.11
6.07, 5, white car, 1149.50, 544.94, 1178.64, 556.96, 1164.07, 550.95, 1149.50, 550.95, 1178.64, 550.95, 29.14, 12.01
6.07, 23, black car, 915.64, 539.82, 942.73, 551.97, 929.18, 545.90, 915.64, 545.90, 942.73, 545.90, 27.09, 12.15
6.10, 5, white car, 1146.20, 544.85, 1175.64, 556.99, 1160.92, 550.92, 1146.20, 550.92, 1175.64, 550.92, 29.44, 12.15
6.10, 23, black car, 913.44, 539.82, 940.57, 552.00, 927.01, 545.91, 913.44, 545.91, 940.57, 545.91, 27.13, 12.18
6.13, 5, white car, 1143.47, 544.86, 1172.67, 556.90, 1158.07, 550.88, 1143.47, 550.88, 1172.67, 550.88, 29.20, 12.04
6.13, 23, black car, 911.74, 540.06, 938.85, 552.25, 925.30, 546.15, 911.74, 546.15, 938.85, 546.15, 27.10, 12.19
6.17, 5, white car, 1140.60, 544.73, 1170.14, 556.92, 1155.37, 550.83, 1140.60, 550.83, 1170.14, 550.83, 29.54, 12.19
6.17, 23, black car, 909.62, 540.01, 937.07, 552.35, 923.34, 546.18, 909.62, 546.18, 937.07, 546.18, 27.45, 12.34
6.20, 5, white car, 1137.74, 544.69, 1167.38, 556.90, 1152.56, 550.79, 1137.74, 550.79, 1167.38, 550.79, 29.63, 12.21
6.20, 23, black car, 907.64, 540.07, 934.71, 552.21, 921.18, 546.14, 907.64, 546.14, 934.71, 546.14, 27.07, 12.14
6.23, 5, white car, 1134.44, 544.48, 1164.39, 556.85, 1149.42, 550.67, 1134.44, 550.67, 1164.39, 550.67, 29.95, 12.37
6.23, 23, black car, 905.80, 540.35, 931.53, 551.89, 918.66, 546.12, 905.80, 546.12, 931.53, 546.12, 25.73, 11.54
6.27, 5, white car, 1131.50, 544.41, 1161.50, 556.83, 1146.50, 550.62, 1131.50, 550.62, 1161.50, 550.62, 30.00, 12.42
6.27, 23, black car, 903.20, 540.38, 928.31, 551.60, 915.76, 545.99, 903.20, 545.99, 928.31, 545.99, 25.12, 11.22
6.30, 5, white car, 1128.84, 544.25, 1159.00, 556.78, 1143.92, 550.51, 1128.84, 550.51, 1159.00, 550.51, 30.16, 12.53
6.30, 23, black car, 900.46, 540.27, 925.50, 551.46, 912.98, 545.87, 900.46, 545.87, 925.50, 545.87, 25.05, 11.18
6.33, 5, white car, 1126.15, 544.34, 1156.17, 556.84, 1141.16, 550.59, 1126.15, 550.59, 1156.17, 550.59, 30.02, 12.50
6.33, 23, black car, 898.59, 540.26, 923.41, 551.34, 911.00, 545.80, 898.59, 545.80, 923.41, 545.80, 24.82, 11.08
6.37, 5, white car, 1124.06, 544.72, 1152.94, 556.71, 1138.50, 550.71, 1124.06, 550.71, 1152.94, 550.71, 28.88, 12.00
6.37, 23, black car, 895.91, 540.12, 921.29, 551.41, 908.60, 545.77, 895.91, 545.77, 921.29, 545.77, 25.38, 11.30
6.40, 5, white car, 1121.04, 544.78, 1149.72, 556.68, 1135.38, 550.73, 1121.04, 550.73, 1149.72, 550.73, 28.69, 11.90
6.40, 23, black car, 893.68, 539.68, 919.09, 550.97, 906.38, 545.33, 893.68, 545.33, 919.09, 545.33, 25.40, 11.28
6.43, 5, white car, 1117.96, 544.97, 1146.26, 556.69, 1132.11, 550.83, 1117.96, 550.83, 1146.26, 550.83, 28.30, 11.72
6.43, 23, black car, 891.95, 539.85, 916.27, 550.67, 904.11, 545.26, 891.95, 545.26, 916.27, 545.26, 24.32, 10.82
6.47, 5, white car, 1115.03, 544.77, 1143.82, 556.73, 1129.42, 550.75, 1115.03, 550.75, 1143.82, 550.75, 28.79, 11.96
6.47, 23, black car, 889.09, 539.75, 913.79, 550.70, 901.44, 545.22, 889.09, 545.22, 913.79, 545.22, 24.70, 10.95
6.50, 5, white car, 1111.99, 544.82, 1140.76, 556.79, 1126.38, 550.80, 1111.99, 550.80, 1140.76, 550.80, 28.77, 11.97
6.50, 23, black car, 886.23, 539.50, 911.59, 550.73, 898.91, 545.12, 886.23, 545.12, 911.59, 545.12, 25.35, 11.23
6.53, 5, white car, 1109.44, 544.91, 1137.86, 556.72, 1123.65, 550.81, 1109.44, 550.81, 1137.86, 550.81, 28.41, 11.80
6.53, 23, black car, 883.77, 539.38, 909.06, 550.59, 896.42, 544.98, 883.77, 544.98, 909.06, 544.98, 25.29, 11.21
6.57, 5, white car, 1106.40, 544.91, 1134.61, 556.64, 1120.51, 550.77, 1106.40, 550.77, 1134.61, 550.77, 28.21, 11.73
6.57, 23, black car, 881.46, 539.44, 906.97, 550.74, 894.21, 545.09, 881.46, 545.09, 906.97, 545.09, 25.51, 11.30
6.60, 5, white car, 1103.42, 544.97, 1131.57, 556.65, 1117.50, 550.81, 1103.42, 550.81, 1131.57, 550.81, 28.14, 11.67
6.60, 23, black car, 878.99, 539.26, 904.55, 550.57, 891.77, 544.92, 878.99, 544.92, 904.55, 544.92, 25.56, 11.31
6.63, 5, white car, 1100.63, 544.79, 1128.92, 556.53, 1114.77, 550.66, 1100.63, 550.66, 1128.92, 550.66, 28.29, 11.74
6.63, 23, black car, 876.41, 538.79, 902.10, 550.14, 889.25, 544.47, 876.41, 544.47, 902.10, 544.47, 25.69, 11.35
6.67, 5, white car, 1097.67, 544.80, 1126.35, 556.72, 1112.01, 550.76, 1097.67, 550.76, 1126.35, 550.76, 28.68, 11.92
6.67, 23, black car, 873.60, 538.67, 899.60, 550.16, 886.60, 544.41, 873.60, 544.41, 899.60, 544.41, 26.00, 11.49
6.70, 5, white car, 1094.97, 544.72, 1123.78, 556.69, 1109.37, 550.70, 1094.97, 550.70, 1123.78, 550.70, 28.82, 11.97
6.70, 23, black car, 871.48, 538.42, 897.69, 550.04, 884.59, 544.23, 871.48, 544.23, 897.69, 544.23, 26.22, 11.62
6.73, 5, white car, 1091.89, 544.68, 1120.81, 556.70, 1106.35, 550.69, 1091.89, 550.69, 1120.81, 550.69, 28.92, 12.02
6.73, 23, black car, 868.80, 538.21, 895.29, 549.98, 882.04, 544.10, 868.80, 544.10, 895.29, 544.10, 26.48, 11.78
6.77, 5, white car, 1088.81, 544.51, 1117.82, 556.57, 1103.31, 550.54, 1088.81, 550.54, 1117.82, 550.54, 29.01, 12.06
6.77, 23, black car, 866.77, 538.52, 893.16, 550.26, 879.97, 544.39, 866.77, 544.39, 893.16, 544.39, 26.38, 11.74
6.80, 5, white car, 1086.00, 544.37, 1115.00, 556.47, 1100.50, 550.42, 1086.00, 550.42, 1115.00, 550.42, 29.00, 12.10
6.80, 23, black car, 865.23, 538.62, 891.33, 550.23, 878.28, 544.43, 865.23, 544.43, 891.33, 544.43, 26.10, 11.61
6.83, 5, white car, 1083.25, 544.44, 1112.14, 556.50, 1097.70, 550.47, 1083.25, 550.47, 1112.14, 550.47, 28.89, 12.07
6.83, 23, black car, 862.50, 538.58, 888.40, 550.04, 875.45, 544.31, 862.50, 544.31, 888.40, 544.31, 25.90, 11.46
6.87, 5, white car, 1080.47, 544.39, 1109.40, 556.48, 1094.93, 550.43, 1080.47, 550.43, 1109.40, 550.43, 28.93, 12.09
6.87, 23, black car, 859.83, 538.48, 885.81, 549.97, 872.82, 544.23, 859.83, 544.23, 885.81, 544.23, 25.98, 11.49
6.90, 5, white car, 1077.25, 544.47, 1106.14, 556.57, 1091.69, 550.52, 1077.25, 550.52, 1106.14, 550.52, 28.89, 12.10
6.90, 23, black car, 857.66, 538.48, 883.45, 549.92, 870.55, 544.20, 857.66, 544.20, 883.45, 544.20, 25.79, 11.43
6.93, 5, white car, 1074.70, 544.61, 1102.90, 556.40, 1088.80, 550.50, 1074.70, 550.50, 1102.90, 550.50, 28.20, 11.79
6.93, 23, black car, 855.48, 538.25, 881.30, 549.69, 868.39, 543.97, 855.48, 543.97, 881.30, 543.97, 25.82, 11.44
6.97, 5, white car, 1072.07, 544.57, 1100.24, 556.32, 1086.15, 550.45, 1072.07, 550.45, 1100.24, 550.45, 28.17, 11.76
6.97, 23, black car, 852.89, 538.10, 878.90, 549.62, 865.89, 543.86, 852.89, 543.86, 878.90, 543.86, 26.01, 11.52
7.00, 5, white car, 1069.24, 544.74, 1097.33, 556.42, 1083.28, 550.58, 1069.24, 550.58, 1097.33, 550.58, 28.08, 11.68
7.00, 23, black car, 851.30, 538.09, 876.55, 549.28, 863.92, 543.68, 851.30, 543.68, 876.55, 543.68, 25.26, 11.20
7.03, 5, white car, 1066.35, 544.69, 1094.48, 556.36, 1080.42, 550.52, 1066.35, 550.52, 1094.48, 550.52, 28.13, 11.67
7.03, 23, black car, 849.26, 537.97, 873.72, 548.79, 861.49, 543.38, 849.26, 543.38, 873.72, 543.38, 24.47, 10.82
7.07, 5, white car, 1063.13, 544.66, 1091.37, 556.37, 1077.25, 550.52, 1063.13, 550.52, 1091.37, 550.52, 28.24, 11.71
7.07, 23, black car, 846.66, 537.68, 871.94, 548.84, 859.30, 543.26, 846.66, 543.26, 871.94, 543.26, 25.28, 11.16
7.10, 5, white car, 1060.62, 544.59, 1088.48, 556.11, 1074.55, 550.35, 1060.62, 550.35, 1088.48, 550.35, 27.86, 11.52
7.10, 23, black car, 844.67, 537.59, 870.15, 548.87, 857.41, 543.23, 844.67, 543.23, 870.15, 543.23, 25.48, 11.28
7.13, 5, white car, 1057.79, 544.60, 1085.79, 556.15, 1071.79, 550.38, 1057.79, 550.38, 1085.79, 550.38, 28.00, 11.55
7.13, 23, black car, 841.66, 537.19, 867.73, 548.73, 854.69, 542.96, 841.66, 542.96, 867.73, 542.96, 26.07, 11.54
7.17, 5, white car, 1054.82, 544.51, 1082.86, 556.04, 1068.84, 550.28, 1054.82, 550.28, 1082.86, 550.28, 28.03, 11.53
7.17, 23, black car, 838.98, 536.89, 865.54, 548.67, 852.26, 542.78, 838.98, 542.78, 865.54, 542.78, 26.56, 11.77
7.20, 5, white car, 1051.80, 544.28, 1080.15, 555.91, 1065.97, 550.09, 1051.80, 550.09, 1080.15, 550.09, 28.35, 11.64
7.20, 23, black car, 836.79, 536.57, 863.52, 548.46, 850.16, 542.52, 836.79, 542.52, 863.52, 542.52, 26.73, 11.89
7.23, 5, white car, 1048.36, 544.11, 1077.47, 556.08, 1062.92, 550.10, 1048.36, 550.10, 1077.47, 550.10, 29.11, 11.97
7.23, 23, black car, 833.98, 536.61, 860.54, 548.43, 847.26, 542.52, 833.98, 542.52, 860.54, 542.52, 26.56, 11.82
7.27, 5, white car, 1045.46, 543.98, 1074.79, 556.04, 1060.13, 550.01, 1045.46, 550.01, 1074.79, 550.01, 29.33, 12.06
7.27, 23, black car, 831.12, 536.40, 858.14, 548.45, 844.63, 542.42, 831.12, 542.42, 858.14, 542.42, 27.02, 12.05
7.30, 5, white car, 1042.75, 544.02, 1071.77, 555.94, 1057.26, 549.98, 1042.75, 549.98, 1071.77, 549.98, 29.02, 11.92
7.30, 23, black car, 828.92, 536.09, 855.95, 548.18, 842.44, 542.14, 828.92, 542.14, 855.95, 542.14, 27.02, 12.09
7.33, 5, white car, 1040.12, 544.12, 1068.79, 555.87, 1054.45, 550.00, 1040.12, 550.00, 1068.79, 550.00, 28.67, 11.75
7.33, 23, black car, 826.71, 535.98, 853.70, 548.04, 840.20, 542.01, 826.71, 542.01, 853.70, 542.01, 26.99, 12.05
7.37, 5, white car, 1037.46, 544.02, 1065.87, 555.65, 1051.67, 549.83, 1037.46, 549.83, 1065.87, 549.83, 28.41, 11.63
7.37, 23, black car, 824.57, 535.99, 851.44, 547.98, 838.00, 541.99, 824.57, 541.99, 851.44, 541.99, 26.86, 11.99
7.40, 5, white car, 1034.52, 543.95, 1063.02, 555.60, 1048.77, 549.78, 1034.52, 549.78, 1063.02, 549.78, 28.49, 11.66
7.40, 23, black car, 822.52, 535.95, 849.18, 547.83, 835.85, 541.89, 822.52, 541.89, 849.18, 541.89, 26.67, 11.88
7.43, 5, white car, 1031.41, 543.80, 1060.01, 555.47, 1045.71, 549.63, 1031.41, 549.63, 1060.01, 549.63, 28.60, 11.67
7.43, 23, black car, 820.07, 535.83, 846.80, 547.70, 833.44, 541.77, 820.07, 541.77, 846.80, 541.77, 26.73, 11.87
7.47, 5, white car, 1028.62, 543.93, 1056.94, 555.51, 1042.78, 549.72, 1028.62, 549.72, 1056.94, 549.72, 28.33, 11.57
7.50, 5, white car, 1025.70, 543.76, 1054.46, 555.51, 1040.08, 549.64, 1025.70, 549.64, 1054.46, 549.64, 28.76, 11.75
7.53, 5, white car, 1022.51, 543.36, 1051.69, 555.32, 1037.10, 549.34, 1022.51, 549.34, 1051.69, 549.34, 29.18, 11.96
7.57, 5, white car, 1019.52, 543.34, 1048.44, 555.21, 1033.98, 549.28, 1019.52, 549.28, 1048.44, 549.28, 28.93, 11.87
7.60, 5, white car, 1016.57, 543.10, 1045.80, 555.08, 1031.19, 549.09, 1016.57, 549.09, 1045.80, 549.09, 29.23, 11.97
7.63, 5, white car, 1013.74, 543.25, 1042.76, 555.14, 1028.25, 549.19, 1013.74, 549.19, 1042.76, 549.19, 29.02, 11.89
7.67, 5, white car, 1011.15, 543.37, 1039.82, 555.12, 1025.48, 549.25, 1011.15, 549.25, 1039.82, 549.25, 28.67, 11.75
7.70, 5, white car, 1007.80, 542.93, 1037.18, 554.99, 1022.49, 548.96, 1007.80, 548.96, 1037.18, 548.96, 29.37, 12.06
7.73, 5, white car, 1005.06, 542.97, 1034.23, 554.97, 1019.65, 548.97, 1005.06, 548.97, 1034.23, 548.97, 29.17, 12.00
7.77, 5, white car, 1002.60, 543.04, 1030.99, 554.68, 1016.80, 548.86, 1002.60, 548.86, 1030.99, 548.86, 28.39, 11.64
7.80, 5, white car, 999.69, 543.25, 1027.76, 554.73, 1013.73, 548.99, 999.69, 548.99, 1027.76, 548.99, 28.07, 11.48
7.83, 5, white car, 996.72, 543.05, 1025.27, 554.72, 1011.00, 548.88, 996.72, 548.88, 1025.27, 548.88, 28.55, 11.67
7.87, 5, white car, 993.42, 542.73, 1022.44, 554.60, 1007.93, 548.66, 993.42, 548.66, 1022.44, 548.66, 29.02, 11.87
7.90, 5, white car, 990.46, 542.70, 1019.90, 554.76, 1005.18, 548.73, 990.46, 548.73, 1019.90, 548.73, 29.44, 12.06
7.93, 5, white car, 988.12, 542.85, 1016.60, 554.46, 1002.36, 548.66, 988.12, 548.66, 1016.60, 548.66, 28.48, 11.61
7.97, 5, white car, 985.47, 542.94, 1013.42, 554.28, 999.45, 548.61, 985.47, 548.61, 1013.42, 548.61, 27.95, 11.34
8.00, 5, white car, 982.68, 542.80, 1010.87, 554.22, 996.78, 548.51, 982.68, 548.51, 1010.87, 548.51, 28.19, 11.42
8.03, 5, white car, 979.74, 542.44, 1007.98, 553.90, 993.86, 548.17, 979.74, 548.17, 1007.98, 548.17, 28.25, 11.46
8.07, 5, white car, 976.62, 542.28, 1005.13, 553.87, 990.87, 548.08, 976.62, 548.08, 1005.13, 548.08, 28.50, 11.58
8.07, 23, black car, 774.04, 532.15, 801.91, 544.67, 787.98, 538.41, 774.04, 538.41, 801.91, 538.41, 27.87, 12.52
8.10, 5, white car, 974.05, 542.46, 1002.03, 553.79, 988.04, 548.13, 974.05, 548.13, 1002.03, 548.13, 27.98, 11.33
8.10, 23, black car, 771.88, 532.22, 799.46, 544.67, 785.67, 538.44, 771.88, 538.44, 799.46, 538.44, 27.58, 12.45
8.13, 5, white car, 971.65, 542.60, 999.03, 553.65, 985.34, 548.13, 971.65, 548.13, 999.03, 548.13, 27.38, 11.05
8.17, 5, white car, 968.62, 542.35, 996.41, 553.55, 982.51, 547.95, 968.62, 547.95, 996.41, 547.95, 27.79, 11.21
8.20, 5, white car, 965.45, 542.05, 993.48, 553.38, 979.46, 547.71, 965.45, 547.71, 993.48, 547.71, 28.03, 11.33
8.23, 5, white car, 962.22, 541.79, 990.82, 553.37, 976.52, 547.58, 962.22, 547.58, 990.82, 547.58, 28.60, 11.58
8.27, 5, white car, 959.52, 541.63, 987.92, 553.10, 973.72, 547.37, 959.52, 547.37, 987.92, 547.37, 28.40, 11.47
8.27, 23, black car, 760.75, 532.20, 787.28, 544.24, 774.01, 538.22, 760.75, 538.22, 787.28, 538.22, 26.53, 12.04
8.30, 5, white car, 957.00, 541.57, 985.13, 552.93, 971.06, 547.25, 957.00, 547.25, 985.13, 547.25, 28.13, 11.36
8.30, 23, black car, 758.48, 532.12, 784.65, 544.10, 771.56, 538.11, 758.48, 538.11, 784.65, 538.11, 26.17, 11.98
8.33, 5, white car, 953.75, 541.34, 982.21, 552.85, 967.98, 547.09, 953.75, 547.09, 982.21, 547.09, 28.46, 11.51
8.33, 23, black car, 755.76, 531.91, 781.66, 543.84, 768.71, 537.88, 755.76, 537.88, 781.66, 537.88, 25.90, 11.93
8.37, 5, white car, 950.85, 541.24, 979.28, 552.79, 965.06, 547.02, 950.85, 547.02, 979.28, 547.02, 28.43, 11.55
8.37, 23, black car, 752.64, 531.37, 779.34, 543.68, 765.99, 537.52, 752.64, 537.52, 779.34, 537.52, 26.70, 12.31
8.40, 5, white car, 948.00, 541.11, 976.61, 552.77, 962.31, 546.94, 948.00, 546.94, 976.61, 546.94, 28.61, 11.66
8.40, 23, black car, 750.62, 531.09, 777.49, 543.50, 764.06, 537.29, 750.62, 537.29, 777.49, 537.29, 26.87, 12.41
8.43, 5, white car, 945.18, 540.88, 973.70, 552.49, 959.44, 546.69, 945.18, 546.69, 973.70, 546.69, 28.52, 11.61
8.43, 23, black car, 747.80, 531.14, 774.33, 543.40, 761.07, 537.27, 747.80, 537.27, 774.33, 537.27, 26.53, 12.26
8.47, 5, white car, 942.48, 540.87, 970.76, 552.39, 956.62, 546.63, 942.48, 546.63, 970.76, 546.63, 28.28, 11.52
8.47, 23, black car, 745.36, 531.29, 772.09, 543.63, 758.72, 537.46, 745.36, 537.46, 772.09, 537.46, 26.73, 12.34
8.50, 5, white car, 939.42, 540.80, 967.86, 552.38, 953.64, 546.59, 939.42, 546.59, 967.86, 546.59, 28.44, 11.58
8.50, 23, black car, 743.84, 531.41, 770.46, 543.66, 757.15, 537.53, 743.84, 537.53, 770.46, 537.53, 26.62, 12.25
8.53, 5, white car, 936.66, 540.89, 965.06, 552.45, 950.86, 546.67, 936.66, 546.67, 965.06, 546.67, 28.40, 11.56
8.53, 23, black car, 741.46, 531.72, 767.76, 543.78, 754.61, 537.75, 741.46, 537.75, 767.76, 537.75, 26.31, 12.06
8.57, 5, white car, 934.08, 540.82, 961.93, 552.12, 948.01, 546.47, 934.08, 546.47, 961.93, 546.47, 27.84, 11.30
8.57, 23, black car, 738.74, 531.37, 765.45, 543.56, 752.10, 537.46, 738.74, 537.46, 765.45, 537.46, 26.70, 12.20
8.60, 5, white car, 931.23, 540.74, 958.78, 551.89, 945.01, 546.31, 931.23, 546.31, 958.78, 546.31, 27.55, 11.15
8.60, 23, black car, 736.45, 530.88, 763.18, 543.06, 749.81, 536.97, 736.45, 536.97, 763.18, 536.97, 26.73, 12.17
8.63, 5, white car, 928.18, 540.67, 955.82, 551.84, 942.00, 546.26, 928.18, 546.26, 955.82, 546.26, 27.64, 11.17
8.63, 23, black car, 733.68, 530.44, 760.38, 542.59, 747.03, 536.51, 733.68, 536.51, 760.38, 536.51, 26.70, 12.15
8.67, 5, white car, 924.88, 540.66, 953.06, 552.05, 938.97, 546.35, 924.88, 546.35, 953.06, 546.35, 28.18, 11.39
8.67, 23, black car, 730.99, 529.93, 758.36, 542.38, 744.67, 536.15, 730.99, 536.15, 758.36, 536.15, 27.38, 12.45
8.70, 5, white car, 922.18, 540.70, 950.49, 552.17, 936.33, 546.44, 922.18, 546.44, 950.49, 546.44, 28.31, 11.46
8.70, 23, black car, 728.50, 529.47, 756.15, 542.05, 742.32, 535.76, 728.50, 535.76, 756.15, 535.76, 27.65, 12.58
8.73, 5, white car, 919.37, 540.57, 947.75, 552.08, 933.56, 546.32, 919.37, 546.32, 947.75, 546.32, 28.38, 11.51
8.73, 23, black car, 726.38, 529.44, 753.85, 541.96, 740.11, 535.70, 726.38, 535.70, 753.85, 535.70, 27.47, 12.51
8.77, 5, white car, 916.46, 540.33, 944.73, 551.79, 930.59, 546.06, 916.46, 546.06, 944.73, 546.06, 28.27, 11.46
8.77, 23, black car, 723.83, 529.26, 751.26, 541.75, 737.54, 535.50, 723.83, 535.50, 751.26, 535.50, 27.43, 12.49
8.80, 5, white car, 913.75, 540.00, 942.15, 551.55, 927.95, 545.77, 913.75, 545.77, 942.15, 545.77, 28.40, 11.55
8.80, 23, black car, 721.77, 529.20, 748.73, 541.44, 735.25, 535.32, 721.77, 535.32, 748.73, 535.32, 26.96, 12.24
8.83, 5, white car, 910.90, 540.00, 939.08, 551.46, 924.99, 545.73, 910.90, 545.73, 939.08, 545.73, 28.18, 11.45
8.83, 23, black car, 718.83, 529.13, 745.52, 541.23, 732.18, 535.18, 718.83, 535.18, 745.52, 535.18, 26.69, 12.10
8.87, 5, white car, 907.90, 540.04, 936.30, 551.56, 922.10, 545.80, 907.90, 545.80, 936.30, 545.80, 28.39, 11.52
8.87, 23, black car, 716.87, 529.01, 743.55, 541.07, 730.21, 535.04, 716.87, 535.04, 743.55, 535.04, 26.67, 12.06
8.90, 5, white car, 905.77, 539.95, 933.71, 551.25, 919.74, 545.60, 905.77, 545.60, 933.71, 545.60, 27.94, 11.30
8.90, 23, black car, 715.20, 528.88, 741.69, 540.88, 728.45, 534.88, 715.20, 534.88, 741.69, 534.88, 26.50, 12.00
8.93, 5, white car, 902.94, 539.93, 930.47, 551.01, 916.70, 545.47, 902.94, 545.47, 930.47, 545.47, 27.53, 11.08
8.93, 23, black car, 712.73, 528.66, 739.47, 540.77, 726.10, 534.72, 712.73, 534.72, 739.47, 534.72, 26.74, 12.11
8.97, 5, white car, 899.93, 539.69, 927.59, 550.82, 913.76, 545.25, 899.93, 545.25, 927.59, 545.25, 27.65, 11.12
8.97, 23, black car, 710.63, 528.55, 737.32, 540.61, 723.97, 534.58, 710.63, 534.58, 737.32, 534.58, 26.69, 12.06
9.00, 5, white car, 896.91, 539.59, 924.93, 550.86, 910.92, 545.22, 896.91, 545.22, 924.93, 545.22, 28.02, 11.28
9.00, 23, black car, 708.74, 528.44, 734.88, 540.25, 721.81, 534.34, 708.74, 534.34, 734.88, 534.34, 26.14, 11.80
9.03, 5, white car, 893.78, 539.39, 922.24, 550.84, 908.01, 545.11, 893.78, 545.11, 922.24, 545.11, 28.45, 11.45
9.03, 23, black car, 706.01, 528.31, 732.08, 540.08, 719.05, 534.19, 706.01, 534.19, 732.08, 534.19, 26.07, 11.77
9.07, 5, white car, 891.14, 539.47, 919.25, 550.78, 905.20, 545.13, 891.14, 545.13, 919.25, 545.13, 28.11, 11.31
9.07, 23, black car, 703.35, 528.11, 730.02, 540.14, 716.69, 534.13, 703.35, 534.13, 730.02, 534.13, 26.67, 12.02
9.10, 5, white car, 888.50, 539.40, 916.88, 550.80, 902.69, 545.10, 888.50, 545.10, 916.88, 545.10, 28.37, 11.39
9.10, 23, black car, 700.78, 527.77, 727.64, 539.92, 714.21, 533.84, 700.78, 533.84, 727.64, 533.84, 26.85, 12.15
9.13, 5, white car, 885.77, 539.25, 913.95, 550.56, 899.86, 544.91, 885.77, 544.91, 913.95, 544.91, 28.18, 11.32
9.13, 23, black car, 698.63, 527.63, 725.71, 539.92, 712.17, 533.78, 698.63, 533.78, 725.71, 533.78, 27.08, 12.29
9.17, 5, white car, 882.76, 539.11, 911.29, 550.57, 897.02, 544.84, 882.76, 544.84, 911.29, 544.84, 28.53, 11.46
9.17, 23, black car, 696.01, 527.54, 723.71, 540.08, 709.86, 533.81, 696.01, 533.81, 723.71, 533.81, 27.69, 12.54
9.20, 5, white car, 879.20, 538.86, 908.26, 550.53, 893.73, 544.69, 879.20, 544.69, 908.26, 544.69, 29.06, 11.66
9.20, 23, black car, 693.73, 527.53, 721.01, 539.86, 707.37, 533.69, 693.73, 533.69, 721.01, 533.69, 27.28, 12.33
9.23, 5, white car, 876.65, 538.85, 905.64, 550.50, 891.14, 544.67, 876.65, 544.67, 905.64, 544.67, 29.00, 11.65
9.23, 23, black car, 691.61, 527.44, 718.31, 539.51, 704.96, 533.47, 691.61, 533.47, 718.31, 533.47, 26.70, 12.07
9.27, 5, white car, 874.04, 538.67, 902.96, 550.28, 888.50, 544.47, 874.04, 544.47, 902.96, 544.47, 28.92, 11.60
9.27, 23, black car, 688.70, 527.13, 715.48, 539.22, 702.09, 533.18, 688.70, 533.18, 715.48, 533.18, 26.79, 12.08
9.30, 5, white car, 871.08, 538.43, 900.17, 550.11, 885.63, 544.27, 871.08, 544.27, 900.17, 544.27, 29.09, 11.68
9.30, 23, black car, 686.28, 526.77, 713.12, 538.86, 699.70, 532.81, 686.28, 532.81, 713.12, 532.81, 26.84, 12.09
9.33, 5, white car, 868.22, 538.23, 897.60, 550.04, 882.91, 544.13, 868.22, 544.13, 897.60, 544.13, 29.37, 11.81
9.33, 23, black car, 684.04, 526.68, 710.99, 538.81, 697.51, 532.75, 684.04, 532.75, 710.99, 532.75, 26.95, 12.13
9.37, 5, white car, 864.81, 537.88, 894.50, 549.85, 879.65, 543.86, 864.81, 543.86, 894.50, 543.86, 29.70, 11.97
9.37, 23, black car, 681.83, 526.45, 708.88, 538.61, 695.35, 532.53, 681.83, 532.53, 708.88, 532.53, 27.05, 12.16
9.40, 5, white car, 862.20, 537.89, 891.52, 549.72, 876.86, 543.80, 862.20, 543.80, 891.52, 543.80, 29.32, 11.83
9.40, 23, black car, 680.10, 526.47, 706.44, 538.32, 693.27, 532.39, 680.10, 532.39, 706.44, 532.39, 26.34, 11.85
9.43, 5, white car, 859.59, 537.86, 888.74, 549.65, 874.16, 543.76, 859.59, 543.76, 888.74, 543.76, 29.15, 11.78
9.43, 23, black car, 676.66, 526.34, 703.18, 538.23, 689.92, 532.29, 676.66, 532.29, 703.18, 532.29, 26.52, 11.90
9.47, 5, white car, 856.93, 537.59, 886.39, 549.57, 871.66, 543.58, 856.93, 543.58, 886.39, 543.58, 29.46, 11.98
9.47, 23, black car, 674.06, 526.20, 700.59, 538.08, 687.33, 532.14, 674.06, 532.14, 700.59, 532.14, 26.53, 11.88
9.50, 5, white car, 854.26, 537.60, 883.48, 549.52, 868.87, 543.56, 854.26, 543.56, 883.48, 543.56, 29.22, 11.92
9.50, 23, black car, 672.63, 526.19, 698.50, 537.76, 685.57, 531.97, 672.63, 531.97, 698.50, 531.97, 25.87, 11.57
9.53, 5, white car, 851.23, 537.51, 880.45, 549.46, 865.84, 543.49, 851.23, 543.49, 880.45, 543.49, 29.22, 11.95
9.53, 23, black car, 670.26, 525.89, 696.32, 537.58, 683.29, 531.73, 670.26, 531.73, 696.32, 531.73, 26.06, 11.69
9.57, 5, white car, 848.39, 537.31, 877.67, 549.30, 863.03, 543.31, 848.39, 543.31, 877.67, 543.31, 29.27, 11.99
9.57, 23, black car, 668.13, 525.56, 694.44, 537.35, 681.29, 531.46, 668.13, 531.46, 694.44, 531.46, 26.30, 11.79
9.60, 5, white car, 845.35, 537.02, 875.07, 549.25, 860.21, 543.14, 845.35, 543.14, 875.07, 543.14, 29.71, 12.23
9.60, 23, black car, 666.10, 525.31, 691.86, 536.85, 678.98, 531.08, 666.10, 531.08, 691.86, 531.08, 25.77, 11.53
9.63, 5, white car, 842.60, 536.87, 872.10, 549.05, 857.35, 542.96, 842.60, 542.96, 872.10, 542.96, 29.50, 12.18
9.63, 23, black car, 663.17, 525.21, 689.15, 536.81, 676.16, 531.01, 663.17, 531.01, 689.15, 531.01, 25.98, 11.61
9.67, 5, white car, 840.31, 536.70, 869.16, 548.60, 854.74, 542.65, 840.31, 542.65, 869.16, 542.65, 28.84, 11.90
9.67, 23, black car, 660.69, 524.71, 687.16, 536.55, 673.93, 530.63, 660.69, 530.63, 687.16, 530.63, 26.47, 11.84
9.70, 5, white car, 837.15, 536.44, 866.05, 548.40, 851.60, 542.42, 837.15, 542.42, 866.05, 542.42, 28.90, 11.96
9.70, 23, black car, 658.42, 524.49, 685.09, 536.45, 671.76, 530.47, 658.42, 530.47, 685.09, 530.47, 26.67, 11.96
9.73, 5, white car, 834.60, 536.12, 863.61, 548.19, 849.11, 542.16, 834.60, 542.16, 863.61, 542.16, 29.02, 12.06
9.73, 23, black car, 655.79, 524.38, 682.78, 536.54, 669.28, 530.46, 655.79, 530.46, 682.78, 530.46, 26.99, 12.16
9.77, 5, white car, 831.65, 535.88, 860.69, 547.97, 846.17, 541.92, 831.65, 541.92, 860.69, 541.92, 29.04, 12.08
9.77, 23, black car, 653.43, 524.11, 680.68, 536.41, 667.06, 530.26, 653.43, 530.26, 680.68, 530.26, 27.24, 12.31
9.80, 5, white car, 829.03, 535.86, 858.21, 548.05, 843.62, 541.95, 829.03, 541.95, 858.21, 541.95, 29.19, 12.19
9.80, 23, black car, 651.03, 523.85, 677.90, 536.01, 664.47, 529.93, 651.03, 529.93, 677.90, 529.93, 26.87, 12.16
9.83, 5, white car, 826.05, 535.63, 855.37, 547.91, 840.71, 541.77, 826.05, 541.77, 855.37, 541.77, 29.32, 12.28
9.83, 23, black car, 647.63, 523.54, 675.14, 535.98, 661.38, 529.76, 647.63, 529.76, 675.14, 529.76, 27.50, 12.44
9.87, 5, white car, 822.82, 535.54, 852.25, 547.94, 837.53, 541.74, 822.82, 541.74, 852.25, 541.74, 29.43, 12.40
9.87, 23, black car, 645.85, 523.34, 673.51, 535.86, 659.68, 529.60, 645.85, 529.60, 673.51, 529.60, 27.66, 12.52
9.90, 5, white car, 820.41, 535.42, 849.82, 547.85, 835.11, 541.64, 820.41, 541.64, 849.82, 541.64, 29.40, 12.43
9.90, 23, black car, 644.15, 522.91, 671.98, 535.56, 658.06, 529.23, 644.15, 529.23, 671.98, 529.23, 27.83, 12.65
9.93, 5, white car, 817.71, 535.36, 847.02, 547.74, 832.36, 541.55, 817.71, 541.55, 847.02, 541.55, 29.31, 12.38
9.93, 23, black car, 641.88, 522.37, 669.75, 535.10, 655.82, 528.74, 641.88, 528.74, 669.75, 528.74, 27.87, 12.73
9.97, 23, black car, 639.67, 522.08, 667.05, 534.60, 653.36, 528.34, 639.67, 528.34, 667.05, 528.34, 27.38, 12.53
