0.00, 9, white car, 181.60, 479.73, 208.96, 492.93, 195.28, 486.33, 181.60, 486.33, 208.96, 486.33, 27.37, 13.20
0.00, 22, black car, 245.22, 486.23, 273.57, 500.21, 259.39, 493.22, 245.22, 493.22, 273.57, 493.22, 28.34, 13.98
0.00, 32, white car, 428.45, 506.17, 458.31, 520.60, 443.38, 513.38, 428.45, 513.38, 458.31, 513.38, 29.86, 14.43
0.03, 9, white car, 180.20, 479.50, 207.38, 492.62, 193.79, 486.06, 180.20, 486.06, 207.38, 486.06, 27.19, 13.11
0.03, 22, black car, 243.29, 485.82, 271.65, 499.80, 257.47, 492.81, 243.29, 492.81, 271.65, 492.81, 28.36, 13.99
0.03, 32, white car, 426.45, 505.91, 456.47, 520.42, 441.46, 513.17, 426.45, 513.17, 456.47, 513.17, 30.03, 14.51
0.07, 22, black car, 241.42, 485.85, 269.46, 499.65, 255.44, 492.75, 241.42, 492.75, 269.46, 492.75, 28.04, 13.80
0.10, 22, black car, 239.36, 486.16, 266.85, 499.66, 253.11, 492.91, 239.36, 492.91, 266.85, 492.91, 27.49, 13.50
0.13, 22, black car, 236.00, 485.45, 264.00, 499.16, 250.00, 492.30, 236.00, 492.30, 264.00, 492.30, 28.00, 13.72
0.13, 9, white car, 172.72, 478.13, 201.13, 491.85, 186.92, 484.99, 172.72, 484.99, 201.13, 484.99, 28.41, 13.71
0.13, 32, white car, 418.51, 505.26, 448.89, 519.94, 433.70, 512.60, 418.51, 512.60, 448.89, 512.60, 30.38, 14.68
0.17, 22, black car, 233.63, 484.86, 262.02, 498.74, 247.82, 491.80, 233.63, 491.80, 262.02, 491.80, 28.39, 13.87
0.20, 22, black car, 231.89, 484.71, 260.41, 498.62, 246.15, 491.66, 231.89, 491.66, 260.41, 491.66, 28.52, 13.92
0.20, 32, white car, 412.53, 504.64, 443.61, 519.66, 428.07, 512.15, 412.53, 512.15, 443.61, 512.15, 31.08, 15.03
0.23, 22, black car, 229.44, 484.42, 258.18, 498.39, 243.81, 491.41, 229.44, 491.41, 258.18, 491.41, 28.73, 13.97
0.23, 32, white car, 409.88, 504.02, 440.94, 519.06, 425.41, 511.54, 409.88, 511.54, 440.94, 511.54, 31.07, 15.04
0.27, 22, black car, 227.35, 484.35, 256.26, 498.32, 241.81, 491.33, 227.35, 491.33, 256.26, 491.33, 28.91, 13.97
0.27, 32, white car, 407.14, 503.75, 437.92, 518.68, 422.53, 511.22, 407.14, 511.22, 437.92, 511.22, 30.78, 14.93
0.30, 22, black car, 225.35, 484.14, 254.30, 498.05, 239.82, 491.10, 225.35, 491.10, 254.30, 491.10, 28.95, 13.91
0.30, 32, white car, 404.27, 503.70, 434.69, 518.46, 419.48, 511.08, 404.27, 511.08, 434.69, 511.08, 30.42, 14.76
0.33, 22, black car, 223.21, 483.83, 252.21, 497.71, 237.71, 490.77, 223.21, 490.77, 252.21, 490.77, 29.00, 13.88
0.33, 32, white car, 401.71, 503.48, 432.01, 518.23, 416.86, 510.85, 401.71, 510.85, 432.01, 510.85, 30.30, 14.75
0.37, 22, black car, 221.21, 483.53, 250.16, 497.34, 235.68, 490.43, 221.21, 490.43, 250.16, 490.43, 28.95, 13.81
0.37, 32, white car, 399.15, 503.14, 429.46, 517.90, 414.31, 510.52, 399.15, 510.52, 429.46, 510.52, 30.30, 14.75
0.40, 22, black car, 219.68, 483.60, 248.31, 497.21, 234.00, 490.40, 219.68, 490.40, 248.31, 490.40, 28.63, 13.60
0.40, 32, white car, 396.82, 502.79, 426.98, 517.49, 411.90, 510.14, 396.82, 510.14, 426.98, 510.14, 30.16, 14.70
0.43, 22, black car, 218.18, 483.66, 246.66, 497.15, 232.42, 490.41, 218.18, 490.41, 246.66, 490.41, 28.47, 13.49
0.43, 32, white car, 394.24, 502.42, 424.09, 516.95, 409.16, 509.68, 394.24, 509.68, 424.09, 509.68, 29.84, 14.53
0.47, 22, black car, 215.79, 482.96, 244.78, 496.64, 230.28, 489.80, 215.79, 489.80, 244.78, 489.80, 28.99, 13.68
0.47, 32, white car, 392.04, 502.22, 421.49, 516.53, 406.76, 509.37, 392.04, 509.37, 421.49, 509.37, 29.45, 14.31
0.50, 22, black car, 213.37, 482.60, 242.63, 496.34, 228.00, 489.47, 213.37, 489.47, 242.63, 489.47, 29.26, 13.74
0.50, 32, white car, 389.01, 501.94, 418.43, 516.21, 403.72, 509.08, 389.01, 509.08, 418.43, 509.08, 29.41, 14.27
0.53, 22, black car, 211.07, 482.34, 240.45, 496.09, 225.76, 489.22, 211.07, 489.22, 240.45, 489.22, 29.38, 13.75
0.53, 32, white car, 386.29, 501.57, 415.85, 515.90, 401.07, 508.74, 386.29, 508.74, 415.85, 508.74, 29.56, 14.33
0.57, 22, black car, 208.87, 481.93, 238.18, 495.60, 223.52, 488.76, 208.87, 488.76, 238.18, 488.76, 29.31, 13.67
0.57, 32, white car, 383.81, 501.32, 413.00, 515.45, 398.40, 508.38, 383.81, 508.38, 413.00, 508.38, 29.19, 14.13
0.57, 9, white car, 143.77, 475.84, 170.42, 488.61, 157.10, 482.22, 143.77, 482.22, 170.42, 482.22, 26.65, 12.77
0.60, 22, black car, 206.72, 481.84, 236.08, 495.50, 221.40, 488.67, 206.72, 488.67, 236.08, 488.67, 29.35, 13.65
0.60, 32, white car, 381.44, 501.10, 410.37, 515.07, 395.90, 508.08, 381.44, 508.08, 410.37, 508.08, 28.92, 13.97
0.60, 9, white car, 141.57, 475.75, 168.22, 488.42, 154.90, 482.08, 141.57, 482.08, 168.22, 482.08, 26.64, 12.67
0.63, 22, black car, 204.87, 481.68, 234.40, 495.41, 219.64, 488.55, 204.87, 488.55, 234.40, 488.55, 29.53, 13.72
0.63, 32, white car, 379.21, 500.79, 408.12, 514.72, 393.66, 507.75, 379.21, 507.75, 408.12, 507.75, 28.92, 13.93
0.63, 9, white car, 139.68, 475.43, 166.37, 488.06, 153.02, 481.74, 139.68, 481.74, 166.37, 481.74, 26.69, 12.62
0.67, 22, black car, 202.05, 481.21, 232.25, 495.24, 217.15, 488.23, 202.05, 488.23, 232.25, 488.23, 30.20, 14.03
0.67, 32, white car, 376.37, 500.50, 405.43, 514.49, 390.90, 507.49, 376.37, 507.49, 405.43, 507.49, 29.06, 13.99
0.67, 9, white car, 137.29, 474.86, 164.54, 487.68, 150.91, 481.27, 137.29, 481.27, 164.54, 481.27, 27.25, 12.82
0.70, 22, black car, 199.68, 481.19, 229.72, 495.09, 214.70, 488.14, 199.68, 488.14, 229.72, 488.14, 30.04, 13.90
0.70, 9, white car, 134.80, 474.90, 161.55, 487.42, 148.18, 481.16, 134.80, 481.16, 161.55, 481.16, 26.75, 12.52
0.73, 22, black car, 198.38, 481.56, 227.67, 495.03, 213.03, 488.30, 198.38, 488.30, 227.67, 488.30, 29.29, 13.46
0.77, 22, black car, 196.99, 481.57, 225.64, 494.69, 211.31, 488.13, 196.99, 488.13, 225.64, 488.13, 28.66, 13.11
0.80, 22, black car, 194.72, 481.13, 223.68, 494.33, 209.20, 487.73, 194.72, 487.73, 223.68, 487.73, 28.95, 13.21
0.80, 9, white car, 129.30, 474.34, 155.98, 486.55, 142.64, 480.45, 129.30, 480.45, 155.98, 480.45, 26.68, 12.21
0.83, 22, black car, 191.33, 480.85, 221.01, 494.33, 206.17, 487.59, 191.33, 487.59, 221.01, 487.59, 29.68, 13.47
0.83, 9, white car, 126.79, 473.95, 154.08, 486.37, 140.43, 480.16, 126.79, 480.16, 154.08, 480.16, 27.29, 12.42
0.87, 22, black car, 189.50, 481.04, 218.95, 494.38, 204.23, 487.71, 189.50, 487.71, 218.95, 487.71, 29.44, 13.34
0.87, 9, white car, 124.57, 473.67, 152.01, 486.14, 138.29, 479.90, 124.57, 479.90, 152.01, 479.90, 27.43, 12.46
0.90, 22, black car, 187.83, 481.20, 217.10, 494.47, 202.47, 487.83, 187.83, 487.83, 217.10, 487.83, 29.27, 13.27
0.90, 9, white car, 121.57, 473.23, 148.99, 485.69, 135.28, 479.46, 121.57, 479.46, 148.99, 479.46, 27.42, 12.46
0.93, 22, black car, 186.34, 480.89, 215.58, 494.17, 200.96, 487.53, 186.34, 487.53, 215.58, 487.53, 29.24, 13.27
0.93, 9, white car, 118.91, 472.81, 146.89, 485.54, 132.90, 479.18, 118.91, 479.18, 146.89, 479.18, 27.98, 12.73
0.97, 22, black car, 184.88, 480.25, 213.78, 493.37, 199.33, 486.81, 184.88, 486.81, 213.78, 486.81, 28.90, 13.12
0.97, 9, white car, 116.62, 472.55, 144.51, 485.26, 130.57, 478.90, 116.62, 478.90, 144.51, 478.90, 27.90, 12.72
1.00, 22, black car, 182.94, 479.98, 211.65, 493.04, 197.30, 486.51, 182.94, 486.51, 211.65, 486.51, 28.71, 13.06
1.00, 9, white car, 114.32, 472.28, 142.45, 485.12, 128.39, 478.70, 114.32, 478.70, 142.45, 478.70, 28.13, 12.84
1.03, 22, black car, 181.10, 479.44, 209.77, 492.54, 195.43, 485.99, 181.10, 485.99, 209.77, 485.99, 28.67, 13.10
1.03, 9, white car, 112.22, 471.89, 140.69, 484.90, 126.46, 478.40, 112.22, 478.40, 140.69, 478.40, 28.47, 13.01
1.03, 32, white car, 347.13, 497.00, 377.55, 511.72, 362.34, 504.36, 347.13, 504.36, 377.55, 504.36, 30.42, 14.72
1.07, 22, black car, 179.28, 478.72, 208.54, 492.16, 193.91, 485.44, 179.28, 485.44, 208.54, 485.44, 29.26, 13.44
1.07, 9, white car, 110.04, 471.40, 138.96, 484.66, 124.50, 478.03, 110.04, 478.03, 138.96, 478.03, 28.92, 13.27
1.10, 22, black car, 177.83, 479.05, 206.32, 492.20, 192.07, 485.63, 177.83, 485.63, 206.32, 485.63, 28.49, 13.15
1.10, 9, white car, 108.18, 471.00, 137.22, 484.36, 122.70, 477.68, 108.18, 477.68, 137.22, 477.68, 29.04, 13.36
1.13, 9, white car, 106.15, 471.01, 134.69, 484.14, 120.42, 477.57, 106.15, 477.57, 134.69, 477.57, 28.54, 13.13
1.17, 9, white car, 103.72, 470.71, 132.28, 483.85, 118.00, 477.28, 103.72, 477.28, 132.28, 477.28, 28.56, 13.14
1.17, 22, black car, 173.43, 478.75, 201.77, 491.87, 187.60, 485.31, 173.43, 485.31, 201.77, 485.31, 28.34, 13.12
1.20, 9, white car, 101.66, 470.63, 129.88, 483.58, 115.77, 477.10, 101.66, 477.10, 129.88, 477.10, 28.21, 12.95
1.23, 9, white car, 99.49, 470.50, 127.65, 483.39, 113.57, 476.95, 99.49, 476.95, 127.65, 476.95, 28.15, 12.89
1.23, 22, black car, 167.00, 478.38, 195.62, 491.64, 181.31, 485.01, 167.00, 485.01, 195.62, 485.01, 28.63, 13.25
1.27, 9, white car, 97.60, 470.23, 126.13, 483.29, 111.86, 476.76, 97.60, 476.76, 126.13, 476.76, 28.52, 13.06
1.30, 9, white car, 95.44, 469.82, 124.01, 482.87, 109.72, 476.34, 95.44, 476.34, 124.01, 476.34, 28.57, 13.05
1.33, 9, white car, 93.77, 469.59, 122.14, 482.53, 107.96, 476.06, 93.77, 476.06, 122.14, 476.06, 28.37, 12.95
1.37, 9, white car, 91.69, 469.40, 120.06, 482.34, 105.87, 475.87, 91.69, 475.87, 120.06, 475.87, 28.38, 12.94
1.40, 9, white car, 89.40, 469.12, 117.77, 482.04, 103.59, 475.58, 89.40, 475.58, 117.77, 475.58, 28.37, 12.92
1.43, 9, white car, 86.76, 468.66, 116.14, 482.09, 101.45, 475.37, 86.76, 475.37, 116.14, 475.37, 29.38, 13.42
1.47, 9, white car, 83.99, 468.30, 114.26, 482.17, 99.13, 475.24, 83.99, 475.24, 114.26, 475.24, 30.27, 13.87
1.50, 9, white car, 81.73, 468.24, 112.31, 482.30, 97.02, 475.27, 81.73, 475.27, 112.31, 475.27, 30.58, 14.06
1.50, 22, black car, 151.02, 475.67, 181.67, 489.72, 166.35, 482.70, 151.02, 482.70, 181.67, 482.70, 30.65, 14.05
1.53, 9, white car, 79.83, 467.94, 110.29, 482.00, 95.06, 474.97, 79.83, 474.97, 110.29, 474.97, 30.46, 14.06
1.53, 22, black car, 149.31, 475.55, 180.33, 489.52, 164.82, 482.54, 149.31, 482.54, 180.33, 482.54, 31.02, 13.97
1.57, 9, white car, 77.95, 467.69, 108.06, 481.62, 93.00, 474.65, 77.95, 474.65, 108.06, 474.65, 30.10, 13.93
1.57, 22, black car, 147.24, 475.50, 178.11, 489.27, 162.68, 482.38, 147.24, 482.38, 178.11, 482.38, 30.88, 13.77
1.60, 9, white car, 76.18, 467.73, 105.71, 481.39, 90.95, 474.56, 76.18, 474.56, 105.71, 474.56, 29.53, 13.66
1.60, 22, black car, 144.68, 475.12, 176.28, 489.13, 160.48, 482.12, 144.68, 482.12, 176.28, 482.12, 31.60, 14.00
1.63, 9, white car, 74.38, 467.64, 103.58, 481.14, 88.98, 474.39, 74.38, 474.39, 103.58, 474.39, 29.19, 13.50
1.63, 22, black car, 142.31, 475.07, 173.89, 489.00, 158.10, 482.04, 142.31, 482.04, 173.89, 482.04, 31.58, 13.93
1.67, 9, white car, 72.69, 467.40, 101.85, 480.88, 87.27, 474.14, 72.69, 474.14, 101.85, 474.14, 29.16, 13.48
1.67, 22, black car, 140.34, 474.99, 171.65, 488.80, 156.00, 481.89, 140.34, 481.89, 171.65, 481.89, 31.32, 13.81
1.70, 9, white car, 70.46, 467.31, 99.53, 480.74, 84.99, 474.03, 70.46, 474.03, 99.53, 474.03, 29.07, 13.43
1.70, 22, black car, 138.62, 475.09, 169.14, 488.50, 153.88, 481.79, 138.62, 481.79, 169.14, 481.79, 30.52, 13.41
1.73, 9, white car, 68.58, 467.09, 97.67, 480.52, 83.12, 473.80, 68.58, 473.80, 97.67, 473.80, 29.08, 13.43
1.73, 22, black car, 135.96, 475.23, 166.10, 488.44, 151.03, 481.84, 135.96, 481.84, 166.10, 481.84, 30.14, 13.21
1.77, 9, white car, 66.66, 466.79, 95.69, 480.20, 81.17, 473.50, 66.66, 473.50, 95.69, 473.50, 29.03, 13.40
1.77, 22, black car, 134.22, 475.19, 164.39, 488.39, 149.30, 481.79, 134.22, 481.79, 164.39, 481.79, 30.17, 13.20
1.80, 9, white car, 64.59, 466.53, 93.41, 479.83, 79.00, 473.18, 64.59, 473.18, 93.41, 473.18, 28.82, 13.30
1.80, 22, black car, 132.69, 474.48, 164.05, 488.16, 148.37, 481.32, 132.69, 481.32, 164.05, 481.32, 31.36, 13.68
1.83, 9, white car, 62.53, 466.33, 91.59, 479.74, 77.06, 473.03, 62.53, 473.03, 91.59, 473.03, 29.06, 13.41
1.83, 22, black car, 130.74, 474.31, 162.08, 487.90, 146.41, 481.11, 130.74, 481.11, 162.08, 481.11, 31.34, 13.59
1.87, 9, white car, 60.47, 466.12, 89.69, 479.62, 75.08, 472.87, 60.47, 472.87, 89.69, 472.87, 29.22, 13.50
1.87, 22, black car, 128.31, 473.90, 159.66, 487.43, 143.99, 480.67, 128.31, 480.67, 159.66, 480.67, 31.35, 13.53
1.90, 9, white car, 58.74, 465.95, 87.73, 479.33, 73.24, 472.64, 58.74, 472.64, 87.73, 472.64, 28.99, 13.38
1.90, 22, black car, 126.59, 473.57, 157.83, 487.03, 142.21, 480.30, 126.59, 480.30, 157.83, 480.30, 31.24, 13.46
1.93, 9, white car, 56.75, 465.67, 85.32, 478.81, 71.03, 472.24, 56.75, 472.24, 85.32, 472.24, 28.56, 13.14
1.93, 22, black car, 124.49, 473.42, 155.60, 486.85, 140.04, 480.13, 124.49, 480.13, 155.60, 480.13, 31.11, 13.43
1.97, 9, white car, 54.74, 465.54, 83.43, 478.71, 69.09, 472.13, 54.74, 472.13, 83.43, 472.13, 28.70, 13.17
1.97, 22, black car, 122.20, 473.21, 153.68, 486.84, 137.94, 480.03, 122.20, 480.03, 153.68, 480.03, 31.47, 13.63
1.97, 32, white car, 277.41, 490.08, 304.84, 503.04, 291.13, 496.56, 277.41, 496.56, 304.84, 496.56, 27.43, 12.95
2.00, 9, white car, 52.25, 465.08, 81.44, 478.45, 66.84, 471.77, 52.25, 471.77, 81.44, 471.77, 29.19, 13.37
2.00, 22, black car, 119.78, 472.83, 151.42, 486.56, 135.60, 479.70, 119.78, 479.70, 151.42, 479.70, 31.63, 13.73
2.00, 32, white car, 274.56, 489.52, 303.46, 503.18, 289.01, 496.35, 274.56, 496.35, 303.46, 496.35, 28.90, 13.66
2.03, 9, white car, 50.24, 464.62, 79.29, 477.91, 64.77, 471.26, 50.24, 471.26, 79.29, 471.26, 29.05, 13.30
2.03, 22, black car, 116.89, 472.43, 148.90, 486.40, 132.90, 479.42, 116.89, 479.42, 148.90, 479.42, 32.00, 13.96
2.03, 32, white car, 272.16, 489.07, 301.48, 502.96, 286.82, 496.01, 272.16, 496.01, 301.48, 496.01, 29.32, 13.88
2.07, 9, white car, 48.09, 464.35, 77.40, 477.78, 62.74, 471.06, 48.09, 471.06, 77.40, 471.06, 29.31, 13.43
2.07, 22, black car, 114.70, 472.54, 146.28, 486.38, 130.49, 479.46, 114.70, 479.46, 146.28, 479.46, 31.58, 13.84
2.07, 32, white car, 269.67, 488.66, 299.25, 502.66, 284.46, 495.66, 269.67, 495.66, 299.25, 495.66, 29.58, 13.99
2.10, 9, white car, 46.21, 464.02, 75.59, 477.48, 60.90, 470.75, 46.21, 470.75, 75.59, 470.75, 29.38, 13.46
2.10, 22, black car, 112.95, 472.34, 143.69, 485.83, 128.32, 479.09, 112.95, 479.09, 143.69, 479.09, 30.74, 13.50
2.10, 32, white car, 267.52, 488.35, 296.84, 502.19, 282.18, 495.27, 267.52, 495.27, 296.84, 495.27, 29.32, 13.84
2.13, 9, white car, 44.13, 463.86, 73.63, 477.38, 58.88, 470.62, 44.13, 470.62, 73.63, 470.62, 29.50, 13.52
2.13, 22, black car, 111.05, 472.33, 141.55, 485.73, 126.30, 479.03, 111.05, 479.03, 141.55, 479.03, 30.50, 13.41
2.13, 32, white car, 265.46, 488.04, 294.70, 501.80, 280.08, 494.92, 265.46, 494.92, 294.70, 494.92, 29.23, 13.76
2.17, 9, white car, 42.25, 463.51, 72.06, 477.19, 57.15, 470.35, 42.25, 470.35, 72.06, 470.35, 29.82, 13.68
2.17, 22, black car, 108.89, 471.93, 139.90, 485.54, 124.39, 478.73, 108.89, 478.73, 139.90, 478.73, 31.01, 13.61
2.17, 32, white car, 263.00, 487.60, 292.51, 501.47, 277.76, 494.54, 263.00, 494.54, 292.51, 494.54, 29.51, 13.86
2.20, 9, white car, 40.16, 463.38, 70.49, 477.29, 55.32, 470.33, 40.16, 470.33, 70.49, 470.33, 30.33, 13.91
2.20, 22, black car, 107.22, 471.68, 138.38, 485.34, 122.80, 478.51, 107.22, 478.51, 138.38, 478.51, 31.16, 13.66
2.23, 9, white car, 38.71, 463.34, 68.60, 477.03, 53.66, 470.19, 38.71, 470.19, 68.60, 470.19, 29.89, 13.69
2.23, 22, black car, 105.26, 471.30, 136.73, 485.12, 121.00, 478.21, 105.26, 478.21, 136.73, 478.21, 31.48, 13.83
2.23, 32, white car, 258.37, 486.98, 288.16, 500.93, 273.27, 493.95, 258.37, 493.95, 288.16, 493.95, 29.79, 13.94
2.27, 9, white car, 36.82, 463.18, 66.59, 476.79, 51.70, 469.99, 36.82, 469.99, 66.59, 469.99, 29.76, 13.61
2.27, 22, black car, 102.80, 470.92, 134.45, 484.85, 118.62, 477.89, 102.80, 477.89, 134.45, 477.89, 31.66, 13.93
2.27, 32, white car, 256.21, 486.86, 285.84, 500.69, 271.02, 493.78, 256.21, 493.78, 285.84, 493.78, 29.64, 13.83
2.30, 9, white car, 35.10, 463.27, 64.36, 476.58, 49.73, 469.93, 35.10, 469.93, 64.36, 469.93, 29.26, 13.31
2.30, 22, black car, 100.78, 470.67, 132.26, 484.53, 116.52, 477.60, 100.78, 477.60, 132.26, 477.60, 31.47, 13.85
2.33, 9, white car, 33.28, 463.00, 62.48, 476.22, 47.88, 469.61, 33.28, 469.61, 62.48, 469.61, 29.20, 13.22
2.33, 22, black car, 99.61, 470.89, 130.63, 484.54, 115.12, 477.71, 99.61, 477.71, 130.63, 477.71, 31.02, 13.66
2.33, 38, black car, 1393.45, 560.32, 1423.52, 573.60, 1408.48, 566.96, 1393.45, 566.96, 1423.52, 566.96, 30.07, 13.27
2.37, 9, white car, 32.59, 463.19, 60.49, 475.76, 46.54, 469.47, 32.59, 469.47, 60.49, 469.47, 27.90, 12.57
2.37, 22, black car, 97.82, 470.60, 128.94, 484.33, 113.38, 477.47, 97.82, 477.47, 128.94, 477.47, 31.12, 13.74
2.37, 38, black car, 1391.07, 560.39, 1421.36, 573.66, 1406.22, 567.03, 1391.07, 567.03, 1421.36, 567.03, 30.29, 13.27
2.40, 9, white car, 31.89, 463.25, 58.60, 475.25, 45.24, 469.25, 31.89, 469.25, 58.60, 469.25, 26.72, 12.00
2.40, 22, black car, 94.93, 470.13, 126.54, 484.09, 110.74, 477.11, 94.93, 477.11, 126.54, 477.11, 31.60, 13.96
2.40, 38, black car, 1388.57, 560.46, 1418.69, 573.56, 1403.63, 567.01, 1388.57, 567.01, 1418.69, 567.01, 30.12, 13.10
2.40, 32, white car, 245.86, 485.25, 276.00, 499.35, 260.93, 492.30, 245.86, 492.30, 276.00, 492.30, 30.14, 14.10
2.43, 9, white car, 28.10, 462.83, 56.14, 475.31, 42.12, 469.07, 28.10, 469.07, 56.14, 469.07, 28.04, 12.48
2.43, 22, black car, 92.58, 469.62, 124.46, 483.74, 108.52, 476.68, 92.58, 476.68, 124.46, 476.68, 31.88, 14.12
2.43, 38, black car, 1385.74, 560.38, 1415.69, 573.37, 1400.72, 566.87, 1385.74, 566.87, 1415.69, 566.87, 29.95, 12.98
2.43, 32, white car, 243.56, 484.79, 274.23, 499.15, 258.89, 491.97, 243.56, 491.97, 274.23, 491.97, 30.68, 14.36
2.47, 9, white car, 25.34, 462.57, 54.01, 475.20, 39.68, 468.89, 25.34, 468.89, 54.01, 468.89, 28.66, 12.63
2.47, 22, black car, 90.93, 469.36, 122.58, 483.38, 106.76, 476.37, 90.93, 476.37, 122.58, 476.37, 31.65, 14.02
2.47, 38, black car, 1383.01, 560.23, 1413.14, 573.28, 1398.07, 566.75, 1383.01, 566.75, 1413.14, 566.75, 30.13, 13.05
2.47, 32, white car, 241.19, 484.68, 271.97, 499.11, 256.58, 491.89, 241.19, 491.89, 271.97, 491.89, 30.79, 14.42
2.50, 9, white car, 22.21, 462.06, 52.16, 475.18, 37.18, 468.62, 22.21, 468.62, 52.16, 468.62, 29.95, 13.12
2.50, 22, black car, 88.79, 469.16, 120.47, 483.19, 104.63, 476.17, 88.79, 476.17, 120.47, 476.17, 31.67, 14.03
2.50, 38, black car, 1380.14, 560.16, 1410.43, 573.24, 1395.29, 566.70, 1380.14, 566.70, 1410.43, 566.70, 30.28, 13.07
2.53, 9, white car, 20.04, 461.96, 50.52, 475.28, 35.28, 468.62, 20.04, 468.62, 50.52, 468.62, 30.48, 13.32
2.53, 22, black car, 87.25, 469.06, 118.69, 482.94, 102.97, 476.00, 87.25, 476.00, 118.69, 476.00, 31.44, 13.88
2.53, 38, black car, 1377.74, 560.03, 1408.07, 573.07, 1392.90, 566.55, 1377.74, 566.55, 1408.07, 566.55, 30.33, 13.05
2.57, 9, white car, 17.89, 461.53, 49.31, 475.34, 33.60, 468.44, 17.89, 468.44, 49.31, 468.44, 31.42, 13.81
2.57, 22, black car, 85.16, 468.77, 117.09, 482.90, 101.13, 475.83, 85.16, 475.83, 117.09, 475.83, 31.93, 14.13
2.57, 38, black car, 1375.13, 559.87, 1405.90, 573.09, 1390.51, 566.48, 1375.13, 566.48, 1405.90, 566.48, 30.78, 13.22
2.60, 9, white car, 16.19, 461.14, 47.97, 475.21, 32.08, 468.18, 16.19, 468.18, 47.97, 468.18, 31.78, 14.07
2.60, 22, black car, 83.38, 468.58, 115.82, 483.00, 99.60, 475.79, 83.38, 475.79, 115.82, 475.79, 32.44, 14.42
2.60, 38, black car, 1371.79, 559.59, 1402.99, 572.96, 1387.39, 566.28, 1371.79, 566.28, 1402.99, 566.28, 31.19, 13.36
2.63, 9, white car, 14.46, 460.58, 46.51, 474.89, 30.48, 467.74, 14.46, 467.74, 46.51, 467.74, 32.06, 14.31
2.63, 22, black car, 81.42, 468.16, 113.83, 482.62, 97.62, 475.39, 81.42, 475.39, 113.83, 475.39, 32.41, 14.46
2.63, 38, black car, 1368.92, 559.31, 1400.49, 572.84, 1384.70, 566.07, 1368.92, 566.07, 1400.49, 566.07, 31.58, 13.52
2.63, 32, white car, 229.88, 483.42, 260.71, 497.93, 245.29, 490.67, 229.88, 490.67, 260.71, 490.67, 30.83, 14.51
2.67, 9, white car, 13.07, 460.39, 44.65, 474.57, 28.86, 467.48, 13.07, 467.48, 44.65, 467.48, 31.58, 14.18
2.67, 22, black car, 79.54, 467.99, 111.44, 482.27, 95.49, 475.13, 79.54, 475.13, 111.44, 475.13, 31.90, 14.28
2.67, 38, black car, 1365.98, 559.11, 1397.99, 572.83, 1381.99, 565.97, 1365.98, 565.97, 1397.99, 565.97, 32.01, 13.72
2.67, 32, white car, 228.00, 483.26, 258.43, 497.60, 243.22, 490.43, 228.00, 490.43, 258.43, 490.43, 30.43, 14.35
2.70, 9, white car, 11.11, 459.78, 42.87, 474.14, 26.99, 466.96, 11.11, 466.96, 42.87, 466.96, 31.76, 14.36
2.70, 22, black car, 77.96, 468.02, 109.61, 482.24, 93.79, 475.13, 77.96, 475.13, 109.61, 475.13, 31.65, 14.22
2.70, 38, black car, 1363.58, 559.06, 1395.59, 572.80, 1379.59, 565.93, 1363.58, 565.93, 1395.59, 565.93, 32.01, 13.74
2.70, 32, white car, 226.18, 483.09, 256.10, 497.17, 241.14, 490.13, 226.18, 490.13, 256.10, 490.13, 29.92, 14.07
2.73, 9, white car, 10.21, 459.83, 40.71, 473.66, 25.46, 466.74, 10.21, 466.74, 40.71, 466.74, 30.50, 13.83
2.73, 22, black car, 76.44, 468.09, 107.92, 482.31, 92.18, 475.20, 76.44, 475.20, 107.92, 475.20, 31.48, 14.22
2.73, 38, black car, 1360.85, 559.04, 1393.35, 572.99, 1377.10, 566.02, 1360.85, 566.02, 1393.35, 566.02, 32.49, 13.96
2.73, 32, white car, 224.12, 482.96, 253.68, 496.84, 238.90, 489.90, 224.12, 489.90, 253.68, 489.90, 29.56, 13.88
2.77, 22, black car, 73.52, 468.20, 105.21, 482.50, 89.36, 475.35, 73.52, 475.35, 105.21, 475.35, 31.69, 14.30
2.77, 38, black car, 1358.04, 559.07, 1390.78, 573.12, 1374.41, 566.10, 1358.04, 566.10, 1390.78, 566.10, 32.74, 14.05
2.80, 22, black car, 70.42, 467.97, 102.63, 482.51, 86.53, 475.24, 70.42, 475.24, 102.63, 475.24, 32.21, 14.55
2.80, 38, black car, 1355.25, 559.08, 1388.11, 573.20, 1371.68, 566.14, 1355.25, 566.14, 1388.11, 566.14, 32.86, 14.13
2.80, 9, white car, 6.71, 459.87, 35.98, 473.04, 21.34, 466.46, 6.71, 466.46, 35.98, 466.46, 29.27, 13.16
2.83, 22, black car, 68.64, 467.47, 100.62, 481.94, 84.63, 474.70, 68.64, 474.70, 100.62, 474.70, 31.98, 14.47
2.83, 38, black car, 1352.97, 559.01, 1385.40, 572.98, 1369.19, 566.00, 1352.97, 566.00, 1385.40, 566.00, 32.43, 13.97
2.83, 9, white car, 3.90, 459.07, 35.08, 473.10, 19.49, 466.08, 3.90, 466.08, 35.08, 466.08, 31.17, 14.04
2.83, 32, white car, 216.64, 482.31, 246.39, 496.28, 231.51, 489.30, 216.64, 489.30, 246.39, 489.30, 29.76, 13.97
2.87, 22, black car, 67.37, 467.27, 98.74, 481.48, 83.05, 474.38, 67.37, 474.38, 98.74, 474.38, 31.36, 14.21
2.87, 38, black car, 1350.46, 558.98, 1382.65, 572.84, 1366.56, 565.91, 1350.46, 565.91, 1382.65, 565.91, 32.19, 13.86
2.90, 22, black car, 65.38, 466.98, 96.64, 481.12, 81.01, 474.05, 65.38, 474.05, 96.64, 474.05, 31.26, 14.15
2.90, 38, black car, 1348.39, 558.97, 1380.04, 572.63, 1364.21, 565.80, 1348.39, 565.80, 1380.04, 565.80, 31.65, 13.65
2.90, 32, white car, 212.03, 481.56, 242.64, 495.92, 227.34, 488.74, 212.03, 488.74, 242.64, 488.74, 30.61, 14.36
2.93, 22, black car, 63.22, 466.52, 94.78, 480.89, 79.00, 473.71, 63.22, 473.71, 94.78, 473.71, 31.56, 14.37
2.93, 38, black car, 1345.62, 558.99, 1377.40, 572.72, 1361.51, 565.85, 1345.62, 565.85, 1377.40, 565.85, 31.79, 13.73
2.93, 32, white car, 209.58, 481.26, 240.69, 495.88, 225.13, 488.57, 209.58, 488.57, 240.69, 488.57, 31.11, 14.62
2.97, 22, black car, 61.88, 466.07, 93.63, 480.62, 77.76, 473.35, 61.88, 473.35, 93.63, 473.35, 31.75, 14.55
2.97, 38, black car, 1342.85, 558.77, 1374.92, 572.62, 1358.89, 565.69, 1342.85, 565.69, 1374.92, 565.69, 32.07, 13.85
3.00, 22, black car, 59.96, 465.84, 91.60, 480.41, 75.78, 473.13, 59.96, 473.13, 91.60, 473.13, 31.63, 14.57
3.00, 38, black car, 1340.62, 558.79, 1372.20, 572.45, 1356.41, 565.62, 1340.62, 565.62, 1372.20, 565.62, 31.58, 13.66
3.03, 22, black car, 58.38, 465.84, 89.47, 480.16, 73.92, 473.00, 58.38, 473.00, 89.47, 473.00, 31.09, 14.32
3.03, 38, black car, 1337.85, 558.67, 1369.78, 572.47, 1353.81, 565.57, 1337.85, 565.57, 1369.78, 565.57, 31.93, 13.80
3.07, 22, black car, 56.20, 465.68, 87.55, 480.12, 71.87, 472.90, 56.20, 472.90, 87.55, 472.90, 31.35, 14.45
3.07, 38, black car, 1335.42, 558.69, 1367.07, 572.36, 1351.24, 565.53, 1335.42, 565.53, 1367.07, 565.53, 31.66, 13.67
3.10, 22, black car, 54.69, 465.35, 86.32, 479.99, 70.51, 472.67, 54.69, 472.67, 86.32, 472.67, 31.63, 14.64
3.10, 38, black car, 1332.82, 558.58, 1364.23, 572.13, 1348.53, 565.35, 1332.82, 565.35, 1364.23, 565.35, 31.41, 13.55
3.13, 22, black car, 53.02, 465.35, 83.88, 479.65, 68.45, 472.50, 53.02, 472.50, 83.88, 472.50, 30.86, 14.30
3.13, 38, black car, 1330.01, 558.34, 1361.43, 571.91, 1345.72, 565.13, 1330.01, 565.13, 1361.43, 565.13, 31.42, 13.57
3.17, 22, black car, 51.32, 465.21, 81.54, 479.25, 66.43, 472.23, 51.32, 472.23, 81.54, 472.23, 30.22, 14.04
3.17, 38, black car, 1327.03, 558.15, 1358.66, 571.82, 1342.84, 564.98, 1327.03, 564.98, 1358.66, 564.98, 31.63, 13.68
3.20, 22, black car, 50.30, 464.89, 80.28, 478.80, 65.29, 471.85, 50.30, 471.85, 80.28, 471.85, 29.97, 13.90
3.20, 38, black car, 1324.71, 558.09, 1355.95, 571.58, 1340.33, 564.83, 1324.71, 564.83, 1355.95, 564.83, 31.24, 13.49
3.23, 22, black car, 48.69, 464.90, 78.55, 478.74, 63.62, 471.82, 48.69, 471.82, 78.55, 471.82, 29.85, 13.84
3.23, 38, black car, 1321.87, 557.85, 1353.79, 571.64, 1337.83, 564.75, 1321.87, 564.75, 1353.79, 564.75, 31.92, 13.79
3.27, 22, black car, 46.85, 464.80, 76.20, 478.38, 61.53, 471.59, 46.85, 471.59, 76.20, 471.59, 29.35, 13.57
3.27, 38, black car, 1320.09, 558.15, 1351.32, 571.63, 1335.70, 564.89, 1320.09, 564.89, 1351.32, 564.89, 31.24, 13.48
3.30, 22, black car, 45.32, 464.72, 74.55, 478.19, 59.94, 471.45, 45.32, 471.45, 74.55, 471.45, 29.23, 13.46
3.30, 38, black car, 1317.48, 558.31, 1348.15, 571.48, 1332.81, 564.89, 1317.48, 564.89, 1348.15, 564.89, 30.67, 13.18
3.33, 22, black car, 44.08, 464.60, 73.26, 477.98, 58.67, 471.29, 44.08, 471.29, 73.26, 471.29, 29.18, 13.37
3.33, 38, black car, 1314.67, 558.33, 1344.97, 571.31, 1329.82, 564.82, 1314.67, 564.82, 1344.97, 564.82, 30.30, 12.98
3.33, 32, white car, 184.05, 478.37, 215.15, 493.00, 199.60, 485.68, 184.05, 485.68, 215.15, 485.68, 31.09, 14.64
3.37, 22, black car, 42.60, 464.59, 71.44, 477.74, 57.02, 471.17, 42.60, 471.17, 71.44, 471.17, 28.84, 13.15
3.37, 38, black car, 1311.78, 558.20, 1342.38, 571.30, 1327.08, 564.75, 1311.78, 564.75, 1342.38, 564.75, 30.59, 13.10
3.40, 22, black car, 39.54, 463.84, 69.94, 477.72, 54.74, 470.78, 39.54, 470.78, 69.94, 470.78, 30.40, 13.88
3.43, 22, black car, 37.27, 463.67, 68.24, 477.81, 52.75, 470.74, 37.27, 470.74, 68.24, 470.74, 30.97, 14.15
3.43, 38, black car, 1306.54, 558.00, 1337.34, 571.18, 1321.94, 564.59, 1306.54, 564.59, 1337.34, 564.59, 30.80, 13.18
3.47, 22, black car, 35.76, 463.81, 66.54, 477.91, 51.15, 470.86, 35.76, 470.86, 66.54, 470.86, 30.79, 14.10
3.47, 38, black car, 1303.58, 557.95, 1334.40, 571.14, 1318.99, 564.54, 1303.58, 564.54, 1334.40, 564.54, 30.82, 13.19
3.50, 22, black car, 34.23, 463.89, 64.38, 477.77, 49.31, 470.83, 34.23, 470.83, 64.38, 470.83, 30.15, 13.89
3.50, 38, black car, 1300.77, 557.87, 1331.41, 570.97, 1316.09, 564.42, 1300.77, 564.42, 1331.41, 564.42, 30.64, 13.10
3.53, 22, black car, 32.74, 463.56, 62.96, 477.56, 47.85, 470.56, 32.74, 470.56, 62.96, 470.56, 30.22, 14.00
3.53, 38, black car, 1298.05, 557.74, 1329.41, 571.16, 1313.73, 564.45, 1298.05, 564.45, 1329.41, 564.45, 31.36, 13.42
3.57, 22, black car, 30.01, 462.92, 61.11, 477.33, 45.56, 470.12, 30.01, 470.12, 61.11, 470.12, 31.10, 14.42
3.57, 38, black car, 1295.29, 557.68, 1327.10, 571.32, 1311.20, 564.50, 1295.29, 564.50, 1327.10, 564.50, 31.81, 13.64
3.60, 22, black car, 28.17, 462.52, 59.55, 476.99, 43.86, 469.76, 28.17, 469.76, 59.55, 469.76, 31.38, 14.48
3.60, 38, black car, 1292.82, 557.67, 1324.33, 571.19, 1308.57, 564.43, 1292.82, 564.43, 1324.33, 564.43, 31.50, 13.52
3.63, 22, black car, 26.27, 462.56, 57.38, 476.87, 41.82, 469.72, 26.27, 469.72, 57.38, 469.72, 31.12, 14.31
3.63, 38, black car, 1289.89, 557.54, 1321.68, 571.20, 1305.79, 564.37, 1289.89, 564.37, 1321.68, 564.37, 31.78, 13.65
3.67, 22, black car, 23.75, 462.14, 55.50, 476.69, 39.63, 469.42, 23.75, 469.42, 55.50, 469.42, 31.75, 14.55
3.67, 38, black car, 1287.51, 557.63, 1318.63, 570.99, 1303.07, 564.31, 1287.51, 564.31, 1318.63, 564.31, 31.13, 13.36
3.70, 22, black car, 21.39, 462.10, 53.14, 476.63, 37.26, 469.37, 21.39, 469.37, 53.14, 469.37, 31.75, 14.53
3.70, 38, black car, 1284.83, 557.46, 1316.00, 570.85, 1300.41, 564.16, 1284.83, 564.16, 1316.00, 564.16, 31.16, 13.39
3.73, 22, black car, 20.25, 461.96, 51.54, 476.23, 35.89, 469.10, 20.25, 469.10, 51.54, 469.10, 31.29, 14.27
3.73, 38, black car, 1282.28, 557.36, 1313.75, 570.89, 1298.02, 564.12, 1282.28, 564.12, 1313.75, 564.12, 31.47, 13.53
3.77, 22, black car, 18.89, 461.98, 49.33, 475.82, 34.11, 468.90, 18.89, 468.90, 49.33, 468.90, 30.45, 13.83
3.77, 38, black car, 1279.51, 557.41, 1310.68, 570.79, 1295.10, 564.10, 1279.51, 564.10, 1310.68, 564.10, 31.16, 13.38
3.80, 22, black car, 17.44, 461.96, 47.59, 475.63, 32.52, 468.80, 17.44, 468.80, 47.59, 468.80, 30.15, 13.67
3.80, 38, black car, 1277.06, 557.26, 1308.18, 570.64, 1292.62, 563.95, 1277.06, 563.95, 1308.18, 563.95, 31.11, 13.37
3.83, 22, black car, 16.03, 462.02, 45.99, 475.60, 31.01, 468.81, 16.03, 468.81, 45.99, 468.81, 29.96, 13.57
3.83, 38, black car, 1274.12, 557.09, 1305.50, 570.59, 1289.81, 563.84, 1274.12, 563.84, 1305.50, 563.84, 31.38, 13.49
3.87, 22, black car, 14.55, 461.88, 44.69, 475.49, 29.62, 468.68, 14.55, 468.68, 44.69, 468.68, 30.14, 13.61
3.87, 38, black car, 1271.57, 557.04, 1302.56, 570.36, 1287.06, 563.70, 1271.57, 563.70, 1302.56, 563.70, 30.98, 13.33
3.87, 32, white car, 150.27, 474.99, 180.09, 488.91, 165.18, 481.95, 150.27, 481.95, 180.09, 481.95, 29.83, 13.92
3.90, 38, black car, 1268.95, 556.92, 1299.80, 570.17, 1284.38, 563.55, 1268.95, 563.55, 1299.80, 563.55, 30.85, 13.25
3.90, 32, white car, 148.05, 474.91, 177.87, 488.80, 162.96, 481.86, 148.05, 481.86, 177.87, 481.86, 29.81, 13.90
3.93, 38, black car, 1266.42, 556.83, 1297.06, 569.95, 1281.74, 563.39, 1266.42, 563.39, 1297.06, 563.39, 30.64, 13.12
3.93, 32, white car, 145.74, 474.72, 175.94, 488.81, 160.84, 481.76, 145.74, 481.76, 175.94, 481.76, 30.21, 14.09
3.97, 32, white car, 143.99, 474.44, 174.26, 488.49, 159.13, 481.47, 143.99, 481.47, 174.26, 481.47, 30.28, 14.05
4.00, 32, white car, 141.97, 474.36, 171.99, 488.23, 156.98, 481.30, 141.97, 481.30, 171.99, 481.30, 30.02, 13.87
4.03, 32, white car, 140.08, 474.05, 169.73, 487.72, 154.90, 480.88, 140.08, 480.88, 169.73, 480.88, 29.65, 13.67
4.10, 32, white car, 135.33, 473.29, 165.52, 487.16, 150.42, 480.23, 135.33, 480.23, 165.52, 480.23, 30.18, 13.87
4.13, 32, white car, 132.77, 472.89, 163.65, 487.10, 148.21, 480.00, 132.77, 480.00, 163.65, 480.00, 30.88, 14.21
4.17, 32, white car, 130.88, 472.64, 162.04, 487.00, 146.46, 479.82, 130.88, 479.82, 162.04, 479.82, 31.17, 14.35
4.30, 32, white car, 122.63, 471.80, 152.31, 485.42, 137.47, 478.61, 122.63, 478.61, 152.31, 478.61, 29.67, 13.62
4.33, 32, white car, 120.32, 471.52, 150.22, 485.24, 135.27, 478.38, 120.32, 478.38, 150.22, 478.38, 29.90, 13.72
4.37, 32, white car, 118.15, 471.01, 148.83, 485.15, 133.49, 478.08, 118.15, 478.08, 148.83, 478.08, 30.68, 14.14
4.40, 32, white car, 116.23, 470.71, 146.91, 484.91, 131.57, 477.81, 116.23, 477.81, 146.91, 477.81, 30.67, 14.20
4.43, 32, white car, 114.24, 470.45, 145.03, 484.76, 129.64, 477.61, 114.24, 477.61, 145.03, 477.61, 30.79, 14.31
4.47, 32, white car, 112.53, 470.31, 143.22, 484.58, 127.87, 477.44, 112.53, 477.44, 143.22, 477.44, 30.69, 14.27
4.50, 32, white car, 110.75, 470.10, 141.39, 484.36, 126.07, 477.23, 110.75, 477.23, 141.39, 477.23, 30.64, 14.27
4.53, 32, white car, 108.44, 469.77, 139.23, 484.10, 123.84, 476.94, 108.44, 476.94, 139.23, 476.94, 30.79, 14.33
4.57, 32, white car, 106.11, 469.42, 137.16, 483.89, 121.63, 476.65, 106.11, 476.65, 137.16, 476.65, 31.06, 14.46
4.60, 32, white car, 103.93, 469.19, 135.21, 483.78, 119.57, 476.48, 103.93, 476.48, 135.21, 476.48, 31.28, 14.59
4.60, 38, black car, 1214.97, 555.50, 1243.23, 567.36, 1229.10, 561.43, 1214.97, 561.43, 1243.23, 561.43, 28.26, 11.86
4.63, 32, white car, 102.11, 468.93, 133.42, 483.55, 117.77, 476.24, 102.11, 476.24, 133.42, 476.24, 31.31, 14.62
4.67, 32, white car, 100.26, 468.85, 131.38, 483.36, 115.82, 476.10, 100.26, 476.10, 131.38, 476.10, 31.12, 14.51
4.70, 32, white car, 98.32, 468.69, 129.49, 483.22, 113.91, 475.96, 98.32, 475.96, 129.49, 475.96, 31.18, 14.53
4.73, 32, white car, 96.18, 468.58, 127.24, 483.01, 111.71, 475.79, 96.18, 475.79, 127.24, 475.79, 31.06, 14.44
4.80, 32, white car, 91.51, 468.20, 123.67, 483.24, 107.59, 475.72, 91.51, 475.72, 123.67, 475.72, 32.17, 15.04
4.83, 32, white car, 89.18, 467.96, 121.21, 483.05, 105.19, 475.51, 89.18, 475.51, 121.21, 475.51, 32.04, 15.10
4.87, 32, white car, 87.36, 467.77, 119.10, 482.82, 103.23, 475.29, 87.36, 475.29, 119.10, 475.29, 31.74, 15.05
4.90, 32, white car, 85.60, 467.44, 117.19, 482.46, 101.40, 474.95, 85.60, 474.95, 117.19, 474.95, 31.59, 15.03
4.93, 32, white car, 83.99, 467.19, 115.35, 482.11, 99.67, 474.65, 83.99, 474.65, 115.35, 474.65, 31.36, 14.92
4.97, 32, white car, 82.11, 467.07, 113.29, 481.87, 97.70, 474.47, 82.11, 474.47, 113.29, 474.47, 31.18, 14.81
5.27, 19, white car, 1413.82, 552.04, 1445.98, 565.87, 1429.90, 558.95, 1413.82, 558.95, 1445.98, 558.95, 32.16, 13.83
5.27, 32, white car, 64.89, 464.62, 96.04, 479.29, 80.47, 471.95, 64.89, 471.95, 96.04, 471.95, 31.15, 14.67
5.30, 19, white car, 1411.13, 552.23, 1443.28, 566.09, 1427.21, 559.16, 1411.13, 559.16, 1443.28, 559.16, 32.15, 13.86
5.30, 32, white car, 63.00, 464.52, 93.71, 478.88, 78.35, 471.70, 63.00, 471.70, 93.71, 471.70, 30.70, 14.36
5.33, 19, white car, 1408.76, 552.10, 1440.89, 565.98, 1424.82, 559.04, 1408.76, 559.04, 1440.89, 559.04, 32.13, 13.88
5.33, 32, white car, 60.68, 464.34, 91.48, 478.68, 76.08, 471.51, 60.68, 471.51, 91.48, 471.51, 30.81, 14.34
5.37, 19, white car, 1405.95, 552.15, 1438.45, 566.23, 1422.20, 559.19, 1405.95, 559.19, 1438.45, 559.19, 32.50, 14.07
5.37, 32, white car, 58.95, 464.10, 89.47, 478.22, 74.21, 471.16, 58.95, 471.16, 89.47, 471.16, 30.52, 14.12
5.40, 19, white car, 1403.36, 552.22, 1435.84, 566.28, 1419.60, 559.25, 1403.36, 559.25, 1435.84, 559.25, 32.48, 14.06
5.40, 32, white car, 57.37, 464.19, 87.58, 478.07, 72.48, 471.13, 57.37, 471.13, 87.58, 471.13, 30.22, 13.88
5.43, 19, white car, 1400.71, 552.30, 1432.60, 566.09, 1416.65, 559.20, 1400.71, 559.20, 1432.60, 559.20, 31.89, 13.79
5.43, 32, white car, 55.57, 464.18, 85.62, 477.86, 70.59, 471.02, 55.57, 471.02, 85.62, 471.02, 30.06, 13.68
5.47, 19, white car, 1398.26, 552.33, 1430.07, 566.09, 1414.16, 559.21, 1398.26, 559.21, 1430.07, 559.21, 31.81, 13.76
5.47, 32, white car, 53.41, 464.07, 83.50, 477.66, 68.46, 470.87, 53.41, 470.87, 83.50, 470.87, 30.09, 13.59
5.47, 38, black car, 1144.53, 552.33, 1175.37, 564.99, 1159.95, 558.66, 1144.53, 558.66, 1175.37, 558.66, 30.84, 12.65
5.50, 19, white car, 1395.99, 552.41, 1427.33, 565.97, 1411.66, 559.19, 1395.99, 559.19, 1427.33, 559.19, 31.33, 13.55
5.50, 32, white car, 51.05, 463.78, 81.58, 477.51, 66.31, 470.64, 51.05, 470.64, 81.58, 470.64, 30.52, 13.73
5.50, 38, black car, 1142.28, 552.45, 1172.51, 564.71, 1157.40, 558.58, 1142.28, 558.58, 1172.51, 558.58, 30.23, 12.26
5.53, 19, white car, 1393.68, 552.51, 1424.75, 565.96, 1409.22, 559.24, 1393.68, 559.24, 1424.75, 559.24, 31.07, 13.44
5.53, 32, white car, 48.99, 463.64, 79.80, 477.45, 64.39, 470.54, 48.99, 470.54, 79.80, 470.54, 30.81, 13.81
5.53, 38, black car, 1139.14, 552.43, 1169.33, 564.51, 1154.24, 558.47, 1139.14, 558.47, 1169.33, 558.47, 30.19, 12.08
5.57, 19, white car, 1390.89, 552.75, 1421.86, 566.18, 1406.37, 559.46, 1390.89, 559.46, 1421.86, 559.46, 30.97, 13.43
5.57, 32, white car, 46.84, 463.45, 78.18, 477.51, 62.51, 470.48, 46.84, 470.48, 78.18, 470.48, 31.34, 14.05
5.60, 19, white car, 1388.38, 552.69, 1419.66, 566.25, 1404.02, 559.47, 1388.38, 559.47, 1419.66, 559.47, 31.28, 13.56
5.60, 32, white car, 45.01, 463.18, 76.47, 477.29, 60.74, 470.23, 45.01, 470.23, 76.47, 470.23, 31.46, 14.11
5.60, 38, black car, 1133.96, 552.44, 1164.45, 564.56, 1149.21, 558.50, 1133.96, 558.50, 1164.45, 558.50, 30.49, 12.13
5.63, 19, white car, 1385.71, 552.74, 1416.96, 566.29, 1401.33, 559.52, 1385.71, 559.52, 1416.96, 559.52, 31.25, 13.55
5.63, 32, white car, 43.32, 463.10, 74.54, 477.09, 58.93, 470.09, 43.32, 470.09, 74.54, 470.09, 31.22, 13.99
5.63, 38, black car, 1131.48, 552.44, 1161.89, 564.49, 1146.69, 558.46, 1131.48, 558.46, 1161.89, 558.46, 30.41, 12.05
5.67, 19, white car, 1382.94, 552.78, 1414.62, 566.50, 1398.78, 559.64, 1382.94, 559.64, 1414.62, 559.64, 31.68, 13.72
5.67, 32, white car, 41.72, 462.87, 72.89, 476.81, 57.30, 469.84, 41.72, 469.84, 72.89, 469.84, 31.17, 13.95
5.67, 38, black car, 1128.52, 552.31, 1159.50, 564.56, 1144.01, 558.43, 1128.52, 558.43, 1159.50, 558.43, 30.98, 12.25
5.70, 19, white car, 1380.04, 552.65, 1411.91, 566.47, 1395.97, 559.56, 1380.04, 559.56, 1411.91, 559.56, 31.88, 13.82
5.70, 32, white car, 40.22, 462.59, 71.45, 476.51, 55.83, 469.55, 40.22, 469.55, 71.45, 469.55, 31.23, 13.92
5.73, 19, white car, 1377.12, 552.65, 1409.33, 566.62, 1393.23, 559.64, 1377.12, 559.64, 1409.33, 559.64, 32.21, 13.97
5.73, 32, white car, 38.47, 462.30, 69.81, 476.25, 54.14, 469.27, 38.47, 469.27, 69.81, 469.27, 31.34, 13.94
5.77, 19, white car, 1374.38, 552.66, 1406.78, 566.73, 1390.58, 559.70, 1374.38, 559.70, 1406.78, 559.70, 32.40, 14.06
5.77, 32, white car, 36.49, 462.14, 67.99, 476.17, 52.24, 469.15, 36.49, 469.15, 67.99, 469.15, 31.50, 14.03
5.77, 38, black car, 1119.95, 551.82, 1151.77, 564.56, 1135.86, 558.19, 1119.95, 558.19, 1151.77, 558.19, 31.82, 12.74
5.80, 19, white car, 1371.67, 552.67, 1404.24, 566.83, 1387.96, 559.75, 1371.67, 559.75, 1404.24, 559.75, 32.57, 14.15
5.80, 38, black car, 1116.98, 551.60, 1148.88, 564.46, 1132.93, 558.03, 1116.98, 558.03, 1148.88, 558.03, 31.90, 12.86
5.83, 19, white car, 1369.33, 552.71, 1401.88, 566.86, 1385.60, 559.78, 1369.33, 559.78, 1401.88, 559.78, 32.56, 14.15
5.83, 38, black car, 1114.24, 551.28, 1146.58, 564.38, 1130.41, 557.83, 1114.24, 557.83, 1146.58, 557.83, 32.33, 13.10
5.87, 19, white car, 1366.90, 552.82, 1399.19, 566.85, 1383.05, 559.83, 1366.90, 559.83, 1399.19, 559.83, 32.29, 14.03
5.87, 38, black car, 1111.47, 550.93, 1144.13, 564.21, 1127.80, 557.57, 1111.47, 557.57, 1144.13, 557.57, 32.66, 13.28
5.90, 19, white car, 1364.24, 552.71, 1396.38, 566.67, 1380.31, 559.69, 1364.24, 559.69, 1396.38, 559.69, 32.14, 13.96
5.90, 38, black car, 1108.89, 550.88, 1140.75, 563.83, 1124.82, 557.36, 1108.89, 557.36, 1140.75, 557.36, 31.87, 12.95
5.93, 19, white car, 1361.70, 552.82, 1394.22, 566.94, 1377.96, 559.88, 1361.70, 559.88, 1394.22, 559.88, 32.52, 14.12
5.93, 38, black car, 1105.99, 550.67, 1138.24, 563.87, 1122.12, 557.27, 1105.99, 557.27, 1138.24, 557.27, 32.25, 13.20
5.97, 19, white car, 1358.94, 552.88, 1391.15, 566.83, 1375.05, 559.85, 1358.94, 559.85, 1391.15, 559.85, 32.21, 13.94
5.97, 38, black car, 1103.15, 550.45, 1135.56, 563.83, 1119.36, 557.14, 1103.15, 557.14, 1135.56, 557.14, 32.42, 13.38
6.00, 19, white car, 1356.26, 552.88, 1388.67, 566.94, 1372.47, 559.91, 1356.26, 559.91, 1388.67, 559.91, 32.41, 14.05
6.00, 38, black car, 1100.81, 550.36, 1133.07, 563.71, 1116.94, 557.04, 1100.81, 557.04, 1133.07, 557.04, 32.26, 13.35
6.03, 19, white car, 1353.05, 552.73, 1385.87, 567.00, 1369.46, 559.86, 1353.05, 559.86, 1385.87, 559.86, 32.82, 14.27
6.03, 38, black car, 1098.13, 550.25, 1130.55, 563.69, 1114.34, 556.97, 1098.13, 556.97, 1130.55, 556.97, 32.42, 13.44
6.03, 32, white car, 20.16, 460.68, 52.18, 474.83, 36.17, 467.75, 20.16, 467.75, 52.18, 467.75, 32.01, 14.15
6.07, 38, black car, 1095.45, 550.58, 1126.86, 563.61, 1111.15, 557.09, 1095.45, 557.09, 1126.86, 557.09, 31.41, 13.03
6.07, 32, white car, 18.32, 460.37, 50.89, 474.78, 34.60, 467.57, 18.32, 467.57, 50.89, 467.57, 32.57, 14.41
6.10, 38, black car, 1092.75, 550.54, 1124.04, 563.57, 1108.39, 557.05, 1092.75, 557.05, 1124.04, 557.05, 31.29, 13.03
6.10, 32, white car, 16.92, 460.16, 49.38, 474.57, 33.15, 467.36, 16.92, 467.36, 49.38, 467.36, 32.46, 14.41
6.10, 19, white car, 1347.85, 552.90, 1380.77, 567.22, 1364.31, 560.06, 1347.85, 560.06, 1380.77, 560.06, 32.92, 14.33
6.13, 38, black car, 1090.10, 550.14, 1122.07, 563.54, 1106.08, 556.84, 1090.10, 556.84, 1122.07, 556.84, 31.97, 13.40
6.13, 32, white car, 15.19, 459.76, 48.13, 474.41, 31.66, 467.08, 15.19, 467.08, 48.13, 467.08, 32.94, 14.65
6.13, 19, white car, 1345.35, 552.84, 1378.23, 567.17, 1361.79, 560.01, 1345.35, 560.01, 1378.23, 560.01, 32.88, 14.33
6.17, 38, black car, 1087.65, 550.04, 1119.19, 563.29, 1103.42, 556.66, 1087.65, 556.66, 1119.19, 556.66, 31.54, 13.25
6.17, 32, white car, 13.63, 459.48, 46.58, 474.15, 30.10, 466.82, 13.63, 466.82, 46.58, 466.82, 32.94, 14.67
6.17, 19, white car, 1342.74, 552.75, 1375.72, 567.09, 1359.23, 559.92, 1342.74, 559.92, 1375.72, 559.92, 32.98, 14.34
6.20, 38, black car, 1084.94, 549.56, 1116.52, 562.85, 1100.73, 556.21, 1084.94, 556.21, 1116.52, 556.21, 31.59, 13.29
6.20, 32, white car, 12.19, 459.26, 44.41, 473.59, 28.30, 466.43, 12.19, 466.43, 44.41, 466.43, 32.21, 14.33
6.20, 19, white car, 1340.19, 552.78, 1373.28, 567.18, 1356.74, 559.98, 1340.19, 559.98, 1373.28, 559.98, 33.10, 14.40
6.23, 38, black car, 1082.14, 549.63, 1113.02, 562.58, 1097.58, 556.10, 1082.14, 556.10, 1113.02, 556.10, 30.88, 12.95
6.23, 32, white car, 10.66, 458.91, 42.62, 473.10, 26.64, 466.00, 10.66, 466.00, 42.62, 466.00, 31.95, 14.19
6.23, 19, white car, 1337.04, 552.69, 1370.14, 567.08, 1353.59, 559.88, 1337.04, 559.88, 1370.14, 559.88, 33.10, 14.39
6.27, 38, black car, 1079.39, 549.49, 1110.11, 562.34, 1094.75, 555.91, 1079.39, 555.91, 1110.11, 555.91, 30.72, 12.85
6.27, 19, white car, 1334.58, 552.71, 1367.56, 567.06, 1351.07, 559.88, 1334.58, 559.88, 1367.56, 559.88, 32.98, 14.35
6.30, 38, black car, 1076.68, 549.29, 1107.71, 562.27, 1092.20, 555.78, 1076.68, 555.78, 1107.71, 555.78, 31.03, 12.98
6.30, 19, white car, 1332.18, 552.82, 1365.04, 567.13, 1348.61, 559.98, 1332.18, 559.98, 1365.04, 559.98, 32.86, 14.31
6.30, 32, white car, 7.24, 458.70, 38.50, 472.52, 22.87, 465.61, 7.24, 465.61, 38.50, 465.61, 31.26, 13.82
6.33, 38, black car, 1074.16, 549.19, 1105.21, 562.19, 1089.69, 555.69, 1074.16, 555.69, 1105.21, 555.69, 31.05, 13.00
6.33, 19, white car, 1329.74, 552.88, 1362.42, 567.13, 1346.08, 560.00, 1329.74, 560.00, 1362.42, 560.00, 32.68, 14.25
6.37, 38, black car, 1071.47, 549.29, 1102.46, 562.25, 1086.96, 555.77, 1071.47, 555.77, 1102.46, 555.77, 30.99, 12.96
6.37, 19, white car, 1327.13, 552.91, 1360.17, 567.33, 1343.65, 560.12, 1327.13, 560.12, 1360.17, 560.12, 33.04, 14.42
6.40, 19, white car, 1324.42, 552.93, 1357.71, 567.48, 1341.07, 560.21, 1324.42, 560.21, 1357.71, 560.21, 33.29, 14.55
6.43, 19, white car, 1321.59, 552.74, 1355.11, 567.39, 1338.35, 560.07, 1321.59, 560.07, 1355.11, 560.07, 33.52, 14.65
6.43, 38, black car, 1065.92, 549.08, 1096.98, 562.13, 1081.45, 555.60, 1065.92, 555.60, 1096.98, 555.60, 31.07, 13.05
6.47, 19, white car, 1318.88, 552.79, 1352.43, 567.45, 1335.66, 560.12, 1318.88, 560.12, 1352.43, 560.12, 33.55, 14.65
6.47, 38, black car, 1063.11, 548.85, 1094.66, 562.17, 1078.89, 555.51, 1063.11, 555.51, 1094.66, 555.51, 31.55, 13.32
6.50, 19, white car, 1316.22, 552.82, 1349.52, 567.33, 1332.87, 560.08, 1316.22, 560.08, 1349.52, 560.08, 33.30, 14.51
6.50, 38, black car, 1060.39, 548.83, 1092.21, 562.28, 1076.30, 555.56, 1060.39, 555.56, 1092.21, 555.56, 31.82, 13.46
6.53, 19, white car, 1313.78, 552.88, 1346.72, 567.24, 1330.25, 560.06, 1313.78, 560.06, 1346.72, 560.06, 32.94, 14.37
6.53, 38, black car, 1058.13, 548.91, 1089.41, 562.16, 1073.77, 555.54, 1058.13, 555.54, 1089.41, 555.54, 31.28, 13.26
6.57, 19, white car, 1311.25, 553.15, 1343.09, 567.03, 1327.17, 560.09, 1311.25, 560.09, 1343.09, 560.09, 31.84, 13.88
6.57, 38, black car, 1055.79, 548.96, 1086.35, 561.83, 1071.07, 555.40, 1055.79, 555.40, 1086.35, 555.40, 30.57, 12.88
6.60, 19, white car, 1308.64, 553.12, 1340.64, 567.07, 1324.64, 560.09, 1308.64, 560.09, 1340.64, 560.09, 32.00, 13.95
6.60, 38, black car, 1053.27, 549.05, 1083.09, 561.55, 1068.18, 555.30, 1053.27, 555.30, 1083.09, 555.30, 29.82, 12.51
6.63, 19, white car, 1306.00, 553.34, 1337.86, 567.20, 1321.93, 560.27, 1306.00, 560.27, 1337.86, 560.27, 31.85, 13.86
6.63, 38, black car, 1050.11, 548.99, 1079.92, 561.45, 1065.01, 555.22, 1050.11, 555.22, 1079.92, 555.22, 29.81, 12.46
6.63, 44, black car, 608.26, 524.22, 641.32, 538.02, 624.79, 531.12, 608.26, 531.12, 641.32, 531.12, 33.06, 13.80
6.67, 19, white car, 1303.33, 553.19, 1335.34, 567.12, 1319.33, 560.15, 1303.33, 560.15, 1335.34, 560.15, 32.01, 13.93
6.67, 38, black car, 1047.65, 548.94, 1077.34, 561.31, 1062.50, 555.12, 1047.65, 555.12, 1077.34, 555.12, 29.69, 12.37
6.70, 19, white car, 1300.69, 553.09, 1332.60, 566.93, 1316.64, 560.01, 1300.69, 560.01, 1332.60, 560.01, 31.92, 13.85
6.70, 38, black car, 1044.93, 548.66, 1075.11, 561.21, 1060.02, 554.93, 1044.93, 554.93, 1075.11, 554.93, 30.18, 12.55
6.73, 19, white car, 1297.89, 553.05, 1330.12, 567.01, 1314.01, 560.03, 1297.89, 560.03, 1330.12, 560.03, 32.23, 13.96
6.73, 38, black car, 1042.21, 548.36, 1073.20, 561.28, 1057.70, 554.82, 1042.21, 554.82, 1073.20, 554.82, 30.98, 12.92
6.77, 19, white car, 1295.09, 552.94, 1327.71, 567.07, 1311.40, 560.00, 1295.09, 560.00, 1327.71, 560.00, 32.62, 14.13
6.77, 38, black car, 1039.07, 547.96, 1070.57, 561.15, 1054.82, 554.56, 1039.07, 554.56, 1070.57, 554.56, 31.51, 13.19
6.80, 19, white car, 1292.13, 552.89, 1325.09, 567.18, 1308.61, 560.04, 1292.13, 560.04, 1325.09, 560.04, 32.96, 14.29
6.80, 38, black car, 1036.44, 547.99, 1067.92, 561.21, 1052.18, 554.60, 1036.44, 554.60, 1067.92, 554.60, 31.47, 13.22
6.83, 19, white car, 1289.46, 552.84, 1322.51, 567.15, 1305.99, 559.99, 1289.46, 559.99, 1322.51, 559.99, 33.05, 14.31
6.83, 38, black car, 1033.62, 547.76, 1065.48, 561.17, 1049.55, 554.46, 1033.62, 554.46, 1065.48, 554.46, 31.86, 13.41
6.87, 19, white car, 1286.66, 552.75, 1319.98, 567.15, 1303.32, 559.95, 1286.66, 559.95, 1319.98, 559.95, 33.32, 14.40
6.87, 38, black car, 1031.42, 547.75, 1062.68, 560.91, 1047.05, 554.33, 1031.42, 554.33, 1062.68, 554.33, 31.27, 13.15
6.90, 19, white car, 1283.93, 552.77, 1317.27, 567.20, 1300.60, 559.99, 1283.93, 559.99, 1317.27, 559.99, 33.34, 14.43
6.90, 38, black car, 1028.96, 547.79, 1059.71, 560.72, 1044.34, 554.25, 1028.96, 554.25, 1059.71, 554.25, 30.76, 12.94
6.93, 19, white car, 1281.54, 552.85, 1314.65, 567.19, 1298.10, 560.02, 1281.54, 560.02, 1314.65, 560.02, 33.10, 14.34
6.97, 19, white car, 1278.89, 552.74, 1311.85, 567.01, 1295.37, 559.87, 1278.89, 559.87, 1311.85, 559.87, 32.96, 14.27
6.97, 38, black car, 1023.06, 547.53, 1053.69, 560.42, 1038.38, 553.97, 1023.06, 553.97, 1053.69, 553.97, 30.64, 12.89
7.00, 19, white car, 1276.47, 552.76, 1309.68, 567.13, 1293.08, 559.94, 1276.47, 559.94, 1309.68, 559.94, 33.21, 14.37
7.00, 38, black car, 1020.45, 547.55, 1051.23, 560.49, 1035.84, 554.02, 1020.45, 554.02, 1051.23, 554.02, 30.78, 12.94
7.03, 38, black car, 1017.63, 547.38, 1048.39, 560.31, 1033.01, 553.85, 1017.63, 553.85, 1048.39, 553.85, 30.76, 12.93
7.07, 38, black car, 1014.86, 547.06, 1046.21, 560.28, 1030.54, 553.67, 1014.86, 553.67, 1046.21, 553.67, 31.34, 13.22
7.07, 19, white car, 1271.10, 552.94, 1304.07, 567.23, 1287.59, 560.09, 1271.10, 560.09, 1304.07, 560.09, 32.96, 14.28
7.10, 19, white car, 1268.34, 553.00, 1301.29, 567.30, 1284.81, 560.15, 1268.34, 560.15, 1301.29, 560.15, 32.95, 14.30
7.13, 19, white car, 1265.31, 552.85, 1298.54, 567.30, 1281.92, 560.07, 1265.31, 560.07, 1298.54, 560.07, 33.23, 14.44
7.13, 38, black car, 1009.67, 546.95, 1041.11, 560.21, 1025.39, 553.58, 1009.67, 553.58, 1041.11, 553.58, 31.44, 13.26
7.17, 19, white car, 1262.51, 552.91, 1295.76, 567.41, 1279.14, 560.16, 1262.51, 560.16, 1295.76, 560.16, 33.25, 14.50
7.17, 38, black car, 1007.13, 547.01, 1038.36, 560.21, 1022.74, 553.61, 1007.13, 553.61, 1038.36, 553.61, 31.23, 13.20
7.20, 19, white car, 1259.78, 552.86, 1293.05, 567.37, 1276.42, 560.11, 1259.78, 560.11, 1293.05, 560.11, 33.27, 14.51
7.20, 38, black car, 1004.37, 546.97, 1035.59, 560.16, 1019.98, 553.56, 1004.37, 553.56, 1035.59, 553.56, 31.21, 13.20
7.23, 19, white car, 1257.40, 552.77, 1290.45, 567.21, 1273.92, 559.99, 1257.40, 559.99, 1290.45, 559.99, 33.05, 14.43
7.23, 38, black car, 1002.49, 547.04, 1032.73, 559.81, 1017.61, 553.42, 1002.49, 553.42, 1032.73, 553.42, 30.25, 12.77
7.27, 19, white car, 1254.67, 552.72, 1287.88, 567.25, 1271.28, 559.99, 1254.67, 559.99, 1287.88, 559.99, 33.21, 14.53
7.27, 38, black car, 999.74, 546.79, 1030.41, 559.74, 1015.08, 553.27, 999.74, 553.27, 1030.41, 553.27, 30.67, 12.95
7.30, 19, white car, 1252.07, 552.66, 1285.05, 567.10, 1268.56, 559.88, 1252.07, 559.88, 1285.05, 559.88, 32.98, 14.44
7.30, 38, black car, 997.40, 546.87, 1027.24, 559.45, 1012.32, 553.16, 997.40, 553.16, 1027.24, 553.16, 29.84, 12.59
7.33, 19, white car, 1249.34, 552.58, 1282.11, 567.01, 1265.72, 559.80, 1249.34, 559.80, 1282.11, 559.80, 32.77, 14.43
7.33, 38, black car, 994.32, 546.74, 1024.16, 559.32, 1009.24, 553.03, 994.32, 553.03, 1024.16, 553.03, 29.85, 12.59
7.37, 19, white car, 1246.68, 552.57, 1279.62, 567.11, 1263.15, 559.84, 1246.68, 559.84, 1279.62, 559.84, 32.94, 14.55
7.37, 38, black car, 991.25, 546.41, 1021.91, 559.34, 1006.58, 552.87, 991.25, 552.87, 1021.91, 552.87, 30.66, 12.93
7.40, 19, white car, 1243.54, 552.19, 1277.25, 567.11, 1260.40, 559.65, 1243.54, 559.65, 1277.25, 559.65, 33.72, 14.92
7.40, 38, black car, 988.61, 546.32, 1019.41, 559.30, 1004.01, 552.81, 988.61, 552.81, 1019.41, 552.81, 30.80, 12.99
7.43, 19, white car, 1240.86, 552.13, 1274.77, 567.17, 1257.82, 559.65, 1240.86, 559.65, 1274.77, 559.65, 33.91, 15.03
7.43, 38, black car, 985.94, 546.09, 1016.98, 559.20, 1001.46, 552.64, 985.94, 552.64, 1016.98, 552.64, 31.04, 13.12
7.47, 19, white car, 1238.39, 552.08, 1271.93, 566.99, 1255.16, 559.54, 1238.39, 559.54, 1271.93, 559.54, 33.54, 14.91
7.47, 38, black car, 982.77, 545.63, 1014.29, 558.99, 998.53, 552.31, 982.77, 552.31, 1014.29, 552.31, 31.51, 13.36
7.50, 19, white car, 1235.64, 552.03, 1269.22, 567.02, 1252.43, 559.52, 1235.64, 559.52, 1269.22, 559.52, 33.58, 14.98
7.50, 38, black car, 979.79, 545.29, 1011.90, 559.00, 995.84, 552.15, 979.79, 552.15, 1011.90, 552.15, 32.11, 13.70
7.53, 19, white car, 1233.10, 552.15, 1266.57, 567.09, 1249.83, 559.62, 1233.10, 559.62, 1266.57, 559.62, 33.47, 14.94
7.53, 38, black car, 977.21, 545.27, 1009.34, 559.04, 993.27, 552.16, 977.21, 552.16, 1009.34, 552.16, 32.13, 13.76
7.57, 19, white car, 1230.26, 552.20, 1263.75, 567.12, 1247.01, 559.66, 1230.26, 559.66, 1263.75, 559.66, 33.49, 14.92
7.57, 38, black car, 974.17, 544.92, 1006.90, 559.01, 990.53, 551.97, 974.17, 551.97, 1006.90, 551.97, 32.72, 14.09
7.60, 19, white car, 1227.87, 552.47, 1260.89, 567.14, 1244.38, 559.81, 1227.87, 559.81, 1260.89, 559.81, 33.02, 14.67
7.60, 38, black car, 971.75, 544.84, 1004.26, 558.91, 988.00, 551.87, 971.75, 551.87, 1004.26, 551.87, 32.51, 14.06
7.63, 19, white car, 1225.60, 552.62, 1258.22, 567.10, 1241.91, 559.86, 1225.60, 559.86, 1258.22, 559.86, 32.62, 14.48
7.63, 38, black car, 969.36, 544.74, 1001.34, 558.61, 985.35, 551.67, 969.36, 551.67, 1001.34, 551.67, 31.98, 13.87
7.67, 19, white car, 1222.79, 552.59, 1255.09, 566.91, 1238.94, 559.75, 1222.79, 559.75, 1255.09, 559.75, 32.30, 14.32
7.67, 38, black car, 967.05, 544.88, 998.44, 558.50, 982.75, 551.69, 967.05, 551.69, 998.44, 551.69, 31.39, 13.62
7.70, 19, white car, 1220.02, 552.69, 1252.27, 566.99, 1236.15, 559.84, 1220.02, 559.84, 1252.27, 559.84, 32.25, 14.30
7.70, 38, black car, 964.69, 544.89, 995.81, 558.38, 980.25, 551.64, 964.69, 551.64, 995.81, 551.64, 31.12, 13.49
7.73, 19, white car, 1217.39, 552.67, 1249.44, 566.89, 1233.42, 559.78, 1217.39, 559.78, 1249.44, 559.78, 32.05, 14.21
7.73, 38, black car, 962.08, 545.11, 992.85, 558.41, 977.47, 551.76, 962.08, 551.76, 992.85, 551.76, 30.77, 13.30
7.77, 19, white car, 1215.00, 552.79, 1247.17, 567.04, 1231.09, 559.91, 1215.00, 559.91, 1247.17, 559.91, 32.17, 14.25
7.77, 38, black car, 959.23, 544.95, 990.50, 558.50, 974.87, 551.72, 959.23, 551.72, 990.50, 551.72, 31.27, 13.55
7.80, 19, white car, 1212.36, 552.71, 1244.42, 566.91, 1228.39, 559.81, 1212.36, 559.81, 1244.42, 559.81, 32.05, 14.19
7.80, 38, black car, 956.83, 544.81, 987.71, 558.20, 972.27, 551.51, 956.83, 551.51, 987.71, 551.51, 30.88, 13.39
7.83, 19, white car, 1209.31, 552.47, 1241.55, 566.74, 1225.43, 559.60, 1209.31, 559.60, 1241.55, 559.60, 32.24, 14.27
7.83, 38, black car, 953.68, 544.42, 984.76, 557.92, 969.22, 551.17, 953.68, 551.17, 984.76, 551.17, 31.08, 13.50
7.87, 19, white car, 1206.31, 552.59, 1238.54, 566.87, 1222.43, 559.73, 1206.31, 559.73, 1238.54, 559.73, 32.23, 14.28
7.87, 38, black car, 950.95, 544.41, 981.93, 557.91, 966.44, 551.16, 950.95, 551.16, 981.93, 551.16, 30.98, 13.49
7.90, 19, white car, 1203.59, 552.51, 1235.33, 566.54, 1219.46, 559.53, 1203.59, 559.53, 1235.33, 559.53, 31.74, 14.03
7.90, 38, black car, 948.15, 544.24, 979.21, 557.76, 963.68, 551.00, 948.15, 551.00, 979.21, 551.00, 31.05, 13.53
7.93, 19, white car, 1200.83, 552.34, 1232.88, 566.51, 1216.85, 559.42, 1200.83, 559.42, 1232.88, 559.42, 32.04, 14.17
7.93, 38, black car, 945.67, 544.12, 976.62, 557.58, 961.15, 550.85, 945.67, 550.85, 976.62, 550.85, 30.95, 13.46
7.97, 19, white car, 1198.36, 552.32, 1230.15, 566.37, 1214.25, 559.34, 1198.36, 559.34, 1230.15, 559.34, 31.80, 14.05
8.00, 19, white car, 1195.77, 552.25, 1227.34, 566.17, 1211.56, 559.21, 1195.77, 559.21, 1227.34, 559.21, 31.57, 13.92
8.00, 38, black car, 940.84, 544.33, 969.62, 556.77, 955.23, 550.55, 940.84, 550.55, 969.62, 550.55, 28.78, 12.44
8.03, 19, white car, 1193.12, 552.38, 1224.66, 566.27, 1208.89, 559.33, 1193.12, 559.33, 1224.66, 559.33, 31.54, 13.89
8.03, 38, black car, 937.39, 543.95, 967.49, 556.96, 952.44, 550.46, 937.39, 550.46, 967.49, 550.46, 30.10, 13.01
8.07, 19, white car, 1190.77, 552.44, 1222.14, 566.27, 1206.45, 559.36, 1190.77, 559.36, 1222.14, 559.36, 31.36, 13.82
8.07, 38, black car, 935.17, 544.24, 964.30, 556.76, 949.74, 550.50, 935.17, 550.50, 964.30, 550.50, 29.13, 12.52
8.10, 19, white car, 1187.82, 552.18, 1219.28, 566.04, 1203.55, 559.11, 1187.82, 559.11, 1219.28, 559.11, 31.47, 13.86
8.10, 38, black car, 931.86, 543.58, 962.52, 556.75, 947.19, 550.17, 931.86, 550.17, 962.52, 550.17, 30.66, 13.17
8.13, 19, white car, 1184.92, 552.25, 1216.49, 566.14, 1200.70, 559.19, 1184.92, 559.19, 1216.49, 559.19, 31.57, 13.88
8.13, 38, black car, 929.20, 543.17, 960.50, 556.63, 944.85, 549.90, 929.20, 549.90, 960.50, 549.90, 31.30, 13.46
8.17, 19, white car, 1182.03, 552.10, 1214.10, 566.21, 1198.07, 559.16, 1182.03, 559.16, 1214.10, 559.16, 32.07, 14.10
8.17, 38, black car, 926.33, 543.01, 958.03, 556.66, 942.18, 549.84, 926.33, 549.84, 958.03, 549.84, 31.70, 13.65
8.20, 19, white car, 1179.16, 552.15, 1211.25, 566.26, 1195.20, 559.20, 1179.16, 559.20, 1211.25, 559.20, 32.09, 14.11
8.20, 38, black car, 923.80, 542.85, 955.49, 556.53, 939.65, 549.69, 923.80, 549.69, 955.49, 549.69, 31.70, 13.68
8.23, 19, white car, 1176.54, 552.11, 1208.62, 566.21, 1192.58, 559.16, 1176.54, 559.16, 1208.62, 559.16, 32.08, 14.10
8.23, 38, black car, 921.24, 542.59, 953.38, 556.48, 937.31, 549.54, 921.24, 549.54, 953.38, 549.54, 32.14, 13.89
8.27, 19, white car, 1173.61, 551.82, 1205.93, 566.03, 1189.77, 558.92, 1173.61, 558.92, 1205.93, 558.92, 32.33, 14.21
8.27, 38, black car, 918.37, 542.44, 950.72, 556.44, 934.55, 549.44, 918.37, 549.44, 950.72, 549.44, 32.35, 14.00
8.27, 47, black car, 469.45, 509.23, 503.04, 523.57, 486.25, 516.40, 469.45, 516.40, 503.04, 516.40, 33.59, 14.34
8.30, 19, white car, 1170.80, 551.82, 1203.12, 566.01, 1186.96, 558.92, 1170.80, 558.92, 1203.12, 558.92, 32.33, 14.19
8.30, 38, black car, 915.67, 542.38, 947.81, 556.31, 931.74, 549.35, 915.67, 549.35, 947.81, 549.35, 32.14, 13.93
8.30, 47, black car, 466.95, 508.86, 501.06, 523.42, 484.01, 516.14, 466.95, 516.14, 501.06, 516.14, 34.11, 14.55
8.33, 19, white car, 1168.23, 551.72, 1200.31, 565.80, 1184.27, 558.76, 1168.23, 558.76, 1200.31, 558.76, 32.08, 14.08
8.33, 38, black car, 913.07, 542.32, 945.09, 556.22, 929.08, 549.27, 913.07, 549.27, 945.09, 549.27, 32.02, 13.90
8.33, 47, black car, 465.07, 508.47, 498.09, 522.53, 481.58, 515.50, 465.07, 515.50, 498.09, 515.50, 33.03, 14.06
8.37, 19, white car, 1165.67, 551.72, 1197.58, 565.70, 1181.62, 558.71, 1165.67, 558.71, 1197.58, 558.71, 31.91, 13.97
8.37, 38, black car, 910.47, 542.22, 942.20, 556.00, 926.33, 549.11, 910.47, 549.11, 942.20, 549.11, 31.72, 13.79
8.37, 47, black car, 461.08, 507.61, 494.21, 521.72, 477.65, 514.67, 461.08, 514.67, 494.21, 514.67, 33.13, 14.10
8.40, 19, white car, 1163.07, 551.86, 1194.58, 565.63, 1178.83, 558.74, 1163.07, 558.74, 1194.58, 558.74, 31.50, 13.77
8.40, 38, black car, 907.80, 542.16, 939.27, 555.85, 923.53, 549.01, 907.80, 549.01, 939.27, 549.01, 31.46, 13.69
8.40, 47, black car, 457.79, 507.29, 491.42, 521.61, 474.60, 514.45, 457.79, 514.45, 491.42, 514.45, 33.64, 14.32
8.43, 19, white car, 1160.19, 551.70, 1191.78, 565.50, 1175.98, 558.60, 1160.19, 558.60, 1191.78, 558.60, 31.59, 13.80
8.43, 38, black car, 904.93, 542.14, 936.02, 555.64, 920.47, 548.89, 904.93, 548.89, 936.02, 548.89, 31.09, 13.50
8.47, 19, white car, 1157.10, 551.54, 1189.06, 565.49, 1173.08, 558.51, 1157.10, 558.51, 1189.06, 558.51, 31.96, 13.95
8.47, 38, black car, 902.19, 541.86, 933.69, 555.55, 917.94, 548.71, 902.19, 548.71, 933.69, 548.71, 31.50, 13.69
8.47, 47, black car, 452.12, 506.76, 486.50, 521.46, 469.31, 514.11, 452.12, 514.11, 486.50, 514.11, 34.39, 14.70
8.50, 19, white car, 1154.49, 551.35, 1186.68, 565.41, 1170.58, 558.38, 1154.49, 558.38, 1186.68, 558.38, 32.19, 14.06
8.50, 38, black car, 899.49, 541.76, 931.06, 555.52, 915.28, 548.64, 899.49, 548.64, 931.06, 548.64, 31.57, 13.75
8.50, 47, black car, 448.91, 506.51, 482.94, 521.09, 465.93, 513.80, 448.91, 513.80, 482.94, 513.80, 34.03, 14.58
8.53, 19, white car, 1151.69, 551.11, 1183.99, 565.21, 1167.84, 558.16, 1151.69, 558.16, 1183.99, 558.16, 32.30, 14.10
8.53, 38, black car, 897.22, 542.06, 927.98, 555.41, 912.60, 548.73, 897.22, 548.73, 927.98, 548.73, 30.77, 13.35
8.53, 47, black car, 445.77, 505.77, 480.20, 520.58, 462.98, 513.18, 445.77, 513.18, 480.20, 513.18, 34.43, 14.81
8.57, 19, white car, 1149.21, 551.24, 1181.53, 565.31, 1165.37, 558.28, 1149.21, 558.28, 1181.53, 558.28, 32.32, 14.08
8.57, 38, black car, 894.52, 542.03, 925.18, 555.34, 909.85, 548.68, 894.52, 548.68, 925.18, 548.68, 30.66, 13.31
8.57, 47, black car, 443.62, 505.34, 478.59, 520.46, 461.11, 512.90, 443.62, 512.90, 478.59, 512.90, 34.98, 15.12
8.60, 19, white car, 1146.71, 551.23, 1178.55, 565.06, 1162.63, 558.14, 1146.71, 558.14, 1178.55, 558.14, 31.84, 13.83
8.60, 38, black car, 892.08, 541.97, 922.52, 555.14, 907.30, 548.56, 892.08, 548.56, 922.52, 548.56, 30.44, 13.16
8.63, 19, white car, 1143.92, 551.28, 1175.55, 564.97, 1159.74, 558.12, 1143.92, 558.12, 1175.55, 558.12, 31.63, 13.68
8.63, 38, black car, 888.82, 541.53, 919.74, 554.91, 904.28, 548.22, 888.82, 548.22, 919.74, 548.22, 30.93, 13.37
8.63, 47, black car, 438.07, 504.70, 473.19, 519.97, 455.63, 512.33, 438.07, 512.33, 473.19, 512.33, 35.12, 15.27
8.67, 19, white car, 1141.39, 551.12, 1173.37, 564.93, 1157.38, 558.02, 1141.39, 558.02, 1173.37, 558.02, 31.98, 13.81
8.67, 38, black car, 886.05, 541.25, 917.22, 554.73, 901.64, 547.99, 886.05, 547.99, 917.22, 547.99, 31.18, 13.48
8.70, 19, white car, 1138.28, 550.93, 1170.55, 564.83, 1154.41, 557.88, 1138.28, 557.88, 1170.55, 557.88, 32.27, 13.91
8.70, 38, black car, 883.39, 541.16, 914.52, 554.61, 898.95, 547.88, 883.39, 547.88, 914.52, 547.88, 31.13, 13.46
8.73, 19, white car, 1135.92, 551.19, 1167.34, 564.69, 1151.63, 557.94, 1135.92, 557.94, 1167.34, 557.94, 31.42, 13.50
8.73, 38, black car, 880.83, 541.18, 911.58, 554.45, 896.21, 547.81, 880.83, 547.81, 911.58, 547.81, 30.75, 13.27
8.77, 19, white car, 1132.99, 551.15, 1164.40, 564.65, 1148.69, 557.90, 1132.99, 557.90, 1164.40, 557.90, 31.40, 13.49
8.77, 38, black car, 878.48, 541.10, 909.29, 554.33, 893.89, 547.71, 878.48, 547.71, 909.29, 547.71, 30.81, 13.23
8.80, 19, white car, 1130.03, 551.01, 1161.84, 564.69, 1145.93, 557.85, 1130.03, 557.85, 1161.84, 557.85, 31.81, 13.68
8.80, 38, black car, 875.67, 541.06, 906.42, 554.22, 891.05, 547.64, 875.67, 547.64, 906.42, 547.64, 30.75, 13.16
8.83, 19, white car, 1127.41, 550.92, 1159.40, 564.67, 1143.40, 557.79, 1127.41, 557.79, 1159.40, 557.79, 31.99, 13.76
8.83, 38, black car, 872.97, 541.04, 903.73, 554.17, 888.35, 547.60, 872.97, 547.60, 903.73, 547.60, 30.76, 13.13
8.87, 19, white car, 1124.25, 550.81, 1156.49, 564.67, 1140.37, 557.74, 1124.25, 557.74, 1156.49, 557.74, 32.24, 13.86
8.87, 38, black car, 870.09, 540.99, 900.80, 554.08, 885.44, 547.53, 870.09, 547.53, 900.80, 547.53, 30.71, 13.10
8.90, 19, white car, 1121.95, 550.98, 1153.67, 564.60, 1137.81, 557.79, 1121.95, 557.79, 1153.67, 557.79, 31.72, 13.62
8.90, 38, black car, 867.06, 540.76, 898.55, 554.20, 882.81, 547.48, 867.06, 547.48, 898.55, 547.48, 31.49, 13.43
8.93, 19, white car, 1118.85, 550.92, 1150.76, 564.66, 1134.81, 557.79, 1118.85, 557.79, 1150.76, 557.79, 31.91, 13.74
8.93, 38, black car, 864.53, 540.62, 896.19, 554.09, 880.36, 547.35, 864.53, 547.35, 896.19, 547.35, 31.66, 13.47
8.97, 19, white car, 1116.18, 550.77, 1148.08, 564.52, 1132.13, 557.65, 1116.18, 557.65, 1148.08, 557.65, 31.89, 13.74
8.97, 38, black car, 861.70, 540.54, 893.06, 553.86, 877.38, 547.20, 861.70, 547.20, 893.06, 547.20, 31.37, 13.32
8.97, 47, black car, 411.82, 503.03, 445.59, 517.82, 428.70, 510.43, 411.82, 510.43, 445.59, 510.43, 33.77, 14.79
9.00, 19, white car, 1113.64, 550.92, 1145.19, 564.48, 1129.41, 557.70, 1113.64, 557.70, 1145.19, 557.70, 31.55, 13.57
9.00, 38, black car, 859.26, 540.70, 890.03, 553.74, 874.64, 547.22, 859.26, 547.22, 890.03, 547.22, 30.77, 13.04
9.00, 47, black car, 409.67, 502.77, 443.45, 517.60, 426.56, 510.19, 409.67, 510.19, 443.45, 510.19, 33.78, 14.83
9.03, 19, white car, 1110.74, 550.65, 1142.76, 564.41, 1126.75, 557.53, 1110.74, 557.53, 1142.76, 557.53, 32.02, 13.76
9.07, 19, white car, 1108.00, 550.54, 1140.04, 564.31, 1124.02, 557.42, 1108.00, 557.42, 1140.04, 557.42, 32.04, 13.77
9.07, 38, black car, 853.64, 540.42, 884.77, 553.65, 869.20, 547.03, 853.64, 547.03, 884.77, 547.03, 31.13, 13.23
9.07, 47, black car, 404.81, 502.57, 436.74, 516.55, 420.78, 509.56, 404.81, 509.56, 436.74, 509.56, 31.93, 13.99
9.10, 19, white car, 1105.02, 550.61, 1136.72, 564.27, 1120.87, 557.44, 1105.02, 557.44, 1136.72, 557.44, 31.69, 13.66
9.10, 47, black car, 401.18, 501.82, 433.55, 516.02, 417.36, 508.92, 401.18, 508.92, 433.55, 508.92, 32.37, 14.21
9.13, 19, white car, 1102.25, 550.47, 1134.22, 564.27, 1118.24, 557.37, 1102.25, 557.37, 1134.22, 557.37, 31.97, 13.80
9.13, 38, black car, 848.62, 540.36, 879.66, 553.53, 864.14, 546.94, 848.62, 546.94, 879.66, 546.94, 31.04, 13.17
9.17, 19, white car, 1099.84, 550.49, 1131.41, 564.11, 1115.62, 557.30, 1099.84, 557.30, 1131.41, 557.30, 31.57, 13.62
9.17, 38, black car, 846.37, 540.18, 877.09, 553.17, 861.73, 546.67, 846.37, 546.67, 877.09, 546.67, 30.72, 12.98
9.17, 47, black car, 395.79, 500.80, 428.70, 515.25, 412.25, 508.03, 395.79, 508.03, 428.70, 508.03, 32.91, 14.45
9.20, 19, white car, 1097.26, 550.55, 1128.59, 564.05, 1112.93, 557.30, 1097.26, 557.30, 1128.59, 557.30, 31.33, 13.50
9.20, 38, black car, 843.81, 540.28, 873.71, 552.90, 858.76, 546.59, 843.81, 546.59, 873.71, 546.59, 29.90, 12.62
9.20, 47, black car, 393.97, 500.79, 426.02, 514.78, 409.99, 507.79, 393.97, 507.79, 426.02, 507.79, 32.05, 13.99
9.23, 19, white car, 1094.45, 550.69, 1125.14, 563.91, 1109.80, 557.30, 1094.45, 557.30, 1125.14, 557.30, 30.69, 13.22
9.23, 38, black car, 841.22, 540.23, 870.96, 552.77, 856.09, 546.50, 841.22, 546.50, 870.96, 546.50, 29.73, 12.54
9.23, 47, black car, 390.96, 500.18, 423.58, 514.37, 407.27, 507.28, 390.96, 507.28, 423.58, 507.28, 32.61, 14.19
9.27, 19, white car, 1091.63, 550.78, 1122.13, 563.94, 1106.88, 557.36, 1091.63, 557.36, 1122.13, 557.36, 30.50, 13.17
9.27, 38, black car, 838.40, 540.01, 868.88, 552.89, 853.64, 546.45, 838.40, 546.45, 868.88, 546.45, 30.48, 12.88
9.30, 19, white car, 1088.91, 550.75, 1119.31, 563.83, 1104.11, 557.29, 1088.91, 557.29, 1119.31, 557.29, 30.40, 13.09
9.30, 38, black car, 835.47, 539.61, 866.75, 552.83, 851.11, 546.22, 835.47, 546.22, 866.75, 546.22, 31.28, 13.22
9.30, 47, black car, 385.22, 499.62, 417.67, 513.65, 401.44, 506.64, 385.22, 506.64, 417.67, 506.64, 32.45, 14.04
9.33, 19, white car, 1086.63, 550.93, 1116.34, 563.65, 1101.49, 557.29, 1086.63, 557.29, 1116.34, 557.29, 29.71, 12.72
9.33, 38, black car, 832.90, 539.66, 863.83, 552.69, 848.37, 546.17, 832.90, 546.17, 863.83, 546.17, 30.93, 13.03
9.33, 47, black car, 382.67, 499.45, 415.02, 513.39, 398.84, 506.42, 382.67, 506.42, 415.02, 506.42, 32.35, 13.94
9.37, 19, white car, 1083.80, 550.67, 1114.16, 563.64, 1098.98, 557.15, 1083.80, 557.15, 1114.16, 557.15, 30.37, 12.97
9.37, 38, black car, 830.09, 539.74, 860.79, 552.63, 845.44, 546.18, 830.09, 546.18, 860.79, 546.18, 30.70, 12.90
9.40, 19, white car, 1081.26, 550.63, 1111.18, 563.34, 1096.22, 556.99, 1081.26, 556.99, 1111.18, 556.99, 29.92, 12.71
9.40, 38, black car, 827.53, 539.45, 857.75, 552.12, 842.64, 545.78, 827.53, 545.78, 857.75, 545.78, 30.22, 12.67
9.40, 47, black car, 377.15, 499.02, 409.05, 512.79, 393.10, 505.90, 377.15, 505.90, 409.05, 505.90, 31.90, 13.76
9.43, 19, white car, 1078.41, 550.50, 1108.37, 563.22, 1093.39, 556.86, 1078.41, 556.86, 1108.37, 556.86, 29.96, 12.72
9.43, 38, black car, 824.97, 539.16, 855.72, 552.08, 840.34, 545.62, 824.97, 545.62, 855.72, 545.62, 30.75, 12.91
9.47, 19, white car, 1075.19, 550.38, 1105.57, 563.29, 1090.38, 556.84, 1075.19, 556.84, 1105.57, 556.84, 30.38, 12.91
9.47, 38, black car, 822.28, 539.04, 852.92, 551.89, 837.60, 545.46, 822.28, 545.46, 852.92, 545.46, 30.63, 12.85
9.50, 19, white car, 1072.16, 550.14, 1103.12, 563.29, 1087.64, 556.72, 1072.16, 556.72, 1103.12, 556.72, 30.96, 13.15
9.50, 38, black car, 819.61, 538.90, 849.89, 551.56, 834.75, 545.23, 819.61, 545.23, 849.89, 545.23, 30.28, 12.66
9.53, 19, white car, 1069.19, 549.70, 1100.92, 563.21, 1085.06, 556.46, 1069.19, 556.46, 1100.92, 556.46, 31.73, 13.50
9.53, 38, black car, 817.25, 538.85, 847.24, 551.36, 832.25, 545.11, 817.25, 545.11, 847.24, 545.11, 30.00, 12.51
9.57, 19, white car, 1066.65, 549.53, 1098.25, 562.98, 1082.45, 556.25, 1066.65, 556.25, 1098.25, 556.25, 31.60, 13.45
9.57, 38, black car, 814.16, 538.82, 844.10, 551.29, 829.13, 545.05, 814.16, 545.05, 844.10, 545.05, 29.94, 12.47
9.60, 19, white car, 1063.79, 549.45, 1095.61, 563.01, 1079.70, 556.23, 1063.79, 556.23, 1095.61, 556.23, 31.82, 13.56
9.60, 38, black car, 811.57, 538.62, 841.85, 551.24, 826.71, 544.93, 811.57, 544.93, 841.85, 544.93, 30.28, 12.63
9.63, 19, white car, 1060.85, 549.36, 1092.62, 562.92, 1076.73, 556.14, 1060.85, 556.14, 1092.62, 556.14, 31.77, 13.57
9.63, 38, black car, 808.74, 538.45, 839.41, 551.27, 824.08, 544.86, 808.74, 544.86, 839.41, 544.86, 30.67, 12.82
9.67, 19, white car, 1058.07, 549.41, 1089.68, 562.89, 1073.87, 556.15, 1058.07, 556.15, 1089.68, 556.15, 31.61, 13.48
9.67, 38, black car, 805.89, 538.08, 836.75, 551.01, 821.32, 544.55, 805.89, 544.55, 836.75, 544.55, 30.86, 12.93
9.70, 19, white car, 1055.39, 549.16, 1087.15, 562.70, 1071.27, 555.93, 1055.39, 555.93, 1087.15, 555.93, 31.76, 13.53
9.70, 38, black car, 802.94, 537.83, 833.88, 550.81, 818.41, 544.32, 802.94, 544.32, 833.88, 544.32, 30.95, 12.98
9.73, 19, white car, 1053.11, 549.14, 1084.44, 562.47, 1068.77, 555.81, 1053.11, 555.81, 1084.44, 555.81, 31.34, 13.33
9.73, 38, black car, 800.02, 537.49, 830.76, 550.39, 815.39, 543.94, 800.02, 543.94, 830.76, 543.94, 30.75, 12.89
9.77, 19, white car, 1050.14, 549.17, 1081.52, 562.53, 1065.83, 555.85, 1050.14, 555.85, 1081.52, 555.85, 31.39, 13.36
9.77, 38, black car, 797.64, 537.43, 828.17, 550.25, 812.90, 543.84, 797.64, 543.84, 828.17, 543.84, 30.53, 12.82
9.80, 19, white car, 1047.23, 549.19, 1078.57, 562.54, 1062.90, 555.87, 1047.23, 555.87, 1078.57, 555.87, 31.33, 13.35
9.80, 38, black car, 795.22, 537.28, 825.86, 550.17, 810.54, 543.73, 795.22, 543.73, 825.86, 543.73, 30.64, 12.89
9.83, 19, white car, 1044.42, 549.21, 1075.59, 562.47, 1060.01, 555.84, 1044.42, 555.84, 1075.59, 555.84, 31.17, 13.26
9.83, 38, black car, 792.14, 536.92, 823.19, 550.02, 807.67, 543.47, 792.14, 543.47, 823.19, 543.47, 31.05, 13.10
9.87, 19, white car, 1041.54, 549.17, 1072.92, 562.50, 1057.23, 555.83, 1041.54, 555.83, 1072.92, 555.83, 31.38, 13.33
9.87, 38, black car, 789.69, 536.68, 821.03, 549.91, 805.36, 543.30, 789.69, 543.30, 821.03, 543.30, 31.34, 13.23
9.87, 47, black car, 341.40, 495.41, 373.69, 509.40, 357.55, 502.40, 341.40, 502.40, 373.69, 502.40, 32.29, 13.99
9.90, 19, white car, 1039.11, 549.07, 1070.56, 562.38, 1054.84, 555.72, 1039.11, 555.72, 1070.56, 555.72, 31.44, 13.32
9.90, 38, black car, 787.29, 536.63, 817.77, 549.50, 802.53, 543.07, 787.29, 543.07, 817.77, 543.07, 30.48, 12.86
9.90, 47, black car, 340.01, 495.18, 371.03, 508.68, 355.52, 501.93, 340.01, 501.93, 371.03, 501.93, 31.02, 13.50
9.93, 19, white car, 1036.09, 549.10, 1067.59, 562.42, 1051.84, 555.76, 1036.09, 555.76, 1067.59, 555.76, 31.50, 13.32
9.93, 38, black car, 784.51, 536.44, 814.79, 549.23, 799.65, 542.84, 784.51, 542.84, 814.79, 542.84, 30.28, 12.80
