0.00, 11, white car, 1037.66, 526.95, 1066.50, 539.47, 1052.08, 533.21, 1037.66, 533.21, 1066.50, 533.21, 28.84, 12.51
0.03, 11, white car, 1034.65, 527.03, 1063.50, 539.53, 1049.07, 533.28, 1034.65, 533.28, 1063.50, 533.28, 28.85, 12.50
0.07, 11, white car, 1031.69, 527.02, 1060.46, 539.48, 1046.08, 533.25, 1031.69, 533.25, 1060.46, 533.25, 28.77, 12.45
0.10, 11, white car, 1028.91, 526.97, 1057.29, 539.24, 1043.10, 533.10, 1028.91, 533.10, 1057.29, 533.10, 28.38, 12.27
0.13, 11, white car, 1025.76, 526.89, 1054.26, 539.18, 1040.01, 533.03, 1025.76, 533.03, 1054.26, 533.03, 28.50, 12.29
0.17, 11, white car, 1022.73, 526.87, 1051.37, 539.21, 1037.05, 533.04, 1022.73, 533.04, 1051.37, 533.04, 28.64, 12.34
0.20, 11, white car, 1019.59, 527.00, 1047.85, 539.13, 1033.72, 533.06, 1019.59, 533.06, 1047.85, 533.06, 28.26, 12.13
0.23, 11, white car, 1016.66, 527.06, 1045.01, 539.17, 1030.84, 533.11, 1016.66, 533.11, 1045.01, 533.11, 28.35, 12.10
0.27, 11, white car, 1013.21, 526.92, 1042.01, 539.16, 1027.61, 533.04, 1013.21, 533.04, 1042.01, 533.04, 28.80, 12.24
0.30, 11, white car, 1009.95, 526.72, 1039.38, 539.23, 1024.67, 532.97, 1009.95, 532.97, 1039.38, 532.97, 29.43, 12.51
0.33, 11, white car, 1006.89, 526.71, 1036.60, 539.32, 1021.75, 533.02, 1006.89, 533.02, 1036.60, 533.02, 29.71, 12.61
0.37, 11, white car, 1003.64, 526.32, 1034.09, 539.25, 1018.86, 532.79, 1003.64, 532.79, 1034.09, 532.79, 30.46, 12.93
0.40, 11, white car, 1000.70, 526.36, 1030.80, 539.14, 1015.75, 532.75, 1000.70, 532.75, 1030.80, 532.75, 30.10, 12.78
0.43, 11, white car, 997.26, 526.24, 1027.72, 539.19, 1012.49, 532.72, 997.26, 532.72, 1027.72, 532.72, 30.46, 12.95
0.47, 11, white car, 994.43, 526.24, 1024.97, 539.27, 1009.70, 532.75, 994.43, 532.75, 1024.97, 532.75, 30.54, 13.03
0.50, 11, white car, 991.65, 526.28, 1021.89, 539.21, 1006.77, 532.75, 991.65, 532.75, 1021.89, 532.75, 30.24, 12.92
0.53, 11, white car, 988.45, 526.24, 1018.50, 539.06, 1003.48, 532.65, 988.45, 532.65, 1018.50, 532.65, 30.06, 12.82
0.57, 11, white car, 985.46, 526.23, 1015.23, 538.89, 1000.35, 532.56, 985.46, 532.56, 1015.23, 532.56, 29.77, 12.66
0.60, 11, white car, 982.55, 526.15, 1012.37, 538.80, 997.46, 532.47, 982.55, 532.47, 1012.37, 532.47, 29.82, 12.66
0.63, 11, white car, 979.24, 526.08, 1009.70, 539.07, 994.47, 532.58, 979.24, 532.58, 1009.70, 532.58, 30.46, 13.00
0.67, 11, white car, 975.93, 526.06, 1006.73, 539.23, 991.33, 532.65, 975.93, 532.65, 1006.73, 532.65, 30.79, 13.17
0.70, 11, white car, 973.06, 526.09, 1003.61, 539.14, 988.34, 532.62, 973.06, 532.62, 1003.61, 532.62, 30.56, 13.06
0.73, 11, white car, 970.14, 525.92, 1000.61, 538.94, 985.37, 532.43, 970.14, 532.43, 1000.61, 532.43, 30.47, 13.02
0.77, 11, white car, 966.96, 525.91, 997.63, 539.06, 982.30, 532.48, 966.96, 532.48, 997.63, 532.48, 30.67, 13.15
0.80, 11, white car, 963.85, 525.91, 994.93, 539.28, 979.39, 532.59, 963.85, 532.59, 994.93, 532.59, 31.08, 13.37
0.83, 11, white car, 961.07, 525.55, 991.74, 538.79, 976.40, 532.17, 961.07, 532.17, 991.74, 532.17, 30.67, 13.24
0.87, 11, white car, 957.64, 525.35, 988.88, 538.93, 973.26, 532.14, 957.64, 532.14, 988.88, 532.14, 31.24, 13.58
0.87, 60, black car, 1409.08, 530.05, 1438.93, 543.23, 1424.01, 536.64, 1409.08, 536.64, 1438.93, 536.64, 29.85, 13.18
0.90, 11, white car, 954.52, 525.29, 985.74, 538.89, 970.13, 532.09, 954.52, 532.09, 985.74, 532.09, 31.22, 13.59
0.90, 60, black car, 1406.90, 530.13, 1436.57, 543.21, 1421.74, 536.67, 1406.90, 536.67, 1436.57, 536.67, 29.67, 13.09
0.93, 11, white car, 951.41, 525.32, 982.88, 539.08, 967.14, 532.20, 951.41, 532.20, 982.88, 532.20, 31.47, 13.77
0.93, 60, black car, 1404.39, 530.16, 1434.63, 543.53, 1419.51, 536.84, 1404.39, 536.84, 1434.63, 536.84, 30.24, 13.37
0.97, 11, white car, 948.53, 525.43, 979.48, 538.98, 964.01, 532.21, 948.53, 532.21, 979.48, 532.21, 30.95, 13.55
0.97, 60, black car, 1401.84, 530.29, 1431.89, 543.58, 1416.86, 536.93, 1401.84, 536.93, 1431.89, 536.93, 30.05, 13.29
1.00, 11, white car, 945.58, 525.58, 976.27, 539.02, 960.93, 532.30, 945.58, 532.30, 976.27, 532.30, 30.68, 13.44
1.00, 60, black car, 1399.17, 530.09, 1429.17, 543.35, 1414.17, 536.72, 1399.17, 536.72, 1429.17, 536.72, 30.00, 13.26
1.03, 11, white car, 942.85, 525.69, 973.03, 538.92, 957.94, 532.30, 942.85, 532.30, 973.03, 532.30, 30.18, 13.23
1.03, 60, black car, 1396.73, 529.71, 1426.99, 543.07, 1411.86, 536.39, 1396.73, 536.39, 1426.99, 536.39, 30.26, 13.36
1.07, 11, white car, 940.16, 525.76, 970.10, 538.88, 955.13, 532.32, 940.16, 532.32, 970.10, 532.32, 29.93, 13.11
1.07, 60, black car, 1394.75, 529.66, 1424.54, 542.74, 1409.65, 536.20, 1394.75, 536.20, 1424.54, 536.20, 29.79, 13.08
1.10, 11, white car, 937.16, 525.85, 967.02, 538.91, 952.09, 532.38, 937.16, 532.38, 967.02, 532.38, 29.87, 13.06
1.10, 60, black car, 1392.58, 529.66, 1421.68, 542.40, 1407.13, 536.03, 1392.58, 536.03, 1421.68, 536.03, 29.10, 12.74
1.13, 11, white car, 934.47, 525.84, 964.08, 538.73, 949.28, 532.28, 934.47, 532.28, 964.08, 532.28, 29.61, 12.89
1.13, 60, black car, 1390.70, 529.80, 1419.55, 542.38, 1405.12, 536.09, 1390.70, 536.09, 1419.55, 536.09, 28.84, 12.58
1.17, 11, white car, 931.52, 525.76, 961.13, 538.62, 946.32, 532.19, 931.52, 532.19, 961.13, 532.19, 29.61, 12.86
1.17, 60, black car, 1388.91, 529.85, 1417.75, 542.37, 1403.33, 536.11, 1388.91, 536.11, 1417.75, 536.11, 28.84, 12.52
1.20, 11, white car, 928.52, 525.82, 957.83, 538.53, 943.17, 532.17, 928.52, 532.17, 957.83, 532.17, 29.31, 12.72
1.20, 60, black car, 1386.84, 529.96, 1415.58, 542.40, 1401.21, 536.18, 1386.84, 536.18, 1415.58, 536.18, 28.74, 12.44
1.23, 11, white car, 925.28, 525.87, 954.72, 538.64, 940.00, 532.25, 925.28, 532.25, 954.72, 532.25, 29.44, 12.77
1.23, 60, black car, 1384.61, 529.94, 1413.58, 542.46, 1399.09, 536.20, 1384.61, 536.20, 1413.58, 536.20, 28.97, 12.52
1.27, 11, white car, 922.48, 525.74, 951.65, 538.38, 937.06, 532.06, 922.48, 532.06, 951.65, 532.06, 29.17, 12.63
1.27, 60, black car, 1381.69, 530.00, 1411.23, 542.73, 1396.46, 536.37, 1381.69, 536.37, 1411.23, 536.37, 29.54, 12.73
1.30, 11, white car, 919.63, 525.66, 948.88, 538.32, 934.26, 531.99, 919.63, 531.99, 948.88, 531.99, 29.24, 12.66
1.30, 60, black car, 1378.60, 530.02, 1408.23, 542.76, 1393.41, 536.39, 1378.60, 536.39, 1408.23, 536.39, 29.63, 12.74
1.33, 11, white car, 916.61, 525.44, 946.11, 538.20, 931.36, 531.82, 916.61, 531.82, 946.11, 531.82, 29.50, 12.76
1.33, 60, black car, 1376.34, 530.17, 1405.74, 542.79, 1391.04, 536.48, 1376.34, 536.48, 1405.74, 536.48, 29.40, 12.63
1.37, 11, white car, 912.91, 524.74, 943.52, 538.03, 928.21, 531.39, 912.91, 531.39, 943.52, 531.39, 30.61, 13.29
1.37, 60, black car, 1374.16, 530.15, 1403.59, 542.78, 1388.87, 536.46, 1374.16, 536.46, 1403.59, 536.46, 29.43, 12.64
1.40, 11, white car, 909.79, 524.62, 940.88, 538.19, 925.34, 531.41, 909.79, 531.41, 940.88, 531.41, 31.08, 13.57
1.40, 60, black car, 1372.21, 529.98, 1401.82, 542.73, 1387.02, 536.35, 1372.21, 536.35, 1401.82, 536.35, 29.62, 12.74
1.43, 11, white car, 906.58, 524.30, 937.92, 538.01, 922.25, 531.16, 906.58, 531.16, 937.92, 531.16, 31.34, 13.71
1.43, 60, black car, 1369.95, 529.99, 1399.50, 542.70, 1384.73, 536.34, 1369.95, 536.34, 1399.50, 536.34, 29.55, 12.71
1.47, 11, white car, 904.11, 524.53, 934.14, 537.64, 919.12, 531.08, 904.11, 531.08, 934.14, 531.08, 30.03, 13.11
1.47, 60, black car, 1367.87, 530.04, 1396.94, 542.52, 1382.41, 536.28, 1367.87, 536.28, 1396.94, 536.28, 29.07, 12.48
1.50, 11, white car, 901.52, 524.51, 931.40, 537.56, 916.46, 531.03, 901.52, 531.03, 931.40, 531.03, 29.88, 13.05
1.50, 60, black car, 1365.81, 529.92, 1394.91, 542.39, 1380.36, 536.15, 1365.81, 536.15, 1394.91, 536.15, 29.10, 12.47
1.53, 11, white car, 898.54, 524.47, 928.28, 537.44, 913.41, 530.96, 898.54, 530.96, 928.28, 530.96, 29.74, 12.97
1.53, 60, black car, 1364.17, 530.17, 1393.14, 542.52, 1378.65, 536.34, 1364.17, 536.34, 1393.14, 536.34, 28.97, 12.34
1.57, 11, white car, 895.52, 524.47, 925.47, 537.53, 910.50, 531.00, 895.52, 531.00, 925.47, 531.00, 29.95, 13.06
1.57, 60, black car, 1361.81, 530.13, 1390.59, 542.33, 1376.20, 536.23, 1361.81, 536.23, 1390.59, 536.23, 28.79, 12.20
1.60, 11, white car, 892.56, 524.36, 922.47, 537.41, 907.51, 530.88, 892.56, 530.88, 922.47, 530.88, 29.92, 13.05
1.60, 60, black car, 1359.58, 530.00, 1388.25, 542.15, 1373.92, 536.07, 1359.58, 536.07, 1388.25, 536.07, 28.67, 12.15
1.63, 11, white car, 889.67, 524.53, 919.22, 537.42, 904.45, 530.97, 889.67, 530.97, 919.22, 530.97, 29.55, 12.89
1.63, 60, black car, 1356.64, 529.94, 1385.78, 542.25, 1371.21, 536.09, 1356.64, 536.09, 1385.78, 536.09, 29.14, 12.31
1.67, 11, white car, 886.18, 524.24, 916.65, 537.58, 901.41, 530.91, 886.18, 530.91, 916.65, 530.91, 30.47, 13.35
1.67, 60, black car, 1353.50, 530.01, 1382.85, 542.36, 1368.18, 536.19, 1353.50, 536.19, 1382.85, 536.19, 29.35, 12.35
1.70, 11, white car, 883.30, 524.24, 913.88, 537.64, 898.59, 530.94, 883.30, 530.94, 913.88, 530.94, 30.58, 13.40
1.70, 60, black car, 1350.95, 529.98, 1380.11, 542.20, 1365.53, 536.09, 1350.95, 536.09, 1380.11, 536.09, 29.17, 12.22
1.73, 11, white car, 880.26, 524.39, 910.81, 537.76, 895.54, 531.08, 880.26, 531.08, 910.81, 531.08, 30.55, 13.37
1.73, 60, black car, 1348.68, 530.01, 1377.68, 542.11, 1363.18, 536.06, 1348.68, 536.06, 1377.68, 536.06, 29.01, 12.10
1.77, 11, white car, 877.52, 524.36, 907.73, 537.55, 892.63, 530.96, 877.52, 530.96, 907.73, 530.96, 30.21, 13.19
1.77, 60, black car, 1346.15, 529.69, 1375.60, 541.94, 1360.88, 535.82, 1346.15, 535.82, 1375.60, 535.82, 29.45, 12.25
1.80, 11, white car, 874.59, 524.31, 904.79, 537.49, 889.69, 530.90, 874.59, 530.90, 904.79, 530.90, 30.20, 13.18
1.80, 60, black car, 1343.84, 529.52, 1373.59, 541.88, 1358.72, 535.70, 1343.84, 535.70, 1373.59, 535.70, 29.75, 12.37
1.83, 11, white car, 871.34, 524.16, 901.50, 537.32, 886.42, 530.74, 871.34, 530.74, 901.50, 530.74, 30.16, 13.16
1.83, 60, black car, 1340.76, 529.64, 1371.27, 542.36, 1356.02, 536.00, 1340.76, 536.00, 1371.27, 536.00, 30.51, 12.72
1.87, 11, white car, 868.10, 523.94, 899.04, 537.51, 883.57, 530.72, 868.10, 530.72, 899.04, 530.72, 30.95, 13.56
1.87, 60, black car, 1337.81, 529.74, 1368.48, 542.54, 1353.15, 536.14, 1337.81, 536.14, 1368.48, 536.14, 30.66, 12.80
1.90, 11, white car, 865.21, 523.89, 896.18, 537.50, 880.69, 530.69, 865.21, 530.69, 896.18, 530.69, 30.97, 13.61
1.90, 60, black car, 1335.41, 529.83, 1365.37, 542.32, 1350.39, 536.07, 1335.41, 536.07, 1365.37, 536.07, 29.96, 12.49
1.93, 11, white car, 862.35, 523.81, 893.12, 537.32, 877.73, 530.56, 862.35, 530.56, 893.12, 530.56, 30.77, 13.51
1.93, 60, black car, 1333.16, 529.73, 1363.28, 542.31, 1348.22, 536.02, 1333.16, 536.02, 1363.28, 536.02, 30.13, 12.58
1.97, 11, white car, 859.70, 523.93, 889.68, 537.08, 874.69, 530.51, 859.70, 530.51, 889.68, 530.51, 29.97, 13.15
1.97, 60, black car, 1331.19, 529.58, 1361.52, 542.26, 1346.36, 535.92, 1331.19, 535.92, 1361.52, 535.92, 30.33, 12.68
2.00, 11, white car, 857.11, 524.01, 886.88, 537.07, 871.99, 530.54, 857.11, 530.54, 886.88, 530.54, 29.78, 13.06
2.00, 60, black car, 1329.43, 529.49, 1359.62, 542.14, 1344.52, 535.82, 1329.43, 535.82, 1359.62, 535.82, 30.19, 12.65
2.03, 11, white car, 854.39, 524.07, 884.02, 537.07, 869.21, 530.57, 854.39, 530.57, 884.02, 530.57, 29.63, 12.99
2.03, 60, black car, 1327.09, 529.38, 1357.62, 542.20, 1342.36, 535.79, 1327.09, 535.79, 1357.62, 535.79, 30.53, 12.82
2.07, 11, white car, 851.29, 523.93, 881.08, 536.98, 866.18, 530.45, 851.29, 530.45, 881.08, 530.45, 29.78, 13.05
2.07, 60, black car, 1324.66, 529.35, 1355.14, 542.16, 1339.90, 535.75, 1324.66, 535.75, 1355.14, 535.75, 30.47, 12.81
2.10, 11, white car, 848.09, 523.68, 878.25, 536.89, 863.17, 530.28, 848.09, 530.28, 878.25, 530.28, 30.16, 13.21
2.10, 60, black car, 1322.32, 529.23, 1352.90, 542.08, 1337.61, 535.65, 1322.32, 535.65, 1352.90, 535.65, 30.58, 12.85
2.13, 11, white car, 844.99, 523.28, 875.70, 536.77, 860.35, 530.02, 844.99, 530.02, 875.70, 530.02, 30.72, 13.49
2.13, 60, black car, 1319.40, 529.07, 1350.65, 542.19, 1335.02, 535.63, 1319.40, 535.63, 1350.65, 535.63, 31.25, 13.12
2.17, 11, white car, 842.37, 523.53, 872.51, 536.69, 857.44, 530.11, 842.37, 530.11, 872.51, 530.11, 30.13, 13.16
2.17, 60, black car, 1317.48, 529.08, 1347.93, 541.83, 1332.70, 535.45, 1317.48, 535.45, 1347.93, 535.45, 30.45, 12.74
2.20, 11, white car, 839.35, 523.27, 870.04, 536.69, 854.70, 529.98, 839.35, 529.98, 870.04, 529.98, 30.70, 13.42
2.20, 60, black car, 1315.67, 528.95, 1345.80, 541.52, 1330.74, 535.24, 1315.67, 535.24, 1345.80, 535.24, 30.13, 12.57
2.23, 11, white car, 836.32, 523.06, 867.11, 536.54, 851.72, 529.80, 836.32, 529.80, 867.11, 529.80, 30.78, 13.48
2.23, 60, black car, 1312.33, 528.77, 1343.13, 541.61, 1327.73, 535.19, 1312.33, 535.19, 1343.13, 535.19, 30.80, 12.84
2.27, 11, white car, 833.16, 522.91, 864.01, 536.44, 848.58, 529.68, 833.16, 529.68, 864.01, 529.68, 30.84, 13.53
2.27, 60, black car, 1310.16, 529.06, 1340.13, 541.56, 1325.15, 535.31, 1310.16, 535.31, 1340.13, 535.31, 29.97, 12.49
2.30, 11, white car, 830.26, 522.65, 861.30, 536.33, 845.78, 529.49, 830.26, 529.49, 861.30, 529.49, 31.04, 13.67
2.33, 11, white car, 827.45, 522.50, 858.22, 536.08, 842.84, 529.29, 827.45, 529.29, 858.22, 529.29, 30.77, 13.58
2.33, 60, black car, 1304.80, 529.36, 1335.16, 542.01, 1319.98, 535.68, 1304.80, 535.68, 1335.16, 535.68, 30.35, 12.65
2.37, 11, white car, 824.34, 522.05, 855.59, 535.94, 839.96, 528.99, 824.34, 528.99, 855.59, 528.99, 31.25, 13.89
2.37, 60, black car, 1302.71, 529.36, 1333.35, 542.12, 1318.03, 535.74, 1302.71, 535.74, 1333.35, 535.74, 30.64, 12.75
2.40, 11, white car, 821.52, 522.15, 852.58, 536.00, 837.05, 529.08, 821.52, 529.08, 852.58, 529.08, 31.05, 13.85
2.40, 60, black car, 1300.30, 529.40, 1331.12, 542.25, 1315.71, 535.82, 1300.30, 535.82, 1331.12, 535.82, 30.83, 12.85
2.43, 11, white car, 818.38, 522.14, 849.57, 536.08, 833.98, 529.11, 818.38, 529.11, 849.57, 529.11, 31.19, 13.94
2.43, 60, black car, 1297.61, 529.41, 1327.98, 542.12, 1312.79, 535.77, 1297.61, 535.77, 1327.98, 535.77, 30.38, 12.72
2.47, 11, white car, 815.51, 522.08, 846.84, 536.12, 831.18, 529.10, 815.51, 529.10, 846.84, 529.10, 31.33, 14.04
2.47, 60, black car, 1294.76, 529.45, 1324.73, 542.02, 1309.74, 535.73, 1294.76, 535.73, 1324.73, 535.73, 29.97, 12.57
2.50, 11, white car, 812.70, 522.04, 844.30, 536.18, 828.50, 529.11, 812.70, 529.11, 844.30, 529.11, 31.60, 14.15
2.53, 11, white car, 809.56, 521.88, 841.06, 536.02, 825.31, 528.95, 809.56, 528.95, 841.06, 528.95, 31.50, 14.14
2.53, 60, black car, 1289.29, 529.52, 1319.67, 542.26, 1304.48, 535.89, 1289.29, 535.89, 1319.67, 535.89, 30.38, 12.75
2.57, 11, white car, 806.98, 522.06, 837.79, 535.87, 822.39, 528.96, 806.98, 528.96, 837.79, 528.96, 30.81, 13.81
2.57, 60, black car, 1287.06, 529.45, 1317.29, 542.18, 1302.17, 535.81, 1287.06, 535.81, 1317.29, 535.81, 30.23, 12.73
2.60, 11, white car, 803.87, 521.97, 834.55, 535.75, 819.21, 528.86, 803.87, 528.86, 834.55, 528.86, 30.69, 13.78
2.60, 60, black car, 1284.73, 529.63, 1314.77, 542.31, 1299.75, 535.97, 1284.73, 535.97, 1314.77, 535.97, 30.04, 12.67
2.63, 11, white car, 800.81, 521.90, 831.64, 535.75, 816.22, 528.82, 800.81, 528.82, 831.64, 528.82, 30.82, 13.85
2.63, 60, black car, 1282.73, 529.83, 1311.74, 542.00, 1297.23, 535.91, 1282.73, 535.91, 1311.74, 535.91, 29.01, 12.16
2.67, 11, white car, 798.27, 522.08, 828.48, 535.60, 813.37, 528.84, 798.27, 528.84, 828.48, 528.84, 30.22, 13.52
2.67, 60, black car, 1280.32, 529.91, 1309.18, 541.97, 1294.75, 535.94, 1280.32, 535.94, 1309.18, 535.94, 28.85, 12.06
2.70, 11, white car, 795.35, 521.92, 825.52, 535.40, 810.44, 528.66, 795.35, 528.66, 825.52, 528.66, 30.17, 13.48
2.70, 60, black car, 1277.78, 529.83, 1306.93, 542.00, 1292.36, 535.91, 1277.78, 535.91, 1306.93, 535.91, 29.15, 12.17
2.73, 11, white car, 792.47, 521.58, 822.89, 535.16, 807.68, 528.37, 792.47, 528.37, 822.89, 528.37, 30.42, 13.58
2.73, 60, black car, 1275.10, 529.59, 1304.48, 541.87, 1289.79, 535.73, 1275.10, 535.73, 1304.48, 535.73, 29.38, 12.28
2.77, 11, white car, 789.46, 521.47, 819.90, 535.07, 804.68, 528.27, 789.46, 528.27, 819.90, 528.27, 30.44, 13.60
2.77, 60, black car, 1272.84, 529.33, 1302.79, 541.89, 1287.82, 535.61, 1272.84, 535.61, 1302.79, 535.61, 29.95, 12.56
2.80, 11, white car, 786.11, 521.29, 816.90, 535.04, 801.50, 528.16, 786.11, 528.16, 816.90, 528.16, 30.80, 13.75
2.80, 60, black car, 1270.63, 528.94, 1300.69, 541.53, 1285.66, 535.23, 1270.63, 535.23, 1300.69, 535.23, 30.06, 12.59
2.83, 11, white car, 783.48, 521.23, 814.36, 535.00, 798.92, 528.11, 783.48, 528.11, 814.36, 528.11, 30.87, 13.77
2.83, 60, black car, 1268.08, 528.76, 1298.57, 541.51, 1283.33, 535.13, 1268.08, 535.13, 1298.57, 535.13, 30.49, 12.75
2.87, 11, white car, 780.92, 521.15, 811.57, 534.84, 796.25, 527.99, 780.92, 527.99, 811.57, 527.99, 30.64, 13.69
2.87, 60, black car, 1265.41, 528.55, 1296.17, 541.40, 1280.79, 534.98, 1265.41, 534.98, 1296.17, 534.98, 30.75, 12.85
2.90, 11, white car, 778.04, 521.09, 808.61, 534.71, 793.33, 527.90, 778.04, 527.90, 808.61, 527.90, 30.56, 13.63
2.90, 60, black car, 1262.50, 528.55, 1293.43, 541.52, 1277.96, 535.03, 1262.50, 535.03, 1293.43, 535.03, 30.93, 12.97
2.93, 11, white car, 775.30, 521.04, 805.97, 534.69, 790.63, 527.86, 775.30, 527.86, 805.97, 527.86, 30.67, 13.65
2.93, 60, black car, 1260.00, 528.59, 1290.67, 541.47, 1275.34, 535.03, 1260.00, 535.03, 1290.67, 535.03, 30.67, 12.88
2.97, 11, white car, 772.33, 520.97, 802.96, 534.56, 787.65, 527.77, 772.33, 527.77, 802.96, 527.77, 30.63, 13.58
2.97, 60, black car, 1257.70, 528.75, 1287.89, 541.42, 1272.80, 535.09, 1257.70, 535.09, 1287.89, 535.09, 30.19, 12.68
3.00, 11, white car, 769.23, 520.71, 799.94, 534.29, 784.58, 527.50, 769.23, 527.50, 799.94, 527.50, 30.71, 13.58
3.00, 60, black car, 1255.15, 528.77, 1285.24, 541.40, 1270.19, 535.09, 1255.15, 535.09, 1285.24, 535.09, 30.09, 12.63
3.03, 11, white car, 766.13, 520.67, 797.00, 534.27, 781.57, 527.47, 766.13, 527.47, 797.00, 527.47, 30.87, 13.60
3.03, 60, black car, 1252.71, 529.06, 1282.18, 541.43, 1267.45, 535.25, 1252.71, 535.25, 1282.18, 535.25, 29.48, 12.37
3.07, 11, white car, 763.10, 520.46, 794.25, 534.17, 778.67, 527.31, 763.10, 527.31, 794.25, 527.31, 31.15, 13.71
3.07, 60, black car, 1250.66, 529.23, 1279.61, 541.35, 1265.14, 535.29, 1250.66, 535.29, 1279.61, 535.29, 28.95, 12.12
3.10, 11, white car, 760.35, 520.47, 791.15, 534.00, 775.75, 527.24, 760.35, 527.24, 791.15, 527.24, 30.80, 13.54
3.10, 60, black car, 1247.98, 529.27, 1276.84, 541.35, 1262.41, 535.31, 1247.98, 535.31, 1276.84, 535.31, 28.87, 12.08
3.13, 11, white car, 757.88, 520.18, 788.37, 533.60, 773.12, 526.89, 757.88, 526.89, 788.37, 526.89, 30.49, 13.42
3.13, 60, black car, 1245.51, 529.27, 1274.38, 541.32, 1259.94, 535.30, 1245.51, 535.30, 1274.38, 535.30, 28.88, 12.06
3.17, 11, white car, 754.94, 520.15, 785.23, 533.48, 770.08, 526.82, 754.94, 526.82, 785.23, 526.82, 30.28, 13.33
3.17, 60, black car, 1243.31, 529.33, 1271.97, 541.25, 1257.64, 535.29, 1243.31, 535.29, 1271.97, 535.29, 28.66, 11.92
3.20, 11, white car, 751.77, 519.92, 782.69, 533.52, 767.23, 526.72, 751.77, 526.72, 782.69, 526.72, 30.92, 13.60
3.20, 60, black car, 1240.88, 529.38, 1269.90, 541.40, 1255.39, 535.39, 1240.88, 535.39, 1269.90, 535.39, 29.01, 12.02
3.23, 11, white car, 748.92, 519.72, 779.65, 533.24, 764.29, 526.48, 748.92, 526.48, 779.65, 526.48, 30.73, 13.52
3.23, 60, black car, 1238.31, 529.36, 1267.19, 541.29, 1252.75, 535.33, 1238.31, 535.33, 1267.19, 535.33, 28.88, 11.93
3.27, 11, white car, 746.43, 519.59, 776.65, 532.90, 761.54, 526.24, 746.43, 526.24, 776.65, 526.24, 30.21, 13.31
3.27, 60, black car, 1235.79, 529.36, 1264.85, 541.36, 1250.32, 535.36, 1235.79, 535.36, 1264.85, 535.36, 29.07, 12.00
3.30, 11, white car, 743.79, 519.43, 773.38, 532.42, 758.59, 525.92, 743.79, 525.92, 773.38, 525.92, 29.59, 12.99
3.30, 60, black car, 1233.07, 529.27, 1262.60, 541.45, 1247.83, 535.36, 1233.07, 535.36, 1262.60, 535.36, 29.53, 12.17
3.33, 11, white car, 740.90, 519.33, 770.63, 532.33, 755.77, 525.83, 740.90, 525.83, 770.63, 525.83, 29.72, 13.00
3.33, 60, black car, 1230.90, 529.05, 1260.59, 541.28, 1245.74, 535.17, 1230.90, 535.17, 1260.59, 535.17, 29.70, 12.23
3.37, 11, white car, 738.18, 519.24, 767.79, 532.14, 752.98, 525.69, 738.18, 525.69, 767.79, 525.69, 29.61, 12.90
3.37, 60, black car, 1228.59, 529.04, 1257.63, 540.98, 1243.11, 535.01, 1228.59, 535.01, 1257.63, 535.01, 29.04, 11.95
3.40, 11, white car, 735.76, 519.04, 765.04, 531.77, 750.40, 525.40, 735.76, 525.40, 765.04, 525.40, 29.29, 12.73
3.40, 60, black car, 1226.13, 529.02, 1254.95, 540.85, 1240.54, 534.93, 1226.13, 534.93, 1254.95, 534.93, 28.82, 11.83
3.43, 11, white car, 732.98, 518.92, 762.21, 531.62, 747.59, 525.27, 732.98, 525.27, 762.21, 525.27, 29.23, 12.70
3.43, 60, black car, 1223.53, 529.25, 1252.27, 541.01, 1237.90, 535.13, 1223.53, 535.13, 1252.27, 535.13, 28.74, 11.77
3.47, 11, white car, 730.27, 518.90, 759.24, 531.45, 744.75, 525.17, 730.27, 525.17, 759.24, 525.17, 28.97, 12.56
3.47, 60, black car, 1220.76, 529.13, 1249.82, 541.02, 1235.29, 535.07, 1220.76, 535.07, 1249.82, 535.07, 29.06, 11.89
3.50, 11, white car, 727.11, 518.80, 756.70, 531.61, 741.91, 525.21, 727.11, 525.21, 756.70, 525.21, 29.58, 12.81
3.50, 60, black car, 1218.09, 529.11, 1247.25, 541.03, 1232.67, 535.07, 1218.09, 535.07, 1247.25, 535.07, 29.16, 11.92
3.53, 11, white car, 724.03, 518.78, 754.11, 531.84, 739.07, 525.31, 724.03, 525.31, 754.11, 525.31, 30.08, 13.06
3.53, 60, black car, 1215.72, 529.15, 1244.94, 541.08, 1230.33, 535.12, 1215.72, 535.12, 1244.94, 535.12, 29.22, 11.93
3.57, 11, white car, 721.44, 518.78, 751.25, 531.78, 736.35, 525.28, 721.44, 525.28, 751.25, 525.28, 29.81, 13.00
3.57, 60, black car, 1213.09, 529.05, 1242.57, 541.08, 1227.83, 535.07, 1213.09, 535.07, 1242.57, 535.07, 29.48, 12.02
3.60, 11, white car, 718.59, 518.75, 747.73, 531.46, 733.16, 525.10, 718.59, 525.10, 747.73, 525.10, 29.15, 12.71
3.60, 60, black car, 1210.47, 529.12, 1239.83, 541.06, 1225.15, 535.09, 1210.47, 535.09, 1239.83, 535.09, 29.35, 11.93
3.63, 11, white car, 716.22, 518.63, 744.83, 531.06, 730.52, 524.84, 716.22, 524.84, 744.83, 524.84, 28.62, 12.43
3.63, 60, black car, 1207.83, 529.30, 1236.79, 541.05, 1222.31, 535.17, 1207.83, 535.17, 1236.79, 535.17, 28.96, 11.75
3.67, 11, white car, 713.67, 518.40, 742.12, 530.70, 727.89, 524.55, 713.67, 524.55, 742.12, 524.55, 28.45, 12.30
3.67, 60, black car, 1205.24, 529.34, 1234.08, 541.02, 1219.66, 535.18, 1205.24, 535.18, 1234.08, 535.18, 28.83, 11.68
3.70, 11, white car, 710.73, 518.30, 738.85, 530.42, 724.79, 524.36, 710.73, 524.36, 738.85, 524.36, 28.12, 12.11
3.70, 60, black car, 1202.75, 529.26, 1231.28, 540.82, 1217.01, 535.04, 1202.75, 535.04, 1231.28, 535.04, 28.54, 11.56
3.73, 11, white car, 707.85, 518.19, 735.63, 530.09, 721.74, 524.14, 707.85, 524.14, 735.63, 524.14, 27.78, 11.90
3.73, 60, black car, 1200.51, 529.23, 1228.96, 540.74, 1214.73, 534.99, 1200.51, 534.99, 1228.96, 534.99, 28.45, 11.51
3.77, 11, white car, 704.75, 517.85, 733.25, 530.05, 719.00, 523.95, 704.75, 523.95, 733.25, 523.95, 28.50, 12.20
3.77, 60, black car, 1197.94, 529.27, 1226.49, 540.78, 1212.22, 535.02, 1197.94, 535.02, 1226.49, 535.02, 28.55, 11.51
3.80, 11, white car, 701.54, 517.57, 730.42, 529.90, 715.98, 523.73, 701.54, 523.73, 730.42, 523.73, 28.87, 12.33
3.80, 60, black car, 1195.68, 529.30, 1224.28, 540.78, 1209.98, 535.04, 1195.68, 535.04, 1224.28, 535.04, 28.60, 11.48
3.83, 11, white car, 698.60, 517.39, 727.71, 529.84, 713.16, 523.61, 698.60, 523.61, 727.71, 523.61, 29.12, 12.45
3.83, 60, black car, 1192.85, 529.32, 1221.11, 540.64, 1206.98, 534.98, 1192.85, 534.98, 1221.11, 534.98, 28.26, 11.32
3.87, 11, white car, 695.51, 517.13, 724.82, 529.69, 710.16, 523.41, 695.51, 523.41, 724.82, 523.41, 29.31, 12.57
3.87, 60, black car, 1190.02, 529.27, 1218.34, 540.63, 1204.18, 534.95, 1190.02, 534.95, 1218.34, 534.95, 28.33, 11.36
3.90, 11, white car, 692.67, 516.81, 722.33, 529.54, 707.50, 523.18, 692.67, 523.18, 722.33, 523.18, 29.65, 12.73
3.90, 60, black car, 1187.63, 529.10, 1216.35, 540.61, 1201.99, 534.86, 1187.63, 534.86, 1216.35, 534.86, 28.72, 11.51
3.93, 11, white car, 689.59, 516.35, 719.75, 529.36, 704.67, 522.86, 689.59, 522.86, 719.75, 522.86, 30.16, 13.00
3.93, 60, black car, 1185.03, 528.98, 1214.20, 540.67, 1199.61, 534.83, 1185.03, 534.83, 1214.20, 534.83, 29.18, 11.68
3.97, 11, white car, 687.06, 516.35, 716.65, 529.15, 701.86, 522.75, 687.06, 522.75, 716.65, 522.75, 29.58, 12.80
3.97, 60, black car, 1182.02, 529.02, 1210.97, 540.60, 1196.49, 534.81, 1182.02, 534.81, 1210.97, 534.81, 28.95, 11.59
4.00, 11, white car, 684.24, 516.15, 713.77, 528.97, 699.00, 522.56, 684.24, 522.56, 713.77, 522.56, 29.53, 12.82
4.00, 60, black car, 1179.27, 528.91, 1208.54, 540.64, 1193.91, 534.78, 1179.27, 534.78, 1208.54, 534.78, 29.27, 11.73
4.03, 11, white car, 681.18, 515.98, 710.75, 528.83, 695.97, 522.40, 681.18, 522.40, 710.75, 522.40, 29.56, 12.85
4.03, 60, black car, 1176.36, 528.89, 1205.82, 540.69, 1191.09, 534.79, 1176.36, 534.79, 1205.82, 534.79, 29.46, 11.80
4.07, 11, white car, 678.38, 515.73, 707.94, 528.60, 693.16, 522.16, 678.38, 522.16, 707.94, 522.16, 29.57, 12.87
4.07, 60, black car, 1173.94, 528.79, 1203.36, 540.57, 1188.65, 534.68, 1173.94, 534.68, 1203.36, 534.68, 29.43, 11.78
4.10, 11, white car, 675.65, 515.49, 705.04, 528.32, 690.34, 521.91, 675.65, 521.91, 705.04, 521.91, 29.39, 12.83
4.10, 60, black car, 1171.78, 528.82, 1200.78, 540.41, 1186.28, 534.62, 1171.78, 534.62, 1200.78, 534.62, 29.00, 11.58
4.13, 11, white car, 673.11, 515.57, 702.33, 528.33, 687.72, 521.95, 673.11, 521.95, 702.33, 521.95, 29.22, 12.77
4.13, 60, black car, 1169.05, 528.74, 1198.40, 540.43, 1183.72, 534.58, 1169.05, 534.58, 1198.40, 534.58, 29.35, 11.69
4.17, 11, white car, 670.15, 515.20, 699.72, 528.20, 684.94, 521.70, 670.15, 521.70, 699.72, 521.70, 29.58, 13.00
4.17, 60, black car, 1166.54, 528.68, 1195.94, 540.40, 1181.24, 534.54, 1166.54, 534.54, 1195.94, 534.54, 29.41, 11.72
4.20, 11, white car, 667.13, 515.16, 696.74, 528.20, 681.93, 521.68, 667.13, 521.68, 696.74, 521.68, 29.62, 13.04
4.20, 60, black car, 1163.92, 528.56, 1193.43, 540.37, 1178.67, 534.46, 1163.92, 534.46, 1193.43, 534.46, 29.52, 11.81
4.23, 11, white car, 664.56, 515.14, 693.88, 528.08, 679.22, 521.61, 664.56, 521.61, 693.88, 521.61, 29.32, 12.94
4.23, 60, black car, 1160.99, 528.66, 1190.56, 540.51, 1175.77, 534.59, 1160.99, 534.59, 1190.56, 534.59, 29.57, 11.85
4.27, 11, white car, 662.18, 514.97, 691.28, 527.85, 676.73, 521.41, 662.18, 521.41, 691.28, 521.41, 29.10, 12.89
4.27, 60, black car, 1158.31, 528.46, 1188.42, 540.53, 1173.36, 534.50, 1158.31, 534.50, 1188.42, 534.50, 30.11, 12.07
4.30, 11, white car, 659.51, 514.91, 688.36, 527.70, 673.94, 521.31, 659.51, 521.31, 688.36, 521.31, 28.85, 12.79
4.30, 60, black car, 1155.62, 528.41, 1186.04, 540.62, 1170.83, 534.51, 1155.62, 534.51, 1186.04, 534.51, 30.42, 12.21
4.33, 11, white car, 656.54, 514.58, 685.53, 527.46, 671.04, 521.02, 656.54, 521.02, 685.53, 521.02, 28.99, 12.87
4.33, 60, black car, 1153.20, 528.44, 1183.58, 540.64, 1168.39, 534.54, 1153.20, 534.54, 1183.58, 534.54, 30.38, 12.20
4.37, 11, white car, 653.47, 514.34, 682.74, 527.34, 668.10, 520.84, 653.47, 520.84, 682.74, 520.84, 29.27, 13.00
4.37, 60, black car, 1150.29, 528.50, 1180.52, 540.70, 1165.41, 534.60, 1150.29, 534.60, 1180.52, 534.60, 30.24, 12.20
4.40, 11, white car, 651.02, 514.20, 679.79, 526.96, 665.41, 520.58, 651.02, 520.58, 679.79, 520.58, 28.78, 12.76
4.40, 60, black car, 1147.82, 528.39, 1177.67, 540.51, 1162.74, 534.45, 1147.82, 534.45, 1177.67, 534.45, 29.86, 12.12
4.43, 11, white car, 648.11, 513.81, 676.90, 526.56, 662.51, 520.18, 648.11, 520.18, 676.90, 520.18, 28.79, 12.76
4.43, 60, black car, 1145.63, 528.19, 1175.43, 540.36, 1160.53, 534.27, 1145.63, 534.27, 1175.43, 534.27, 29.79, 12.17
4.47, 11, white car, 645.56, 513.91, 673.99, 526.50, 659.77, 520.20, 645.56, 520.20, 673.99, 520.20, 28.43, 12.59
4.47, 60, black car, 1142.82, 528.12, 1172.54, 540.27, 1157.68, 534.19, 1142.82, 534.19, 1172.54, 534.19, 29.72, 12.15
4.50, 11, white car, 642.49, 513.74, 671.22, 526.48, 656.85, 520.11, 642.49, 520.11, 671.22, 520.11, 28.73, 12.74
4.50, 60, black car, 1140.14, 528.10, 1169.95, 540.28, 1155.04, 534.19, 1140.14, 534.19, 1169.95, 534.19, 29.81, 12.18
4.53, 11, white car, 639.69, 513.38, 668.82, 526.35, 654.26, 519.86, 639.69, 519.86, 668.82, 519.86, 29.13, 12.97
4.53, 60, black car, 1137.42, 528.00, 1166.95, 540.09, 1152.19, 534.05, 1137.42, 534.05, 1166.95, 534.05, 29.53, 12.09
4.57, 11, white car, 637.36, 513.26, 666.40, 526.24, 651.88, 519.75, 637.36, 519.75, 666.40, 519.75, 29.04, 12.98
4.57, 60, black car, 1134.85, 527.93, 1164.47, 540.05, 1149.66, 533.99, 1134.85, 533.99, 1164.47, 533.99, 29.61, 12.12
4.60, 11, white car, 634.91, 513.17, 663.34, 525.90, 649.12, 519.54, 634.91, 519.54, 663.34, 519.54, 28.43, 12.73
4.60, 60, black car, 1132.14, 527.73, 1161.98, 539.99, 1147.06, 533.86, 1132.14, 533.86, 1161.98, 533.86, 29.84, 12.25
4.63, 11, white car, 632.02, 513.05, 660.39, 525.71, 646.21, 519.38, 632.02, 519.38, 660.39, 519.38, 28.37, 12.67
4.63, 60, black car, 1129.76, 527.49, 1159.47, 539.71, 1144.61, 533.60, 1129.76, 533.60, 1159.47, 533.60, 29.71, 12.23
4.67, 11, white car, 628.69, 512.76, 657.40, 525.59, 643.04, 519.18, 628.69, 519.18, 657.40, 519.18, 28.71, 12.84
4.67, 60, black car, 1126.70, 527.35, 1156.34, 539.51, 1141.52, 533.43, 1126.70, 533.43, 1156.34, 533.43, 29.64, 12.16
4.70, 11, white car, 625.90, 512.65, 654.52, 525.43, 640.21, 519.04, 625.90, 519.04, 654.52, 519.04, 28.62, 12.78
4.70, 60, black car, 1124.45, 527.55, 1153.34, 539.37, 1138.89, 533.46, 1124.45, 533.46, 1153.34, 533.46, 28.89, 11.82
4.73, 11, white car, 623.00, 512.36, 651.05, 524.86, 637.03, 518.61, 623.00, 518.61, 651.05, 518.61, 28.05, 12.50
4.73, 60, black car, 1121.87, 527.52, 1150.89, 539.43, 1136.38, 533.48, 1121.87, 533.48, 1150.89, 533.48, 29.03, 11.91
4.77, 11, white car, 620.15, 512.21, 648.01, 524.63, 634.08, 518.42, 620.15, 518.42, 648.01, 518.42, 27.86, 12.42
4.77, 60, black car, 1119.89, 527.66, 1148.85, 539.57, 1134.37, 533.62, 1119.89, 533.62, 1148.85, 533.62, 28.96, 11.91
4.80, 11, white car, 617.50, 512.03, 645.37, 524.44, 631.44, 518.23, 617.50, 518.23, 645.37, 518.23, 27.87, 12.41
4.80, 60, black car, 1117.58, 527.85, 1145.94, 539.52, 1131.76, 533.68, 1117.58, 533.68, 1145.94, 533.68, 28.36, 11.67
4.83, 11, white car, 614.82, 512.03, 642.89, 524.53, 628.85, 518.28, 614.82, 518.28, 642.89, 518.28, 28.07, 12.50
4.83, 60, black car, 1114.97, 527.81, 1143.08, 539.32, 1129.02, 533.57, 1114.97, 533.57, 1143.08, 533.57, 28.11, 11.51
4.87, 11, white car, 612.35, 511.98, 640.63, 524.55, 626.49, 518.27, 612.35, 518.27, 640.63, 518.27, 28.28, 12.57
4.87, 36, white car, 1407.79, 527.34, 1440.02, 540.40, 1423.90, 533.87, 1407.79, 533.87, 1440.02, 533.87, 32.23, 13.05
4.87, 60, black car, 1111.84, 527.58, 1139.95, 539.05, 1125.89, 533.32, 1111.84, 533.32, 1139.95, 533.32, 28.11, 11.47
4.90, 11, white car, 609.99, 511.78, 638.04, 524.24, 624.01, 518.01, 609.99, 518.01, 638.04, 518.01, 28.05, 12.46
4.90, 36, white car, 1404.49, 527.10, 1437.52, 540.54, 1421.01, 533.82, 1404.49, 533.82, 1437.52, 533.82, 33.03, 13.44
4.90, 60, black car, 1109.30, 527.40, 1137.21, 538.79, 1123.26, 533.10, 1109.30, 533.10, 1137.21, 533.10, 27.91, 11.39
4.93, 11, white car, 607.18, 511.66, 635.03, 524.00, 621.11, 517.83, 607.18, 517.83, 635.03, 517.83, 27.85, 12.34
4.93, 36, white car, 1401.10, 527.17, 1434.64, 540.88, 1417.87, 534.02, 1401.10, 534.02, 1434.64, 534.02, 33.54, 13.71
4.93, 60, black car, 1106.55, 527.15, 1134.79, 538.68, 1120.67, 532.92, 1106.55, 532.92, 1134.79, 532.92, 28.24, 11.53
4.97, 11, white car, 603.77, 510.99, 632.34, 523.63, 618.06, 517.31, 603.77, 517.31, 632.34, 517.31, 28.56, 12.64
4.97, 36, white car, 1398.38, 527.12, 1431.75, 540.81, 1415.06, 533.96, 1398.38, 533.96, 1431.75, 533.96, 33.37, 13.69
4.97, 60, black car, 1103.93, 527.03, 1132.49, 538.71, 1118.21, 532.87, 1103.93, 532.87, 1132.49, 532.87, 28.56, 11.68
5.00, 11, white car, 600.73, 510.85, 629.29, 523.48, 615.01, 517.16, 600.73, 517.16, 629.29, 517.16, 28.55, 12.62
5.00, 36, white car, 1395.40, 527.17, 1428.70, 540.87, 1412.05, 534.02, 1395.40, 534.02, 1428.70, 534.02, 33.29, 13.70
5.00, 60, black car, 1101.29, 527.17, 1129.32, 538.61, 1115.30, 532.89, 1101.29, 532.89, 1129.32, 532.89, 28.03, 11.44
5.03, 11, white car, 598.17, 510.77, 626.75, 523.37, 612.46, 517.07, 598.17, 517.07, 626.75, 517.07, 28.58, 12.60
5.03, 36, white car, 1392.56, 527.16, 1425.46, 540.72, 1409.01, 533.94, 1392.56, 533.94, 1425.46, 533.94, 32.90, 13.56
5.07, 11, white car, 595.78, 510.51, 624.08, 522.94, 609.93, 516.73, 595.78, 516.73, 624.08, 516.73, 28.30, 12.44
5.07, 36, white car, 1389.93, 527.19, 1422.60, 540.70, 1406.27, 533.95, 1389.93, 533.95, 1422.60, 533.95, 32.68, 13.51
5.07, 60, black car, 1095.82, 526.99, 1124.20, 538.56, 1110.01, 532.78, 1095.82, 532.78, 1124.20, 532.78, 28.38, 11.57
5.10, 11, white car, 592.45, 510.51, 621.38, 523.23, 606.92, 516.87, 592.45, 516.87, 621.38, 516.87, 28.93, 12.72
5.10, 36, white car, 1386.60, 527.30, 1419.74, 541.06, 1403.17, 534.18, 1386.60, 534.18, 1419.74, 534.18, 33.14, 13.75
5.13, 11, white car, 589.48, 510.29, 618.47, 523.06, 603.98, 516.67, 589.48, 516.67, 618.47, 516.67, 28.99, 12.76
5.13, 36, white car, 1383.55, 527.67, 1416.48, 541.35, 1400.01, 534.51, 1383.55, 534.51, 1416.48, 534.51, 32.93, 13.69
5.13, 60, black car, 1089.96, 527.06, 1119.21, 539.05, 1104.59, 533.06, 1089.96, 533.06, 1119.21, 533.06, 29.24, 11.99
5.17, 11, white car, 586.61, 510.22, 615.81, 523.07, 601.21, 516.65, 586.61, 516.65, 615.81, 516.65, 29.20, 12.85
5.17, 36, white car, 1380.62, 528.02, 1413.12, 541.54, 1396.87, 534.78, 1380.62, 534.78, 1413.12, 534.78, 32.51, 13.52
5.17, 60, black car, 1088.20, 527.08, 1117.03, 538.94, 1102.62, 533.01, 1088.20, 533.01, 1117.03, 533.01, 28.83, 11.86
5.20, 11, white car, 584.01, 510.03, 613.66, 523.09, 598.84, 516.56, 584.01, 516.56, 613.66, 516.56, 29.65, 13.06
5.20, 36, white car, 1377.77, 528.06, 1410.13, 541.53, 1393.95, 534.79, 1377.77, 534.79, 1410.13, 534.79, 32.37, 13.47
5.23, 11, white car, 581.72, 509.86, 610.92, 522.72, 596.32, 516.29, 581.72, 516.29, 610.92, 516.29, 29.20, 12.86
5.23, 36, white car, 1374.68, 528.26, 1406.92, 541.68, 1390.80, 534.97, 1374.68, 534.97, 1406.92, 534.97, 32.24, 13.42
5.27, 11, white car, 578.52, 509.35, 608.20, 522.51, 593.36, 515.93, 578.52, 515.93, 608.20, 515.93, 29.68, 13.16
5.27, 36, white car, 1372.06, 528.18, 1404.08, 541.50, 1388.07, 534.84, 1372.06, 534.84, 1404.08, 534.84, 32.02, 13.33
5.30, 11, white car, 575.28, 508.98, 605.18, 522.32, 590.23, 515.65, 575.28, 515.65, 605.18, 515.65, 29.91, 13.35
5.30, 36, white car, 1369.18, 528.37, 1400.80, 541.52, 1384.99, 534.94, 1369.18, 534.94, 1400.80, 534.94, 31.62, 13.15
5.33, 11, white car, 572.41, 508.72, 602.45, 522.19, 587.43, 515.46, 572.41, 515.46, 602.45, 515.46, 30.04, 13.47
5.33, 36, white car, 1366.05, 528.35, 1397.79, 541.53, 1381.92, 534.94, 1366.05, 534.94, 1397.79, 534.94, 31.74, 13.17
5.37, 11, white car, 569.76, 508.50, 599.94, 522.09, 584.85, 515.29, 569.76, 515.29, 599.94, 515.29, 30.19, 13.59
5.37, 36, white car, 1363.33, 528.31, 1394.97, 541.44, 1379.15, 534.87, 1363.33, 534.87, 1394.97, 534.87, 31.64, 13.13
5.40, 11, white car, 567.43, 508.19, 597.55, 521.78, 582.49, 514.99, 567.43, 514.99, 597.55, 514.99, 30.12, 13.59
5.40, 36, white car, 1360.22, 528.29, 1392.05, 541.52, 1376.13, 534.91, 1360.22, 534.91, 1392.05, 534.91, 31.83, 13.23
5.40, 60, black car, 1068.03, 526.55, 1097.87, 538.88, 1082.95, 532.72, 1068.03, 532.72, 1097.87, 532.72, 29.84, 12.34
5.43, 11, white car, 564.97, 508.34, 594.66, 521.75, 579.81, 515.05, 564.97, 515.05, 594.66, 515.05, 29.69, 13.41
5.43, 36, white car, 1357.18, 528.11, 1389.28, 541.45, 1373.23, 534.78, 1357.18, 534.78, 1389.28, 534.78, 32.11, 13.34
5.43, 60, black car, 1065.18, 526.54, 1095.25, 539.05, 1080.21, 532.80, 1065.18, 532.80, 1095.25, 532.80, 30.07, 12.51
5.47, 11, white car, 562.35, 508.36, 591.54, 521.54, 576.95, 514.95, 562.35, 514.95, 591.54, 514.95, 29.19, 13.18
5.47, 36, white car, 1354.07, 528.23, 1385.95, 541.47, 1370.01, 534.85, 1354.07, 534.85, 1385.95, 534.85, 31.88, 13.24
5.47, 60, black car, 1062.46, 526.41, 1093.30, 539.32, 1077.88, 532.87, 1062.46, 532.87, 1093.30, 532.87, 30.84, 12.91
5.50, 11, white car, 559.81, 508.06, 588.94, 521.21, 574.38, 514.63, 559.81, 514.63, 588.94, 514.63, 29.14, 13.15
5.50, 36, white car, 1350.95, 527.96, 1383.41, 541.44, 1367.18, 534.70, 1350.95, 534.70, 1383.41, 534.70, 32.46, 13.48
5.50, 60, black car, 1060.34, 526.33, 1091.39, 539.41, 1075.86, 532.87, 1060.34, 532.87, 1091.39, 532.87, 31.05, 13.09
5.53, 11, white car, 556.76, 507.99, 586.04, 521.21, 571.40, 514.60, 556.76, 514.60, 586.04, 514.60, 29.28, 13.22
5.53, 36, white car, 1348.09, 528.08, 1380.24, 541.47, 1364.16, 534.78, 1348.09, 534.78, 1380.24, 534.78, 32.15, 13.39
5.53, 60, black car, 1058.28, 526.26, 1088.74, 539.15, 1073.51, 532.71, 1058.28, 532.71, 1088.74, 532.71, 30.46, 12.89
5.57, 11, white car, 553.84, 507.84, 583.45, 521.21, 568.64, 514.53, 553.84, 514.53, 583.45, 514.53, 29.61, 13.36
5.57, 36, white car, 1345.24, 528.14, 1377.55, 541.62, 1361.40, 534.88, 1345.24, 534.88, 1377.55, 534.88, 32.32, 13.48
5.57, 60, black car, 1055.73, 526.50, 1085.48, 539.14, 1070.60, 532.82, 1055.73, 532.82, 1085.48, 532.82, 29.75, 12.64
5.60, 11, white car, 551.04, 507.58, 580.51, 520.88, 565.77, 514.23, 551.04, 514.23, 580.51, 514.23, 29.47, 13.30
5.60, 36, white car, 1342.28, 528.00, 1374.84, 541.60, 1358.56, 534.80, 1342.28, 534.80, 1374.84, 534.80, 32.56, 13.60
5.60, 60, black car, 1052.79, 526.28, 1082.78, 539.09, 1067.78, 532.69, 1052.79, 532.69, 1082.78, 532.69, 29.99, 12.80
5.63, 11, white car, 548.45, 507.35, 578.03, 520.73, 563.24, 514.04, 548.45, 514.04, 578.03, 514.04, 29.58, 13.38
5.63, 36, white car, 1339.36, 528.39, 1371.74, 541.91, 1355.55, 535.15, 1339.36, 535.15, 1371.74, 535.15, 32.38, 13.53
5.63, 60, black car, 1050.23, 526.37, 1080.56, 539.36, 1065.39, 532.87, 1050.23, 532.87, 1080.56, 532.87, 30.33, 13.00
5.67, 11, white car, 545.72, 507.12, 575.35, 520.51, 560.53, 513.81, 545.72, 513.81, 575.35, 513.81, 29.63, 13.39
5.67, 36, white car, 1336.44, 528.31, 1369.19, 542.01, 1352.81, 535.16, 1336.44, 535.16, 1369.19, 535.16, 32.75, 13.71
5.67, 60, black car, 1047.53, 526.23, 1078.24, 539.46, 1062.89, 532.84, 1047.53, 532.84, 1078.24, 532.84, 30.72, 13.23
5.70, 11, white car, 542.68, 506.86, 572.61, 520.42, 557.64, 513.64, 542.68, 513.64, 572.61, 513.64, 29.93, 13.56
5.70, 36, white car, 1333.31, 528.34, 1366.17, 542.14, 1349.74, 535.24, 1333.31, 535.24, 1366.17, 535.24, 32.86, 13.80
5.70, 60, black car, 1045.02, 525.88, 1075.65, 539.13, 1060.34, 532.51, 1045.02, 532.51, 1075.65, 532.51, 30.63, 13.25
5.73, 11, white car, 539.57, 506.71, 569.97, 520.50, 554.77, 513.60, 539.57, 513.60, 569.97, 513.60, 30.40, 13.80
5.73, 36, white car, 1330.21, 528.31, 1363.02, 542.15, 1346.61, 535.23, 1330.21, 535.23, 1363.02, 535.23, 32.81, 13.85
5.73, 60, black car, 1042.59, 526.02, 1072.60, 539.04, 1057.60, 532.53, 1042.59, 532.53, 1072.60, 532.53, 30.01, 13.02
5.77, 11, white car, 537.18, 506.81, 567.42, 520.51, 552.30, 513.66, 537.18, 513.66, 567.42, 513.66, 30.24, 13.71
5.77, 36, white car, 1327.63, 528.35, 1360.22, 542.13, 1343.92, 535.24, 1327.63, 535.24, 1360.22, 535.24, 32.59, 13.79
5.77, 60, black car, 1039.97, 526.09, 1069.67, 539.01, 1054.82, 532.55, 1039.97, 532.55, 1069.67, 532.55, 29.69, 12.92
5.80, 11, white car, 534.88, 506.80, 564.54, 520.24, 549.71, 513.52, 534.88, 513.52, 564.54, 513.52, 29.66, 13.44
5.80, 36, white car, 1325.26, 528.61, 1357.32, 542.16, 1341.29, 535.38, 1325.26, 535.38, 1357.32, 535.38, 32.06, 13.56
5.80, 60, black car, 1037.64, 526.47, 1066.70, 539.14, 1052.17, 532.81, 1037.64, 532.81, 1066.70, 532.81, 29.06, 12.68
5.83, 11, white car, 532.23, 506.75, 561.57, 520.03, 546.90, 513.39, 532.23, 513.39, 561.57, 513.39, 29.34, 13.28
5.83, 36, white car, 1322.27, 528.55, 1354.51, 542.15, 1338.39, 535.35, 1322.27, 535.35, 1354.51, 535.35, 32.24, 13.60
5.83, 60, black car, 1034.87, 526.51, 1064.03, 539.26, 1049.45, 532.88, 1034.87, 532.88, 1064.03, 532.88, 29.17, 12.75
5.87, 11, white car, 529.24, 506.45, 558.83, 519.87, 544.04, 513.16, 529.24, 513.16, 558.83, 513.16, 29.59, 13.42
5.87, 21, white car, 1142.69, 537.17, 1171.08, 548.59, 1156.89, 542.88, 1142.69, 542.88, 1171.08, 542.88, 28.39, 11.42
5.87, 36, white car, 1319.40, 528.62, 1351.58, 542.18, 1335.49, 535.40, 1319.40, 535.40, 1351.58, 535.40, 32.18, 13.56
5.87, 60, black car, 1032.41, 526.66, 1061.38, 539.34, 1046.90, 533.00, 1032.41, 533.00, 1061.38, 533.00, 28.97, 12.68
5.90, 11, white car, 526.51, 506.27, 556.18, 519.73, 541.35, 513.00, 526.51, 513.00, 556.18, 513.00, 29.67, 13.46
5.90, 21, white car, 1141.18, 537.08, 1169.17, 548.30, 1155.17, 542.69, 1141.18, 542.69, 1169.17, 542.69, 27.98, 11.22
5.90, 36, white car, 1316.49, 528.39, 1348.78, 542.02, 1332.64, 535.21, 1316.49, 535.21, 1348.78, 535.21, 32.29, 13.62
5.90, 60, black car, 1029.89, 526.92, 1057.97, 539.17, 1043.93, 533.04, 1029.89, 533.04, 1057.97, 533.04, 28.08, 12.26
5.93, 11, white car, 523.50, 505.95, 553.69, 519.69, 538.60, 512.82, 523.50, 512.82, 553.69, 512.82, 30.19, 13.73
5.93, 21, white car, 1139.63, 536.78, 1167.71, 548.02, 1153.67, 542.40, 1139.63, 542.40, 1167.71, 542.40, 28.08, 11.24
5.93, 36, white car, 1313.61, 528.46, 1345.92, 542.10, 1329.76, 535.28, 1313.61, 535.28, 1345.92, 535.28, 32.31, 13.64
5.93, 60, black car, 1027.34, 527.25, 1054.86, 539.21, 1041.10, 533.23, 1027.34, 533.23, 1054.86, 533.23, 27.51, 11.96
5.97, 11, white car, 520.78, 505.60, 551.22, 519.49, 536.00, 512.55, 520.78, 512.55, 551.22, 512.55, 30.43, 13.89
5.97, 21, white car, 1137.70, 536.61, 1165.76, 547.83, 1151.73, 542.22, 1137.70, 542.22, 1165.76, 542.22, 28.06, 11.22
5.97, 36, white car, 1310.83, 528.55, 1343.27, 542.26, 1327.05, 535.40, 1310.83, 535.40, 1343.27, 535.40, 32.44, 13.71
5.97, 60, black car, 1024.56, 527.35, 1052.11, 539.29, 1038.34, 533.32, 1024.56, 533.32, 1052.11, 533.32, 27.55, 11.94
6.00, 11, white car, 517.86, 505.41, 548.38, 519.37, 533.12, 512.39, 517.86, 512.39, 548.38, 512.39, 30.52, 13.96
6.00, 21, white car, 1135.63, 536.46, 1163.85, 547.77, 1149.74, 542.12, 1135.63, 542.12, 1163.85, 542.12, 28.22, 11.31
6.00, 36, white car, 1308.04, 528.56, 1340.48, 542.26, 1324.26, 535.41, 1308.04, 535.41, 1340.48, 535.41, 32.43, 13.70
6.00, 60, black car, 1021.70, 527.13, 1049.68, 539.25, 1035.69, 533.19, 1021.70, 533.19, 1049.68, 533.19, 27.98, 12.11
6.03, 21, white car, 1133.79, 536.24, 1162.39, 547.74, 1148.09, 541.99, 1133.79, 541.99, 1162.39, 541.99, 28.60, 11.50
6.03, 36, white car, 1305.48, 528.50, 1337.55, 542.07, 1321.52, 535.29, 1305.48, 535.29, 1337.55, 535.29, 32.07, 13.58
6.03, 60, black car, 1019.23, 527.06, 1047.62, 539.34, 1033.43, 533.20, 1019.23, 533.20, 1047.62, 533.20, 28.39, 12.27
6.07, 21, white car, 1132.21, 536.13, 1160.87, 547.68, 1146.54, 541.90, 1132.21, 541.90, 1160.87, 541.90, 28.66, 11.54
6.07, 36, white car, 1302.59, 528.35, 1334.80, 542.00, 1318.69, 535.18, 1302.59, 535.18, 1334.80, 535.18, 32.21, 13.66
6.07, 60, black car, 1016.92, 527.15, 1045.16, 539.32, 1031.04, 533.24, 1016.92, 533.24, 1045.16, 533.24, 28.24, 12.17
6.10, 21, white car, 1130.72, 536.23, 1159.01, 547.61, 1144.86, 541.92, 1130.72, 541.92, 1159.01, 541.92, 28.28, 11.38
6.10, 36, white car, 1299.81, 528.82, 1331.31, 542.16, 1315.56, 535.49, 1299.81, 535.49, 1331.31, 535.49, 31.50, 13.34
6.10, 60, black car, 1014.57, 527.41, 1042.61, 539.43, 1028.59, 533.42, 1014.57, 533.42, 1042.61, 533.42, 28.04, 12.02
6.13, 21, white car, 1128.79, 536.11, 1157.27, 547.58, 1143.03, 541.85, 1128.79, 541.85, 1157.27, 541.85, 28.48, 11.47
6.13, 36, white car, 1297.03, 529.01, 1328.22, 542.23, 1312.62, 535.62, 1297.03, 535.62, 1328.22, 535.62, 31.19, 13.22
6.13, 60, black car, 1011.51, 527.20, 1039.84, 539.30, 1025.67, 533.25, 1011.51, 533.25, 1039.84, 533.25, 28.33, 12.11
6.17, 21, white car, 1126.97, 536.10, 1155.52, 547.62, 1141.25, 541.86, 1126.97, 541.86, 1155.52, 541.86, 28.56, 11.52
6.17, 36, white car, 1294.40, 529.18, 1325.26, 542.24, 1309.83, 535.71, 1294.40, 535.71, 1325.26, 535.71, 30.87, 13.06
6.17, 60, black car, 1009.02, 527.24, 1037.34, 539.32, 1023.18, 533.28, 1009.02, 533.28, 1037.34, 533.28, 28.32, 12.09
6.20, 21, white car, 1125.30, 536.05, 1153.98, 547.62, 1139.64, 541.83, 1125.30, 541.83, 1153.98, 541.83, 28.68, 11.57
6.20, 36, white car, 1291.37, 529.41, 1322.38, 542.53, 1306.87, 535.97, 1291.37, 535.97, 1322.38, 535.97, 31.01, 13.12
6.20, 60, black car, 1006.30, 527.18, 1034.62, 539.26, 1020.46, 533.22, 1006.30, 533.22, 1034.62, 533.22, 28.33, 12.08
6.23, 21, white car, 1123.50, 535.90, 1152.24, 547.51, 1137.87, 541.70, 1123.50, 541.70, 1152.24, 541.70, 28.74, 11.62
6.23, 36, white car, 1288.61, 529.36, 1319.66, 542.49, 1304.13, 535.93, 1288.61, 535.93, 1319.66, 535.93, 31.05, 13.13
6.23, 60, black car, 1003.48, 527.12, 1031.76, 539.16, 1017.62, 533.14, 1003.48, 533.14, 1031.76, 533.14, 28.28, 12.04
6.27, 21, white car, 1121.81, 535.85, 1150.61, 547.52, 1136.21, 541.68, 1121.81, 541.68, 1150.61, 541.68, 28.79, 11.66
6.27, 36, white car, 1285.90, 529.75, 1316.64, 542.76, 1301.27, 536.25, 1285.90, 536.25, 1316.64, 536.25, 30.74, 13.01
6.27, 60, black car, 1000.80, 527.29, 1028.64, 539.07, 1014.72, 533.18, 1000.80, 533.18, 1028.64, 533.18, 27.85, 11.78
6.30, 21, white car, 1120.08, 535.70, 1149.11, 547.51, 1134.60, 541.61, 1120.08, 541.61, 1149.11, 541.61, 29.03, 11.82
6.30, 36, white car, 1283.07, 529.77, 1313.75, 542.78, 1298.41, 536.28, 1283.07, 536.28, 1313.75, 536.28, 30.68, 13.01
6.30, 60, black car, 998.30, 527.20, 1025.76, 538.80, 1012.03, 533.00, 998.30, 533.00, 1025.76, 533.00, 27.46, 11.60
6.30, 11, white car, 494.04, 504.12, 523.45, 517.58, 508.75, 510.85, 494.04, 510.85, 523.45, 510.85, 29.41, 13.46
6.33, 36, white car, 1280.41, 529.86, 1311.17, 542.93, 1295.79, 536.40, 1280.41, 536.40, 1311.17, 536.40, 30.76, 13.06
6.33, 60, black car, 995.44, 526.91, 1023.65, 538.85, 1009.55, 532.88, 995.44, 532.88, 1023.65, 532.88, 28.21, 11.94
6.33, 11, white car, 490.99, 504.06, 520.37, 517.50, 505.68, 510.78, 490.99, 510.78, 520.37, 510.78, 29.38, 13.44
6.37, 36, white car, 1277.99, 529.71, 1309.11, 542.94, 1293.55, 536.33, 1277.99, 536.33, 1309.11, 536.33, 31.12, 13.24
6.37, 60, black car, 992.74, 526.63, 1021.53, 538.85, 1007.14, 532.74, 992.74, 532.74, 1021.53, 532.74, 28.80, 12.22
6.37, 11, white car, 488.39, 503.98, 517.31, 517.18, 502.85, 510.58, 488.39, 510.58, 517.31, 510.58, 28.92, 13.21
6.40, 36, white car, 1275.20, 529.63, 1306.42, 542.94, 1290.81, 536.28, 1275.20, 536.28, 1306.42, 536.28, 31.22, 13.31
6.40, 60, black car, 989.93, 526.69, 1019.00, 539.03, 1004.47, 532.86, 989.93, 532.86, 1019.00, 532.86, 29.07, 12.34
6.40, 11, white car, 486.07, 503.84, 514.95, 517.01, 500.51, 510.43, 486.07, 510.43, 514.95, 510.43, 28.87, 13.16
6.43, 36, white car, 1272.66, 529.72, 1303.61, 542.91, 1288.14, 536.31, 1272.66, 536.31, 1303.61, 536.31, 30.95, 13.19
6.43, 60, black car, 987.51, 526.83, 1016.52, 539.14, 1002.01, 532.98, 987.51, 532.98, 1016.52, 532.98, 29.01, 12.31
6.43, 11, white car, 483.41, 503.68, 512.28, 516.86, 497.84, 510.27, 483.41, 510.27, 512.28, 510.27, 28.86, 13.19
6.47, 36, white car, 1269.86, 529.68, 1300.63, 542.78, 1285.25, 536.23, 1269.86, 536.23, 1300.63, 536.23, 30.77, 13.10
6.47, 60, black car, 984.69, 526.95, 1013.47, 539.16, 999.08, 533.05, 984.69, 533.05, 1013.47, 533.05, 28.78, 12.21
6.47, 11, white car, 481.08, 503.57, 509.67, 516.64, 495.37, 510.11, 481.08, 510.11, 509.67, 510.11, 28.59, 13.07
6.50, 36, white car, 1267.16, 529.61, 1298.08, 542.78, 1282.62, 536.19, 1267.16, 536.19, 1298.08, 536.19, 30.92, 13.17
6.50, 60, black car, 982.35, 526.88, 1011.30, 539.17, 996.82, 533.02, 982.35, 533.02, 1011.30, 533.02, 28.95, 12.29
6.50, 11, white car, 478.26, 503.39, 507.10, 516.56, 492.68, 509.98, 478.26, 509.98, 507.10, 509.98, 28.84, 13.17
6.53, 36, white car, 1264.45, 529.66, 1295.48, 542.89, 1279.97, 536.27, 1264.45, 536.27, 1295.48, 536.27, 31.03, 13.23
6.53, 60, black car, 979.84, 526.77, 1008.97, 539.11, 994.40, 532.94, 979.84, 532.94, 1008.97, 532.94, 29.12, 12.35
6.53, 11, white car, 475.46, 503.20, 504.26, 516.30, 489.86, 509.75, 475.46, 509.75, 504.26, 509.75, 28.80, 13.11
6.57, 36, white car, 1261.73, 529.71, 1293.07, 543.10, 1277.40, 536.40, 1261.73, 536.40, 1293.07, 536.40, 31.35, 13.38
6.57, 60, black car, 977.67, 526.77, 1006.13, 538.83, 991.90, 532.80, 977.67, 532.80, 1006.13, 532.80, 28.46, 12.06
6.57, 11, white car, 472.82, 502.80, 502.03, 516.12, 487.43, 509.46, 472.82, 509.46, 502.03, 509.46, 29.21, 13.32
6.60, 36, white car, 1258.84, 529.72, 1290.47, 543.25, 1274.65, 536.49, 1258.84, 536.49, 1290.47, 536.49, 31.63, 13.53
6.60, 60, black car, 975.00, 526.97, 1002.93, 538.76, 988.96, 532.86, 975.00, 532.86, 1002.93, 532.86, 27.93, 11.79
6.60, 11, white car, 470.12, 502.39, 499.53, 515.81, 484.83, 509.10, 470.12, 509.10, 499.53, 509.10, 29.41, 13.41
6.63, 36, white car, 1256.17, 529.74, 1287.60, 543.21, 1271.88, 536.48, 1256.17, 536.48, 1287.60, 536.48, 31.43, 13.47
6.63, 60, black car, 972.63, 526.98, 1000.45, 538.67, 986.54, 532.83, 972.63, 532.83, 1000.45, 532.83, 27.82, 11.69
6.63, 11, white car, 467.76, 502.12, 496.94, 515.41, 482.35, 508.76, 467.76, 508.76, 496.94, 508.76, 29.17, 13.29
6.67, 36, white car, 1253.54, 529.71, 1284.78, 543.11, 1269.16, 536.41, 1253.54, 536.41, 1284.78, 536.41, 31.25, 13.40
6.67, 60, black car, 969.80, 527.20, 997.36, 538.73, 983.58, 532.96, 969.80, 532.96, 997.36, 532.96, 27.56, 11.53
6.67, 11, white car, 464.97, 501.63, 494.41, 515.01, 479.69, 508.32, 464.97, 508.32, 494.41, 508.32, 29.44, 13.38
6.70, 36, white car, 1251.27, 529.97, 1282.11, 543.19, 1266.69, 536.58, 1251.27, 536.58, 1282.11, 536.58, 30.84, 13.22
6.70, 60, black car, 966.89, 527.01, 995.46, 538.97, 981.18, 532.99, 966.89, 532.99, 995.46, 532.99, 28.57, 11.96
6.70, 11, white car, 462.41, 501.70, 491.62, 514.97, 477.02, 508.33, 462.41, 508.33, 491.62, 508.33, 29.21, 13.27
6.73, 36, white car, 1248.86, 530.08, 1279.33, 543.13, 1264.10, 536.60, 1248.86, 536.60, 1279.33, 536.60, 30.47, 13.04
6.73, 60, black car, 964.32, 526.96, 993.07, 538.98, 978.70, 532.97, 964.32, 532.97, 993.07, 532.97, 28.74, 12.02
6.73, 11, white car, 459.51, 501.55, 488.67, 514.81, 474.09, 508.18, 459.51, 508.18, 488.67, 508.18, 29.16, 13.26
6.77, 36, white car, 1245.97, 529.98, 1276.64, 543.10, 1261.31, 536.54, 1245.97, 536.54, 1276.64, 536.54, 30.67, 13.12
6.77, 60, black car, 961.50, 526.70, 990.15, 538.67, 975.83, 532.68, 961.50, 532.68, 990.15, 532.68, 28.65, 11.97
6.77, 11, white car, 456.74, 501.39, 486.30, 514.80, 471.52, 508.09, 456.74, 508.09, 486.30, 508.09, 29.55, 13.41
6.80, 36, white car, 1243.49, 530.02, 1274.01, 543.06, 1258.75, 536.54, 1243.49, 536.54, 1274.01, 536.54, 30.53, 13.04
6.80, 60, black car, 959.12, 526.64, 987.74, 538.58, 973.43, 532.61, 959.12, 532.61, 987.74, 532.61, 28.63, 11.95
6.80, 11, white car, 454.36, 501.32, 483.56, 514.57, 468.96, 507.95, 454.36, 507.95, 483.56, 507.95, 29.20, 13.24
6.83, 36, white car, 1241.07, 530.15, 1271.19, 542.99, 1256.13, 536.57, 1241.07, 536.57, 1271.19, 536.57, 30.12, 12.84
6.83, 60, black car, 956.06, 526.35, 985.17, 538.49, 970.62, 532.42, 956.06, 532.42, 985.17, 532.42, 29.11, 12.13
6.83, 11, white car, 451.69, 501.21, 480.72, 514.39, 466.20, 507.80, 451.69, 507.80, 480.72, 507.80, 29.03, 13.18
6.87, 36, white car, 1238.44, 530.17, 1268.57, 542.99, 1253.51, 536.58, 1238.44, 536.58, 1268.57, 536.58, 30.12, 12.82
6.87, 60, black car, 953.51, 526.15, 982.80, 538.40, 968.15, 532.28, 953.51, 532.28, 982.80, 532.28, 29.30, 12.25
6.87, 11, white car, 448.83, 501.23, 477.77, 514.38, 463.30, 507.81, 448.83, 507.81, 477.77, 507.81, 28.94, 13.15
6.90, 36, white car, 1235.85, 530.11, 1266.23, 543.04, 1251.04, 536.57, 1235.85, 536.57, 1266.23, 536.57, 30.39, 12.92
6.90, 60, black car, 950.57, 525.96, 980.87, 538.67, 965.72, 532.31, 950.57, 532.31, 980.87, 532.31, 30.30, 12.71
6.90, 11, white car, 446.17, 501.07, 475.14, 514.24, 460.66, 507.65, 446.17, 507.65, 475.14, 507.65, 28.97, 13.17
6.93, 36, white car, 1233.24, 530.12, 1263.54, 542.98, 1248.39, 536.55, 1233.24, 536.55, 1263.54, 536.55, 30.30, 12.86
6.93, 60, black car, 948.31, 526.18, 978.44, 538.88, 963.38, 532.53, 948.31, 532.53, 978.44, 532.53, 30.13, 12.70
6.93, 11, white car, 443.17, 500.62, 472.65, 514.05, 457.91, 507.34, 443.17, 507.34, 472.65, 507.34, 29.48, 13.43
6.97, 36, white car, 1230.78, 530.13, 1261.33, 543.07, 1246.06, 536.60, 1230.78, 536.60, 1261.33, 536.60, 30.54, 12.94
6.97, 60, black car, 946.22, 526.39, 975.24, 538.62, 960.73, 532.51, 946.22, 532.51, 975.24, 532.51, 29.03, 12.22
6.97, 11, white car, 440.58, 500.31, 469.92, 513.69, 455.25, 507.00, 440.58, 507.00, 469.92, 507.00, 29.34, 13.38
7.00, 36, white car, 1228.62, 530.07, 1259.14, 542.98, 1243.88, 536.52, 1228.62, 536.52, 1259.14, 536.52, 30.52, 12.91
7.00, 60, black car, 943.90, 526.44, 972.65, 538.56, 958.28, 532.50, 943.90, 532.50, 972.65, 532.50, 28.75, 12.12
7.00, 11, white car, 438.02, 499.90, 467.17, 513.20, 452.60, 506.55, 438.02, 506.55, 467.17, 506.55, 29.15, 13.30
7.03, 36, white car, 1225.81, 530.00, 1256.32, 542.90, 1241.06, 536.45, 1225.81, 536.45, 1256.32, 536.45, 30.51, 12.89
7.03, 60, black car, 941.03, 526.40, 969.90, 538.57, 955.46, 532.49, 941.03, 532.49, 969.90, 532.49, 28.87, 12.17
7.03, 11, white car, 435.32, 499.87, 464.19, 513.02, 449.75, 506.45, 435.32, 506.45, 464.19, 506.45, 28.87, 13.15
7.07, 36, white car, 1223.32, 529.92, 1253.84, 542.79, 1238.58, 536.35, 1223.32, 536.35, 1253.84, 536.35, 30.51, 12.87
7.07, 60, black car, 938.23, 526.20, 967.64, 538.64, 952.93, 532.42, 938.23, 532.42, 967.64, 532.42, 29.41, 12.44
7.07, 11, white car, 433.09, 499.48, 461.55, 512.42, 447.32, 505.95, 433.09, 505.95, 461.55, 505.95, 28.46, 12.94
7.07, 21, white car, 1079.28, 532.34, 1107.87, 544.02, 1093.58, 538.18, 1079.28, 538.18, 1107.87, 538.18, 28.58, 11.68
7.10, 36, white car, 1220.82, 529.93, 1251.52, 542.86, 1236.17, 536.39, 1220.82, 536.39, 1251.52, 536.39, 30.69, 12.93
7.10, 60, black car, 935.36, 526.37, 964.44, 538.73, 949.90, 532.55, 935.36, 532.55, 964.44, 532.55, 29.08, 12.35
7.10, 11, white car, 430.39, 499.04, 459.39, 512.23, 444.89, 505.64, 430.39, 505.64, 459.39, 505.64, 29.00, 13.18
7.10, 21, white car, 1076.91, 532.20, 1105.23, 543.74, 1091.07, 537.97, 1076.91, 537.97, 1105.23, 537.97, 28.32, 11.54
7.13, 36, white car, 1218.11, 529.78, 1249.19, 542.87, 1233.65, 536.33, 1218.11, 536.33, 1249.19, 536.33, 31.08, 13.09
7.13, 60, black car, 933.10, 526.55, 961.33, 538.56, 947.21, 532.55, 933.10, 532.55, 961.33, 532.55, 28.23, 12.02
7.13, 11, white car, 428.12, 498.88, 456.95, 511.96, 442.53, 505.42, 428.12, 505.42, 456.95, 505.42, 28.84, 13.08
7.13, 21, white car, 1075.27, 532.20, 1103.20, 543.59, 1089.24, 537.89, 1075.27, 537.89, 1103.20, 537.89, 27.93, 11.39
7.17, 36, white car, 1215.71, 529.81, 1246.73, 542.85, 1231.22, 536.33, 1215.71, 536.33, 1246.73, 536.33, 31.03, 13.04
7.17, 60, black car, 930.52, 526.38, 958.75, 538.38, 944.63, 532.38, 930.52, 532.38, 958.75, 532.38, 28.23, 11.99
7.17, 11, white car, 425.33, 498.46, 454.10, 511.48, 439.72, 504.97, 425.33, 504.97, 454.10, 504.97, 28.77, 13.02
7.17, 21, white car, 1073.26, 532.05, 1101.25, 543.46, 1087.26, 537.76, 1073.26, 537.76, 1101.25, 537.76, 27.99, 11.41
7.20, 36, white car, 1213.23, 529.86, 1243.83, 542.72, 1228.53, 536.29, 1213.23, 536.29, 1243.83, 536.29, 30.60, 12.85
7.20, 60, black car, 928.14, 526.51, 955.99, 538.33, 942.06, 532.42, 928.14, 532.42, 955.99, 532.42, 27.85, 11.81
7.20, 11, white car, 422.40, 498.38, 451.19, 511.39, 436.80, 504.89, 422.40, 504.89, 451.19, 504.89, 28.79, 13.01
7.20, 21, white car, 1071.34, 531.90, 1099.30, 543.34, 1085.32, 537.62, 1071.34, 537.62, 1099.30, 537.62, 27.96, 11.44
7.23, 36, white car, 1210.99, 529.89, 1241.31, 542.60, 1226.15, 536.24, 1210.99, 536.24, 1241.31, 536.24, 30.32, 12.72
7.23, 60, black car, 925.16, 526.27, 953.93, 538.49, 939.54, 532.38, 925.16, 532.38, 953.93, 532.38, 28.77, 12.22
7.23, 11, white car, 419.79, 498.36, 448.36, 511.24, 434.07, 504.80, 419.79, 504.80, 448.36, 504.80, 28.57, 12.89
7.23, 21, white car, 1069.56, 531.75, 1097.75, 543.33, 1083.66, 537.54, 1069.56, 537.54, 1097.75, 537.54, 28.19, 11.58
7.27, 36, white car, 1208.34, 530.00, 1238.67, 542.69, 1223.50, 536.35, 1208.34, 536.35, 1238.67, 536.35, 30.33, 12.69
7.27, 60, black car, 921.96, 526.21, 951.51, 538.83, 936.73, 532.52, 921.96, 532.52, 951.51, 532.52, 29.55, 12.62
7.27, 11, white car, 416.83, 498.25, 445.56, 511.22, 431.20, 504.73, 416.83, 504.73, 445.56, 504.73, 28.73, 12.97
7.27, 21, white car, 1067.49, 531.79, 1096.05, 543.57, 1081.77, 537.68, 1067.49, 537.68, 1096.05, 537.68, 28.55, 11.79
7.30, 36, white car, 1205.66, 529.87, 1236.36, 542.70, 1221.01, 536.28, 1205.66, 536.28, 1236.36, 536.28, 30.70, 12.84
7.30, 60, black car, 919.30, 526.24, 949.11, 539.03, 934.21, 532.63, 919.30, 532.63, 949.11, 532.63, 29.82, 12.79
7.30, 11, white car, 414.35, 498.27, 442.93, 511.17, 428.64, 504.72, 414.35, 504.72, 442.93, 504.72, 28.59, 12.90
7.30, 21, white car, 1065.73, 531.74, 1094.12, 543.49, 1079.93, 537.61, 1065.73, 537.61, 1094.12, 537.61, 28.39, 11.75
7.33, 36, white car, 1203.48, 529.96, 1233.97, 542.69, 1218.73, 536.32, 1203.48, 536.32, 1233.97, 536.32, 30.49, 12.73
7.33, 60, black car, 917.30, 526.38, 946.43, 538.87, 931.86, 532.63, 917.30, 532.63, 946.43, 532.63, 29.13, 12.48
7.33, 11, white car, 411.96, 498.07, 440.49, 510.94, 426.23, 504.51, 411.96, 504.51, 440.49, 504.51, 28.54, 12.86
7.33, 21, white car, 1063.76, 531.32, 1092.03, 543.07, 1077.90, 537.20, 1063.76, 537.20, 1092.03, 537.20, 28.27, 11.75
7.37, 36, white car, 1200.49, 529.88, 1231.70, 542.93, 1216.09, 536.41, 1200.49, 536.41, 1231.70, 536.41, 31.21, 13.05
7.37, 60, black car, 914.82, 526.40, 943.58, 538.73, 929.20, 532.57, 914.82, 532.57, 943.58, 532.57, 28.76, 12.33
7.37, 11, white car, 409.17, 497.83, 438.08, 510.85, 423.63, 504.34, 409.17, 504.34, 438.08, 504.34, 28.91, 13.01
7.37, 21, white car, 1061.80, 531.11, 1090.13, 542.90, 1075.97, 537.00, 1061.80, 537.00, 1090.13, 537.00, 28.33, 11.79
7.40, 36, white car, 1198.18, 529.80, 1229.44, 542.90, 1213.81, 536.35, 1198.18, 536.35, 1229.44, 536.35, 31.26, 13.10
7.40, 60, black car, 911.90, 526.31, 941.22, 538.93, 926.56, 532.62, 911.90, 532.62, 941.22, 532.62, 29.32, 12.62
7.40, 11, white car, 406.58, 497.54, 435.50, 510.55, 421.04, 504.04, 406.58, 504.04, 435.50, 504.04, 28.92, 13.01
7.40, 21, white car, 1060.22, 530.72, 1088.48, 542.52, 1074.35, 536.62, 1060.22, 536.62, 1088.48, 536.62, 28.26, 11.80
7.43, 36, white car, 1195.78, 529.81, 1226.75, 542.81, 1211.27, 536.31, 1195.78, 536.31, 1226.75, 536.31, 30.97, 13.00
7.43, 60, black car, 909.52, 526.41, 938.85, 539.03, 924.18, 532.72, 909.52, 532.72, 938.85, 532.72, 29.33, 12.63
7.43, 11, white car, 403.64, 497.62, 432.48, 510.57, 418.06, 504.09, 403.64, 504.09, 432.48, 504.09, 28.84, 12.96
7.43, 21, white car, 1058.43, 530.63, 1086.21, 542.22, 1072.32, 536.43, 1058.43, 536.43, 1086.21, 536.43, 27.78, 11.59
7.47, 36, white car, 1193.14, 529.72, 1224.04, 542.68, 1208.59, 536.20, 1193.14, 536.20, 1224.04, 536.20, 30.90, 12.96
7.47, 60, black car, 907.19, 526.41, 936.46, 539.01, 921.83, 532.71, 907.19, 532.71, 936.46, 532.71, 29.27, 12.60
7.47, 11, white car, 401.07, 497.32, 430.20, 510.41, 415.64, 503.87, 401.07, 503.87, 430.20, 503.87, 29.13, 13.08
7.47, 21, white car, 1056.37, 530.61, 1084.07, 542.18, 1070.22, 536.39, 1056.37, 536.39, 1084.07, 536.39, 27.70, 11.57
7.50, 36, white car, 1190.94, 529.63, 1221.52, 542.45, 1206.23, 536.04, 1190.94, 536.04, 1221.52, 536.04, 30.58, 12.81
7.50, 60, black car, 904.59, 526.47, 933.77, 539.03, 919.18, 532.75, 904.59, 532.75, 933.77, 532.75, 29.18, 12.56
7.50, 11, white car, 398.74, 497.28, 427.39, 510.14, 413.07, 503.71, 398.74, 503.71, 427.39, 503.71, 28.65, 12.85
7.50, 21, white car, 1054.55, 530.55, 1082.22, 542.10, 1068.39, 536.32, 1054.55, 536.32, 1082.22, 536.32, 27.67, 11.55
7.53, 36, white car, 1188.48, 529.68, 1219.24, 542.57, 1203.86, 536.12, 1188.48, 536.12, 1219.24, 536.12, 30.77, 12.90
7.53, 60, black car, 902.09, 526.62, 931.04, 539.06, 916.56, 532.84, 902.09, 532.84, 931.04, 532.84, 28.95, 12.44
7.53, 11, white car, 396.30, 497.21, 424.52, 509.85, 410.41, 503.53, 396.30, 503.53, 424.52, 503.53, 28.22, 12.64
7.53, 21, white car, 1052.20, 530.35, 1080.28, 542.08, 1066.24, 536.21, 1052.20, 536.21, 1080.28, 536.21, 28.09, 11.73
7.57, 36, white car, 1186.46, 529.78, 1217.05, 542.58, 1201.75, 536.18, 1186.46, 536.18, 1217.05, 536.18, 30.58, 12.80
7.57, 60, black car, 899.65, 526.72, 928.39, 539.05, 914.02, 532.88, 899.65, 532.88, 928.39, 532.88, 28.74, 12.33
7.57, 11, white car, 393.61, 496.62, 422.07, 509.40, 407.84, 503.01, 393.61, 503.01, 422.07, 503.01, 28.46, 12.78
7.57, 21, white car, 1049.87, 530.29, 1078.14, 542.11, 1064.01, 536.20, 1049.87, 536.20, 1078.14, 536.20, 28.27, 11.82
7.60, 36, white car, 1184.18, 529.79, 1214.91, 542.67, 1199.55, 536.23, 1184.18, 536.23, 1214.91, 536.23, 30.73, 12.88
7.60, 60, black car, 896.75, 526.67, 925.70, 539.12, 911.23, 532.89, 896.75, 532.89, 925.70, 532.89, 28.94, 12.45
7.60, 11, white car, 390.59, 496.19, 419.53, 509.20, 405.06, 502.70, 390.59, 502.70, 419.53, 502.70, 28.94, 13.01
7.60, 21, white car, 1047.95, 530.19, 1076.58, 542.19, 1062.27, 536.19, 1047.95, 536.19, 1076.58, 536.19, 28.63, 12.00
7.63, 36, white car, 1182.00, 529.85, 1212.18, 542.50, 1197.09, 536.17, 1182.00, 536.17, 1212.18, 536.17, 30.18, 12.65
7.63, 60, black car, 894.29, 526.82, 922.53, 538.99, 908.41, 532.90, 894.29, 532.90, 922.53, 532.90, 28.24, 12.16
7.63, 11, white car, 388.02, 495.98, 417.19, 509.12, 402.60, 502.55, 388.02, 502.55, 417.19, 502.55, 29.18, 13.14
7.63, 21, white car, 1046.02, 530.02, 1074.69, 542.08, 1060.36, 536.05, 1046.02, 536.05, 1074.69, 536.05, 28.67, 12.06
7.67, 36, white car, 1179.49, 529.71, 1209.72, 542.37, 1194.60, 536.04, 1179.49, 536.04, 1209.72, 536.04, 30.23, 12.66
7.67, 60, black car, 891.87, 526.84, 920.32, 539.09, 906.09, 532.97, 891.87, 532.97, 920.32, 532.97, 28.45, 12.26
7.67, 11, white car, 385.25, 495.70, 414.77, 509.01, 400.01, 502.35, 385.25, 502.35, 414.77, 502.35, 29.52, 13.31
7.67, 21, white car, 1044.11, 529.84, 1072.96, 542.00, 1058.53, 535.92, 1044.11, 535.92, 1072.96, 535.92, 28.85, 12.17
7.70, 36, white car, 1177.05, 529.70, 1207.42, 542.42, 1192.23, 536.06, 1177.05, 536.06, 1207.42, 536.06, 30.37, 12.72
7.70, 60, black car, 889.21, 526.89, 917.34, 538.99, 903.28, 532.94, 889.21, 532.94, 917.34, 532.94, 28.13, 12.09
7.70, 11, white car, 382.51, 495.06, 412.41, 508.60, 397.46, 501.83, 382.51, 501.83, 412.41, 501.83, 29.90, 13.53
7.70, 21, white car, 1042.27, 529.83, 1070.84, 541.92, 1056.56, 535.88, 1042.27, 535.88, 1070.84, 535.88, 28.57, 12.09
7.73, 36, white car, 1174.42, 529.53, 1205.43, 542.51, 1189.92, 536.02, 1174.42, 536.02, 1205.43, 536.02, 31.01, 12.98
7.73, 60, black car, 886.12, 526.91, 914.65, 539.17, 900.38, 533.04, 886.12, 533.04, 914.65, 533.04, 28.54, 12.27
7.73, 11, white car, 380.12, 494.75, 410.24, 508.44, 395.18, 501.59, 380.12, 501.59, 410.24, 501.59, 30.12, 13.69
7.73, 21, white car, 1040.15, 529.75, 1068.60, 541.81, 1054.38, 535.78, 1040.15, 535.78, 1068.60, 535.78, 28.45, 12.06
7.77, 36, white car, 1172.02, 529.54, 1202.81, 542.42, 1187.42, 535.98, 1172.02, 535.98, 1202.81, 535.98, 30.79, 12.88
7.77, 60, black car, 883.08, 526.77, 912.33, 539.38, 897.70, 533.08, 883.08, 533.08, 912.33, 533.08, 29.25, 12.61
7.77, 11, white car, 377.29, 494.65, 407.37, 508.38, 392.33, 501.52, 377.29, 501.52, 407.37, 501.52, 30.08, 13.73
7.77, 21, white car, 1038.26, 529.90, 1066.47, 541.87, 1052.37, 535.89, 1038.26, 535.89, 1066.47, 535.89, 28.21, 11.97
7.80, 36, white car, 1169.78, 529.64, 1200.48, 542.50, 1185.13, 536.07, 1169.78, 536.07, 1200.48, 536.07, 30.70, 12.86
7.80, 60, black car, 880.74, 526.76, 910.12, 539.42, 895.43, 533.09, 880.74, 533.09, 910.12, 533.09, 29.38, 12.67
7.80, 11, white car, 374.62, 494.55, 404.52, 508.23, 389.57, 501.39, 374.62, 501.39, 404.52, 501.39, 29.90, 13.68
7.80, 21, white car, 1036.41, 529.85, 1064.30, 541.72, 1050.36, 535.79, 1036.41, 535.79, 1064.30, 535.79, 27.88, 11.87
7.83, 36, white car, 1167.73, 529.66, 1198.43, 542.53, 1183.08, 536.09, 1167.73, 536.09, 1198.43, 536.09, 30.70, 12.87
7.83, 60, black car, 878.34, 526.77, 907.17, 539.21, 892.76, 532.99, 878.34, 532.99, 907.17, 532.99, 28.82, 12.44
7.83, 11, white car, 372.01, 494.51, 401.62, 508.08, 386.81, 501.30, 372.01, 501.30, 401.62, 501.30, 29.61, 13.56
7.83, 21, white car, 1034.59, 529.76, 1062.39, 541.62, 1048.49, 535.69, 1034.59, 535.69, 1062.39, 535.69, 27.80, 11.86
7.87, 36, white car, 1165.28, 529.72, 1196.18, 542.69, 1180.73, 536.20, 1165.28, 536.20, 1196.18, 536.20, 30.90, 12.97
7.87, 60, black car, 876.00, 526.76, 904.29, 538.95, 890.14, 532.86, 876.00, 532.86, 904.29, 532.86, 28.29, 12.19
7.87, 11, white car, 369.79, 494.44, 398.77, 507.71, 384.28, 501.08, 369.79, 501.08, 398.77, 501.08, 28.98, 13.27
7.87, 21, white car, 1032.79, 529.76, 1060.15, 541.42, 1046.47, 535.59, 1032.79, 535.59, 1060.15, 535.59, 27.36, 11.66
7.90, 36, white car, 1163.11, 529.63, 1193.91, 542.56, 1178.51, 536.09, 1163.11, 536.09, 1193.91, 536.09, 30.80, 12.92
7.90, 11, white car, 366.97, 494.32, 396.57, 507.91, 381.77, 501.12, 366.97, 501.12, 396.57, 501.12, 29.60, 13.59
7.90, 21, white car, 1031.10, 529.61, 1058.07, 541.06, 1044.59, 535.33, 1031.10, 535.33, 1058.07, 535.33, 26.97, 11.45
7.93, 36, white car, 1160.79, 529.63, 1191.68, 542.59, 1176.24, 536.11, 1160.79, 536.11, 1191.68, 536.11, 30.88, 12.97
7.93, 11, white car, 364.54, 494.21, 394.33, 507.92, 379.43, 501.07, 364.54, 501.07, 394.33, 501.07, 29.79, 13.71
7.93, 21, white car, 1029.56, 529.66, 1056.38, 541.03, 1042.97, 535.35, 1029.56, 535.35, 1056.38, 535.35, 26.82, 11.37
7.97, 36, white car, 1158.29, 529.61, 1189.16, 542.59, 1173.72, 536.10, 1158.29, 536.10, 1189.16, 536.10, 30.87, 12.98
7.97, 11, white car, 361.93, 493.82, 392.23, 507.79, 377.08, 500.80, 361.93, 500.80, 392.23, 500.80, 30.30, 13.97
7.97, 21, white car, 1027.68, 529.65, 1054.66, 541.09, 1041.17, 535.37, 1027.68, 535.37, 1054.66, 535.37, 26.99, 11.44
7.97, 60, black car, 867.52, 526.12, 896.83, 538.79, 882.17, 532.46, 867.52, 532.46, 896.83, 532.46, 29.32, 12.67
8.00, 36, white car, 1156.01, 529.68, 1186.69, 542.61, 1171.35, 536.14, 1156.01, 536.14, 1186.69, 536.14, 30.69, 12.92
8.00, 11, white car, 359.14, 493.44, 390.16, 507.84, 374.65, 500.64, 359.14, 500.64, 390.16, 500.64, 31.02, 14.40
8.00, 21, white car, 1025.70, 529.53, 1052.86, 541.03, 1039.28, 535.28, 1025.70, 535.28, 1052.86, 535.28, 27.16, 11.51
8.00, 60, black car, 864.91, 525.93, 894.14, 538.60, 879.52, 532.27, 864.91, 532.27, 894.14, 532.27, 29.22, 12.67
8.03, 36, white car, 1153.59, 529.73, 1184.36, 542.68, 1168.98, 536.21, 1153.59, 536.21, 1184.36, 536.21, 30.76, 12.96
8.03, 11, white car, 356.46, 493.20, 387.99, 507.93, 372.23, 500.56, 356.46, 500.56, 387.99, 500.56, 31.53, 14.73
8.03, 21, white car, 1023.19, 529.34, 1051.21, 541.23, 1037.20, 535.29, 1023.19, 535.29, 1051.21, 535.29, 28.02, 11.89
8.03, 60, black car, 862.15, 525.71, 891.60, 538.52, 876.88, 532.11, 862.15, 532.11, 891.60, 532.11, 29.45, 12.81
8.07, 36, white car, 1151.51, 529.77, 1182.05, 542.65, 1166.78, 536.21, 1151.51, 536.21, 1182.05, 536.21, 30.55, 12.88
8.07, 11, white car, 353.88, 493.00, 385.01, 507.60, 369.44, 500.30, 353.88, 500.30, 385.01, 500.30, 31.13, 14.61
8.07, 21, white car, 1021.28, 529.28, 1049.27, 541.14, 1035.28, 535.21, 1021.28, 535.21, 1049.27, 535.21, 27.99, 11.86
8.10, 36, white car, 1149.28, 529.67, 1179.93, 542.61, 1164.60, 536.14, 1149.28, 536.14, 1179.93, 536.14, 30.64, 12.94
8.10, 11, white car, 351.42, 492.88, 381.98, 507.27, 366.70, 500.08, 351.42, 500.08, 381.98, 500.08, 30.57, 14.39
8.10, 21, white car, 1019.56, 529.17, 1047.58, 541.00, 1033.57, 535.09, 1019.56, 535.09, 1047.58, 535.09, 28.02, 11.83
8.13, 36, white car, 1147.23, 529.62, 1177.69, 542.48, 1162.46, 536.05, 1147.23, 536.05, 1177.69, 536.05, 30.46, 12.86
8.13, 11, white car, 349.30, 492.74, 378.93, 506.73, 364.12, 499.73, 349.30, 499.73, 378.93, 499.73, 29.62, 13.98
8.13, 21, white car, 1017.82, 529.13, 1045.59, 540.80, 1031.71, 534.96, 1017.82, 534.96, 1045.59, 534.96, 27.77, 11.67
8.13, 60, black car, 855.15, 525.54, 884.68, 538.34, 869.92, 531.94, 855.15, 531.94, 884.68, 531.94, 29.52, 12.80
8.17, 36, white car, 1145.21, 529.65, 1175.41, 542.42, 1160.31, 536.04, 1145.21, 536.04, 1175.41, 536.04, 30.20, 12.76
8.17, 11, white car, 347.02, 492.38, 376.51, 506.29, 361.76, 499.34, 347.02, 499.34, 376.51, 499.34, 29.48, 13.91
8.17, 21, white car, 1016.03, 528.95, 1044.11, 540.73, 1030.07, 534.84, 1016.03, 534.84, 1044.11, 534.84, 28.08, 11.78
8.17, 60, black car, 852.42, 525.53, 882.33, 538.47, 867.37, 532.00, 852.42, 532.00, 882.33, 532.00, 29.91, 12.94
8.20, 36, white car, 1142.90, 529.55, 1173.22, 542.37, 1158.06, 535.96, 1142.90, 535.96, 1173.22, 535.96, 30.32, 12.82
8.20, 11, white car, 344.62, 492.21, 373.92, 506.02, 359.27, 499.11, 344.62, 499.11, 373.92, 499.11, 29.30, 13.82
8.20, 21, white car, 1013.83, 528.90, 1042.01, 540.75, 1027.92, 534.83, 1013.83, 534.83, 1042.01, 534.83, 28.17, 11.84
8.20, 60, black car, 849.82, 525.54, 879.54, 538.39, 864.68, 531.96, 849.82, 531.96, 879.54, 531.96, 29.72, 12.86
8.23, 36, white car, 1140.72, 529.37, 1170.91, 542.13, 1155.81, 535.75, 1140.72, 535.75, 1170.91, 535.75, 30.20, 12.77
8.23, 11, white car, 342.19, 491.92, 371.59, 505.80, 356.89, 498.86, 342.19, 498.86, 371.59, 498.86, 29.40, 13.88
8.23, 21, white car, 1011.81, 528.74, 1039.71, 540.51, 1025.76, 534.63, 1011.81, 534.63, 1039.71, 534.63, 27.90, 11.77
8.23, 60, black car, 846.94, 525.47, 876.04, 538.03, 861.49, 531.75, 846.94, 531.75, 876.04, 531.75, 29.10, 12.56
8.27, 36, white car, 1138.41, 529.39, 1168.52, 542.12, 1153.46, 535.76, 1138.41, 535.76, 1168.52, 535.76, 30.10, 12.73
8.27, 11, white car, 339.21, 491.35, 368.96, 505.42, 354.08, 498.39, 339.21, 498.39, 368.96, 498.39, 29.75, 14.06
8.27, 21, white car, 1009.65, 528.52, 1037.56, 540.29, 1023.60, 534.41, 1009.65, 534.41, 1037.56, 534.41, 27.92, 11.76
8.27, 60, black car, 844.71, 525.46, 873.31, 537.79, 859.01, 531.63, 844.71, 531.63, 873.31, 531.63, 28.59, 12.33
8.30, 36, white car, 1136.09, 529.28, 1166.52, 542.17, 1151.30, 535.72, 1136.09, 535.72, 1166.52, 535.72, 30.43, 12.89
8.30, 11, white car, 336.51, 491.10, 366.15, 505.12, 351.33, 498.11, 336.51, 498.11, 366.15, 498.11, 29.64, 14.02
8.30, 21, white car, 1007.84, 528.46, 1035.62, 540.18, 1021.73, 534.32, 1007.84, 534.32, 1035.62, 534.32, 27.79, 11.72
8.30, 60, black car, 842.07, 525.28, 871.12, 537.78, 856.60, 531.53, 842.07, 531.53, 871.12, 531.53, 29.05, 12.50
8.33, 36, white car, 1133.99, 529.13, 1164.61, 542.11, 1149.30, 535.62, 1133.99, 535.62, 1164.61, 535.62, 30.62, 12.98
8.33, 11, white car, 334.33, 490.93, 363.50, 504.73, 348.92, 497.83, 334.33, 497.83, 363.50, 497.83, 29.17, 13.80
8.33, 21, white car, 1005.85, 528.47, 1033.77, 540.25, 1019.81, 534.36, 1005.85, 534.36, 1033.77, 534.36, 27.92, 11.78
8.33, 60, black car, 839.65, 525.30, 868.97, 537.93, 854.31, 531.62, 839.65, 531.62, 868.97, 531.62, 29.32, 12.63
8.37, 36, white car, 1131.95, 529.28, 1162.19, 542.11, 1147.07, 535.69, 1131.95, 535.69, 1162.19, 535.69, 30.24, 12.82
8.37, 11, white car, 331.29, 490.82, 360.76, 504.78, 346.02, 497.80, 331.29, 497.80, 360.76, 497.80, 29.47, 13.96
8.37, 21, white car, 1004.23, 528.65, 1031.54, 540.14, 1017.88, 534.40, 1004.23, 534.40, 1031.54, 534.40, 27.31, 11.50
8.37, 60, black car, 837.40, 525.19, 866.75, 537.80, 852.07, 531.50, 837.40, 531.50, 866.75, 531.50, 29.35, 12.61
8.40, 36, white car, 1129.92, 529.33, 1159.57, 541.89, 1144.75, 535.61, 1129.92, 535.61, 1159.57, 535.61, 29.66, 12.56
8.40, 11, white car, 328.82, 490.69, 358.38, 504.70, 343.60, 497.69, 328.82, 497.69, 358.38, 497.69, 29.56, 14.00
8.40, 21, white car, 1002.01, 528.57, 1029.47, 540.09, 1015.74, 534.33, 1002.01, 534.33, 1029.47, 534.33, 27.46, 11.52
8.40, 60, black car, 835.28, 525.26, 864.25, 537.66, 849.76, 531.46, 835.28, 531.46, 864.25, 531.46, 28.97, 12.41
8.43, 36, white car, 1127.96, 529.47, 1157.19, 541.82, 1142.57, 535.64, 1127.96, 535.64, 1157.19, 535.64, 29.23, 12.35
8.43, 11, white car, 326.63, 490.67, 355.89, 504.55, 341.26, 497.61, 326.63, 497.61, 355.89, 497.61, 29.26, 13.88
8.43, 21, white car, 999.64, 528.68, 1027.46, 540.32, 1013.55, 534.50, 999.64, 534.50, 1027.46, 534.50, 27.82, 11.64
8.43, 60, black car, 832.11, 525.00, 860.84, 537.28, 846.47, 531.14, 832.11, 531.14, 860.84, 531.14, 28.73, 12.28
8.47, 36, white car, 1125.71, 529.53, 1155.19, 541.97, 1140.45, 535.75, 1125.71, 535.75, 1155.19, 535.75, 29.48, 12.43
8.47, 11, white car, 323.90, 490.80, 353.38, 504.74, 338.64, 497.77, 323.90, 497.77, 353.38, 497.77, 29.48, 13.94
8.47, 21, white car, 997.92, 528.74, 1025.35, 540.18, 1011.64, 534.46, 997.92, 534.46, 1025.35, 534.46, 27.43, 11.44
8.50, 36, white car, 1123.43, 529.52, 1153.15, 542.05, 1138.29, 535.78, 1123.43, 535.78, 1153.15, 535.78, 29.72, 12.53
8.50, 11, white car, 321.28, 490.69, 350.87, 504.66, 336.07, 497.68, 321.28, 497.68, 350.87, 497.68, 29.59, 13.97
8.50, 21, white car, 996.41, 528.89, 1023.53, 540.17, 1009.97, 534.53, 996.41, 534.53, 1023.53, 534.53, 27.12, 11.28
8.50, 60, black car, 827.22, 524.42, 855.40, 536.43, 841.31, 530.42, 827.22, 530.42, 855.40, 530.42, 28.18, 12.01
8.53, 36, white car, 1121.16, 529.44, 1151.12, 542.07, 1136.14, 535.76, 1121.16, 535.76, 1151.12, 535.76, 29.96, 12.63
8.53, 11, white car, 318.76, 490.70, 348.10, 504.51, 333.43, 497.61, 318.76, 497.61, 348.10, 497.61, 29.34, 13.81
8.53, 21, white car, 994.32, 528.66, 1021.57, 539.98, 1007.94, 534.32, 994.32, 534.32, 1021.57, 534.32, 27.25, 11.32
8.53, 60, black car, 824.39, 524.20, 852.51, 536.16, 838.45, 530.18, 824.39, 530.18, 852.51, 530.18, 28.12, 11.96
8.57, 36, white car, 1118.94, 529.49, 1148.95, 542.13, 1133.94, 535.81, 1118.94, 535.81, 1148.95, 535.81, 30.00, 12.64
8.57, 11, white car, 316.18, 490.41, 345.89, 504.40, 331.03, 497.40, 316.18, 497.40, 345.89, 497.40, 29.71, 13.99
8.57, 21, white car, 992.27, 528.57, 1019.77, 539.98, 1006.02, 534.27, 992.27, 534.27, 1019.77, 534.27, 27.50, 11.40
8.57, 60, black car, 821.81, 523.93, 849.44, 535.60, 835.63, 529.77, 821.81, 529.77, 849.44, 529.77, 27.62, 11.67
8.60, 36, white car, 1116.74, 529.47, 1146.36, 541.91, 1131.55, 535.69, 1116.74, 535.69, 1146.36, 535.69, 29.62, 12.44
8.60, 11, white car, 313.75, 490.09, 343.34, 504.01, 328.55, 497.05, 313.75, 497.05, 343.34, 497.05, 29.59, 13.92
8.60, 21, white car, 990.44, 528.52, 1017.67, 539.80, 1004.06, 534.16, 990.44, 534.16, 1017.67, 534.16, 27.23, 11.27
8.60, 60, black car, 818.92, 523.76, 846.56, 535.35, 832.74, 529.55, 818.92, 529.55, 846.56, 529.55, 27.64, 11.59
8.63, 36, white car, 1114.60, 529.59, 1144.12, 541.97, 1129.36, 535.78, 1114.60, 535.78, 1144.12, 535.78, 29.53, 12.38
8.63, 11, white car, 311.52, 489.90, 340.97, 503.75, 326.24, 496.83, 311.52, 496.83, 340.97, 496.83, 29.45, 13.86
8.63, 21, white car, 988.36, 528.52, 1015.79, 539.84, 1002.07, 534.18, 988.36, 534.18, 1015.79, 534.18, 27.43, 11.31
8.63, 60, black car, 816.09, 523.93, 844.06, 535.57, 830.07, 529.75, 816.09, 529.75, 844.06, 529.75, 27.97, 11.65
8.67, 36, white car, 1112.70, 529.47, 1141.99, 541.69, 1127.34, 535.58, 1112.70, 535.58, 1141.99, 535.58, 29.29, 12.22
8.67, 11, white car, 309.12, 489.61, 338.74, 503.55, 323.93, 496.58, 309.12, 496.58, 338.74, 496.58, 29.63, 13.94
8.67, 21, white car, 986.33, 528.50, 1013.88, 539.85, 1000.11, 534.17, 986.33, 534.17, 1013.88, 534.17, 27.55, 11.35
8.67, 60, black car, 813.38, 523.85, 842.26, 535.86, 827.82, 529.86, 813.38, 529.86, 842.26, 529.86, 28.89, 12.00
8.70, 36, white car, 1110.23, 529.50, 1139.47, 541.68, 1124.85, 535.59, 1110.23, 535.59, 1139.47, 535.59, 29.23, 12.18
8.70, 11, white car, 306.62, 489.52, 336.00, 503.35, 321.31, 496.44, 306.62, 496.44, 336.00, 496.44, 29.38, 13.83
8.70, 21, white car, 983.89, 528.29, 1012.09, 539.95, 997.99, 534.12, 983.89, 534.12, 1012.09, 534.12, 28.20, 11.66
8.70, 60, black car, 810.57, 524.12, 840.22, 536.45, 825.40, 530.28, 810.57, 530.28, 840.22, 530.28, 29.64, 12.33
8.73, 36, white car, 1108.21, 529.36, 1137.43, 541.52, 1122.82, 535.44, 1108.21, 535.44, 1137.43, 535.44, 29.22, 12.16
8.73, 11, white car, 304.05, 489.30, 333.22, 503.01, 318.63, 496.16, 304.05, 496.16, 333.22, 496.16, 29.17, 13.71
8.73, 21, white car, 981.60, 528.15, 1010.15, 540.00, 995.87, 534.07, 981.60, 534.07, 1010.15, 534.07, 28.55, 11.86
8.73, 60, black car, 807.77, 523.99, 837.72, 536.49, 822.75, 530.24, 807.77, 530.24, 837.72, 530.24, 29.95, 12.50
8.77, 36, white car, 1106.08, 529.25, 1135.27, 541.38, 1120.67, 535.31, 1106.08, 535.31, 1135.27, 535.31, 29.18, 12.13
8.77, 11, white car, 301.48, 488.94, 330.77, 502.69, 316.13, 495.81, 301.48, 495.81, 330.77, 495.81, 29.29, 13.74
8.77, 21, white car, 979.30, 527.90, 1008.27, 540.01, 993.78, 533.96, 979.30, 533.96, 1008.27, 533.96, 28.97, 12.12
8.77, 60, black car, 804.51, 524.04, 834.27, 536.50, 819.39, 530.27, 804.51, 530.27, 834.27, 530.27, 29.76, 12.45
8.80, 36, white car, 1104.00, 529.43, 1133.03, 541.50, 1118.52, 535.46, 1104.00, 535.46, 1133.03, 535.46, 29.03, 12.07
8.80, 11, white car, 299.03, 488.69, 328.36, 502.42, 313.69, 495.55, 299.03, 495.55, 328.36, 495.55, 29.33, 13.73
8.80, 21, white car, 977.43, 527.93, 1006.26, 540.05, 991.85, 533.99, 977.43, 533.99, 1006.26, 533.99, 28.84, 12.12
8.80, 60, black car, 801.64, 524.21, 831.48, 536.71, 816.56, 530.46, 801.64, 530.46, 831.48, 530.46, 29.84, 12.50
8.83, 36, white car, 1101.93, 529.46, 1130.96, 541.52, 1116.44, 535.49, 1101.93, 535.49, 1130.96, 535.49, 29.03, 12.07
8.83, 11, white car, 296.37, 488.18, 326.27, 502.23, 311.32, 495.20, 296.37, 495.20, 326.27, 495.20, 29.90, 14.05
8.83, 21, white car, 975.97, 528.01, 1004.29, 539.95, 990.13, 533.98, 975.97, 533.98, 1004.29, 533.98, 28.32, 11.95
8.83, 60, black car, 798.86, 524.09, 829.41, 536.93, 814.14, 530.51, 798.86, 530.51, 829.41, 530.51, 30.55, 12.84
8.87, 36, white car, 1099.77, 529.41, 1128.54, 541.34, 1114.15, 535.37, 1099.77, 535.37, 1128.54, 535.37, 28.76, 11.94
8.87, 11, white car, 293.53, 487.90, 323.75, 502.15, 308.64, 495.02, 293.53, 495.02, 323.75, 495.02, 30.22, 14.25
8.87, 21, white car, 973.80, 528.01, 1002.07, 539.94, 987.93, 533.97, 973.80, 533.97, 1002.07, 533.97, 28.27, 11.93
8.87, 60, black car, 796.38, 524.17, 826.92, 537.07, 811.65, 530.62, 796.38, 530.62, 826.92, 530.62, 30.54, 12.90
8.90, 36, white car, 1097.54, 529.29, 1127.02, 541.52, 1112.28, 535.41, 1097.54, 535.41, 1127.02, 535.41, 29.48, 12.23
8.90, 11, white car, 291.17, 487.62, 321.64, 502.04, 306.41, 494.83, 291.17, 494.83, 321.64, 494.83, 30.47, 14.43
8.90, 21, white car, 971.77, 528.08, 999.97, 540.04, 985.87, 534.06, 971.77, 534.06, 999.97, 534.06, 28.21, 11.96
8.90, 60, black car, 793.76, 523.98, 824.53, 537.01, 809.15, 530.49, 793.76, 530.49, 824.53, 530.49, 30.77, 13.03
8.93, 36, white car, 1095.33, 529.30, 1124.95, 541.58, 1110.14, 535.44, 1095.33, 535.44, 1124.95, 535.44, 29.62, 12.28
8.93, 11, white car, 288.90, 487.51, 319.25, 501.93, 304.07, 494.72, 288.90, 494.72, 319.25, 494.72, 30.35, 14.42
8.93, 21, white car, 969.67, 528.04, 998.04, 540.11, 983.85, 534.08, 969.67, 534.08, 998.04, 534.08, 28.38, 12.08
8.93, 60, black car, 791.35, 523.82, 822.01, 536.82, 806.68, 530.32, 791.35, 530.32, 822.01, 530.32, 30.65, 13.01
8.97, 36, white car, 1092.92, 529.20, 1122.89, 541.63, 1107.90, 535.42, 1092.92, 535.42, 1122.89, 535.42, 29.98, 12.43
8.97, 11, white car, 286.58, 487.57, 316.27, 501.63, 301.43, 494.60, 286.58, 494.60, 316.27, 494.60, 29.69, 14.06
8.97, 21, white car, 967.61, 527.99, 996.42, 540.30, 982.01, 534.14, 967.61, 534.14, 996.42, 534.14, 28.82, 12.31
8.97, 60, black car, 788.74, 523.64, 819.20, 536.58, 803.97, 530.11, 788.74, 530.11, 819.20, 530.11, 30.45, 12.94
9.00, 36, white car, 1090.69, 529.19, 1121.00, 541.77, 1105.85, 535.48, 1090.69, 535.48, 1121.00, 535.48, 30.32, 12.58
9.00, 11, white car, 284.48, 487.48, 314.00, 501.43, 299.24, 494.45, 284.48, 494.45, 314.00, 494.45, 29.51, 13.95
9.00, 21, white car, 965.87, 527.82, 994.72, 540.23, 980.29, 534.02, 965.87, 534.02, 994.72, 534.02, 28.85, 12.41
9.03, 36, white car, 1088.45, 529.14, 1118.66, 541.68, 1103.55, 535.41, 1088.45, 535.41, 1118.66, 535.41, 30.21, 12.54
9.03, 11, white car, 282.03, 487.21, 311.73, 501.23, 296.88, 494.22, 282.03, 494.22, 311.73, 494.22, 29.70, 14.02
9.03, 21, white car, 964.05, 527.76, 992.71, 540.13, 978.38, 533.94, 964.05, 533.94, 992.71, 533.94, 28.67, 12.37
9.03, 60, black car, 782.41, 522.99, 813.33, 536.19, 797.87, 529.59, 782.41, 529.59, 813.33, 529.59, 30.92, 13.20
9.07, 36, white car, 1086.58, 529.19, 1116.71, 541.70, 1101.64, 535.45, 1086.58, 535.45, 1116.71, 535.45, 30.13, 12.51
9.07, 11, white car, 279.67, 487.18, 309.11, 501.05, 294.39, 494.12, 279.67, 494.12, 309.11, 494.12, 29.44, 13.87
9.07, 21, white car, 962.45, 527.82, 990.57, 539.99, 976.51, 533.90, 962.45, 533.90, 990.57, 533.90, 28.12, 12.17
9.07, 60, black car, 780.32, 522.84, 811.51, 536.22, 795.91, 529.53, 780.32, 529.53, 811.51, 529.53, 31.19, 13.38
9.10, 36, white car, 1084.75, 529.17, 1114.63, 541.56, 1099.69, 535.36, 1084.75, 535.36, 1114.63, 535.36, 29.87, 12.38
9.10, 11, white car, 277.16, 487.00, 306.58, 500.84, 291.87, 493.92, 277.16, 493.92, 306.58, 493.92, 29.41, 13.84
9.10, 21, white car, 960.27, 527.83, 988.24, 539.90, 974.26, 533.87, 960.27, 533.87, 988.24, 533.87, 27.96, 12.07
9.10, 60, black car, 778.19, 522.76, 808.80, 535.89, 793.49, 529.33, 778.19, 529.33, 808.80, 529.33, 30.60, 13.12
9.13, 36, white car, 1082.65, 529.16, 1112.39, 541.46, 1097.52, 535.31, 1082.65, 535.31, 1112.39, 535.31, 29.74, 12.30
9.13, 11, white car, 274.50, 486.74, 304.11, 500.69, 289.31, 493.72, 274.50, 493.72, 304.11, 493.72, 29.60, 13.95
9.13, 21, white car, 957.95, 527.55, 985.94, 539.65, 971.94, 533.60, 957.95, 533.60, 985.94, 533.60, 27.99, 12.10
9.13, 60, black car, 775.88, 522.62, 806.21, 535.58, 791.04, 529.10, 775.88, 529.10, 806.21, 529.10, 30.33, 12.96
9.17, 36, white car, 1080.31, 529.09, 1110.13, 541.43, 1095.22, 535.26, 1080.31, 535.26, 1110.13, 535.26, 29.82, 12.33
9.17, 11, white car, 271.85, 486.65, 301.66, 500.72, 286.75, 493.68, 271.85, 493.68, 301.66, 493.68, 29.81, 14.06
9.17, 21, white car, 955.62, 527.27, 984.16, 539.62, 969.89, 533.44, 955.62, 533.44, 984.16, 533.44, 28.54, 12.34
9.17, 60, black car, 773.29, 522.44, 803.87, 535.55, 788.58, 528.99, 773.29, 528.99, 803.87, 528.99, 30.58, 13.10
9.20, 36, white car, 1077.90, 528.83, 1108.06, 541.34, 1092.98, 535.08, 1077.90, 535.08, 1108.06, 535.08, 30.16, 12.51
9.20, 11, white car, 269.41, 486.42, 299.42, 500.60, 284.41, 493.51, 269.41, 493.51, 299.42, 493.51, 30.01, 14.18
9.20, 21, white car, 953.65, 527.28, 982.51, 539.78, 968.08, 533.53, 953.65, 533.53, 982.51, 533.53, 28.86, 12.50
9.20, 60, black car, 770.77, 522.25, 801.44, 535.43, 786.10, 528.84, 770.77, 528.84, 801.44, 528.84, 30.68, 13.18
9.23, 36, white car, 1075.62, 528.91, 1105.79, 541.44, 1090.71, 535.18, 1075.62, 535.18, 1105.79, 535.18, 30.17, 12.53
9.23, 11, white car, 267.14, 486.32, 297.19, 500.53, 282.17, 493.42, 267.14, 493.42, 297.19, 493.42, 30.05, 14.21
9.23, 21, white car, 951.56, 527.25, 980.48, 539.83, 966.02, 533.54, 951.56, 533.54, 980.48, 533.54, 28.92, 12.58
9.23, 60, black car, 768.19, 522.11, 799.18, 535.46, 783.68, 528.79, 768.19, 528.79, 799.18, 528.79, 30.99, 13.35
9.27, 36, white car, 1073.70, 529.00, 1103.66, 541.45, 1088.68, 535.22, 1073.70, 535.22, 1103.66, 535.22, 29.96, 12.45
9.27, 11, white car, 264.93, 486.17, 294.99, 500.41, 279.96, 493.29, 264.93, 493.29, 294.99, 493.29, 30.06, 14.24
9.27, 21, white car, 949.80, 527.26, 978.45, 539.75, 964.12, 533.50, 949.80, 533.50, 978.45, 533.50, 28.65, 12.49
9.27, 60, black car, 765.66, 522.22, 796.12, 535.43, 780.89, 528.82, 765.66, 528.82, 796.12, 528.82, 30.46, 13.20
9.30, 36, white car, 1071.94, 529.10, 1101.57, 541.41, 1086.75, 535.25, 1071.94, 535.25, 1101.57, 535.25, 29.63, 12.30
9.30, 11, white car, 262.64, 486.04, 292.57, 500.24, 277.61, 493.14, 262.64, 493.14, 292.57, 493.14, 29.93, 14.20
9.30, 21, white car, 948.12, 527.43, 976.28, 539.74, 962.20, 533.59, 948.12, 533.59, 976.28, 533.59, 28.16, 12.31
9.30, 60, black car, 762.48, 522.37, 792.49, 535.47, 777.49, 528.92, 762.48, 528.92, 792.49, 528.92, 30.01, 13.10
9.33, 36, white car, 1069.85, 529.07, 1099.45, 541.37, 1084.65, 535.22, 1069.85, 535.22, 1099.45, 535.22, 29.61, 12.30
9.33, 11, white car, 260.14, 485.69, 290.21, 499.97, 275.18, 492.83, 260.14, 492.83, 290.21, 492.83, 30.06, 14.28
9.33, 21, white car, 945.85, 527.38, 973.93, 539.65, 959.89, 533.52, 945.85, 533.52, 973.93, 533.52, 28.08, 12.27
9.33, 60, black car, 759.61, 522.40, 789.30, 535.44, 774.46, 528.92, 759.61, 528.92, 789.30, 528.92, 29.69, 13.03
9.37, 36, white car, 1067.74, 529.03, 1097.07, 541.19, 1082.40, 535.11, 1067.74, 535.11, 1097.07, 535.11, 29.33, 12.17
9.37, 11, white car, 257.86, 485.33, 287.84, 499.57, 272.85, 492.45, 257.86, 492.45, 287.84, 492.45, 29.98, 14.25
9.37, 21, white car, 943.75, 527.32, 971.81, 539.61, 957.78, 533.46, 943.75, 533.46, 971.81, 533.46, 28.07, 12.28
9.37, 60, black car, 756.83, 522.24, 786.44, 535.27, 771.64, 528.76, 756.83, 528.76, 786.44, 528.76, 29.60, 13.04
9.40, 36, white car, 1065.21, 528.91, 1095.29, 541.40, 1080.25, 535.16, 1065.21, 535.16, 1095.29, 535.16, 30.08, 12.49
9.40, 11, white car, 255.54, 485.31, 285.11, 499.35, 270.32, 492.33, 255.54, 492.33, 285.11, 492.33, 29.57, 14.04
9.40, 21, white car, 941.66, 527.50, 969.54, 539.70, 955.60, 533.60, 941.66, 533.60, 969.54, 533.60, 27.89, 12.20
9.40, 60, black car, 754.66, 522.24, 784.08, 535.26, 769.37, 528.75, 754.66, 528.75, 784.08, 528.75, 29.42, 13.01
9.43, 36, white car, 1063.13, 528.73, 1093.43, 541.31, 1078.28, 535.02, 1063.13, 535.02, 1093.43, 535.02, 30.30, 12.59
9.43, 11, white car, 253.46, 485.10, 282.85, 499.04, 268.15, 492.07, 253.46, 492.07, 282.85, 492.07, 29.39, 13.94
9.43, 21, white car, 939.61, 527.53, 967.29, 539.65, 953.45, 533.59, 939.61, 533.59, 967.29, 533.59, 27.69, 12.11
9.43, 60, black car, 752.68, 522.29, 781.62, 535.15, 767.15, 528.72, 752.68, 528.72, 781.62, 528.72, 28.94, 12.86
9.47, 36, white car, 1061.03, 528.78, 1091.10, 541.26, 1076.07, 535.02, 1061.03, 535.02, 1091.10, 535.02, 30.06, 12.48
9.47, 11, white car, 250.98, 484.87, 280.23, 498.76, 265.60, 491.82, 250.98, 491.82, 280.23, 491.82, 29.25, 13.89
9.47, 21, white car, 937.76, 527.48, 965.38, 539.57, 951.57, 533.52, 937.76, 533.52, 965.38, 533.52, 27.61, 12.10
9.47, 60, black car, 750.46, 522.25, 778.78, 534.87, 764.62, 528.56, 750.46, 528.56, 778.78, 528.56, 28.32, 12.61
9.50, 36, white car, 1059.08, 528.91, 1088.78, 541.21, 1073.93, 535.06, 1059.08, 535.06, 1088.78, 535.06, 29.70, 12.30
9.50, 11, white car, 248.51, 484.72, 277.81, 498.61, 263.16, 491.66, 248.51, 491.66, 277.81, 491.66, 29.30, 13.89
9.50, 21, white car, 935.73, 527.46, 963.21, 539.50, 949.47, 533.48, 935.73, 533.48, 963.21, 533.48, 27.47, 12.04
9.53, 36, white car, 1057.19, 528.79, 1086.93, 541.11, 1072.06, 534.95, 1057.19, 534.95, 1086.93, 534.95, 29.74, 12.32
9.53, 11, white car, 245.97, 484.45, 275.64, 498.49, 260.81, 491.47, 245.97, 491.47, 275.64, 491.47, 29.66, 14.04
9.53, 21, white car, 933.93, 527.46, 960.95, 539.30, 947.44, 533.38, 933.93, 533.38, 960.95, 533.38, 27.02, 11.84
9.57, 36, white car, 1055.32, 528.83, 1085.03, 541.14, 1070.17, 534.98, 1055.32, 534.98, 1085.03, 534.98, 29.72, 12.31
9.57, 11, white car, 243.83, 484.35, 273.26, 498.26, 258.55, 491.30, 243.83, 491.30, 273.26, 491.30, 29.43, 13.91
9.57, 21, white car, 931.47, 527.34, 958.43, 539.15, 944.95, 533.24, 931.47, 533.24, 958.43, 533.24, 26.96, 11.80
9.60, 36, white car, 1053.21, 528.83, 1082.99, 541.16, 1068.10, 534.99, 1053.21, 534.99, 1082.99, 534.99, 29.79, 12.33
9.60, 11, white car, 241.68, 484.16, 271.10, 498.02, 256.39, 491.09, 241.68, 491.09, 271.10, 491.09, 29.41, 13.86
9.60, 21, white car, 929.09, 527.22, 956.49, 539.22, 942.79, 533.22, 929.09, 533.22, 956.49, 533.22, 27.40, 12.00
9.60, 60, black car, 738.09, 520.75, 768.16, 534.26, 753.13, 527.50, 738.09, 527.50, 768.16, 527.50, 30.06, 13.51
9.63, 36, white car, 1050.70, 528.69, 1081.14, 541.32, 1065.92, 535.01, 1050.70, 535.01, 1081.14, 535.01, 30.44, 12.63
9.63, 11, white car, 239.20, 484.06, 268.80, 497.97, 254.00, 491.02, 239.20, 491.02, 268.80, 491.02, 29.61, 13.91
9.63, 21, white car, 926.89, 527.32, 954.61, 539.44, 940.75, 533.38, 926.89, 533.38, 954.61, 533.38, 27.72, 12.12
9.63, 60, black car, 735.66, 520.65, 765.58, 534.22, 750.62, 527.44, 735.66, 527.44, 765.58, 527.44, 29.91, 13.57
9.67, 36, white car, 1048.54, 528.49, 1079.69, 541.44, 1064.12, 534.97, 1048.54, 534.97, 1079.69, 534.97, 31.15, 12.94
9.67, 11, white car, 236.78, 483.98, 266.15, 497.76, 251.47, 490.87, 236.78, 490.87, 266.15, 490.87, 29.36, 13.78
9.67, 21, white car, 924.96, 527.41, 952.72, 539.56, 938.84, 533.48, 924.96, 533.48, 952.72, 533.48, 27.75, 12.15
9.67, 60, black car, 733.03, 520.33, 762.68, 533.92, 747.85, 527.13, 733.03, 527.13, 762.68, 527.13, 29.65, 13.59
9.70, 36, white car, 1046.60, 528.51, 1077.51, 541.36, 1062.05, 534.93, 1046.60, 534.93, 1077.51, 534.93, 30.90, 12.85
9.70, 11, white car, 234.32, 483.85, 263.65, 497.56, 248.99, 490.71, 234.32, 490.71, 263.65, 490.71, 29.33, 13.71
9.70, 21, white car, 922.99, 527.28, 950.70, 539.43, 936.84, 533.36, 922.99, 533.36, 950.70, 533.36, 27.71, 12.14
9.70, 60, black car, 730.89, 520.38, 760.08, 533.82, 745.49, 527.10, 730.89, 527.10, 760.08, 527.10, 29.18, 13.44
9.73, 36, white car, 1044.66, 528.68, 1075.10, 541.33, 1059.88, 535.00, 1044.66, 535.00, 1075.10, 535.00, 30.44, 12.65
9.73, 11, white car, 232.06, 483.60, 261.56, 497.38, 246.81, 490.49, 232.06, 490.49, 261.56, 490.49, 29.51, 13.79
9.73, 21, white car, 921.11, 527.33, 948.60, 539.37, 934.85, 533.35, 921.11, 533.35, 948.60, 533.35, 27.48, 12.03
9.73, 60, black car, 728.64, 520.66, 757.51, 534.03, 743.08, 527.35, 728.64, 527.35, 757.51, 527.35, 28.88, 13.37
9.77, 36, white car, 1042.60, 528.53, 1073.00, 541.17, 1057.80, 534.85, 1042.60, 534.85, 1073.00, 534.85, 30.40, 12.64
9.77, 11, white car, 229.84, 483.25, 259.44, 497.07, 244.64, 490.16, 229.84, 490.16, 259.44, 490.16, 29.60, 13.81
9.77, 21, white car, 919.15, 527.17, 946.70, 539.22, 932.93, 533.19, 919.15, 533.19, 946.70, 533.19, 27.55, 12.05
9.77, 60, black car, 726.54, 520.66, 755.47, 534.07, 741.01, 527.36, 726.54, 527.36, 755.47, 527.36, 28.94, 13.41
9.80, 36, white car, 1040.77, 528.57, 1071.07, 541.16, 1055.92, 534.87, 1040.77, 534.87, 1071.07, 534.87, 30.30, 12.59
9.80, 11, white car, 227.84, 483.12, 257.02, 496.70, 242.43, 489.91, 227.84, 489.91, 257.02, 489.91, 29.18, 13.58
9.80, 21, white car, 916.78, 526.98, 944.51, 539.12, 930.64, 533.05, 916.78, 533.05, 944.51, 533.05, 27.74, 12.14
9.80, 60, black car, 724.02, 520.96, 752.43, 534.19, 738.22, 527.58, 724.02, 527.58, 752.43, 527.58, 28.41, 13.23
9.83, 36, white car, 1038.74, 528.79, 1068.85, 541.29, 1053.79, 535.04, 1038.74, 535.04, 1068.85, 535.04, 30.10, 12.50
9.83, 11, white car, 225.80, 482.92, 254.97, 496.46, 240.38, 489.69, 225.80, 489.69, 254.97, 489.69, 29.17, 13.54
9.83, 21, white car, 914.83, 527.04, 942.34, 539.08, 928.59, 533.06, 914.83, 533.06, 942.34, 533.06, 27.51, 12.04
9.87, 36, white car, 1036.78, 528.75, 1066.88, 541.27, 1051.83, 535.01, 1036.78, 535.01, 1066.88, 535.01, 30.11, 12.53
9.87, 11, white car, 223.21, 482.69, 252.39, 496.20, 237.80, 489.44, 223.21, 489.44, 252.39, 489.44, 29.18, 13.52
9.87, 21, white car, 912.66, 526.97, 940.42, 539.12, 926.54, 533.05, 912.66, 533.05, 940.42, 533.05, 27.76, 12.16
9.90, 36, white car, 1034.55, 528.69, 1064.88, 541.33, 1049.72, 535.01, 1034.55, 535.01, 1064.88, 535.01, 30.34, 12.64
9.90, 11, white car, 220.70, 482.54, 249.93, 496.05, 235.31, 489.30, 220.70, 489.30, 249.93, 489.30, 29.23, 13.51
9.90, 21, white car, 910.55, 527.03, 938.29, 539.20, 924.42, 533.11, 910.55, 533.11, 938.29, 533.11, 27.74, 12.17
9.93, 36, white car, 1032.75, 528.73, 1062.49, 541.11, 1047.62, 534.92, 1032.75, 534.92, 1062.49, 534.92, 29.74, 12.38
9.93, 11, white car, 218.58, 482.35, 247.73, 495.84, 233.15, 489.09, 218.58, 489.09, 247.73, 489.09, 29.15, 13.48
9.93, 21, white car, 908.42, 526.94, 936.23, 539.16, 922.32, 533.05, 908.42, 533.05, 936.23, 533.05, 27.82, 12.22
9.97, 36, white car, 1030.56, 528.74, 1060.17, 541.06, 1045.37, 534.90, 1030.56, 534.90, 1060.17, 534.90, 29.61, 12.32
9.97, 11, white car, 215.90, 482.11, 245.51, 495.79, 230.70, 488.95, 215.90, 488.95, 245.51, 488.95, 29.61, 13.69
9.97, 21, white car, 906.48, 527.05, 933.94, 539.12, 920.21, 533.09, 906.48, 533.09, 933.94, 533.09, 27.46, 12.07
