0.00, 8, white car, 2.36, 428.45, 31.89, 443.16, 17.13, 435.80, 2.36, 435.80, 31.89, 435.80, 29.54, 14.71
0.00, 11, white car, 968.10, 546.48, 997.06, 558.42, 982.58, 552.45, 968.10, 552.45, 997.06, 552.45, 28.95, 11.94
0.03, 8, white car, 1.36, 428.43, 30.22, 442.81, 15.79, 435.62, 1.36, 435.62, 30.22, 435.62, 28.86, 14.38
0.03, 11, white car, 966.11, 546.52, 994.44, 558.20, 980.27, 552.36, 966.11, 552.36, 994.44, 552.36, 28.33, 11.68
0.07, 8, white car, 0.65, 428.16, 29.21, 442.41, 14.93, 435.28, 0.65, 435.28, 29.21, 435.28, 28.56, 14.25
0.07, 11, white car, 961.73, 545.58, 992.25, 558.18, 976.99, 551.88, 961.73, 551.88, 992.25, 551.88, 30.52, 12.60
0.10, 8, white car, 0.00, 428.16, 28.08, 442.24, 14.04, 435.20, 0.00, 435.20, 28.08, 435.20, 28.08, 14.08
0.10, 11, white car, 958.40, 545.09, 989.82, 558.07, 974.11, 551.58, 958.40, 551.58, 989.82, 551.58, 31.42, 12.99
0.13, 8, white car, 0.00, 428.09, 26.34, 441.96, 13.17, 435.02, 0.00, 435.02, 26.34, 435.02, 26.34, 13.87
0.13, 11, white car, 954.92, 544.77, 987.06, 558.08, 970.99, 551.42, 954.92, 551.42, 987.06, 551.42, 32.14, 13.31
0.17, 8, white car, 0.00, 427.95, 24.94, 441.49, 12.47, 434.72, 0.00, 434.72, 24.94, 434.72, 24.94, 13.55
0.17, 11, white car, 952.30, 544.60, 984.43, 557.93, 968.37, 551.27, 952.30, 551.27, 984.43, 551.27, 32.13, 13.33
0.20, 8, white car, 0.00, 427.58, 24.15, 441.01, 12.08, 434.30, 0.00, 434.30, 24.15, 434.30, 24.15, 13.44
0.20, 11, white car, 949.25, 544.32, 981.72, 557.83, 965.49, 551.08, 949.25, 551.08, 981.72, 551.08, 32.46, 13.51
0.23, 8, white car, 0.00, 427.30, 24.27, 440.91, 12.14, 434.10, 0.00, 434.10, 24.27, 434.10, 24.27, 13.62
0.23, 11, white car, 946.50, 544.17, 978.71, 557.60, 962.61, 550.89, 946.50, 550.89, 978.71, 550.89, 32.21, 13.43
0.27, 11, white car, 944.03, 544.12, 975.81, 557.39, 959.92, 550.76, 944.03, 550.76, 975.81, 550.76, 31.78, 13.27
0.30, 11, white car, 941.37, 544.17, 972.51, 557.16, 956.94, 550.67, 941.37, 550.67, 972.51, 550.67, 31.14, 12.98
0.33, 11, white car, 939.00, 544.21, 969.38, 556.90, 954.19, 550.56, 939.00, 550.56, 969.38, 550.56, 30.38, 12.69
0.37, 11, white car, 935.96, 544.04, 966.17, 556.68, 951.06, 550.36, 935.96, 550.36, 966.17, 550.36, 30.21, 12.64
0.40, 11, white car, 933.36, 543.81, 963.37, 556.39, 948.37, 550.10, 933.36, 550.10, 963.37, 550.10, 30.01, 12.57
0.43, 11, white car, 930.59, 543.63, 960.61, 556.21, 945.60, 549.92, 930.59, 549.92, 960.61, 549.92, 30.02, 12.58
0.47, 11, white car, 927.64, 543.64, 957.29, 556.07, 942.46, 549.86, 927.64, 549.86, 957.29, 549.86, 29.65, 12.43
0.50, 11, white car, 924.68, 543.13, 954.87, 555.81, 939.77, 549.47, 924.68, 549.47, 954.87, 549.47, 30.19, 12.67
0.53, 11, white car, 921.34, 542.79, 952.49, 555.93, 936.92, 549.36, 921.34, 549.36, 952.49, 549.36, 31.15, 13.14
0.57, 11, white car, 918.78, 542.49, 949.85, 555.65, 934.31, 549.07, 918.78, 549.07, 949.85, 549.07, 31.07, 13.15
0.60, 11, white car, 916.05, 542.07, 946.94, 555.17, 931.49, 548.62, 916.05, 548.62, 946.94, 548.62, 30.90, 13.10
0.63, 11, white car, 913.36, 541.96, 943.89, 554.94, 928.63, 548.45, 913.36, 548.45, 943.89, 548.45, 30.53, 12.98
0.67, 11, white car, 910.69, 541.76, 941.22, 554.78, 925.95, 548.27, 910.69, 548.27, 941.22, 548.27, 30.54, 13.02
0.70, 11, white car, 907.91, 541.47, 938.52, 554.56, 923.21, 548.02, 907.91, 548.02, 938.52, 548.02, 30.60, 13.09
0.73, 11, white car, 905.21, 541.44, 935.39, 554.33, 920.30, 547.89, 905.21, 547.89, 935.39, 547.89, 30.17, 12.89
0.77, 11, white car, 902.61, 541.47, 932.30, 554.12, 917.45, 547.80, 902.61, 547.80, 932.30, 547.80, 29.69, 12.65
0.80, 11, white car, 899.90, 541.56, 928.93, 553.91, 914.41, 547.73, 899.90, 547.73, 928.93, 547.73, 29.02, 12.36
0.83, 11, white car, 897.70, 541.45, 926.30, 553.60, 912.00, 547.53, 897.70, 547.53, 926.30, 547.53, 28.60, 12.16
0.87, 11, white car, 894.65, 541.19, 923.41, 553.43, 909.03, 547.31, 894.65, 547.31, 923.41, 547.31, 28.76, 12.24
0.90, 11, white car, 891.68, 540.99, 920.55, 553.28, 906.12, 547.14, 891.68, 547.14, 920.55, 547.14, 28.86, 12.29
0.93, 11, white car, 888.88, 540.83, 917.70, 553.05, 903.29, 546.94, 888.88, 546.94, 917.70, 546.94, 28.81, 12.22
0.97, 11, white car, 885.82, 540.60, 914.45, 552.73, 900.14, 546.67, 885.82, 546.67, 914.45, 546.67, 28.62, 12.13
1.00, 11, white car, 883.21, 540.46, 911.96, 552.68, 897.58, 546.57, 883.21, 546.57, 911.96, 546.57, 28.76, 12.22
1.03, 11, white car, 880.37, 540.31, 909.49, 552.72, 894.93, 546.52, 880.37, 546.52, 909.49, 546.52, 29.12, 12.41
1.07, 11, white car, 877.42, 540.09, 906.46, 552.47, 891.94, 546.28, 877.42, 546.28, 906.46, 546.28, 29.03, 12.37
1.10, 11, white car, 875.12, 539.90, 903.63, 552.03, 889.38, 545.96, 875.12, 545.96, 903.63, 545.96, 28.52, 12.13
1.13, 11, white car, 871.98, 539.50, 901.12, 551.91, 886.55, 545.70, 871.98, 545.70, 901.12, 545.70, 29.13, 12.41
1.17, 11, white car, 869.41, 539.24, 898.34, 551.60, 883.88, 545.42, 869.41, 545.42, 898.34, 545.42, 28.94, 12.36
1.20, 11, white car, 866.39, 539.06, 895.69, 551.61, 881.04, 545.33, 866.39, 545.33, 895.69, 545.33, 29.30, 12.56
1.23, 11, white car, 863.52, 538.84, 892.74, 551.38, 878.13, 545.11, 863.52, 545.11, 892.74, 545.11, 29.22, 12.53
1.27, 11, white car, 860.88, 538.55, 890.10, 551.07, 875.49, 544.81, 860.88, 544.81, 890.10, 544.81, 29.22, 12.52
1.30, 11, white car, 858.20, 538.44, 887.14, 550.84, 872.67, 544.64, 858.20, 544.64, 887.14, 544.64, 28.94, 12.40
1.33, 11, white car, 855.62, 538.17, 884.80, 550.68, 870.21, 544.43, 855.62, 544.43, 884.80, 544.43, 29.18, 12.50
1.37, 11, white car, 852.53, 537.87, 881.97, 550.49, 867.25, 544.18, 852.53, 544.18, 881.97, 544.18, 29.43, 12.62
1.40, 11, white car, 849.83, 537.76, 879.07, 550.25, 864.45, 544.01, 849.83, 544.01, 879.07, 544.01, 29.24, 12.49
1.43, 11, white car, 846.97, 537.47, 876.42, 550.07, 861.69, 543.77, 846.97, 543.77, 876.42, 543.77, 29.44, 12.60
1.47, 11, white car, 844.24, 537.32, 873.63, 549.93, 858.94, 543.62, 844.24, 543.62, 873.63, 543.62, 29.38, 12.61
1.50, 11, white car, 841.65, 537.03, 871.27, 549.76, 856.46, 543.39, 841.65, 543.39, 871.27, 543.39, 29.62, 12.73
1.53, 11, white car, 838.14, 536.49, 868.71, 549.70, 853.42, 543.09, 838.14, 543.09, 868.71, 543.09, 30.57, 13.21
1.57, 11, white car, 834.82, 536.08, 866.18, 549.72, 850.50, 542.90, 834.82, 542.90, 866.18, 542.90, 31.36, 13.63
1.60, 11, white car, 831.97, 535.59, 863.36, 549.33, 847.67, 542.46, 831.97, 542.46, 863.36, 542.46, 31.39, 13.74
1.63, 11, white car, 829.64, 535.66, 860.03, 548.94, 844.83, 542.30, 829.64, 542.30, 860.03, 542.30, 30.39, 13.28
1.67, 11, white car, 827.54, 535.41, 857.47, 548.50, 842.51, 541.95, 827.54, 541.95, 857.47, 541.95, 29.93, 13.09
1.70, 11, white car, 824.58, 535.04, 854.87, 548.34, 839.73, 541.69, 824.58, 541.69, 854.87, 541.69, 30.29, 13.30
1.73, 11, white car, 821.50, 535.02, 852.02, 548.47, 836.76, 541.75, 821.50, 541.75, 852.02, 541.75, 30.53, 13.45
1.77, 11, white car, 819.02, 535.02, 849.06, 548.25, 834.04, 541.63, 819.02, 541.63, 849.06, 541.63, 30.04, 13.23
1.80, 11, white car, 816.03, 534.87, 845.66, 547.93, 830.85, 541.40, 816.03, 541.40, 845.66, 541.40, 29.63, 13.06
1.83, 11, white car, 813.88, 534.97, 842.98, 547.82, 828.43, 541.39, 813.88, 541.39, 842.98, 541.39, 29.10, 12.85
2.23, 11, white car, 780.93, 532.26, 809.20, 544.73, 795.07, 538.50, 780.93, 538.50, 809.20, 538.50, 28.26, 12.47
2.27, 11, white car, 778.49, 531.74, 806.37, 544.06, 792.43, 537.90, 778.49, 537.90, 806.37, 537.90, 27.89, 12.32
2.30, 11, white car, 776.32, 531.70, 803.87, 543.85, 790.09, 537.77, 776.32, 537.77, 803.87, 537.77, 27.55, 12.15
2.33, 11, white car, 773.87, 531.56, 801.33, 543.69, 787.60, 537.62, 773.87, 537.62, 801.33, 537.62, 27.46, 12.14
2.37, 11, white car, 770.99, 531.34, 798.29, 543.36, 784.64, 537.35, 770.99, 537.35, 798.29, 537.35, 27.30, 12.03
2.40, 11, white car, 768.19, 531.08, 795.27, 542.95, 781.73, 537.01, 768.19, 537.01, 795.27, 537.01, 27.08, 11.88
2.43, 11, white car, 765.17, 530.70, 792.32, 542.54, 778.75, 536.62, 765.17, 536.62, 792.32, 536.62, 27.15, 11.84
2.47, 11, white car, 762.60, 530.46, 790.11, 542.42, 776.36, 536.44, 762.60, 536.44, 790.11, 536.44, 27.50, 11.96
2.50, 11, white car, 759.86, 530.10, 787.41, 542.06, 773.64, 536.08, 759.86, 536.08, 787.41, 536.08, 27.56, 11.95
2.53, 11, white car, 757.32, 529.74, 785.06, 541.79, 771.19, 535.77, 757.32, 535.77, 785.06, 535.77, 27.74, 12.05
2.57, 11, white car, 754.66, 529.58, 782.18, 541.58, 768.42, 535.58, 754.66, 535.58, 782.18, 535.58, 27.52, 12.00
2.60, 11, white car, 751.19, 529.06, 779.40, 541.36, 765.30, 535.21, 751.19, 535.21, 779.40, 535.21, 28.21, 12.30
2.63, 11, white car, 748.33, 528.61, 776.69, 540.98, 762.51, 534.79, 748.33, 534.79, 776.69, 534.79, 28.36, 12.37
2.67, 11, white car, 745.70, 528.39, 774.02, 540.73, 759.86, 534.56, 745.70, 534.56, 774.02, 534.56, 28.32, 12.34
2.70, 11, white car, 743.27, 528.13, 771.76, 540.54, 757.51, 534.33, 743.27, 534.33, 771.76, 534.33, 28.49, 12.41
2.73, 11, white car, 740.23, 527.49, 769.33, 540.21, 754.78, 533.85, 740.23, 533.85, 769.33, 533.85, 29.10, 12.72
2.77, 11, white car, 736.78, 527.12, 766.20, 539.99, 751.49, 533.55, 736.78, 533.55, 766.20, 533.55, 29.42, 12.88
2.80, 11, white car, 734.17, 526.91, 763.08, 539.56, 748.62, 533.24, 734.17, 533.24, 763.08, 533.24, 28.91, 12.64
2.83, 11, white car, 731.94, 526.70, 760.21, 539.02, 746.07, 532.86, 731.94, 532.86, 760.21, 532.86, 28.27, 12.32
2.87, 11, white car, 729.51, 526.48, 757.65, 538.75, 743.58, 532.62, 729.51, 532.62, 757.65, 532.62, 28.14, 12.27
2.90, 11, white car, 727.02, 526.35, 754.89, 538.52, 740.96, 532.44, 727.02, 532.44, 754.89, 532.44, 27.87, 12.17
2.93, 11, white car, 723.71, 526.00, 752.10, 538.38, 737.91, 532.19, 723.71, 532.19, 752.10, 532.19, 28.38, 12.38
2.97, 11, white car, 721.12, 525.72, 749.82, 538.22, 735.47, 531.97, 721.12, 531.97, 749.82, 531.97, 28.69, 12.51
3.00, 11, white car, 718.65, 525.35, 747.47, 537.91, 733.06, 531.63, 718.65, 531.63, 747.47, 531.63, 28.82, 12.55
3.03, 11, white car, 715.68, 524.92, 744.87, 537.64, 730.27, 531.28, 715.68, 531.28, 744.87, 531.28, 29.19, 12.73
3.07, 11, white car, 712.73, 524.47, 742.24, 537.42, 727.48, 530.95, 712.73, 530.95, 742.24, 530.95, 29.51, 12.95
3.10, 11, white car, 709.71, 524.23, 739.03, 537.14, 724.37, 530.69, 709.71, 530.69, 739.03, 530.69, 29.32, 12.91
3.13, 11, white car, 707.04, 523.92, 736.54, 536.93, 721.79, 530.42, 707.04, 530.42, 736.54, 530.42, 29.50, 13.02
3.17, 11, white car, 704.76, 523.50, 734.26, 536.53, 719.51, 530.02, 704.76, 530.02, 734.26, 530.02, 29.50, 13.02
3.20, 11, white car, 701.71, 523.16, 731.46, 536.29, 716.59, 529.73, 701.71, 529.73, 731.46, 529.73, 29.75, 13.13
3.23, 11, white car, 698.97, 522.74, 728.69, 535.92, 713.83, 529.33, 698.97, 529.33, 728.69, 529.33, 29.72, 13.17
3.27, 11, white car, 696.50, 522.42, 726.01, 535.58, 711.26, 529.00, 696.50, 529.00, 726.01, 529.00, 29.52, 13.16
3.30, 11, white car, 693.87, 522.01, 723.70, 535.36, 708.79, 528.69, 693.87, 528.69, 723.70, 528.69, 29.82, 13.35
3.33, 11, white car, 691.11, 521.49, 721.43, 535.09, 706.27, 528.29, 691.11, 528.29, 721.43, 528.29, 30.32, 13.60
3.37, 11, white car, 688.40, 521.13, 718.13, 534.46, 703.26, 527.79, 688.40, 527.79, 718.13, 527.79, 29.72, 13.33
3.37, 61, white car, 0.00, 427.52, 32.93, 443.89, 16.47, 435.71, 0.00, 435.71, 32.93, 435.71, 32.93, 16.37
3.40, 11, white car, 686.06, 520.94, 715.02, 533.93, 700.54, 527.44, 686.06, 527.44, 715.02, 527.44, 28.97, 12.99
3.40, 61, white car, 0.00, 427.49, 32.15, 443.90, 16.07, 435.69, 0.00, 435.69, 32.15, 435.69, 32.15, 16.40
3.43, 11, white car, 683.46, 520.57, 712.35, 533.55, 697.90, 527.06, 683.46, 527.06, 712.35, 527.06, 28.89, 12.97
3.43, 61, white car, 0.00, 427.68, 30.97, 443.74, 15.49, 435.71, 0.00, 435.71, 30.97, 435.71, 30.97, 16.07
3.47, 11, white car, 680.72, 520.26, 709.87, 533.33, 695.29, 526.79, 680.72, 526.79, 709.87, 526.79, 29.15, 13.07
3.47, 61, white car, 0.00, 427.37, 30.70, 443.76, 15.35, 435.56, 0.00, 435.56, 30.70, 435.56, 30.70, 16.39
3.50, 11, white car, 678.05, 519.94, 707.19, 533.00, 692.62, 526.47, 678.05, 526.47, 707.19, 526.47, 29.13, 13.06
3.50, 61, white car, 0.00, 427.32, 29.86, 443.60, 14.93, 435.46, 0.00, 435.46, 29.86, 435.46, 29.86, 16.29
3.53, 11, white car, 675.31, 519.72, 704.16, 532.69, 689.74, 526.20, 675.31, 526.20, 704.16, 526.20, 28.86, 12.97
3.53, 61, white car, 0.00, 427.40, 28.66, 443.55, 14.33, 435.47, 0.00, 435.47, 28.66, 435.47, 28.66, 16.14
3.57, 11, white car, 672.99, 519.63, 701.29, 532.39, 687.14, 526.01, 672.99, 526.01, 701.29, 526.01, 28.31, 12.75
3.57, 61, white car, 0.00, 427.42, 27.69, 443.57, 13.85, 435.50, 0.00, 435.50, 27.69, 435.50, 27.69, 16.15
3.60, 11, white car, 670.62, 519.54, 698.42, 532.08, 684.52, 525.81, 670.62, 525.81, 698.42, 525.81, 27.81, 12.54
3.60, 61, white car, 0.00, 427.35, 26.65, 443.50, 13.33, 435.43, 0.00, 435.43, 26.65, 435.43, 26.65, 16.15
3.63, 11, white car, 668.00, 519.35, 695.75, 531.88, 681.87, 525.61, 668.00, 525.61, 695.75, 525.61, 27.76, 12.53
3.63, 61, white car, 0.00, 427.31, 24.97, 443.34, 12.49, 435.33, 0.00, 435.33, 24.97, 435.33, 24.97, 16.03
3.67, 11, white car, 665.69, 519.14, 693.56, 531.77, 679.63, 525.46, 665.69, 525.46, 693.56, 525.46, 27.87, 12.63
3.67, 61, white car, 0.00, 427.33, 23.78, 443.30, 11.89, 435.31, 0.00, 435.31, 23.78, 435.31, 23.78, 15.98
3.70, 11, white car, 663.51, 518.43, 691.43, 531.09, 677.47, 524.76, 663.51, 524.76, 691.43, 524.76, 27.92, 12.66
3.70, 61, white car, 0.00, 427.18, 22.73, 443.18, 11.36, 435.18, 0.00, 435.18, 22.73, 435.18, 22.73, 16.00
3.73, 11, white car, 661.12, 518.18, 688.52, 530.58, 674.82, 524.38, 661.12, 524.38, 688.52, 524.38, 27.40, 12.41
3.73, 61, white car, 0.00, 426.96, 21.68, 443.23, 10.84, 435.10, 0.00, 435.10, 21.68, 435.10, 21.68, 16.26
3.77, 11, white car, 658.33, 517.80, 685.80, 530.25, 672.06, 524.02, 658.33, 524.02, 685.80, 524.02, 27.47, 12.45
3.77, 61, white car, 0.00, 426.77, 20.47, 443.12, 10.24, 434.95, 0.00, 434.95, 20.47, 434.95, 20.47, 16.34
3.80, 11, white car, 655.61, 517.62, 682.98, 530.03, 669.29, 523.83, 655.61, 523.83, 682.98, 523.83, 27.36, 12.40
3.80, 61, white car, 0.00, 426.00, 19.41, 443.32, 9.70, 434.66, 0.00, 434.66, 19.41, 434.66, 19.41, 17.32
3.83, 11, white car, 651.95, 517.06, 680.16, 529.87, 666.05, 523.47, 651.95, 523.47, 680.16, 523.47, 28.21, 12.80
3.83, 61, white car, 0.00, 425.57, 17.86, 443.27, 8.93, 434.42, 0.00, 434.42, 17.86, 434.42, 17.86, 17.70
3.87, 11, white car, 649.13, 516.65, 677.51, 529.52, 663.32, 523.08, 649.13, 523.08, 677.51, 523.08, 28.39, 12.86
3.87, 61, white car, 0.00, 425.28, 16.50, 443.05, 8.25, 434.16, 0.00, 434.16, 16.50, 434.16, 16.50, 17.77
3.90, 11, white car, 647.16, 516.49, 674.90, 528.94, 661.03, 522.71, 647.16, 522.71, 674.90, 522.71, 27.74, 12.46
3.93, 11, white car, 644.63, 516.13, 672.25, 528.51, 658.44, 522.32, 644.63, 522.32, 672.25, 522.32, 27.62, 12.39
3.97, 11, white car, 641.85, 515.54, 669.85, 528.13, 655.85, 521.84, 641.85, 521.84, 669.85, 521.84, 28.00, 12.59
4.00, 11, white car, 638.47, 515.00, 667.24, 527.97, 652.85, 521.49, 638.47, 521.49, 667.24, 521.49, 28.77, 12.97
4.03, 11, white car, 635.68, 514.73, 664.69, 527.81, 650.19, 521.27, 635.68, 521.27, 664.69, 521.27, 29.01, 13.08
4.07, 11, white car, 633.14, 514.39, 661.83, 527.34, 647.48, 520.86, 633.14, 520.86, 661.83, 520.86, 28.69, 12.95
4.10, 11, white car, 630.68, 513.98, 659.04, 526.82, 644.86, 520.40, 630.68, 520.40, 659.04, 520.40, 28.36, 12.84
4.13, 11, white car, 628.00, 513.43, 656.26, 526.27, 642.13, 519.85, 628.00, 519.85, 656.26, 519.85, 28.26, 12.84
4.17, 11, white car, 624.92, 513.11, 653.31, 526.01, 639.12, 519.56, 624.92, 519.56, 653.31, 519.56, 28.39, 12.90
4.20, 11, white car, 622.62, 512.86, 650.42, 525.50, 636.52, 519.18, 622.62, 519.18, 650.42, 519.18, 27.80, 12.64
4.23, 11, white car, 620.20, 512.56, 647.46, 524.94, 633.83, 518.75, 620.20, 518.75, 647.46, 518.75, 27.26, 12.38
4.27, 11, white car, 617.60, 512.25, 644.83, 524.66, 631.21, 518.46, 617.60, 518.46, 644.83, 518.46, 27.23, 12.41
4.30, 11, white car, 614.92, 512.01, 642.45, 524.60, 628.69, 518.31, 614.92, 518.31, 642.45, 518.31, 27.53, 12.59
4.33, 11, white car, 611.77, 511.50, 639.97, 524.45, 625.87, 517.97, 611.77, 517.97, 639.97, 517.97, 28.20, 12.96
4.37, 11, white car, 609.38, 510.98, 637.84, 524.15, 623.61, 517.56, 609.38, 517.56, 637.84, 517.56, 28.46, 13.17
4.63, 11, white car, 588.76, 507.96, 616.21, 520.74, 602.49, 514.35, 588.76, 514.35, 616.21, 514.35, 27.45, 12.78
5.03, 23, black car, 1414.25, 570.07, 1445.36, 582.83, 1429.81, 576.45, 1414.25, 576.45, 1445.36, 576.45, 31.11, 12.77
5.03, 11, white car, 558.27, 503.90, 584.84, 516.36, 571.56, 510.13, 558.27, 510.13, 584.84, 510.13, 26.57, 12.47
5.07, 23, black car, 1411.89, 569.98, 1442.63, 582.59, 1427.26, 576.28, 1411.89, 576.28, 1442.63, 576.28, 30.73, 12.61
5.07, 11, white car, 554.33, 503.42, 581.20, 516.01, 567.77, 509.72, 554.33, 509.72, 581.20, 509.72, 26.87, 12.59
5.10, 23, black car, 1408.53, 569.86, 1439.51, 582.57, 1424.02, 576.21, 1408.53, 576.21, 1439.51, 576.21, 30.98, 12.71
5.10, 11, white car, 551.30, 503.16, 578.53, 515.88, 564.91, 509.52, 551.30, 509.52, 578.53, 509.52, 27.23, 12.73
5.13, 23, black car, 1405.43, 569.72, 1436.51, 582.49, 1420.97, 576.11, 1405.43, 576.11, 1436.51, 576.11, 31.08, 12.76
5.13, 11, white car, 548.81, 502.82, 576.23, 515.64, 562.52, 509.23, 548.81, 509.23, 576.23, 509.23, 27.42, 12.83
5.17, 23, black car, 1402.71, 569.53, 1433.96, 582.40, 1418.34, 575.97, 1402.71, 575.97, 1433.96, 575.97, 31.25, 12.87
5.17, 11, white car, 546.33, 502.47, 573.46, 515.20, 559.90, 508.83, 546.33, 508.83, 573.46, 508.83, 27.14, 12.73
5.20, 23, black car, 1400.01, 569.46, 1431.10, 582.27, 1415.56, 575.86, 1400.01, 575.86, 1431.10, 575.86, 31.10, 12.81
5.20, 11, white car, 543.18, 501.83, 570.49, 514.67, 556.84, 508.25, 543.18, 508.25, 570.49, 508.25, 27.31, 12.84
5.23, 23, black car, 1397.77, 569.39, 1428.22, 581.90, 1413.00, 575.65, 1397.77, 575.65, 1428.22, 575.65, 30.45, 12.51
5.23, 11, white car, 539.97, 501.23, 567.90, 514.41, 553.94, 507.82, 539.97, 507.82, 567.90, 507.82, 27.92, 13.18
5.27, 23, black car, 1394.74, 569.24, 1425.14, 581.67, 1409.94, 575.46, 1394.74, 575.46, 1425.14, 575.46, 30.40, 12.43
5.27, 11, white car, 537.36, 500.76, 565.69, 514.19, 551.53, 507.48, 537.36, 507.48, 565.69, 507.48, 28.33, 13.43
5.30, 23, black car, 1391.78, 569.24, 1421.91, 581.52, 1406.84, 575.38, 1391.78, 575.38, 1421.91, 575.38, 30.14, 12.28
5.30, 11, white car, 534.70, 500.57, 562.76, 513.89, 548.73, 507.23, 534.70, 507.23, 562.76, 507.23, 28.06, 13.32
5.33, 23, black car, 1389.10, 568.96, 1419.73, 581.44, 1404.41, 575.20, 1389.10, 575.20, 1419.73, 575.20, 30.63, 12.48
5.33, 11, white car, 532.53, 500.27, 560.08, 513.38, 546.31, 506.83, 532.53, 506.83, 560.08, 506.83, 27.55, 13.11
5.37, 23, black car, 1386.11, 569.14, 1416.51, 581.49, 1401.31, 575.31, 1386.11, 575.31, 1416.51, 575.31, 30.40, 12.35
5.37, 11, white car, 529.65, 499.62, 557.20, 512.78, 543.42, 506.20, 529.65, 506.20, 557.20, 506.20, 27.54, 13.16
5.40, 23, black car, 1383.47, 569.37, 1413.37, 581.44, 1398.42, 575.40, 1383.47, 575.40, 1413.37, 575.40, 29.91, 12.07
5.40, 11, white car, 526.58, 499.23, 554.41, 512.55, 540.50, 505.89, 526.58, 505.89, 554.41, 505.89, 27.83, 13.32
5.43, 23, black car, 1380.48, 569.36, 1410.25, 581.33, 1395.37, 575.35, 1380.48, 575.35, 1410.25, 575.35, 29.77, 11.96
5.43, 11, white car, 524.18, 499.01, 551.67, 512.20, 537.92, 505.60, 524.18, 505.60, 551.67, 505.60, 27.49, 13.19
5.47, 23, black car, 1377.51, 569.36, 1407.13, 581.24, 1392.32, 575.30, 1377.51, 575.30, 1407.13, 575.30, 29.62, 11.88
5.47, 11, white car, 522.07, 498.85, 549.19, 511.85, 535.63, 505.35, 522.07, 505.35, 549.19, 505.35, 27.12, 12.99
5.50, 23, black car, 1374.58, 569.10, 1404.54, 581.14, 1389.56, 575.12, 1374.58, 575.12, 1404.54, 575.12, 29.97, 12.04
5.50, 11, white car, 519.35, 498.54, 546.64, 511.60, 533.00, 505.07, 519.35, 505.07, 546.64, 505.07, 27.28, 13.06
5.53, 23, black car, 1371.40, 568.99, 1401.50, 581.10, 1386.45, 575.04, 1371.40, 575.04, 1401.50, 575.04, 30.10, 12.11
5.53, 11, white car, 516.76, 498.04, 543.78, 510.96, 530.27, 504.50, 516.76, 504.50, 543.78, 504.50, 27.02, 12.92
5.57, 23, black car, 1368.73, 568.77, 1398.74, 580.83, 1383.74, 574.80, 1368.73, 574.80, 1398.74, 574.80, 30.00, 12.05
5.57, 11, white car, 514.10, 497.80, 541.05, 510.68, 527.58, 504.24, 514.10, 504.24, 541.05, 504.24, 26.95, 12.89
5.60, 23, black car, 1365.60, 568.58, 1395.73, 580.68, 1380.66, 574.63, 1365.60, 574.63, 1395.73, 574.63, 30.13, 12.09
5.60, 11, white car, 511.46, 497.44, 538.73, 510.47, 525.10, 503.96, 511.46, 503.96, 538.73, 503.96, 27.27, 13.03
5.63, 23, black car, 1362.88, 568.56, 1393.37, 580.79, 1378.12, 574.68, 1362.88, 574.68, 1393.37, 574.68, 30.49, 12.23
5.63, 11, white car, 509.30, 497.31, 536.45, 510.24, 522.88, 503.77, 509.30, 503.77, 536.45, 503.77, 27.14, 12.93
5.67, 23, black car, 1359.70, 568.30, 1390.63, 580.72, 1375.17, 574.51, 1359.70, 574.51, 1390.63, 574.51, 30.93, 12.42
5.67, 11, white car, 506.39, 496.81, 534.03, 509.93, 520.21, 503.37, 506.39, 503.37, 534.03, 503.37, 27.64, 13.12
5.70, 23, black car, 1357.12, 568.07, 1387.19, 580.11, 1372.16, 574.09, 1357.12, 574.09, 1387.19, 574.09, 30.08, 12.04
5.70, 11, white car, 503.66, 496.64, 530.79, 509.53, 517.22, 503.09, 503.66, 503.09, 530.79, 503.09, 27.13, 12.89
5.73, 23, black car, 1354.28, 567.70, 1384.59, 579.80, 1369.43, 573.75, 1354.28, 573.75, 1384.59, 573.75, 30.31, 12.10
5.73, 11, white car, 501.17, 496.38, 528.22, 509.24, 514.69, 502.81, 501.17, 502.81, 528.22, 502.81, 27.05, 12.86
5.77, 23, black car, 1351.31, 567.46, 1381.59, 579.52, 1366.45, 573.49, 1351.31, 573.49, 1381.59, 573.49, 30.28, 12.05
5.77, 11, white car, 498.47, 495.89, 525.98, 508.96, 512.22, 502.43, 498.47, 502.43, 525.98, 502.43, 27.51, 13.07
5.80, 23, black car, 1348.67, 567.30, 1379.07, 579.36, 1363.87, 573.33, 1348.67, 573.33, 1379.07, 573.33, 30.40, 12.06
5.80, 11, white car, 496.13, 495.58, 523.89, 508.78, 510.01, 502.18, 496.13, 502.18, 523.89, 502.18, 27.76, 13.20
5.83, 23, black car, 1345.57, 567.32, 1376.02, 579.39, 1360.80, 573.35, 1345.57, 573.35, 1376.02, 573.35, 30.44, 12.08
5.83, 11, white car, 493.62, 495.39, 521.50, 508.61, 507.56, 502.00, 493.62, 502.00, 521.50, 502.00, 27.88, 13.22
5.87, 23, black car, 1342.31, 567.29, 1372.26, 579.13, 1357.28, 573.21, 1342.31, 573.21, 1372.26, 573.21, 29.95, 11.84
5.87, 11, white car, 490.40, 494.97, 518.37, 508.21, 504.39, 501.59, 490.40, 501.59, 518.37, 501.59, 27.98, 13.24
5.90, 23, black car, 1339.52, 567.22, 1369.03, 578.87, 1354.28, 573.04, 1339.52, 573.04, 1369.03, 573.04, 29.51, 11.65
5.90, 11, white car, 487.63, 494.64, 515.57, 507.87, 501.60, 501.26, 487.63, 501.26, 515.57, 501.26, 27.95, 13.23
5.93, 23, black car, 1336.44, 567.10, 1366.35, 578.91, 1351.39, 573.01, 1336.44, 573.01, 1366.35, 573.01, 29.92, 11.81
5.93, 11, white car, 484.89, 494.21, 512.99, 507.50, 498.94, 500.86, 484.89, 500.86, 512.99, 500.86, 28.10, 13.29
5.97, 23, black car, 1333.27, 567.06, 1363.59, 579.06, 1348.43, 573.06, 1333.27, 573.06, 1363.59, 573.06, 30.32, 12.00
5.97, 11, white car, 482.65, 493.87, 510.65, 507.08, 496.65, 500.48, 482.65, 500.48, 510.65, 500.48, 28.01, 13.21
6.00, 23, black car, 1330.91, 566.87, 1361.02, 578.82, 1345.97, 572.84, 1330.91, 572.84, 1361.02, 572.84, 30.11, 11.94
6.00, 11, white car, 480.25, 493.48, 508.24, 506.65, 494.24, 500.07, 480.25, 500.07, 508.24, 500.07, 27.99, 13.17
6.03, 23, black car, 1327.99, 566.99, 1358.13, 578.93, 1343.06, 572.96, 1327.99, 572.96, 1358.13, 572.96, 30.14, 11.94
6.03, 11, white car, 477.38, 492.97, 505.75, 506.29, 491.57, 499.63, 477.38, 499.63, 505.75, 499.63, 28.37, 13.32
6.07, 23, black car, 1324.63, 566.65, 1354.83, 578.58, 1339.73, 572.62, 1324.63, 572.62, 1354.83, 572.62, 30.20, 11.93
6.07, 11, white car, 474.68, 492.50, 502.95, 505.77, 488.82, 499.13, 474.68, 499.13, 502.95, 499.13, 28.27, 13.27
6.10, 23, black car, 1321.87, 566.65, 1351.64, 578.40, 1336.76, 572.53, 1321.87, 572.53, 1351.64, 572.53, 29.77, 11.75
6.10, 11, white car, 472.12, 492.24, 500.39, 505.52, 486.25, 498.88, 472.12, 498.88, 500.39, 498.88, 28.27, 13.28
6.13, 23, black car, 1318.95, 566.47, 1348.87, 578.27, 1333.91, 572.37, 1318.95, 572.37, 1348.87, 572.37, 29.92, 11.80
6.13, 11, white car, 469.27, 492.00, 497.51, 505.26, 483.39, 498.63, 469.27, 498.63, 497.51, 498.63, 28.24, 13.26
6.17, 23, black car, 1315.42, 566.35, 1345.68, 578.30, 1330.55, 572.32, 1315.42, 572.32, 1345.68, 572.32, 30.25, 11.94
6.17, 11, white car, 466.81, 491.68, 495.42, 505.09, 481.12, 498.39, 466.81, 498.39, 495.42, 498.39, 28.61, 13.41
6.20, 23, black car, 1312.23, 565.99, 1342.78, 578.04, 1327.50, 572.02, 1312.23, 572.02, 1342.78, 572.02, 30.56, 12.06
6.20, 11, white car, 464.45, 491.41, 492.20, 504.38, 478.32, 497.89, 464.45, 497.89, 492.20, 497.89, 27.75, 12.97
6.23, 23, black car, 1309.11, 565.67, 1339.87, 577.83, 1324.49, 571.75, 1309.11, 571.75, 1339.87, 571.75, 30.76, 12.16
6.23, 11, white car, 462.28, 491.09, 489.59, 503.80, 475.94, 497.44, 462.28, 497.44, 489.59, 497.44, 27.30, 12.71
6.27, 23, black car, 1305.89, 565.37, 1337.17, 577.74, 1321.53, 571.56, 1305.89, 571.56, 1337.17, 571.56, 31.28, 12.38
6.27, 11, white car, 459.92, 490.92, 486.64, 503.35, 473.28, 497.14, 459.92, 497.14, 486.64, 497.14, 26.72, 12.42
6.30, 23, black car, 1303.10, 564.99, 1334.99, 577.63, 1319.04, 571.31, 1303.10, 571.31, 1334.99, 571.31, 31.89, 12.64
6.30, 11, white car, 457.10, 490.63, 484.04, 503.11, 470.57, 496.87, 457.10, 496.87, 484.04, 496.87, 26.94, 12.49
6.33, 23, black car, 1300.77, 564.97, 1332.51, 577.54, 1316.64, 571.25, 1300.77, 571.25, 1332.51, 571.25, 31.74, 12.58
6.33, 11, white car, 454.36, 490.38, 481.50, 502.95, 467.93, 496.66, 454.36, 496.66, 481.50, 496.66, 27.14, 12.57
6.37, 23, black car, 1297.58, 565.13, 1328.80, 577.49, 1313.19, 571.31, 1297.58, 571.31, 1328.80, 571.31, 31.22, 12.36
6.37, 11, white car, 451.68, 489.95, 479.36, 502.73, 465.52, 496.34, 451.68, 496.34, 479.36, 496.34, 27.69, 12.78
6.40, 23, black car, 1294.67, 565.25, 1324.87, 577.22, 1309.77, 571.24, 1294.67, 571.24, 1324.87, 571.24, 30.20, 11.97
6.40, 11, white car, 449.02, 489.63, 476.31, 502.22, 462.67, 495.93, 449.02, 495.93, 476.31, 495.93, 27.30, 12.58
6.43, 23, black car, 1292.02, 564.88, 1322.12, 576.86, 1307.07, 570.87, 1292.02, 570.87, 1322.12, 570.87, 30.10, 11.97
6.43, 11, white car, 446.97, 489.56, 474.08, 502.08, 460.52, 495.82, 446.97, 495.82, 474.08, 495.82, 27.12, 12.53
6.47, 23, black car, 1289.81, 564.95, 1319.94, 576.95, 1304.87, 570.95, 1289.81, 570.95, 1319.94, 570.95, 30.13, 12.00
6.47, 11, white car, 444.57, 489.25, 471.83, 501.87, 458.20, 495.56, 444.57, 495.56, 471.83, 495.56, 27.26, 12.62
6.50, 23, black car, 1286.45, 564.86, 1316.45, 576.78, 1301.45, 570.82, 1286.45, 570.82, 1316.45, 570.82, 30.00, 11.91
6.50, 11, white car, 441.41, 488.46, 469.65, 501.58, 455.53, 495.02, 441.41, 495.02, 469.65, 495.02, 28.24, 13.12
6.53, 23, black car, 1282.98, 564.68, 1312.93, 576.57, 1297.95, 570.62, 1282.98, 570.62, 1312.93, 570.62, 29.95, 11.88
6.53, 11, white car, 438.28, 487.80, 467.24, 501.28, 452.76, 494.54, 438.28, 494.54, 467.24, 494.54, 28.95, 13.47
6.57, 23, black car, 1279.57, 564.54, 1309.50, 576.41, 1294.54, 570.47, 1279.57, 570.47, 1309.50, 570.47, 29.93, 11.87
6.57, 11, white car, 435.64, 487.42, 464.60, 500.90, 450.12, 494.16, 435.64, 494.16, 464.60, 494.16, 28.96, 13.48
6.60, 23, black car, 1276.16, 564.09, 1306.88, 576.30, 1291.52, 570.20, 1276.16, 570.20, 1306.88, 570.20, 30.72, 12.22
6.60, 11, white car, 433.15, 487.09, 461.90, 500.52, 447.53, 493.81, 433.15, 493.81, 461.90, 493.81, 28.75, 13.43
6.63, 23, black car, 1273.73, 564.05, 1304.52, 576.32, 1289.13, 570.18, 1273.73, 570.18, 1304.52, 570.18, 30.79, 12.27
6.63, 11, white car, 430.29, 486.46, 459.02, 499.96, 444.65, 493.21, 430.29, 493.21, 459.02, 493.21, 28.73, 13.50
6.67, 23, black car, 1270.76, 563.80, 1302.02, 576.25, 1286.39, 570.03, 1270.76, 570.03, 1302.02, 570.03, 31.26, 12.45
6.67, 11, white car, 427.57, 486.05, 456.45, 499.68, 442.01, 492.87, 427.57, 492.87, 456.45, 492.87, 28.88, 13.63
6.70, 23, black car, 1267.89, 563.85, 1298.75, 576.11, 1283.32, 569.98, 1267.89, 569.98, 1298.75, 569.98, 30.86, 12.26
6.70, 11, white car, 425.58, 485.80, 453.88, 499.19, 439.73, 492.50, 425.58, 492.50, 453.88, 492.50, 28.30, 13.39
6.73, 23, black car, 1264.30, 563.69, 1295.13, 575.96, 1279.72, 569.83, 1264.30, 569.83, 1295.13, 569.83, 30.83, 12.27
6.73, 11, white car, 423.60, 485.62, 451.51, 498.81, 437.56, 492.21, 423.60, 492.21, 451.51, 492.21, 27.91, 13.18
6.77, 23, black car, 1261.55, 563.61, 1292.38, 575.92, 1276.97, 569.76, 1261.55, 569.76, 1292.38, 569.76, 30.83, 12.32
6.77, 11, white car, 420.68, 485.34, 448.76, 498.63, 434.72, 491.99, 420.68, 491.99, 448.76, 491.99, 28.09, 13.29
6.80, 23, black car, 1258.61, 563.47, 1289.74, 575.92, 1274.18, 569.70, 1258.61, 569.70, 1289.74, 569.70, 31.13, 12.45
6.80, 11, white car, 417.91, 484.94, 445.53, 498.07, 431.72, 491.51, 417.91, 491.51, 445.53, 491.51, 27.63, 13.13
6.83, 11, white car, 415.28, 484.73, 442.76, 497.81, 429.02, 491.27, 415.28, 491.27, 442.76, 491.27, 27.48, 13.08
6.87, 11, white car, 412.70, 484.42, 440.49, 497.64, 426.60, 491.03, 412.70, 491.03, 440.49, 491.03, 27.79, 13.22
6.90, 11, white car, 410.67, 483.97, 438.32, 497.08, 424.50, 490.53, 410.67, 490.53, 438.32, 490.53, 27.65, 13.11
6.93, 11, white car, 407.96, 483.78, 435.53, 496.83, 421.75, 490.31, 407.96, 490.31, 435.53, 490.31, 27.58, 13.05
6.97, 11, white car, 406.15, 483.51, 433.50, 496.51, 419.82, 490.01, 406.15, 490.01, 433.50, 490.01, 27.35, 12.99
7.00, 11, white car, 403.83, 483.37, 430.91, 496.26, 417.37, 489.81, 403.83, 489.81, 430.91, 489.81, 27.08, 12.89
7.07, 11, white car, 399.24, 482.77, 425.95, 495.50, 412.60, 489.13, 399.24, 489.13, 425.95, 489.13, 26.71, 12.73
7.10, 11, white car, 397.15, 482.35, 423.77, 495.06, 410.46, 488.70, 397.15, 488.70, 423.77, 488.70, 26.62, 12.71
7.27, 11, white car, 382.10, 479.79, 412.18, 494.32, 397.14, 487.05, 382.10, 487.05, 412.18, 487.05, 30.09, 14.53
7.30, 11, white car, 380.91, 479.67, 410.26, 494.00, 395.59, 486.84, 380.91, 486.84, 410.26, 486.84, 29.35, 14.33
7.33, 11, white car, 377.54, 479.13, 406.65, 493.41, 392.10, 486.27, 377.54, 486.27, 406.65, 486.27, 29.11, 14.28
7.37, 11, white car, 375.59, 478.93, 403.98, 492.97, 389.79, 485.95, 375.59, 485.95, 403.98, 485.95, 28.40, 14.04
7.40, 11, white car, 373.56, 478.64, 401.57, 492.47, 387.57, 485.55, 373.56, 485.55, 401.57, 485.55, 28.00, 13.83
7.40, 23, black car, 1205.71, 560.48, 1235.28, 572.34, 1220.49, 566.41, 1205.71, 566.41, 1235.28, 566.41, 29.58, 11.86
7.43, 11, white car, 371.17, 478.32, 399.13, 492.10, 385.15, 485.21, 371.17, 485.21, 399.13, 485.21, 27.97, 13.78
7.43, 23, black car, 1202.66, 560.32, 1232.49, 572.24, 1217.57, 566.28, 1202.66, 566.28, 1232.49, 566.28, 29.82, 11.91
7.47, 11, white car, 369.19, 478.09, 397.19, 491.85, 383.19, 484.97, 369.19, 484.97, 397.19, 484.97, 28.00, 13.76
7.47, 23, black car, 1199.54, 560.16, 1229.92, 572.28, 1214.73, 566.22, 1199.54, 566.22, 1229.92, 566.22, 30.39, 12.12
7.50, 11, white car, 366.77, 477.96, 394.53, 491.57, 380.65, 484.76, 366.77, 484.76, 394.53, 484.76, 27.76, 13.61
7.50, 23, black car, 1196.26, 559.63, 1227.35, 572.07, 1211.80, 565.85, 1196.26, 565.85, 1227.35, 565.85, 31.10, 12.44
7.53, 11, white car, 364.19, 477.62, 392.34, 491.44, 378.26, 484.53, 364.19, 484.53, 392.34, 484.53, 28.15, 13.81
7.53, 23, black car, 1193.22, 559.10, 1224.91, 571.80, 1209.07, 565.45, 1193.22, 565.45, 1224.91, 565.45, 31.70, 12.69
7.57, 23, black car, 1190.00, 559.11, 1221.73, 571.84, 1205.87, 565.47, 1190.00, 565.47, 1221.73, 565.47, 31.73, 12.73
7.60, 23, black car, 1187.63, 558.86, 1219.55, 571.70, 1203.59, 565.28, 1187.63, 565.28, 1219.55, 565.28, 31.92, 12.84
7.63, 23, black car, 1184.62, 558.72, 1216.56, 571.59, 1200.59, 565.15, 1184.62, 565.15, 1216.56, 565.15, 31.93, 12.88
7.67, 23, black car, 1181.88, 558.73, 1213.46, 571.45, 1197.67, 565.09, 1181.88, 565.09, 1213.46, 565.09, 31.58, 12.72
7.70, 23, black car, 1179.00, 558.44, 1210.73, 571.23, 1194.86, 564.83, 1179.00, 564.83, 1210.73, 564.83, 31.73, 12.78
7.73, 23, black car, 1175.81, 558.20, 1207.81, 571.09, 1191.81, 564.65, 1175.81, 564.65, 1207.81, 564.65, 32.00, 12.89
7.77, 23, black car, 1172.64, 558.07, 1204.48, 570.88, 1188.56, 564.47, 1172.64, 564.47, 1204.48, 564.47, 31.84, 12.80
7.77, 11, white car, 347.06, 475.92, 373.82, 489.09, 360.44, 482.51, 347.06, 482.51, 373.82, 482.51, 26.76, 13.17
7.80, 23, black car, 1169.85, 557.87, 1201.80, 570.73, 1185.83, 564.30, 1169.85, 564.30, 1201.80, 564.30, 31.95, 12.86
7.80, 11, white car, 345.23, 475.63, 371.42, 488.50, 358.33, 482.06, 345.23, 482.06, 371.42, 482.06, 26.20, 12.87
7.83, 23, black car, 1166.89, 557.73, 1198.71, 570.51, 1182.80, 564.12, 1166.89, 564.12, 1198.71, 564.12, 31.82, 12.78
7.83, 11, white car, 342.64, 475.02, 369.38, 488.16, 356.01, 481.59, 342.64, 481.59, 369.38, 481.59, 26.74, 13.14
7.87, 23, black car, 1163.59, 557.63, 1195.62, 570.50, 1179.60, 564.07, 1163.59, 564.07, 1195.62, 564.07, 32.04, 12.87
7.87, 11, white car, 340.79, 474.83, 367.12, 487.80, 353.95, 481.32, 340.79, 481.32, 367.12, 481.32, 26.33, 12.97
7.90, 23, black car, 1160.80, 557.66, 1192.01, 570.23, 1176.40, 563.94, 1160.80, 563.94, 1192.01, 563.94, 31.22, 12.57
7.90, 11, white car, 338.62, 474.70, 364.67, 487.55, 351.64, 481.12, 338.62, 481.12, 364.67, 481.12, 26.05, 12.85
7.93, 23, black car, 1158.05, 557.53, 1188.85, 569.92, 1173.45, 563.72, 1158.05, 563.72, 1188.85, 563.72, 30.79, 12.39
7.93, 11, white car, 335.94, 474.34, 362.06, 487.28, 349.00, 480.81, 335.94, 480.81, 362.06, 480.81, 26.12, 12.94
7.97, 23, black car, 1155.42, 557.44, 1186.33, 569.84, 1170.87, 563.64, 1155.42, 563.64, 1186.33, 563.64, 30.91, 12.40
7.97, 11, white car, 334.01, 474.12, 359.73, 486.94, 346.87, 480.53, 334.01, 480.53, 359.73, 480.53, 25.72, 12.81
8.00, 23, black car, 1152.71, 557.39, 1183.20, 569.59, 1167.96, 563.49, 1152.71, 563.49, 1183.20, 563.49, 30.49, 12.20
8.00, 11, white car, 332.26, 473.90, 357.54, 486.54, 344.90, 480.22, 332.26, 480.22, 357.54, 480.22, 25.28, 12.64
8.03, 23, black car, 1149.42, 557.03, 1180.49, 569.45, 1164.95, 563.24, 1149.42, 563.24, 1180.49, 563.24, 31.07, 12.41
8.03, 11, white car, 329.40, 473.39, 355.59, 486.46, 342.49, 479.93, 329.40, 479.93, 355.59, 479.93, 26.19, 13.07
8.07, 23, black car, 1146.41, 557.11, 1177.14, 569.38, 1161.78, 563.25, 1146.41, 563.25, 1177.14, 563.25, 30.74, 12.26
8.07, 11, white car, 327.09, 473.14, 353.34, 486.19, 340.22, 479.66, 327.09, 479.66, 353.34, 479.66, 26.24, 13.05
8.10, 23, black car, 1143.37, 556.96, 1174.08, 569.17, 1158.72, 563.06, 1143.37, 563.06, 1174.08, 563.06, 30.70, 12.21
8.10, 11, white car, 324.88, 472.94, 350.59, 485.73, 337.74, 479.34, 324.88, 479.34, 350.59, 479.34, 25.71, 12.79
8.13, 23, black car, 1140.32, 556.72, 1171.20, 568.99, 1155.76, 562.86, 1140.32, 562.86, 1171.20, 562.86, 30.88, 12.27
8.13, 11, white car, 322.57, 472.43, 348.83, 485.49, 335.70, 478.96, 322.57, 478.96, 348.83, 478.96, 26.27, 13.06
8.17, 23, black car, 1136.78, 556.35, 1168.53, 568.96, 1152.65, 562.65, 1136.78, 562.65, 1168.53, 562.65, 31.74, 12.61
8.17, 11, white car, 320.23, 471.96, 346.74, 485.16, 333.49, 478.56, 320.23, 478.56, 346.74, 478.56, 26.51, 13.20
8.20, 23, black car, 1133.88, 556.02, 1166.27, 568.93, 1150.08, 562.47, 1133.88, 562.47, 1166.27, 562.47, 32.39, 12.91
8.20, 11, white car, 317.89, 471.58, 344.07, 484.61, 330.98, 478.10, 317.89, 478.10, 344.07, 478.10, 26.18, 13.04
8.23, 23, black car, 1131.21, 555.91, 1163.34, 568.71, 1147.27, 562.31, 1131.21, 562.31, 1163.34, 562.31, 32.13, 12.80
8.23, 11, white car, 314.91, 471.01, 341.57, 484.25, 328.24, 477.63, 314.91, 477.63, 341.57, 477.63, 26.66, 13.24
8.27, 23, black car, 1128.28, 555.80, 1160.37, 568.57, 1144.32, 562.18, 1128.28, 562.18, 1160.37, 562.18, 32.09, 12.77
8.27, 11, white car, 312.93, 470.70, 339.53, 483.87, 326.23, 477.29, 312.93, 477.29, 339.53, 477.29, 26.60, 13.17
8.30, 23, black car, 1125.93, 555.98, 1157.46, 568.52, 1141.70, 562.25, 1125.93, 562.25, 1157.46, 562.25, 31.53, 12.54
8.30, 11, white car, 310.64, 470.71, 336.89, 483.67, 323.77, 477.19, 310.64, 477.19, 336.89, 477.19, 26.26, 12.96
8.33, 23, black car, 1123.07, 555.74, 1154.51, 568.26, 1138.79, 562.00, 1123.07, 562.00, 1154.51, 562.00, 31.44, 12.52
8.33, 11, white car, 308.63, 470.46, 335.26, 483.56, 321.95, 477.01, 308.63, 477.01, 335.26, 477.01, 26.62, 13.10
8.37, 23, black car, 1119.61, 555.49, 1151.25, 568.08, 1135.43, 561.78, 1119.61, 561.78, 1151.25, 561.78, 31.64, 12.59
8.37, 11, white car, 307.32, 470.17, 333.89, 483.17, 320.60, 476.67, 307.32, 476.67, 333.89, 476.67, 26.57, 13.01
8.40, 23, black car, 1116.61, 555.37, 1147.42, 567.61, 1132.02, 561.49, 1116.61, 561.49, 1147.42, 561.49, 30.81, 12.24
8.40, 11, white car, 304.58, 469.86, 331.04, 482.79, 317.81, 476.33, 304.58, 476.33, 331.04, 476.33, 26.47, 12.94
8.43, 23, black car, 1113.98, 555.18, 1144.59, 567.32, 1129.29, 561.25, 1113.98, 561.25, 1144.59, 561.25, 30.61, 12.14
8.43, 11, white car, 302.23, 469.59, 328.86, 482.56, 315.55, 476.07, 302.23, 476.07, 328.86, 476.07, 26.63, 12.98
8.47, 23, black car, 1110.94, 555.02, 1141.45, 567.09, 1126.20, 561.05, 1110.94, 561.05, 1141.45, 561.05, 30.51, 12.07
8.47, 11, white car, 300.27, 469.15, 327.49, 482.38, 313.88, 475.77, 300.27, 475.77, 327.49, 475.77, 27.22, 13.23
8.50, 23, black car, 1108.66, 555.05, 1138.72, 566.92, 1123.69, 560.98, 1108.66, 560.98, 1138.72, 560.98, 30.05, 11.87
8.50, 11, white car, 298.33, 468.91, 325.70, 482.22, 312.01, 475.56, 298.33, 475.56, 325.70, 475.56, 27.37, 13.31
8.53, 23, black car, 1105.59, 554.85, 1136.04, 566.87, 1120.82, 560.86, 1105.59, 560.86, 1136.04, 560.86, 30.45, 12.01
8.53, 11, white car, 296.58, 468.44, 324.02, 481.75, 310.30, 475.10, 296.58, 475.10, 324.02, 475.10, 27.45, 13.31
8.57, 23, black car, 1102.88, 554.63, 1132.86, 566.41, 1117.87, 560.52, 1102.88, 560.52, 1132.86, 560.52, 29.97, 11.78
8.57, 11, white car, 294.22, 468.15, 321.97, 481.58, 308.10, 474.87, 294.22, 474.87, 321.97, 474.87, 27.75, 13.43
8.60, 23, black car, 1099.33, 554.60, 1129.11, 566.28, 1114.22, 560.44, 1099.33, 560.44, 1129.11, 560.44, 29.78, 11.67
8.60, 11, white car, 292.08, 468.13, 319.56, 481.47, 305.82, 474.80, 292.08, 474.80, 319.56, 474.80, 27.48, 13.34
8.63, 23, black car, 1096.43, 554.18, 1126.13, 565.80, 1111.28, 559.99, 1096.43, 559.99, 1126.13, 559.99, 29.71, 11.63
8.63, 11, white car, 289.81, 467.74, 317.70, 481.30, 303.76, 474.52, 289.81, 474.52, 317.70, 474.52, 27.89, 13.56
8.67, 23, black car, 1093.37, 553.78, 1123.57, 565.57, 1108.47, 559.68, 1093.37, 559.68, 1123.57, 559.68, 30.20, 11.80
8.67, 11, white car, 287.48, 467.51, 315.72, 481.21, 301.60, 474.36, 287.48, 474.36, 315.72, 474.36, 28.24, 13.70
8.70, 23, black car, 1091.06, 553.93, 1120.75, 565.50, 1105.90, 559.71, 1091.06, 559.71, 1120.75, 559.71, 29.69, 11.56
8.70, 11, white car, 285.47, 467.19, 314.03, 481.06, 299.75, 474.13, 285.47, 474.13, 314.03, 474.13, 28.56, 13.87
8.73, 23, black car, 1088.02, 553.53, 1117.14, 564.79, 1102.58, 559.16, 1088.02, 559.16, 1117.14, 559.16, 29.13, 11.26
8.73, 11, white car, 283.51, 466.82, 312.30, 480.75, 297.90, 473.78, 283.51, 473.78, 312.30, 473.78, 28.79, 13.93
8.77, 23, black car, 1084.53, 552.93, 1114.62, 564.52, 1099.57, 558.73, 1084.53, 558.73, 1114.62, 558.73, 30.10, 11.60
8.77, 11, white car, 281.34, 466.38, 310.13, 480.27, 295.74, 473.32, 281.34, 473.32, 310.13, 473.32, 28.79, 13.88
8.80, 23, black car, 1081.92, 553.03, 1112.08, 564.60, 1097.00, 558.82, 1081.92, 558.82, 1112.08, 558.82, 30.16, 11.57
8.80, 11, white car, 278.88, 465.93, 307.75, 479.84, 293.32, 472.89, 278.88, 472.89, 307.75, 472.89, 28.87, 13.91
8.83, 23, black car, 1078.66, 552.76, 1109.05, 564.40, 1093.85, 558.58, 1078.66, 558.58, 1109.05, 558.58, 30.39, 11.64
8.83, 11, white car, 276.78, 465.98, 305.11, 479.63, 290.95, 472.80, 276.78, 472.80, 305.11, 472.80, 28.33, 13.65
8.87, 23, black car, 1075.51, 552.56, 1105.79, 564.18, 1090.65, 558.37, 1075.51, 558.37, 1105.79, 558.37, 30.29, 11.63
8.87, 11, white car, 275.02, 465.96, 302.76, 479.33, 288.89, 472.65, 275.02, 472.65, 302.76, 472.65, 27.75, 13.38
8.90, 23, black car, 1072.31, 552.50, 1102.50, 564.07, 1087.41, 558.28, 1072.31, 558.28, 1102.50, 558.28, 30.19, 11.58
8.90, 11, white car, 272.36, 465.35, 301.17, 479.28, 286.77, 472.31, 272.36, 472.31, 301.17, 472.31, 28.81, 13.93
8.93, 23, black car, 1069.27, 552.43, 1099.39, 563.99, 1084.33, 558.21, 1069.27, 558.21, 1099.39, 558.21, 30.12, 11.56
8.93, 11, white car, 270.62, 464.88, 299.84, 479.03, 285.23, 471.95, 270.62, 471.95, 299.84, 471.95, 29.22, 14.15
8.97, 23, black car, 1066.48, 552.00, 1096.88, 563.69, 1081.68, 557.84, 1066.48, 557.84, 1096.88, 557.84, 30.39, 11.70
8.97, 11, white car, 268.72, 464.50, 298.18, 478.72, 283.45, 471.61, 268.72, 471.61, 298.18, 471.61, 29.46, 14.22
9.00, 23, black car, 1063.47, 551.73, 1094.26, 563.61, 1078.87, 557.67, 1063.47, 557.67, 1094.26, 557.67, 30.79, 11.88
9.00, 11, white car, 266.88, 464.25, 295.97, 478.25, 281.42, 471.25, 266.88, 471.25, 295.97, 471.25, 29.08, 14.00
9.03, 23, black car, 1061.37, 551.81, 1091.76, 563.55, 1076.56, 557.68, 1061.37, 557.68, 1091.76, 557.68, 30.38, 11.74
9.03, 11, white car, 264.83, 463.89, 293.54, 477.71, 279.19, 470.80, 264.83, 470.80, 293.54, 470.80, 28.71, 13.82
9.07, 23, black car, 1057.99, 551.55, 1088.79, 563.44, 1073.39, 557.50, 1057.99, 557.50, 1088.79, 557.50, 30.80, 11.89
9.07, 11, white car, 262.44, 463.68, 291.04, 477.45, 276.74, 470.57, 262.44, 470.57, 291.04, 470.57, 28.60, 13.76
9.10, 23, black car, 1054.57, 551.20, 1086.16, 563.39, 1070.36, 557.29, 1054.57, 557.29, 1086.16, 557.29, 31.60, 12.19
9.10, 11, white car, 259.93, 463.60, 288.67, 477.41, 274.30, 470.50, 259.93, 470.50, 288.67, 470.50, 28.74, 13.81
9.13, 23, black car, 1051.86, 550.88, 1083.64, 563.16, 1067.75, 557.02, 1051.86, 557.02, 1083.64, 557.02, 31.78, 12.28
9.13, 11, white car, 257.91, 463.39, 286.53, 477.08, 272.22, 470.24, 257.91, 470.24, 286.53, 470.24, 28.62, 13.69
9.17, 23, black car, 1049.23, 550.79, 1080.67, 562.98, 1064.95, 556.89, 1049.23, 556.89, 1080.67, 556.89, 31.43, 12.19
9.17, 11, white car, 255.93, 463.12, 284.53, 476.74, 270.23, 469.93, 255.93, 469.93, 284.53, 469.93, 28.61, 13.63
9.20, 23, black car, 1046.06, 550.64, 1077.15, 562.68, 1061.61, 556.66, 1046.06, 556.66, 1077.15, 556.66, 31.08, 12.04
9.20, 11, white car, 253.63, 462.74, 281.94, 476.19, 267.78, 469.47, 253.63, 469.47, 281.94, 469.47, 28.32, 13.46
9.23, 23, black car, 1042.89, 550.58, 1073.35, 562.39, 1058.12, 556.48, 1042.89, 556.48, 1073.35, 556.48, 30.47, 11.81
9.23, 11, white car, 251.70, 462.52, 279.49, 475.71, 265.60, 469.12, 251.70, 469.12, 279.49, 469.12, 27.79, 13.19
9.27, 23, black car, 1039.74, 550.28, 1070.33, 562.16, 1055.03, 556.22, 1039.74, 556.22, 1070.33, 556.22, 30.59, 11.87
9.27, 11, white car, 250.20, 462.39, 277.41, 475.32, 263.81, 468.86, 250.20, 468.86, 277.41, 468.86, 27.21, 12.94
9.30, 23, black car, 1036.36, 549.98, 1067.52, 562.11, 1051.94, 556.05, 1036.36, 556.05, 1067.52, 556.05, 31.16, 12.13
9.30, 11, white car, 248.49, 462.30, 275.51, 475.17, 262.00, 468.73, 248.49, 468.73, 275.51, 468.73, 27.02, 12.87
9.33, 23, black car, 1033.26, 549.98, 1064.55, 562.20, 1048.91, 556.09, 1033.26, 556.09, 1064.55, 556.09, 31.28, 12.21
9.33, 11, white car, 246.74, 462.12, 273.46, 474.85, 260.10, 468.49, 246.74, 468.49, 273.46, 468.49, 26.72, 12.73
9.37, 23, black car, 1030.26, 549.60, 1061.43, 561.83, 1045.85, 555.71, 1030.26, 555.71, 1061.43, 555.71, 31.17, 12.23
9.37, 11, white car, 245.10, 461.90, 272.13, 474.75, 258.62, 468.33, 245.10, 468.33, 272.13, 468.33, 27.03, 12.85
9.40, 23, black car, 1026.64, 549.37, 1057.42, 561.46, 1042.03, 555.41, 1026.64, 555.41, 1057.42, 555.41, 30.78, 12.08
9.40, 11, white car, 242.86, 461.48, 270.31, 474.52, 256.58, 468.00, 242.86, 468.00, 270.31, 468.00, 27.45, 13.04
9.43, 23, black car, 1023.36, 548.99, 1054.47, 561.22, 1038.92, 555.10, 1023.36, 555.10, 1054.47, 555.10, 31.11, 12.23
9.43, 11, white car, 240.82, 461.13, 268.42, 474.20, 254.62, 467.67, 240.82, 467.67, 268.42, 467.67, 27.60, 13.07
9.47, 23, black car, 1021.39, 548.89, 1052.49, 561.16, 1036.94, 555.03, 1021.39, 555.03, 1052.49, 555.03, 31.10, 12.28
9.47, 11, white car, 239.27, 461.00, 266.71, 473.94, 252.99, 467.47, 239.27, 467.47, 266.71, 467.47, 27.44, 12.94
9.50, 23, black car, 1018.94, 548.75, 1050.13, 561.08, 1034.53, 554.91, 1018.94, 554.91, 1050.13, 554.91, 31.20, 12.33
9.50, 11, white car, 237.51, 460.68, 264.98, 473.67, 251.25, 467.18, 237.51, 467.18, 264.98, 467.18, 27.47, 12.99
9.53, 23, black car, 1016.16, 548.69, 1047.24, 560.96, 1031.70, 554.82, 1016.16, 554.82, 1047.24, 554.82, 31.08, 12.27
9.53, 11, white car, 235.24, 460.31, 262.92, 473.44, 249.08, 466.87, 235.24, 466.87, 262.92, 466.87, 27.68, 13.13
9.57, 23, black car, 1013.35, 548.49, 1044.22, 560.68, 1028.78, 554.59, 1013.35, 554.59, 1044.22, 554.59, 30.86, 12.19
9.57, 11, white car, 233.56, 459.91, 260.87, 472.92, 247.22, 466.41, 233.56, 466.41, 260.87, 466.41, 27.31, 13.01
9.60, 23, black car, 1010.08, 548.26, 1040.94, 560.48, 1025.51, 554.37, 1010.08, 554.37, 1040.94, 554.37, 30.86, 12.22
9.60, 11, white car, 231.70, 459.74, 258.85, 472.69, 245.27, 466.22, 231.70, 466.22, 258.85, 466.22, 27.15, 12.95
9.63, 23, black car, 1006.76, 548.15, 1038.01, 560.55, 1022.39, 554.35, 1006.76, 554.35, 1038.01, 554.35, 31.25, 12.40
9.63, 11, white car, 229.18, 459.53, 256.30, 472.51, 242.74, 466.02, 229.18, 466.02, 256.30, 466.02, 27.12, 12.98
9.67, 23, black car, 1004.52, 548.03, 1035.42, 560.30, 1019.97, 554.17, 1004.52, 554.17, 1035.42, 554.17, 30.90, 12.27
9.67, 11, white car, 226.82, 459.05, 254.20, 472.16, 240.51, 465.61, 226.82, 465.61, 254.20, 465.61, 27.38, 13.11
9.70, 23, black car, 1001.75, 547.73, 1032.68, 560.03, 1017.21, 553.88, 1001.75, 553.88, 1032.68, 553.88, 30.93, 12.30
9.70, 11, white car, 225.08, 458.71, 252.43, 471.87, 238.76, 465.29, 225.08, 465.29, 252.43, 465.29, 27.35, 13.16
9.73, 23, black car, 998.92, 547.50, 1029.48, 559.63, 1014.20, 553.57, 998.92, 553.57, 1029.48, 553.57, 30.56, 12.13
9.73, 11, white car, 222.65, 458.01, 250.22, 471.29, 236.43, 464.65, 222.65, 464.65, 250.22, 464.65, 27.57, 13.28
9.77, 23, black car, 995.85, 547.34, 1025.91, 559.27, 1010.88, 553.31, 995.85, 553.31, 1025.91, 553.31, 30.06, 11.92
9.80, 23, black car, 992.90, 547.49, 1022.62, 559.29, 1007.76, 553.39, 992.90, 553.39, 1022.62, 553.39, 29.72, 11.80
9.80, 11, white car, 216.83, 457.02, 245.10, 470.65, 230.97, 463.83, 216.83, 463.83, 245.10, 463.83, 28.27, 13.64
9.83, 23, black car, 990.40, 547.44, 1019.99, 559.17, 1005.20, 553.30, 990.40, 553.30, 1019.99, 553.30, 29.59, 11.73
9.83, 11, white car, 214.90, 456.53, 243.50, 470.38, 229.20, 463.45, 214.90, 463.45, 243.50, 463.45, 28.61, 13.85
9.87, 23, black car, 987.55, 547.05, 1017.04, 558.74, 1002.30, 552.90, 987.55, 552.90, 1017.04, 552.90, 29.49, 11.69
9.87, 11, white car, 212.76, 456.24, 241.39, 470.12, 227.07, 463.18, 212.76, 463.18, 241.39, 463.18, 28.63, 13.88
9.90, 23, black car, 984.79, 546.89, 1013.60, 558.31, 999.20, 552.60, 984.79, 552.60, 1013.60, 552.60, 28.80, 11.41
9.90, 11, white car, 210.89, 456.12, 239.44, 469.99, 225.16, 463.06, 210.89, 463.06, 239.44, 463.06, 28.56, 13.87
9.93, 23, black car, 982.06, 546.80, 1010.69, 558.13, 996.38, 552.47, 982.06, 552.47, 1010.69, 552.47, 28.63, 11.33
9.93, 11, white car, 208.80, 455.82, 237.89, 469.97, 223.35, 462.90, 208.80, 462.90, 237.89, 462.90, 29.09, 14.16
9.97, 23, black car, 978.87, 546.43, 1008.18, 558.04, 993.53, 552.23, 978.87, 552.23, 1008.18, 552.23, 29.30, 11.61
9.97, 11, white car, 207.36, 455.43, 236.15, 469.43, 221.75, 462.43, 207.36, 462.43, 236.15, 462.43, 28.80, 14.00
