0.00, 19, black car, 1217.86, 538.61, 1249.16, 551.17, 1233.51, 544.89, 1217.86, 544.89, 1249.16, 544.89, 31.29, 12.56
0.00, 32, black car, 1088.26, 535.47, 1118.83, 547.67, 1103.54, 541.57, 1088.26, 541.57, 1118.83, 541.57, 30.57, 12.20
0.03, 19, black car, 1216.01, 538.50, 1247.56, 551.16, 1231.78, 544.83, 1216.01, 544.83, 1247.56, 544.83, 31.55, 12.67
0.03, 32, black car, 1086.37, 535.43, 1116.95, 547.63, 1101.66, 541.53, 1086.37, 541.53, 1116.95, 541.53, 30.58, 12.21
0.07, 19, black car, 1213.35, 538.38, 1244.51, 550.88, 1228.93, 544.63, 1213.35, 544.63, 1244.51, 544.63, 31.17, 12.50
0.07, 32, black car, 1084.73, 535.51, 1114.93, 547.56, 1099.83, 541.53, 1084.73, 541.53, 1114.93, 541.53, 30.21, 12.05
0.10, 19, black car, 1210.84, 538.62, 1241.52, 550.91, 1226.18, 544.76, 1210.84, 544.76, 1241.52, 544.76, 30.68, 12.29
0.10, 32, black car, 1082.41, 535.48, 1112.73, 547.57, 1097.57, 541.52, 1082.41, 541.52, 1112.73, 541.52, 30.33, 12.09
0.13, 19, black car, 1208.64, 538.92, 1238.37, 550.82, 1223.51, 544.87, 1208.64, 544.87, 1238.37, 544.87, 29.73, 11.90
0.17, 19, black car, 1205.92, 539.05, 1235.83, 551.01, 1220.87, 545.03, 1205.92, 545.03, 1235.83, 545.03, 29.92, 11.97
0.20, 19, black car, 1203.23, 539.12, 1233.27, 551.14, 1218.25, 545.13, 1203.23, 545.13, 1233.27, 545.13, 30.03, 12.01
0.23, 19, black car, 1200.54, 538.86, 1231.04, 551.05, 1215.79, 544.96, 1200.54, 544.96, 1231.04, 544.96, 30.50, 12.19
0.27, 19, black car, 1198.54, 538.65, 1229.08, 550.85, 1213.81, 544.75, 1198.54, 544.75, 1229.08, 544.75, 30.55, 12.20
0.30, 19, black car, 1195.75, 538.72, 1226.06, 550.83, 1210.91, 544.78, 1195.75, 544.78, 1226.06, 544.78, 30.30, 12.11
0.33, 19, black car, 1193.82, 538.56, 1223.67, 550.48, 1208.75, 544.52, 1193.82, 544.52, 1223.67, 544.52, 29.85, 11.92
0.37, 19, black car, 1191.59, 538.63, 1221.03, 550.39, 1206.31, 544.51, 1191.59, 544.51, 1221.03, 544.51, 29.45, 11.76
0.40, 19, black car, 1188.90, 538.43, 1218.47, 550.26, 1203.68, 544.34, 1188.90, 544.34, 1218.47, 544.34, 29.56, 11.82
0.43, 19, black car, 1186.24, 537.83, 1216.46, 549.91, 1201.35, 543.87, 1186.24, 543.87, 1216.46, 543.87, 30.22, 12.08
0.47, 19, black car, 1183.97, 537.67, 1214.50, 549.86, 1199.24, 543.77, 1183.97, 543.77, 1214.50, 543.77, 30.53, 12.19
0.50, 19, black car, 1181.38, 537.54, 1211.47, 549.57, 1196.43, 543.56, 1181.38, 543.56, 1211.47, 543.56, 30.09, 12.03
0.53, 19, black car, 1179.56, 537.36, 1209.54, 549.37, 1194.55, 543.37, 1179.56, 543.37, 1209.54, 543.37, 29.98, 12.01
0.57, 19, black car, 1177.03, 537.33, 1207.27, 549.47, 1192.15, 543.40, 1177.03, 543.40, 1207.27, 543.40, 30.24, 12.14
0.60, 19, black car, 1174.25, 537.08, 1204.69, 549.37, 1189.47, 543.23, 1174.25, 543.23, 1204.69, 543.23, 30.44, 12.28
0.63, 19, black car, 1171.88, 536.86, 1202.47, 549.24, 1187.17, 543.05, 1171.88, 543.05, 1202.47, 543.05, 30.58, 12.38
0.67, 19, black car, 1169.33, 536.64, 1199.88, 549.03, 1184.60, 542.84, 1169.33, 542.84, 1199.88, 542.84, 30.55, 12.40
0.70, 19, black car, 1167.28, 536.73, 1197.72, 549.11, 1182.50, 542.92, 1167.28, 542.92, 1197.72, 542.92, 30.44, 12.38
0.73, 19, black car, 1165.58, 536.77, 1195.50, 548.96, 1180.54, 542.86, 1165.58, 542.86, 1195.50, 542.86, 29.92, 12.19
0.77, 19, black car, 1162.49, 536.86, 1192.83, 549.22, 1177.66, 543.04, 1162.49, 543.04, 1192.83, 543.04, 30.34, 12.36
0.80, 19, black car, 1160.20, 537.02, 1190.30, 549.29, 1175.25, 543.15, 1160.20, 543.15, 1190.30, 543.15, 30.10, 12.27
0.83, 19, black car, 1157.92, 537.04, 1187.39, 549.04, 1172.66, 543.04, 1157.92, 543.04, 1187.39, 543.04, 29.46, 12.00
0.87, 19, black car, 1154.78, 536.88, 1184.99, 549.19, 1169.88, 543.04, 1154.78, 543.04, 1184.99, 543.04, 30.21, 12.31
0.90, 19, black car, 1152.88, 536.87, 1182.93, 549.14, 1167.91, 543.00, 1152.88, 543.00, 1182.93, 543.00, 30.06, 12.27
0.93, 19, black car, 1150.43, 536.66, 1180.13, 548.82, 1165.28, 542.74, 1150.43, 542.74, 1180.13, 542.74, 29.70, 12.16
0.97, 19, black car, 1147.62, 536.34, 1177.83, 548.76, 1162.73, 542.55, 1147.62, 542.55, 1177.83, 542.55, 30.22, 12.42
1.00, 19, black car, 1145.74, 536.44, 1175.78, 548.81, 1160.76, 542.63, 1145.74, 542.63, 1175.78, 542.63, 30.04, 12.37
1.03, 19, black car, 1142.38, 536.18, 1172.38, 548.51, 1157.38, 542.35, 1142.38, 542.35, 1172.38, 542.35, 30.00, 12.34
1.07, 19, black car, 1140.22, 536.23, 1170.03, 548.50, 1155.12, 542.37, 1140.22, 542.37, 1170.03, 542.37, 29.82, 12.27
1.10, 19, black car, 1138.49, 536.18, 1168.01, 548.34, 1153.25, 542.26, 1138.49, 542.26, 1168.01, 542.26, 29.52, 12.16
1.13, 19, black car, 1136.27, 536.06, 1165.28, 548.02, 1150.77, 542.04, 1136.27, 542.04, 1165.28, 542.04, 29.01, 11.95
1.17, 19, black car, 1134.29, 536.03, 1163.25, 547.95, 1148.77, 541.99, 1134.29, 541.99, 1163.25, 541.99, 28.96, 11.92
1.20, 19, black car, 1131.72, 536.12, 1160.56, 548.00, 1146.14, 542.06, 1131.72, 542.06, 1160.56, 542.06, 28.84, 11.88
1.23, 19, black car, 1128.64, 535.67, 1158.11, 547.80, 1143.38, 541.74, 1128.64, 541.74, 1158.11, 541.74, 29.47, 12.13
1.27, 19, black car, 1126.41, 535.52, 1156.15, 547.72, 1141.28, 541.62, 1126.41, 541.62, 1156.15, 541.62, 29.74, 12.21
1.30, 19, black car, 1124.45, 535.62, 1153.75, 547.63, 1139.10, 541.62, 1124.45, 541.62, 1153.75, 541.62, 29.29, 12.01
1.33, 19, black car, 1122.09, 535.46, 1151.52, 547.55, 1136.81, 541.50, 1122.09, 541.50, 1151.52, 541.50, 29.43, 12.10
1.37, 19, black car, 1120.26, 535.65, 1149.52, 547.62, 1134.89, 541.63, 1120.26, 541.63, 1149.52, 541.63, 29.26, 11.97
1.40, 19, black car, 1117.62, 535.77, 1146.71, 547.67, 1132.16, 541.72, 1117.62, 541.72, 1146.71, 541.72, 29.09, 11.90
1.40, 34, black car, 992.44, 532.39, 1022.78, 544.71, 1007.61, 538.55, 992.44, 538.55, 1022.78, 538.55, 30.34, 12.32
1.43, 19, black car, 1114.66, 535.65, 1144.07, 547.67, 1129.37, 541.66, 1114.66, 541.66, 1144.07, 541.66, 29.41, 12.02
1.43, 34, black car, 990.56, 532.22, 1020.33, 544.30, 1005.45, 538.26, 990.56, 538.26, 1020.33, 538.26, 29.77, 12.09
1.47, 19, black car, 1112.75, 535.74, 1142.05, 547.69, 1127.40, 541.71, 1112.75, 541.71, 1142.05, 541.71, 29.30, 11.94
1.47, 34, black car, 988.32, 532.17, 1018.09, 544.25, 1003.21, 538.21, 988.32, 538.21, 1018.09, 538.21, 29.77, 12.08
1.50, 19, black car, 1110.45, 535.84, 1139.46, 547.65, 1124.95, 541.75, 1110.45, 541.75, 1139.46, 541.75, 29.01, 11.82
1.50, 34, black car, 985.75, 532.25, 1015.14, 544.16, 1000.44, 538.21, 985.75, 538.21, 1015.14, 538.21, 29.39, 11.91
1.53, 19, black car, 1107.59, 535.57, 1137.14, 547.65, 1122.36, 541.61, 1107.59, 541.61, 1137.14, 541.61, 29.55, 12.07
1.53, 34, black car, 982.98, 532.33, 1012.35, 544.23, 997.66, 538.28, 982.98, 538.28, 1012.35, 538.28, 29.37, 11.90
1.57, 19, black car, 1105.24, 535.47, 1135.05, 547.67, 1120.15, 541.57, 1105.24, 541.57, 1135.05, 541.57, 29.81, 12.20
1.57, 34, black car, 980.71, 532.39, 1010.15, 544.32, 995.43, 538.35, 980.71, 538.35, 1010.15, 538.35, 29.45, 11.93
1.60, 19, black car, 1102.35, 535.36, 1132.68, 547.79, 1117.52, 541.57, 1102.35, 541.57, 1132.68, 541.57, 30.33, 12.43
1.60, 34, black car, 978.44, 532.26, 1007.72, 544.11, 993.08, 538.19, 978.44, 538.19, 1007.72, 538.19, 29.28, 11.85
1.63, 34, black car, 976.01, 532.13, 1005.40, 544.01, 990.71, 538.07, 976.01, 538.07, 1005.40, 538.07, 29.39, 11.89
1.67, 34, black car, 974.08, 532.12, 1003.78, 544.12, 988.93, 538.12, 974.08, 538.12, 1003.78, 538.12, 29.69, 12.00
1.70, 34, black car, 971.92, 532.00, 1001.71, 544.02, 986.82, 538.01, 971.92, 538.01, 1001.71, 538.01, 29.79, 12.03
1.73, 34, black car, 969.45, 532.08, 999.07, 544.00, 984.26, 538.04, 969.45, 538.04, 999.07, 538.04, 29.62, 11.92
1.73, 19, black car, 1092.45, 535.07, 1122.90, 547.63, 1107.68, 541.35, 1092.45, 541.35, 1122.90, 541.35, 30.44, 12.56
1.77, 34, black car, 967.29, 532.13, 996.64, 543.91, 981.97, 538.02, 967.29, 538.02, 996.64, 538.02, 29.35, 11.78
1.77, 19, black car, 1090.12, 535.04, 1120.54, 547.67, 1105.33, 541.35, 1090.12, 541.35, 1120.54, 541.35, 30.42, 12.63
1.80, 34, black car, 965.33, 532.13, 994.29, 543.72, 979.81, 537.92, 965.33, 537.92, 994.29, 537.92, 28.96, 11.59
1.83, 34, black car, 962.66, 531.84, 992.06, 543.59, 977.36, 537.71, 962.66, 537.71, 992.06, 537.71, 29.40, 11.75
1.87, 34, black car, 960.39, 531.66, 990.10, 543.52, 975.24, 537.59, 960.39, 537.59, 990.10, 537.59, 29.71, 11.86
1.90, 34, black car, 958.45, 531.71, 988.01, 543.50, 973.23, 537.60, 958.45, 537.60, 988.01, 537.60, 29.57, 11.78
1.93, 34, black car, 955.59, 531.79, 985.24, 543.60, 970.41, 537.69, 955.59, 537.69, 985.24, 537.69, 29.65, 11.81
1.97, 34, black car, 952.93, 531.55, 982.84, 543.48, 967.88, 537.52, 952.93, 537.52, 982.84, 537.52, 29.90, 11.93
2.00, 34, black car, 950.79, 531.41, 980.74, 543.37, 965.77, 537.39, 950.79, 537.39, 980.74, 537.39, 29.95, 11.95
2.03, 34, black car, 948.45, 531.24, 978.31, 543.17, 963.38, 537.20, 948.45, 537.20, 978.31, 537.20, 29.87, 11.92
2.07, 34, black car, 946.21, 531.01, 976.45, 543.07, 961.33, 537.04, 946.21, 537.04, 976.45, 537.04, 30.24, 12.07
2.10, 34, black car, 944.16, 530.95, 974.50, 543.04, 959.33, 537.00, 944.16, 537.00, 974.50, 537.00, 30.34, 12.09
2.13, 34, black car, 942.09, 531.14, 971.84, 542.96, 956.97, 537.05, 942.09, 537.05, 971.84, 537.05, 29.75, 11.82
2.17, 34, black car, 939.38, 531.30, 968.75, 542.94, 954.06, 537.12, 939.38, 537.12, 968.75, 537.12, 29.37, 11.65
2.20, 34, black car, 937.21, 531.20, 966.18, 542.66, 951.70, 536.93, 937.21, 536.93, 966.18, 536.93, 28.97, 11.45
2.23, 34, black car, 935.07, 531.15, 963.85, 542.51, 949.46, 536.83, 935.07, 536.83, 963.85, 536.83, 28.78, 11.36
2.27, 34, black car, 932.47, 530.76, 961.87, 542.36, 947.17, 536.56, 932.47, 536.56, 961.87, 536.56, 29.40, 11.60
2.30, 34, black car, 929.79, 530.66, 959.68, 542.46, 944.73, 536.56, 929.79, 536.56, 959.68, 536.56, 29.89, 11.79
2.33, 34, black car, 927.63, 530.68, 957.42, 542.43, 942.52, 536.55, 927.63, 536.55, 957.42, 536.55, 29.80, 11.75
2.37, 34, black car, 925.22, 530.42, 955.23, 542.26, 940.23, 536.34, 925.22, 536.34, 955.23, 536.34, 30.02, 11.84
2.40, 34, black car, 922.80, 530.23, 952.80, 542.09, 937.80, 536.16, 922.80, 536.16, 952.80, 536.16, 30.00, 11.85
2.43, 34, black car, 920.90, 530.29, 950.55, 542.01, 935.72, 536.15, 920.90, 536.15, 950.55, 536.15, 29.64, 11.73
2.47, 34, black car, 918.91, 529.95, 948.66, 541.72, 933.79, 535.83, 918.91, 535.83, 948.66, 535.83, 29.75, 11.77
2.50, 34, black car, 916.36, 529.76, 946.48, 541.69, 931.42, 535.73, 916.36, 535.73, 946.48, 535.73, 30.12, 11.93
2.53, 34, black car, 914.25, 529.84, 944.13, 541.68, 929.19, 535.76, 914.25, 535.76, 944.13, 535.76, 29.88, 11.84
2.57, 34, black car, 911.79, 529.60, 941.92, 541.56, 926.86, 535.58, 911.79, 535.58, 941.92, 535.58, 30.13, 11.96
2.60, 34, black car, 909.26, 529.35, 939.72, 541.47, 924.49, 535.41, 909.26, 535.41, 939.72, 535.41, 30.46, 12.12
2.63, 34, black car, 907.11, 529.49, 937.29, 541.53, 922.20, 535.51, 907.11, 535.51, 937.29, 535.51, 30.18, 12.04
2.67, 34, black car, 904.99, 529.21, 935.09, 541.25, 920.04, 535.23, 904.99, 535.23, 935.09, 535.23, 30.10, 12.03
2.70, 34, black car, 903.10, 529.06, 933.00, 541.03, 918.05, 535.05, 903.10, 535.05, 933.00, 535.05, 29.91, 11.97
2.73, 34, black car, 900.81, 529.20, 930.72, 541.16, 915.76, 535.18, 900.81, 535.18, 930.72, 535.18, 29.92, 11.97
2.77, 34, black car, 898.28, 529.28, 927.80, 541.08, 913.04, 535.18, 898.28, 535.18, 927.80, 535.18, 29.52, 11.81
2.80, 34, black car, 896.09, 529.12, 925.34, 540.82, 910.71, 534.97, 896.09, 534.97, 925.34, 534.97, 29.25, 11.70
2.83, 34, black car, 894.30, 529.07, 923.29, 540.65, 908.79, 534.86, 894.30, 534.86, 923.29, 534.86, 28.98, 11.58
2.87, 34, black car, 891.88, 529.05, 920.77, 540.59, 906.32, 534.82, 891.88, 534.82, 920.77, 534.82, 28.89, 11.54
2.90, 34, black car, 889.67, 528.88, 918.64, 540.44, 904.15, 534.66, 889.67, 534.66, 918.64, 534.66, 28.97, 11.56
2.93, 34, black car, 887.67, 528.75, 916.78, 540.33, 902.23, 534.54, 887.67, 534.54, 916.78, 534.54, 29.11, 11.58
2.97, 34, black car, 885.27, 528.60, 914.33, 540.14, 899.80, 534.37, 885.27, 534.37, 914.33, 534.37, 29.06, 11.54
3.00, 34, black car, 882.84, 528.45, 912.16, 540.11, 897.50, 534.28, 882.84, 534.28, 912.16, 534.28, 29.31, 11.66
3.00, 39, black car, 1004.73, 532.28, 1034.01, 544.36, 1019.37, 538.32, 1004.73, 538.32, 1034.01, 538.32, 29.28, 12.08
3.03, 34, black car, 880.62, 528.12, 910.14, 539.87, 895.38, 533.99, 880.62, 533.99, 910.14, 533.99, 29.52, 11.74
3.03, 39, black car, 1002.30, 532.10, 1031.85, 544.28, 1017.08, 538.19, 1002.30, 538.19, 1031.85, 538.19, 29.55, 12.18
3.07, 34, black car, 878.36, 528.00, 907.91, 539.77, 893.14, 533.89, 878.36, 533.89, 907.91, 533.89, 29.56, 11.77
3.07, 39, black car, 1000.14, 532.02, 1029.64, 544.17, 1014.89, 538.09, 1000.14, 538.09, 1029.64, 538.09, 29.50, 12.15
3.10, 34, black car, 875.95, 527.97, 905.47, 539.71, 890.71, 533.84, 875.95, 533.84, 905.47, 533.84, 29.52, 11.74
3.10, 39, black car, 997.56, 532.01, 1027.10, 544.17, 1012.33, 538.09, 997.56, 538.09, 1027.10, 538.09, 29.54, 12.16
3.13, 34, black car, 873.63, 527.76, 903.46, 539.61, 888.54, 533.69, 873.63, 533.69, 903.46, 533.69, 29.83, 11.85
3.13, 39, black car, 994.80, 531.95, 1024.69, 544.25, 1009.75, 538.10, 994.80, 538.10, 1024.69, 538.10, 29.89, 12.30
3.17, 34, black car, 871.63, 527.50, 901.06, 539.18, 886.35, 533.34, 871.63, 533.34, 901.06, 533.34, 29.42, 11.68
3.17, 39, black car, 992.60, 531.83, 1022.65, 544.18, 1007.63, 538.00, 992.60, 538.00, 1022.65, 538.00, 30.05, 12.34
3.20, 34, black car, 869.29, 527.50, 898.52, 539.09, 883.91, 533.29, 869.29, 533.29, 898.52, 533.29, 29.23, 11.59
3.20, 39, black car, 990.21, 531.84, 1020.52, 544.28, 1005.37, 538.06, 990.21, 538.06, 1020.52, 538.06, 30.31, 12.44
3.23, 34, black car, 866.66, 527.27, 896.44, 539.09, 881.55, 533.18, 866.66, 533.18, 896.44, 533.18, 29.78, 11.82
3.23, 39, black car, 987.78, 531.68, 1018.41, 544.22, 1003.10, 537.95, 987.78, 537.95, 1018.41, 537.95, 30.63, 12.54
3.27, 34, black car, 864.32, 527.07, 894.07, 538.89, 879.19, 532.98, 864.32, 532.98, 894.07, 532.98, 29.75, 11.82
3.27, 39, black car, 985.44, 531.86, 1015.76, 544.23, 1000.60, 538.05, 985.44, 538.05, 1015.76, 538.05, 30.32, 12.37
3.30, 34, black car, 862.29, 527.02, 892.06, 538.84, 877.18, 532.93, 862.29, 532.93, 892.06, 532.93, 29.76, 11.82
3.30, 39, black car, 983.05, 532.02, 1012.87, 544.14, 997.96, 538.08, 983.05, 538.08, 1012.87, 538.08, 29.82, 12.12
3.33, 34, black car, 860.25, 526.98, 890.00, 538.78, 875.12, 532.88, 860.25, 532.88, 890.00, 532.88, 29.76, 11.81
3.33, 39, black car, 980.83, 532.12, 1010.35, 544.13, 995.59, 538.13, 980.83, 538.13, 1010.35, 538.13, 29.52, 12.01
3.37, 34, black car, 858.12, 526.89, 887.49, 538.52, 872.81, 532.71, 858.12, 532.71, 887.49, 532.71, 29.37, 11.63
3.37, 39, black car, 978.69, 532.10, 1008.13, 544.07, 993.41, 538.08, 978.69, 538.08, 1008.13, 538.08, 29.44, 11.97
3.40, 34, black car, 855.70, 527.08, 884.70, 538.55, 870.20, 532.82, 855.70, 532.82, 884.70, 532.82, 29.00, 11.47
3.40, 39, black car, 976.53, 531.92, 1005.84, 543.84, 991.18, 537.88, 976.53, 537.88, 1005.84, 537.88, 29.31, 11.92
3.43, 34, black car, 853.30, 526.97, 882.45, 538.49, 867.88, 532.73, 853.30, 532.73, 882.45, 532.73, 29.14, 11.52
3.43, 39, black car, 975.21, 531.78, 1004.04, 543.52, 989.62, 537.65, 975.21, 537.65, 1004.04, 537.65, 28.83, 11.74
3.47, 34, black car, 851.10, 526.91, 880.55, 538.53, 865.82, 532.72, 851.10, 532.72, 880.55, 532.72, 29.45, 11.63
3.47, 39, black car, 972.81, 531.52, 1002.15, 543.46, 987.48, 537.49, 972.81, 537.49, 1002.15, 537.49, 29.35, 11.94
3.50, 34, black car, 848.82, 526.84, 878.35, 538.49, 863.59, 532.67, 848.82, 532.67, 878.35, 532.67, 29.53, 11.65
3.50, 39, black car, 970.31, 531.45, 999.88, 543.45, 985.10, 537.45, 970.31, 537.45, 999.88, 537.45, 29.57, 12.00
3.53, 34, black car, 846.89, 527.01, 876.11, 538.52, 861.50, 532.76, 846.89, 532.76, 876.11, 532.76, 29.22, 11.51
3.53, 39, black car, 967.65, 531.45, 997.36, 543.52, 982.51, 537.48, 967.65, 537.48, 997.36, 537.48, 29.71, 12.07
3.57, 34, black car, 844.91, 526.87, 874.15, 538.36, 859.53, 532.62, 844.91, 532.62, 874.15, 532.62, 29.23, 11.49
3.57, 39, black car, 965.01, 531.14, 995.21, 543.43, 980.11, 537.28, 965.01, 537.28, 995.21, 537.28, 30.21, 12.29
3.60, 34, black car, 842.36, 526.66, 871.78, 538.22, 857.07, 532.44, 842.36, 532.44, 871.78, 532.44, 29.42, 11.56
3.60, 39, black car, 962.68, 530.85, 992.98, 543.19, 977.83, 537.02, 962.68, 537.02, 992.98, 537.02, 30.29, 12.34
3.63, 34, black car, 839.96, 526.55, 869.55, 538.21, 854.76, 532.38, 839.96, 532.38, 869.55, 532.38, 29.59, 11.65
3.63, 39, black car, 960.92, 530.52, 990.31, 542.49, 975.61, 536.51, 960.92, 536.51, 990.31, 536.51, 29.38, 11.98
3.67, 34, black car, 837.95, 526.41, 867.82, 538.19, 852.89, 532.30, 837.95, 532.30, 867.82, 532.30, 29.87, 11.78
3.67, 39, black car, 958.86, 530.39, 988.43, 542.46, 973.65, 536.42, 958.86, 536.42, 988.43, 536.42, 29.57, 12.07
3.70, 34, black car, 835.56, 526.15, 865.53, 537.99, 850.55, 532.07, 835.56, 532.07, 865.53, 532.07, 29.97, 11.84
3.70, 39, black car, 956.71, 530.31, 986.00, 542.27, 971.36, 536.29, 956.71, 536.29, 986.00, 536.29, 29.29, 11.97
3.73, 34, black car, 833.72, 526.05, 862.86, 537.54, 848.29, 531.79, 833.72, 531.79, 862.86, 531.79, 29.13, 11.49
3.73, 39, black car, 954.52, 530.08, 983.71, 542.05, 969.11, 536.06, 954.52, 536.06, 983.71, 536.06, 29.20, 11.96
3.77, 34, black car, 831.80, 525.80, 860.85, 537.24, 846.32, 531.52, 831.80, 531.52, 860.85, 531.52, 29.05, 11.44
3.77, 39, black car, 951.61, 529.99, 981.56, 542.30, 966.59, 536.15, 951.61, 536.15, 981.56, 536.15, 29.95, 12.31
3.80, 34, black car, 829.34, 525.66, 858.39, 537.09, 843.86, 531.38, 829.34, 531.38, 858.39, 531.38, 29.05, 11.43
3.80, 39, black car, 948.99, 529.98, 978.94, 542.30, 963.96, 536.14, 948.99, 536.14, 978.94, 536.14, 29.95, 12.32
3.83, 34, black car, 827.12, 525.52, 855.96, 536.83, 841.54, 531.18, 827.12, 531.18, 855.96, 531.18, 28.84, 11.32
3.83, 39, black car, 946.78, 529.90, 976.19, 541.97, 961.49, 535.94, 946.78, 535.94, 976.19, 535.94, 29.41, 12.07
3.87, 34, black car, 825.06, 525.54, 854.04, 536.91, 839.55, 531.22, 825.06, 531.22, 854.04, 531.22, 28.97, 11.37
3.87, 39, black car, 944.75, 529.88, 974.64, 542.14, 959.70, 536.01, 944.75, 536.01, 974.64, 536.01, 29.89, 12.25
3.90, 34, black car, 822.75, 525.46, 852.01, 536.95, 837.38, 531.21, 822.75, 531.21, 852.01, 531.21, 29.26, 11.49
3.90, 39, black car, 942.85, 530.09, 972.48, 542.24, 957.66, 536.16, 942.85, 536.16, 972.48, 536.16, 29.64, 12.16
3.93, 34, black car, 820.90, 525.32, 849.98, 536.72, 835.44, 531.02, 820.90, 531.02, 849.98, 531.02, 29.08, 11.40
3.93, 39, black car, 939.91, 529.94, 969.59, 542.10, 954.75, 536.02, 939.91, 536.02, 969.59, 536.02, 29.68, 12.16
3.97, 34, black car, 818.83, 525.13, 847.66, 536.38, 833.24, 530.75, 818.83, 530.75, 847.66, 530.75, 28.83, 11.24
3.97, 39, black car, 937.48, 529.83, 967.03, 541.92, 952.26, 535.88, 937.48, 535.88, 967.03, 535.88, 29.55, 12.09
4.00, 34, black car, 816.53, 525.08, 845.29, 536.27, 830.91, 530.68, 816.53, 530.68, 845.29, 530.68, 28.76, 11.18
4.00, 39, black car, 935.00, 529.81, 964.74, 542.03, 949.87, 535.92, 935.00, 535.92, 964.74, 535.92, 29.74, 12.21
4.03, 34, black car, 814.17, 525.12, 842.50, 536.10, 828.34, 530.61, 814.17, 530.61, 842.50, 530.61, 28.33, 10.98
4.03, 39, black car, 933.02, 529.74, 962.62, 541.92, 947.82, 535.83, 933.02, 535.83, 962.62, 535.83, 29.60, 12.18
4.07, 34, black car, 811.84, 524.97, 840.29, 535.98, 826.07, 530.48, 811.84, 530.48, 840.29, 530.48, 28.46, 11.01
4.07, 39, black car, 930.45, 529.30, 960.34, 541.60, 945.40, 535.45, 930.45, 535.45, 960.34, 535.45, 29.89, 12.30
4.10, 34, black car, 809.17, 524.69, 838.25, 535.94, 823.71, 530.32, 809.17, 530.32, 838.25, 530.32, 29.08, 11.26
4.10, 39, black car, 928.54, 529.30, 958.41, 541.57, 943.48, 535.43, 928.54, 535.43, 958.41, 535.43, 29.87, 12.27
4.13, 34, black car, 806.39, 524.49, 836.19, 536.02, 821.29, 530.25, 806.39, 530.25, 836.19, 530.25, 29.79, 11.53
4.13, 39, black car, 926.75, 529.48, 956.33, 541.64, 941.54, 535.56, 926.75, 535.56, 956.33, 535.56, 29.58, 12.16
4.17, 34, black car, 804.13, 524.19, 834.20, 535.83, 819.17, 530.01, 804.13, 530.01, 834.20, 530.01, 30.07, 11.64
4.17, 39, black car, 924.04, 529.22, 953.73, 541.47, 938.88, 535.34, 924.04, 535.34, 953.73, 535.34, 29.69, 12.25
4.20, 34, black car, 802.29, 524.05, 832.23, 535.66, 817.26, 529.85, 802.29, 529.85, 832.23, 529.85, 29.94, 11.61
4.20, 39, black car, 921.89, 529.17, 951.18, 541.25, 936.53, 535.21, 921.89, 535.21, 951.18, 535.21, 29.29, 12.08
4.23, 34, black car, 799.71, 524.14, 829.58, 535.73, 814.64, 529.94, 799.71, 529.94, 829.58, 529.94, 29.87, 11.59
4.23, 39, black car, 920.38, 529.42, 949.32, 541.37, 934.85, 535.40, 920.38, 535.40, 949.32, 535.40, 28.94, 11.95
4.27, 34, black car, 797.35, 524.09, 827.32, 535.73, 812.33, 529.91, 797.35, 529.91, 827.32, 529.91, 29.97, 11.63
4.27, 39, black car, 918.55, 529.25, 946.89, 540.94, 932.72, 535.10, 918.55, 535.10, 946.89, 535.10, 28.34, 11.69
4.30, 34, black car, 795.25, 523.95, 825.34, 535.64, 810.30, 529.80, 795.25, 529.80, 825.34, 529.80, 30.09, 11.69
4.30, 39, black car, 916.70, 529.29, 945.01, 540.94, 930.86, 535.12, 916.70, 535.12, 945.01, 535.12, 28.31, 11.65
4.33, 34, black car, 793.20, 523.88, 823.06, 535.50, 808.13, 529.69, 793.20, 529.69, 823.06, 529.69, 29.86, 11.62
4.33, 39, black car, 914.29, 529.15, 943.04, 540.98, 928.67, 535.07, 914.29, 535.07, 943.04, 535.07, 28.75, 11.83
4.33, 5, white car, 302.90, 463.42, 329.04, 474.95, 315.97, 469.19, 302.90, 469.19, 329.04, 469.19, 26.14, 11.53
4.37, 34, black car, 791.12, 523.77, 820.96, 535.37, 806.04, 529.57, 791.12, 529.57, 820.96, 529.57, 29.83, 11.60
4.37, 39, black car, 912.27, 529.06, 940.63, 540.72, 926.45, 534.89, 912.27, 534.89, 940.63, 534.89, 28.36, 11.67
4.37, 5, white car, 300.26, 463.52, 326.24, 474.93, 313.25, 469.23, 300.26, 469.23, 326.24, 469.23, 25.97, 11.41
4.40, 34, black car, 789.30, 523.58, 818.31, 534.81, 803.81, 529.20, 789.30, 529.20, 818.31, 529.20, 29.01, 11.23
4.40, 39, black car, 909.57, 528.91, 938.48, 540.80, 924.03, 534.86, 909.57, 534.86, 938.48, 534.86, 28.91, 11.89
4.43, 34, black car, 786.87, 523.39, 815.97, 534.66, 801.42, 529.02, 786.87, 529.02, 815.97, 529.02, 29.10, 11.27
4.43, 39, black car, 907.33, 528.80, 936.46, 540.79, 921.89, 534.79, 907.33, 534.79, 936.46, 534.79, 29.13, 11.98
4.43, 5, white car, 295.16, 463.09, 321.76, 474.78, 308.46, 468.94, 295.16, 468.94, 321.76, 468.94, 26.60, 11.69
4.47, 34, black car, 784.60, 523.03, 814.16, 534.48, 799.38, 528.76, 784.60, 528.76, 814.16, 528.76, 29.55, 11.45
4.47, 39, black car, 905.17, 528.79, 933.96, 540.59, 919.57, 534.69, 905.17, 534.69, 933.96, 534.69, 28.79, 11.81
4.47, 5, white car, 292.68, 462.88, 319.65, 474.73, 306.17, 468.80, 292.68, 468.80, 319.65, 468.80, 26.97, 11.85
4.50, 34, black car, 782.23, 522.64, 812.50, 534.40, 797.36, 528.52, 782.23, 528.52, 812.50, 528.52, 30.27, 11.76
4.50, 39, black car, 903.96, 528.85, 932.28, 540.47, 918.12, 534.66, 903.96, 534.66, 932.28, 534.66, 28.32, 11.62
4.50, 5, white car, 290.24, 462.69, 317.38, 474.58, 303.81, 468.64, 290.24, 468.64, 317.38, 468.64, 27.14, 11.89
4.53, 34, black car, 780.12, 522.63, 810.51, 534.49, 795.31, 528.56, 780.12, 528.56, 810.51, 528.56, 30.39, 11.86
4.53, 39, black car, 901.76, 528.64, 930.38, 540.37, 916.07, 534.51, 901.76, 534.51, 930.38, 534.51, 28.62, 11.73
4.53, 5, white car, 287.85, 462.65, 314.75, 474.41, 301.30, 468.53, 287.85, 468.53, 314.75, 468.53, 26.90, 11.76
4.57, 34, black car, 777.81, 522.40, 808.36, 534.36, 793.09, 528.38, 777.81, 528.38, 808.36, 528.38, 30.55, 11.95
4.57, 39, black car, 899.21, 528.71, 927.88, 540.42, 913.54, 534.57, 899.21, 534.57, 927.88, 534.57, 28.66, 11.71
4.57, 5, white car, 284.98, 462.48, 312.14, 474.31, 298.56, 468.39, 284.98, 468.39, 312.14, 468.39, 27.16, 11.84
4.60, 34, black car, 775.50, 522.04, 806.27, 534.10, 790.88, 528.07, 775.50, 528.07, 806.27, 528.07, 30.77, 12.06
4.60, 39, black car, 896.75, 528.53, 925.23, 540.15, 910.99, 534.34, 896.75, 534.34, 925.23, 534.34, 28.48, 11.62
4.60, 5, white car, 282.63, 462.29, 309.53, 473.98, 296.08, 468.13, 282.63, 468.13, 309.53, 468.13, 26.89, 11.69
4.63, 34, black car, 773.60, 521.97, 804.09, 533.93, 788.85, 527.95, 773.60, 527.95, 804.09, 527.95, 30.49, 11.96
4.63, 39, black car, 894.37, 528.56, 922.90, 540.14, 908.63, 534.35, 894.37, 534.35, 922.90, 534.35, 28.53, 11.58
4.63, 5, white car, 280.47, 462.25, 307.01, 473.75, 293.74, 468.00, 280.47, 468.00, 307.01, 468.00, 26.54, 11.50
4.67, 34, black car, 771.66, 521.88, 801.72, 533.69, 786.69, 527.79, 771.66, 527.79, 801.72, 527.79, 30.05, 11.81
4.67, 39, black car, 891.46, 528.55, 920.68, 540.41, 906.07, 534.48, 891.46, 534.48, 920.68, 534.48, 29.22, 11.87
4.67, 5, white car, 278.20, 462.25, 304.59, 473.68, 291.39, 467.96, 278.20, 467.96, 304.59, 467.96, 26.39, 11.43
4.70, 34, black car, 769.81, 521.78, 799.41, 533.44, 784.61, 527.61, 769.81, 527.61, 799.41, 527.61, 29.60, 11.66
4.70, 39, black car, 888.98, 528.46, 918.40, 540.40, 903.69, 534.43, 888.98, 534.43, 918.40, 534.43, 29.42, 11.94
4.70, 5, white car, 275.59, 462.19, 302.09, 473.66, 288.84, 467.93, 275.59, 467.93, 302.09, 467.93, 26.50, 11.47
4.73, 34, black car, 767.70, 521.87, 797.09, 533.47, 782.40, 527.67, 767.70, 527.67, 797.09, 527.67, 29.39, 11.60
4.73, 39, black car, 886.47, 528.28, 916.05, 540.24, 901.26, 534.26, 886.47, 534.26, 916.05, 534.26, 29.57, 11.97
4.73, 5, white car, 273.34, 462.10, 299.91, 473.56, 286.63, 467.83, 273.34, 467.83, 299.91, 467.83, 26.57, 11.47
4.77, 34, black car, 765.35, 521.83, 794.96, 533.52, 780.15, 527.67, 765.35, 527.67, 794.96, 527.67, 29.60, 11.69
4.77, 39, black car, 883.90, 528.11, 913.77, 540.22, 898.84, 534.17, 883.90, 534.17, 913.77, 534.17, 29.88, 12.10
4.77, 5, white car, 270.62, 461.98, 297.43, 473.54, 284.02, 467.76, 270.62, 467.76, 297.43, 467.76, 26.81, 11.56
4.80, 34, black car, 763.16, 521.88, 792.26, 533.34, 777.71, 527.61, 763.16, 527.61, 792.26, 527.61, 29.09, 11.46
4.80, 39, black car, 882.00, 527.98, 911.92, 540.16, 896.96, 534.07, 882.00, 534.07, 911.92, 534.07, 29.92, 12.18
4.80, 5, white car, 267.44, 461.70, 295.30, 473.74, 281.37, 467.72, 267.44, 467.72, 295.30, 467.72, 27.86, 12.04
4.83, 34, black car, 760.78, 521.70, 789.96, 533.18, 775.37, 527.44, 760.78, 527.44, 789.96, 527.44, 29.18, 11.47
4.83, 39, black car, 879.66, 527.76, 909.92, 540.09, 894.79, 533.93, 879.66, 533.93, 909.92, 533.93, 30.27, 12.33
4.83, 5, white car, 264.94, 461.65, 292.81, 473.72, 278.87, 467.68, 264.94, 467.68, 292.81, 467.68, 27.88, 12.07
4.87, 34, black car, 758.63, 521.63, 787.77, 533.07, 773.20, 527.35, 758.63, 527.35, 787.77, 527.35, 29.14, 11.44
4.87, 39, black car, 877.45, 527.42, 907.78, 539.78, 892.61, 533.60, 877.45, 533.60, 907.78, 533.60, 30.34, 12.36
4.87, 5, white car, 262.63, 461.46, 290.70, 473.64, 276.66, 467.55, 262.63, 467.55, 290.70, 467.55, 28.07, 12.18
4.90, 34, black car, 756.58, 521.58, 785.65, 533.00, 771.12, 527.29, 756.58, 527.29, 785.65, 527.29, 29.07, 11.42
4.90, 39, black car, 875.20, 527.03, 905.36, 539.30, 890.28, 533.17, 875.20, 533.17, 905.36, 533.17, 30.16, 12.26
4.90, 5, white car, 260.55, 461.31, 288.31, 473.35, 274.43, 467.33, 260.55, 467.33, 288.31, 467.33, 27.76, 12.04
4.93, 34, black car, 754.22, 521.49, 783.61, 533.06, 768.91, 527.27, 754.22, 527.27, 783.61, 527.27, 29.39, 11.58
4.93, 39, black car, 872.76, 526.82, 903.00, 539.11, 887.88, 532.97, 872.76, 532.97, 903.00, 532.97, 30.25, 12.29
4.93, 5, white car, 258.38, 461.19, 286.07, 473.20, 272.22, 467.19, 258.38, 467.19, 286.07, 467.19, 27.69, 12.01
4.97, 34, black car, 751.77, 521.11, 781.87, 533.00, 766.82, 527.05, 751.77, 527.05, 781.87, 527.05, 30.11, 11.89
4.97, 39, black car, 871.42, 526.78, 901.38, 538.94, 886.40, 532.86, 871.42, 532.86, 901.38, 532.86, 29.96, 12.16
4.97, 5, white car, 255.94, 461.02, 283.73, 473.10, 269.83, 467.06, 255.94, 467.06, 283.73, 467.06, 27.80, 12.09
5.00, 34, black car, 749.63, 520.96, 779.88, 532.94, 764.76, 526.95, 749.63, 526.95, 779.88, 526.95, 30.25, 11.98
5.00, 39, black car, 869.33, 526.79, 898.82, 538.76, 884.07, 532.78, 869.33, 532.78, 898.82, 532.78, 29.50, 11.97
5.00, 5, white car, 253.23, 460.95, 281.33, 473.23, 267.28, 467.09, 253.23, 467.09, 281.33, 467.09, 28.10, 12.28
5.03, 34, black car, 747.92, 520.63, 778.34, 532.72, 763.13, 526.68, 747.92, 526.68, 778.34, 526.68, 30.42, 12.09
5.03, 39, black car, 867.15, 526.72, 896.77, 538.73, 881.96, 532.73, 867.15, 532.73, 896.77, 532.73, 29.62, 12.01
5.03, 5, white car, 251.05, 460.75, 279.12, 473.06, 265.08, 466.91, 251.05, 466.91, 279.12, 466.91, 28.07, 12.31
5.07, 34, black car, 745.75, 520.41, 775.85, 532.40, 760.80, 526.41, 745.75, 526.41, 775.85, 526.41, 30.09, 12.00
5.07, 39, black car, 865.17, 526.76, 894.91, 538.78, 880.04, 532.77, 865.17, 532.77, 894.91, 532.77, 29.74, 12.01
5.07, 5, white car, 248.86, 460.68, 276.68, 472.93, 262.77, 466.80, 248.86, 466.80, 276.68, 466.80, 27.82, 12.25
5.10, 34, black car, 743.43, 520.15, 773.31, 532.08, 758.37, 526.11, 743.43, 526.11, 773.31, 526.11, 29.89, 11.93
5.10, 39, black car, 862.94, 526.76, 892.50, 538.67, 877.72, 532.72, 862.94, 532.72, 892.50, 532.72, 29.55, 11.90
5.10, 5, white car, 246.82, 460.59, 274.37, 472.77, 260.60, 466.68, 246.82, 466.68, 274.37, 466.68, 27.55, 12.18
5.13, 34, black car, 741.04, 519.86, 770.90, 531.82, 755.97, 525.84, 741.04, 525.84, 770.90, 525.84, 29.86, 11.95
5.13, 39, black car, 860.45, 526.72, 890.52, 538.79, 875.49, 532.75, 860.45, 532.75, 890.52, 532.75, 30.07, 12.08
5.13, 5, white car, 244.44, 460.40, 272.12, 472.66, 258.28, 466.53, 244.44, 466.53, 272.12, 466.53, 27.68, 12.26
5.17, 34, black car, 739.36, 519.68, 768.77, 531.47, 754.07, 525.58, 739.36, 525.58, 768.77, 525.58, 29.41, 11.79
5.17, 39, black car, 858.52, 526.72, 888.87, 538.85, 873.70, 532.79, 858.52, 532.79, 888.87, 532.79, 30.35, 12.13
5.17, 5, white car, 242.14, 460.27, 269.78, 472.54, 255.96, 466.41, 242.14, 466.41, 269.78, 466.41, 27.64, 12.27
5.20, 34, black car, 737.16, 519.42, 766.65, 531.25, 751.90, 525.33, 737.16, 525.33, 766.65, 525.33, 29.50, 11.83
5.20, 39, black car, 856.58, 526.81, 887.00, 538.93, 871.79, 532.87, 856.58, 532.87, 887.00, 532.87, 30.43, 12.12
5.20, 5, white car, 239.33, 460.01, 267.55, 472.58, 253.44, 466.30, 239.33, 466.30, 267.55, 466.30, 28.22, 12.57
5.23, 34, black car, 735.49, 519.25, 764.89, 531.03, 750.19, 525.14, 735.49, 525.14, 764.89, 525.14, 29.40, 11.78
5.23, 39, black car, 854.37, 526.96, 884.13, 538.83, 869.25, 532.89, 854.37, 532.89, 884.13, 532.89, 29.76, 11.87
5.23, 5, white car, 237.08, 459.78, 265.68, 472.58, 251.38, 466.18, 237.08, 466.18, 265.68, 466.18, 28.60, 12.80
5.27, 34, black car, 733.04, 518.99, 763.00, 530.97, 748.02, 524.98, 733.04, 524.98, 763.00, 524.98, 29.96, 11.98
5.27, 39, black car, 852.26, 526.85, 882.29, 538.82, 867.27, 532.84, 852.26, 532.84, 882.29, 532.84, 30.04, 11.98
5.27, 5, white car, 234.99, 459.67, 263.78, 472.60, 249.38, 466.14, 234.99, 466.14, 263.78, 466.14, 28.80, 12.93
5.30, 34, black car, 730.96, 518.93, 760.73, 530.78, 745.84, 524.86, 730.96, 524.86, 760.73, 524.86, 29.76, 11.85
5.30, 39, black car, 850.21, 526.70, 880.24, 538.66, 865.23, 532.68, 850.21, 532.68, 880.24, 532.68, 30.03, 11.96
5.30, 5, white car, 232.65, 459.50, 261.58, 472.58, 247.11, 466.04, 232.65, 466.04, 261.58, 466.04, 28.93, 13.07
5.33, 34, black car, 728.92, 518.86, 757.92, 530.36, 743.42, 524.61, 728.92, 524.61, 757.92, 524.61, 29.00, 11.50
5.33, 39, black car, 847.92, 526.58, 877.50, 538.35, 862.71, 532.47, 847.92, 532.47, 877.50, 532.47, 29.58, 11.77
5.33, 5, white car, 230.44, 459.41, 259.36, 472.56, 244.90, 465.99, 230.44, 465.99, 259.36, 465.99, 28.92, 13.16
5.37, 34, black car, 726.88, 518.81, 755.69, 530.18, 741.28, 524.49, 726.88, 524.49, 755.69, 524.49, 28.82, 11.36
5.37, 39, black car, 845.36, 526.51, 875.28, 538.39, 860.32, 532.45, 845.36, 532.45, 875.28, 532.45, 29.91, 11.89
5.37, 5, white car, 228.33, 459.40, 256.99, 472.51, 242.66, 465.96, 228.33, 465.96, 256.99, 465.96, 28.66, 13.11
5.40, 34, black car, 725.08, 518.79, 753.57, 529.98, 739.33, 524.38, 725.08, 524.38, 753.57, 524.38, 28.49, 11.19
5.40, 39, black car, 843.04, 526.37, 873.26, 538.39, 858.15, 532.38, 843.04, 532.38, 873.26, 532.38, 30.22, 12.03
5.40, 5, white car, 226.46, 459.43, 254.56, 472.32, 240.51, 465.87, 226.46, 465.87, 254.56, 465.87, 28.10, 12.90
5.43, 34, black car, 722.83, 518.58, 751.28, 529.69, 737.05, 524.13, 722.83, 524.13, 751.28, 524.13, 28.45, 11.11
5.43, 39, black car, 841.46, 526.44, 871.11, 538.25, 856.28, 532.35, 841.46, 532.35, 871.11, 532.35, 29.65, 11.81
5.43, 5, white car, 224.36, 459.28, 252.37, 472.18, 238.36, 465.73, 224.36, 465.73, 252.37, 465.73, 28.02, 12.90
5.47, 34, black car, 720.79, 518.51, 749.49, 529.67, 735.14, 524.09, 720.79, 524.09, 749.49, 524.09, 28.70, 11.15
5.47, 39, black car, 839.73, 526.42, 869.32, 538.22, 854.52, 532.32, 839.73, 532.32, 869.32, 532.32, 29.59, 11.80
5.47, 5, white car, 222.02, 459.11, 250.24, 472.12, 236.13, 465.61, 222.02, 465.61, 250.24, 465.61, 28.22, 13.01
5.50, 34, black car, 718.42, 518.07, 748.23, 529.69, 733.32, 523.88, 718.42, 523.88, 748.23, 523.88, 29.81, 11.62
5.50, 39, black car, 838.09, 526.05, 867.86, 537.89, 852.97, 531.97, 838.09, 531.97, 867.86, 531.97, 29.77, 11.84
5.50, 5, white car, 219.55, 458.90, 248.03, 472.07, 233.79, 465.49, 219.55, 465.49, 248.03, 465.49, 28.48, 13.17
5.53, 34, black car, 716.18, 517.81, 746.31, 529.63, 731.24, 523.72, 716.18, 523.72, 746.31, 523.72, 30.13, 11.82
5.53, 39, black car, 836.64, 525.85, 865.95, 537.48, 851.30, 531.67, 836.64, 531.67, 865.95, 531.67, 29.31, 11.63
5.53, 5, white car, 217.32, 458.70, 245.99, 472.01, 231.65, 465.35, 217.32, 465.35, 245.99, 465.35, 28.67, 13.31
5.57, 34, black car, 713.13, 517.58, 743.77, 529.68, 728.45, 523.63, 713.13, 523.63, 743.77, 523.63, 30.64, 12.10
5.57, 39, black car, 833.60, 525.76, 862.72, 537.25, 848.16, 531.50, 833.60, 531.50, 862.72, 531.50, 29.12, 11.49
5.57, 5, white car, 215.20, 458.39, 243.96, 471.79, 229.58, 465.09, 215.20, 465.09, 243.96, 465.09, 28.76, 13.40
5.60, 34, black car, 710.82, 517.33, 741.77, 529.63, 726.29, 523.48, 710.82, 523.48, 741.77, 523.48, 30.94, 12.30
5.60, 39, black car, 830.92, 525.42, 860.69, 537.11, 845.81, 531.27, 830.92, 531.27, 860.69, 531.27, 29.76, 11.69
5.60, 5, white car, 213.20, 458.35, 241.48, 471.52, 227.34, 464.93, 213.20, 464.93, 241.48, 464.93, 28.28, 13.18
5.63, 34, black car, 708.80, 517.24, 739.56, 529.50, 724.18, 523.37, 708.80, 523.37, 739.56, 523.37, 30.75, 12.26
5.63, 39, black car, 829.17, 525.15, 858.60, 536.67, 843.89, 530.91, 829.17, 530.91, 858.60, 530.91, 29.43, 11.52
5.63, 5, white car, 210.99, 458.17, 239.47, 471.46, 225.23, 464.82, 210.99, 464.82, 239.47, 464.82, 28.48, 13.30
5.67, 34, black car, 706.69, 516.99, 737.89, 529.46, 722.29, 523.22, 706.69, 523.22, 737.89, 523.22, 31.20, 12.47
5.67, 39, black car, 826.94, 525.28, 856.41, 536.81, 841.67, 531.04, 826.94, 531.04, 856.41, 531.04, 29.48, 11.53
5.67, 5, white car, 208.95, 458.08, 237.09, 471.25, 223.02, 464.66, 208.95, 464.66, 237.09, 464.66, 28.14, 13.17
5.70, 34, black car, 704.57, 516.41, 736.46, 529.24, 720.51, 522.82, 704.57, 522.82, 736.46, 522.82, 31.89, 12.82
5.70, 39, black car, 824.46, 525.16, 854.63, 536.97, 839.55, 531.06, 824.46, 531.06, 854.63, 531.06, 30.18, 11.82
5.70, 5, white car, 207.00, 457.93, 235.17, 471.15, 221.09, 464.54, 207.00, 464.54, 235.17, 464.54, 28.17, 13.23
5.73, 34, black car, 702.62, 516.22, 734.17, 528.97, 718.39, 522.60, 702.62, 522.60, 734.17, 522.60, 31.54, 12.75
5.73, 39, black car, 822.53, 525.13, 852.60, 536.91, 837.56, 531.02, 822.53, 531.02, 852.60, 531.02, 30.06, 11.79
5.73, 5, white car, 204.96, 457.71, 233.50, 471.15, 219.23, 464.43, 204.96, 464.43, 233.50, 464.43, 28.54, 13.43
5.77, 34, black car, 700.22, 516.14, 731.25, 528.75, 715.73, 522.45, 700.22, 522.45, 731.25, 522.45, 31.03, 12.61
5.77, 39, black car, 820.07, 524.78, 850.47, 536.69, 835.27, 530.74, 820.07, 530.74, 850.47, 530.74, 30.40, 11.91
5.77, 5, white car, 202.75, 457.46, 231.65, 471.10, 217.20, 464.28, 202.75, 464.28, 231.65, 464.28, 28.90, 13.64
5.80, 34, black car, 697.84, 515.97, 728.43, 528.47, 713.13, 522.22, 697.84, 522.22, 728.43, 522.22, 30.58, 12.50
5.80, 39, black car, 817.68, 524.66, 848.25, 536.60, 832.97, 530.63, 817.68, 530.63, 848.25, 530.63, 30.56, 11.93
5.80, 5, white car, 200.72, 457.47, 229.10, 470.94, 214.91, 464.21, 200.72, 464.21, 229.10, 464.21, 28.38, 13.47
5.83, 34, black car, 696.07, 515.61, 726.21, 527.96, 711.14, 521.79, 696.07, 521.79, 726.21, 521.79, 30.14, 12.35
5.83, 39, black car, 815.65, 524.45, 846.61, 536.49, 831.13, 530.47, 815.65, 530.47, 846.61, 530.47, 30.97, 12.04
5.83, 5, white car, 199.05, 457.54, 226.73, 470.70, 212.89, 464.12, 199.05, 464.12, 226.73, 464.12, 27.69, 13.17
5.87, 34, black car, 694.56, 515.57, 724.17, 527.73, 709.37, 521.65, 694.56, 521.65, 724.17, 521.65, 29.60, 12.16
5.87, 39, black car, 813.76, 524.38, 844.66, 536.36, 829.21, 530.37, 813.76, 530.37, 844.66, 530.37, 30.90, 11.98
5.87, 5, white car, 197.01, 457.56, 224.73, 470.79, 210.87, 464.18, 197.01, 464.18, 224.73, 464.18, 27.72, 13.22
5.90, 34, black car, 692.46, 515.10, 722.52, 527.49, 707.49, 521.29, 692.46, 521.29, 722.52, 521.29, 30.05, 12.39
5.90, 39, black car, 811.85, 524.56, 842.59, 536.49, 827.22, 530.53, 811.85, 530.53, 842.59, 530.53, 30.74, 11.93
5.90, 5, white car, 194.96, 457.45, 222.95, 470.85, 208.95, 464.15, 194.96, 464.15, 222.95, 464.15, 27.99, 13.40
5.93, 34, black car, 690.44, 514.76, 720.79, 527.30, 705.61, 521.03, 690.44, 521.03, 720.79, 521.03, 30.35, 12.55
5.93, 39, black car, 809.67, 524.36, 840.70, 536.43, 825.19, 530.39, 809.67, 530.39, 840.70, 530.39, 31.03, 12.07
5.93, 5, white car, 192.89, 457.28, 220.92, 470.77, 206.90, 464.03, 192.89, 464.03, 220.92, 464.03, 28.03, 13.48
5.97, 34, black car, 688.51, 514.64, 718.79, 527.18, 703.65, 520.91, 688.51, 520.91, 718.79, 520.91, 30.28, 12.55
5.97, 39, black car, 808.00, 524.22, 838.69, 536.16, 823.34, 530.19, 808.00, 530.19, 838.69, 530.19, 30.68, 11.93
5.97, 5, white car, 190.40, 456.88, 218.88, 470.65, 204.64, 463.77, 190.40, 463.77, 218.88, 463.77, 28.48, 13.77
6.00, 34, black car, 686.44, 514.45, 716.76, 527.05, 701.60, 520.75, 686.44, 520.75, 716.76, 520.75, 30.32, 12.60
6.00, 39, black car, 805.23, 523.91, 836.23, 535.96, 820.73, 529.93, 805.23, 529.93, 836.23, 529.93, 31.00, 12.05
6.00, 5, white car, 188.12, 456.55, 216.72, 470.44, 202.42, 463.49, 188.12, 463.49, 216.72, 463.49, 28.60, 13.89
6.03, 34, black car, 684.24, 514.26, 714.48, 526.88, 699.36, 520.57, 684.24, 520.57, 714.48, 520.57, 30.24, 12.62
6.03, 39, black car, 803.29, 523.68, 834.26, 535.73, 818.77, 529.71, 803.29, 529.71, 834.26, 529.71, 30.97, 12.05
6.03, 5, white car, 186.51, 456.46, 214.37, 470.01, 200.44, 463.23, 186.51, 463.23, 214.37, 463.23, 27.86, 13.55
6.07, 34, black car, 682.40, 514.21, 712.32, 526.70, 697.36, 520.46, 682.40, 520.46, 712.32, 520.46, 29.92, 12.48
6.07, 39, black car, 801.24, 523.72, 832.19, 535.77, 816.72, 529.75, 801.24, 529.75, 832.19, 529.75, 30.95, 12.05
6.07, 5, white car, 184.71, 456.30, 212.33, 469.74, 198.52, 463.02, 184.71, 463.02, 212.33, 463.02, 27.62, 13.44
6.10, 34, black car, 680.08, 514.12, 710.04, 526.62, 695.06, 520.37, 680.08, 520.37, 710.04, 520.37, 29.97, 12.50
6.10, 39, black car, 799.48, 523.65, 830.21, 535.65, 814.85, 529.65, 799.48, 529.65, 830.21, 529.65, 30.73, 12.00
6.10, 5, white car, 183.02, 456.11, 210.35, 469.43, 196.69, 462.77, 183.02, 462.77, 210.35, 462.77, 27.33, 13.32
6.13, 34, black car, 678.07, 514.00, 708.00, 526.47, 693.03, 520.24, 678.07, 520.24, 708.00, 520.24, 29.93, 12.46
6.13, 39, black car, 797.34, 523.61, 827.94, 535.61, 812.64, 529.61, 797.34, 529.61, 827.94, 529.61, 30.60, 12.00
6.13, 5, white car, 181.20, 456.01, 208.42, 469.31, 194.81, 462.66, 181.20, 462.66, 208.42, 462.66, 27.22, 13.29
6.17, 34, black car, 675.88, 513.84, 706.15, 526.45, 691.02, 520.14, 675.88, 520.14, 706.15, 520.14, 30.27, 12.62
6.17, 39, black car, 794.63, 523.34, 825.75, 535.60, 810.19, 529.47, 794.63, 529.47, 825.75, 529.47, 31.11, 12.27
6.17, 5, white car, 179.18, 455.89, 206.37, 469.15, 192.77, 462.52, 179.18, 462.52, 206.37, 462.52, 27.19, 13.26
6.20, 34, black car, 673.97, 513.78, 704.16, 526.37, 689.06, 520.07, 673.97, 520.07, 704.16, 520.07, 30.18, 12.59
6.20, 39, black car, 792.48, 523.12, 823.61, 535.43, 808.05, 529.27, 792.48, 529.27, 823.61, 529.27, 31.12, 12.31
6.20, 5, white car, 177.11, 455.61, 204.46, 468.94, 190.78, 462.28, 177.11, 462.28, 204.46, 462.28, 27.35, 13.33
6.23, 34, black car, 671.71, 513.47, 701.81, 526.06, 686.76, 519.76, 671.71, 519.76, 701.81, 519.76, 30.10, 12.59
6.23, 39, black car, 790.55, 522.94, 821.63, 535.21, 806.09, 529.08, 790.55, 529.08, 821.63, 529.08, 31.08, 12.27
6.23, 5, white car, 174.79, 455.39, 202.53, 468.92, 188.66, 462.16, 174.79, 462.16, 202.53, 462.16, 27.74, 13.53
6.27, 34, black car, 669.99, 513.36, 699.74, 525.83, 684.87, 519.59, 669.99, 519.59, 699.74, 519.59, 29.75, 12.47
6.27, 39, black car, 788.59, 522.91, 819.68, 535.18, 804.14, 529.04, 788.59, 529.04, 819.68, 529.04, 31.09, 12.27
6.27, 5, white car, 172.78, 455.11, 200.52, 468.67, 186.65, 461.89, 172.78, 461.89, 200.52, 461.89, 27.74, 13.56
6.30, 34, black car, 668.13, 513.16, 697.48, 525.47, 682.81, 519.31, 668.13, 519.31, 697.48, 519.31, 29.34, 12.32
6.30, 39, black car, 786.28, 522.59, 817.22, 534.81, 801.75, 528.70, 786.28, 528.70, 817.22, 528.70, 30.94, 12.22
6.30, 5, white car, 171.19, 454.89, 198.39, 468.16, 184.79, 461.52, 171.19, 461.52, 198.39, 461.52, 27.20, 13.28
6.33, 34, black car, 666.08, 512.92, 695.53, 525.30, 680.80, 519.11, 666.08, 519.11, 695.53, 519.11, 29.44, 12.38
6.33, 39, black car, 784.14, 522.32, 815.30, 534.66, 799.72, 528.49, 784.14, 528.49, 815.30, 528.49, 31.15, 12.34
6.33, 5, white car, 169.46, 454.85, 196.41, 467.98, 182.94, 461.42, 169.46, 461.42, 196.41, 461.42, 26.95, 13.13
6.37, 34, black car, 663.98, 512.74, 693.87, 525.29, 678.92, 519.02, 663.98, 519.02, 693.87, 519.02, 29.89, 12.55
6.37, 39, black car, 781.75, 521.86, 813.48, 534.47, 797.62, 528.17, 781.75, 528.17, 813.48, 528.17, 31.73, 12.61
6.37, 5, white car, 167.52, 454.74, 194.29, 467.79, 180.90, 461.26, 167.52, 461.26, 194.29, 461.26, 26.77, 13.05
6.40, 34, black car, 662.17, 512.55, 692.36, 525.25, 677.26, 518.90, 662.17, 518.90, 692.36, 518.90, 30.19, 12.70
6.40, 39, black car, 779.98, 521.92, 811.50, 534.49, 795.74, 528.20, 779.98, 528.20, 811.50, 528.20, 31.52, 12.57
6.40, 5, white car, 165.40, 454.63, 192.52, 467.85, 178.96, 461.24, 165.40, 461.24, 192.52, 461.24, 27.12, 13.22
6.43, 34, black car, 659.97, 512.43, 690.39, 525.28, 675.18, 518.85, 659.97, 518.85, 690.39, 518.85, 30.42, 12.85
6.43, 39, black car, 778.18, 522.03, 809.56, 534.61, 793.87, 528.32, 778.18, 528.32, 809.56, 528.32, 31.38, 12.58
6.43, 5, white car, 163.61, 454.70, 190.59, 467.81, 177.10, 461.26, 163.61, 461.26, 190.59, 461.26, 26.98, 13.12
6.47, 34, black car, 657.75, 512.08, 687.92, 524.85, 672.83, 518.46, 657.75, 518.46, 687.92, 518.46, 30.17, 12.77
6.47, 39, black car, 776.52, 522.02, 807.01, 534.25, 791.77, 528.13, 776.52, 528.13, 807.01, 528.13, 30.49, 12.23
6.47, 5, white car, 161.47, 454.64, 189.01, 467.99, 175.24, 461.31, 161.47, 461.31, 189.01, 461.31, 27.54, 13.36
6.50, 34, black car, 655.15, 511.66, 685.90, 524.74, 670.53, 518.20, 655.15, 518.20, 685.90, 518.20, 30.75, 13.08
6.50, 39, black car, 774.56, 521.83, 804.99, 534.05, 789.77, 527.94, 774.56, 527.94, 804.99, 527.94, 30.42, 12.22
6.50, 5, white car, 159.56, 454.47, 187.10, 467.82, 173.33, 461.14, 159.56, 461.14, 187.10, 461.14, 27.55, 13.35
6.53, 34, black car, 653.24, 511.44, 684.30, 524.69, 668.77, 518.06, 653.24, 518.06, 684.30, 518.06, 31.06, 13.25
6.53, 39, black car, 772.79, 521.69, 803.32, 534.00, 788.05, 527.84, 772.79, 527.84, 803.32, 527.84, 30.53, 12.31
6.53, 5, white car, 157.87, 454.53, 184.85, 467.56, 171.36, 461.04, 157.87, 461.04, 184.85, 461.04, 26.98, 13.03
6.57, 34, black car, 651.13, 511.14, 682.18, 524.42, 666.66, 517.78, 651.13, 517.78, 682.18, 517.78, 31.05, 13.28
6.57, 39, black car, 770.67, 521.59, 801.12, 533.89, 785.89, 527.74, 770.67, 527.74, 801.12, 527.74, 30.45, 12.30
6.57, 5, white car, 156.17, 454.45, 182.94, 467.32, 169.56, 460.88, 156.17, 460.88, 182.94, 460.88, 26.77, 12.87
6.60, 34, black car, 649.33, 511.07, 680.14, 524.26, 664.74, 517.66, 649.33, 517.66, 680.14, 517.66, 30.81, 13.19
6.60, 39, black car, 768.77, 521.44, 799.03, 533.71, 783.90, 527.58, 768.77, 527.58, 799.03, 527.58, 30.26, 12.27
6.60, 5, white car, 154.33, 454.26, 181.00, 467.05, 167.67, 460.65, 154.33, 460.65, 181.00, 460.65, 26.67, 12.79
6.63, 34, black car, 647.65, 510.79, 678.23, 523.88, 662.94, 517.34, 647.65, 517.34, 678.23, 517.34, 30.58, 13.09
6.63, 39, black car, 766.56, 521.20, 797.21, 533.67, 781.88, 527.43, 766.56, 527.43, 797.21, 527.43, 30.64, 12.47
6.63, 5, white car, 152.32, 453.95, 179.21, 466.81, 165.76, 460.38, 152.32, 460.38, 179.21, 460.38, 26.88, 12.86
6.67, 34, black car, 645.07, 510.43, 676.09, 523.74, 660.58, 517.09, 645.07, 517.09, 676.09, 517.09, 31.02, 13.31
6.67, 39, black car, 764.99, 521.23, 795.49, 533.68, 780.24, 527.46, 764.99, 527.46, 795.49, 527.46, 30.50, 12.45
6.67, 5, white car, 150.44, 453.79, 177.17, 466.56, 163.80, 460.17, 150.44, 460.17, 177.17, 460.17, 26.73, 12.77
6.70, 34, black car, 642.99, 510.02, 674.12, 523.44, 658.56, 516.73, 642.99, 516.73, 674.12, 516.73, 31.13, 13.42
6.70, 39, black car, 762.16, 520.91, 792.52, 533.32, 777.34, 527.11, 762.16, 527.11, 792.52, 527.11, 30.36, 12.41
6.70, 5, white car, 148.63, 453.59, 175.59, 466.46, 162.11, 460.02, 148.63, 460.02, 175.59, 460.02, 26.96, 12.87
6.73, 34, black car, 640.64, 509.55, 672.25, 523.26, 656.45, 516.41, 640.64, 516.41, 672.25, 516.41, 31.61, 13.72
6.73, 39, black car, 759.81, 520.76, 790.37, 533.25, 775.09, 527.01, 759.81, 527.01, 790.37, 527.01, 30.56, 12.49
6.73, 5, white car, 146.71, 453.29, 173.70, 466.17, 160.21, 459.73, 146.71, 459.73, 173.70, 459.73, 27.00, 12.89
6.77, 34, black car, 638.35, 509.30, 670.05, 523.15, 654.20, 516.22, 638.35, 516.22, 670.05, 516.22, 31.70, 13.85
6.77, 39, black car, 757.75, 520.38, 789.00, 533.20, 773.37, 526.79, 757.75, 526.79, 789.00, 526.79, 31.25, 12.81
6.77, 5, white car, 145.02, 453.15, 171.98, 466.00, 158.50, 459.57, 145.02, 459.57, 171.98, 459.57, 26.96, 12.85
6.80, 34, black car, 636.41, 509.23, 667.98, 523.07, 652.20, 516.15, 636.41, 516.15, 667.98, 516.15, 31.57, 13.83
6.80, 39, black car, 755.61, 520.33, 787.04, 533.25, 771.33, 526.79, 755.61, 526.79, 787.04, 526.79, 31.43, 12.93
6.80, 5, white car, 143.45, 453.10, 170.39, 465.91, 156.92, 459.50, 143.45, 459.50, 170.39, 459.50, 26.94, 12.81
6.83, 34, black car, 634.84, 509.20, 665.70, 522.70, 650.27, 515.95, 634.84, 515.95, 665.70, 515.95, 30.85, 13.50
6.83, 39, black car, 753.62, 520.27, 785.04, 533.24, 769.33, 526.75, 753.62, 526.75, 785.04, 526.75, 31.42, 12.97
6.83, 5, white car, 141.76, 453.00, 169.07, 465.95, 155.42, 459.47, 141.76, 459.47, 169.07, 459.47, 27.31, 12.95
6.87, 34, black car, 633.28, 509.24, 663.25, 522.33, 648.27, 515.79, 633.28, 515.79, 663.25, 515.79, 29.97, 13.09
6.87, 39, black car, 751.97, 520.38, 783.20, 533.33, 767.59, 526.85, 751.97, 526.85, 783.20, 526.85, 31.23, 12.95
6.87, 5, white car, 140.06, 452.78, 167.41, 465.75, 153.74, 459.27, 140.06, 459.27, 167.41, 459.27, 27.35, 12.97
6.90, 34, black car, 630.99, 509.13, 660.91, 522.20, 645.95, 515.67, 630.99, 515.67, 660.91, 515.67, 29.92, 13.08
6.90, 39, black car, 749.99, 520.48, 781.06, 533.40, 765.52, 526.94, 749.99, 526.94, 781.06, 526.94, 31.07, 12.92
6.90, 5, white car, 138.09, 452.71, 165.37, 465.66, 151.73, 459.18, 138.09, 459.18, 165.37, 459.18, 27.28, 12.95
6.93, 34, black car, 628.55, 508.98, 658.69, 522.24, 643.62, 515.61, 628.55, 515.61, 658.69, 515.61, 30.14, 13.26
6.93, 39, black car, 748.12, 520.43, 778.82, 533.23, 763.47, 526.83, 748.12, 526.83, 778.82, 526.83, 30.70, 12.80
6.93, 5, white car, 135.74, 452.54, 162.99, 465.49, 149.37, 459.01, 135.74, 459.01, 162.99, 459.01, 27.25, 12.94
6.97, 34, black car, 626.88, 508.73, 656.99, 522.05, 641.94, 515.39, 626.88, 515.39, 656.99, 515.39, 30.12, 13.32
6.97, 39, black car, 745.95, 520.00, 776.56, 532.73, 761.26, 526.37, 745.95, 526.37, 776.56, 526.37, 30.60, 12.73
6.97, 5, white car, 133.67, 452.26, 161.47, 465.52, 147.57, 458.89, 133.67, 458.89, 161.47, 458.89, 27.79, 13.26
7.00, 34, black car, 625.11, 508.52, 655.19, 521.89, 640.15, 515.21, 625.11, 515.21, 655.19, 515.21, 30.08, 13.37
7.00, 39, black car, 744.26, 519.76, 774.96, 532.50, 759.61, 526.13, 744.26, 526.13, 774.96, 526.13, 30.70, 12.74
7.00, 5, white car, 132.01, 452.09, 159.95, 465.46, 145.98, 458.77, 132.01, 458.77, 159.95, 458.77, 27.94, 13.36
7.03, 34, black car, 623.08, 508.39, 652.81, 521.64, 637.95, 515.01, 623.08, 515.01, 652.81, 515.01, 29.73, 13.25
7.03, 39, black car, 742.26, 519.65, 772.50, 532.20, 757.38, 525.93, 742.26, 525.93, 772.50, 525.93, 30.24, 12.55
7.03, 5, white car, 130.39, 451.92, 158.37, 465.32, 144.38, 458.62, 130.39, 458.62, 158.37, 458.62, 27.98, 13.40
7.07, 34, black car, 621.27, 508.19, 650.70, 521.30, 635.98, 514.75, 621.27, 514.75, 650.70, 514.75, 29.44, 13.11
7.07, 39, black car, 740.39, 519.60, 770.62, 532.16, 755.50, 525.88, 740.39, 525.88, 770.62, 525.88, 30.22, 12.56
7.07, 5, white car, 128.48, 451.61, 156.53, 465.09, 142.51, 458.35, 128.48, 458.35, 156.53, 458.35, 28.06, 13.47
7.10, 34, black car, 619.41, 508.07, 648.31, 520.91, 633.86, 514.49, 619.41, 514.49, 648.31, 514.49, 28.90, 12.85
7.10, 39, black car, 738.72, 519.64, 768.76, 532.14, 753.74, 525.89, 738.72, 525.89, 768.76, 525.89, 30.04, 12.49
7.10, 5, white car, 126.72, 451.41, 154.80, 464.93, 140.76, 458.17, 126.72, 458.17, 154.80, 458.17, 28.08, 13.52
7.13, 34, black car, 617.33, 507.96, 645.96, 520.67, 631.65, 514.31, 617.33, 514.31, 645.96, 514.31, 28.63, 12.72
7.13, 39, black car, 737.00, 519.70, 766.69, 532.07, 751.84, 525.89, 737.00, 525.89, 766.69, 525.89, 29.69, 12.37
7.13, 5, white car, 125.22, 451.15, 153.33, 464.71, 139.27, 457.93, 125.22, 457.93, 153.33, 457.93, 28.11, 13.56
7.17, 34, black car, 615.42, 507.66, 644.03, 520.36, 629.73, 514.01, 615.42, 514.01, 644.03, 514.01, 28.61, 12.70
7.17, 39, black car, 735.00, 519.55, 764.89, 531.98, 749.94, 525.77, 735.00, 525.77, 764.89, 525.77, 29.89, 12.44
7.17, 5, white car, 123.34, 450.90, 151.77, 464.63, 137.56, 457.76, 123.34, 457.76, 151.77, 457.76, 28.44, 13.73
7.20, 34, black car, 613.33, 507.02, 642.77, 520.14, 628.05, 513.58, 613.33, 513.58, 642.77, 513.58, 29.44, 13.12
7.20, 39, black car, 732.20, 519.00, 762.85, 531.71, 747.53, 525.35, 732.20, 525.35, 762.85, 525.35, 30.66, 12.71
7.20, 5, white car, 121.29, 450.67, 149.83, 464.46, 135.56, 457.56, 121.29, 457.56, 149.83, 457.56, 28.54, 13.79
7.23, 34, black car, 611.35, 506.86, 641.26, 520.25, 626.30, 513.55, 611.35, 513.55, 641.26, 513.55, 29.91, 13.38
7.23, 39, black car, 730.24, 518.67, 760.91, 531.36, 745.58, 525.01, 730.24, 525.01, 760.91, 525.01, 30.67, 12.69
7.23, 5, white car, 119.46, 450.64, 147.94, 464.42, 133.70, 457.53, 119.46, 457.53, 147.94, 457.53, 28.48, 13.79
7.27, 34, black car, 609.31, 506.70, 639.43, 520.21, 624.37, 513.45, 609.31, 513.45, 639.43, 513.45, 30.12, 13.52
7.27, 39, black car, 728.08, 518.71, 758.43, 531.23, 743.25, 524.97, 728.08, 524.97, 758.43, 524.97, 30.35, 12.52
7.27, 5, white car, 118.04, 450.58, 146.08, 464.15, 132.06, 457.36, 118.04, 457.36, 146.08, 457.36, 28.04, 13.57
7.30, 34, black car, 607.38, 506.49, 637.33, 519.96, 622.36, 513.22, 607.38, 513.22, 637.33, 513.22, 29.95, 13.46
7.30, 39, black car, 726.29, 518.57, 756.61, 531.07, 741.45, 524.82, 726.29, 524.82, 756.61, 524.82, 30.32, 12.50
7.30, 5, white car, 116.50, 450.58, 144.43, 464.08, 130.47, 457.33, 116.50, 457.33, 144.43, 457.33, 27.93, 13.50
7.33, 34, black car, 604.93, 506.26, 634.77, 519.71, 619.85, 512.99, 604.93, 512.99, 634.77, 512.99, 29.84, 13.46
7.33, 39, black car, 724.56, 518.42, 755.08, 530.99, 739.82, 524.70, 724.56, 524.70, 755.08, 524.70, 30.52, 12.56
7.33, 5, white car, 115.11, 450.55, 142.75, 463.88, 128.93, 457.22, 115.11, 457.22, 142.75, 457.22, 27.64, 13.33
7.37, 34, black car, 602.85, 506.34, 632.44, 519.70, 617.64, 513.02, 602.85, 513.02, 632.44, 513.02, 29.59, 13.36
7.37, 39, black car, 723.03, 518.42, 753.14, 530.79, 738.09, 524.61, 723.03, 524.61, 753.14, 524.61, 30.11, 12.37
7.37, 5, white car, 113.59, 450.52, 141.08, 463.74, 127.34, 457.13, 113.59, 457.13, 141.08, 457.13, 27.49, 13.22
7.40, 34, black car, 601.00, 506.15, 630.59, 519.54, 615.79, 512.84, 601.00, 512.84, 630.59, 512.84, 29.58, 13.38
7.40, 39, black car, 720.13, 518.20, 750.45, 530.63, 735.29, 524.42, 720.13, 524.42, 750.45, 524.42, 30.32, 12.43
7.40, 5, white car, 111.99, 450.56, 139.19, 463.62, 125.59, 457.09, 111.99, 457.09, 139.19, 457.09, 27.20, 13.07
7.43, 39, black car, 717.29, 518.18, 748.49, 531.05, 732.89, 524.61, 717.29, 524.61, 748.49, 524.61, 31.20, 12.86
7.43, 5, white car, 110.18, 450.44, 137.53, 463.56, 123.86, 457.00, 110.18, 457.00, 137.53, 457.00, 27.35, 13.12
7.47, 39, black car, 715.90, 518.03, 746.91, 530.89, 731.40, 524.46, 715.90, 524.46, 746.91, 524.46, 31.02, 12.86
7.47, 5, white car, 108.33, 450.36, 135.82, 463.55, 122.08, 456.95, 108.33, 456.95, 135.82, 456.95, 27.48, 13.19
7.50, 39, black car, 714.40, 518.04, 744.86, 530.74, 729.63, 524.39, 714.40, 524.39, 744.86, 524.39, 30.45, 12.69
7.50, 5, white car, 106.60, 450.13, 134.19, 463.39, 120.40, 456.76, 106.60, 456.76, 134.19, 456.76, 27.59, 13.25
7.53, 39, black car, 711.55, 517.82, 742.42, 530.75, 726.99, 524.28, 711.55, 524.28, 742.42, 524.28, 30.87, 12.93
7.53, 5, white car, 104.80, 449.97, 132.57, 463.34, 118.68, 456.65, 104.80, 456.65, 132.57, 456.65, 27.77, 13.38
7.57, 39, black car, 709.85, 517.58, 741.03, 530.70, 725.44, 524.14, 709.85, 524.14, 741.03, 524.14, 31.18, 13.12
7.57, 5, white car, 103.18, 449.80, 130.93, 463.19, 117.05, 456.49, 103.18, 456.49, 130.93, 456.49, 27.75, 13.39
7.60, 39, black car, 708.39, 517.32, 739.35, 530.39, 723.87, 523.86, 708.39, 523.86, 739.35, 523.86, 30.96, 13.06
7.60, 5, white car, 101.69, 449.75, 129.12, 462.99, 115.41, 456.37, 101.69, 456.37, 129.12, 456.37, 27.43, 13.24
7.63, 39, black car, 706.71, 517.26, 737.24, 530.16, 721.97, 523.71, 706.71, 523.71, 737.24, 523.71, 30.53, 12.91
7.67, 39, black car, 704.70, 517.14, 735.09, 530.00, 719.89, 523.57, 704.70, 523.57, 735.09, 523.57, 30.39, 12.86
7.70, 39, black car, 703.43, 517.06, 733.20, 529.66, 718.31, 523.36, 703.43, 523.36, 733.20, 523.36, 29.78, 12.60
7.70, 34, black car, 583.38, 504.13, 613.00, 517.59, 598.19, 510.86, 583.38, 510.86, 613.00, 510.86, 29.62, 13.45
7.73, 39, black car, 701.37, 517.07, 730.28, 529.30, 715.82, 523.19, 701.37, 523.19, 730.28, 523.19, 28.91, 12.23
7.73, 34, black car, 581.09, 503.84, 610.61, 517.28, 595.85, 510.56, 581.09, 510.56, 610.61, 510.56, 29.52, 13.44
7.77, 39, black car, 698.19, 516.36, 727.67, 528.85, 712.93, 522.61, 698.19, 522.61, 727.67, 522.61, 29.48, 12.49
7.77, 34, black car, 579.17, 503.65, 608.78, 517.17, 593.98, 510.41, 579.17, 510.41, 608.78, 510.41, 29.61, 13.52
7.80, 39, black car, 695.88, 515.87, 725.52, 528.43, 710.70, 522.15, 695.88, 522.15, 725.52, 522.15, 29.65, 12.57
7.80, 34, black car, 577.65, 503.49, 607.01, 516.94, 592.33, 510.21, 577.65, 510.21, 607.01, 510.21, 29.37, 13.45
7.83, 39, black car, 694.05, 515.57, 723.92, 528.24, 708.98, 521.91, 694.05, 521.91, 723.92, 521.91, 29.87, 12.68
7.83, 34, black car, 575.53, 503.46, 604.28, 516.64, 589.90, 510.05, 575.53, 510.05, 604.28, 510.05, 28.75, 13.18
7.87, 39, black car, 692.16, 515.14, 722.14, 527.88, 707.15, 521.51, 692.16, 521.51, 722.14, 521.51, 29.98, 12.75
7.87, 34, black car, 573.26, 503.28, 601.74, 516.35, 587.50, 509.82, 573.26, 509.82, 601.74, 509.82, 28.47, 13.06
7.90, 39, black car, 689.98, 514.80, 720.33, 527.74, 705.16, 521.27, 689.98, 521.27, 720.33, 521.27, 30.35, 12.93
7.90, 34, black car, 571.33, 503.03, 599.77, 516.08, 585.55, 509.55, 571.33, 509.55, 599.77, 509.55, 28.44, 13.05
7.93, 39, black car, 688.46, 514.76, 718.87, 527.71, 703.66, 521.23, 688.46, 521.23, 718.87, 521.23, 30.40, 12.95
7.93, 34, black car, 569.55, 502.89, 597.55, 515.72, 583.55, 509.30, 569.55, 509.30, 597.55, 509.30, 28.00, 12.83
7.93, 5, white car, 86.05, 447.62, 113.21, 460.72, 99.63, 454.17, 86.05, 454.17, 113.21, 454.17, 27.15, 13.09
7.97, 39, black car, 686.44, 514.80, 716.73, 527.72, 701.59, 521.26, 686.44, 521.26, 716.73, 521.26, 30.29, 12.92
7.97, 34, black car, 567.55, 502.46, 596.04, 515.55, 581.80, 509.00, 567.55, 509.00, 596.04, 509.00, 28.49, 13.08
7.97, 5, white car, 84.57, 447.57, 111.78, 460.66, 98.18, 454.11, 84.57, 454.11, 111.78, 454.11, 27.21, 13.09
8.00, 39, black car, 684.22, 514.49, 714.94, 527.66, 699.58, 521.07, 684.22, 521.07, 714.94, 521.07, 30.72, 13.16
8.00, 34, black car, 565.43, 502.02, 594.62, 515.44, 580.03, 508.73, 565.43, 508.73, 594.62, 508.73, 29.19, 13.42
8.00, 5, white car, 83.01, 447.53, 109.80, 460.37, 96.41, 453.95, 83.01, 453.95, 109.80, 453.95, 26.80, 12.84
8.03, 39, black car, 682.01, 514.22, 713.18, 527.62, 697.60, 520.92, 682.01, 520.92, 713.18, 520.92, 31.17, 13.40
8.03, 34, black car, 562.81, 501.51, 592.84, 515.39, 577.83, 508.45, 562.81, 508.45, 592.84, 508.45, 30.03, 13.88
8.03, 5, white car, 81.68, 447.52, 108.39, 460.25, 95.04, 453.88, 81.68, 453.88, 108.39, 453.88, 26.71, 12.73
8.07, 39, black car, 680.29, 514.27, 711.08, 527.51, 695.68, 520.89, 680.29, 520.89, 711.08, 520.89, 30.78, 13.24
8.07, 34, black car, 560.38, 501.09, 590.51, 515.09, 575.44, 508.09, 560.38, 508.09, 590.51, 508.09, 30.14, 14.00
8.07, 5, white car, 80.15, 447.42, 106.77, 460.06, 93.46, 453.74, 80.15, 453.74, 106.77, 453.74, 26.62, 12.65
8.10, 39, black car, 678.26, 514.03, 709.03, 527.27, 693.65, 520.65, 678.26, 520.65, 709.03, 520.65, 30.77, 13.24
8.10, 34, black car, 558.26, 500.67, 588.00, 514.52, 573.13, 507.59, 558.26, 507.59, 588.00, 507.59, 29.74, 13.85
8.10, 5, white car, 78.58, 447.38, 105.26, 460.01, 91.92, 453.69, 78.58, 453.69, 105.26, 453.69, 26.68, 12.63
8.13, 39, black car, 676.08, 513.65, 707.11, 527.04, 691.59, 520.35, 676.08, 520.35, 707.11, 520.35, 31.03, 13.39
8.13, 34, black car, 556.49, 500.47, 585.92, 514.18, 571.21, 507.32, 556.49, 507.32, 585.92, 507.32, 29.43, 13.71
8.13, 5, white car, 77.11, 447.29, 103.74, 459.89, 90.43, 453.59, 77.11, 453.59, 103.74, 453.59, 26.63, 12.60
8.17, 39, black car, 674.39, 513.42, 705.50, 526.85, 689.94, 520.14, 674.39, 520.14, 705.50, 520.14, 31.11, 13.43
8.17, 34, black car, 555.07, 500.45, 583.81, 513.83, 569.44, 507.14, 555.07, 507.14, 583.81, 507.14, 28.74, 13.38
8.17, 5, white car, 75.47, 447.04, 102.12, 459.64, 88.79, 453.34, 75.47, 453.34, 102.12, 453.34, 26.65, 12.60
8.20, 39, black car, 672.40, 513.11, 703.80, 526.67, 688.10, 519.89, 672.40, 519.89, 703.80, 519.89, 31.39, 13.56
8.20, 34, black car, 553.66, 500.43, 582.11, 513.67, 567.88, 507.05, 553.66, 507.05, 582.11, 507.05, 28.45, 13.24
8.20, 5, white car, 74.04, 446.95, 100.60, 459.49, 87.32, 453.22, 74.04, 453.22, 100.60, 453.22, 26.56, 12.53
8.23, 39, black car, 670.65, 513.10, 701.50, 526.49, 686.07, 519.79, 670.65, 519.79, 701.50, 519.79, 30.86, 13.38
8.23, 34, black car, 551.64, 500.26, 580.11, 513.47, 565.88, 506.87, 551.64, 506.87, 580.11, 506.87, 28.47, 13.21
8.23, 5, white car, 72.65, 446.86, 99.37, 459.43, 86.01, 453.14, 72.65, 453.14, 99.37, 453.14, 26.71, 12.57
8.27, 39, black car, 668.61, 513.00, 699.36, 526.40, 683.98, 519.70, 668.61, 519.70, 699.36, 519.70, 30.75, 13.40
8.27, 34, black car, 549.57, 499.99, 578.25, 513.26, 563.91, 506.62, 549.57, 506.62, 578.25, 506.62, 28.69, 13.28
8.27, 5, white car, 71.15, 446.71, 97.94, 459.30, 84.55, 453.01, 71.15, 453.01, 97.94, 453.01, 26.80, 12.59
8.30, 39, black car, 666.98, 512.91, 697.61, 526.31, 682.29, 519.61, 666.98, 519.61, 697.61, 519.61, 30.63, 13.40
8.30, 34, black car, 546.56, 499.79, 575.70, 513.26, 561.13, 506.52, 546.56, 506.52, 575.70, 506.52, 29.14, 13.47
8.30, 5, white car, 69.66, 446.46, 96.29, 458.96, 82.98, 452.71, 69.66, 452.71, 96.29, 452.71, 26.62, 12.50
8.33, 39, black car, 664.82, 512.84, 695.32, 526.23, 680.07, 519.54, 664.82, 519.54, 695.32, 519.54, 30.51, 13.38
8.33, 34, black car, 544.55, 499.56, 573.56, 512.95, 559.05, 506.26, 544.55, 506.26, 573.56, 506.26, 29.02, 13.39
8.33, 5, white car, 68.11, 446.37, 94.53, 458.76, 81.32, 452.57, 68.11, 452.57, 94.53, 452.57, 26.41, 12.39
8.37, 39, black car, 663.62, 512.88, 693.78, 526.16, 678.70, 519.52, 663.62, 519.52, 693.78, 519.52, 30.16, 13.28
8.37, 34, black car, 542.66, 499.35, 571.61, 512.69, 557.14, 506.02, 542.66, 506.02, 571.61, 506.02, 28.95, 13.34
8.37, 5, white car, 66.56, 446.27, 92.88, 458.62, 79.72, 452.44, 66.56, 452.44, 92.88, 452.44, 26.32, 12.35
8.40, 39, black car, 662.20, 512.76, 692.36, 526.06, 677.28, 519.41, 662.20, 519.41, 692.36, 519.41, 30.16, 13.30
8.40, 34, black car, 540.89, 499.19, 570.07, 512.64, 555.48, 505.91, 540.89, 505.91, 570.07, 505.91, 29.18, 13.44
8.40, 5, white car, 64.92, 446.13, 91.30, 458.50, 78.11, 452.32, 64.92, 452.32, 91.30, 452.32, 26.38, 12.37
8.43, 39, black car, 660.10, 512.45, 690.73, 525.95, 675.41, 519.20, 660.10, 519.20, 690.73, 519.20, 30.63, 13.50
8.43, 34, black car, 539.00, 498.98, 568.49, 512.61, 553.74, 505.80, 539.00, 505.80, 568.49, 505.80, 29.49, 13.63
8.43, 5, white car, 63.53, 445.99, 89.91, 458.39, 76.72, 452.19, 63.53, 452.19, 89.91, 452.19, 26.38, 12.40
8.47, 39, black car, 658.30, 512.26, 688.63, 525.63, 673.46, 518.95, 658.30, 518.95, 688.63, 518.95, 30.33, 13.37
8.47, 34, black car, 537.03, 498.94, 566.52, 512.57, 551.78, 505.75, 537.03, 505.75, 566.52, 505.75, 29.49, 13.63
8.47, 5, white car, 61.96, 445.70, 88.31, 458.10, 75.13, 451.90, 61.96, 451.90, 88.31, 451.90, 26.36, 12.39
8.50, 39, black car, 656.32, 512.13, 686.36, 525.40, 671.34, 518.76, 656.32, 518.76, 686.36, 518.76, 30.03, 13.28
8.50, 34, black car, 535.21, 498.72, 564.49, 512.24, 549.85, 505.48, 535.21, 505.48, 564.49, 505.48, 29.28, 13.52
8.50, 5, white car, 60.45, 445.55, 86.83, 457.96, 73.64, 451.75, 60.45, 451.75, 86.83, 451.75, 26.38, 12.41
8.53, 39, black car, 654.38, 511.72, 684.86, 525.20, 669.62, 518.46, 654.38, 518.46, 684.86, 518.46, 30.48, 13.49
8.53, 34, black car, 533.16, 498.49, 562.20, 511.88, 547.68, 505.19, 533.16, 505.19, 562.20, 505.19, 29.04, 13.39
8.53, 5, white car, 59.01, 445.32, 85.26, 457.66, 72.13, 451.49, 59.01, 451.49, 85.26, 451.49, 26.25, 12.34
8.57, 39, black car, 652.73, 511.45, 683.23, 524.94, 667.98, 518.20, 652.73, 518.20, 683.23, 518.20, 30.50, 13.49
8.57, 34, black car, 530.60, 498.00, 559.95, 511.55, 545.28, 504.77, 530.60, 504.77, 559.95, 504.77, 29.36, 13.55
8.57, 5, white car, 57.65, 445.19, 83.63, 457.38, 70.64, 451.28, 57.65, 451.28, 83.63, 451.28, 25.98, 12.18
8.60, 39, black car, 650.95, 511.37, 681.33, 524.79, 666.14, 518.08, 650.95, 518.08, 681.33, 518.08, 30.38, 13.42
8.60, 34, black car, 528.72, 497.90, 558.21, 511.53, 543.46, 504.71, 528.72, 504.71, 558.21, 504.71, 29.49, 13.64
8.60, 5, white car, 56.36, 445.11, 82.31, 457.28, 69.33, 451.20, 56.36, 451.20, 82.31, 451.20, 25.95, 12.16
8.63, 39, black car, 648.56, 511.28, 678.92, 524.69, 663.74, 517.99, 648.56, 517.99, 678.92, 517.99, 30.36, 13.41
8.63, 34, black car, 526.78, 497.79, 556.40, 511.50, 541.59, 504.64, 526.78, 504.64, 556.40, 504.64, 29.62, 13.71
8.63, 5, white car, 54.94, 445.02, 80.98, 457.22, 67.96, 451.12, 54.94, 451.12, 80.98, 451.12, 26.04, 12.19
8.67, 39, black car, 646.15, 510.92, 677.04, 524.55, 661.60, 517.73, 646.15, 517.73, 677.04, 517.73, 30.88, 13.62
8.67, 34, black car, 524.88, 497.71, 554.44, 511.37, 539.66, 504.54, 524.88, 504.54, 554.44, 504.54, 29.56, 13.66
8.67, 5, white car, 53.25, 444.79, 79.91, 457.26, 66.58, 451.03, 53.25, 451.03, 79.91, 451.03, 26.67, 12.48
8.70, 39, black car, 644.45, 510.78, 674.99, 524.23, 659.72, 517.50, 644.45, 517.50, 674.99, 517.50, 30.54, 13.45
8.70, 34, black car, 522.96, 497.64, 552.34, 511.21, 537.65, 504.43, 522.96, 504.43, 552.34, 504.43, 29.38, 13.58
8.70, 5, white car, 51.74, 444.59, 78.55, 457.13, 65.15, 450.86, 51.74, 450.86, 78.55, 450.86, 26.80, 12.54
8.73, 39, black car, 642.67, 510.90, 672.86, 524.20, 657.77, 517.55, 642.67, 517.55, 672.86, 517.55, 30.19, 13.30
8.73, 34, black car, 520.83, 497.27, 550.21, 510.88, 535.52, 504.08, 520.83, 504.08, 550.21, 504.08, 29.38, 13.60
8.73, 5, white car, 50.26, 444.44, 77.11, 456.99, 63.69, 450.71, 50.26, 450.71, 77.11, 450.71, 26.85, 12.56
8.77, 39, black car, 640.37, 510.73, 670.80, 524.15, 655.58, 517.44, 640.37, 517.44, 670.80, 517.44, 30.43, 13.42
8.77, 34, black car, 518.32, 496.84, 547.97, 510.62, 533.15, 503.73, 518.32, 503.73, 547.97, 503.73, 29.65, 13.77
8.77, 5, white car, 48.88, 444.36, 75.56, 456.84, 62.22, 450.60, 48.88, 450.60, 75.56, 450.60, 26.67, 12.48
8.80, 39, black car, 638.01, 510.26, 668.99, 523.94, 653.50, 517.10, 638.01, 517.10, 668.99, 517.10, 30.97, 13.68
8.80, 34, black car, 516.37, 496.51, 545.97, 510.30, 531.17, 503.41, 516.37, 503.41, 545.97, 503.41, 29.60, 13.79
8.80, 5, white car, 47.49, 444.21, 74.06, 456.63, 60.78, 450.42, 47.49, 450.42, 74.06, 450.42, 26.57, 12.42
8.83, 39, black car, 636.55, 510.10, 666.96, 523.51, 651.75, 516.81, 636.55, 516.81, 666.96, 516.81, 30.41, 13.41
8.83, 34, black car, 514.54, 496.25, 544.13, 510.06, 529.34, 503.15, 514.54, 503.15, 544.13, 503.15, 29.59, 13.80
8.83, 5, white car, 46.10, 443.97, 72.85, 456.47, 59.48, 450.22, 46.10, 450.22, 72.85, 450.22, 26.76, 12.51
8.87, 39, black car, 634.55, 510.21, 664.56, 523.41, 649.55, 516.81, 634.55, 516.81, 664.56, 516.81, 30.01, 13.20
8.87, 34, black car, 512.50, 496.11, 542.45, 510.06, 527.48, 503.09, 512.50, 503.09, 542.45, 503.09, 29.94, 13.95
8.87, 5, white car, 44.92, 443.83, 71.38, 456.19, 58.15, 450.01, 44.92, 450.01, 71.38, 450.01, 26.47, 12.36
8.90, 39, black car, 632.46, 509.86, 662.56, 523.03, 647.51, 516.44, 632.46, 516.44, 662.56, 516.44, 30.10, 13.17
8.90, 34, black car, 510.48, 495.72, 540.60, 509.75, 525.54, 502.74, 510.48, 502.74, 540.60, 502.74, 30.12, 14.03
8.90, 5, white car, 43.70, 443.73, 69.90, 455.91, 56.80, 449.82, 43.70, 449.82, 69.90, 449.82, 26.19, 12.18
8.93, 39, black car, 631.02, 509.75, 660.81, 522.77, 645.91, 516.26, 631.02, 516.26, 660.81, 516.26, 29.79, 13.02
8.93, 34, black car, 508.94, 495.70, 538.69, 509.55, 523.82, 502.62, 508.94, 502.62, 538.69, 502.62, 29.76, 13.85
8.93, 5, white car, 42.74, 443.85, 68.68, 455.88, 55.71, 449.86, 42.74, 449.86, 68.68, 449.86, 25.94, 12.03
8.97, 39, black car, 629.34, 509.83, 659.18, 522.86, 644.26, 516.35, 629.34, 516.35, 659.18, 516.35, 29.84, 13.03
8.97, 34, black car, 507.15, 495.44, 536.77, 509.20, 521.96, 502.32, 507.15, 502.32, 536.77, 502.32, 29.61, 13.76
8.97, 5, white car, 41.21, 443.65, 67.42, 455.78, 54.31, 449.72, 41.21, 449.72, 67.42, 449.72, 26.21, 12.13
9.00, 39, black car, 627.33, 509.45, 657.73, 522.76, 642.53, 516.10, 627.33, 516.10, 657.73, 516.10, 30.40, 13.31
9.00, 34, black car, 504.51, 495.19, 534.57, 509.16, 519.54, 502.18, 504.51, 502.18, 534.57, 502.18, 30.07, 13.96
9.00, 5, white car, 39.73, 443.36, 66.37, 455.69, 53.05, 449.53, 39.73, 449.53, 66.37, 449.53, 26.64, 12.33
9.03, 35, black car, 1414.50, 549.56, 1443.72, 560.78, 1429.11, 555.17, 1414.50, 555.17, 1443.72, 555.17, 29.23, 11.23
9.03, 39, black car, 625.42, 509.02, 656.41, 522.62, 640.91, 515.82, 625.42, 515.82, 656.41, 515.82, 30.99, 13.60
9.03, 34, black car, 502.30, 494.84, 532.08, 508.69, 517.19, 501.77, 502.30, 501.77, 532.08, 501.77, 29.78, 13.85
9.03, 5, white car, 38.48, 443.06, 65.20, 455.46, 51.84, 449.26, 38.48, 449.26, 65.20, 449.26, 26.72, 12.40
9.07, 35, black car, 1412.68, 549.40, 1442.03, 560.69, 1427.35, 555.04, 1412.68, 555.04, 1442.03, 555.04, 29.35, 11.29
9.07, 39, black car, 623.38, 508.64, 654.59, 522.37, 638.98, 515.51, 623.38, 515.51, 654.59, 515.51, 31.21, 13.73
9.07, 34, black car, 500.36, 494.47, 530.04, 508.33, 515.20, 501.40, 500.36, 501.40, 530.04, 501.40, 29.68, 13.86
9.07, 5, white car, 37.21, 442.82, 63.83, 455.20, 50.52, 449.01, 37.21, 449.01, 63.83, 449.01, 26.62, 12.38
9.10, 35, black car, 1410.32, 549.18, 1440.01, 560.58, 1425.17, 554.88, 1410.32, 554.88, 1440.01, 554.88, 29.68, 11.40
9.10, 39, black car, 621.36, 508.25, 652.70, 522.07, 637.03, 515.16, 621.36, 515.16, 652.70, 515.16, 31.34, 13.82
9.10, 34, black car, 498.22, 493.96, 528.20, 508.00, 513.21, 500.98, 498.22, 500.98, 528.20, 500.98, 29.98, 14.04
9.10, 5, white car, 35.94, 442.68, 62.49, 455.04, 49.22, 448.86, 35.94, 448.86, 62.49, 448.86, 26.55, 12.37
9.13, 35, black car, 1408.09, 548.61, 1438.31, 560.17, 1423.20, 554.39, 1408.09, 554.39, 1438.31, 554.39, 30.23, 11.56
9.13, 39, black car, 619.60, 508.00, 650.57, 521.70, 635.08, 514.85, 619.60, 514.85, 650.57, 514.85, 30.97, 13.70
9.13, 34, black car, 496.05, 493.86, 525.85, 507.81, 510.95, 500.83, 496.05, 500.83, 525.85, 500.83, 29.81, 13.95
9.13, 5, white car, 34.61, 442.45, 61.19, 454.85, 47.90, 448.65, 34.61, 448.65, 61.19, 448.65, 26.58, 12.40
9.17, 35, black car, 1406.10, 548.37, 1436.46, 559.94, 1421.28, 554.15, 1406.10, 554.15, 1436.46, 554.15, 30.36, 11.58
9.17, 39, black car, 618.17, 507.78, 649.05, 521.50, 633.61, 514.64, 618.17, 514.64, 649.05, 514.64, 30.88, 13.72
9.17, 34, black car, 494.19, 494.02, 523.80, 507.85, 509.00, 500.94, 494.19, 500.94, 523.80, 500.94, 29.61, 13.83
9.17, 5, white car, 33.60, 442.41, 59.86, 454.69, 46.73, 448.55, 33.60, 448.55, 59.86, 448.55, 26.27, 12.28
9.20, 35, black car, 1404.00, 548.60, 1434.08, 560.07, 1419.04, 554.33, 1404.00, 554.33, 1434.08, 554.33, 30.08, 11.47
9.20, 39, black car, 616.57, 507.93, 647.17, 521.57, 631.87, 514.75, 616.57, 514.75, 647.17, 514.75, 30.60, 13.64
9.20, 34, black car, 492.44, 493.81, 521.91, 507.57, 507.17, 500.69, 492.44, 500.69, 521.91, 500.69, 29.47, 13.76
9.20, 5, white car, 32.41, 442.33, 58.49, 454.52, 45.45, 448.42, 32.41, 448.42, 58.49, 448.42, 26.08, 12.19
9.23, 35, black car, 1401.74, 548.52, 1431.94, 560.03, 1416.84, 554.28, 1401.74, 554.28, 1431.94, 554.28, 30.20, 11.51
9.23, 39, black car, 614.94, 507.96, 645.20, 521.48, 630.07, 514.72, 614.94, 514.72, 645.20, 514.72, 30.26, 13.52
9.23, 34, black car, 490.43, 493.57, 519.68, 507.24, 505.06, 500.41, 490.43, 500.41, 519.68, 500.41, 29.25, 13.67
9.23, 5, white car, 31.54, 442.14, 57.35, 454.18, 44.45, 448.16, 31.54, 448.16, 57.35, 448.16, 25.81, 12.04
9.27, 35, black car, 1400.04, 548.69, 1429.95, 560.07, 1414.99, 554.38, 1400.04, 554.38, 1429.95, 554.38, 29.91, 11.37
9.27, 39, black car, 613.50, 507.93, 643.51, 521.37, 628.51, 514.65, 613.50, 514.65, 643.51, 514.65, 30.01, 13.44
9.27, 34, black car, 488.39, 493.20, 517.65, 506.87, 503.02, 500.03, 488.39, 500.03, 517.65, 500.03, 29.26, 13.67
9.27, 5, white car, 30.36, 442.07, 55.86, 453.92, 43.11, 447.99, 30.36, 447.99, 55.86, 447.99, 25.50, 11.86
9.30, 35, black car, 1398.06, 548.77, 1427.96, 560.15, 1413.01, 554.46, 1398.06, 554.46, 1427.96, 554.46, 29.90, 11.38
9.30, 39, black car, 611.75, 507.66, 641.92, 521.19, 626.83, 514.42, 611.75, 514.42, 641.92, 514.42, 30.17, 13.54
9.30, 34, black car, 486.66, 492.78, 515.99, 506.51, 501.32, 499.64, 486.66, 499.64, 515.99, 499.64, 29.34, 13.72
9.30, 5, white car, 28.59, 442.03, 54.22, 453.90, 41.41, 447.96, 28.59, 447.96, 54.22, 447.96, 25.63, 11.87
9.33, 35, black car, 1396.09, 548.71, 1425.98, 560.05, 1411.04, 554.38, 1396.09, 554.38, 1425.98, 554.38, 29.89, 11.34
9.33, 39, black car, 609.16, 507.35, 639.84, 521.13, 624.50, 514.24, 609.16, 514.24, 639.84, 514.24, 30.68, 13.78
9.33, 34, black car, 484.92, 492.47, 514.21, 506.19, 499.57, 499.33, 484.92, 499.33, 514.21, 499.33, 29.29, 13.72
9.33, 5, white car, 27.13, 441.97, 52.83, 453.83, 39.98, 447.90, 27.13, 447.90, 52.83, 447.90, 25.70, 11.86
9.37, 35, black car, 1394.04, 548.86, 1423.59, 560.01, 1408.81, 554.44, 1394.04, 554.44, 1423.59, 554.44, 29.55, 11.15
9.37, 39, black car, 607.17, 507.08, 637.56, 520.72, 622.37, 513.90, 607.17, 513.90, 637.56, 513.90, 30.40, 13.64
9.37, 34, black car, 483.13, 492.27, 512.30, 505.96, 497.71, 499.11, 483.13, 499.11, 512.30, 499.11, 29.17, 13.70
9.37, 5, white car, 25.85, 441.89, 51.62, 453.73, 38.74, 447.81, 25.85, 447.81, 51.62, 447.81, 25.76, 11.84
9.40, 35, black car, 1392.06, 548.51, 1421.62, 559.64, 1406.84, 554.08, 1392.06, 554.08, 1421.62, 554.08, 29.55, 11.13
9.40, 39, black car, 605.84, 506.91, 635.56, 520.24, 620.70, 513.57, 605.84, 513.57, 635.56, 513.57, 29.71, 13.33
9.40, 34, black car, 481.33, 491.95, 510.72, 505.76, 496.03, 498.85, 481.33, 498.85, 510.72, 498.85, 29.38, 13.81
9.40, 5, white car, 24.74, 441.82, 50.51, 453.63, 37.62, 447.73, 24.74, 447.73, 50.51, 447.73, 25.78, 11.81
9.43, 35, black car, 1390.07, 548.42, 1419.26, 559.44, 1404.67, 553.93, 1390.07, 553.93, 1419.26, 553.93, 29.19, 11.02
9.43, 39, black car, 604.02, 506.68, 633.53, 519.90, 618.78, 513.29, 604.02, 513.29, 633.53, 513.29, 29.51, 13.22
9.43, 34, black car, 479.38, 491.78, 508.87, 505.66, 494.12, 498.72, 479.38, 498.72, 508.87, 498.72, 29.49, 13.88
9.43, 5, white car, 23.62, 441.81, 49.37, 453.57, 36.49, 447.69, 23.62, 447.69, 49.37, 447.69, 25.75, 11.76
9.47, 35, black car, 1388.05, 548.23, 1417.47, 559.36, 1402.76, 553.79, 1388.05, 553.79, 1417.47, 553.79, 29.42, 11.13
9.47, 39, black car, 602.42, 506.29, 632.37, 519.72, 617.40, 513.01, 602.42, 513.01, 632.37, 513.01, 29.95, 13.42
9.47, 34, black car, 477.09, 491.52, 506.90, 505.57, 491.99, 498.54, 477.09, 498.54, 506.90, 498.54, 29.80, 14.05
9.47, 5, white car, 22.70, 441.73, 48.15, 453.30, 35.42, 447.51, 22.70, 447.51, 48.15, 447.51, 25.46, 11.57
9.50, 35, black car, 1385.88, 548.37, 1414.92, 559.38, 1400.40, 553.88, 1385.88, 553.88, 1414.92, 553.88, 29.04, 11.00
9.50, 39, black car, 600.14, 506.09, 630.11, 519.54, 615.13, 512.81, 600.14, 512.81, 630.11, 512.81, 29.97, 13.44
9.50, 34, black car, 474.66, 491.30, 504.32, 505.30, 489.49, 498.30, 474.66, 498.30, 504.32, 498.30, 29.66, 14.00
9.50, 5, white car, 21.39, 441.71, 46.88, 453.25, 34.14, 447.48, 21.39, 447.48, 46.88, 447.48, 25.49, 11.55
9.53, 35, black car, 1383.77, 548.32, 1412.89, 559.36, 1398.33, 553.84, 1383.77, 553.84, 1412.89, 553.84, 29.12, 11.04
9.53, 39, black car, 597.82, 505.77, 628.48, 519.53, 613.15, 512.65, 597.82, 512.65, 628.48, 512.65, 30.66, 13.76
9.53, 34, black car, 472.83, 491.04, 502.24, 504.92, 487.53, 497.98, 472.83, 497.98, 502.24, 497.98, 29.41, 13.88
9.53, 5, white car, 19.95, 441.71, 45.63, 453.33, 32.79, 447.52, 19.95, 447.52, 45.63, 447.52, 25.68, 11.62
9.57, 35, black car, 1380.53, 548.16, 1410.61, 559.53, 1395.57, 553.84, 1380.53, 553.84, 1410.61, 553.84, 30.08, 11.37
9.57, 39, black car, 596.32, 505.67, 627.03, 519.49, 611.68, 512.58, 596.32, 512.58, 627.03, 512.58, 30.72, 13.82
9.57, 34, black car, 470.87, 490.84, 500.24, 504.71, 485.55, 497.77, 470.87, 497.77, 500.24, 497.77, 29.37, 13.87
9.57, 5, white car, 18.72, 441.56, 44.45, 453.18, 31.58, 447.37, 18.72, 447.37, 44.45, 447.37, 25.74, 11.61
9.60, 35, black car, 1378.08, 548.16, 1408.38, 559.60, 1393.23, 553.88, 1378.08, 553.88, 1408.38, 553.88, 30.30, 11.44
9.60, 34, black car, 469.01, 490.68, 498.40, 504.54, 483.70, 497.61, 469.01, 497.61, 498.40, 497.61, 29.38, 13.86
9.60, 5, white car, 17.48, 441.38, 43.26, 452.99, 30.37, 447.18, 17.48, 447.18, 43.26, 447.18, 25.78, 11.61
9.63, 35, black car, 1376.50, 548.27, 1406.61, 559.62, 1391.56, 553.94, 1376.50, 553.94, 1406.61, 553.94, 30.11, 11.35
9.63, 34, black car, 467.26, 490.58, 496.77, 504.47, 482.02, 497.53, 467.26, 497.53, 496.77, 497.53, 29.51, 13.88
9.63, 5, white car, 16.42, 441.23, 42.30, 452.89, 29.36, 447.06, 16.42, 447.06, 42.30, 447.06, 25.87, 11.67
9.67, 35, black car, 1374.43, 548.33, 1404.68, 559.74, 1389.56, 554.03, 1374.43, 554.03, 1404.68, 554.03, 30.24, 11.41
9.67, 34, black car, 465.86, 490.31, 495.45, 504.19, 480.66, 497.25, 465.86, 497.25, 495.45, 497.25, 29.59, 13.88
9.67, 5, white car, 15.46, 441.10, 41.39, 452.79, 28.42, 446.95, 15.46, 446.95, 41.39, 446.95, 25.92, 11.70
9.70, 35, black car, 1372.75, 548.53, 1402.15, 559.62, 1387.45, 554.07, 1372.75, 554.07, 1402.15, 554.07, 29.40, 11.09
9.70, 34, black car, 464.20, 490.15, 493.63, 503.88, 478.92, 497.02, 464.20, 497.02, 493.63, 497.02, 29.43, 13.73
9.70, 5, white car, 14.25, 440.97, 40.10, 452.63, 27.17, 446.80, 14.25, 446.80, 40.10, 446.80, 25.85, 11.66
9.73, 35, black car, 1370.93, 548.58, 1399.60, 559.39, 1385.26, 553.98, 1370.93, 553.98, 1399.60, 553.98, 28.67, 10.80
9.73, 34, black car, 462.15, 489.90, 490.92, 503.26, 476.53, 496.58, 462.15, 496.58, 490.92, 496.58, 28.78, 13.37
9.73, 5, white car, 13.12, 440.98, 38.86, 452.58, 25.99, 446.78, 13.12, 446.78, 38.86, 446.78, 25.74, 11.61
9.77, 35, black car, 1368.56, 548.40, 1398.04, 559.52, 1383.30, 553.96, 1368.56, 553.96, 1398.04, 553.96, 29.48, 11.12
9.77, 34, black car, 459.68, 489.48, 488.42, 502.80, 474.05, 496.14, 459.68, 496.14, 488.42, 496.14, 28.74, 13.32
9.77, 5, white car, 11.92, 440.76, 37.71, 452.40, 24.82, 446.58, 11.92, 446.58, 37.71, 446.58, 25.79, 11.64
9.80, 35, black car, 1366.62, 548.28, 1396.19, 559.43, 1381.41, 553.85, 1366.62, 553.85, 1396.19, 553.85, 29.58, 11.15
9.80, 34, black car, 458.07, 489.38, 486.65, 502.59, 472.36, 495.99, 458.07, 495.99, 486.65, 495.99, 28.59, 13.21
9.80, 5, white car, 11.03, 440.72, 36.69, 452.32, 23.86, 446.52, 11.03, 446.52, 36.69, 446.52, 25.66, 11.60
9.83, 35, black car, 1364.61, 548.01, 1394.25, 559.14, 1379.43, 553.58, 1364.61, 553.58, 1394.25, 553.58, 29.64, 11.14
9.83, 34, black car, 456.01, 489.34, 484.31, 502.40, 470.16, 495.87, 456.01, 495.87, 484.31, 495.87, 28.30, 13.05
9.83, 5, white car, 10.04, 440.51, 35.74, 452.14, 22.89, 446.32, 10.04, 446.32, 35.74, 446.32, 25.70, 11.63
9.87, 35, black car, 1363.03, 547.76, 1392.83, 558.93, 1377.93, 553.35, 1363.03, 553.35, 1392.83, 553.35, 29.80, 11.17
9.87, 34, black car, 454.05, 489.33, 482.36, 502.39, 468.20, 495.86, 454.05, 495.86, 482.36, 495.86, 28.30, 13.06
9.87, 5, white car, 8.89, 440.52, 34.76, 452.22, 21.83, 446.37, 8.89, 446.37, 34.76, 446.37, 25.87, 11.71
9.87, 39, black car, 580.05, 503.86, 610.81, 517.73, 595.43, 510.80, 580.05, 510.80, 610.81, 510.80, 30.76, 13.87
9.90, 35, black car, 1361.20, 547.59, 1391.01, 558.74, 1376.11, 553.16, 1361.20, 553.16, 1391.01, 553.16, 29.81, 11.15
9.90, 34, black car, 452.12, 489.05, 481.05, 502.43, 466.59, 495.74, 452.12, 495.74, 481.05, 495.74, 28.93, 13.38
9.90, 5, white car, 8.21, 440.54, 34.01, 452.19, 21.11, 446.37, 8.21, 446.37, 34.01, 446.37, 25.80, 11.66
9.90, 39, black car, 578.44, 503.89, 609.02, 517.69, 593.73, 510.79, 578.44, 510.79, 609.02, 510.79, 30.58, 13.80
9.93, 35, black car, 1359.02, 547.59, 1388.81, 558.72, 1373.91, 553.16, 1359.02, 553.16, 1388.81, 553.16, 29.79, 11.13
9.93, 34, black car, 450.40, 488.78, 479.87, 502.43, 465.14, 495.61, 450.40, 495.61, 479.87, 495.61, 29.47, 13.64
9.93, 5, white car, 7.46, 440.44, 32.99, 451.97, 20.22, 446.21, 7.46, 446.21, 32.99, 446.21, 25.53, 11.53
9.93, 39, black car, 576.98, 503.82, 607.65, 517.70, 592.32, 510.76, 576.98, 510.76, 607.65, 510.76, 30.67, 13.88
9.97, 35, black car, 1357.23, 547.52, 1386.94, 558.63, 1372.08, 553.07, 1357.23, 553.07, 1386.94, 553.07, 29.71, 11.10
9.97, 34, black car, 447.84, 488.32, 477.98, 502.30, 462.91, 495.31, 447.84, 495.31, 477.98, 495.31, 30.14, 13.98
9.97, 5, white car, 6.45, 440.29, 31.95, 451.81, 19.20, 446.05, 6.45, 446.05, 31.95, 446.05, 25.50, 11.52
9.97, 39, black car, 575.34, 503.60, 606.15, 517.57, 590.75, 510.58, 575.34, 510.58, 606.15, 510.58, 30.81, 13.97
