0.00, 4, white car, 1177.03, 520.55, 1206.44, 531.79, 1191.73, 526.17, 1177.03, 526.17, 1206.44, 526.17, 29.41, 11.24
0.00, 5, white car, 720.44, 500.82, 745.35, 512.03, 732.89, 506.42, 720.44, 506.42, 745.35, 506.42, 24.91, 11.22
0.00, 20, black car, 56.70, 428.78, 88.15, 441.63, 72.42, 435.21, 56.70, 435.21, 88.15, 435.21, 31.45, 12.85
0.03, 4, white car, 1174.59, 520.49, 1204.76, 532.02, 1189.68, 526.25, 1174.59, 526.25, 1204.76, 526.25, 30.18, 11.54
0.03, 5, white car, 717.82, 500.54, 742.53, 511.67, 730.17, 506.11, 717.82, 506.11, 742.53, 506.11, 24.71, 11.13
0.03, 20, black car, 55.80, 428.47, 87.54, 441.43, 71.67, 434.95, 55.80, 434.95, 87.54, 434.95, 31.74, 12.97
0.07, 4, white car, 1172.00, 520.35, 1202.37, 531.97, 1187.18, 526.16, 1172.00, 526.16, 1202.37, 526.16, 30.37, 11.62
0.07, 5, white car, 713.89, 499.92, 739.23, 511.33, 726.56, 505.62, 713.89, 505.62, 739.23, 505.62, 25.33, 11.41
0.07, 20, black car, 55.09, 428.48, 86.16, 441.17, 70.63, 434.83, 55.09, 434.83, 86.16, 434.83, 31.08, 12.70
0.10, 4, white car, 1169.45, 520.36, 1198.61, 531.54, 1184.03, 525.95, 1169.45, 525.95, 1198.61, 525.95, 29.16, 11.18
0.10, 5, white car, 709.96, 499.63, 735.37, 511.09, 722.67, 505.36, 709.96, 505.36, 735.37, 505.36, 25.42, 11.46
0.10, 20, black car, 53.97, 428.34, 84.70, 440.90, 69.33, 434.62, 53.97, 434.62, 84.70, 434.62, 30.73, 12.56
0.13, 4, white car, 1166.84, 520.44, 1195.45, 531.43, 1181.15, 525.94, 1166.84, 525.94, 1195.45, 525.94, 28.61, 10.99
0.13, 5, white car, 705.87, 499.27, 731.43, 510.81, 718.65, 505.04, 705.87, 505.04, 731.43, 505.04, 25.56, 11.54
0.13, 20, black car, 52.88, 428.42, 83.06, 440.76, 67.97, 434.59, 52.88, 434.59, 83.06, 434.59, 30.18, 12.34
0.17, 4, white car, 1163.95, 520.37, 1192.07, 531.19, 1178.01, 525.78, 1163.95, 525.78, 1192.07, 525.78, 28.12, 10.82
0.17, 5, white car, 702.34, 498.96, 727.83, 510.48, 715.09, 504.72, 702.34, 504.72, 727.83, 504.72, 25.49, 11.52
0.17, 20, black car, 52.26, 428.38, 82.48, 440.74, 67.37, 434.56, 52.26, 434.56, 82.48, 434.56, 30.22, 12.36
0.20, 4, white car, 1161.62, 520.35, 1189.68, 531.16, 1175.65, 525.76, 1161.62, 525.76, 1189.68, 525.76, 28.06, 10.81
0.20, 5, white car, 698.84, 498.70, 724.29, 510.20, 711.57, 504.45, 698.84, 504.45, 724.29, 504.45, 25.45, 11.50
0.20, 20, black car, 51.67, 428.33, 82.04, 440.76, 66.86, 434.55, 51.67, 434.55, 82.04, 434.55, 30.37, 12.42
0.23, 4, white car, 1158.99, 520.27, 1187.59, 531.30, 1173.29, 525.79, 1158.99, 525.79, 1187.59, 525.79, 28.60, 11.03
0.23, 5, white car, 695.02, 498.54, 720.48, 510.04, 707.75, 504.29, 695.02, 504.29, 720.48, 504.29, 25.46, 11.51
0.23, 20, black car, 51.06, 428.19, 81.49, 440.63, 66.27, 434.41, 51.06, 434.41, 81.49, 434.41, 30.43, 12.45
0.27, 4, white car, 1156.53, 520.17, 1185.32, 531.28, 1170.93, 525.73, 1156.53, 525.73, 1185.32, 525.73, 28.79, 11.11
0.27, 5, white car, 691.35, 498.29, 716.49, 509.64, 703.92, 503.97, 691.35, 503.97, 716.49, 503.97, 25.14, 11.36
0.27, 20, black car, 49.70, 428.04, 80.45, 440.63, 65.07, 434.33, 49.70, 434.33, 80.45, 434.33, 30.75, 12.58
0.30, 4, white car, 1154.05, 520.17, 1182.63, 531.20, 1168.34, 525.69, 1154.05, 525.69, 1182.63, 525.69, 28.58, 11.03
0.30, 5, white car, 687.66, 497.86, 712.68, 509.17, 700.17, 503.52, 687.66, 503.52, 712.68, 503.52, 25.02, 11.30
0.30, 20, black car, 48.93, 427.85, 80.00, 440.57, 64.46, 434.21, 48.93, 434.21, 80.00, 434.21, 31.07, 12.72
0.33, 4, white car, 1150.99, 520.15, 1179.67, 531.23, 1165.33, 525.69, 1150.99, 525.69, 1179.67, 525.69, 28.68, 11.08
0.33, 5, white car, 684.06, 497.59, 708.95, 508.84, 696.51, 503.22, 684.06, 503.22, 708.95, 503.22, 24.90, 11.26
0.33, 20, black car, 47.53, 427.72, 79.12, 440.65, 63.33, 434.19, 47.53, 434.19, 79.12, 434.19, 31.60, 12.92
0.37, 4, white car, 1148.38, 520.07, 1177.04, 531.16, 1162.71, 525.62, 1148.38, 525.62, 1177.04, 525.62, 28.66, 11.09
0.37, 5, white car, 680.50, 497.16, 705.48, 508.47, 692.99, 502.82, 680.50, 502.82, 705.48, 502.82, 24.97, 11.31
0.37, 20, black car, 46.67, 427.75, 78.54, 440.76, 62.60, 434.26, 46.67, 434.26, 78.54, 434.26, 31.87, 13.00
0.40, 4, white car, 1145.60, 520.06, 1174.42, 531.22, 1160.01, 525.64, 1145.60, 525.64, 1174.42, 525.64, 28.82, 11.16
0.40, 5, white car, 676.69, 496.72, 701.95, 508.18, 689.32, 502.45, 676.69, 502.45, 701.95, 502.45, 25.26, 11.46
0.40, 20, black car, 45.95, 427.78, 77.88, 440.77, 61.91, 434.27, 45.95, 434.27, 77.88, 434.27, 31.93, 12.99
0.43, 5, white car, 673.25, 496.28, 698.75, 507.86, 686.00, 502.07, 673.25, 502.07, 698.75, 502.07, 25.49, 11.58
0.43, 20, black car, 45.43, 427.68, 77.62, 440.73, 61.53, 434.21, 45.43, 434.21, 77.62, 434.21, 32.20, 13.05
0.47, 5, white car, 669.34, 495.92, 694.94, 507.56, 682.14, 501.74, 669.34, 501.74, 694.94, 501.74, 25.60, 11.64
0.47, 20, black car, 44.64, 427.66, 76.82, 440.63, 60.73, 434.14, 44.64, 434.14, 76.82, 434.14, 32.18, 12.98
0.47, 4, white car, 1141.07, 519.91, 1169.39, 530.90, 1155.23, 525.40, 1141.07, 525.40, 1169.39, 525.40, 28.32, 10.99
0.50, 5, white car, 666.03, 495.54, 691.47, 507.11, 678.75, 501.32, 666.03, 501.32, 691.47, 501.32, 25.44, 11.57
0.50, 20, black car, 44.22, 427.56, 76.46, 440.50, 60.34, 434.03, 44.22, 434.03, 76.46, 434.03, 32.24, 12.94
0.50, 4, white car, 1138.32, 519.88, 1166.77, 530.93, 1152.55, 525.41, 1138.32, 525.41, 1166.77, 525.41, 28.45, 11.05
0.53, 5, white car, 662.51, 495.25, 687.96, 506.81, 675.23, 501.03, 662.51, 501.03, 687.96, 501.03, 25.45, 11.56
0.53, 20, black car, 43.22, 427.51, 75.78, 440.51, 59.50, 434.01, 43.22, 434.01, 75.78, 434.01, 32.56, 13.00
0.53, 4, white car, 1135.60, 519.84, 1164.08, 530.88, 1149.84, 525.36, 1135.60, 525.36, 1164.08, 525.36, 28.48, 11.04
0.57, 5, white car, 658.73, 495.02, 684.11, 506.53, 671.42, 500.78, 658.73, 500.78, 684.11, 500.78, 25.39, 11.50
0.57, 20, black car, 42.54, 427.34, 75.32, 440.34, 58.93, 433.84, 42.54, 433.84, 75.32, 433.84, 32.78, 13.00
0.57, 4, white car, 1133.44, 519.88, 1161.64, 530.80, 1147.54, 525.34, 1133.44, 525.34, 1161.64, 525.34, 28.20, 10.92
0.60, 5, white car, 654.89, 494.53, 680.70, 506.24, 667.79, 500.39, 654.89, 500.39, 680.70, 500.39, 25.80, 11.71
0.60, 20, black car, 41.59, 427.42, 74.41, 440.36, 58.00, 433.89, 41.59, 433.89, 74.41, 433.89, 32.82, 12.94
0.60, 4, white car, 1130.76, 519.88, 1158.86, 530.77, 1144.81, 525.33, 1130.76, 525.33, 1158.86, 525.33, 28.10, 10.88
0.63, 5, white car, 651.64, 494.36, 676.83, 505.77, 664.24, 500.07, 651.64, 500.07, 676.83, 500.07, 25.18, 11.41
0.63, 20, black car, 40.50, 427.46, 72.98, 440.25, 56.74, 433.86, 40.50, 433.86, 72.98, 433.86, 32.48, 12.79
0.63, 4, white car, 1128.28, 519.67, 1156.46, 530.58, 1142.37, 525.13, 1128.28, 525.13, 1156.46, 525.13, 28.19, 10.91
0.67, 5, white car, 648.16, 494.07, 673.08, 505.34, 660.62, 499.71, 648.16, 499.71, 673.08, 499.71, 24.92, 11.27
0.67, 20, black car, 39.65, 427.57, 71.70, 440.19, 55.67, 433.88, 39.65, 433.88, 71.70, 433.88, 32.05, 12.62
0.67, 4, white car, 1125.79, 519.66, 1153.98, 530.56, 1139.88, 525.11, 1125.79, 525.11, 1153.98, 525.11, 28.19, 10.90
0.70, 5, white car, 644.53, 493.70, 669.70, 505.05, 657.12, 499.38, 644.53, 499.38, 669.70, 499.38, 25.17, 11.36
0.70, 20, black car, 37.95, 427.60, 69.70, 440.13, 53.83, 433.87, 37.95, 433.87, 69.70, 433.87, 31.75, 12.53
0.70, 4, white car, 1123.05, 519.63, 1151.20, 530.53, 1137.12, 525.08, 1123.05, 525.08, 1151.20, 525.08, 28.15, 10.90
0.73, 5, white car, 640.83, 493.26, 666.17, 504.71, 653.50, 498.98, 640.83, 498.98, 666.17, 498.98, 25.34, 11.45
0.73, 20, black car, 37.13, 427.40, 68.74, 439.89, 52.94, 433.65, 37.13, 433.65, 68.74, 433.65, 31.61, 12.49
0.73, 4, white car, 1120.60, 519.46, 1148.39, 530.23, 1134.50, 524.84, 1120.60, 524.84, 1148.39, 524.84, 27.79, 10.77
0.77, 20, black car, 36.69, 427.44, 68.21, 439.92, 52.45, 433.68, 36.69, 433.68, 68.21, 433.68, 31.52, 12.48
0.77, 4, white car, 1117.92, 519.52, 1145.54, 530.22, 1131.73, 524.87, 1117.92, 524.87, 1145.54, 524.87, 27.63, 10.70
0.80, 20, black car, 36.26, 427.36, 67.76, 439.87, 52.01, 433.62, 36.26, 433.62, 67.76, 433.62, 31.51, 12.51
0.80, 4, white car, 1115.74, 519.35, 1143.76, 530.21, 1129.75, 524.78, 1115.74, 524.78, 1143.76, 524.78, 28.02, 10.85
0.80, 5, white car, 634.39, 492.42, 659.25, 503.61, 646.82, 498.01, 634.39, 498.01, 659.25, 498.01, 24.86, 11.19
0.83, 20, black car, 35.99, 427.29, 67.26, 439.77, 51.62, 433.53, 35.99, 433.53, 67.26, 433.53, 31.28, 12.47
0.83, 4, white car, 1113.47, 519.35, 1141.34, 530.15, 1127.40, 524.75, 1113.47, 524.75, 1141.34, 524.75, 27.87, 10.80
0.83, 5, white car, 630.96, 492.21, 655.76, 503.35, 643.36, 497.78, 630.96, 497.78, 655.76, 497.78, 24.80, 11.14
0.87, 20, black car, 35.23, 427.23, 66.62, 439.80, 50.92, 433.52, 35.23, 433.52, 66.62, 433.52, 31.39, 12.57
0.87, 4, white car, 1110.86, 519.27, 1138.95, 530.16, 1124.91, 524.71, 1110.86, 524.71, 1138.95, 524.71, 28.09, 10.89
0.87, 5, white car, 627.43, 492.02, 652.26, 503.12, 639.85, 497.57, 627.43, 497.57, 652.26, 497.57, 24.83, 11.09
0.90, 20, black car, 34.71, 427.10, 66.03, 439.71, 50.37, 433.40, 34.71, 433.40, 66.03, 433.40, 31.32, 12.61
0.90, 4, white car, 1107.91, 519.14, 1135.93, 529.98, 1121.92, 524.56, 1107.91, 524.56, 1135.93, 524.56, 28.02, 10.84
0.90, 5, white car, 623.87, 491.78, 648.28, 502.63, 636.08, 497.21, 623.87, 497.21, 648.28, 497.21, 24.42, 10.85
0.93, 20, black car, 34.07, 427.07, 65.26, 439.71, 49.67, 433.39, 34.07, 433.39, 65.26, 433.39, 31.19, 12.63
0.93, 4, white car, 1105.45, 519.19, 1133.47, 530.02, 1119.46, 524.60, 1105.45, 524.60, 1133.47, 524.60, 28.01, 10.83
0.93, 5, white car, 620.30, 491.63, 644.45, 502.34, 632.37, 496.99, 620.30, 496.99, 644.45, 496.99, 24.15, 10.71
0.97, 20, black car, 33.03, 426.95, 64.63, 439.80, 48.83, 433.37, 33.03, 433.37, 64.63, 433.37, 31.61, 12.85
0.97, 4, white car, 1102.71, 519.09, 1130.88, 529.99, 1116.80, 524.54, 1102.71, 524.54, 1130.88, 524.54, 28.17, 10.90
0.97, 5, white car, 617.10, 491.34, 641.21, 502.01, 629.16, 496.68, 617.10, 496.68, 641.21, 496.68, 24.11, 10.67
1.00, 20, black car, 32.34, 426.87, 64.06, 439.78, 48.20, 433.32, 32.34, 433.32, 64.06, 433.32, 31.72, 12.92
1.00, 4, white car, 1100.26, 518.85, 1128.41, 529.73, 1114.33, 524.29, 1100.26, 524.29, 1128.41, 524.29, 28.15, 10.88
1.00, 5, white car, 613.26, 491.19, 637.35, 501.79, 625.30, 496.49, 613.26, 496.49, 637.35, 496.49, 24.09, 10.61
1.03, 20, black car, 31.51, 426.73, 63.07, 439.59, 47.29, 433.16, 31.51, 433.16, 63.07, 433.16, 31.56, 12.86
1.03, 4, white car, 1097.91, 518.85, 1125.95, 529.68, 1111.93, 524.26, 1097.91, 524.26, 1125.95, 524.26, 28.04, 10.83
1.07, 20, black car, 31.46, 426.83, 61.94, 439.21, 46.70, 433.02, 31.46, 433.02, 61.94, 433.02, 30.49, 12.39
1.07, 4, white car, 1095.48, 518.90, 1123.20, 529.63, 1109.34, 524.26, 1095.48, 524.26, 1123.20, 524.26, 27.73, 10.72
1.07, 5, white car, 606.18, 490.53, 630.41, 501.18, 618.30, 495.85, 606.18, 495.85, 630.41, 495.85, 24.23, 10.64
1.10, 20, black car, 31.06, 426.78, 61.25, 439.00, 46.16, 432.89, 31.06, 432.89, 61.25, 432.89, 30.19, 12.22
1.10, 4, white car, 1092.74, 518.79, 1120.50, 529.51, 1106.62, 524.15, 1092.74, 524.15, 1120.50, 524.15, 27.76, 10.72
1.10, 5, white car, 602.65, 490.03, 627.23, 500.79, 614.94, 495.41, 602.65, 495.41, 627.23, 495.41, 24.57, 10.76
1.13, 20, black car, 30.49, 426.63, 60.72, 438.81, 45.61, 432.72, 30.49, 432.72, 60.72, 432.72, 30.23, 12.18
1.13, 4, white car, 1090.43, 518.84, 1118.13, 529.50, 1104.28, 524.17, 1090.43, 524.17, 1118.13, 524.17, 27.70, 10.67
1.13, 5, white car, 599.19, 489.56, 624.08, 500.43, 611.64, 494.99, 599.19, 494.99, 624.08, 494.99, 24.88, 10.87
1.17, 20, black car, 30.39, 426.71, 60.47, 438.80, 45.43, 432.76, 30.39, 432.76, 60.47, 432.76, 30.08, 12.09
1.17, 4, white car, 1088.14, 518.75, 1115.93, 529.43, 1102.03, 524.09, 1088.14, 524.09, 1115.93, 524.09, 27.79, 10.68
1.17, 5, white car, 595.72, 489.16, 620.51, 499.98, 608.12, 494.57, 595.72, 494.57, 620.51, 494.57, 24.79, 10.83
1.20, 20, black car, 29.75, 426.83, 59.67, 438.82, 44.71, 432.82, 29.75, 432.82, 59.67, 432.82, 29.92, 11.99
1.20, 4, white car, 1085.55, 518.76, 1113.72, 529.61, 1099.64, 524.18, 1085.55, 524.18, 1113.72, 524.18, 28.18, 10.85
1.20, 5, white car, 592.19, 488.87, 617.18, 499.80, 604.68, 494.34, 592.19, 494.34, 617.18, 494.34, 24.98, 10.93
1.23, 20, black car, 29.36, 426.81, 59.24, 438.77, 44.30, 432.79, 29.36, 432.79, 59.24, 432.79, 29.88, 11.96
1.23, 4, white car, 1082.84, 518.57, 1111.33, 529.57, 1097.08, 524.07, 1082.84, 524.07, 1111.33, 524.07, 28.49, 11.00
1.23, 5, white car, 588.62, 488.47, 613.87, 499.53, 601.25, 494.00, 588.62, 494.00, 613.87, 494.00, 25.25, 11.06
1.27, 20, black car, 28.63, 426.56, 58.40, 438.47, 43.51, 432.52, 28.63, 432.52, 58.40, 432.52, 29.78, 11.91
1.27, 4, white car, 1080.36, 518.55, 1109.08, 529.65, 1094.72, 524.10, 1080.36, 524.10, 1109.08, 524.10, 28.72, 11.10
1.27, 5, white car, 584.95, 487.99, 610.49, 499.22, 597.72, 493.60, 584.95, 493.60, 610.49, 493.60, 25.54, 11.23
1.30, 20, black car, 28.04, 426.46, 57.89, 438.36, 42.97, 432.41, 28.04, 432.41, 57.89, 432.41, 29.85, 11.89
1.30, 4, white car, 1077.93, 518.52, 1106.25, 529.48, 1092.09, 524.00, 1077.93, 524.00, 1106.25, 524.00, 28.32, 10.96
1.30, 5, white car, 581.41, 487.69, 606.63, 498.81, 594.02, 493.25, 581.41, 493.25, 606.63, 493.25, 25.23, 11.11
1.33, 20, black car, 27.50, 426.29, 57.88, 438.37, 42.69, 432.33, 27.50, 432.33, 57.88, 432.33, 30.38, 12.08
1.33, 4, white car, 1075.23, 518.48, 1103.72, 529.51, 1089.48, 523.99, 1075.23, 523.99, 1103.72, 523.99, 28.49, 11.03
1.33, 5, white car, 577.80, 487.39, 603.04, 498.48, 590.42, 492.93, 577.80, 492.93, 603.04, 492.93, 25.24, 11.09
1.37, 20, black car, 27.32, 426.24, 57.81, 438.33, 42.56, 432.28, 27.32, 432.28, 57.81, 432.28, 30.49, 12.08
1.37, 4, white car, 1072.90, 518.55, 1101.34, 529.57, 1087.12, 524.06, 1072.90, 524.06, 1101.34, 524.06, 28.44, 11.02
1.37, 5, white car, 574.38, 487.21, 599.61, 498.29, 586.99, 492.75, 574.38, 492.75, 599.61, 492.75, 25.23, 11.08
1.40, 20, black car, 26.70, 426.02, 57.05, 438.03, 41.88, 432.03, 26.70, 432.03, 57.05, 432.03, 30.35, 12.01
1.40, 4, white car, 1070.58, 518.51, 1098.72, 529.40, 1084.65, 523.95, 1070.58, 523.95, 1098.72, 523.95, 28.14, 10.89
1.40, 5, white car, 570.84, 486.69, 596.43, 497.94, 583.64, 492.32, 570.84, 492.32, 596.43, 492.32, 25.59, 11.26
1.43, 20, black car, 26.53, 426.04, 56.55, 437.89, 41.54, 431.96, 26.53, 431.96, 56.55, 431.96, 30.01, 11.84
1.43, 4, white car, 1067.95, 518.41, 1096.13, 529.32, 1082.04, 523.86, 1067.95, 523.86, 1096.13, 523.86, 28.17, 10.91
1.43, 5, white car, 567.51, 486.40, 592.91, 497.58, 580.21, 491.99, 567.51, 491.99, 592.91, 491.99, 25.39, 11.19
1.47, 20, black car, 26.31, 426.10, 56.48, 437.98, 41.40, 432.04, 26.31, 432.04, 56.48, 432.04, 30.17, 11.88
1.47, 4, white car, 1065.56, 518.35, 1093.51, 529.16, 1079.53, 523.76, 1065.56, 523.76, 1093.51, 523.76, 27.95, 10.81
1.47, 5, white car, 564.09, 486.11, 589.54, 497.34, 576.82, 491.72, 564.09, 491.72, 589.54, 491.72, 25.46, 11.24
1.50, 20, black car, 25.91, 425.99, 56.30, 437.94, 41.10, 431.97, 25.91, 431.97, 56.30, 431.97, 30.38, 11.95
1.50, 4, white car, 1063.14, 518.23, 1091.36, 529.13, 1077.25, 523.68, 1063.14, 523.68, 1091.36, 523.68, 28.22, 10.90
1.50, 5, white car, 560.66, 485.61, 586.41, 497.02, 573.53, 491.32, 560.66, 491.32, 586.41, 491.32, 25.75, 11.40
1.53, 20, black car, 25.56, 425.85, 56.10, 437.85, 40.83, 431.85, 25.56, 431.85, 56.10, 431.85, 30.54, 12.00
1.53, 4, white car, 1060.31, 518.23, 1088.70, 529.19, 1074.51, 523.71, 1060.31, 523.71, 1088.70, 523.71, 28.39, 10.95
1.53, 5, white car, 557.65, 485.17, 583.29, 496.54, 570.47, 490.85, 557.65, 490.85, 583.29, 490.85, 25.64, 11.37
1.57, 20, black car, 25.07, 425.68, 55.80, 437.75, 40.43, 431.72, 25.07, 431.72, 55.80, 431.72, 30.73, 12.07
1.57, 4, white car, 1058.07, 518.03, 1087.28, 529.31, 1072.67, 523.67, 1058.07, 523.67, 1087.28, 523.67, 29.22, 11.29
1.57, 5, white car, 554.31, 484.90, 579.51, 496.08, 566.91, 490.49, 554.31, 490.49, 579.51, 490.49, 25.20, 11.18
1.60, 20, black car, 24.49, 425.54, 55.44, 437.70, 39.97, 431.62, 24.49, 431.62, 55.44, 431.62, 30.96, 12.16
1.60, 4, white car, 1056.10, 518.07, 1085.20, 529.34, 1070.65, 523.71, 1056.10, 523.71, 1085.20, 523.71, 29.10, 11.26
1.60, 5, white car, 551.06, 484.63, 575.90, 495.63, 563.48, 490.13, 551.06, 490.13, 575.90, 490.13, 24.84, 11.00
1.63, 20, black car, 23.98, 425.58, 55.09, 437.79, 39.54, 431.68, 23.98, 431.68, 55.09, 431.68, 31.11, 12.21
1.63, 4, white car, 1053.61, 518.01, 1082.36, 529.15, 1067.99, 523.58, 1053.61, 523.58, 1082.36, 523.58, 28.75, 11.14
1.63, 5, white car, 547.80, 484.30, 572.81, 495.36, 560.31, 489.83, 547.80, 489.83, 572.81, 489.83, 25.00, 11.05
1.67, 20, black car, 23.44, 425.58, 54.88, 437.92, 39.16, 431.75, 23.44, 431.75, 54.88, 431.75, 31.44, 12.34
1.67, 4, white car, 1051.04, 517.85, 1079.87, 529.02, 1065.46, 523.44, 1051.04, 523.44, 1079.87, 523.44, 28.84, 11.17
1.67, 5, white car, 544.33, 483.91, 569.66, 495.08, 557.00, 489.50, 544.33, 489.50, 569.66, 489.50, 25.33, 11.17
1.70, 20, black car, 23.24, 425.70, 54.75, 438.06, 39.00, 431.88, 23.24, 431.88, 54.75, 431.88, 31.52, 12.36
1.70, 4, white car, 1048.75, 517.79, 1077.46, 528.89, 1063.10, 523.34, 1048.75, 523.34, 1077.46, 523.34, 28.71, 11.11
1.70, 5, white car, 540.92, 483.69, 565.85, 494.69, 553.38, 489.19, 540.92, 489.19, 565.85, 489.19, 24.93, 11.00
1.73, 20, black car, 23.06, 425.54, 54.83, 438.00, 38.95, 431.77, 23.06, 431.77, 54.83, 431.77, 31.76, 12.46
1.73, 4, white car, 1046.40, 517.86, 1074.73, 528.83, 1060.56, 523.35, 1046.40, 523.35, 1074.73, 523.35, 28.33, 10.97
1.73, 5, white car, 537.75, 483.33, 562.43, 494.20, 550.09, 488.76, 537.75, 488.76, 562.43, 488.76, 24.68, 10.87
1.77, 20, black car, 23.04, 425.57, 54.68, 437.96, 38.86, 431.76, 23.04, 431.76, 54.68, 431.76, 31.63, 12.40
1.77, 4, white car, 1043.82, 517.69, 1072.38, 528.74, 1058.10, 523.22, 1043.82, 523.22, 1072.38, 523.22, 28.56, 11.04
1.77, 5, white car, 534.45, 483.04, 559.21, 493.94, 546.83, 488.49, 534.45, 488.49, 559.21, 488.49, 24.76, 10.90
1.80, 20, black car, 23.12, 425.50, 54.80, 437.92, 38.96, 431.71, 23.12, 431.71, 54.80, 431.71, 31.68, 12.42
1.80, 4, white car, 1041.64, 517.68, 1070.09, 528.64, 1055.87, 523.16, 1041.64, 523.16, 1070.09, 523.16, 28.45, 10.95
1.80, 5, white car, 531.00, 482.65, 556.03, 493.64, 543.51, 488.15, 531.00, 488.15, 556.03, 488.15, 25.03, 10.99
1.83, 20, black car, 22.75, 425.45, 54.59, 437.92, 38.67, 431.68, 22.75, 431.68, 54.59, 431.68, 31.84, 12.48
1.83, 4, white car, 1038.95, 517.57, 1067.29, 528.48, 1053.12, 523.03, 1038.95, 523.03, 1067.29, 523.03, 28.34, 10.91
1.83, 5, white car, 527.27, 482.14, 552.95, 493.40, 540.11, 487.77, 527.27, 487.77, 552.95, 487.77, 25.68, 11.26
1.87, 20, black car, 22.22, 425.40, 54.44, 438.03, 38.33, 431.71, 22.22, 431.71, 54.44, 431.71, 32.22, 12.63
1.87, 4, white car, 1036.22, 517.40, 1064.98, 528.50, 1050.60, 522.95, 1036.22, 522.95, 1064.98, 522.95, 28.76, 11.10
1.87, 5, white car, 523.82, 481.83, 549.77, 493.20, 536.80, 487.52, 523.82, 487.52, 549.77, 487.52, 25.95, 11.37
1.90, 20, black car, 21.88, 425.44, 54.30, 438.15, 38.09, 431.80, 21.88, 431.80, 54.30, 431.80, 32.42, 12.71
1.90, 4, white car, 1034.02, 517.36, 1062.62, 528.40, 1048.32, 522.88, 1034.02, 522.88, 1062.62, 522.88, 28.60, 11.04
1.90, 5, white car, 521.10, 481.56, 546.80, 492.82, 533.95, 487.19, 521.10, 487.19, 546.80, 487.19, 25.70, 11.26
1.93, 20, black car, 21.42, 425.38, 54.13, 438.21, 37.78, 431.79, 21.42, 431.79, 54.13, 431.79, 32.71, 12.84
1.93, 4, white car, 1031.56, 517.12, 1059.85, 528.06, 1045.70, 522.59, 1031.56, 522.59, 1059.85, 522.59, 28.28, 10.94
1.93, 5, white car, 517.82, 481.47, 543.62, 492.76, 530.72, 487.12, 517.82, 487.12, 543.62, 487.12, 25.80, 11.30
1.97, 20, black car, 21.00, 425.43, 53.73, 438.27, 37.37, 431.85, 21.00, 431.85, 53.73, 431.85, 32.73, 12.84
1.97, 4, white car, 1029.13, 516.98, 1057.58, 528.02, 1043.35, 522.50, 1029.13, 522.50, 1057.58, 522.50, 28.45, 11.04
1.97, 5, white car, 514.48, 481.30, 539.92, 492.43, 527.20, 486.86, 514.48, 486.86, 539.92, 486.86, 25.44, 11.13
2.00, 20, black car, 20.84, 425.47, 53.44, 438.25, 37.14, 431.86, 20.84, 431.86, 53.44, 431.86, 32.60, 12.78
2.00, 4, white car, 1026.97, 517.00, 1055.37, 528.04, 1041.17, 522.52, 1026.97, 522.52, 1055.37, 522.52, 28.40, 11.03
2.00, 5, white car, 511.29, 481.00, 536.37, 491.93, 523.83, 486.47, 511.29, 486.47, 536.37, 486.47, 25.08, 10.93
2.03, 20, black car, 20.64, 425.54, 53.15, 438.29, 36.89, 431.91, 20.64, 431.91, 53.15, 431.91, 32.51, 12.75
2.03, 4, white car, 1024.49, 516.97, 1052.99, 528.05, 1038.74, 522.51, 1024.49, 522.51, 1052.99, 522.51, 28.50, 11.08
2.03, 5, white car, 507.82, 480.42, 533.26, 491.47, 520.54, 485.94, 507.82, 485.94, 533.26, 485.94, 25.44, 11.06
2.07, 20, black car, 20.58, 425.54, 52.85, 438.21, 36.72, 431.87, 20.58, 431.87, 52.85, 431.87, 32.27, 12.66
2.07, 4, white car, 1021.91, 516.78, 1050.81, 528.02, 1036.36, 522.40, 1021.91, 522.40, 1050.81, 522.40, 28.90, 11.24
2.07, 5, white car, 504.78, 480.03, 530.43, 491.17, 517.60, 485.60, 504.78, 485.60, 530.43, 485.60, 25.64, 11.14
2.10, 20, black car, 20.45, 425.52, 52.72, 438.19, 36.59, 431.85, 20.45, 431.85, 52.72, 431.85, 32.27, 12.67
2.10, 4, white car, 1019.43, 516.93, 1047.99, 528.06, 1033.71, 522.49, 1019.43, 522.49, 1047.99, 522.49, 28.56, 11.12
2.13, 20, black car, 20.42, 425.48, 52.56, 438.11, 36.49, 431.80, 20.42, 431.80, 52.56, 431.80, 32.14, 12.63
2.13, 4, white car, 1017.25, 516.79, 1045.91, 527.97, 1031.58, 522.38, 1017.25, 522.38, 1045.91, 522.38, 28.67, 11.18
2.17, 20, black car, 20.34, 425.50, 52.60, 438.18, 36.47, 431.84, 20.34, 431.84, 52.60, 431.84, 32.26, 12.69
2.17, 4, white car, 1014.84, 516.78, 1043.15, 527.83, 1029.00, 522.31, 1014.84, 522.31, 1043.15, 522.31, 28.31, 11.05
2.20, 20, black car, 20.27, 425.52, 52.61, 438.24, 36.44, 431.88, 20.27, 431.88, 52.61, 431.88, 32.34, 12.72
2.20, 4, white car, 1012.74, 516.77, 1040.54, 527.63, 1026.64, 522.20, 1012.74, 522.20, 1040.54, 522.20, 27.80, 10.86
2.23, 20, black car, 20.14, 425.60, 52.47, 438.32, 36.31, 431.96, 20.14, 431.96, 52.47, 431.96, 32.33, 12.72
2.23, 4, white car, 1010.23, 516.74, 1038.45, 527.77, 1024.34, 522.26, 1010.23, 522.26, 1038.45, 522.26, 28.22, 11.03
2.27, 20, black car, 20.24, 425.61, 52.59, 438.34, 36.42, 431.97, 20.24, 431.97, 52.59, 431.97, 32.34, 12.73
2.27, 4, white car, 1007.58, 516.48, 1036.17, 527.70, 1021.87, 522.09, 1007.58, 522.09, 1036.17, 522.09, 28.59, 11.23
2.30, 20, black car, 20.13, 425.52, 52.69, 438.34, 36.41, 431.93, 20.13, 431.93, 52.69, 431.93, 32.56, 12.83
2.30, 4, white car, 1005.63, 516.40, 1033.54, 527.38, 1019.58, 521.89, 1005.63, 521.89, 1033.54, 521.89, 27.91, 10.98
2.33, 20, black car, 19.73, 425.49, 52.40, 438.37, 36.07, 431.93, 19.73, 431.93, 52.40, 431.93, 32.68, 12.88
2.33, 4, white car, 1003.37, 516.29, 1031.57, 527.41, 1017.47, 521.85, 1003.37, 521.85, 1031.57, 521.85, 28.20, 11.12
2.37, 20, black car, 19.60, 425.44, 52.23, 438.31, 35.92, 431.87, 19.60, 431.87, 52.23, 431.87, 32.62, 12.87
2.37, 4, white car, 1000.61, 516.17, 1029.27, 527.49, 1014.94, 521.83, 1000.61, 521.83, 1029.27, 521.83, 28.66, 11.33
2.40, 20, black car, 19.38, 425.32, 51.98, 438.21, 35.68, 431.76, 19.38, 431.76, 51.98, 431.76, 32.60, 12.88
2.40, 4, white car, 998.34, 516.29, 1026.72, 527.51, 1012.53, 521.90, 998.34, 521.90, 1026.72, 521.90, 28.37, 11.22
2.43, 20, black car, 19.07, 425.26, 51.55, 438.12, 35.31, 431.69, 19.07, 431.69, 51.55, 431.69, 32.48, 12.86
2.43, 4, white car, 995.77, 516.13, 1024.76, 527.60, 1010.27, 521.86, 995.77, 521.86, 1024.76, 521.86, 28.98, 11.48
2.43, 5, white car, 468.18, 475.97, 495.93, 488.13, 482.05, 482.05, 468.18, 482.05, 495.93, 482.05, 27.75, 12.17
2.47, 20, black car, 18.87, 425.28, 51.28, 438.15, 35.07, 431.72, 18.87, 431.72, 51.28, 431.72, 32.41, 12.87
2.47, 4, white car, 993.23, 515.76, 1022.72, 527.48, 1007.97, 521.62, 993.23, 521.62, 1022.72, 521.62, 29.50, 11.72
2.47, 5, white car, 465.12, 475.74, 492.32, 487.74, 478.72, 481.74, 465.12, 481.74, 492.32, 481.74, 27.20, 12.00
2.50, 20, black car, 18.95, 425.24, 51.24, 438.10, 35.09, 431.67, 18.95, 431.67, 51.24, 431.67, 32.28, 12.85
2.50, 4, white car, 991.61, 515.86, 1020.17, 527.19, 1005.89, 521.52, 991.61, 521.52, 1020.17, 521.52, 28.56, 11.33
2.50, 5, white car, 462.18, 475.60, 488.92, 487.44, 475.55, 481.52, 462.18, 481.52, 488.92, 481.52, 26.74, 11.84
2.53, 20, black car, 18.67, 425.24, 50.93, 438.10, 34.80, 431.67, 18.67, 431.67, 50.93, 431.67, 32.26, 12.86
2.53, 4, white car, 989.51, 515.83, 1017.84, 527.07, 1003.67, 521.45, 989.51, 521.45, 1017.84, 521.45, 28.33, 11.24
2.53, 5, white car, 459.10, 475.36, 485.54, 487.10, 472.32, 481.23, 459.10, 481.23, 485.54, 481.23, 26.45, 11.74
2.57, 20, black car, 18.46, 425.26, 50.82, 438.17, 34.64, 431.71, 18.46, 431.71, 50.82, 431.71, 32.36, 12.91
2.57, 4, white car, 987.08, 515.77, 1015.26, 526.97, 1001.17, 521.37, 987.08, 521.37, 1015.26, 521.37, 28.18, 11.20
2.57, 5, white car, 456.07, 475.15, 482.27, 486.77, 469.17, 480.96, 456.07, 480.96, 482.27, 480.96, 26.20, 11.62
2.60, 20, black car, 18.47, 425.25, 50.77, 438.17, 34.62, 431.71, 18.47, 431.71, 50.77, 431.71, 32.30, 12.91
2.60, 4, white car, 985.03, 515.81, 1012.81, 526.87, 998.92, 521.34, 985.03, 521.34, 1012.81, 521.34, 27.78, 11.06
2.60, 5, white car, 453.13, 474.77, 479.29, 486.35, 466.21, 480.56, 453.13, 480.56, 479.29, 480.56, 26.16, 11.58
2.63, 20, black car, 18.29, 425.28, 50.57, 438.20, 34.43, 431.74, 18.29, 431.74, 50.57, 431.74, 32.28, 12.92
2.63, 4, white car, 982.54, 515.72, 1010.53, 526.86, 996.54, 521.29, 982.54, 521.29, 1010.53, 521.29, 27.99, 11.14
2.63, 5, white car, 450.05, 474.57, 475.85, 485.93, 462.95, 480.25, 450.05, 480.25, 475.85, 480.25, 25.79, 11.36
2.67, 20, black car, 18.18, 425.26, 50.52, 438.23, 34.35, 431.75, 18.18, 431.75, 50.52, 431.75, 32.33, 12.97
2.67, 4, white car, 979.46, 515.40, 1008.27, 526.88, 993.87, 521.14, 979.46, 521.14, 1008.27, 521.14, 28.81, 11.48
2.67, 5, white car, 446.58, 474.25, 472.60, 485.69, 459.59, 479.97, 446.58, 479.97, 472.60, 479.97, 26.02, 11.44
2.70, 20, black car, 18.07, 425.26, 50.45, 438.28, 34.26, 431.77, 18.07, 431.77, 50.45, 431.77, 32.39, 13.02
2.70, 4, white car, 977.11, 515.37, 1005.92, 526.87, 991.52, 521.12, 977.11, 521.12, 1005.92, 521.12, 28.81, 11.51
2.70, 5, white car, 443.00, 473.81, 469.61, 485.52, 456.30, 479.66, 443.00, 479.66, 469.61, 479.66, 26.61, 11.70
2.73, 20, black car, 17.98, 425.26, 50.35, 438.29, 34.16, 431.77, 17.98, 431.77, 50.35, 431.77, 32.38, 13.03
2.73, 4, white car, 975.32, 515.47, 1003.37, 526.65, 989.35, 521.06, 975.32, 521.06, 1003.37, 521.06, 28.05, 11.18
2.73, 5, white car, 440.05, 473.62, 466.29, 485.16, 453.17, 479.39, 440.05, 479.39, 466.29, 479.39, 26.24, 11.54
2.77, 20, black car, 17.95, 425.23, 50.26, 438.25, 34.11, 431.74, 17.95, 431.74, 50.26, 431.74, 32.31, 13.02
2.77, 4, white car, 973.14, 515.34, 1001.16, 526.48, 987.15, 520.91, 973.14, 520.91, 1001.16, 520.91, 28.02, 11.14
2.77, 5, white car, 436.76, 473.42, 463.24, 485.09, 450.00, 479.26, 436.76, 479.26, 463.24, 479.26, 26.47, 11.68
2.80, 20, black car, 17.84, 425.15, 50.19, 438.21, 34.02, 431.68, 17.84, 431.68, 50.19, 431.68, 32.35, 13.06
2.80, 4, white car, 970.80, 515.18, 998.93, 526.36, 984.87, 520.77, 970.80, 520.77, 998.93, 520.77, 28.13, 11.17
2.80, 5, white car, 433.58, 473.09, 460.19, 484.84, 446.89, 478.96, 433.58, 478.96, 460.19, 478.96, 26.60, 11.75
2.83, 20, black car, 17.95, 425.08, 50.19, 438.12, 34.07, 431.60, 17.95, 431.60, 50.19, 431.60, 32.25, 13.03
2.83, 4, white car, 968.37, 514.97, 996.50, 526.14, 982.43, 520.55, 968.37, 520.55, 996.50, 520.55, 28.13, 11.17
2.83, 5, white car, 430.55, 472.64, 457.44, 484.55, 444.00, 478.59, 430.55, 478.59, 457.44, 478.59, 26.88, 11.91
2.87, 20, black car, 17.83, 425.01, 50.13, 438.08, 33.98, 431.55, 17.83, 431.55, 50.13, 431.55, 32.31, 13.07
2.87, 4, white car, 966.02, 514.82, 994.40, 526.08, 980.21, 520.45, 966.02, 520.45, 994.40, 520.45, 28.38, 11.26
2.87, 5, white car, 427.64, 472.32, 454.59, 484.28, 441.12, 478.30, 427.64, 478.30, 454.59, 478.30, 26.94, 11.96
2.90, 20, black car, 17.77, 424.96, 50.09, 438.05, 33.93, 431.50, 17.77, 431.50, 50.09, 431.50, 32.32, 13.09
2.90, 4, white car, 963.68, 514.83, 992.16, 526.15, 977.92, 520.49, 963.68, 520.49, 992.16, 520.49, 28.48, 11.32
2.90, 5, white car, 424.26, 471.95, 451.35, 484.01, 437.80, 477.98, 424.26, 477.98, 451.35, 477.98, 27.10, 12.05
2.93, 20, black car, 17.61, 424.87, 50.08, 438.04, 33.85, 431.46, 17.61, 431.46, 50.08, 431.46, 32.47, 13.17
2.93, 4, white car, 961.72, 514.89, 989.58, 525.94, 975.65, 520.41, 961.72, 520.41, 989.58, 520.41, 27.86, 11.06
2.93, 5, white car, 420.93, 471.62, 448.29, 483.86, 434.61, 477.74, 420.93, 477.74, 448.29, 477.74, 27.36, 12.24
2.97, 20, black car, 17.40, 424.93, 49.88, 438.11, 33.64, 431.52, 17.40, 431.52, 49.88, 431.52, 32.48, 13.18
2.97, 4, white car, 959.43, 514.92, 987.20, 525.90, 973.32, 520.41, 959.43, 520.41, 987.20, 520.41, 27.77, 10.98
2.97, 5, white car, 417.61, 471.17, 445.39, 483.67, 431.50, 477.42, 417.61, 477.42, 445.39, 477.42, 27.79, 12.50
3.00, 20, black car, 17.36, 424.90, 49.85, 438.09, 33.61, 431.49, 17.36, 431.49, 49.85, 431.49, 32.49, 13.19
3.00, 4, white car, 957.12, 514.82, 985.14, 525.90, 971.13, 520.36, 957.12, 520.36, 985.14, 520.36, 28.02, 11.09
3.00, 5, white car, 414.70, 470.91, 441.94, 483.20, 428.32, 477.06, 414.70, 477.06, 441.94, 477.06, 27.24, 12.30
3.03, 20, black car, 17.33, 424.80, 49.80, 438.00, 33.57, 431.40, 17.33, 431.40, 49.80, 431.40, 32.47, 13.20
3.03, 4, white car, 954.43, 514.65, 982.91, 525.93, 968.67, 520.29, 954.43, 520.29, 982.91, 520.29, 28.48, 11.28
3.03, 5, white car, 411.88, 470.74, 438.58, 482.81, 425.23, 476.77, 411.88, 476.77, 438.58, 476.77, 26.70, 12.07
3.07, 20, black car, 17.28, 424.72, 49.67, 437.89, 33.48, 431.30, 17.28, 431.30, 49.67, 431.30, 32.39, 13.18
3.07, 4, white car, 951.89, 514.34, 980.77, 525.77, 966.33, 520.05, 951.89, 520.05, 980.77, 520.05, 28.88, 11.44
3.07, 5, white car, 408.88, 470.57, 435.23, 482.50, 422.05, 476.54, 408.88, 476.54, 435.23, 476.54, 26.36, 11.92
3.10, 20, black car, 17.16, 424.68, 49.45, 437.81, 33.31, 431.24, 17.16, 431.24, 49.45, 431.24, 32.29, 13.13
3.10, 4, white car, 949.91, 514.26, 978.92, 525.75, 964.42, 520.01, 949.91, 520.01, 978.92, 520.01, 29.01, 11.50
3.10, 5, white car, 405.98, 470.47, 432.12, 482.30, 419.05, 476.38, 405.98, 476.38, 432.12, 476.38, 26.14, 11.83
3.13, 20, black car, 17.12, 424.70, 49.28, 437.77, 33.20, 431.24, 17.12, 431.24, 49.28, 431.24, 32.16, 13.08
3.13, 4, white car, 947.60, 514.27, 976.95, 525.92, 962.28, 520.09, 947.60, 520.09, 976.95, 520.09, 29.35, 11.65
3.13, 5, white car, 403.15, 470.36, 429.33, 482.19, 416.24, 476.28, 403.15, 476.28, 429.33, 476.28, 26.19, 11.84
3.17, 20, black car, 17.10, 424.71, 49.43, 437.87, 33.26, 431.29, 17.10, 431.29, 49.43, 431.29, 32.33, 13.16
3.17, 4, white car, 945.47, 514.29, 974.23, 525.70, 959.85, 519.99, 945.47, 519.99, 974.23, 519.99, 28.77, 11.42
3.17, 5, white car, 400.00, 470.20, 426.49, 482.19, 413.24, 476.19, 400.00, 476.19, 426.49, 476.19, 26.49, 11.99
3.20, 20, black car, 16.70, 424.52, 49.25, 437.77, 32.98, 431.14, 16.70, 431.14, 49.25, 431.14, 32.55, 13.26
3.20, 4, white car, 943.72, 514.60, 971.61, 525.67, 957.67, 520.13, 943.72, 520.13, 971.61, 520.13, 27.90, 11.07
3.20, 5, white car, 396.63, 469.89, 423.29, 481.96, 409.96, 475.93, 396.63, 475.93, 423.29, 475.93, 26.66, 12.07
3.23, 20, black car, 16.85, 424.49, 49.32, 437.71, 33.09, 431.10, 16.85, 431.10, 49.32, 431.10, 32.47, 13.23
3.23, 4, white car, 941.47, 514.59, 969.60, 525.78, 955.53, 520.19, 941.47, 520.19, 969.60, 520.19, 28.13, 11.19
3.23, 5, white car, 393.37, 469.61, 420.18, 481.77, 406.78, 475.69, 393.37, 475.69, 420.18, 475.69, 26.81, 12.16
3.27, 20, black car, 16.87, 424.52, 49.30, 437.74, 33.09, 431.13, 16.87, 431.13, 49.30, 431.13, 32.43, 13.22
3.27, 4, white car, 938.72, 514.21, 967.17, 525.56, 952.95, 519.89, 938.72, 519.89, 967.17, 519.89, 28.45, 11.35
3.27, 5, white car, 390.43, 469.37, 417.49, 481.70, 403.96, 475.54, 390.43, 475.54, 417.49, 475.54, 27.06, 12.33
3.30, 20, black car, 16.73, 424.41, 49.35, 437.72, 33.04, 431.07, 16.73, 431.07, 49.35, 431.07, 32.62, 13.31
3.30, 4, white car, 936.45, 514.06, 964.70, 525.36, 950.58, 519.71, 936.45, 519.71, 964.70, 519.71, 28.25, 11.30
3.30, 5, white car, 387.60, 469.36, 414.51, 481.66, 401.05, 475.51, 387.60, 475.51, 414.51, 475.51, 26.91, 12.30
3.33, 20, black car, 16.66, 424.39, 49.29, 437.71, 32.98, 431.05, 16.66, 431.05, 49.29, 431.05, 32.63, 13.32
3.33, 4, white car, 934.43, 514.13, 962.69, 525.42, 948.56, 519.77, 934.43, 519.77, 962.69, 519.77, 28.26, 11.29
3.33, 5, white car, 384.65, 468.93, 411.84, 481.42, 398.24, 475.17, 384.65, 475.17, 411.84, 475.17, 27.19, 12.49
3.37, 20, black car, 16.66, 424.37, 49.40, 437.74, 33.03, 431.05, 16.66, 431.05, 49.40, 431.05, 32.74, 13.37
3.37, 4, white car, 932.09, 513.91, 960.30, 525.18, 946.19, 519.55, 932.09, 519.55, 960.30, 519.55, 28.21, 11.27
3.37, 5, white car, 382.00, 468.66, 408.92, 481.01, 395.46, 474.84, 382.00, 474.84, 408.92, 474.84, 26.92, 12.35
3.40, 20, black car, 16.52, 424.41, 49.15, 437.74, 32.84, 431.07, 16.52, 431.07, 49.15, 431.07, 32.63, 13.33
3.40, 4, white car, 929.85, 513.94, 957.57, 525.02, 943.71, 519.48, 929.85, 519.48, 957.57, 519.48, 27.72, 11.08
3.40, 5, white car, 379.07, 468.44, 405.42, 480.51, 392.24, 474.48, 379.07, 474.48, 405.42, 474.48, 26.35, 12.06
3.43, 20, black car, 16.48, 424.37, 49.16, 437.72, 32.82, 431.04, 16.48, 431.04, 49.16, 431.04, 32.68, 13.35
3.43, 4, white car, 927.89, 513.74, 955.56, 524.81, 941.73, 519.27, 927.89, 519.27, 955.56, 519.27, 27.66, 11.06
3.43, 5, white car, 376.09, 468.16, 402.26, 480.12, 389.17, 474.14, 376.09, 474.14, 402.26, 474.14, 26.16, 11.96
3.47, 20, black car, 16.51, 424.32, 49.27, 437.71, 32.89, 431.01, 16.51, 431.01, 49.27, 431.01, 32.76, 13.39
3.47, 4, white car, 925.46, 513.39, 954.07, 524.84, 939.77, 519.11, 925.46, 519.11, 954.07, 519.11, 28.62, 11.46
3.47, 5, white car, 373.41, 467.96, 399.32, 479.80, 386.36, 473.88, 373.41, 473.88, 399.32, 473.88, 25.90, 11.84
3.50, 20, black car, 16.54, 424.34, 49.21, 437.70, 32.88, 431.02, 16.54, 431.02, 49.21, 431.02, 32.67, 13.36
3.50, 4, white car, 923.06, 513.17, 951.93, 524.76, 937.50, 518.97, 923.06, 518.97, 951.93, 518.97, 28.87, 11.59
3.50, 5, white car, 370.77, 467.74, 396.52, 479.53, 383.64, 473.64, 370.77, 473.64, 396.52, 473.64, 25.75, 11.79
3.53, 20, black car, 16.53, 424.41, 48.94, 437.67, 32.74, 431.04, 16.53, 431.04, 48.94, 431.04, 32.41, 13.26
3.53, 4, white car, 920.86, 513.04, 949.76, 524.68, 935.31, 518.86, 920.86, 518.86, 949.76, 518.86, 28.90, 11.63
3.53, 5, white car, 367.94, 467.55, 393.54, 479.25, 380.74, 473.40, 367.94, 473.40, 393.54, 473.40, 25.61, 11.69
3.57, 20, black car, 16.69, 424.43, 48.92, 437.62, 32.81, 431.02, 16.69, 431.02, 48.92, 431.02, 32.23, 13.19
3.57, 4, white car, 918.75, 512.99, 947.36, 524.51, 933.06, 518.75, 918.75, 518.75, 947.36, 518.75, 28.62, 11.52
3.57, 5, white car, 365.04, 467.33, 390.60, 478.98, 377.82, 473.15, 365.04, 473.15, 390.60, 473.15, 25.56, 11.65
3.60, 20, black car, 16.77, 424.42, 48.89, 437.56, 32.83, 430.99, 16.77, 430.99, 48.89, 430.99, 32.11, 13.14
3.60, 4, white car, 916.36, 512.89, 945.30, 524.52, 930.83, 518.70, 916.36, 518.70, 945.30, 518.70, 28.93, 11.63
3.60, 5, white car, 362.28, 467.27, 387.81, 478.89, 375.05, 473.08, 362.28, 473.08, 387.81, 473.08, 25.53, 11.61
3.63, 20, black car, 16.92, 424.50, 48.77, 437.55, 32.84, 431.02, 16.92, 431.02, 48.77, 431.02, 31.85, 13.05
3.63, 4, white car, 914.56, 512.86, 943.76, 524.57, 929.16, 518.71, 914.56, 518.71, 943.76, 518.71, 29.21, 11.71
3.63, 5, white car, 359.48, 467.16, 384.71, 478.63, 372.10, 472.89, 359.48, 472.89, 384.71, 472.89, 25.23, 11.47
3.67, 20, black car, 16.90, 424.57, 48.72, 437.62, 32.81, 431.10, 16.90, 431.10, 48.72, 431.10, 31.81, 13.05
3.67, 4, white car, 912.02, 512.86, 941.28, 524.60, 926.65, 518.73, 912.02, 518.73, 941.28, 518.73, 29.26, 11.74
3.67, 5, white car, 356.71, 466.99, 382.11, 478.54, 369.41, 472.76, 356.71, 472.76, 382.11, 472.76, 25.40, 11.55
3.70, 20, black car, 16.93, 424.56, 48.75, 437.62, 32.84, 431.09, 16.93, 431.09, 48.75, 431.09, 31.82, 13.06
3.70, 4, white car, 909.84, 512.85, 939.05, 524.59, 924.44, 518.72, 909.84, 518.72, 939.05, 518.72, 29.21, 11.74
3.70, 5, white car, 353.47, 466.70, 378.98, 478.24, 366.22, 472.47, 353.47, 472.47, 378.98, 472.47, 25.50, 11.54
3.73, 20, black car, 16.99, 424.53, 48.85, 437.61, 32.92, 431.07, 16.99, 431.07, 48.85, 431.07, 31.86, 13.08
3.73, 4, white car, 907.95, 512.89, 937.30, 524.68, 922.63, 518.78, 907.95, 518.78, 937.30, 518.78, 29.34, 11.79
3.73, 5, white car, 350.57, 466.63, 376.25, 478.19, 363.41, 472.41, 350.57, 472.41, 376.25, 472.41, 25.68, 11.56
3.77, 20, black car, 17.00, 424.53, 48.89, 437.63, 32.95, 431.08, 17.00, 431.08, 48.89, 431.08, 31.89, 13.10
3.77, 4, white car, 905.71, 512.86, 934.81, 524.53, 920.26, 518.69, 905.71, 518.69, 934.81, 518.69, 29.10, 11.67
3.77, 5, white car, 347.91, 466.59, 373.36, 478.01, 360.63, 472.30, 347.91, 472.30, 373.36, 472.30, 25.45, 11.41
3.80, 20, black car, 17.05, 424.55, 48.88, 437.62, 32.96, 431.09, 17.05, 431.09, 48.88, 431.09, 31.83, 13.07
3.80, 4, white car, 903.70, 512.80, 932.81, 524.46, 918.25, 518.63, 903.70, 518.63, 932.81, 518.63, 29.11, 11.66
3.80, 5, white car, 345.40, 466.38, 370.84, 477.76, 358.12, 472.07, 345.40, 472.07, 370.84, 472.07, 25.44, 11.39
3.83, 20, black car, 17.02, 424.54, 48.90, 437.63, 32.96, 431.09, 17.02, 431.09, 48.90, 431.09, 31.88, 13.09
3.83, 4, white car, 901.76, 512.76, 930.19, 524.12, 915.97, 518.44, 901.76, 518.44, 930.19, 518.44, 28.43, 11.36
3.83, 5, white car, 342.72, 466.14, 368.18, 477.54, 355.45, 471.84, 342.72, 471.84, 368.18, 471.84, 25.46, 11.40
3.87, 20, black car, 17.04, 424.56, 48.90, 437.65, 32.97, 431.11, 17.04, 431.11, 48.90, 431.11, 31.86, 13.09
3.87, 4, white car, 899.46, 512.68, 927.61, 523.90, 913.53, 518.29, 899.46, 518.29, 927.61, 518.29, 28.15, 11.22
3.87, 5, white car, 340.17, 465.92, 365.49, 477.21, 352.83, 471.56, 340.17, 471.56, 365.49, 471.56, 25.33, 11.29
3.90, 20, black car, 17.16, 424.61, 48.84, 437.62, 33.00, 431.11, 17.16, 431.11, 48.84, 431.11, 31.68, 13.01
3.90, 4, white car, 897.19, 512.58, 925.55, 523.87, 911.37, 518.23, 897.19, 518.23, 925.55, 518.23, 28.36, 11.29
3.90, 5, white car, 337.64, 465.79, 362.86, 476.98, 350.25, 471.39, 337.64, 471.39, 362.86, 471.39, 25.22, 11.20
3.93, 20, black car, 17.06, 424.61, 48.64, 437.58, 32.85, 431.09, 17.06, 431.09, 48.64, 431.09, 31.58, 12.97
3.93, 4, white car, 895.05, 512.60, 923.32, 523.84, 909.19, 518.22, 895.05, 518.22, 923.32, 518.22, 28.26, 11.24
3.93, 5, white car, 334.59, 465.52, 359.83, 476.66, 347.21, 471.09, 334.59, 471.09, 359.83, 471.09, 25.24, 11.14
3.97, 20, black car, 16.71, 424.54, 48.53, 437.62, 32.62, 431.08, 16.71, 431.08, 48.53, 431.08, 31.82, 13.08
3.97, 4, white car, 893.05, 512.41, 920.51, 523.30, 906.78, 517.85, 893.05, 517.85, 920.51, 517.85, 27.46, 10.89
3.97, 5, white car, 331.67, 465.33, 357.12, 476.51, 344.40, 470.92, 331.67, 470.92, 357.12, 470.92, 25.45, 11.18
4.00, 20, black car, 16.45, 424.50, 48.28, 437.61, 32.36, 431.06, 16.45, 431.06, 48.28, 431.06, 31.83, 13.10
4.00, 4, white car, 890.88, 512.35, 918.58, 523.32, 904.73, 517.83, 890.88, 517.83, 918.58, 517.83, 27.70, 10.97
4.00, 5, white car, 328.35, 465.04, 354.45, 476.47, 341.40, 470.75, 328.35, 470.75, 354.45, 470.75, 26.10, 11.44
4.03, 20, black car, 16.55, 424.50, 48.44, 437.64, 32.50, 431.07, 16.55, 431.07, 48.44, 431.07, 31.89, 13.14
4.03, 4, white car, 888.68, 512.01, 916.49, 523.00, 902.58, 517.50, 888.68, 517.50, 916.49, 517.50, 27.82, 10.99
4.07, 20, black car, 16.50, 424.47, 48.49, 437.67, 32.50, 431.07, 16.50, 431.07, 48.49, 431.07, 31.99, 13.20
4.07, 4, white car, 886.81, 512.04, 914.01, 522.77, 900.41, 517.40, 886.81, 517.40, 914.01, 517.40, 27.20, 10.73
4.07, 5, white car, 322.99, 464.03, 350.02, 475.93, 336.50, 469.98, 322.99, 469.98, 350.02, 469.98, 27.03, 11.91
4.10, 20, black car, 16.39, 424.41, 48.54, 437.68, 32.47, 431.05, 16.39, 431.05, 48.54, 431.05, 32.15, 13.27
4.10, 4, white car, 884.69, 511.94, 911.61, 522.51, 898.15, 517.23, 884.69, 517.23, 911.61, 517.23, 26.92, 10.58
4.10, 5, white car, 320.80, 463.80, 347.83, 475.77, 334.32, 469.78, 320.80, 469.78, 347.83, 469.78, 27.03, 11.97
4.13, 20, black car, 16.30, 424.32, 48.63, 437.68, 32.46, 431.00, 16.30, 431.00, 48.63, 431.00, 32.33, 13.36
4.13, 4, white car, 882.66, 511.72, 909.67, 522.30, 896.16, 517.01, 882.66, 517.01, 909.67, 517.01, 27.01, 10.58
4.13, 5, white car, 317.99, 463.77, 344.99, 475.78, 331.49, 469.77, 317.99, 469.77, 344.99, 469.77, 27.00, 12.01
4.17, 20, black car, 16.44, 424.31, 48.80, 437.67, 32.62, 430.99, 16.44, 430.99, 48.80, 430.99, 32.35, 13.37
4.17, 4, white car, 880.56, 511.64, 907.80, 522.31, 894.18, 516.97, 880.56, 516.97, 907.80, 516.97, 27.25, 10.67
4.17, 5, white car, 315.70, 463.75, 342.30, 475.62, 329.00, 469.69, 315.70, 469.69, 342.30, 469.69, 26.60, 11.87
4.20, 20, black car, 16.56, 424.27, 48.96, 437.66, 32.76, 430.96, 16.56, 430.96, 48.96, 430.96, 32.40, 13.38
4.20, 4, white car, 878.11, 511.48, 905.72, 522.27, 891.91, 516.87, 878.11, 516.87, 905.72, 516.87, 27.60, 10.79
4.20, 5, white car, 313.40, 463.65, 339.22, 475.17, 326.31, 469.41, 313.40, 469.41, 339.22, 469.41, 25.83, 11.52
4.23, 20, black car, 16.67, 424.32, 48.99, 437.66, 32.83, 430.99, 16.67, 430.99, 48.99, 430.99, 32.32, 13.35
4.23, 4, white car, 875.92, 511.36, 903.71, 522.20, 889.82, 516.78, 875.92, 516.78, 903.71, 516.78, 27.79, 10.84
4.23, 5, white car, 310.88, 463.51, 336.70, 474.99, 323.79, 469.25, 310.88, 469.25, 336.70, 469.25, 25.82, 11.49
4.27, 20, black car, 16.82, 424.40, 49.08, 437.71, 32.95, 431.05, 16.82, 431.05, 49.08, 431.05, 32.25, 13.31
4.27, 4, white car, 873.73, 511.23, 901.41, 521.99, 887.57, 516.61, 873.73, 516.61, 901.41, 516.61, 27.67, 10.76
4.27, 5, white car, 308.51, 463.51, 334.04, 474.82, 321.28, 469.17, 308.51, 469.17, 334.04, 469.17, 25.53, 11.32
4.30, 20, black car, 16.76, 424.48, 48.87, 437.73, 32.81, 431.10, 16.76, 431.10, 48.87, 431.10, 32.12, 13.25
4.30, 4, white car, 871.41, 511.26, 899.41, 522.14, 885.41, 516.70, 871.41, 516.70, 899.41, 516.70, 28.00, 10.88
4.30, 5, white car, 305.50, 463.49, 331.44, 474.97, 318.47, 469.23, 305.50, 469.23, 331.44, 469.23, 25.94, 11.48
4.33, 20, black car, 16.67, 424.46, 48.91, 437.77, 32.79, 431.12, 16.67, 431.12, 48.91, 431.12, 32.25, 13.30
4.33, 4, white car, 869.08, 511.20, 897.66, 522.30, 883.37, 516.75, 869.08, 516.75, 897.66, 516.75, 28.58, 11.10
4.37, 20, black car, 16.65, 424.53, 48.68, 437.75, 32.66, 431.14, 16.65, 431.14, 48.68, 431.14, 32.03, 13.22
4.37, 4, white car, 867.09, 511.17, 895.67, 522.27, 881.38, 516.72, 867.09, 516.72, 895.67, 516.72, 28.58, 11.10
4.40, 20, black car, 16.73, 424.56, 48.80, 437.79, 32.77, 431.17, 16.73, 431.17, 48.80, 431.17, 32.06, 13.23
4.40, 4, white car, 864.91, 511.10, 893.18, 522.08, 879.04, 516.59, 864.91, 516.59, 893.18, 516.59, 28.27, 10.98
4.43, 20, black car, 16.72, 424.59, 48.80, 437.82, 32.76, 431.21, 16.72, 431.21, 48.80, 431.21, 32.07, 13.23
4.43, 4, white car, 862.68, 510.96, 891.00, 521.99, 876.84, 516.48, 862.68, 516.48, 891.00, 516.48, 28.32, 11.02
4.47, 20, black car, 16.75, 424.55, 48.96, 437.83, 32.85, 431.19, 16.75, 431.19, 48.96, 431.19, 32.21, 13.28
4.47, 4, white car, 860.63, 510.77, 888.87, 521.74, 874.75, 516.25, 860.63, 516.25, 888.87, 516.25, 28.23, 10.98
4.50, 20, black car, 16.87, 424.58, 48.96, 437.79, 32.91, 431.19, 16.87, 431.19, 48.96, 431.19, 32.09, 13.21
4.50, 4, white car, 858.61, 510.51, 886.88, 521.50, 872.75, 516.00, 858.61, 516.00, 886.88, 516.00, 28.26, 10.99
4.53, 20, black car, 16.97, 424.56, 49.07, 437.76, 33.02, 431.16, 16.97, 431.16, 49.07, 431.16, 32.10, 13.20
4.53, 4, white car, 856.36, 510.44, 884.65, 521.44, 870.50, 515.94, 856.36, 515.94, 884.65, 515.94, 28.29, 10.99
4.57, 20, black car, 17.00, 424.52, 49.14, 437.72, 33.07, 431.12, 17.00, 431.12, 49.14, 431.12, 32.14, 13.20
4.57, 4, white car, 854.51, 510.39, 882.82, 521.38, 868.66, 515.89, 854.51, 515.89, 882.82, 515.89, 28.30, 10.99
4.60, 20, black car, 17.04, 424.50, 49.23, 437.70, 33.14, 431.10, 17.04, 431.10, 49.23, 431.10, 32.19, 13.21
4.60, 4, white car, 852.72, 510.18, 880.72, 521.06, 866.72, 515.62, 852.72, 515.62, 880.72, 515.62, 28.00, 10.88
4.63, 20, black car, 17.06, 424.48, 49.25, 437.67, 33.16, 431.08, 17.06, 431.08, 49.25, 431.08, 32.19, 13.19
4.63, 4, white car, 850.83, 510.21, 878.57, 521.00, 864.70, 515.61, 850.83, 515.61, 878.57, 515.61, 27.74, 10.78
4.67, 20, black car, 16.90, 424.52, 49.20, 437.75, 33.05, 431.14, 16.90, 431.14, 49.20, 431.14, 32.30, 13.23
4.67, 4, white car, 848.52, 510.02, 876.59, 520.94, 862.55, 515.48, 848.52, 515.48, 876.59, 515.48, 28.07, 10.92
4.70, 20, black car, 16.85, 424.60, 49.04, 437.77, 32.95, 431.19, 16.85, 431.19, 49.04, 431.19, 32.19, 13.18
4.70, 4, white car, 846.19, 509.72, 874.55, 520.74, 860.37, 515.23, 846.19, 515.23, 874.55, 515.23, 28.36, 11.02
4.73, 20, black car, 16.83, 424.62, 48.99, 437.78, 32.91, 431.20, 16.83, 431.20, 48.99, 431.20, 32.16, 13.16
4.73, 4, white car, 844.28, 509.48, 872.27, 520.33, 858.27, 514.90, 844.28, 514.90, 872.27, 514.90, 27.98, 10.85
4.77, 20, black car, 16.72, 424.69, 48.89, 437.85, 32.81, 431.27, 16.72, 431.27, 48.89, 431.27, 32.17, 13.16
4.77, 4, white car, 841.62, 509.33, 869.94, 520.31, 855.78, 514.82, 841.62, 514.82, 869.94, 514.82, 28.33, 10.98
4.80, 20, black car, 16.56, 424.79, 48.61, 437.91, 32.58, 431.35, 16.56, 431.35, 48.61, 431.35, 32.05, 13.11
4.80, 4, white car, 839.66, 509.37, 868.03, 520.37, 853.84, 514.87, 839.66, 514.87, 868.03, 514.87, 28.38, 11.00
4.83, 20, black car, 16.72, 424.80, 48.84, 437.94, 32.78, 431.37, 16.72, 431.37, 48.84, 431.37, 32.12, 13.14
4.83, 4, white car, 837.63, 509.33, 865.96, 520.33, 851.79, 514.83, 837.63, 514.83, 865.96, 514.83, 28.33, 10.99
4.87, 20, black car, 16.75, 424.78, 49.04, 437.98, 32.90, 431.38, 16.75, 431.38, 49.04, 431.38, 32.29, 13.20
4.87, 4, white car, 835.39, 509.11, 863.71, 520.12, 849.55, 514.61, 835.39, 514.61, 863.71, 514.61, 28.33, 11.01
4.90, 20, black car, 16.83, 424.76, 49.11, 437.95, 32.97, 431.36, 16.83, 431.36, 49.11, 431.36, 32.28, 13.19
4.90, 4, white car, 833.52, 509.00, 861.85, 520.00, 847.68, 514.50, 833.52, 514.50, 861.85, 514.50, 28.33, 11.01
4.93, 20, black car, 16.67, 424.80, 49.05, 438.04, 32.86, 431.42, 16.67, 431.42, 49.05, 431.42, 32.38, 13.24
4.93, 4, white car, 831.56, 508.78, 860.15, 519.88, 845.85, 514.33, 831.56, 514.33, 860.15, 514.33, 28.59, 11.11
4.97, 20, black car, 16.65, 424.93, 48.99, 438.15, 32.82, 431.54, 16.65, 431.54, 48.99, 431.54, 32.33, 13.22
4.97, 4, white car, 829.64, 508.63, 858.29, 519.75, 843.96, 514.19, 829.64, 514.19, 858.29, 514.19, 28.65, 11.12
5.00, 20, black car, 16.62, 425.05, 48.78, 438.20, 32.70, 431.63, 16.62, 431.63, 48.78, 431.63, 32.15, 13.15
5.00, 4, white car, 827.57, 508.56, 856.34, 519.70, 841.95, 514.13, 827.57, 514.13, 856.34, 514.13, 28.77, 11.14
5.03, 20, black car, 16.69, 424.99, 48.92, 438.18, 32.81, 431.58, 16.69, 431.58, 48.92, 431.58, 32.24, 13.19
5.03, 4, white car, 825.26, 508.33, 854.47, 519.64, 839.87, 513.98, 825.26, 513.98, 854.47, 513.98, 29.20, 11.31
5.07, 20, black car, 16.63, 424.99, 48.85, 438.18, 32.74, 431.58, 16.63, 431.58, 48.85, 431.58, 32.23, 13.19
5.07, 4, white car, 823.20, 508.28, 852.45, 519.62, 837.83, 513.95, 823.20, 513.95, 852.45, 513.95, 29.25, 11.34
5.10, 20, black car, 16.73, 424.98, 48.84, 438.12, 32.78, 431.55, 16.73, 431.55, 48.84, 431.55, 32.11, 13.14
5.10, 4, white car, 820.61, 507.88, 850.38, 519.48, 835.50, 513.68, 820.61, 513.68, 850.38, 513.68, 29.77, 11.60
5.13, 20, black car, 16.72, 424.97, 48.85, 438.12, 32.78, 431.54, 16.72, 431.54, 48.85, 431.54, 32.14, 13.15
5.17, 20, black car, 16.79, 424.97, 48.98, 438.13, 32.88, 431.55, 16.79, 431.55, 48.98, 431.55, 32.19, 13.16
5.20, 20, black car, 16.75, 424.98, 48.96, 438.14, 32.86, 431.56, 16.75, 431.56, 48.96, 431.56, 32.21, 13.17
5.23, 20, black car, 16.61, 425.02, 48.82, 438.19, 32.71, 431.61, 16.61, 431.61, 48.82, 431.61, 32.21, 13.17
5.27, 20, black car, 16.84, 425.11, 48.91, 438.21, 32.87, 431.66, 16.84, 431.66, 48.91, 431.66, 32.07, 13.10
5.30, 20, black car, 16.90, 424.97, 49.03, 438.08, 32.96, 431.52, 16.90, 431.52, 49.03, 431.52, 32.14, 13.11
5.33, 20, black car, 16.95, 424.79, 49.23, 437.96, 33.09, 431.37, 16.95, 431.37, 49.23, 431.37, 32.28, 13.17
5.37, 20, black car, 17.00, 424.86, 49.14, 437.96, 33.07, 431.41, 17.00, 431.41, 49.14, 431.41, 32.13, 13.11
5.40, 20, black car, 16.99, 424.83, 49.19, 437.96, 33.09, 431.40, 16.99, 431.40, 49.19, 431.40, 32.21, 13.13
5.43, 20, black car, 16.95, 424.85, 49.11, 437.97, 33.03, 431.41, 16.95, 431.41, 49.11, 431.41, 32.16, 13.12
5.47, 20, black car, 16.93, 424.84, 49.11, 437.97, 33.02, 431.41, 16.93, 431.41, 49.11, 431.41, 32.18, 13.13
5.50, 20, black car, 17.02, 424.85, 49.24, 438.00, 33.13, 431.42, 17.02, 431.42, 49.24, 431.42, 32.22, 13.14
5.53, 20, black car, 17.07, 424.81, 49.36, 437.98, 33.22, 431.39, 17.07, 431.39, 49.36, 431.39, 32.30, 13.17
5.57, 20, black car, 17.08, 424.75, 49.48, 437.97, 33.28, 431.36, 17.08, 431.36, 49.48, 431.36, 32.40, 13.21
5.60, 20, black car, 17.05, 424.78, 49.43, 437.99, 33.24, 431.39, 17.05, 431.39, 49.43, 431.39, 32.37, 13.20
5.63, 20, black car, 16.83, 424.68, 49.29, 437.91, 33.06, 431.29, 16.83, 431.29, 49.29, 431.29, 32.45, 13.23
5.67, 20, black car, 16.79, 424.64, 49.31, 437.90, 33.05, 431.27, 16.79, 431.27, 49.31, 431.27, 32.52, 13.26
5.70, 20, black car, 16.91, 424.78, 49.25, 437.97, 33.08, 431.37, 16.91, 431.37, 49.25, 431.37, 32.34, 13.18
5.73, 20, black car, 17.04, 424.83, 49.24, 437.95, 33.14, 431.39, 17.04, 431.39, 49.24, 431.39, 32.20, 13.12
5.77, 20, black car, 17.04, 424.80, 49.28, 437.94, 33.16, 431.37, 17.04, 431.37, 49.28, 431.37, 32.25, 13.14
5.80, 20, black car, 16.96, 424.78, 49.17, 437.91, 33.07, 431.35, 16.96, 431.35, 49.17, 431.35, 32.21, 13.13
5.83, 20, black car, 16.96, 424.77, 49.16, 437.89, 33.06, 431.33, 16.96, 431.33, 49.16, 431.33, 32.20, 13.13
5.87, 20, black car, 16.90, 424.74, 49.17, 437.90, 33.04, 431.32, 16.90, 431.32, 49.17, 431.32, 32.26, 13.16
5.90, 20, black car, 16.96, 424.66, 49.35, 437.88, 33.15, 431.27, 16.96, 431.27, 49.35, 431.27, 32.39, 13.21
5.93, 20, black car, 16.94, 424.67, 49.35, 437.90, 33.15, 431.28, 16.94, 431.28, 49.35, 431.28, 32.41, 13.23
5.97, 20, black car, 17.05, 424.77, 49.45, 438.00, 33.25, 431.38, 17.05, 431.38, 49.45, 431.38, 32.39, 13.23
5.97, 4, white car, 767.77, 504.22, 797.18, 515.83, 782.47, 510.02, 767.77, 510.02, 797.18, 510.02, 29.41, 11.61
6.00, 20, black car, 17.23, 424.87, 49.42, 438.01, 33.32, 431.44, 17.23, 431.44, 49.42, 431.44, 32.19, 13.14
6.00, 4, white car, 766.03, 504.01, 795.15, 515.53, 780.59, 509.77, 766.03, 509.77, 795.15, 509.77, 29.12, 11.52
6.03, 20, black car, 17.10, 424.93, 49.11, 438.01, 33.10, 431.47, 17.10, 431.47, 49.11, 431.47, 32.01, 13.07
6.03, 4, white car, 763.93, 503.89, 793.19, 515.55, 778.56, 509.72, 763.93, 509.72, 793.19, 509.72, 29.26, 11.66
6.07, 20, black car, 17.03, 424.93, 48.93, 437.96, 32.98, 431.45, 17.03, 431.45, 48.93, 431.45, 31.91, 13.03
6.07, 4, white car, 762.26, 503.71, 791.56, 515.37, 776.91, 509.54, 762.26, 509.54, 791.56, 509.54, 29.30, 11.66
6.10, 20, black car, 16.98, 424.99, 48.88, 438.02, 32.93, 431.50, 16.98, 431.50, 48.88, 431.50, 31.90, 13.03
6.10, 4, white car, 760.66, 503.63, 789.59, 515.12, 775.12, 509.37, 760.66, 509.37, 789.59, 509.37, 28.94, 11.49
6.13, 20, black car, 16.96, 424.97, 49.01, 438.06, 32.99, 431.51, 16.96, 431.51, 49.01, 431.51, 32.05, 13.09
6.13, 4, white car, 758.68, 503.70, 787.39, 515.10, 773.04, 509.40, 758.68, 509.40, 787.39, 509.40, 28.71, 11.40
6.17, 20, black car, 17.08, 424.92, 49.28, 438.07, 33.18, 431.49, 17.08, 431.49, 49.28, 431.49, 32.21, 13.14
6.17, 4, white car, 756.42, 503.65, 785.02, 514.98, 770.72, 509.32, 756.42, 509.32, 785.02, 509.32, 28.61, 11.33
6.20, 20, black car, 17.15, 424.91, 49.36, 438.05, 33.26, 431.48, 17.15, 431.48, 49.36, 431.48, 32.21, 13.14
6.20, 4, white car, 754.29, 503.61, 782.80, 514.87, 768.54, 509.24, 754.29, 509.24, 782.80, 509.24, 28.51, 11.26
6.23, 20, black car, 17.12, 424.90, 49.44, 438.07, 33.28, 431.48, 17.12, 431.48, 49.44, 431.48, 32.32, 13.17
6.23, 4, white car, 752.75, 503.28, 781.16, 514.43, 766.96, 508.86, 752.75, 508.86, 781.16, 508.86, 28.42, 11.15
6.27, 20, black car, 17.02, 424.93, 49.40, 438.13, 33.21, 431.53, 17.02, 431.53, 49.40, 431.53, 32.38, 13.19
6.27, 4, white car, 750.71, 502.90, 779.23, 514.09, 764.97, 508.50, 750.71, 508.50, 779.23, 508.50, 28.52, 11.19
6.30, 20, black car, 17.09, 424.95, 49.47, 438.14, 33.28, 431.55, 17.09, 431.55, 49.47, 431.55, 32.39, 13.19
6.30, 4, white car, 749.37, 502.80, 777.67, 513.87, 763.52, 508.34, 749.37, 508.34, 777.67, 508.34, 28.30, 11.08
6.33, 20, black car, 17.20, 424.99, 49.54, 438.16, 33.37, 431.57, 17.20, 431.57, 49.54, 431.57, 32.34, 13.17
6.33, 4, white car, 747.38, 502.57, 775.40, 513.52, 761.39, 508.04, 747.38, 508.04, 775.40, 508.04, 28.02, 10.95
6.37, 20, black car, 17.16, 424.99, 49.53, 438.17, 33.34, 431.58, 17.16, 431.58, 49.53, 431.58, 32.37, 13.18
6.37, 4, white car, 745.51, 502.57, 773.28, 513.43, 759.39, 508.00, 745.51, 508.00, 773.28, 508.00, 27.77, 10.86
6.40, 20, black car, 17.08, 424.96, 49.51, 438.16, 33.29, 431.56, 17.08, 431.56, 49.51, 431.56, 32.43, 13.20
6.40, 4, white car, 742.70, 502.40, 770.87, 513.44, 756.78, 507.92, 742.70, 507.92, 770.87, 507.92, 28.16, 11.03
6.43, 20, black car, 17.03, 424.94, 49.49, 438.15, 33.26, 431.55, 17.03, 431.55, 49.49, 431.55, 32.46, 13.22
6.43, 4, white car, 740.36, 502.26, 769.04, 513.52, 754.70, 507.89, 740.36, 507.89, 769.04, 507.89, 28.68, 11.26
6.47, 20, black car, 17.11, 424.94, 49.49, 438.12, 33.30, 431.53, 17.11, 431.53, 49.49, 431.53, 32.38, 13.18
6.47, 4, white car, 738.41, 502.21, 767.27, 513.58, 752.84, 507.89, 738.41, 507.89, 767.27, 507.89, 28.86, 11.37
6.50, 20, black car, 17.11, 424.94, 49.53, 438.14, 33.32, 431.54, 17.11, 431.54, 49.53, 431.54, 32.42, 13.20
6.50, 4, white car, 736.14, 501.82, 765.42, 513.39, 750.78, 507.60, 736.14, 507.60, 765.42, 507.60, 29.28, 11.57
6.53, 20, black car, 17.18, 424.83, 49.61, 438.04, 33.40, 431.44, 17.18, 431.44, 49.61, 431.44, 32.43, 13.21
6.53, 4, white car, 734.41, 501.50, 763.84, 513.14, 749.12, 507.32, 734.41, 507.32, 763.84, 507.32, 29.44, 11.64
6.57, 20, black car, 17.05, 424.76, 49.58, 438.01, 33.32, 431.38, 17.05, 431.38, 49.58, 431.38, 32.53, 13.26
6.57, 4, white car, 732.57, 501.27, 761.94, 512.90, 747.26, 507.09, 732.57, 507.09, 761.94, 507.09, 29.37, 11.62
6.60, 20, black car, 16.86, 424.81, 49.49, 438.11, 33.18, 431.46, 16.86, 431.46, 49.49, 431.46, 32.62, 13.30
6.60, 4, white car, 730.95, 501.17, 759.98, 512.67, 745.46, 506.92, 730.95, 506.92, 759.98, 506.92, 29.03, 11.49
6.63, 20, black car, 16.91, 424.75, 49.74, 438.15, 33.32, 431.45, 16.91, 431.45, 49.74, 431.45, 32.83, 13.40
6.63, 4, white car, 728.88, 500.88, 757.90, 512.38, 743.39, 506.63, 728.88, 506.63, 757.90, 506.63, 29.01, 11.50
6.67, 20, black car, 16.94, 424.73, 49.62, 438.07, 33.28, 431.40, 16.94, 431.40, 49.62, 431.40, 32.68, 13.34
6.67, 4, white car, 726.86, 500.64, 756.36, 512.33, 741.61, 506.49, 726.86, 506.49, 756.36, 506.49, 29.49, 11.69
6.70, 20, black car, 16.90, 424.64, 49.46, 437.94, 33.18, 431.29, 16.90, 431.29, 49.46, 431.29, 32.55, 13.30
6.70, 4, white car, 724.63, 500.15, 754.45, 512.03, 739.54, 506.09, 724.63, 506.09, 754.45, 506.09, 29.83, 11.87
6.73, 20, black car, 17.00, 424.63, 49.45, 437.89, 33.23, 431.26, 17.00, 431.26, 49.45, 431.26, 32.45, 13.26
6.73, 4, white car, 723.38, 499.94, 753.43, 511.88, 738.40, 505.91, 723.38, 505.91, 753.43, 505.91, 30.05, 11.93
6.77, 20, black car, 17.10, 424.57, 49.69, 437.90, 33.40, 431.23, 17.10, 431.23, 49.69, 431.23, 32.59, 13.33
6.77, 4, white car, 721.46, 499.97, 751.18, 511.78, 736.32, 505.87, 721.46, 505.87, 751.18, 505.87, 29.72, 11.81
6.80, 20, black car, 17.12, 424.63, 49.60, 437.92, 33.36, 431.28, 17.12, 431.28, 49.60, 431.28, 32.48, 13.30
6.80, 4, white car, 719.09, 499.91, 748.64, 511.70, 733.86, 505.81, 719.09, 505.81, 748.64, 505.81, 29.56, 11.79
6.83, 20, black car, 17.02, 424.62, 49.62, 437.97, 33.32, 431.29, 17.02, 431.29, 49.62, 431.29, 32.59, 13.35
6.83, 4, white car, 717.17, 499.65, 746.96, 511.58, 732.07, 505.61, 717.17, 505.61, 746.96, 505.61, 29.78, 11.94
6.87, 20, black car, 17.10, 424.62, 49.63, 437.94, 33.36, 431.28, 17.10, 431.28, 49.63, 431.28, 32.53, 13.32
6.87, 4, white car, 715.03, 499.31, 744.96, 511.37, 730.00, 505.34, 715.03, 505.34, 744.96, 505.34, 29.94, 12.06
6.90, 20, black car, 17.07, 424.61, 49.55, 437.91, 33.31, 431.26, 17.07, 431.26, 49.55, 431.26, 32.47, 13.30
6.90, 4, white car, 712.98, 499.07, 742.53, 511.04, 727.75, 505.06, 712.98, 505.06, 742.53, 505.06, 29.56, 11.97
6.93, 20, black car, 16.97, 424.60, 49.40, 437.89, 33.19, 431.25, 16.97, 431.25, 49.40, 431.25, 32.43, 13.28
6.93, 4, white car, 710.78, 498.94, 740.54, 511.07, 725.66, 505.00, 710.78, 505.00, 740.54, 505.00, 29.76, 12.13
6.97, 20, black car, 16.79, 424.58, 49.25, 437.89, 33.02, 431.23, 16.79, 431.23, 49.25, 431.23, 32.46, 13.30
6.97, 4, white car, 708.96, 498.86, 738.89, 511.10, 723.92, 504.98, 708.96, 504.98, 738.89, 504.98, 29.93, 12.25
7.00, 20, black car, 16.68, 424.54, 49.22, 437.88, 32.95, 431.21, 16.68, 431.21, 49.22, 431.21, 32.55, 13.34
7.00, 4, white car, 707.36, 498.81, 736.86, 510.90, 722.11, 504.86, 707.36, 504.86, 736.86, 504.86, 29.49, 12.09
7.03, 20, black car, 16.81, 424.44, 49.36, 437.80, 33.09, 431.12, 16.81, 431.12, 49.36, 431.12, 32.56, 13.35
7.03, 4, white car, 705.46, 498.74, 735.00, 510.85, 720.23, 504.80, 705.46, 504.80, 735.00, 504.80, 29.53, 12.11
7.07, 20, black car, 16.92, 424.47, 49.37, 437.79, 33.14, 431.13, 16.92, 431.13, 49.37, 431.13, 32.45, 13.32
7.07, 4, white car, 703.72, 498.65, 733.06, 510.68, 718.39, 504.67, 703.72, 504.67, 733.06, 504.67, 29.34, 12.04
7.10, 20, black car, 17.01, 424.53, 49.40, 437.82, 33.21, 431.17, 17.01, 431.17, 49.40, 431.17, 32.40, 13.30
7.10, 4, white car, 702.13, 498.48, 731.36, 510.47, 716.74, 504.47, 702.13, 504.47, 731.36, 504.47, 29.23, 11.99
7.13, 20, black car, 17.06, 424.51, 49.43, 437.80, 33.24, 431.16, 17.06, 431.16, 49.43, 431.16, 32.37, 13.29
7.13, 4, white car, 700.18, 498.38, 729.34, 510.33, 714.76, 504.36, 700.18, 504.36, 729.34, 504.36, 29.16, 11.96
7.17, 20, black car, 17.11, 424.53, 49.39, 437.79, 33.25, 431.16, 17.11, 431.16, 49.39, 431.16, 32.28, 13.26
7.17, 4, white car, 697.81, 498.34, 727.33, 510.47, 712.57, 504.40, 697.81, 504.40, 727.33, 504.40, 29.52, 12.13
7.20, 20, black car, 17.04, 424.58, 49.23, 437.81, 33.14, 431.19, 17.04, 431.19, 49.23, 431.19, 32.20, 13.23
7.20, 4, white car, 696.00, 498.15, 725.58, 510.31, 710.79, 504.23, 696.00, 504.23, 725.58, 504.23, 29.58, 12.17
7.23, 20, black car, 16.93, 424.58, 49.12, 437.81, 33.02, 431.19, 16.93, 431.19, 49.12, 431.19, 32.18, 13.23
7.23, 4, white car, 694.00, 497.98, 723.26, 510.03, 708.63, 504.01, 694.00, 504.01, 723.26, 504.01, 29.26, 12.05
7.27, 20, black car, 16.87, 424.60, 49.02, 437.83, 32.95, 431.22, 16.87, 431.22, 49.02, 431.22, 32.15, 13.22
7.27, 4, white car, 692.36, 497.75, 721.31, 509.63, 706.83, 503.69, 692.36, 503.69, 721.31, 503.69, 28.96, 11.88
7.30, 20, black car, 16.82, 424.68, 48.88, 437.88, 32.85, 431.28, 16.82, 431.28, 48.88, 431.28, 32.05, 13.20
7.30, 4, white car, 690.39, 497.45, 719.68, 509.43, 705.03, 503.44, 690.39, 503.44, 719.68, 503.44, 29.29, 11.99
7.33, 20, black car, 16.92, 424.72, 48.86, 437.88, 32.89, 431.30, 16.92, 431.30, 48.86, 431.30, 31.94, 13.16
7.33, 4, white car, 688.34, 497.17, 717.43, 509.10, 702.88, 503.13, 688.34, 503.13, 717.43, 503.13, 29.09, 11.93
7.37, 20, black car, 16.90, 424.82, 48.74, 437.94, 32.82, 431.38, 16.90, 431.38, 48.74, 431.38, 31.84, 13.12
7.37, 4, white car, 686.47, 497.09, 715.22, 508.86, 700.84, 502.98, 686.47, 502.98, 715.22, 502.98, 28.74, 11.78
7.40, 20, black car, 16.66, 424.79, 48.70, 438.01, 32.68, 431.40, 16.66, 431.40, 48.70, 431.40, 32.04, 13.22
7.40, 4, white car, 684.69, 496.98, 713.40, 508.75, 699.05, 502.87, 684.69, 502.87, 713.40, 502.87, 28.71, 11.77
7.43, 20, black car, 16.53, 424.75, 48.67, 438.03, 32.60, 431.39, 16.53, 431.39, 48.67, 431.39, 32.15, 13.28
7.43, 4, white car, 682.85, 496.85, 711.46, 508.57, 697.16, 502.71, 682.85, 502.71, 711.46, 502.71, 28.61, 11.72
7.47, 20, black car, 16.29, 424.72, 48.48, 438.04, 32.39, 431.38, 16.29, 431.38, 48.48, 431.38, 32.19, 13.32
7.47, 4, white car, 680.67, 496.72, 709.33, 508.45, 695.00, 502.59, 680.67, 502.59, 709.33, 502.59, 28.65, 11.73
7.50, 20, black car, 16.20, 424.72, 48.34, 438.05, 32.27, 431.39, 16.20, 431.39, 48.34, 431.39, 32.14, 13.33
7.50, 4, white car, 678.88, 496.65, 707.45, 508.33, 693.17, 502.49, 678.88, 502.49, 707.45, 502.49, 28.57, 11.68
7.53, 20, black car, 16.27, 424.65, 48.53, 438.04, 32.40, 431.34, 16.27, 431.34, 48.53, 431.34, 32.26, 13.40
7.53, 4, white car, 676.95, 496.43, 705.49, 508.09, 691.22, 502.26, 676.95, 502.26, 705.49, 502.26, 28.54, 11.66
7.57, 20, black car, 16.37, 424.53, 48.77, 438.00, 32.57, 431.26, 16.37, 431.26, 48.77, 431.26, 32.40, 13.48
7.57, 4, white car, 675.34, 496.21, 703.65, 507.76, 689.50, 501.98, 675.34, 501.98, 703.65, 501.98, 28.31, 11.55
7.60, 20, black car, 16.35, 424.52, 48.75, 438.02, 32.55, 431.27, 16.35, 431.27, 48.75, 431.27, 32.40, 13.50
7.60, 4, white car, 673.41, 496.08, 701.73, 507.62, 687.57, 501.85, 673.41, 501.85, 701.73, 501.85, 28.32, 11.54
7.63, 20, black car, 16.27, 424.53, 48.64, 438.04, 32.46, 431.29, 16.27, 431.29, 48.64, 431.29, 32.37, 13.51
7.63, 4, white car, 671.54, 495.98, 699.92, 507.51, 685.73, 501.74, 671.54, 501.74, 699.92, 501.74, 28.38, 11.53
7.67, 20, black car, 16.20, 424.52, 48.48, 438.03, 32.34, 431.28, 16.20, 431.28, 48.48, 431.28, 32.28, 13.51
7.67, 4, white car, 669.66, 495.86, 698.00, 507.36, 683.83, 501.61, 669.66, 501.61, 698.00, 501.61, 28.34, 11.50
7.70, 20, black car, 16.29, 424.51, 48.40, 437.99, 32.34, 431.25, 16.29, 431.25, 48.40, 431.25, 32.11, 13.47
7.70, 4, white car, 667.86, 495.74, 696.16, 507.20, 682.01, 501.47, 667.86, 501.47, 696.16, 501.47, 28.29, 11.46
7.73, 20, black car, 16.25, 424.48, 48.39, 438.00, 32.32, 431.24, 16.25, 431.24, 48.39, 431.24, 32.13, 13.53
7.73, 4, white car, 665.95, 495.43, 694.51, 506.99, 680.23, 501.21, 665.95, 501.21, 694.51, 501.21, 28.56, 11.56
7.77, 20, black car, 16.30, 424.40, 48.42, 437.96, 32.36, 431.18, 16.30, 431.18, 48.42, 431.18, 32.12, 13.56
7.77, 4, white car, 664.11, 495.24, 692.97, 506.89, 678.54, 501.07, 664.11, 501.07, 692.97, 501.07, 28.87, 11.65
7.80, 20, black car, 16.11, 424.31, 48.30, 437.94, 32.20, 431.12, 16.11, 431.12, 48.30, 431.12, 32.19, 13.63
7.80, 4, white car, 662.23, 494.95, 690.96, 506.53, 676.59, 500.74, 662.23, 500.74, 690.96, 500.74, 28.73, 11.57
7.83, 20, black car, 16.00, 424.33, 48.18, 437.99, 32.09, 431.16, 16.00, 431.16, 48.18, 431.16, 32.18, 13.67
7.83, 4, white car, 660.41, 494.83, 689.29, 506.44, 674.85, 500.63, 660.41, 500.63, 689.29, 500.63, 28.89, 11.61
7.87, 20, black car, 15.87, 424.36, 48.00, 438.04, 31.93, 431.20, 15.87, 431.20, 48.00, 431.20, 32.12, 13.68
7.87, 4, white car, 658.32, 494.55, 687.20, 506.11, 672.76, 500.33, 658.32, 500.33, 687.20, 500.33, 28.88, 11.55
7.90, 20, black car, 15.86, 424.38, 47.80, 438.02, 31.83, 431.20, 15.86, 431.20, 47.80, 431.20, 31.94, 13.63
7.90, 4, white car, 656.13, 494.42, 685.56, 506.20, 670.85, 500.31, 656.13, 500.31, 685.56, 500.31, 29.43, 11.78
7.93, 20, black car, 15.82, 424.28, 47.80, 437.95, 31.81, 431.12, 15.82, 431.12, 47.80, 431.12, 31.98, 13.68
7.93, 4, white car, 654.49, 494.36, 683.90, 506.12, 669.20, 500.24, 654.49, 500.24, 683.90, 500.24, 29.41, 11.76
7.97, 20, black car, 15.77, 424.20, 47.81, 437.94, 31.79, 431.07, 15.77, 431.07, 47.81, 431.07, 32.04, 13.74
7.97, 4, white car, 652.60, 494.09, 682.20, 505.93, 667.40, 500.01, 652.60, 500.01, 682.20, 500.01, 29.60, 11.84
8.00, 20, black car, 15.84, 424.17, 47.83, 437.91, 31.84, 431.04, 15.84, 431.04, 47.83, 431.04, 32.00, 13.74
8.00, 4, white car, 650.56, 493.88, 679.90, 505.61, 665.23, 499.75, 650.56, 499.75, 679.90, 499.75, 29.34, 11.73
8.03, 20, black car, 15.78, 424.21, 47.81, 438.00, 31.80, 431.11, 15.78, 431.11, 47.81, 431.11, 32.03, 13.79
8.03, 4, white car, 648.25, 493.76, 677.44, 505.44, 662.84, 499.60, 648.25, 499.60, 677.44, 499.60, 29.19, 11.68
8.07, 20, black car, 15.52, 424.20, 47.52, 438.01, 31.52, 431.10, 15.52, 431.10, 47.52, 431.10, 32.00, 13.81
8.07, 4, white car, 646.42, 493.61, 675.32, 505.19, 660.87, 499.40, 646.42, 499.40, 675.32, 499.40, 28.89, 11.58
8.10, 20, black car, 15.56, 424.24, 47.37, 437.99, 31.46, 431.11, 15.56, 431.11, 47.37, 431.11, 31.82, 13.75
8.10, 4, white car, 644.49, 493.46, 673.33, 505.03, 658.91, 499.24, 644.49, 499.24, 673.33, 499.24, 28.84, 11.57
8.13, 20, black car, 15.53, 424.23, 47.24, 437.95, 31.39, 431.09, 15.53, 431.09, 47.24, 431.09, 31.70, 13.72
8.13, 4, white car, 642.61, 493.25, 671.65, 504.90, 657.13, 499.08, 642.61, 499.08, 671.65, 499.08, 29.05, 11.65
8.17, 20, black car, 15.49, 424.21, 47.09, 437.90, 31.29, 431.05, 15.49, 431.05, 47.09, 431.05, 31.61, 13.69
8.17, 4, white car, 640.75, 493.06, 670.01, 504.80, 655.38, 498.93, 640.75, 498.93, 670.01, 498.93, 29.26, 11.74
8.20, 20, black car, 15.47, 424.22, 46.94, 437.86, 31.20, 431.04, 15.47, 431.04, 46.94, 431.04, 31.47, 13.64
8.20, 4, white car, 638.88, 492.81, 668.28, 504.61, 653.58, 498.71, 638.88, 498.71, 668.28, 498.71, 29.40, 11.81
8.23, 20, black car, 15.55, 424.24, 46.91, 437.84, 31.23, 431.04, 15.55, 431.04, 46.91, 431.04, 31.36, 13.60
8.23, 4, white car, 636.90, 492.48, 666.48, 504.36, 651.69, 498.42, 636.90, 498.42, 666.48, 498.42, 29.58, 11.88
8.27, 20, black car, 15.75, 424.30, 47.01, 437.86, 31.38, 431.08, 15.75, 431.08, 47.01, 431.08, 31.26, 13.57
8.27, 4, white car, 635.32, 492.14, 664.99, 504.08, 650.15, 498.11, 635.32, 498.11, 664.99, 498.11, 29.67, 11.93
8.30, 20, black car, 15.85, 424.27, 46.88, 437.74, 31.36, 431.00, 15.85, 431.00, 46.88, 431.00, 31.03, 13.47
8.30, 4, white car, 633.88, 492.01, 662.93, 503.71, 648.41, 497.86, 633.88, 497.86, 662.93, 497.86, 29.05, 11.69
8.33, 20, black car, 15.90, 424.29, 46.73, 437.68, 31.32, 430.99, 15.90, 430.99, 46.73, 430.99, 30.83, 13.39
8.33, 4, white car, 632.53, 491.91, 661.30, 503.49, 646.92, 497.70, 632.53, 497.70, 661.30, 497.70, 28.77, 11.58
8.37, 20, black car, 15.90, 424.32, 46.68, 437.69, 31.29, 431.01, 15.90, 431.01, 46.68, 431.01, 30.78, 13.36
8.37, 4, white car, 630.61, 491.83, 658.96, 503.23, 644.79, 497.53, 630.61, 497.53, 658.96, 497.53, 28.35, 11.40
8.40, 20, black car, 15.97, 424.32, 46.61, 437.60, 31.29, 430.96, 15.97, 430.96, 46.61, 430.96, 30.63, 13.28
8.40, 4, white car, 628.54, 491.62, 656.99, 503.03, 642.76, 497.33, 628.54, 497.33, 656.99, 497.33, 28.45, 11.41
8.43, 20, black car, 16.03, 424.19, 46.65, 437.45, 31.34, 430.82, 16.03, 430.82, 46.65, 430.82, 30.63, 13.25
8.43, 4, white car, 626.94, 491.57, 655.28, 502.89, 641.11, 497.23, 626.94, 497.23, 655.28, 497.23, 28.34, 11.32
8.47, 20, black car, 16.09, 424.14, 46.72, 437.38, 31.40, 430.76, 16.09, 430.76, 46.72, 430.76, 30.63, 13.23
8.47, 4, white car, 625.13, 491.57, 653.81, 502.97, 639.47, 497.27, 625.13, 497.27, 653.81, 497.27, 28.68, 11.40
8.50, 20, black car, 16.13, 424.16, 46.77, 437.37, 31.45, 430.76, 16.13, 430.76, 46.77, 430.76, 30.64, 13.21
8.50, 4, white car, 623.40, 491.43, 652.30, 502.87, 637.85, 497.15, 623.40, 497.15, 652.30, 497.15, 28.89, 11.44
8.53, 20, black car, 16.18, 424.10, 46.89, 437.33, 31.53, 430.71, 16.18, 430.71, 46.89, 430.71, 30.71, 13.22
8.53, 4, white car, 621.41, 491.24, 650.38, 502.68, 635.90, 496.96, 621.41, 496.96, 650.38, 496.96, 28.97, 11.43
8.57, 20, black car, 16.23, 424.08, 46.95, 437.29, 31.59, 430.69, 16.23, 430.69, 46.95, 430.69, 30.72, 13.21
8.57, 4, white car, 619.76, 491.09, 648.50, 502.41, 634.13, 496.75, 619.76, 496.75, 648.50, 496.75, 28.74, 11.32
8.60, 20, black car, 16.19, 424.09, 46.95, 437.31, 31.57, 430.70, 16.19, 430.70, 46.95, 430.70, 30.77, 13.22
8.60, 4, white car, 617.86, 491.12, 645.87, 502.17, 631.86, 496.65, 617.86, 496.65, 645.87, 496.65, 28.00, 11.05
8.63, 20, black car, 15.99, 424.04, 46.94, 437.35, 31.46, 430.69, 15.99, 430.69, 46.94, 430.69, 30.95, 13.31
8.63, 4, white car, 616.11, 490.98, 644.07, 502.03, 630.09, 496.50, 616.11, 496.50, 644.07, 496.50, 27.96, 11.05
8.67, 20, black car, 15.88, 424.00, 46.94, 437.37, 31.41, 430.69, 15.88, 430.69, 46.94, 430.69, 31.06, 13.37
8.67, 4, white car, 614.11, 490.74, 642.09, 501.79, 628.10, 496.27, 614.11, 496.27, 642.09, 496.27, 27.99, 11.05
8.70, 20, black car, 15.99, 423.99, 47.04, 437.35, 31.51, 430.67, 15.99, 430.67, 47.04, 430.67, 31.05, 13.37
8.70, 4, white car, 612.11, 490.51, 639.99, 501.48, 626.05, 496.00, 612.11, 496.00, 639.99, 496.00, 27.88, 10.97
8.70, 43, white car, 1413.09, 530.91, 1443.88, 543.33, 1428.48, 537.12, 1413.09, 537.12, 1443.88, 537.12, 30.79, 12.42
8.73, 20, black car, 16.05, 424.04, 47.05, 437.39, 31.55, 430.71, 16.05, 430.71, 47.05, 430.71, 31.01, 13.35
8.73, 4, white car, 609.73, 490.38, 637.61, 501.32, 623.67, 495.85, 609.73, 495.85, 637.61, 495.85, 27.89, 10.94
8.73, 43, white car, 1410.29, 530.61, 1441.44, 543.20, 1425.86, 536.91, 1410.29, 536.91, 1441.44, 536.91, 31.15, 12.58
8.77, 20, black car, 16.19, 423.97, 47.09, 437.27, 31.64, 430.62, 16.19, 430.62, 47.09, 430.62, 30.90, 13.30
8.77, 4, white car, 607.92, 490.23, 636.31, 501.36, 622.12, 495.79, 607.92, 495.79, 636.31, 495.79, 28.39, 11.12
8.77, 43, white car, 1407.96, 530.80, 1438.88, 543.28, 1423.42, 537.04, 1407.96, 537.04, 1438.88, 537.04, 30.91, 12.48
8.80, 20, black car, 16.36, 424.03, 46.99, 437.20, 31.68, 430.61, 16.36, 430.61, 46.99, 430.61, 30.63, 13.18
8.80, 4, white car, 606.03, 489.95, 635.47, 501.51, 620.75, 495.73, 606.03, 495.73, 635.47, 495.73, 29.44, 11.56
8.80, 43, white car, 1405.38, 530.98, 1436.35, 543.49, 1420.86, 537.23, 1405.38, 537.23, 1436.35, 537.23, 30.97, 12.52
8.83, 20, black car, 16.64, 423.96, 47.37, 437.15, 32.01, 430.55, 16.64, 430.55, 47.37, 430.55, 30.72, 13.19
8.83, 4, white car, 604.72, 489.84, 633.36, 501.08, 619.04, 495.46, 604.72, 495.46, 633.36, 495.46, 28.64, 11.24
8.83, 43, white car, 1402.71, 530.86, 1433.82, 543.46, 1418.26, 537.16, 1402.71, 537.16, 1433.82, 537.16, 31.12, 12.59
8.87, 20, black car, 16.86, 424.09, 47.31, 437.12, 32.09, 430.60, 16.86, 430.60, 47.31, 430.60, 30.45, 13.03
8.87, 4, white car, 602.77, 489.53, 631.30, 500.74, 617.04, 495.14, 602.77, 495.14, 631.30, 495.14, 28.53, 11.21
8.87, 43, white car, 1400.62, 530.88, 1431.75, 543.47, 1416.19, 537.18, 1400.62, 537.18, 1431.75, 537.18, 31.12, 12.58
8.90, 20, black car, 17.08, 424.24, 47.09, 437.03, 32.09, 430.64, 17.08, 430.64, 47.09, 430.64, 30.02, 12.79
8.90, 4, white car, 601.03, 489.27, 629.56, 500.47, 615.30, 494.87, 601.03, 494.87, 629.56, 494.87, 28.54, 11.20
8.90, 43, white car, 1398.37, 530.48, 1429.81, 543.19, 1414.09, 536.83, 1398.37, 536.83, 1429.81, 536.83, 31.44, 12.71
8.93, 20, black car, 17.31, 424.40, 46.93, 436.96, 32.12, 430.68, 17.31, 430.68, 46.93, 430.68, 29.62, 12.56
8.93, 4, white car, 599.18, 489.18, 627.59, 500.35, 613.38, 494.77, 599.18, 494.77, 627.59, 494.77, 28.41, 11.17
8.93, 43, white car, 1395.80, 530.71, 1426.96, 543.30, 1411.38, 537.00, 1395.80, 537.00, 1426.96, 537.00, 31.15, 12.59
8.97, 20, black car, 17.27, 424.37, 47.04, 436.96, 32.15, 430.67, 17.27, 430.67, 47.04, 430.67, 29.77, 12.59
8.97, 4, white car, 597.53, 489.07, 625.59, 500.11, 611.56, 494.59, 597.53, 494.59, 625.59, 494.59, 28.06, 11.04
8.97, 43, white car, 1393.10, 530.61, 1424.63, 543.39, 1408.86, 537.00, 1393.10, 537.00, 1424.63, 537.00, 31.53, 12.79
9.00, 20, black car, 17.30, 424.32, 47.32, 436.99, 32.31, 430.66, 17.30, 430.66, 47.32, 430.66, 30.02, 12.66
9.00, 4, white car, 595.61, 488.74, 623.92, 499.88, 609.77, 494.31, 595.61, 494.31, 623.92, 494.31, 28.31, 11.14
9.00, 43, white car, 1390.57, 530.49, 1421.82, 543.19, 1406.20, 536.84, 1390.57, 536.84, 1421.82, 536.84, 31.24, 12.70
9.03, 20, black car, 17.20, 424.12, 47.72, 436.97, 32.46, 430.54, 17.20, 430.54, 47.72, 430.54, 30.52, 12.85
9.03, 4, white car, 593.74, 488.39, 622.40, 499.67, 608.07, 494.03, 593.74, 494.03, 622.40, 494.03, 28.66, 11.28
9.03, 43, white car, 1388.06, 530.42, 1419.14, 543.08, 1403.60, 536.75, 1388.06, 536.75, 1419.14, 536.75, 31.08, 12.66
9.07, 20, black car, 17.03, 424.00, 47.89, 436.99, 32.46, 430.50, 17.03, 430.50, 47.89, 430.50, 30.87, 12.99
9.07, 4, white car, 591.66, 488.11, 620.47, 499.51, 606.06, 493.81, 591.66, 493.81, 620.47, 493.81, 28.81, 11.39
9.07, 43, white car, 1385.94, 530.37, 1416.65, 542.86, 1401.29, 536.61, 1385.94, 536.61, 1416.65, 536.61, 30.71, 12.50
9.10, 20, black car, 16.89, 423.97, 47.78, 436.97, 32.33, 430.47, 16.89, 430.47, 47.78, 430.47, 30.89, 13.01
9.10, 4, white car, 590.14, 488.04, 618.78, 499.39, 604.46, 493.72, 590.14, 493.72, 618.78, 493.72, 28.64, 11.36
9.10, 43, white car, 1383.38, 530.38, 1413.95, 542.83, 1398.66, 536.60, 1383.38, 536.60, 1413.95, 536.60, 30.57, 12.45
9.13, 20, black car, 16.86, 423.94, 47.91, 437.02, 32.38, 430.48, 16.86, 430.48, 47.91, 430.48, 31.05, 13.08
9.13, 4, white car, 587.91, 487.62, 617.06, 499.23, 602.49, 493.43, 587.91, 493.43, 617.06, 493.43, 29.16, 11.61
9.13, 43, white car, 1380.91, 530.26, 1411.54, 542.75, 1396.22, 536.50, 1380.91, 536.50, 1411.54, 536.50, 30.63, 12.49
9.17, 20, black car, 17.07, 423.92, 47.76, 436.83, 32.42, 430.38, 17.07, 430.38, 47.76, 430.38, 30.69, 12.91
9.17, 4, white car, 586.08, 487.32, 615.55, 499.10, 600.81, 493.21, 586.08, 493.21, 615.55, 493.21, 29.47, 11.78
9.17, 43, white car, 1378.65, 530.40, 1408.85, 542.68, 1393.75, 536.54, 1378.65, 536.54, 1408.85, 536.54, 30.20, 12.28
9.20, 20, black car, 17.07, 423.91, 47.64, 436.75, 32.35, 430.33, 17.07, 430.33, 47.64, 430.33, 30.57, 12.84
9.20, 4, white car, 584.36, 487.07, 613.96, 498.93, 599.16, 493.00, 584.36, 493.00, 613.96, 493.00, 29.60, 11.86
9.20, 43, white car, 1375.54, 530.29, 1405.98, 542.67, 1390.76, 536.48, 1375.54, 536.48, 1405.98, 536.48, 30.44, 12.38
9.23, 20, black car, 16.89, 423.96, 47.54, 436.82, 32.21, 430.39, 16.89, 430.39, 47.54, 430.39, 30.65, 12.86
9.23, 4, white car, 582.93, 487.11, 612.19, 498.84, 597.56, 492.97, 582.93, 492.97, 612.19, 492.97, 29.26, 11.73
9.23, 43, white car, 1373.62, 530.41, 1403.10, 542.32, 1388.36, 536.36, 1373.62, 536.36, 1403.10, 536.36, 29.49, 11.91
9.27, 20, black car, 17.29, 424.14, 47.03, 436.55, 32.16, 430.35, 17.29, 430.35, 47.03, 430.35, 29.74, 12.42
9.27, 4, white car, 581.20, 486.91, 610.25, 498.56, 595.73, 492.73, 581.20, 492.73, 610.25, 492.73, 29.05, 11.65
9.27, 43, white car, 1371.28, 530.27, 1400.42, 541.98, 1385.85, 536.12, 1371.28, 536.12, 1400.42, 536.12, 29.13, 11.71
9.30, 20, black car, 17.34, 424.12, 46.88, 436.40, 32.11, 430.26, 17.34, 430.26, 46.88, 430.26, 29.54, 12.28
9.30, 4, white car, 579.37, 486.73, 607.81, 498.13, 593.59, 492.43, 579.37, 492.43, 607.81, 492.43, 28.44, 11.40
9.30, 43, white car, 1368.50, 530.12, 1398.50, 542.17, 1383.50, 536.15, 1368.50, 536.15, 1398.50, 536.15, 30.00, 12.05
9.33, 20, black car, 17.13, 424.07, 46.90, 436.39, 32.02, 430.23, 17.13, 430.23, 46.90, 430.23, 29.77, 12.33
9.33, 4, white car, 577.70, 486.51, 605.47, 497.63, 591.58, 492.07, 577.70, 492.07, 605.47, 492.07, 27.76, 11.12
9.33, 43, white car, 1365.82, 530.18, 1395.98, 542.29, 1380.90, 536.23, 1365.82, 536.23, 1395.98, 536.23, 30.17, 12.11
9.37, 20, black car, 17.06, 424.09, 47.00, 436.45, 32.03, 430.27, 17.06, 430.27, 47.00, 430.27, 29.94, 12.36
9.37, 4, white car, 575.97, 486.24, 604.05, 497.51, 590.01, 491.87, 575.97, 491.87, 604.05, 491.87, 28.08, 11.26
9.37, 43, white car, 1363.14, 530.08, 1393.76, 542.38, 1378.45, 536.23, 1363.14, 536.23, 1393.76, 536.23, 30.62, 12.30
9.40, 20, black car, 17.11, 424.10, 46.99, 436.39, 32.05, 430.25, 17.11, 430.25, 46.99, 430.25, 29.88, 12.29
9.40, 4, white car, 573.76, 485.95, 602.47, 497.48, 588.12, 491.72, 573.76, 491.72, 602.47, 491.72, 28.70, 11.53
9.40, 43, white car, 1360.41, 529.86, 1391.58, 542.40, 1375.99, 536.13, 1360.41, 536.13, 1391.58, 536.13, 31.16, 12.53
9.43, 20, black car, 17.39, 424.22, 46.97, 436.35, 32.18, 430.29, 17.39, 430.29, 46.97, 430.29, 29.58, 12.13
9.43, 4, white car, 571.61, 485.57, 600.96, 497.40, 586.28, 491.48, 571.61, 491.48, 600.96, 491.48, 29.35, 11.83
9.43, 43, white car, 1357.65, 529.91, 1389.04, 542.56, 1373.35, 536.24, 1357.65, 536.24, 1389.04, 536.24, 31.39, 12.65
9.47, 20, black car, 18.03, 424.23, 47.10, 436.14, 32.57, 430.19, 18.03, 430.19, 47.10, 430.19, 29.07, 11.91
9.47, 4, white car, 569.94, 485.39, 599.28, 497.26, 584.61, 491.32, 569.94, 491.32, 599.28, 491.32, 29.34, 11.86
9.47, 43, white car, 1355.34, 529.67, 1386.43, 542.21, 1370.89, 535.94, 1355.34, 535.94, 1386.43, 535.94, 31.09, 12.54
9.50, 20, black car, 18.28, 424.34, 47.08, 436.14, 32.68, 430.24, 18.28, 430.24, 47.08, 430.24, 28.80, 11.80
9.50, 4, white car, 568.40, 485.24, 597.91, 497.22, 583.16, 491.23, 568.40, 491.23, 597.91, 491.23, 29.50, 11.98
9.50, 43, white car, 1352.96, 529.82, 1383.81, 542.29, 1368.39, 536.05, 1352.96, 536.05, 1383.81, 536.05, 30.85, 12.47
9.53, 20, black car, 18.44, 424.48, 46.94, 436.15, 32.69, 430.31, 18.44, 430.31, 46.94, 430.31, 28.50, 11.66
9.53, 4, white car, 566.67, 485.21, 595.85, 497.10, 581.26, 491.15, 566.67, 491.15, 595.85, 491.15, 29.18, 11.89
9.53, 43, white car, 1350.57, 529.80, 1381.45, 542.31, 1366.01, 536.06, 1350.57, 536.06, 1381.45, 536.06, 30.88, 12.51
9.57, 20, black car, 18.59, 424.61, 47.25, 436.35, 32.92, 430.48, 18.59, 430.48, 47.25, 430.48, 28.65, 11.73
9.57, 4, white car, 564.86, 485.17, 593.66, 496.94, 579.26, 491.06, 564.86, 491.06, 593.66, 491.06, 28.80, 11.77
9.57, 43, white car, 1347.79, 529.47, 1379.10, 542.18, 1363.45, 535.83, 1347.79, 535.83, 1379.10, 535.83, 31.30, 12.71
9.60, 20, black car, 18.72, 424.61, 47.54, 436.41, 33.13, 430.51, 18.72, 430.51, 47.54, 430.51, 28.82, 11.81
9.60, 4, white car, 563.11, 484.98, 591.73, 496.70, 577.42, 490.84, 563.11, 490.84, 591.73, 490.84, 28.62, 11.73
9.60, 43, white car, 1345.34, 529.46, 1376.39, 542.09, 1360.86, 535.77, 1345.34, 535.77, 1376.39, 535.77, 31.05, 12.63
9.63, 20, black car, 18.92, 424.50, 47.91, 436.40, 33.42, 430.45, 18.92, 430.45, 47.91, 430.45, 28.99, 11.90
9.63, 4, white car, 561.47, 484.67, 590.29, 496.50, 575.88, 490.58, 561.47, 490.58, 590.29, 490.58, 28.82, 11.83
9.63, 43, white car, 1342.90, 529.20, 1373.84, 541.80, 1358.37, 535.50, 1342.90, 535.50, 1373.84, 535.50, 30.94, 12.60
9.67, 20, black car, 18.59, 424.41, 48.15, 436.59, 33.37, 430.50, 18.59, 430.50, 48.15, 430.50, 29.57, 12.18
9.67, 4, white car, 559.49, 484.53, 588.30, 496.38, 573.89, 490.45, 559.49, 490.45, 588.30, 490.45, 28.80, 11.85
9.67, 43, white car, 1340.53, 528.99, 1371.33, 541.53, 1355.93, 535.26, 1340.53, 535.26, 1371.33, 535.26, 30.80, 12.54
9.70, 20, black car, 18.17, 424.20, 48.41, 436.71, 33.29, 430.46, 18.17, 430.46, 48.41, 430.46, 30.24, 12.51
9.70, 4, white car, 557.73, 484.39, 586.67, 496.31, 572.20, 490.35, 557.73, 490.35, 586.67, 490.35, 28.93, 11.92
9.70, 43, white car, 1338.07, 529.09, 1368.72, 541.59, 1353.40, 535.34, 1338.07, 535.34, 1368.72, 535.34, 30.65, 12.50
9.73, 20, black car, 18.05, 424.12, 48.44, 436.71, 33.25, 430.41, 18.05, 430.41, 48.44, 430.41, 30.39, 12.60
9.73, 4, white car, 556.27, 484.24, 585.43, 496.23, 570.85, 490.23, 556.27, 490.23, 585.43, 490.23, 29.16, 11.99
9.73, 43, white car, 1335.45, 529.09, 1366.02, 541.54, 1350.74, 535.31, 1335.45, 535.31, 1366.02, 535.31, 30.57, 12.45
9.77, 20, black car, 17.74, 423.98, 48.53, 436.76, 33.13, 430.37, 17.74, 430.37, 48.53, 430.37, 30.78, 12.78
9.77, 4, white car, 554.74, 484.08, 584.01, 496.10, 569.38, 490.09, 554.74, 490.09, 584.01, 490.09, 29.27, 12.03
9.77, 43, white car, 1332.47, 528.60, 1363.98, 541.45, 1348.22, 535.03, 1332.47, 535.03, 1363.98, 535.03, 31.51, 12.85
9.80, 20, black car, 17.38, 423.89, 48.23, 436.74, 32.81, 430.31, 17.38, 430.31, 48.23, 430.31, 30.86, 12.85
9.80, 4, white car, 553.05, 483.93, 582.00, 495.81, 567.52, 489.87, 553.05, 489.87, 582.00, 489.87, 28.95, 11.88
9.80, 43, white car, 1330.18, 528.39, 1361.80, 541.29, 1345.99, 534.84, 1330.18, 534.84, 1361.80, 534.84, 31.62, 12.91
9.83, 20, black car, 17.28, 423.75, 48.29, 436.71, 32.79, 430.23, 17.28, 430.23, 48.29, 430.23, 31.01, 12.95
9.83, 4, white car, 551.32, 483.80, 579.97, 495.55, 565.65, 489.67, 551.32, 489.67, 579.97, 489.67, 28.65, 11.74
9.83, 43, white car, 1327.68, 528.33, 1358.95, 541.07, 1343.32, 534.70, 1327.68, 534.70, 1358.95, 534.70, 31.27, 12.75
9.87, 20, black car, 17.02, 423.58, 48.54, 436.79, 32.78, 430.19, 17.02, 430.19, 48.54, 430.19, 31.52, 13.21
9.87, 4, white car, 549.47, 483.42, 577.78, 495.00, 563.62, 489.21, 549.47, 489.21, 577.78, 489.21, 28.31, 11.58
9.87, 43, white car, 1325.54, 528.42, 1356.22, 540.90, 1340.88, 534.66, 1325.54, 534.66, 1356.22, 534.66, 30.67, 12.47
9.90, 20, black car, 17.33, 423.70, 48.66, 436.88, 32.99, 430.29, 17.33, 430.29, 48.66, 430.29, 31.34, 13.18
9.90, 4, white car, 547.46, 483.19, 575.62, 494.70, 561.54, 488.94, 547.46, 488.94, 575.62, 488.94, 28.17, 11.50
9.90, 43, white car, 1323.07, 528.44, 1353.82, 540.94, 1338.45, 534.69, 1323.07, 534.69, 1353.82, 534.69, 30.75, 12.49
9.93, 20, black car, 17.66, 423.78, 48.66, 436.88, 33.16, 430.33, 17.66, 430.33, 48.66, 430.33, 31.00, 13.10
9.93, 4, white car, 545.46, 482.91, 573.76, 494.44, 559.61, 488.68, 545.46, 488.68, 573.76, 488.68, 28.30, 11.53
9.93, 43, white car, 1320.12, 528.30, 1351.18, 540.89, 1335.65, 534.60, 1320.12, 534.60, 1351.18, 534.60, 31.06, 12.59
9.97, 20, black car, 18.03, 423.85, 48.81, 436.89, 33.42, 430.37, 18.03, 430.37, 48.81, 430.37, 30.78, 13.04
9.97, 4, white car, 543.70, 482.61, 572.12, 494.19, 557.91, 488.40, 543.70, 488.40, 572.12, 488.40, 28.42, 11.58
