0.00, 16, black car, 191.64, 516.83, 219.23, 529.11, 205.43, 522.97, 191.64, 522.97, 219.23, 522.97, 27.59, 12.29
0.00, 37, white car, 15.40, 510.19, 41.70, 522.02, 28.55, 516.11, 15.40, 516.11, 41.70, 516.11, 26.30, 11.84
0.03, 16, black car, 191.15, 516.95, 218.54, 529.14, 204.85, 523.05, 191.15, 523.05, 218.54, 523.05, 27.39, 12.20
0.03, 37, white car, 15.65, 510.20, 41.86, 522.00, 28.76, 516.10, 15.65, 516.10, 41.86, 516.10, 26.21, 11.80
0.07, 16, black car, 189.16, 516.46, 217.48, 529.09, 203.32, 522.77, 189.16, 522.77, 217.48, 522.77, 28.31, 12.62
0.07, 37, white car, 15.56, 510.26, 41.83, 522.09, 28.70, 516.17, 15.56, 516.17, 41.83, 516.17, 26.27, 11.83
0.10, 16, black car, 188.38, 516.45, 216.60, 529.06, 202.49, 522.75, 188.38, 522.75, 216.60, 522.75, 28.22, 12.61
0.10, 37, white car, 15.54, 510.28, 41.80, 522.11, 28.67, 516.20, 15.54, 516.20, 41.80, 516.20, 26.26, 11.83
0.13, 16, black car, 187.24, 516.57, 215.19, 529.07, 201.22, 522.82, 187.24, 522.82, 215.19, 522.82, 27.95, 12.49
0.13, 37, white car, 15.58, 510.27, 41.87, 522.11, 28.72, 516.19, 15.58, 516.19, 41.87, 516.19, 26.29, 11.84
0.17, 16, black car, 185.40, 516.39, 213.56, 528.95, 199.48, 522.67, 185.40, 522.67, 213.56, 522.67, 28.15, 12.56
0.17, 37, white car, 15.49, 510.25, 41.76, 522.09, 28.62, 516.17, 15.49, 516.17, 41.76, 516.17, 26.27, 11.84
0.20, 16, black car, 184.40, 516.57, 212.38, 529.04, 198.39, 522.81, 184.40, 522.81, 212.38, 522.81, 27.98, 12.47
0.20, 37, white car, 15.53, 510.22, 41.78, 522.04, 28.66, 516.13, 15.53, 516.13, 41.78, 516.13, 26.25, 11.83
0.23, 16, black car, 183.20, 516.36, 211.64, 529.03, 197.42, 522.70, 183.20, 522.70, 211.64, 522.70, 28.44, 12.67
0.23, 37, white car, 15.63, 510.19, 41.85, 522.00, 28.74, 516.10, 15.63, 516.10, 41.85, 516.10, 26.22, 11.82
0.27, 16, black car, 182.44, 516.62, 210.48, 529.12, 196.46, 522.87, 182.44, 522.87, 210.48, 522.87, 28.04, 12.50
0.27, 37, white car, 15.64, 510.25, 41.78, 522.04, 28.71, 516.15, 15.64, 516.15, 41.78, 516.15, 26.14, 11.79
0.30, 16, black car, 181.23, 516.81, 208.66, 529.05, 194.95, 522.93, 181.23, 522.93, 208.66, 522.93, 27.43, 12.25
0.30, 37, white car, 15.65, 510.28, 41.75, 522.04, 28.70, 516.16, 15.65, 516.16, 41.75, 516.16, 26.10, 11.77
0.33, 16, black car, 179.90, 516.65, 207.47, 528.99, 193.68, 522.82, 179.90, 522.82, 207.47, 522.82, 27.57, 12.35
0.33, 37, white car, 15.63, 510.27, 41.76, 522.06, 28.70, 516.17, 15.63, 516.17, 41.76, 516.17, 26.14, 11.79
0.37, 16, black car, 178.81, 516.82, 206.23, 529.14, 192.52, 522.98, 178.81, 522.98, 206.23, 522.98, 27.42, 12.32
0.37, 37, white car, 15.58, 510.29, 41.74, 522.09, 28.66, 516.19, 15.58, 516.19, 41.74, 516.19, 26.16, 11.81
0.40, 16, black car, 177.75, 516.70, 205.37, 529.18, 191.56, 522.94, 177.75, 522.94, 205.37, 522.94, 27.62, 12.47
0.40, 37, white car, 15.65, 510.30, 41.74, 522.08, 28.69, 516.19, 15.65, 516.19, 41.74, 516.19, 26.09, 11.78
0.43, 16, black car, 176.99, 516.57, 204.42, 529.03, 190.71, 522.80, 176.99, 522.80, 204.42, 522.80, 27.43, 12.46
0.43, 37, white car, 15.53, 510.27, 41.66, 522.07, 28.60, 516.17, 15.53, 516.17, 41.66, 516.17, 26.13, 11.80
0.43, 57, black car, 76.71, 512.55, 105.95, 525.80, 91.33, 519.18, 76.71, 519.18, 105.95, 519.18, 29.24, 13.25
0.47, 16, black car, 176.24, 516.61, 203.51, 529.05, 189.88, 522.83, 176.24, 522.83, 203.51, 522.83, 27.27, 12.45
0.47, 37, white car, 15.49, 510.24, 41.65, 522.05, 28.57, 516.14, 15.49, 516.14, 41.65, 516.14, 26.16, 11.81
0.47, 57, black car, 76.61, 512.55, 105.88, 525.81, 91.25, 519.18, 76.61, 519.18, 105.88, 519.18, 29.27, 13.26
0.50, 16, black car, 175.60, 516.34, 203.02, 528.94, 189.31, 522.64, 175.60, 522.64, 203.02, 522.64, 27.42, 12.61
0.50, 37, white car, 15.53, 510.23, 41.72, 522.06, 28.62, 516.14, 15.53, 516.14, 41.72, 516.14, 26.19, 11.83
0.50, 57, black car, 76.92, 512.60, 106.05, 525.80, 91.48, 519.20, 76.92, 519.20, 106.05, 519.20, 29.12, 13.20
0.53, 16, black car, 174.65, 516.09, 202.40, 528.95, 188.53, 522.52, 174.65, 522.52, 202.40, 522.52, 27.76, 12.85
0.53, 37, white car, 15.44, 510.20, 41.75, 522.09, 28.60, 516.15, 15.44, 516.15, 41.75, 516.15, 26.31, 11.89
0.53, 57, black car, 76.86, 512.63, 106.07, 525.87, 91.47, 519.25, 76.86, 519.25, 106.07, 519.25, 29.21, 13.24
0.57, 16, black car, 173.63, 516.10, 201.19, 528.90, 187.41, 522.50, 173.63, 522.50, 201.19, 522.50, 27.55, 12.81
0.57, 37, white car, 15.48, 510.20, 41.76, 522.08, 28.62, 516.14, 15.48, 516.14, 41.76, 516.14, 26.28, 11.88
0.57, 57, black car, 77.02, 512.66, 106.20, 525.90, 91.61, 519.28, 77.02, 519.28, 106.20, 519.28, 29.18, 13.24
0.60, 16, black car, 172.50, 515.71, 200.19, 528.59, 186.35, 522.15, 172.50, 522.15, 200.19, 522.15, 27.69, 12.89
0.60, 37, white car, 15.57, 510.18, 41.79, 522.04, 28.68, 516.11, 15.57, 516.11, 41.79, 516.11, 26.22, 11.86
0.60, 57, black car, 77.01, 512.62, 106.34, 525.92, 91.68, 519.27, 77.01, 519.27, 106.34, 519.27, 29.32, 13.30
0.63, 16, black car, 171.65, 515.64, 199.15, 528.45, 185.40, 522.04, 171.65, 522.04, 199.15, 522.04, 27.50, 12.81
0.63, 37, white car, 15.55, 510.18, 41.73, 522.02, 28.64, 516.10, 15.55, 516.10, 41.73, 516.10, 26.18, 11.84
0.63, 57, black car, 77.02, 512.58, 106.41, 525.92, 91.71, 519.25, 77.02, 519.25, 106.41, 519.25, 29.39, 13.34
0.67, 16, black car, 170.71, 515.57, 198.07, 528.31, 184.39, 521.94, 170.71, 521.94, 198.07, 521.94, 27.36, 12.74
0.67, 37, white car, 15.55, 510.18, 41.71, 522.02, 28.63, 516.10, 15.55, 516.10, 41.71, 516.10, 26.16, 11.84
0.67, 57, black car, 77.02, 512.57, 106.37, 525.89, 91.69, 519.23, 77.02, 519.23, 106.37, 519.23, 29.35, 13.32
0.70, 16, black car, 169.68, 515.76, 196.72, 528.36, 183.20, 522.06, 169.68, 522.06, 196.72, 522.06, 27.04, 12.59
0.70, 57, black car, 76.92, 512.57, 106.23, 525.88, 91.58, 519.23, 76.92, 519.23, 106.23, 519.23, 29.31, 13.31
0.73, 16, black car, 168.40, 515.76, 195.26, 528.29, 181.83, 522.02, 168.40, 522.02, 195.26, 522.02, 26.86, 12.53
0.73, 57, black car, 76.87, 512.56, 106.19, 525.87, 91.53, 519.22, 76.87, 519.22, 106.19, 519.22, 29.32, 13.32
0.73, 59, black car, 0.11, 507.81, 9.66, 520.84, 4.89, 514.33, 0.11, 514.33, 9.66, 514.33, 9.55, 13.03
0.73, 37, white car, 15.25, 510.14, 42.03, 522.29, 28.64, 516.21, 15.25, 516.21, 42.03, 516.21, 26.78, 12.15
0.77, 16, black car, 167.77, 515.85, 194.37, 528.29, 181.07, 522.07, 167.77, 522.07, 194.37, 522.07, 26.60, 12.45
0.77, 57, black car, 77.05, 512.58, 106.26, 525.85, 91.65, 519.21, 77.05, 519.21, 106.26, 519.21, 29.21, 13.27
0.77, 59, black car, 0.25, 508.05, 9.66, 520.87, 4.96, 514.46, 0.25, 514.46, 9.66, 514.46, 9.40, 12.82
0.77, 37, white car, 14.89, 510.39, 42.37, 522.93, 28.63, 516.66, 14.89, 516.66, 42.37, 516.66, 27.48, 12.53
0.80, 16, black car, 166.25, 515.77, 192.87, 528.26, 179.56, 522.01, 166.25, 522.01, 192.87, 522.01, 26.62, 12.49
0.80, 57, black car, 76.92, 512.54, 106.22, 525.85, 91.57, 519.19, 76.92, 519.19, 106.22, 519.19, 29.30, 13.31
0.80, 59, black car, 0.15, 507.84, 9.71, 520.88, 4.93, 514.36, 0.15, 514.36, 9.71, 514.36, 9.56, 13.04
0.80, 37, white car, 14.98, 510.15, 42.20, 522.59, 28.59, 516.37, 14.98, 516.37, 42.20, 516.37, 27.22, 12.44
0.83, 16, black car, 165.03, 515.54, 191.99, 528.19, 178.51, 521.87, 165.03, 521.87, 191.99, 521.87, 26.96, 12.66
0.83, 57, black car, 76.86, 512.55, 106.17, 525.86, 91.51, 519.21, 76.86, 519.21, 106.17, 519.21, 29.31, 13.31
0.83, 59, black car, 0.21, 508.02, 9.66, 520.88, 4.93, 514.45, 0.21, 514.45, 9.66, 514.45, 9.44, 12.86
0.83, 37, white car, 14.83, 510.45, 42.31, 523.07, 28.57, 516.76, 14.83, 516.76, 42.31, 516.76, 27.48, 12.62
0.87, 16, black car, 163.66, 515.42, 191.14, 528.33, 177.40, 521.88, 163.66, 521.88, 191.14, 521.88, 27.49, 12.91
0.87, 57, black car, 77.08, 512.60, 106.27, 525.86, 91.67, 519.23, 77.08, 519.23, 106.27, 519.23, 29.19, 13.26
0.87, 59, black car, 0.23, 508.01, 9.73, 520.94, 4.98, 514.47, 0.23, 514.47, 9.73, 514.47, 9.50, 12.93
0.90, 16, black car, 162.63, 515.31, 190.17, 528.24, 176.40, 521.77, 162.63, 521.77, 190.17, 521.77, 27.54, 12.93
0.90, 57, black car, 76.91, 512.55, 106.23, 525.87, 91.57, 519.21, 76.91, 519.21, 106.23, 519.21, 29.31, 13.32
0.90, 59, black car, 0.12, 507.75, 9.78, 520.90, 4.95, 514.32, 0.12, 514.32, 9.78, 514.32, 9.66, 13.15
0.93, 16, black car, 161.37, 515.30, 188.91, 528.23, 175.14, 521.77, 161.37, 521.77, 188.91, 521.77, 27.54, 12.93
0.93, 57, black car, 77.03, 512.55, 106.24, 525.83, 91.63, 519.19, 77.03, 519.19, 106.24, 519.19, 29.21, 13.27
0.93, 59, black car, 0.11, 507.76, 9.76, 520.90, 4.93, 514.33, 0.11, 514.33, 9.76, 514.33, 9.65, 13.14
0.97, 16, black car, 160.20, 514.84, 188.31, 528.06, 174.25, 521.45, 160.20, 521.45, 188.31, 521.45, 28.11, 13.22
0.97, 57, black car, 76.91, 512.57, 106.09, 525.83, 91.50, 519.20, 76.91, 519.20, 106.09, 519.20, 29.18, 13.26
0.97, 59, black car, 0.31, 508.08, 9.77, 520.91, 5.04, 514.49, 0.31, 514.49, 9.77, 514.49, 9.47, 12.82
1.00, 16, black car, 159.27, 514.68, 187.72, 528.12, 173.50, 521.40, 159.27, 521.40, 187.72, 521.40, 28.45, 13.44
1.00, 57, black car, 76.85, 512.61, 106.01, 525.86, 91.43, 519.23, 76.85, 519.23, 106.01, 519.23, 29.16, 13.25
1.00, 59, black car, 0.36, 508.20, 9.80, 520.92, 5.08, 514.56, 0.36, 514.56, 9.80, 514.56, 9.44, 12.72
1.03, 16, black car, 158.62, 514.53, 187.04, 528.01, 172.83, 521.27, 158.62, 521.27, 187.04, 521.27, 28.43, 13.48
1.03, 57, black car, 76.86, 512.63, 106.04, 525.88, 91.45, 519.25, 76.86, 519.25, 106.04, 519.25, 29.18, 13.26
1.03, 59, black car, 0.31, 508.08, 9.86, 520.90, 5.09, 514.49, 0.31, 514.49, 9.86, 514.49, 9.55, 12.82
1.07, 16, black car, 157.99, 514.42, 186.14, 527.82, 172.06, 521.12, 157.99, 521.12, 186.14, 521.12, 28.15, 13.40
1.07, 57, black car, 76.86, 512.59, 106.11, 525.87, 91.49, 519.23, 76.86, 519.23, 106.11, 519.23, 29.25, 13.28
1.07, 59, black car, 0.22, 507.83, 9.97, 520.89, 5.09, 514.36, 0.22, 514.36, 9.97, 514.36, 9.75, 13.06
1.10, 16, black car, 157.60, 514.50, 185.11, 527.62, 171.36, 521.06, 157.60, 521.06, 185.11, 521.06, 27.51, 13.12
1.10, 57, black car, 76.89, 512.57, 106.19, 525.87, 91.54, 519.22, 76.89, 519.22, 106.19, 519.22, 29.31, 13.31
1.10, 59, black car, 0.20, 507.84, 9.98, 520.90, 5.09, 514.37, 0.20, 514.37, 9.98, 514.37, 9.77, 13.06
1.13, 16, black car, 157.01, 514.64, 184.11, 527.58, 170.56, 521.11, 157.01, 521.11, 184.11, 521.11, 27.10, 12.94
1.13, 57, black car, 76.80, 512.53, 106.18, 525.88, 91.49, 519.21, 76.80, 519.21, 106.18, 519.21, 29.38, 13.34
1.13, 59, black car, 0.21, 507.86, 10.00, 520.92, 5.10, 514.39, 0.21, 514.39, 10.00, 514.39, 9.80, 13.06
1.17, 16, black car, 155.72, 514.69, 182.87, 527.63, 169.30, 521.16, 155.72, 521.16, 182.87, 521.16, 27.15, 12.94
1.17, 59, black car, 0.27, 508.00, 10.00, 520.91, 5.13, 514.45, 0.27, 514.45, 10.00, 514.45, 9.73, 12.91
1.20, 16, black car, 154.60, 514.67, 181.94, 527.70, 168.27, 521.18, 154.60, 521.18, 181.94, 521.18, 27.34, 13.03
1.20, 59, black car, 0.28, 508.05, 10.02, 520.91, 5.15, 514.48, 0.28, 514.48, 10.02, 514.48, 9.74, 12.86
1.23, 16, black car, 153.69, 514.55, 181.29, 527.69, 167.49, 521.12, 153.69, 521.12, 181.29, 521.12, 27.60, 13.14
1.23, 59, black car, 0.32, 508.23, 9.99, 520.91, 5.15, 514.57, 0.32, 514.57, 9.99, 514.57, 9.67, 12.68
1.23, 57, black car, 76.77, 512.38, 106.26, 525.78, 91.51, 519.08, 76.77, 519.08, 106.26, 519.08, 29.49, 13.40
1.27, 16, black car, 153.58, 514.51, 181.00, 527.57, 167.29, 521.04, 153.58, 521.04, 181.00, 521.04, 27.42, 13.06
1.27, 59, black car, 0.28, 508.28, 9.98, 520.95, 5.13, 514.62, 0.28, 514.62, 9.98, 514.62, 9.70, 12.67
1.30, 16, black car, 152.38, 514.38, 179.59, 527.35, 165.98, 520.87, 152.38, 520.87, 179.59, 520.87, 27.21, 12.97
1.30, 59, black car, 0.27, 508.30, 10.00, 520.95, 5.14, 514.63, 0.27, 514.63, 10.00, 514.63, 9.73, 12.65
1.33, 16, black car, 151.63, 514.24, 178.75, 527.18, 165.19, 520.71, 151.63, 520.71, 178.75, 520.71, 27.11, 12.94
1.33, 59, black car, 0.29, 508.35, 10.05, 520.97, 5.17, 514.66, 0.29, 514.66, 10.05, 514.66, 9.76, 12.62
1.37, 16, black car, 150.14, 514.48, 177.22, 527.41, 163.68, 520.95, 150.14, 520.95, 177.22, 520.95, 27.08, 12.94
1.37, 59, black car, 0.22, 508.33, 10.04, 520.98, 5.13, 514.65, 0.22, 514.65, 10.04, 514.65, 9.82, 12.65
1.40, 16, black car, 149.44, 514.49, 176.40, 527.36, 162.92, 520.93, 149.44, 520.93, 176.40, 520.93, 26.96, 12.87
1.40, 59, black car, 0.18, 508.30, 10.05, 521.00, 5.11, 514.65, 0.18, 514.65, 10.05, 514.65, 9.87, 12.70
1.43, 16, black car, 148.70, 514.47, 175.73, 527.36, 162.21, 520.92, 148.70, 520.92, 175.73, 520.92, 27.03, 12.89
1.43, 59, black car, 0.21, 508.39, 10.06, 521.01, 5.13, 514.70, 0.21, 514.70, 10.06, 514.70, 9.85, 12.61
1.47, 16, black car, 147.29, 514.47, 174.58, 527.49, 160.94, 520.98, 147.29, 520.98, 174.58, 520.98, 27.28, 13.02
1.47, 59, black car, 0.16, 508.22, 10.12, 520.95, 5.14, 514.59, 0.16, 514.59, 10.12, 514.59, 9.96, 12.73
1.50, 16, black car, 145.90, 514.40, 173.57, 527.63, 159.73, 521.02, 145.90, 521.02, 173.57, 521.02, 27.68, 13.23
1.50, 59, black car, 0.12, 508.11, 10.16, 520.92, 5.14, 514.51, 0.12, 514.51, 10.16, 514.51, 10.04, 12.82
1.53, 16, black car, 145.02, 514.19, 172.84, 527.53, 158.93, 520.86, 145.02, 520.86, 172.84, 520.86, 27.82, 13.34
1.53, 59, black car, 0.18, 508.20, 10.15, 520.89, 5.16, 514.55, 0.18, 514.55, 10.15, 514.55, 9.97, 12.69
1.57, 16, black car, 144.34, 514.37, 171.93, 527.63, 158.13, 521.00, 144.34, 521.00, 171.93, 521.00, 27.59, 13.26
1.57, 59, black car, 0.18, 508.20, 10.18, 520.89, 5.18, 514.54, 0.18, 514.54, 10.18, 514.54, 10.00, 12.69
1.60, 16, black car, 143.07, 514.36, 170.74, 527.65, 156.90, 521.01, 143.07, 521.01, 170.74, 521.01, 27.67, 13.29
1.60, 59, black car, 0.15, 508.18, 10.19, 520.90, 5.17, 514.54, 0.15, 514.54, 10.19, 514.54, 10.05, 12.72
1.63, 16, black car, 141.56, 514.06, 169.73, 527.57, 155.65, 520.82, 141.56, 520.82, 169.73, 520.82, 28.17, 13.51
1.63, 59, black car, 0.09, 508.11, 10.15, 520.85, 5.12, 514.48, 0.09, 514.48, 10.15, 514.48, 10.06, 12.74
1.67, 16, black car, 141.12, 514.13, 169.21, 527.60, 155.17, 520.86, 141.12, 520.86, 169.21, 520.86, 28.09, 13.47
1.67, 59, black car, 0.10, 508.14, 10.16, 520.86, 5.13, 514.50, 0.10, 514.50, 10.16, 514.50, 10.05, 12.72
1.67, 37, white car, 14.81, 510.55, 42.44, 523.41, 28.62, 516.98, 14.81, 516.98, 42.44, 516.98, 27.63, 12.85
1.67, 57, black car, 76.91, 512.40, 106.49, 525.83, 91.70, 519.11, 76.91, 519.11, 106.49, 519.11, 29.58, 13.43
1.70, 16, black car, 140.45, 513.99, 168.70, 527.51, 154.58, 520.75, 140.45, 520.75, 168.70, 520.75, 28.25, 13.52
1.70, 59, black car, 0.09, 508.08, 10.20, 520.88, 5.15, 514.48, 0.09, 514.48, 10.20, 514.48, 10.12, 12.80
1.70, 57, black car, 76.92, 512.37, 106.52, 525.81, 91.72, 519.09, 76.92, 519.09, 106.52, 519.09, 29.60, 13.44
1.73, 16, black car, 139.66, 514.10, 167.85, 527.58, 153.75, 520.84, 139.66, 520.84, 167.85, 520.84, 28.19, 13.48
1.73, 59, black car, 0.09, 508.08, 10.24, 520.91, 5.16, 514.49, 0.09, 514.49, 10.24, 514.49, 10.15, 12.83
1.73, 57, black car, 77.01, 512.40, 106.60, 525.81, 91.81, 519.10, 77.01, 519.10, 106.60, 519.10, 29.58, 13.40
1.77, 16, black car, 139.79, 514.14, 167.52, 527.41, 153.66, 520.77, 139.79, 520.77, 167.52, 520.77, 27.74, 13.28
1.77, 59, black car, 0.21, 508.41, 10.18, 520.95, 5.20, 514.68, 0.21, 514.68, 10.18, 514.68, 9.97, 12.54
1.77, 57, black car, 76.96, 512.43, 106.56, 525.83, 91.76, 519.13, 76.96, 519.13, 106.56, 519.13, 29.60, 13.40
1.80, 16, black car, 138.96, 514.06, 166.74, 527.36, 152.85, 520.71, 138.96, 520.71, 166.74, 520.71, 27.78, 13.30
1.80, 59, black car, 0.25, 508.54, 10.18, 520.97, 5.21, 514.75, 0.25, 514.75, 10.18, 514.75, 9.93, 12.43
1.80, 57, black car, 77.11, 512.45, 106.67, 525.83, 91.89, 519.14, 77.11, 519.14, 106.67, 519.14, 29.56, 13.38
1.83, 16, black car, 138.33, 513.98, 165.91, 527.17, 152.12, 520.58, 138.33, 520.58, 165.91, 520.58, 27.58, 13.19
1.83, 59, black car, 0.21, 508.49, 10.20, 520.95, 5.20, 514.72, 0.21, 514.72, 10.20, 514.72, 9.98, 12.46
1.83, 57, black car, 77.17, 512.44, 106.72, 525.81, 91.94, 519.12, 77.17, 519.12, 106.72, 519.12, 29.55, 13.37
1.87, 16, black car, 137.80, 513.95, 165.24, 527.09, 151.52, 520.52, 137.80, 520.52, 165.24, 520.52, 27.44, 13.14
1.87, 59, black car, 0.22, 508.56, 10.21, 520.98, 5.21, 514.77, 0.22, 514.77, 10.21, 514.77, 9.99, 12.42
1.90, 16, black car, 136.90, 514.01, 164.18, 527.09, 150.54, 520.55, 136.90, 520.55, 164.18, 520.55, 27.28, 13.08
1.90, 59, black car, 0.19, 508.53, 10.23, 520.98, 5.21, 514.75, 0.19, 514.75, 10.23, 514.75, 10.04, 12.45
1.90, 57, black car, 77.16, 512.47, 106.74, 525.86, 91.95, 519.17, 77.16, 519.17, 106.74, 519.17, 29.58, 13.38
1.93, 16, black car, 136.42, 513.94, 163.68, 527.04, 150.05, 520.49, 136.42, 520.49, 163.68, 520.49, 27.25, 13.09
1.93, 59, black car, 0.16, 508.48, 10.25, 520.97, 5.20, 514.73, 0.16, 514.73, 10.25, 514.73, 10.09, 12.49
1.93, 57, black car, 77.09, 512.49, 106.68, 525.88, 91.88, 519.18, 77.09, 519.18, 106.68, 519.18, 29.59, 13.39
1.97, 16, black car, 136.05, 513.86, 163.51, 527.11, 149.78, 520.48, 136.05, 520.48, 163.51, 520.48, 27.46, 13.25
1.97, 59, black car, 0.10, 508.33, 10.24, 520.89, 5.17, 514.61, 0.10, 514.61, 10.24, 514.61, 10.14, 12.57
1.97, 57, black car, 76.90, 512.44, 106.58, 525.89, 91.74, 519.17, 76.90, 519.17, 106.58, 519.17, 29.68, 13.45
1.97, 37, white car, 15.68, 510.23, 42.25, 522.60, 28.97, 516.42, 15.68, 516.42, 42.25, 516.42, 26.56, 12.37
2.00, 16, black car, 135.63, 513.67, 163.17, 527.02, 149.40, 520.34, 135.63, 520.34, 163.17, 520.34, 27.54, 13.35
2.00, 59, black car, 0.03, 508.21, 10.17, 520.83, 5.10, 514.52, 0.03, 514.52, 10.17, 514.52, 10.14, 12.62
2.00, 57, black car, 76.89, 512.43, 106.54, 525.88, 91.71, 519.15, 76.89, 519.15, 106.54, 519.15, 29.65, 13.45
2.00, 37, white car, 15.63, 510.19, 42.12, 522.54, 28.88, 516.37, 15.63, 516.37, 42.12, 516.37, 26.50, 12.34
2.03, 16, black car, 135.24, 513.75, 162.71, 527.10, 148.97, 520.42, 135.24, 520.42, 162.71, 520.42, 27.47, 13.35
2.03, 59, black car, 0.00, 508.07, 10.18, 520.80, 5.09, 514.44, 0.00, 514.44, 10.18, 514.44, 10.18, 12.73
2.03, 57, black car, 76.91, 512.40, 106.56, 525.86, 91.73, 519.13, 76.91, 519.13, 106.56, 519.13, 29.65, 13.46
2.03, 37, white car, 15.54, 510.13, 42.05, 522.49, 28.79, 516.31, 15.54, 516.31, 42.05, 516.31, 26.51, 12.36
2.07, 16, black car, 135.02, 513.78, 162.46, 527.15, 148.74, 520.46, 135.02, 520.46, 162.46, 520.46, 27.44, 13.36
2.07, 59, black car, 0.09, 508.28, 10.14, 520.83, 5.12, 514.56, 0.09, 514.56, 10.14, 514.56, 10.05, 12.56
2.07, 57, black car, 77.12, 512.42, 106.69, 525.86, 91.90, 519.14, 77.12, 519.14, 106.69, 519.14, 29.57, 13.44
2.07, 37, white car, 15.67, 510.04, 42.23, 522.43, 28.95, 516.23, 15.67, 516.23, 42.23, 516.23, 26.55, 12.39
2.10, 16, black car, 134.72, 514.03, 161.90, 527.27, 148.31, 520.65, 134.72, 520.65, 161.90, 520.65, 27.18, 13.25
2.10, 59, black car, 0.04, 508.20, 10.15, 520.87, 5.10, 514.54, 0.04, 514.54, 10.15, 514.54, 10.11, 12.67
2.10, 57, black car, 76.96, 512.45, 106.53, 525.89, 91.74, 519.17, 76.96, 519.17, 106.53, 519.17, 29.57, 13.44
2.10, 37, white car, 15.62, 510.02, 42.19, 522.44, 28.90, 516.23, 15.62, 516.23, 42.19, 516.23, 26.57, 12.41
2.13, 16, black car, 134.13, 514.21, 161.49, 527.56, 147.81, 520.89, 134.13, 520.89, 161.49, 520.89, 27.35, 13.34
2.13, 59, black car, 0.05, 508.15, 10.18, 520.87, 5.11, 514.51, 0.05, 514.51, 10.18, 514.51, 10.13, 12.72
2.13, 57, black car, 76.94, 512.47, 106.48, 525.90, 91.71, 519.18, 76.94, 519.18, 106.48, 519.18, 29.54, 13.43
2.13, 37, white car, 15.59, 510.05, 42.17, 522.47, 28.88, 516.26, 15.59, 516.26, 42.17, 516.26, 26.58, 12.43
2.17, 16, black car, 133.62, 514.31, 160.80, 527.59, 147.21, 520.95, 133.62, 520.95, 160.80, 520.95, 27.19, 13.29
2.17, 59, black car, 0.08, 508.26, 10.17, 520.93, 5.13, 514.59, 0.08, 514.59, 10.17, 514.59, 10.08, 12.67
2.17, 57, black car, 76.93, 512.47, 106.47, 525.91, 91.70, 519.19, 76.93, 519.19, 106.47, 519.19, 29.54, 13.44
2.17, 37, white car, 15.70, 510.05, 42.28, 522.49, 28.99, 516.27, 15.70, 516.27, 42.28, 516.27, 26.58, 12.44
2.20, 16, black car, 133.26, 514.40, 160.25, 527.61, 146.76, 521.01, 133.26, 521.01, 160.25, 521.01, 26.99, 13.21
2.20, 59, black car, 0.09, 508.31, 10.12, 520.92, 5.10, 514.62, 0.09, 514.62, 10.12, 514.62, 10.03, 12.61
2.20, 57, black car, 76.94, 512.49, 106.41, 525.89, 91.67, 519.19, 76.94, 519.19, 106.41, 519.19, 29.46, 13.40
2.20, 37, white car, 15.67, 510.08, 42.15, 522.48, 28.91, 516.28, 15.67, 516.28, 42.15, 516.28, 26.48, 12.39
2.23, 16, black car, 132.85, 514.55, 159.69, 527.72, 146.27, 521.13, 132.85, 521.13, 159.69, 521.13, 26.84, 13.17
2.23, 59, black car, 0.08, 508.31, 10.09, 520.92, 5.09, 514.62, 0.08, 514.62, 10.09, 514.62, 10.01, 12.60
2.23, 57, black car, 76.87, 512.56, 106.28, 525.95, 91.58, 519.26, 76.87, 519.26, 106.28, 519.26, 29.42, 13.39
2.23, 37, white car, 15.71, 510.15, 42.05, 522.47, 28.88, 516.31, 15.71, 516.31, 42.05, 516.31, 26.34, 12.32
2.27, 16, black car, 132.49, 514.55, 159.25, 527.71, 145.87, 521.13, 132.49, 521.13, 159.25, 521.13, 26.76, 13.16
2.27, 59, black car, 0.09, 508.27, 10.10, 520.89, 5.10, 514.58, 0.09, 514.58, 10.10, 514.58, 10.01, 12.62
2.27, 57, black car, 76.94, 512.55, 106.36, 525.94, 91.65, 519.24, 76.94, 519.24, 106.36, 519.24, 29.42, 13.39
2.27, 37, white car, 15.67, 510.11, 42.12, 522.49, 28.90, 516.30, 15.67, 516.30, 42.12, 516.30, 26.46, 12.38
2.30, 16, black car, 132.25, 514.55, 158.86, 527.67, 145.56, 521.11, 132.25, 521.11, 158.86, 521.11, 26.62, 13.11
2.30, 59, black car, 0.10, 508.26, 10.11, 520.87, 5.11, 514.56, 0.10, 514.56, 10.11, 514.56, 10.00, 12.62
2.30, 57, black car, 76.94, 512.55, 106.39, 525.95, 91.67, 519.25, 76.94, 519.25, 106.39, 519.25, 29.45, 13.40
2.30, 37, white car, 15.65, 510.09, 42.12, 522.48, 28.88, 516.29, 15.65, 516.29, 42.12, 516.29, 26.46, 12.39
2.33, 16, black car, 131.85, 514.51, 158.48, 527.65, 145.17, 521.08, 131.85, 521.08, 158.48, 521.08, 26.63, 13.14
2.33, 59, black car, 0.13, 508.28, 10.14, 520.92, 5.14, 514.60, 0.13, 514.60, 10.14, 514.60, 10.01, 12.63
2.33, 57, black car, 76.81, 512.55, 106.35, 526.00, 91.58, 519.28, 76.81, 519.28, 106.35, 519.28, 29.54, 13.45
2.33, 37, white car, 15.73, 510.16, 42.14, 522.53, 28.93, 516.34, 15.73, 516.34, 42.14, 516.34, 26.42, 12.37
2.37, 16, black car, 131.49, 514.55, 157.84, 527.57, 144.66, 521.06, 131.49, 521.06, 157.84, 521.06, 26.35, 13.02
2.37, 59, black car, 0.16, 508.39, 10.12, 520.94, 5.14, 514.67, 0.16, 514.67, 10.12, 514.67, 9.95, 12.55
2.37, 57, black car, 76.88, 512.60, 106.30, 526.00, 91.59, 519.30, 76.88, 519.30, 106.30, 519.30, 29.41, 13.40
2.37, 37, white car, 15.73, 510.19, 42.09, 522.51, 28.91, 516.35, 15.73, 516.35, 42.09, 516.35, 26.35, 12.32
2.40, 16, black car, 131.03, 514.53, 157.50, 527.62, 144.27, 521.07, 131.03, 521.07, 157.50, 521.07, 26.47, 13.09
2.40, 59, black car, 0.19, 508.49, 10.10, 520.99, 5.14, 514.74, 0.19, 514.74, 10.10, 514.74, 9.92, 12.49
2.40, 57, black car, 76.89, 512.64, 106.19, 526.00, 91.54, 519.32, 76.89, 519.32, 106.19, 519.32, 29.31, 13.35
2.40, 37, white car, 15.78, 510.22, 42.04, 522.49, 28.91, 516.35, 15.78, 516.35, 42.04, 516.35, 26.27, 12.27
2.43, 16, black car, 130.71, 514.45, 157.31, 527.63, 144.01, 521.04, 130.71, 521.04, 157.31, 521.04, 26.60, 13.17
2.43, 59, black car, 0.15, 508.39, 10.13, 520.98, 5.14, 514.68, 0.15, 514.68, 10.13, 514.68, 9.98, 12.59
2.43, 57, black car, 76.89, 512.62, 106.26, 526.00, 91.57, 519.31, 76.89, 519.31, 106.26, 519.31, 29.37, 13.38
2.43, 37, white car, 15.78, 510.19, 42.10, 522.48, 28.94, 516.34, 15.78, 516.34, 42.10, 516.34, 26.32, 12.29
2.47, 16, black car, 130.39, 514.47, 156.97, 527.65, 143.68, 521.06, 130.39, 521.06, 156.97, 521.06, 26.58, 13.18
2.47, 59, black car, 0.15, 508.35, 10.14, 520.97, 5.14, 514.66, 0.15, 514.66, 10.14, 514.66, 10.00, 12.61
2.47, 57, black car, 76.86, 512.63, 106.20, 526.00, 91.53, 519.32, 76.86, 519.32, 106.20, 519.32, 29.34, 13.37
2.47, 37, white car, 15.79, 510.18, 42.10, 522.46, 28.94, 516.32, 15.79, 516.32, 42.10, 516.32, 26.31, 12.28
2.50, 16, black car, 130.14, 514.49, 156.63, 527.64, 143.38, 521.06, 130.14, 521.06, 156.63, 521.06, 26.49, 13.15
2.50, 59, black car, 0.08, 508.22, 10.17, 520.99, 5.13, 514.60, 0.08, 514.60, 10.17, 514.60, 10.09, 12.77
2.50, 57, black car, 76.89, 512.71, 106.11, 526.02, 91.50, 519.37, 76.89, 519.37, 106.11, 519.37, 29.22, 13.32
2.50, 37, white car, 15.83, 510.24, 42.14, 522.52, 28.98, 516.38, 15.83, 516.38, 42.14, 516.38, 26.31, 12.28
2.53, 16, black car, 130.15, 514.60, 156.44, 527.67, 143.29, 521.14, 130.15, 521.14, 156.44, 521.14, 26.29, 13.07
2.53, 59, black car, 0.13, 508.26, 10.19, 520.99, 5.16, 514.62, 0.13, 514.62, 10.19, 514.62, 10.06, 12.73
2.53, 57, black car, 76.99, 512.67, 106.18, 525.98, 91.58, 519.33, 76.99, 519.33, 106.18, 519.33, 29.20, 13.31
2.53, 37, white car, 15.85, 510.19, 42.23, 522.51, 29.04, 516.35, 15.85, 516.35, 42.23, 516.35, 26.38, 12.31
2.57, 16, black car, 130.00, 514.77, 155.94, 527.69, 142.97, 521.23, 130.00, 521.23, 155.94, 521.23, 25.94, 12.93
2.57, 59, black car, 0.13, 508.25, 10.21, 521.01, 5.17, 514.63, 0.13, 514.63, 10.21, 514.63, 10.07, 12.76
2.57, 57, black car, 76.92, 512.71, 106.17, 526.04, 91.55, 519.37, 76.92, 519.37, 106.17, 519.37, 29.25, 13.33
2.57, 37, white car, 15.87, 510.21, 42.25, 522.53, 29.06, 516.37, 15.87, 516.37, 42.25, 516.37, 26.38, 12.31
2.60, 16, black car, 128.80, 514.33, 155.03, 527.43, 141.92, 520.88, 128.80, 520.88, 155.03, 520.88, 26.23, 13.10
2.60, 59, black car, 0.17, 508.30, 10.23, 521.04, 5.20, 514.67, 0.17, 514.67, 10.23, 514.67, 10.06, 12.73
2.60, 57, black car, 76.91, 512.69, 106.24, 526.07, 91.58, 519.38, 76.91, 519.38, 106.24, 519.38, 29.34, 13.38
2.60, 37, white car, 15.78, 510.19, 42.33, 522.60, 29.05, 516.39, 15.78, 516.39, 42.33, 516.39, 26.56, 12.41
2.63, 16, black car, 127.76, 514.10, 154.12, 527.31, 140.94, 520.70, 127.76, 520.70, 154.12, 520.70, 26.36, 13.21
2.63, 59, black car, 0.17, 508.29, 10.26, 521.05, 5.22, 514.67, 0.17, 514.67, 10.26, 514.67, 10.09, 12.77
2.63, 57, black car, 76.89, 512.68, 106.29, 526.08, 91.59, 519.38, 76.89, 519.38, 106.29, 519.38, 29.40, 13.41
2.63, 37, white car, 15.72, 510.13, 42.41, 522.61, 29.07, 516.37, 15.72, 516.37, 42.41, 516.37, 26.69, 12.48
2.67, 16, black car, 127.46, 513.94, 153.58, 527.06, 140.52, 520.50, 127.46, 520.50, 153.58, 520.50, 26.12, 13.12
2.67, 59, black car, 0.14, 508.23, 10.27, 521.07, 5.20, 514.65, 0.14, 514.65, 10.27, 514.65, 10.13, 12.85
2.67, 57, black car, 76.89, 512.75, 106.19, 526.12, 91.54, 519.44, 76.89, 519.44, 106.19, 519.44, 29.30, 13.37
2.67, 37, white car, 15.81, 510.21, 42.39, 522.65, 29.10, 516.43, 15.81, 516.43, 42.39, 516.43, 26.58, 12.44
2.70, 16, black car, 127.23, 513.86, 153.12, 526.88, 140.17, 520.37, 127.23, 520.37, 153.12, 520.37, 25.89, 13.02
2.70, 59, black car, 0.10, 508.10, 10.30, 521.06, 5.20, 514.58, 0.10, 514.58, 10.30, 514.58, 10.21, 12.97
2.70, 57, black car, 76.84, 512.76, 106.13, 526.13, 91.48, 519.45, 76.84, 519.45, 106.13, 519.45, 29.30, 13.38
2.70, 37, white car, 15.82, 510.23, 42.40, 522.68, 29.11, 516.45, 15.82, 516.45, 42.40, 516.45, 26.58, 12.45
2.73, 16, black car, 127.06, 513.76, 152.83, 526.72, 139.95, 520.24, 127.06, 520.24, 152.83, 520.24, 25.76, 12.97
2.73, 59, black car, 0.11, 508.06, 10.32, 521.04, 5.22, 514.55, 0.11, 514.55, 10.32, 514.55, 10.21, 12.98
2.73, 57, black car, 76.84, 512.75, 106.10, 526.11, 91.47, 519.43, 76.84, 519.43, 106.10, 519.43, 29.26, 13.36
2.73, 37, white car, 15.80, 510.24, 42.42, 522.72, 29.11, 516.48, 15.80, 516.48, 42.42, 516.48, 26.62, 12.48
2.77, 16, black car, 126.83, 513.82, 152.55, 526.78, 139.69, 520.30, 126.83, 520.30, 152.55, 520.30, 25.72, 12.95
2.77, 59, black car, 0.13, 508.03, 10.32, 520.99, 5.23, 514.51, 0.13, 514.51, 10.32, 514.51, 10.18, 12.96
2.77, 57, black car, 76.85, 512.76, 106.12, 526.13, 91.49, 519.45, 76.85, 519.45, 106.12, 519.45, 29.26, 13.37
2.77, 37, white car, 15.77, 510.26, 42.37, 522.74, 29.07, 516.50, 15.77, 516.50, 42.37, 516.50, 26.60, 12.47
2.80, 16, black car, 126.58, 513.92, 152.14, 526.80, 139.36, 520.36, 126.58, 520.36, 152.14, 520.36, 25.57, 12.89
2.80, 59, black car, 0.15, 508.03, 10.29, 520.95, 5.22, 514.49, 0.15, 514.49, 10.29, 514.49, 10.15, 12.92
2.80, 57, black car, 76.89, 512.77, 106.10, 526.12, 91.50, 519.44, 76.89, 519.44, 106.10, 519.44, 29.20, 13.34
2.80, 37, white car, 15.86, 510.28, 42.35, 522.70, 29.11, 516.49, 15.86, 516.49, 42.35, 516.49, 26.49, 12.42
2.83, 16, black car, 125.92, 513.87, 151.43, 526.77, 138.68, 520.32, 125.92, 520.32, 151.43, 520.32, 25.51, 12.90
2.83, 59, black car, 0.16, 508.05, 10.29, 520.95, 5.22, 514.50, 0.16, 514.50, 10.29, 514.50, 10.13, 12.90
2.83, 57, black car, 76.90, 512.78, 106.07, 526.12, 91.48, 519.45, 76.90, 519.45, 106.07, 519.45, 29.17, 13.34
2.83, 37, white car, 15.89, 510.29, 42.36, 522.70, 29.12, 516.50, 15.89, 516.50, 42.36, 516.50, 26.46, 12.41
2.87, 16, black car, 125.41, 513.88, 150.85, 526.80, 138.13, 520.34, 125.41, 520.34, 150.85, 520.34, 25.44, 12.92
2.87, 59, black car, 0.10, 507.84, 10.39, 520.98, 5.24, 514.41, 0.10, 514.41, 10.39, 514.41, 10.29, 13.14
2.87, 57, black car, 76.87, 512.80, 105.99, 526.12, 91.43, 519.46, 76.87, 519.46, 105.99, 519.46, 29.12, 13.32
2.87, 37, white car, 15.71, 510.28, 42.30, 522.74, 29.01, 516.51, 15.71, 516.51, 42.30, 516.51, 26.59, 12.47
2.90, 16, black car, 125.14, 513.88, 150.42, 526.78, 137.78, 520.33, 125.14, 520.33, 150.42, 520.33, 25.28, 12.90
2.90, 59, black car, 0.12, 507.92, 10.35, 520.99, 5.24, 514.45, 0.12, 514.45, 10.35, 514.45, 10.22, 13.06
2.90, 57, black car, 76.95, 512.76, 106.09, 526.10, 91.52, 519.43, 76.95, 519.43, 106.09, 519.43, 29.14, 13.34
2.90, 37, white car, 15.82, 510.27, 42.32, 522.70, 29.07, 516.48, 15.82, 516.48, 42.32, 516.48, 26.50, 12.43
2.93, 16, black car, 124.83, 513.96, 149.83, 526.78, 137.33, 520.37, 124.83, 520.37, 149.83, 520.37, 25.01, 12.82
2.93, 59, black car, 0.10, 507.85, 10.37, 521.00, 5.23, 514.42, 0.10, 514.42, 10.37, 514.42, 10.26, 13.15
2.93, 57, black car, 76.94, 512.79, 106.02, 526.09, 91.48, 519.44, 76.94, 519.44, 106.02, 519.44, 29.08, 13.30
2.93, 37, white car, 15.77, 510.26, 42.28, 522.69, 29.02, 516.48, 15.77, 516.48, 42.28, 516.48, 26.51, 12.43
2.97, 16, black car, 124.53, 514.05, 149.11, 526.71, 136.82, 520.38, 124.53, 520.38, 149.11, 520.38, 24.58, 12.66
2.97, 59, black car, 0.14, 508.17, 10.17, 521.02, 5.15, 514.59, 0.14, 514.59, 10.17, 514.59, 10.03, 12.85
2.97, 57, black car, 77.06, 512.88, 105.86, 526.06, 91.46, 519.47, 77.06, 519.47, 105.86, 519.47, 28.81, 13.18
2.97, 37, white car, 15.89, 510.33, 41.94, 522.51, 28.92, 516.42, 15.89, 516.42, 41.94, 516.42, 26.05, 12.19
3.00, 16, black car, 124.23, 514.03, 148.63, 526.64, 136.43, 520.34, 124.23, 520.34, 148.63, 520.34, 24.40, 12.61
3.00, 59, black car, 0.15, 508.26, 10.09, 520.99, 5.12, 514.62, 0.15, 514.62, 10.09, 514.62, 9.94, 12.74
3.00, 37, white car, 15.95, 510.33, 41.82, 522.41, 28.89, 516.37, 15.95, 516.37, 41.82, 516.37, 25.87, 12.08
3.03, 16, black car, 123.95, 514.06, 148.31, 526.69, 136.13, 520.38, 123.95, 520.38, 148.31, 520.38, 24.36, 12.63
3.03, 59, black car, 0.17, 508.23, 10.09, 520.94, 5.13, 514.59, 0.17, 514.59, 10.09, 514.59, 9.92, 12.70
3.03, 37, white car, 15.83, 510.28, 41.69, 522.33, 28.76, 516.30, 15.83, 516.30, 41.69, 516.30, 25.85, 12.04
3.07, 16, black car, 123.72, 514.09, 148.03, 526.72, 135.87, 520.41, 123.72, 520.41, 148.03, 520.41, 24.31, 12.63
3.07, 59, black car, 0.14, 508.12, 10.13, 520.93, 5.13, 514.52, 0.14, 514.52, 10.13, 514.52, 9.99, 12.82
3.07, 37, white car, 15.87, 510.28, 41.76, 522.31, 28.82, 516.30, 15.87, 516.30, 41.76, 516.30, 25.89, 12.04
3.10, 16, black car, 123.24, 514.14, 147.32, 526.65, 135.28, 520.39, 123.24, 520.39, 147.32, 520.39, 24.09, 12.51
3.10, 59, black car, 0.22, 508.21, 10.10, 520.87, 5.16, 514.54, 0.22, 514.54, 10.10, 514.54, 9.89, 12.66
3.10, 37, white car, 15.88, 510.27, 41.79, 522.30, 28.83, 516.29, 15.88, 516.29, 41.79, 516.29, 25.91, 12.02
3.10, 57, black car, 76.91, 512.80, 105.83, 526.03, 91.37, 519.41, 76.91, 519.41, 105.83, 519.41, 28.91, 13.23
3.13, 16, black car, 122.86, 514.11, 146.89, 526.55, 134.88, 520.33, 122.86, 520.33, 146.89, 520.33, 24.04, 12.45
3.13, 59, black car, 0.24, 508.22, 10.12, 520.86, 5.18, 514.54, 0.24, 514.54, 10.12, 514.54, 9.88, 12.63
3.13, 37, white car, 15.87, 510.27, 41.85, 522.32, 28.86, 516.30, 15.87, 516.30, 41.85, 516.30, 25.99, 12.05
3.13, 57, black car, 76.88, 512.80, 105.83, 526.05, 91.36, 519.42, 76.88, 519.42, 105.83, 519.42, 28.95, 13.24
3.17, 16, black car, 122.06, 513.96, 146.19, 526.38, 134.13, 520.17, 122.06, 520.17, 146.19, 520.17, 24.13, 12.42
3.17, 59, black car, 0.24, 508.23, 10.13, 520.86, 5.19, 514.54, 0.24, 514.54, 10.13, 514.54, 9.89, 12.63
3.17, 37, white car, 15.86, 510.32, 41.87, 522.36, 28.86, 516.34, 15.86, 516.34, 41.87, 516.34, 26.01, 12.04
3.17, 57, black car, 76.93, 512.85, 105.79, 526.05, 91.36, 519.45, 76.93, 519.45, 105.79, 519.45, 28.85, 13.20
3.20, 16, black car, 121.24, 513.94, 145.49, 526.33, 133.37, 520.14, 121.24, 520.14, 145.49, 520.14, 24.25, 12.39
3.20, 59, black car, 0.28, 508.39, 10.09, 520.88, 5.19, 514.63, 0.28, 514.63, 10.09, 514.63, 9.81, 12.49
3.20, 37, white car, 15.83, 510.26, 41.88, 522.32, 28.86, 516.29, 15.83, 516.29, 41.88, 516.29, 26.05, 12.05
3.20, 57, black car, 76.93, 512.81, 105.97, 526.09, 91.45, 519.45, 76.93, 519.45, 105.97, 519.45, 29.04, 13.28
3.23, 16, black car, 120.86, 513.95, 145.20, 526.31, 133.03, 520.13, 120.86, 520.13, 145.20, 520.13, 24.35, 12.36
3.23, 59, black car, 0.22, 508.33, 10.11, 520.91, 5.16, 514.62, 0.22, 514.62, 10.11, 514.62, 9.89, 12.57
3.23, 37, white car, 15.85, 510.28, 41.96, 522.36, 28.91, 516.32, 15.85, 516.32, 41.96, 516.32, 26.12, 12.08
3.23, 57, black car, 76.93, 512.84, 105.97, 526.12, 91.45, 519.48, 76.93, 519.48, 105.97, 519.48, 29.04, 13.28
3.27, 16, black car, 120.63, 513.96, 145.00, 526.26, 132.81, 520.11, 120.63, 520.11, 145.00, 520.11, 24.37, 12.30
3.27, 59, black car, 0.23, 508.28, 10.14, 520.85, 5.19, 514.56, 0.23, 514.56, 10.14, 514.56, 9.90, 12.57
3.27, 37, white car, 15.92, 510.27, 42.08, 522.37, 29.00, 516.32, 15.92, 516.32, 42.08, 516.32, 26.16, 12.10
3.27, 57, black car, 76.85, 512.74, 106.06, 526.10, 91.45, 519.42, 76.85, 519.42, 106.06, 519.42, 29.21, 13.36
3.30, 16, black car, 120.29, 513.99, 144.71, 526.26, 132.50, 520.12, 120.29, 520.12, 144.71, 520.12, 24.42, 12.27
3.30, 59, black car, 0.17, 508.20, 10.14, 520.86, 5.16, 514.53, 0.17, 514.53, 10.14, 514.53, 9.97, 12.66
3.30, 37, white car, 15.91, 510.31, 42.08, 522.41, 28.99, 516.36, 15.91, 516.36, 42.08, 516.36, 26.17, 12.10
3.33, 16, black car, 120.07, 514.03, 144.56, 526.27, 132.31, 520.15, 120.07, 520.15, 144.56, 520.15, 24.49, 12.24
3.33, 59, black car, 0.15, 508.18, 10.13, 520.85, 5.14, 514.51, 0.15, 514.51, 10.13, 514.51, 9.98, 12.68
3.33, 37, white car, 15.93, 510.34, 42.04, 522.41, 28.98, 516.38, 15.93, 516.38, 42.04, 516.38, 26.11, 12.07
3.37, 16, black car, 119.79, 513.96, 144.40, 526.21, 132.10, 520.08, 119.79, 520.08, 144.40, 520.08, 24.61, 12.25
3.37, 59, black car, 0.20, 508.38, 10.04, 520.86, 5.12, 514.62, 0.20, 514.62, 10.04, 514.62, 9.84, 12.47
3.37, 37, white car, 15.90, 510.32, 41.99, 522.36, 28.95, 516.34, 15.90, 516.34, 41.99, 516.34, 26.09, 12.04
3.37, 57, black car, 76.86, 512.71, 106.02, 526.04, 91.44, 519.37, 76.86, 519.37, 106.02, 519.37, 29.16, 13.33
3.40, 16, black car, 119.58, 513.95, 144.21, 526.17, 131.90, 520.06, 119.58, 520.06, 144.21, 520.06, 24.63, 12.21
3.40, 59, black car, 0.12, 508.23, 10.04, 520.83, 5.08, 514.53, 0.12, 514.53, 10.04, 514.53, 9.92, 12.60
3.40, 37, white car, 15.78, 510.34, 41.94, 522.41, 28.86, 516.37, 15.78, 516.37, 41.94, 516.37, 26.16, 12.07
3.40, 57, black car, 76.87, 512.78, 105.92, 526.06, 91.39, 519.42, 76.87, 519.42, 105.92, 519.42, 29.05, 13.28
3.43, 16, black car, 119.11, 513.94, 143.71, 526.10, 131.41, 520.02, 119.11, 520.02, 143.71, 520.02, 24.61, 12.16
3.43, 59, black car, 0.11, 508.15, 10.07, 520.81, 5.09, 514.48, 0.11, 514.48, 10.07, 514.48, 9.95, 12.66
3.43, 37, white car, 15.77, 510.32, 42.02, 522.44, 28.90, 516.38, 15.77, 516.38, 42.02, 516.38, 26.25, 12.12
3.47, 16, black car, 118.80, 513.96, 143.54, 526.15, 131.17, 520.06, 118.80, 520.06, 143.54, 520.06, 24.74, 12.19
3.47, 59, black car, 0.17, 508.24, 10.07, 520.83, 5.12, 514.53, 0.17, 514.53, 10.07, 514.53, 9.91, 12.59
3.47, 37, white car, 15.81, 510.33, 42.02, 522.42, 28.91, 516.37, 15.81, 516.37, 42.02, 516.37, 26.21, 12.10
3.50, 16, black car, 118.54, 514.03, 143.39, 526.24, 130.96, 520.13, 118.54, 520.13, 143.39, 520.13, 24.85, 12.21
3.50, 59, black car, 0.19, 508.28, 10.09, 520.85, 5.14, 514.56, 0.19, 514.56, 10.09, 514.56, 9.90, 12.57
3.50, 37, white car, 15.81, 510.33, 42.04, 522.43, 28.93, 516.38, 15.81, 516.38, 42.04, 516.38, 26.23, 12.10
3.53, 16, black car, 118.38, 514.04, 143.24, 526.22, 130.81, 520.13, 118.38, 520.13, 143.24, 520.13, 24.85, 12.18
3.53, 59, black car, 0.16, 508.31, 10.06, 520.88, 5.11, 514.59, 0.16, 514.59, 10.06, 514.59, 9.90, 12.57
3.53, 37, white car, 15.86, 510.34, 42.02, 522.40, 28.94, 516.37, 15.86, 516.37, 42.02, 516.37, 26.16, 12.06
3.57, 16, black car, 117.85, 514.00, 142.71, 526.15, 130.28, 520.07, 117.85, 520.07, 142.71, 520.07, 24.86, 12.15
3.57, 59, black car, 0.19, 508.42, 10.01, 520.87, 5.10, 514.65, 0.19, 514.65, 10.01, 514.65, 9.82, 12.45
3.57, 37, white car, 15.85, 510.35, 42.00, 522.39, 28.93, 516.37, 15.85, 516.37, 42.00, 516.37, 26.15, 12.04
3.60, 16, black car, 117.43, 513.94, 142.26, 526.05, 129.85, 520.00, 117.43, 520.00, 142.26, 520.00, 24.82, 12.11
3.60, 59, black car, 0.16, 508.43, 10.01, 520.93, 5.09, 514.68, 0.16, 514.68, 10.01, 514.68, 9.85, 12.50
3.60, 37, white car, 15.83, 510.37, 42.03, 522.43, 28.93, 516.40, 15.83, 516.40, 42.03, 516.40, 26.20, 12.07
3.63, 16, black car, 117.18, 513.90, 141.97, 525.98, 129.58, 519.94, 117.18, 519.94, 141.97, 519.94, 24.79, 12.07
3.63, 59, black car, 0.14, 508.41, 10.02, 520.95, 5.08, 514.68, 0.14, 514.68, 10.02, 514.68, 9.88, 12.54
3.63, 37, white car, 15.82, 510.38, 42.03, 522.44, 28.92, 516.41, 15.82, 516.41, 42.03, 516.41, 26.21, 12.07
3.67, 16, black car, 116.82, 513.79, 141.73, 525.89, 129.28, 519.84, 116.82, 519.84, 141.73, 519.84, 24.91, 12.10
3.67, 59, black car, 0.12, 508.31, 10.04, 520.92, 5.08, 514.61, 0.12, 514.61, 10.04, 514.61, 9.92, 12.60
3.67, 37, white car, 15.79, 510.39, 42.00, 522.45, 28.89, 516.42, 15.79, 516.42, 42.00, 516.42, 26.21, 12.07
3.70, 16, black car, 116.36, 513.67, 141.46, 525.83, 128.91, 519.75, 116.36, 519.75, 141.46, 519.75, 25.10, 12.15
3.70, 59, black car, 0.10, 508.21, 10.07, 520.89, 5.09, 514.55, 0.10, 514.55, 10.07, 514.55, 9.96, 12.68
3.70, 37, white car, 15.75, 510.36, 41.92, 522.40, 28.84, 516.38, 15.75, 516.38, 41.92, 516.38, 26.16, 12.04
3.73, 16, black car, 116.16, 513.66, 141.35, 525.83, 128.75, 519.74, 116.16, 519.74, 141.35, 519.74, 25.20, 12.17
3.73, 59, black car, 0.09, 508.14, 10.10, 520.90, 5.10, 514.52, 0.09, 514.52, 10.10, 514.52, 10.01, 12.76
3.73, 37, white car, 15.75, 510.33, 41.94, 522.38, 28.84, 516.35, 15.75, 516.35, 41.94, 516.35, 26.19, 12.05
3.77, 16, black car, 115.55, 513.60, 141.00, 525.86, 128.27, 519.73, 115.55, 519.73, 141.00, 519.73, 25.45, 12.26
3.77, 59, black car, 0.09, 508.07, 10.07, 520.84, 5.08, 514.45, 0.09, 514.45, 10.07, 514.45, 9.98, 12.77
3.77, 37, white car, 15.70, 510.33, 41.81, 522.33, 28.75, 516.33, 15.70, 516.33, 41.81, 516.33, 26.11, 12.00
3.80, 16, black car, 115.39, 513.59, 140.84, 525.82, 128.11, 519.70, 115.39, 519.70, 140.84, 519.70, 25.45, 12.23
3.80, 59, black car, 0.01, 507.75, 10.20, 520.85, 5.11, 514.30, 0.01, 514.30, 10.20, 514.30, 10.19, 13.10
3.80, 37, white car, 15.72, 510.31, 42.01, 522.40, 28.86, 516.36, 15.72, 516.36, 42.01, 516.36, 26.28, 12.10
3.83, 16, black car, 115.29, 513.59, 140.78, 525.82, 128.03, 519.70, 115.29, 519.70, 140.78, 519.70, 25.49, 12.23
3.83, 59, black car, 0.10, 508.01, 10.12, 520.90, 5.11, 514.46, 0.10, 514.46, 10.12, 514.46, 10.02, 12.89
3.83, 37, white car, 15.77, 510.29, 42.08, 522.40, 28.92, 516.34, 15.77, 516.34, 42.08, 516.34, 26.31, 12.11
3.87, 16, black car, 115.17, 513.68, 140.65, 525.90, 127.91, 519.79, 115.17, 519.79, 140.65, 519.79, 25.49, 12.21
3.87, 59, black car, 0.16, 508.16, 10.08, 520.92, 5.12, 514.54, 0.16, 514.54, 10.08, 514.54, 9.92, 12.76
3.87, 37, white car, 15.77, 510.30, 42.11, 522.43, 28.94, 516.36, 15.77, 516.36, 42.11, 516.36, 26.34, 12.14
3.90, 16, black car, 115.00, 513.77, 140.29, 525.89, 127.65, 519.83, 115.00, 519.83, 140.29, 519.83, 25.29, 12.12
3.90, 59, black car, 0.22, 508.28, 10.05, 520.91, 5.13, 514.60, 0.22, 514.60, 10.05, 514.60, 9.83, 12.64
3.90, 37, white car, 15.85, 510.32, 42.07, 522.40, 28.96, 516.36, 15.85, 516.36, 42.07, 516.36, 26.22, 12.08
3.93, 16, black car, 115.21, 513.84, 140.39, 525.91, 127.80, 519.87, 115.21, 519.87, 140.39, 519.87, 25.18, 12.07
3.93, 37, white car, 15.86, 510.31, 42.11, 522.42, 28.99, 516.36, 15.86, 516.36, 42.11, 516.36, 26.25, 12.11
3.97, 16, black car, 115.63, 514.00, 140.51, 525.91, 128.07, 519.95, 115.63, 519.95, 140.51, 519.95, 24.88, 11.91
3.97, 37, white car, 15.27, 510.62, 42.33, 523.15, 28.80, 516.88, 15.27, 516.88, 42.33, 516.88, 27.06, 12.53
3.97, 59, black car, 0.14, 508.34, 10.07, 521.11, 5.10, 514.72, 0.14, 514.72, 10.07, 514.72, 9.93, 12.76
4.00, 16, black car, 115.81, 514.06, 140.58, 525.92, 128.19, 519.99, 115.81, 519.99, 140.58, 519.99, 24.76, 11.86
4.00, 37, white car, 15.70, 510.51, 42.05, 522.71, 28.88, 516.61, 15.70, 516.61, 42.05, 516.61, 26.35, 12.19
4.00, 59, black car, 0.13, 508.38, 10.10, 521.18, 5.12, 514.78, 0.13, 514.78, 10.10, 514.78, 9.97, 12.80
4.03, 16, black car, 115.69, 514.05, 140.49, 525.92, 128.09, 519.98, 115.69, 519.98, 140.49, 519.98, 24.80, 11.87
4.03, 37, white car, 15.83, 510.44, 41.98, 522.54, 28.90, 516.49, 15.83, 516.49, 41.98, 516.49, 26.15, 12.09
4.03, 59, black car, 0.11, 508.32, 10.13, 521.20, 5.12, 514.76, 0.11, 514.76, 10.13, 514.76, 10.02, 12.88
4.07, 16, black car, 115.45, 514.04, 140.22, 525.89, 127.84, 519.97, 115.45, 519.97, 140.22, 519.97, 24.77, 11.85
4.07, 37, white car, 15.84, 510.44, 41.92, 522.49, 28.88, 516.47, 15.84, 516.47, 41.92, 516.47, 26.08, 12.05
4.07, 59, black car, 0.08, 508.25, 10.14, 521.18, 5.11, 514.72, 0.08, 514.72, 10.14, 514.72, 10.05, 12.93
4.10, 16, black car, 115.50, 514.06, 140.18, 525.86, 127.84, 519.96, 115.50, 519.96, 140.18, 519.96, 24.67, 11.80
4.10, 37, white car, 15.90, 510.43, 41.85, 522.40, 28.88, 516.41, 15.90, 516.41, 41.85, 516.41, 25.95, 11.97
4.10, 59, black car, 0.10, 508.24, 10.14, 521.16, 5.12, 514.70, 0.10, 514.70, 10.14, 514.70, 10.03, 12.91
4.13, 16, black car, 115.63, 514.12, 140.14, 525.85, 127.88, 519.99, 115.63, 519.99, 140.14, 519.99, 24.51, 11.72
4.13, 37, white car, 15.83, 510.40, 41.89, 522.42, 28.86, 516.41, 15.83, 516.41, 41.89, 516.41, 26.06, 12.01
4.13, 59, black car, 0.10, 508.18, 10.17, 521.15, 5.13, 514.66, 0.10, 514.66, 10.17, 514.66, 10.07, 12.97
4.17, 16, black car, 115.68, 514.14, 140.17, 525.86, 127.92, 520.00, 115.68, 520.00, 140.17, 520.00, 24.48, 11.71
4.17, 37, white car, 15.82, 510.40, 41.98, 522.46, 28.90, 516.43, 15.82, 516.43, 41.98, 516.43, 26.15, 12.06
4.17, 59, black car, 0.10, 508.16, 10.18, 521.17, 5.14, 514.66, 0.10, 514.66, 10.18, 514.66, 10.09, 13.00
4.20, 16, black car, 115.52, 514.09, 140.05, 525.83, 127.78, 519.96, 115.52, 519.96, 140.05, 519.96, 24.53, 11.74
4.20, 37, white car, 15.82, 510.38, 42.01, 522.46, 28.92, 516.42, 15.82, 516.42, 42.01, 516.42, 26.19, 12.08
4.20, 59, black car, 0.12, 508.23, 10.21, 521.23, 5.17, 514.73, 0.12, 514.73, 10.21, 514.73, 10.08, 12.99
4.23, 16, black car, 115.43, 514.04, 139.98, 525.78, 127.71, 519.91, 115.43, 519.91, 139.98, 519.91, 24.55, 11.74
4.23, 37, white car, 15.81, 510.36, 42.03, 522.45, 28.92, 516.41, 15.81, 516.41, 42.03, 516.41, 26.21, 12.09
4.23, 59, black car, 0.12, 508.24, 10.22, 521.25, 5.17, 514.74, 0.12, 514.74, 10.22, 514.74, 10.10, 13.01
4.27, 16, black car, 115.65, 514.12, 140.12, 525.81, 127.88, 519.97, 115.65, 519.97, 140.12, 519.97, 24.47, 11.69
4.27, 37, white car, 15.84, 510.37, 42.08, 522.47, 28.96, 516.42, 15.84, 516.42, 42.08, 516.42, 26.23, 12.10
4.27, 59, black car, 0.09, 508.17, 10.28, 521.32, 5.19, 514.74, 0.09, 514.74, 10.28, 514.74, 10.19, 13.15
4.30, 16, black car, 115.75, 514.18, 140.09, 525.82, 127.92, 520.00, 115.75, 520.00, 140.09, 520.00, 24.34, 11.63
4.30, 37, white car, 15.83, 510.38, 42.03, 522.46, 28.93, 516.42, 15.83, 516.42, 42.03, 516.42, 26.19, 12.09
4.30, 59, black car, 0.12, 508.25, 10.26, 521.33, 5.19, 514.79, 0.12, 514.79, 10.26, 514.79, 10.14, 13.07
4.33, 16, black car, 115.89, 514.26, 140.14, 525.85, 128.01, 520.05, 115.89, 520.05, 140.14, 520.05, 24.25, 11.59
4.33, 37, white car, 15.84, 510.35, 42.05, 522.45, 28.94, 516.40, 15.84, 516.40, 42.05, 516.40, 26.21, 12.10
4.33, 59, black car, 0.13, 508.22, 10.31, 521.34, 5.22, 514.78, 0.13, 514.78, 10.31, 514.78, 10.18, 13.12
4.37, 16, black car, 115.88, 514.25, 140.15, 525.85, 128.01, 520.05, 115.88, 520.05, 140.15, 520.05, 24.27, 11.60
4.37, 37, white car, 15.93, 510.37, 42.11, 522.46, 29.02, 516.42, 15.93, 516.42, 42.11, 516.42, 26.18, 12.09
4.37, 59, black car, 0.14, 508.33, 10.26, 521.37, 5.20, 514.85, 0.14, 514.85, 10.26, 514.85, 10.12, 13.04
4.40, 16, black car, 115.90, 514.28, 140.13, 525.85, 128.01, 520.07, 115.90, 520.07, 140.13, 520.07, 24.23, 11.57
4.40, 37, white car, 15.79, 510.41, 41.98, 522.50, 28.89, 516.46, 15.79, 516.46, 41.98, 516.46, 26.20, 12.10
4.40, 59, black car, 0.13, 508.20, 10.28, 521.29, 5.20, 514.75, 0.13, 514.75, 10.28, 514.75, 10.15, 13.09
4.43, 16, black car, 115.83, 514.30, 140.08, 525.86, 127.96, 520.08, 115.83, 520.08, 140.08, 520.08, 24.25, 11.56
4.43, 59, black car, 0.16, 508.38, 10.24, 521.36, 5.20, 514.87, 0.16, 514.87, 10.24, 514.87, 10.08, 12.98
4.47, 16, black car, 115.91, 514.29, 140.16, 525.85, 128.04, 520.07, 115.91, 520.07, 140.16, 520.07, 24.25, 11.56
4.47, 59, black car, 0.18, 508.49, 10.22, 521.39, 5.20, 514.94, 0.18, 514.94, 10.22, 514.94, 10.03, 12.89
4.47, 37, white car, 15.82, 510.43, 41.97, 522.50, 28.89, 516.46, 15.82, 516.46, 41.97, 516.46, 26.15, 12.07
4.50, 16, black car, 115.87, 514.28, 140.16, 525.86, 128.01, 520.07, 115.87, 520.07, 140.16, 520.07, 24.29, 11.58
4.50, 59, black car, 0.14, 508.35, 10.26, 521.37, 5.20, 514.86, 0.14, 514.86, 10.26, 514.86, 10.12, 13.02
4.50, 37, white car, 15.80, 510.43, 41.93, 522.50, 28.86, 516.47, 15.80, 516.47, 41.93, 516.47, 26.13, 12.07
4.53, 16, black car, 115.85, 514.28, 140.16, 525.85, 128.00, 520.06, 115.85, 520.06, 140.16, 520.06, 24.31, 11.58
4.53, 59, black car, 0.12, 508.30, 10.27, 521.36, 5.20, 514.83, 0.12, 514.83, 10.27, 514.83, 10.15, 13.06
4.53, 37, white car, 15.80, 510.45, 41.89, 522.50, 28.84, 516.48, 15.80, 516.48, 41.89, 516.48, 26.09, 12.05
4.57, 16, black car, 115.68, 514.21, 140.08, 525.82, 127.88, 520.02, 115.68, 520.02, 140.08, 520.02, 24.40, 11.61
4.57, 59, black car, 0.11, 508.34, 10.27, 521.41, 5.19, 514.88, 0.11, 514.88, 10.27, 514.88, 10.16, 13.07
4.57, 37, white car, 15.76, 510.45, 41.91, 522.52, 28.83, 516.49, 15.76, 516.49, 41.91, 516.49, 26.15, 12.08
4.60, 16, black car, 115.84, 514.27, 140.24, 525.87, 128.04, 520.07, 115.84, 520.07, 140.24, 520.07, 24.40, 11.60
4.60, 59, black car, 0.06, 508.30, 10.27, 521.46, 5.17, 514.88, 0.06, 514.88, 10.27, 514.88, 10.21, 13.16
4.60, 37, white car, 15.84, 510.53, 41.82, 522.52, 28.83, 516.52, 15.84, 516.52, 41.82, 516.52, 25.98, 11.99
4.63, 16, black car, 115.86, 514.30, 140.25, 525.89, 128.05, 520.09, 115.86, 520.09, 140.25, 520.09, 24.39, 11.60
4.63, 59, black car, 0.04, 508.27, 10.26, 521.47, 5.15, 514.87, 0.04, 514.87, 10.26, 514.87, 10.22, 13.20
4.63, 37, white car, 15.89, 510.58, 41.76, 522.52, 28.83, 516.55, 15.89, 516.55, 41.76, 516.55, 25.87, 11.94
4.67, 16, black car, 115.62, 514.24, 140.12, 525.87, 127.87, 520.06, 115.62, 520.06, 140.12, 520.06, 24.49, 11.63
4.67, 59, black car, 0.03, 508.14, 10.27, 521.39, 5.15, 514.76, 0.03, 514.76, 10.27, 514.76, 10.24, 13.26
4.67, 37, white car, 15.87, 510.53, 41.74, 522.46, 28.80, 516.50, 15.87, 516.50, 41.74, 516.50, 25.86, 11.93
4.70, 1, white car, 480.16, 522.57, 505.88, 533.51, 493.02, 528.04, 480.16, 528.04, 505.88, 528.04, 25.72, 10.94
4.70, 59, black car, 0.04, 508.02, 10.28, 521.30, 5.16, 514.66, 0.04, 514.66, 10.28, 514.66, 10.24, 13.28
4.70, 37, white car, 15.80, 510.48, 41.74, 522.44, 28.77, 516.46, 15.80, 516.46, 41.74, 516.46, 25.94, 11.96
4.73, 1, white car, 477.75, 522.61, 503.37, 533.50, 490.56, 528.06, 477.75, 528.06, 503.37, 528.06, 25.61, 10.89
4.73, 59, black car, 0.00, 507.90, 10.30, 521.29, 5.15, 514.60, 0.00, 514.60, 10.30, 514.60, 10.30, 13.39
4.73, 37, white car, 15.76, 510.47, 41.75, 522.44, 28.75, 516.46, 15.76, 516.46, 41.75, 516.46, 25.98, 11.98
4.73, 16, black car, 115.80, 514.31, 140.06, 525.82, 127.93, 520.06, 115.80, 520.06, 140.06, 520.06, 24.26, 11.50
4.77, 1, white car, 475.00, 522.64, 500.96, 533.64, 487.98, 528.14, 475.00, 528.14, 500.96, 528.14, 25.96, 11.00
4.77, 59, black car, 0.03, 507.90, 10.29, 521.28, 5.16, 514.59, 0.03, 514.59, 10.29, 514.59, 10.27, 13.38
4.77, 37, white car, 15.81, 510.47, 41.83, 522.48, 28.82, 516.47, 15.81, 516.47, 41.83, 516.47, 26.02, 12.00
4.77, 16, black car, 115.87, 514.31, 140.25, 525.87, 128.06, 520.09, 115.87, 520.09, 140.25, 520.09, 24.38, 11.56
4.80, 1, white car, 472.14, 522.65, 498.73, 533.90, 485.44, 528.27, 472.14, 528.27, 498.73, 528.27, 26.59, 11.25
4.80, 59, black car, 0.01, 507.85, 10.33, 521.33, 5.17, 514.59, 0.01, 514.59, 10.33, 514.59, 10.31, 13.48
4.80, 37, white car, 15.80, 510.50, 41.84, 522.51, 28.82, 516.51, 15.80, 516.51, 41.84, 516.51, 26.04, 12.01
4.80, 16, black car, 115.91, 514.33, 140.36, 525.92, 128.14, 520.12, 115.91, 520.12, 140.36, 520.12, 24.45, 11.59
4.83, 1, white car, 469.20, 522.60, 496.22, 534.03, 482.71, 528.32, 469.20, 528.32, 496.22, 528.32, 27.02, 11.43
4.83, 59, black car, 0.00, 507.79, 10.34, 521.34, 5.17, 514.56, 0.00, 514.56, 10.34, 514.56, 10.34, 13.55
4.83, 37, white car, 15.83, 510.51, 41.85, 522.52, 28.84, 516.52, 15.83, 516.52, 41.85, 516.52, 26.02, 12.01
4.83, 16, black car, 115.92, 514.33, 140.41, 525.94, 128.16, 520.13, 115.92, 520.13, 140.41, 520.13, 24.49, 11.61
4.87, 1, white car, 466.64, 522.20, 494.20, 533.88, 480.42, 528.04, 466.64, 528.04, 494.20, 528.04, 27.56, 11.68
4.87, 59, black car, 0.00, 507.75, 10.34, 521.35, 5.17, 514.55, 0.00, 514.55, 10.34, 514.55, 10.34, 13.60
4.87, 37, white car, 15.85, 510.52, 41.84, 522.52, 28.85, 516.52, 15.85, 516.52, 41.84, 516.52, 26.00, 12.00
4.87, 16, black car, 115.90, 514.32, 140.34, 525.90, 128.12, 520.11, 115.90, 520.11, 140.34, 520.11, 24.45, 11.58
4.90, 1, white car, 464.63, 522.31, 491.99, 533.94, 478.31, 528.12, 464.63, 528.12, 491.99, 528.12, 27.36, 11.63
4.90, 59, black car, 0.01, 507.80, 10.30, 521.36, 5.16, 514.58, 0.01, 514.58, 10.30, 514.58, 10.30, 13.56
4.90, 37, white car, 15.90, 510.54, 41.83, 522.51, 28.86, 516.53, 15.90, 516.53, 41.83, 516.53, 25.93, 11.98
4.90, 16, black car, 115.92, 514.30, 140.37, 525.88, 128.15, 520.09, 115.92, 520.09, 140.37, 520.09, 24.45, 11.58
4.93, 1, white car, 462.42, 522.25, 489.73, 533.92, 476.08, 528.09, 462.42, 528.09, 489.73, 528.09, 27.31, 11.67
4.93, 59, black car, 0.25, 508.62, 10.17, 521.59, 5.21, 515.11, 0.25, 515.11, 10.17, 515.11, 9.92, 12.97
4.93, 16, black car, 115.80, 514.27, 140.40, 525.94, 128.10, 520.10, 115.80, 520.10, 140.40, 520.10, 24.60, 11.66
4.97, 1, white car, 460.18, 522.52, 487.04, 534.02, 473.61, 528.27, 460.18, 528.27, 487.04, 528.27, 26.86, 11.50
4.97, 59, black car, 0.27, 508.88, 10.16, 521.77, 5.22, 515.32, 0.27, 515.32, 10.16, 515.32, 9.90, 12.88
4.97, 37, white car, 15.94, 510.60, 41.82, 522.56, 28.88, 516.58, 15.94, 516.58, 41.82, 516.58, 25.87, 11.96
5.00, 1, white car, 457.92, 522.90, 484.38, 534.24, 471.15, 528.57, 457.92, 528.57, 484.38, 528.57, 26.46, 11.34
5.00, 59, black car, 0.23, 509.05, 10.16, 521.94, 5.20, 515.50, 0.23, 515.50, 10.16, 515.50, 9.93, 12.89
5.00, 37, white car, 15.43, 510.90, 42.30, 523.40, 28.87, 517.15, 15.43, 517.15, 42.30, 517.15, 26.87, 12.50
5.03, 1, white car, 455.56, 522.94, 482.03, 534.30, 468.79, 528.62, 455.56, 528.62, 482.03, 528.62, 26.47, 11.35
5.03, 59, black car, 0.20, 509.08, 10.17, 522.00, 5.19, 515.54, 0.20, 515.54, 10.17, 515.54, 9.98, 12.93
5.07, 1, white car, 452.98, 522.89, 479.35, 534.20, 466.16, 528.55, 452.98, 528.55, 479.35, 528.55, 26.37, 11.30
5.07, 59, black car, 0.16, 509.04, 10.18, 522.00, 5.17, 515.52, 0.16, 515.52, 10.18, 515.52, 10.02, 12.96
5.10, 1, white car, 450.46, 522.96, 476.80, 534.24, 463.63, 528.60, 450.46, 528.60, 476.80, 528.60, 26.33, 11.28
5.10, 59, black car, 0.15, 509.16, 10.17, 522.09, 5.16, 515.63, 0.15, 515.63, 10.17, 515.63, 10.02, 12.93
5.13, 1, white car, 447.58, 522.90, 474.06, 534.26, 460.82, 528.58, 447.58, 528.58, 474.06, 528.58, 26.48, 11.35
5.13, 59, black car, 0.16, 509.20, 10.19, 522.10, 5.18, 515.65, 0.16, 515.65, 10.19, 515.65, 10.03, 12.90
5.17, 1, white car, 444.84, 522.86, 471.71, 534.37, 458.27, 528.62, 444.84, 528.62, 471.71, 528.62, 26.87, 11.52
5.17, 59, black car, 0.16, 509.25, 10.19, 522.13, 5.17, 515.69, 0.16, 515.69, 10.19, 515.69, 10.04, 12.89
5.20, 1, white car, 442.81, 523.10, 469.45, 534.53, 456.13, 528.82, 442.81, 528.82, 469.45, 528.82, 26.64, 11.42
5.20, 59, black car, 0.11, 509.18, 10.15, 522.05, 5.13, 515.62, 0.11, 515.62, 10.15, 515.62, 10.04, 12.88
5.23, 1, white car, 440.52, 523.16, 466.65, 534.37, 453.58, 528.77, 440.52, 528.77, 466.65, 528.77, 26.14, 11.21
5.23, 59, black car, 0.09, 509.15, 10.15, 522.04, 5.12, 515.59, 0.09, 515.59, 10.15, 515.59, 10.06, 12.89
5.27, 1, white car, 437.84, 523.10, 464.22, 534.42, 451.03, 528.76, 437.84, 528.76, 464.22, 528.76, 26.38, 11.32
5.27, 59, black car, 0.02, 509.05, 10.15, 522.04, 5.08, 515.55, 0.02, 515.55, 10.15, 515.55, 10.13, 12.98
5.30, 1, white car, 435.89, 523.05, 462.24, 534.36, 449.07, 528.70, 435.89, 528.70, 462.24, 528.70, 26.35, 11.31
5.30, 59, black car, 0.00, 509.01, 10.14, 522.03, 5.07, 515.52, 0.00, 515.52, 10.14, 515.52, 10.14, 13.02
5.33, 1, white car, 433.65, 523.14, 459.53, 534.24, 446.59, 528.69, 433.65, 528.69, 459.53, 528.69, 25.88, 11.10
5.33, 59, black car, 0.04, 509.16, 10.11, 522.08, 5.08, 515.62, 0.04, 515.62, 10.11, 515.62, 10.07, 12.92
5.37, 1, white car, 431.50, 523.36, 457.13, 534.33, 444.31, 528.84, 431.50, 528.84, 457.13, 528.84, 25.63, 10.98
5.37, 59, black car, 0.16, 509.40, 10.05, 522.04, 5.10, 515.72, 0.16, 515.72, 10.05, 515.72, 9.89, 12.64
5.40, 1, white car, 429.28, 523.36, 455.14, 534.45, 442.21, 528.91, 429.28, 528.91, 455.14, 528.91, 25.86, 11.09
5.40, 59, black car, 0.22, 509.57, 10.01, 522.01, 5.11, 515.79, 0.22, 515.79, 10.01, 515.79, 9.79, 12.44
5.43, 1, white car, 426.15, 523.19, 452.18, 534.35, 439.16, 528.77, 426.15, 528.77, 452.18, 528.77, 26.03, 11.16
5.43, 59, black car, 0.22, 509.61, 9.99, 521.96, 5.10, 515.78, 0.22, 515.78, 9.99, 515.78, 9.77, 12.36
5.47, 1, white car, 423.52, 523.17, 449.84, 534.43, 436.68, 528.80, 423.52, 528.80, 449.84, 528.80, 26.32, 11.27
5.47, 59, black car, 0.22, 509.64, 9.98, 521.94, 5.10, 515.79, 0.22, 515.79, 9.98, 515.79, 9.76, 12.29
5.50, 1, white car, 421.67, 523.13, 447.92, 534.34, 434.80, 528.74, 421.67, 528.74, 447.92, 528.74, 26.26, 11.21
5.50, 59, black car, 0.23, 509.72, 10.01, 521.99, 5.12, 515.85, 0.23, 515.85, 10.01, 515.85, 9.78, 12.26
5.53, 1, white car, 419.43, 523.22, 445.40, 534.29, 432.41, 528.75, 419.43, 528.75, 445.40, 528.75, 25.96, 11.06
5.53, 59, black car, 0.23, 509.78, 10.03, 522.01, 5.13, 515.89, 0.23, 515.89, 10.03, 515.89, 9.80, 12.23
5.57, 1, white car, 417.03, 523.33, 443.19, 534.47, 430.11, 528.90, 417.03, 528.90, 443.19, 528.90, 26.16, 11.14
5.57, 59, black car, 0.22, 509.80, 10.06, 522.02, 5.14, 515.91, 0.22, 515.91, 10.06, 515.91, 9.84, 12.22
5.60, 1, white car, 414.83, 523.38, 441.21, 534.61, 428.02, 529.00, 414.83, 529.00, 441.21, 529.00, 26.38, 11.24
5.60, 59, black car, 0.25, 509.86, 10.08, 522.00, 5.16, 515.93, 0.25, 515.93, 10.08, 515.93, 9.83, 12.14
5.63, 1, white car, 412.26, 523.28, 438.58, 534.48, 425.42, 528.88, 412.26, 528.88, 438.58, 528.88, 26.32, 11.20
5.63, 59, black car, 0.17, 509.75, 10.19, 522.09, 5.18, 515.92, 0.17, 515.92, 10.19, 515.92, 10.02, 12.34
5.67, 1, white car, 409.51, 523.32, 436.12, 534.64, 422.81, 528.98, 409.51, 528.98, 436.12, 528.98, 26.61, 11.32
5.67, 59, black car, 0.17, 509.89, 10.22, 522.22, 5.20, 516.06, 0.17, 516.06, 10.22, 516.06, 10.05, 12.33
5.70, 1, white car, 407.67, 523.30, 433.91, 534.45, 420.79, 528.87, 407.67, 528.87, 433.91, 528.87, 26.24, 11.15
5.70, 59, black car, 0.16, 509.94, 10.16, 522.18, 5.16, 516.06, 0.16, 516.06, 10.16, 516.06, 10.01, 12.24
5.73, 1, white car, 405.24, 523.34, 431.47, 534.48, 418.35, 528.91, 405.24, 528.91, 431.47, 528.91, 26.24, 11.14
5.73, 59, black car, 0.12, 509.92, 10.18, 522.20, 5.15, 516.06, 0.12, 516.06, 10.18, 516.06, 10.06, 12.28
5.77, 1, white car, 402.70, 523.40, 429.29, 534.71, 415.99, 529.06, 402.70, 529.06, 429.29, 529.06, 26.59, 11.30
5.77, 59, black car, 0.09, 509.90, 10.19, 522.20, 5.14, 516.05, 0.09, 516.05, 10.19, 516.05, 10.09, 12.30
5.80, 1, white car, 400.78, 523.51, 427.16, 534.72, 413.97, 529.12, 400.78, 529.12, 427.16, 529.12, 26.38, 11.21
5.80, 59, black car, 0.12, 509.93, 10.21, 522.20, 5.17, 516.06, 0.12, 516.06, 10.21, 516.06, 10.09, 12.26
5.83, 1, white car, 398.68, 523.55, 424.95, 534.71, 411.81, 529.13, 398.68, 529.13, 424.95, 529.13, 26.26, 11.16
5.83, 59, black car, 0.15, 510.06, 10.24, 522.28, 5.20, 516.17, 0.15, 516.17, 10.24, 516.17, 10.09, 12.22
5.87, 1, white car, 396.24, 523.54, 422.34, 534.63, 409.29, 529.09, 396.24, 529.09, 422.34, 529.09, 26.10, 11.09
5.87, 59, black car, 0.16, 510.08, 10.30, 522.32, 5.23, 516.20, 0.16, 516.20, 10.30, 516.20, 10.14, 12.24
5.90, 1, white car, 394.16, 523.54, 420.07, 534.54, 407.11, 529.04, 394.16, 529.04, 420.07, 529.04, 25.91, 10.99
5.90, 59, black car, 0.13, 510.04, 10.31, 522.29, 5.22, 516.16, 0.13, 516.16, 10.31, 516.16, 10.18, 12.25
5.93, 1, white car, 391.37, 523.41, 417.56, 534.49, 404.47, 528.95, 391.37, 528.95, 417.56, 528.95, 26.18, 11.08
5.93, 59, black car, 0.09, 509.98, 10.30, 522.26, 5.20, 516.12, 0.09, 516.12, 10.30, 516.12, 10.21, 12.28
5.97, 1, white car, 389.15, 523.48, 415.39, 534.57, 402.27, 529.03, 389.15, 529.03, 415.39, 529.03, 26.24, 11.09
6.00, 1, white car, 386.98, 523.60, 413.26, 534.72, 400.12, 529.16, 386.98, 529.16, 413.26, 529.16, 26.27, 11.12
6.00, 72, black car, 78.77, 513.96, 105.12, 526.73, 91.94, 520.34, 78.77, 520.34, 105.12, 520.34, 26.36, 12.76
6.03, 1, white car, 384.32, 523.47, 410.82, 534.68, 397.57, 529.08, 384.32, 529.08, 410.82, 529.08, 26.50, 11.21
6.03, 72, black car, 78.93, 514.03, 105.12, 526.71, 92.03, 520.37, 78.93, 520.37, 105.12, 520.37, 26.19, 12.68
6.07, 1, white car, 382.04, 523.35, 408.78, 534.68, 395.41, 529.02, 382.04, 529.02, 408.78, 529.02, 26.74, 11.32
6.07, 72, black car, 78.87, 513.99, 105.18, 526.74, 92.02, 520.36, 78.87, 520.36, 105.18, 520.36, 26.32, 12.75
6.10, 1, white car, 379.99, 523.35, 406.81, 534.73, 393.40, 529.04, 379.99, 529.04, 406.81, 529.04, 26.81, 11.38
6.10, 72, black car, 78.85, 514.04, 105.02, 526.71, 91.93, 520.37, 78.85, 520.37, 105.02, 520.37, 26.17, 12.67
6.13, 1, white car, 377.95, 523.34, 404.92, 534.79, 391.43, 529.06, 377.95, 529.06, 404.92, 529.06, 26.97, 11.45
6.13, 72, black car, 78.83, 514.05, 104.97, 526.70, 91.90, 520.37, 78.83, 520.37, 104.97, 520.37, 26.14, 12.65
6.17, 1, white car, 375.97, 523.43, 402.59, 534.75, 389.28, 529.09, 375.97, 529.09, 402.59, 529.09, 26.61, 11.32
6.17, 72, black car, 78.86, 514.01, 105.10, 526.72, 91.98, 520.36, 78.86, 520.36, 105.10, 520.36, 26.24, 12.70
6.20, 1, white car, 373.59, 523.66, 400.55, 535.18, 387.07, 529.42, 373.59, 529.42, 400.55, 529.42, 26.96, 11.53
6.20, 72, black car, 78.34, 513.94, 104.76, 526.72, 91.55, 520.33, 78.34, 520.33, 104.76, 520.33, 26.42, 12.78
6.23, 1, white car, 371.28, 523.58, 398.25, 535.14, 384.77, 529.36, 371.28, 529.36, 398.25, 529.36, 26.98, 11.56
6.23, 72, black car, 78.23, 513.95, 104.69, 526.73, 91.46, 520.34, 78.23, 520.34, 104.69, 520.34, 26.47, 12.78
6.27, 1, white car, 369.31, 523.60, 395.78, 534.94, 382.55, 529.27, 369.31, 529.27, 395.78, 529.27, 26.47, 11.34
6.27, 72, black car, 78.21, 513.85, 104.83, 526.69, 91.52, 520.27, 78.21, 520.27, 104.83, 520.27, 26.62, 12.85
6.30, 1, white car, 367.23, 523.74, 393.61, 535.02, 380.42, 529.38, 367.23, 529.38, 393.61, 529.38, 26.38, 11.29
6.30, 72, black car, 78.07, 513.85, 104.65, 526.68, 91.36, 520.26, 78.07, 520.26, 104.65, 520.26, 26.58, 12.83
6.33, 1, white car, 365.23, 523.78, 391.30, 534.91, 378.27, 529.35, 365.23, 529.35, 391.30, 529.35, 26.07, 11.13
6.33, 72, black car, 78.12, 513.92, 104.53, 526.66, 91.32, 520.29, 78.12, 520.29, 104.53, 520.29, 26.41, 12.74
6.37, 1, white car, 362.77, 523.81, 388.79, 534.91, 375.78, 529.36, 362.77, 529.36, 388.79, 529.36, 26.02, 11.10
6.37, 72, black car, 78.04, 513.89, 104.45, 526.62, 91.24, 520.25, 78.04, 520.25, 104.45, 520.25, 26.42, 12.74
6.40, 1, white car, 360.57, 523.88, 386.70, 535.02, 373.63, 529.45, 360.57, 529.45, 386.70, 529.45, 26.14, 11.14
6.40, 72, black car, 77.96, 513.94, 104.29, 526.62, 91.13, 520.28, 77.96, 520.28, 104.29, 520.28, 26.33, 12.68
6.43, 1, white car, 358.81, 523.91, 385.03, 535.09, 371.92, 529.50, 358.81, 529.50, 385.03, 529.50, 26.22, 11.18
6.43, 72, black car, 77.99, 513.93, 104.41, 526.64, 91.20, 520.29, 77.99, 520.29, 104.41, 520.29, 26.42, 12.71
6.47, 1, white car, 357.08, 523.99, 383.20, 535.14, 370.14, 529.57, 357.08, 529.57, 383.20, 529.57, 26.12, 11.16
6.47, 72, black car, 78.18, 513.96, 104.67, 526.71, 91.42, 520.33, 78.18, 520.33, 104.67, 520.33, 26.49, 12.75
6.50, 1, white car, 354.82, 523.81, 381.14, 535.05, 367.98, 529.43, 354.82, 529.43, 381.14, 529.43, 26.31, 11.24
6.50, 72, black car, 78.01, 513.97, 104.51, 526.71, 91.26, 520.34, 78.01, 520.34, 104.51, 520.34, 26.50, 12.73
6.53, 1, white car, 352.71, 523.74, 379.26, 535.10, 365.99, 529.42, 352.71, 529.42, 379.26, 529.42, 26.55, 11.37
6.53, 72, black car, 78.10, 514.09, 104.47, 526.75, 91.28, 520.42, 78.10, 520.42, 104.47, 520.42, 26.37, 12.66
6.57, 1, white car, 350.87, 523.52, 377.23, 534.82, 364.05, 529.17, 350.87, 529.17, 377.23, 529.17, 26.36, 11.30
6.57, 72, black car, 78.09, 514.13, 104.45, 526.79, 91.27, 520.46, 78.09, 520.46, 104.45, 520.46, 26.37, 12.66
6.60, 1, white car, 348.67, 523.42, 374.71, 534.57, 361.69, 529.00, 348.67, 529.00, 374.71, 529.00, 26.03, 11.15
6.60, 72, black car, 77.99, 514.15, 104.29, 526.77, 91.14, 520.46, 77.99, 520.46, 104.29, 520.46, 26.29, 12.62
6.63, 1, white car, 346.59, 523.49, 372.62, 534.67, 359.61, 529.08, 346.59, 529.08, 372.62, 529.08, 26.03, 11.18
6.63, 72, black car, 77.91, 514.26, 104.21, 526.88, 91.06, 520.57, 77.91, 520.57, 104.21, 520.57, 26.30, 12.63
6.67, 1, white car, 344.86, 523.55, 370.89, 534.76, 357.88, 529.15, 344.86, 529.15, 370.89, 529.15, 26.04, 11.21
6.67, 72, black car, 77.89, 514.29, 104.18, 526.92, 91.03, 520.61, 77.89, 520.61, 104.18, 520.61, 26.29, 12.63
6.70, 1, white car, 342.70, 523.45, 368.57, 534.61, 355.63, 529.03, 342.70, 529.03, 368.57, 529.03, 25.87, 11.16
6.70, 72, black car, 77.83, 514.32, 104.04, 526.92, 90.93, 520.62, 77.83, 520.62, 104.04, 520.62, 26.21, 12.60
6.73, 1, white car, 340.33, 523.14, 366.62, 534.52, 353.47, 528.83, 340.33, 528.83, 366.62, 528.83, 26.29, 11.38
6.73, 72, black car, 77.85, 514.35, 104.03, 526.94, 90.94, 520.64, 77.85, 520.64, 104.03, 520.64, 26.18, 12.59
6.77, 1, white car, 338.36, 523.00, 364.91, 534.54, 351.64, 528.77, 338.36, 528.77, 364.91, 528.77, 26.56, 11.54
6.77, 72, black car, 78.08, 514.40, 104.21, 526.96, 91.15, 520.68, 78.08, 520.68, 104.21, 520.68, 26.13, 12.56
6.77, 59, black car, 0.05, 510.04, 10.06, 522.14, 5.06, 516.09, 0.05, 516.09, 10.06, 516.09, 10.01, 12.10
6.80, 1, white car, 336.51, 522.79, 363.32, 534.47, 349.92, 528.63, 336.51, 528.63, 363.32, 528.63, 26.81, 11.68
6.80, 72, black car, 78.13, 514.55, 104.12, 527.04, 91.13, 520.80, 78.13, 520.80, 104.12, 520.80, 25.99, 12.49
6.80, 59, black car, 0.12, 510.24, 10.03, 522.24, 5.07, 516.24, 0.12, 516.24, 10.03, 516.24, 9.92, 12.00
6.83, 1, white car, 334.53, 522.72, 361.30, 534.39, 347.92, 528.55, 334.53, 528.55, 361.30, 528.55, 26.76, 11.67
6.83, 72, black car, 78.00, 514.58, 103.97, 527.06, 90.99, 520.82, 78.00, 520.82, 103.97, 520.82, 25.96, 12.48
6.83, 59, black car, 0.14, 510.31, 10.02, 522.27, 5.08, 516.29, 0.14, 516.29, 10.02, 516.29, 9.88, 11.96
6.87, 1, white car, 332.62, 522.88, 359.46, 534.61, 346.04, 528.74, 332.62, 528.74, 359.46, 528.74, 26.83, 11.73
6.87, 72, black car, 77.86, 514.56, 103.90, 527.08, 90.88, 520.82, 77.86, 520.82, 103.90, 520.82, 26.05, 12.52
6.87, 59, black car, 0.14, 510.31, 10.03, 522.29, 5.09, 516.30, 0.14, 516.30, 10.03, 516.30, 9.89, 11.98
6.90, 1, white car, 330.73, 523.03, 357.66, 534.86, 344.19, 528.95, 330.73, 528.95, 357.66, 528.95, 26.93, 11.83
6.90, 72, black car, 77.82, 514.56, 103.91, 527.09, 90.86, 520.82, 77.82, 520.82, 103.91, 520.82, 26.09, 12.53
6.90, 59, black car, 0.14, 510.31, 10.02, 522.29, 5.08, 516.30, 0.14, 516.30, 10.02, 516.30, 9.88, 11.97
6.93, 1, white car, 328.81, 523.03, 355.83, 534.94, 342.32, 528.98, 328.81, 528.98, 355.83, 528.98, 27.02, 11.91
6.93, 72, black car, 77.71, 514.60, 103.83, 527.14, 90.77, 520.87, 77.71, 520.87, 103.83, 520.87, 26.12, 12.54
6.97, 1, white car, 327.02, 522.90, 353.96, 534.79, 340.49, 528.85, 327.02, 528.85, 353.96, 528.85, 26.93, 11.88
6.97, 72, black car, 77.91, 514.62, 104.12, 527.21, 91.02, 520.91, 77.91, 520.91, 104.12, 520.91, 26.21, 12.59
7.00, 1, white car, 325.14, 523.10, 351.93, 534.88, 338.53, 528.99, 325.14, 528.99, 351.93, 528.99, 26.78, 11.78
7.00, 72, black car, 77.80, 514.69, 103.97, 527.28, 90.89, 520.99, 77.80, 520.99, 103.97, 520.99, 26.17, 12.59
7.03, 1, white car, 323.67, 523.12, 350.25, 534.76, 336.96, 528.94, 323.67, 528.94, 350.25, 528.94, 26.58, 11.65
7.03, 72, black car, 77.78, 514.72, 103.92, 527.30, 90.85, 521.01, 77.78, 521.01, 103.92, 521.01, 26.14, 12.58
7.03, 59, black car, 0.00, 510.52, 9.83, 522.65, 4.92, 516.58, 0.00, 516.58, 9.83, 516.58, 9.83, 12.13
7.07, 1, white car, 321.74, 523.16, 348.36, 534.78, 335.05, 528.97, 321.74, 528.97, 348.36, 528.97, 26.63, 11.62
7.07, 72, black car, 77.85, 514.72, 103.94, 527.29, 90.90, 521.01, 77.85, 521.01, 103.94, 521.01, 26.09, 12.57
7.07, 59, black car, 0.00, 510.60, 9.81, 522.67, 4.91, 516.63, 0.00, 516.63, 9.81, 516.63, 9.81, 12.07
7.10, 1, white car, 319.83, 523.25, 346.05, 534.65, 332.94, 528.95, 319.83, 528.95, 346.05, 528.95, 26.22, 11.40
7.10, 72, black car, 77.76, 514.73, 103.88, 527.33, 90.82, 521.03, 77.76, 521.03, 103.88, 521.03, 26.12, 12.59
7.10, 59, black car, 0.00, 510.46, 9.83, 522.68, 4.92, 516.57, 0.00, 516.57, 9.83, 516.57, 9.83, 12.22
7.13, 1, white car, 318.20, 523.54, 344.41, 534.92, 331.31, 529.23, 318.20, 529.23, 344.41, 529.23, 26.20, 11.37
7.13, 72, black car, 77.51, 514.82, 103.59, 527.41, 90.55, 521.12, 77.51, 521.12, 103.59, 521.12, 26.08, 12.59
7.13, 59, black car, 0.00, 510.50, 9.76, 522.83, 4.88, 516.67, 0.00, 516.67, 9.76, 516.67, 9.76, 12.34
7.17, 1, white car, 316.65, 523.54, 342.62, 534.77, 329.63, 529.16, 316.65, 529.16, 342.62, 529.16, 25.97, 11.23
7.17, 72, black car, 77.63, 514.90, 103.63, 527.45, 90.63, 521.17, 77.63, 521.17, 103.63, 521.17, 26.00, 12.55
7.17, 59, black car, 0.00, 510.41, 9.76, 522.89, 4.88, 516.65, 0.00, 516.65, 9.76, 516.65, 9.76, 12.49
7.20, 1, white car, 314.86, 523.64, 340.33, 534.63, 327.60, 529.14, 314.86, 529.14, 340.33, 529.14, 25.47, 10.99
7.20, 72, black car, 77.59, 514.88, 103.61, 527.45, 90.60, 521.17, 77.59, 521.17, 103.61, 521.17, 26.02, 12.57
7.20, 59, black car, 0.00, 510.39, 9.74, 522.93, 4.87, 516.66, 0.00, 516.66, 9.74, 516.66, 9.74, 12.54
7.23, 1, white car, 313.04, 523.63, 338.19, 534.43, 325.62, 529.03, 313.04, 529.03, 338.19, 529.03, 25.15, 10.80
7.23, 72, black car, 77.54, 514.89, 103.53, 527.44, 90.54, 521.16, 77.54, 521.16, 103.53, 521.16, 25.99, 12.55
7.23, 59, black car, 0.00, 510.38, 9.71, 522.94, 4.86, 516.66, 0.00, 516.66, 9.71, 516.66, 9.71, 12.56
7.27, 1, white car, 311.36, 523.60, 336.52, 534.37, 323.94, 528.99, 311.36, 528.99, 336.52, 528.99, 25.17, 10.77
7.27, 72, black car, 77.53, 514.86, 103.53, 527.41, 90.53, 521.13, 77.53, 521.13, 103.53, 521.13, 25.99, 12.56
7.27, 59, black car, 0.00, 510.34, 9.67, 522.89, 4.84, 516.62, 0.00, 516.62, 9.67, 516.62, 9.67, 12.55
7.30, 1, white car, 309.65, 523.66, 334.99, 534.46, 322.32, 529.06, 309.65, 529.06, 334.99, 529.06, 25.34, 10.80
7.30, 72, black car, 77.73, 514.85, 103.72, 527.38, 90.73, 521.12, 77.73, 521.12, 103.72, 521.12, 25.98, 12.53
7.30, 59, black car, 0.00, 510.35, 9.63, 522.86, 4.82, 516.61, 0.00, 516.61, 9.63, 516.61, 9.63, 12.51
7.33, 1, white car, 307.56, 523.55, 333.31, 534.51, 320.43, 529.03, 307.56, 529.03, 333.31, 529.03, 25.75, 10.96
7.33, 72, black car, 77.73, 514.83, 103.82, 527.40, 90.77, 521.11, 77.73, 521.11, 103.82, 521.11, 26.09, 12.57
7.33, 59, black car, 0.00, 510.27, 9.63, 522.82, 4.81, 516.54, 0.00, 516.54, 9.63, 516.54, 9.63, 12.55
7.37, 1, white car, 305.60, 523.44, 331.62, 534.49, 318.61, 528.97, 305.60, 528.97, 331.62, 528.97, 26.02, 11.06
7.37, 72, black car, 77.78, 514.82, 103.92, 527.41, 90.85, 521.11, 77.78, 521.11, 103.92, 521.11, 26.15, 12.59
7.37, 59, black car, 0.01, 510.26, 9.63, 522.83, 4.82, 516.55, 0.01, 516.55, 9.63, 516.55, 9.61, 12.58
7.40, 1, white car, 303.88, 523.49, 330.06, 534.63, 316.97, 529.06, 303.88, 529.06, 330.06, 529.06, 26.18, 11.14
7.40, 72, black car, 77.81, 514.82, 103.95, 527.40, 90.88, 521.11, 77.81, 521.11, 103.95, 521.11, 26.14, 12.58
7.40, 59, black car, 0.03, 510.25, 9.60, 522.81, 4.82, 516.53, 0.03, 516.53, 9.60, 516.53, 9.57, 12.56
7.43, 1, white car, 302.00, 523.30, 328.44, 534.59, 315.22, 528.94, 302.00, 528.94, 328.44, 528.94, 26.44, 11.28
7.43, 72, black car, 77.86, 514.82, 104.02, 527.40, 90.94, 521.11, 77.86, 521.11, 104.02, 521.11, 26.16, 12.57
7.43, 59, black car, 0.04, 510.40, 9.71, 523.10, 4.87, 516.75, 0.04, 516.75, 9.71, 516.75, 9.67, 12.70
7.47, 1, white car, 300.06, 523.21, 326.56, 534.54, 313.31, 528.88, 300.06, 528.88, 326.56, 528.88, 26.51, 11.33
7.47, 72, black car, 77.84, 514.83, 104.01, 527.40, 90.93, 521.12, 77.84, 521.12, 104.01, 521.12, 26.17, 12.57
7.47, 59, black car, 0.04, 510.46, 9.74, 523.20, 4.89, 516.83, 0.04, 516.83, 9.74, 516.83, 9.70, 12.74
7.50, 1, white car, 298.39, 523.08, 324.82, 534.39, 311.60, 528.73, 298.39, 528.73, 324.82, 528.73, 26.42, 11.31
7.50, 72, black car, 77.78, 514.80, 103.98, 527.37, 90.88, 521.08, 77.78, 521.08, 103.98, 521.08, 26.20, 12.57
7.50, 59, black car, 0.03, 510.45, 9.73, 523.22, 4.88, 516.83, 0.03, 516.83, 9.73, 516.83, 9.71, 12.76
7.53, 1, white car, 297.07, 523.19, 322.84, 534.23, 309.95, 528.71, 297.07, 528.71, 322.84, 528.71, 25.77, 11.04
7.53, 72, black car, 77.76, 514.81, 103.94, 527.36, 90.85, 521.08, 77.76, 521.08, 103.94, 521.08, 26.18, 12.55
7.53, 59, black car, 0.06, 510.50, 9.71, 523.17, 4.89, 516.84, 0.06, 516.84, 9.71, 516.84, 9.65, 12.67
7.57, 1, white car, 295.23, 523.05, 321.41, 534.27, 308.32, 528.66, 295.23, 528.66, 321.41, 528.66, 26.18, 11.22
7.57, 72, black car, 77.74, 514.80, 103.93, 527.35, 90.84, 521.08, 77.74, 521.08, 103.93, 521.08, 26.19, 12.55
7.57, 59, black car, 0.08, 510.53, 9.71, 523.16, 4.89, 516.84, 0.08, 516.84, 9.71, 516.84, 9.63, 12.62
7.60, 1, white car, 293.08, 522.87, 319.78, 534.32, 306.43, 528.59, 293.08, 528.59, 319.78, 528.59, 26.69, 11.45
7.60, 72, black car, 77.74, 514.83, 103.87, 527.35, 90.80, 521.09, 77.74, 521.09, 103.87, 521.09, 26.13, 12.52
7.60, 59, black car, 0.12, 510.62, 9.69, 523.14, 4.90, 516.88, 0.12, 516.88, 9.69, 516.88, 9.57, 12.52
7.63, 72, black car, 77.87, 514.88, 103.92, 527.36, 90.89, 521.12, 77.87, 521.12, 103.92, 521.12, 26.06, 12.48
7.63, 59, black car, 0.12, 510.74, 9.71, 523.25, 4.92, 516.99, 0.12, 516.99, 9.71, 516.99, 9.58, 12.51
7.67, 72, black car, 77.72, 514.86, 103.83, 527.36, 90.77, 521.11, 77.72, 521.11, 103.83, 521.11, 26.11, 12.50
7.67, 59, black car, 0.11, 510.66, 9.72, 523.19, 4.92, 516.92, 0.11, 516.92, 9.72, 516.92, 9.61, 12.53
7.67, 1, white car, 289.47, 522.53, 316.80, 534.30, 303.14, 528.41, 289.47, 528.41, 316.80, 528.41, 27.33, 11.77
7.70, 72, black car, 77.76, 514.87, 103.86, 527.36, 90.81, 521.11, 77.76, 521.11, 103.86, 521.11, 26.10, 12.49
7.70, 59, black car, 0.08, 510.65, 9.71, 523.20, 4.89, 516.92, 0.08, 516.92, 9.71, 516.92, 9.63, 12.55
7.70, 1, white car, 288.25, 522.90, 314.82, 534.38, 301.53, 528.64, 288.25, 528.64, 314.82, 528.64, 26.57, 11.48
7.73, 72, black car, 77.87, 514.86, 104.03, 527.36, 90.95, 521.11, 77.87, 521.11, 104.03, 521.11, 26.16, 12.50
7.73, 59, black car, 0.08, 510.70, 9.70, 523.23, 4.89, 516.97, 0.08, 516.97, 9.70, 516.97, 9.62, 12.54
7.73, 1, white car, 286.91, 523.12, 312.84, 534.35, 299.87, 528.74, 286.91, 528.74, 312.84, 528.74, 25.93, 11.22
7.77, 72, black car, 77.73, 514.85, 103.91, 527.34, 90.82, 521.10, 77.73, 521.10, 103.91, 521.10, 26.18, 12.49
7.77, 59, black car, 0.07, 510.71, 9.68, 523.24, 4.88, 516.97, 0.07, 516.97, 9.68, 516.97, 9.61, 12.53
7.77, 1, white car, 285.26, 522.89, 311.40, 534.23, 298.33, 528.56, 285.26, 528.56, 311.40, 528.56, 26.14, 11.34
7.80, 72, black car, 77.57, 514.87, 103.69, 527.34, 90.63, 521.10, 77.57, 521.10, 103.69, 521.10, 26.12, 12.46
7.80, 59, black car, 0.05, 510.68, 9.65, 523.22, 4.85, 516.95, 0.05, 516.95, 9.65, 516.95, 9.60, 12.54
7.80, 1, white car, 283.72, 523.35, 309.19, 534.32, 296.46, 528.84, 283.72, 528.84, 309.19, 528.84, 25.48, 10.98
7.83, 72, black car, 77.55, 514.88, 103.68, 527.33, 90.61, 521.10, 77.55, 521.10, 103.68, 521.10, 26.13, 12.45
7.83, 59, black car, 0.05, 510.67, 9.63, 523.18, 4.84, 516.93, 0.05, 516.93, 9.63, 516.93, 9.58, 12.51
7.87, 72, black car, 77.56, 514.85, 103.79, 527.34, 90.67, 521.09, 77.56, 521.09, 103.79, 521.09, 26.23, 12.50
7.87, 59, black car, 0.03, 510.56, 9.67, 523.16, 4.85, 516.86, 0.03, 516.86, 9.67, 516.86, 9.64, 12.60
7.87, 1, white car, 280.13, 523.22, 305.73, 534.18, 292.93, 528.70, 280.13, 528.70, 305.73, 528.70, 25.60, 10.96
7.90, 72, black car, 77.65, 514.88, 103.89, 527.38, 90.77, 521.13, 77.65, 521.13, 103.89, 521.13, 26.24, 12.49
7.90, 59, black car, 0.06, 510.63, 9.70, 523.21, 4.88, 516.92, 0.06, 516.92, 9.70, 516.92, 9.63, 12.58
7.93, 72, black car, 77.66, 514.87, 103.88, 527.36, 90.77, 521.12, 77.66, 521.12, 103.88, 521.12, 26.22, 12.48
7.93, 59, black car, 0.08, 510.65, 9.72, 523.23, 4.90, 516.94, 0.08, 516.94, 9.72, 516.94, 9.64, 12.58
7.97, 72, black car, 77.99, 514.90, 104.35, 527.47, 91.17, 521.19, 77.99, 521.19, 104.35, 521.19, 26.36, 12.56
7.97, 59, black car, 0.10, 510.53, 9.65, 522.99, 4.88, 516.76, 0.10, 516.76, 9.65, 516.76, 9.55, 12.46
7.97, 1, white car, 276.03, 522.90, 302.01, 533.99, 289.02, 528.45, 276.03, 528.45, 302.01, 528.45, 25.99, 11.10
8.00, 72, black car, 78.14, 514.88, 104.58, 527.49, 91.36, 521.18, 78.14, 521.18, 104.58, 521.18, 26.44, 12.61
8.00, 59, black car, 0.11, 510.49, 9.63, 522.91, 4.87, 516.70, 0.11, 516.70, 9.63, 516.70, 9.52, 12.42
8.00, 1, white car, 274.78, 522.91, 300.57, 533.93, 287.67, 528.42, 274.78, 528.42, 300.57, 528.42, 25.79, 11.02
8.03, 72, black car, 78.20, 514.83, 104.72, 527.49, 91.46, 521.16, 78.20, 521.16, 104.72, 521.16, 26.51, 12.65
8.03, 59, black car, 0.16, 510.51, 9.63, 522.83, 4.90, 516.67, 0.16, 516.67, 9.63, 516.67, 9.47, 12.32
8.03, 1, white car, 272.74, 522.79, 298.68, 533.87, 285.71, 528.33, 272.74, 528.33, 298.68, 528.33, 25.95, 11.08
8.03, 95, black car, 115.77, 515.30, 140.13, 527.17, 127.95, 521.23, 115.77, 521.23, 140.13, 521.23, 24.36, 11.87
8.07, 72, black car, 78.29, 514.88, 104.68, 527.48, 91.49, 521.18, 78.29, 521.18, 104.68, 521.18, 26.40, 12.61
8.07, 59, black car, 0.17, 510.52, 9.63, 522.81, 4.90, 516.66, 0.17, 516.66, 9.63, 516.66, 9.46, 12.29
8.07, 1, white car, 270.50, 522.68, 296.69, 533.82, 283.59, 528.25, 270.50, 528.25, 296.69, 528.25, 26.19, 11.14
8.07, 95, black car, 115.84, 515.33, 140.17, 527.19, 128.00, 521.26, 115.84, 521.26, 140.17, 521.26, 24.33, 11.86
8.10, 72, black car, 78.39, 514.88, 104.70, 527.46, 91.54, 521.17, 78.39, 521.17, 104.70, 521.17, 26.31, 12.58
8.10, 59, black car, 0.15, 510.48, 9.66, 522.83, 4.90, 516.65, 0.15, 516.65, 9.66, 516.65, 9.51, 12.35
8.10, 1, white car, 268.53, 522.65, 295.15, 533.99, 281.84, 528.32, 268.53, 528.32, 295.15, 528.32, 26.62, 11.34
8.10, 95, black car, 115.87, 515.36, 140.15, 527.20, 128.01, 521.28, 115.87, 521.28, 140.15, 521.28, 24.28, 11.84
8.13, 72, black car, 78.46, 514.89, 104.68, 527.43, 91.57, 521.16, 78.46, 521.16, 104.68, 521.16, 26.21, 12.54
8.13, 59, black car, 0.14, 510.38, 9.69, 522.80, 4.92, 516.59, 0.14, 516.59, 9.69, 516.59, 9.55, 12.41
8.13, 1, white car, 267.24, 522.67, 293.87, 534.04, 280.56, 528.36, 267.24, 528.36, 293.87, 528.36, 26.63, 11.37
8.13, 95, black car, 115.88, 515.37, 140.11, 527.19, 127.99, 521.28, 115.88, 521.28, 140.11, 521.28, 24.23, 11.82
8.17, 72, black car, 78.45, 514.89, 104.59, 527.39, 91.52, 521.14, 78.45, 521.14, 104.59, 521.14, 26.14, 12.50
8.17, 59, black car, 0.11, 510.31, 9.68, 522.75, 4.89, 516.53, 0.11, 516.53, 9.68, 516.53, 9.57, 12.44
8.17, 1, white car, 265.94, 522.19, 292.73, 533.69, 279.33, 527.94, 265.94, 527.94, 292.73, 527.94, 26.79, 11.50
8.17, 95, black car, 115.81, 515.32, 140.05, 527.15, 127.93, 521.24, 115.81, 521.24, 140.05, 521.24, 24.24, 11.83
8.20, 72, black car, 78.33, 514.95, 104.34, 527.39, 91.34, 521.17, 78.33, 521.17, 104.34, 521.17, 26.01, 12.44
8.20, 59, black car, 0.13, 510.34, 9.65, 522.72, 4.89, 516.53, 0.13, 516.53, 9.65, 516.53, 9.52, 12.38
8.20, 1, white car, 264.45, 522.04, 291.23, 533.60, 277.84, 527.82, 264.45, 527.82, 291.23, 527.82, 26.78, 11.56
8.23, 72, black car, 78.43, 514.96, 104.40, 527.37, 91.42, 521.16, 78.43, 521.16, 104.40, 521.16, 25.98, 12.41
8.23, 59, black car, 0.16, 510.45, 9.60, 522.70, 4.88, 516.58, 0.16, 516.58, 9.60, 516.58, 9.45, 12.25
8.23, 1, white car, 263.11, 522.30, 289.71, 533.83, 276.41, 528.06, 263.11, 528.06, 289.71, 528.06, 26.60, 11.52
8.27, 72, black car, 78.37, 514.94, 104.37, 527.36, 91.37, 521.15, 78.37, 521.15, 104.37, 521.15, 26.01, 12.43
8.27, 59, black car, 0.20, 510.52, 9.61, 522.68, 4.90, 516.60, 0.20, 516.60, 9.61, 516.60, 9.41, 12.16
8.27, 1, white car, 261.74, 522.42, 288.18, 533.92, 274.96, 528.17, 261.74, 528.17, 288.18, 528.17, 26.45, 11.50
8.30, 72, black car, 78.30, 514.93, 104.34, 527.36, 91.32, 521.15, 78.30, 521.15, 104.34, 521.15, 26.05, 12.43
8.30, 59, black car, 0.18, 510.54, 9.62, 522.71, 4.90, 516.63, 0.18, 516.63, 9.62, 516.63, 9.44, 12.17
8.30, 1, white car, 260.52, 522.41, 286.95, 533.94, 273.73, 528.18, 260.52, 528.18, 286.95, 528.18, 26.43, 11.53
8.33, 72, black car, 78.42, 514.90, 104.44, 527.31, 91.43, 521.11, 78.42, 521.11, 104.44, 521.11, 26.03, 12.40
8.33, 59, black car, 0.20, 510.61, 9.67, 522.78, 4.93, 516.69, 0.20, 516.69, 9.67, 516.69, 9.46, 12.17
8.33, 1, white car, 258.78, 522.12, 285.42, 533.76, 272.10, 527.94, 258.78, 527.94, 285.42, 527.94, 26.64, 11.63
8.37, 72, black car, 78.50, 514.87, 104.61, 527.30, 91.56, 521.09, 78.50, 521.09, 104.61, 521.09, 26.11, 12.43
8.37, 59, black car, 0.20, 510.62, 9.70, 522.81, 4.95, 516.72, 0.20, 516.72, 9.70, 516.72, 9.50, 12.18
8.37, 1, white car, 257.12, 521.90, 283.87, 533.60, 270.50, 527.75, 257.12, 527.75, 283.87, 527.75, 26.75, 11.70
8.40, 72, black car, 78.46, 514.91, 104.54, 527.32, 91.50, 521.11, 78.46, 521.11, 104.54, 521.11, 26.07, 12.40
8.40, 59, black car, 0.13, 510.52, 9.65, 522.73, 4.89, 516.63, 0.13, 516.63, 9.65, 516.63, 9.52, 12.21
8.40, 1, white car, 255.70, 521.97, 282.28, 533.62, 268.99, 527.80, 255.70, 527.80, 282.28, 527.80, 26.58, 11.65
8.43, 72, black car, 78.24, 514.91, 104.34, 527.32, 91.29, 521.12, 78.24, 521.12, 104.34, 521.12, 26.10, 12.42
8.43, 59, black car, 0.05, 510.31, 9.63, 522.64, 4.84, 516.47, 0.05, 516.47, 9.63, 516.47, 9.59, 12.33
8.43, 1, white car, 254.17, 522.10, 280.43, 533.62, 267.30, 527.86, 254.17, 527.86, 280.43, 527.86, 26.25, 11.52
8.47, 72, black car, 78.18, 514.91, 104.22, 527.30, 91.20, 521.10, 78.18, 521.10, 104.22, 521.10, 26.04, 12.39
8.47, 59, black car, 0.09, 510.30, 9.61, 522.55, 4.85, 516.43, 0.09, 516.43, 9.61, 516.43, 9.52, 12.25
8.47, 1, white car, 253.04, 522.11, 279.06, 533.53, 266.05, 527.82, 253.04, 527.82, 279.06, 527.82, 26.02, 11.41
8.50, 72, black car, 78.50, 514.88, 104.54, 527.27, 91.52, 521.08, 78.50, 521.08, 104.54, 521.08, 26.05, 12.39
8.50, 59, black car, 0.16, 510.47, 9.61, 522.58, 4.88, 516.53, 0.16, 516.53, 9.61, 516.53, 9.45, 12.11
8.50, 1, white car, 251.39, 521.96, 277.69, 533.50, 264.54, 527.73, 251.39, 527.73, 277.69, 527.73, 26.31, 11.54
8.53, 72, black car, 78.59, 514.87, 104.58, 527.24, 91.58, 521.05, 78.59, 521.05, 104.58, 521.05, 25.99, 12.36
8.53, 59, black car, 0.19, 510.47, 9.63, 522.53, 4.91, 516.50, 0.19, 516.50, 9.63, 516.50, 9.44, 12.06
8.53, 1, white car, 249.66, 521.64, 275.92, 533.18, 262.79, 527.41, 249.66, 527.41, 275.92, 527.41, 26.26, 11.54
8.57, 72, black car, 78.61, 514.87, 104.60, 527.24, 91.60, 521.06, 78.61, 521.06, 104.60, 521.06, 25.99, 12.36
8.57, 59, black car, 0.17, 510.45, 9.63, 522.52, 4.90, 516.48, 0.17, 516.48, 9.63, 516.48, 9.46, 12.07
8.57, 1, white car, 248.37, 521.49, 274.84, 533.14, 261.60, 527.31, 248.37, 527.31, 274.84, 527.31, 26.47, 11.65
8.60, 72, black car, 78.73, 514.83, 104.78, 527.21, 91.76, 521.02, 78.73, 521.02, 104.78, 521.02, 26.05, 12.39
8.60, 59, black car, 0.19, 510.53, 9.64, 522.53, 4.91, 516.53, 0.19, 516.53, 9.64, 516.53, 9.44, 12.01
8.60, 1, white car, 247.26, 521.55, 274.00, 533.33, 260.63, 527.44, 247.26, 527.44, 274.00, 527.44, 26.73, 11.78
8.63, 72, black car, 78.80, 514.83, 104.85, 527.21, 91.82, 521.02, 78.80, 521.02, 104.85, 521.02, 26.05, 12.38
8.63, 59, black car, 0.18, 510.54, 9.64, 522.54, 4.91, 516.54, 0.18, 516.54, 9.64, 516.54, 9.46, 11.99
8.63, 1, white car, 246.73, 521.77, 273.33, 533.46, 260.03, 527.62, 246.73, 527.62, 273.33, 527.62, 26.60, 11.70
8.67, 72, black car, 78.83, 514.83, 104.86, 527.18, 91.85, 521.01, 78.83, 521.01, 104.86, 521.01, 26.03, 12.36
8.67, 59, black car, 0.18, 510.60, 9.64, 522.54, 4.91, 516.57, 0.18, 516.57, 9.64, 516.57, 9.45, 11.95
8.67, 1, white car, 245.73, 521.95, 272.21, 533.58, 258.97, 527.76, 245.73, 527.76, 272.21, 527.76, 26.48, 11.63
8.70, 72, black car, 78.78, 514.82, 104.94, 527.22, 91.86, 521.02, 78.78, 521.02, 104.94, 521.02, 26.16, 12.40
8.70, 59, black car, 0.19, 510.53, 9.71, 522.52, 4.95, 516.53, 0.19, 516.53, 9.71, 516.53, 9.52, 11.99
8.73, 72, black car, 78.71, 514.73, 104.88, 527.14, 91.79, 520.94, 78.71, 520.94, 104.88, 520.94, 26.18, 12.41
8.73, 59, black car, 0.14, 510.33, 9.72, 522.38, 4.93, 516.36, 0.14, 516.36, 9.72, 516.36, 9.57, 12.05
8.77, 72, black car, 78.72, 514.78, 104.83, 527.15, 91.77, 520.97, 78.72, 520.97, 104.83, 520.97, 26.11, 12.37
8.77, 59, black car, 0.12, 510.34, 9.70, 522.40, 4.91, 516.37, 0.12, 516.37, 9.70, 516.37, 9.58, 12.06
8.80, 72, black car, 78.64, 514.79, 104.87, 527.21, 91.75, 521.00, 78.64, 521.00, 104.87, 521.00, 26.23, 12.42
8.80, 59, black car, 0.14, 510.38, 9.73, 522.42, 4.94, 516.40, 0.14, 516.40, 9.73, 516.40, 9.59, 12.04
8.83, 72, black car, 78.52, 514.84, 104.69, 527.22, 91.60, 521.03, 78.52, 521.03, 104.69, 521.03, 26.17, 12.38
8.83, 59, black car, 0.13, 510.30, 9.77, 522.38, 4.95, 516.34, 0.13, 516.34, 9.77, 516.34, 9.64, 12.08
8.83, 1, white car, 238.26, 521.62, 264.20, 533.05, 251.23, 527.33, 238.26, 527.33, 264.20, 527.33, 25.94, 11.42
8.87, 72, black car, 78.58, 514.85, 104.86, 527.25, 91.72, 521.05, 78.58, 521.05, 104.86, 521.05, 26.27, 12.40
8.87, 59, black car, 0.15, 510.37, 9.77, 522.41, 4.96, 516.39, 0.15, 516.39, 9.77, 516.39, 9.62, 12.04
8.87, 1, white car, 236.97, 521.68, 262.97, 533.16, 249.97, 527.42, 236.97, 527.42, 262.97, 527.42, 26.00, 11.48
8.90, 72, black car, 78.58, 514.85, 104.96, 527.28, 91.77, 521.07, 78.58, 521.07, 104.96, 521.07, 26.38, 12.43
8.90, 59, black car, 0.15, 510.39, 9.78, 522.43, 4.97, 516.41, 0.15, 516.41, 9.78, 516.41, 9.63, 12.03
8.90, 1, white car, 235.77, 521.63, 261.75, 533.09, 248.76, 527.36, 235.77, 527.36, 261.75, 527.36, 25.98, 11.46
8.93, 72, black car, 78.55, 514.85, 105.03, 527.30, 91.79, 521.08, 78.55, 521.08, 105.03, 521.08, 26.48, 12.45
8.93, 59, black car, 0.14, 510.39, 9.80, 522.44, 4.97, 516.41, 0.14, 516.41, 9.80, 516.41, 9.66, 12.05
8.93, 1, white car, 234.65, 521.63, 260.55, 533.07, 247.60, 527.35, 234.65, 527.35, 260.55, 527.35, 25.91, 11.45
8.97, 72, black car, 78.34, 514.83, 104.91, 527.27, 91.63, 521.05, 78.34, 521.05, 104.91, 521.05, 26.57, 12.44
8.97, 59, black car, 0.10, 510.50, 9.82, 522.63, 4.96, 516.57, 0.10, 516.57, 9.82, 516.57, 9.72, 12.13
8.97, 1, white car, 233.40, 521.60, 259.37, 533.10, 246.38, 527.35, 233.40, 527.35, 259.37, 527.35, 25.97, 11.51
9.00, 72, black car, 78.19, 514.76, 104.84, 527.20, 91.52, 520.98, 78.19, 520.98, 104.84, 520.98, 26.65, 12.44
9.00, 59, black car, 0.10, 510.57, 9.86, 522.75, 4.98, 516.66, 0.10, 516.66, 9.86, 516.66, 9.76, 12.18
9.00, 1, white car, 232.15, 521.56, 258.08, 533.08, 245.12, 527.32, 232.15, 527.32, 258.08, 527.32, 25.93, 11.52
9.03, 72, black car, 78.23, 514.78, 104.89, 527.19, 91.56, 520.99, 78.23, 520.99, 104.89, 520.99, 26.66, 12.41
9.03, 59, black car, 0.10, 510.58, 9.84, 522.74, 4.97, 516.66, 0.10, 516.66, 9.84, 516.66, 9.73, 12.16
9.03, 1, white car, 230.56, 521.65, 256.18, 533.06, 243.37, 527.36, 230.56, 527.36, 256.18, 527.36, 25.62, 11.41
9.07, 72, black car, 78.26, 514.83, 104.97, 527.22, 91.62, 521.02, 78.26, 521.02, 104.97, 521.02, 26.71, 12.39
9.07, 59, black car, 0.10, 510.66, 9.82, 522.80, 4.96, 516.73, 0.10, 516.73, 9.82, 516.73, 9.72, 12.14
9.07, 1, white car, 229.17, 521.78, 254.51, 533.09, 241.84, 527.43, 229.17, 527.43, 254.51, 527.43, 25.33, 11.31
9.10, 72, black car, 78.35, 514.85, 105.18, 527.25, 91.77, 521.05, 78.35, 521.05, 105.18, 521.05, 26.83, 12.40
9.10, 59, black car, 0.11, 510.66, 9.81, 522.77, 4.96, 516.71, 0.11, 516.71, 9.81, 516.71, 9.70, 12.11
9.10, 1, white car, 228.18, 521.82, 253.20, 533.00, 240.69, 527.41, 228.18, 527.41, 253.20, 527.41, 25.02, 11.18
9.13, 72, black car, 78.35, 514.86, 105.29, 527.27, 91.82, 521.07, 78.35, 521.07, 105.29, 521.07, 26.94, 12.41
9.13, 59, black car, 0.11, 510.67, 9.80, 522.76, 4.96, 516.72, 0.11, 516.72, 9.80, 516.72, 9.69, 12.09
9.13, 1, white car, 227.17, 521.85, 252.17, 533.04, 239.67, 527.44, 227.17, 527.44, 252.17, 527.44, 25.00, 11.19
9.17, 72, black car, 78.33, 514.85, 105.41, 527.28, 91.87, 521.07, 78.33, 521.07, 105.41, 521.07, 27.08, 12.43
9.17, 59, black car, 0.11, 510.67, 9.79, 522.73, 4.95, 516.70, 0.11, 516.70, 9.79, 516.70, 9.68, 12.07
9.17, 1, white car, 226.21, 521.78, 251.25, 532.98, 238.73, 527.38, 226.21, 527.38, 251.25, 527.38, 25.04, 11.20
9.20, 72, black car, 78.24, 514.89, 105.34, 527.30, 91.79, 521.09, 78.24, 521.09, 105.34, 521.09, 27.10, 12.41
9.20, 59, black car, 0.10, 510.67, 9.79, 522.73, 4.95, 516.70, 0.10, 516.70, 9.79, 516.70, 9.68, 12.07
9.20, 1, white car, 225.14, 521.91, 250.25, 533.13, 237.70, 527.52, 225.14, 527.52, 250.25, 527.52, 25.11, 11.22
9.23, 72, black car, 78.15, 514.87, 105.33, 527.30, 91.74, 521.08, 78.15, 521.08, 105.33, 521.08, 27.18, 12.42
9.23, 59, black car, 0.10, 510.65, 9.81, 522.74, 4.95, 516.70, 0.10, 516.70, 9.81, 516.70, 9.71, 12.09
9.23, 1, white car, 223.90, 521.84, 249.14, 533.10, 236.52, 527.47, 223.90, 527.47, 249.14, 527.47, 25.23, 11.27
9.27, 72, black car, 78.13, 514.89, 105.33, 527.29, 91.73, 521.09, 78.13, 521.09, 105.33, 521.09, 27.21, 12.40
9.27, 59, black car, 0.08, 510.74, 9.85, 522.91, 4.96, 516.83, 0.08, 516.83, 9.85, 516.83, 9.77, 12.17
9.27, 1, white car, 222.72, 521.83, 247.89, 533.07, 235.30, 527.45, 222.72, 527.45, 247.89, 527.45, 25.17, 11.23
9.30, 72, black car, 78.07, 514.86, 105.33, 527.26, 91.70, 521.06, 78.07, 521.06, 105.33, 521.06, 27.25, 12.40
9.30, 59, black car, 0.10, 510.69, 9.89, 522.88, 5.00, 516.78, 0.10, 516.78, 9.89, 516.78, 9.80, 12.19
9.30, 1, white car, 221.69, 521.69, 246.78, 532.86, 234.24, 527.27, 221.69, 527.27, 246.78, 527.27, 25.09, 11.18
9.33, 72, black car, 78.08, 514.86, 105.36, 527.25, 91.72, 521.06, 78.08, 521.06, 105.36, 521.06, 27.28, 12.39
9.33, 59, black car, 0.12, 510.65, 9.91, 522.82, 5.01, 516.74, 0.12, 516.74, 9.91, 516.74, 9.79, 12.17
9.33, 1, white car, 220.33, 521.53, 245.77, 532.85, 233.05, 527.19, 220.33, 527.19, 245.77, 527.19, 25.44, 11.32
9.37, 72, black car, 78.04, 514.86, 105.45, 527.28, 91.75, 521.07, 78.04, 521.07, 105.45, 521.07, 27.41, 12.41
9.37, 59, black car, 0.12, 510.70, 9.87, 522.82, 5.00, 516.76, 0.12, 516.76, 9.87, 516.76, 9.76, 12.11
9.37, 1, white car, 219.01, 521.44, 244.72, 532.88, 231.87, 527.16, 219.01, 527.16, 244.72, 527.16, 25.71, 11.44
9.40, 72, black car, 78.01, 514.87, 105.48, 527.28, 91.75, 521.07, 78.01, 521.07, 105.48, 521.07, 27.47, 12.41
9.40, 59, black car, 0.09, 510.71, 9.87, 522.85, 4.98, 516.78, 0.09, 516.78, 9.87, 516.78, 9.78, 12.14
9.40, 1, white car, 217.61, 521.46, 243.39, 532.95, 230.50, 527.20, 217.61, 527.20, 243.39, 527.20, 25.78, 11.49
9.43, 72, black car, 77.77, 514.87, 105.31, 527.29, 91.54, 521.08, 77.77, 521.08, 105.31, 521.08, 27.54, 12.42
9.43, 59, black car, 0.07, 510.71, 9.86, 522.87, 4.97, 516.79, 0.07, 516.79, 9.86, 516.79, 9.79, 12.16
9.43, 1, white car, 216.37, 521.48, 242.12, 532.98, 229.24, 527.23, 216.37, 527.23, 242.12, 527.23, 25.75, 11.50
9.47, 72, black car, 77.88, 514.86, 105.53, 527.30, 91.71, 521.08, 77.88, 521.08, 105.53, 521.08, 27.64, 12.44
9.47, 59, black car, 0.07, 510.63, 9.86, 522.78, 4.97, 516.70, 0.07, 516.70, 9.86, 516.70, 9.79, 12.15
9.47, 1, white car, 215.48, 521.46, 241.23, 533.00, 228.36, 527.23, 215.48, 527.23, 241.23, 527.23, 25.75, 11.54
9.50, 72, black car, 77.85, 514.89, 105.55, 527.34, 91.70, 521.11, 77.85, 521.11, 105.55, 521.11, 27.70, 12.44
9.50, 59, black car, 0.05, 510.59, 9.84, 522.76, 4.94, 516.68, 0.05, 516.68, 9.84, 516.68, 9.79, 12.17
9.53, 72, black car, 77.75, 514.91, 105.49, 527.34, 91.62, 521.12, 77.75, 521.12, 105.49, 521.12, 27.74, 12.43
9.53, 59, black car, 0.04, 510.68, 9.82, 522.84, 4.93, 516.76, 0.04, 516.76, 9.82, 516.76, 9.78, 12.15
9.57, 72, black car, 77.56, 514.87, 105.45, 527.36, 91.50, 521.12, 77.56, 521.12, 105.45, 521.12, 27.88, 12.48
9.57, 59, black car, 0.05, 510.67, 9.85, 522.85, 4.95, 516.76, 0.05, 516.76, 9.85, 516.76, 9.80, 12.18
9.60, 72, black car, 77.55, 514.88, 105.35, 527.31, 91.45, 521.10, 77.55, 521.10, 105.35, 521.10, 27.80, 12.43
9.60, 59, black car, 0.06, 510.64, 9.85, 522.81, 4.95, 516.73, 0.06, 516.73, 9.85, 516.73, 9.79, 12.17
9.63, 72, black car, 77.48, 514.85, 105.35, 527.29, 91.41, 521.07, 77.48, 521.07, 105.35, 521.07, 27.86, 12.44
9.63, 59, black car, 0.02, 510.55, 9.82, 522.76, 4.92, 516.66, 0.02, 516.66, 9.82, 516.66, 9.80, 12.21
9.63, 1, white car, 210.58, 521.23, 236.38, 532.81, 223.48, 527.02, 210.58, 527.02, 236.38, 527.02, 25.79, 11.58
9.67, 72, black car, 77.56, 514.85, 105.44, 527.29, 91.50, 521.07, 77.56, 521.07, 105.44, 521.07, 27.88, 12.44
9.67, 59, black car, 0.04, 510.51, 9.84, 522.72, 4.94, 516.61, 0.04, 516.61, 9.84, 516.61, 9.80, 12.22
9.67, 1, white car, 209.69, 521.10, 235.46, 532.73, 222.58, 526.92, 209.69, 526.92, 235.46, 526.92, 25.77, 11.63
9.70, 72, black car, 77.36, 514.90, 105.24, 527.34, 91.30, 521.12, 77.36, 521.12, 105.24, 521.12, 27.89, 12.44
9.70, 59, black car, 0.02, 510.53, 9.87, 522.83, 4.94, 516.68, 0.02, 516.68, 9.87, 516.68, 9.85, 12.30
9.70, 1, white car, 208.82, 521.19, 234.25, 532.72, 221.54, 526.95, 208.82, 526.95, 234.25, 526.95, 25.43, 11.52
9.73, 72, black car, 77.27, 514.92, 105.15, 527.35, 91.21, 521.14, 77.27, 521.14, 105.15, 521.14, 27.88, 12.43
9.73, 59, black car, 0.01, 510.51, 9.85, 522.82, 4.93, 516.67, 0.01, 516.67, 9.85, 516.67, 9.84, 12.30
9.73, 1, white car, 207.99, 521.23, 233.05, 532.59, 220.52, 526.91, 207.99, 526.91, 233.05, 526.91, 25.06, 11.36
9.77, 72, black car, 77.44, 514.90, 105.28, 527.31, 91.36, 521.10, 77.44, 521.10, 105.28, 521.10, 27.84, 12.41
9.77, 59, black car, 0.07, 510.61, 9.84, 522.81, 4.95, 516.71, 0.07, 516.71, 9.84, 516.71, 9.77, 12.20
9.77, 1, white car, 207.13, 521.04, 232.10, 532.37, 219.62, 526.70, 207.13, 526.70, 232.10, 526.70, 24.97, 11.33
9.80, 72, black car, 77.34, 514.86, 105.29, 527.32, 91.32, 521.09, 77.34, 521.09, 105.29, 521.09, 27.94, 12.46
9.80, 59, black car, 0.05, 510.54, 9.82, 522.75, 4.93, 516.65, 0.05, 516.65, 9.82, 516.65, 9.77, 12.21
9.80, 1, white car, 205.68, 520.84, 230.91, 532.30, 218.30, 526.57, 205.68, 526.57, 230.91, 526.57, 25.24, 11.46
9.83, 72, black car, 77.31, 514.84, 105.27, 527.32, 91.29, 521.08, 77.31, 521.08, 105.27, 521.08, 27.97, 12.48
9.83, 59, black car, 0.05, 510.52, 9.81, 522.73, 4.93, 516.62, 0.05, 516.62, 9.81, 516.62, 9.77, 12.21
9.83, 1, white car, 204.59, 520.66, 229.97, 532.17, 217.28, 526.41, 204.59, 526.41, 229.97, 526.41, 25.39, 11.52
9.87, 72, black car, 77.56, 514.82, 105.45, 527.27, 91.51, 521.05, 77.56, 521.05, 105.45, 521.05, 27.90, 12.45
9.87, 59, black car, 0.08, 510.56, 9.84, 522.74, 4.96, 516.65, 0.08, 516.65, 9.84, 516.65, 9.76, 12.18
9.87, 1, white car, 203.69, 520.58, 229.31, 532.21, 216.50, 526.40, 203.69, 526.40, 229.31, 526.40, 25.62, 11.63
9.90, 72, black car, 77.50, 514.85, 105.39, 527.31, 91.45, 521.08, 77.50, 521.08, 105.39, 521.08, 27.89, 12.46
9.90, 59, black car, 0.06, 510.56, 9.82, 522.74, 4.94, 516.65, 0.06, 516.65, 9.82, 516.65, 9.76, 12.18
9.90, 1, white car, 202.90, 520.54, 228.46, 532.15, 215.68, 526.34, 202.90, 526.34, 228.46, 526.34, 25.56, 11.61
9.93, 72, black car, 77.46, 514.88, 105.34, 527.34, 91.40, 521.11, 77.46, 521.11, 105.34, 521.11, 27.89, 12.46
9.93, 59, black car, 0.02, 510.50, 9.83, 522.77, 4.92, 516.63, 0.02, 516.63, 9.83, 516.63, 9.82, 12.27
9.93, 1, white car, 202.16, 520.68, 227.62, 532.27, 214.89, 526.48, 202.16, 526.48, 227.62, 526.48, 25.46, 11.59
9.97, 72, black car, 77.10, 514.80, 105.24, 527.38, 91.17, 521.09, 77.10, 521.09, 105.24, 521.09, 28.14, 12.58
9.97, 59, black car, 0.13, 510.62, 9.74, 522.63, 4.93, 516.63, 0.13, 516.63, 9.74, 516.63, 9.61, 12.01
9.97, 1, white car, 201.53, 520.69, 226.81, 532.21, 214.17, 526.45, 201.53, 526.45, 226.81, 526.45, 25.28, 11.52
