0.00, 1, white car, 950.11, 513.99, 979.08, 527.11, 964.59, 520.55, 950.11, 520.55, 979.08, 520.55, 28.97, 13.12
0.00, 3, black car, 127.48, 443.67, 160.48, 457.01, 143.98, 450.34, 127.48, 450.34, 160.48, 450.34, 33.00, 13.34
0.00, 4, black car, 1073.60, 513.15, 1104.86, 526.91, 1089.23, 520.03, 1073.60, 520.03, 1104.86, 520.03, 31.25, 13.77
0.00, 6, black car, 1282.17, 519.34, 1309.58, 531.15, 1295.87, 525.25, 1282.17, 525.25, 1309.58, 525.25, 27.42, 11.81
0.03, 1, white car, 948.37, 514.29, 976.60, 527.07, 962.48, 520.68, 948.37, 520.68, 976.60, 520.68, 28.23, 12.78
0.03, 3, black car, 126.76, 443.80, 159.14, 456.89, 142.95, 450.34, 126.76, 450.34, 159.14, 450.34, 32.39, 13.09
0.03, 4, black car, 1070.98, 513.80, 1101.28, 527.15, 1086.13, 520.48, 1070.98, 520.48, 1101.28, 520.48, 30.30, 13.35
0.03, 6, black car, 1277.81, 518.80, 1306.34, 531.09, 1292.07, 524.94, 1277.81, 524.94, 1306.34, 524.94, 28.53, 12.28
0.07, 1, white car, 945.73, 514.32, 974.15, 527.17, 959.94, 520.75, 945.73, 520.75, 974.15, 520.75, 28.42, 12.85
0.07, 3, black car, 123.55, 443.73, 156.28, 456.95, 139.92, 450.34, 123.55, 450.34, 156.28, 450.34, 32.73, 13.22
0.07, 4, black car, 1068.16, 513.61, 1099.11, 527.26, 1083.64, 520.43, 1068.16, 520.43, 1099.11, 520.43, 30.95, 13.65
0.07, 6, black car, 1275.44, 518.80, 1304.05, 531.12, 1289.74, 524.96, 1275.44, 524.96, 1304.05, 524.96, 28.61, 12.32
0.10, 1, white car, 943.02, 514.56, 971.05, 527.22, 957.04, 520.89, 943.02, 520.89, 971.05, 520.89, 28.03, 12.67
0.10, 3, black car, 120.48, 443.35, 153.15, 456.54, 136.81, 449.94, 120.48, 449.94, 153.15, 449.94, 32.67, 13.19
0.10, 4, black car, 1065.67, 513.59, 1096.74, 527.31, 1081.21, 520.45, 1065.67, 520.45, 1096.74, 520.45, 31.08, 13.72
0.10, 6, black car, 1272.51, 518.43, 1301.32, 530.84, 1286.91, 524.64, 1272.51, 524.64, 1301.32, 524.64, 28.81, 12.41
0.13, 1, white car, 938.99, 514.21, 968.12, 527.37, 953.55, 520.79, 938.99, 520.79, 968.12, 520.79, 29.13, 13.16
0.13, 3, black car, 118.09, 443.12, 150.67, 456.28, 134.38, 449.70, 118.09, 449.70, 150.67, 449.70, 32.58, 13.16
0.13, 4, black car, 1063.09, 513.63, 1094.06, 527.28, 1078.57, 520.45, 1063.09, 520.45, 1094.06, 520.45, 30.97, 13.65
0.13, 6, black car, 1268.78, 518.16, 1297.72, 530.62, 1283.25, 524.39, 1268.78, 524.39, 1297.72, 524.39, 28.93, 12.46
0.17, 1, white car, 936.02, 514.25, 965.34, 527.50, 950.68, 520.88, 936.02, 520.88, 965.34, 520.88, 29.32, 13.25
0.17, 3, black car, 115.75, 442.84, 148.31, 455.99, 132.03, 449.42, 115.75, 449.42, 148.31, 449.42, 32.57, 13.15
0.17, 4, black car, 1060.67, 513.53, 1091.62, 527.16, 1076.15, 520.35, 1060.67, 520.35, 1091.62, 520.35, 30.95, 13.63
0.17, 6, black car, 1266.67, 518.48, 1294.94, 530.65, 1280.80, 524.56, 1266.67, 524.56, 1294.94, 524.56, 28.27, 12.17
0.20, 1, white car, 933.41, 514.62, 962.45, 527.71, 947.93, 521.16, 933.41, 521.16, 962.45, 521.16, 29.04, 13.08
0.20, 3, black car, 112.51, 442.20, 145.69, 455.59, 129.10, 448.89, 112.51, 448.89, 145.69, 448.89, 33.17, 13.39
0.20, 4, black car, 1057.81, 513.50, 1088.23, 526.90, 1073.02, 520.20, 1057.81, 520.20, 1088.23, 520.20, 30.43, 13.40
0.20, 6, black car, 1264.21, 518.23, 1292.61, 530.45, 1278.41, 524.34, 1264.21, 524.34, 1292.61, 524.34, 28.40, 12.22
0.23, 1, white car, 930.43, 514.60, 960.10, 527.95, 945.26, 521.27, 930.43, 521.27, 960.10, 521.27, 29.66, 13.35
0.23, 3, black car, 109.94, 441.87, 143.58, 455.43, 126.76, 448.65, 109.94, 448.65, 143.58, 448.65, 33.64, 13.56
0.23, 4, black car, 1054.49, 513.54, 1084.70, 526.83, 1069.59, 520.19, 1054.49, 520.19, 1084.70, 520.19, 30.20, 13.29
0.23, 6, black car, 1261.70, 518.28, 1290.06, 530.47, 1275.88, 524.37, 1261.70, 524.37, 1290.06, 524.37, 28.35, 12.19
0.27, 1, white car, 927.66, 514.90, 957.32, 528.24, 942.49, 521.57, 927.66, 521.57, 957.32, 521.57, 29.66, 13.34
0.27, 3, black car, 106.76, 441.51, 140.85, 455.25, 123.81, 448.38, 106.76, 448.38, 140.85, 448.38, 34.09, 13.74
0.27, 4, black car, 1051.45, 513.16, 1082.51, 526.82, 1066.98, 519.99, 1051.45, 519.99, 1082.51, 519.99, 31.06, 13.66
0.27, 6, black car, 1258.95, 517.96, 1287.67, 530.29, 1273.31, 524.12, 1258.95, 524.12, 1287.67, 524.12, 28.71, 12.33
0.30, 1, white car, 924.70, 514.95, 954.72, 528.48, 939.71, 521.71, 924.70, 521.71, 954.72, 521.71, 30.03, 13.52
0.30, 3, black car, 104.09, 441.40, 138.11, 455.13, 121.10, 448.27, 104.09, 448.27, 138.11, 448.27, 34.02, 13.73
0.30, 4, black car, 1048.69, 512.90, 1080.22, 526.80, 1064.46, 519.85, 1048.69, 519.85, 1080.22, 519.85, 31.53, 13.90
0.30, 6, black car, 1255.61, 517.57, 1285.45, 530.44, 1270.53, 524.00, 1255.61, 524.00, 1285.45, 524.00, 29.84, 12.87
0.33, 1, white car, 921.53, 515.10, 951.86, 528.77, 936.70, 521.93, 921.53, 521.93, 951.86, 521.93, 30.32, 13.67
0.33, 3, black car, 101.67, 441.25, 135.75, 455.05, 118.71, 448.15, 101.67, 448.15, 135.75, 448.15, 34.07, 13.80
0.33, 4, black car, 1045.97, 512.78, 1077.64, 526.78, 1061.81, 519.78, 1045.97, 519.78, 1077.64, 519.78, 31.67, 14.00
0.33, 6, black car, 1252.61, 517.29, 1283.31, 530.59, 1267.96, 523.94, 1252.61, 523.94, 1283.31, 523.94, 30.70, 13.30
0.37, 1, white car, 918.94, 515.27, 948.77, 528.71, 933.86, 521.99, 918.94, 521.99, 948.77, 521.99, 29.84, 13.43
0.37, 3, black car, 99.62, 440.92, 133.52, 454.68, 116.57, 447.80, 99.62, 447.80, 133.52, 447.80, 33.90, 13.75
0.37, 4, black car, 1043.69, 512.73, 1075.12, 526.66, 1059.41, 519.70, 1043.69, 519.70, 1075.12, 519.70, 31.44, 13.94
0.37, 6, black car, 1249.86, 517.13, 1280.56, 530.49, 1265.21, 523.81, 1249.86, 523.81, 1280.56, 523.81, 30.70, 13.36
0.40, 1, white car, 915.85, 515.09, 946.40, 528.86, 931.13, 521.98, 915.85, 521.98, 946.40, 521.98, 30.55, 13.77
0.40, 3, black car, 97.09, 440.43, 130.75, 454.06, 113.92, 447.25, 97.09, 447.25, 130.75, 447.25, 33.66, 13.63
0.40, 4, black car, 1041.51, 512.59, 1072.99, 526.59, 1057.25, 519.59, 1041.51, 519.59, 1072.99, 519.59, 31.48, 14.00
0.40, 6, black car, 1246.60, 516.71, 1278.05, 530.49, 1262.32, 523.60, 1246.60, 523.60, 1278.05, 523.60, 31.44, 13.77
0.43, 1, white car, 913.23, 515.39, 943.17, 528.89, 928.20, 522.14, 913.23, 522.14, 943.17, 522.14, 29.94, 13.49
0.43, 3, black car, 95.16, 440.27, 128.59, 453.79, 111.88, 447.03, 95.16, 447.03, 128.59, 447.03, 33.43, 13.52
0.43, 4, black car, 1039.29, 512.38, 1070.85, 526.46, 1055.07, 519.42, 1039.29, 519.42, 1070.85, 519.42, 31.57, 14.08
0.43, 6, black car, 1243.46, 516.39, 1275.41, 530.49, 1259.43, 523.44, 1243.46, 523.44, 1275.41, 523.44, 31.95, 14.10
0.47, 1, white car, 910.54, 515.52, 940.41, 528.98, 925.47, 522.25, 910.54, 522.25, 940.41, 522.25, 29.87, 13.46
0.47, 3, black car, 92.65, 440.06, 125.91, 453.49, 109.28, 446.78, 92.65, 446.78, 125.91, 446.78, 33.27, 13.43
0.47, 4, black car, 1036.65, 512.17, 1068.32, 526.33, 1052.48, 519.25, 1036.65, 519.25, 1068.32, 519.25, 31.67, 14.16
0.47, 6, black car, 1240.64, 516.22, 1272.53, 530.43, 1256.59, 523.32, 1240.64, 523.32, 1272.53, 523.32, 31.89, 14.21
0.50, 1, white car, 907.80, 515.60, 937.76, 529.11, 922.78, 522.35, 907.80, 522.35, 937.76, 522.35, 29.96, 13.51
0.50, 3, black car, 89.98, 439.92, 123.42, 453.44, 106.70, 446.68, 89.98, 446.68, 123.42, 446.68, 33.43, 13.52
0.50, 4, black car, 1034.32, 512.04, 1065.98, 526.24, 1050.15, 519.14, 1034.32, 519.14, 1065.98, 519.14, 31.67, 14.20
0.50, 6, black car, 1237.58, 516.30, 1268.95, 530.30, 1253.27, 523.30, 1237.58, 523.30, 1268.95, 523.30, 31.37, 14.00
0.53, 1, white car, 905.15, 515.80, 934.58, 529.05, 919.87, 522.43, 905.15, 522.43, 934.58, 522.43, 29.43, 13.25
0.53, 3, black car, 87.84, 439.73, 121.54, 453.39, 104.69, 446.56, 87.84, 446.56, 121.54, 446.56, 33.70, 13.65
0.53, 4, black car, 1031.74, 511.97, 1063.21, 526.08, 1047.47, 519.02, 1031.74, 519.02, 1063.21, 519.02, 31.47, 14.11
0.53, 6, black car, 1234.32, 516.18, 1266.10, 530.43, 1250.21, 523.31, 1234.32, 523.31, 1266.10, 523.31, 31.77, 14.24
0.57, 1, white car, 902.39, 515.87, 931.79, 529.09, 917.09, 522.48, 902.39, 522.48, 931.79, 522.48, 29.40, 13.22
0.57, 3, black car, 84.97, 438.89, 119.34, 452.83, 102.16, 445.86, 84.97, 445.86, 119.34, 445.86, 34.37, 13.94
0.57, 4, black car, 1029.12, 511.97, 1059.82, 525.74, 1044.47, 518.86, 1029.12, 518.86, 1059.82, 518.86, 30.70, 13.77
0.57, 6, black car, 1231.95, 516.41, 1262.65, 530.19, 1247.30, 523.30, 1231.95, 523.30, 1262.65, 523.30, 30.70, 13.78
0.60, 1, white car, 899.66, 516.09, 928.63, 529.09, 914.15, 522.59, 899.66, 522.59, 928.63, 522.59, 28.97, 13.00
0.60, 3, black car, 82.74, 438.53, 117.24, 452.55, 99.99, 445.54, 82.74, 445.54, 117.24, 445.54, 34.50, 14.02
0.60, 4, black car, 1025.56, 511.84, 1056.25, 525.62, 1040.90, 518.73, 1025.56, 518.73, 1056.25, 518.73, 30.69, 13.78
0.60, 6, black car, 1229.44, 516.36, 1259.88, 530.02, 1244.66, 523.19, 1229.44, 523.19, 1259.88, 523.19, 30.44, 13.66
0.63, 1, white car, 896.81, 516.25, 925.76, 529.23, 911.29, 522.74, 896.81, 522.74, 925.76, 522.74, 28.95, 12.97
0.63, 3, black car, 79.84, 438.14, 114.59, 452.26, 97.21, 445.20, 79.84, 445.20, 114.59, 445.20, 34.75, 14.12
0.63, 4, black car, 1023.15, 511.93, 1053.27, 525.51, 1038.21, 518.72, 1023.15, 518.72, 1053.27, 518.72, 30.12, 13.58
0.63, 6, black car, 1226.47, 516.22, 1257.24, 530.10, 1241.86, 523.16, 1226.47, 523.16, 1257.24, 523.16, 30.78, 13.88
0.67, 1, white car, 893.88, 516.29, 923.02, 529.34, 908.45, 522.82, 893.88, 522.82, 923.02, 522.82, 29.14, 13.05
0.67, 3, black car, 76.00, 437.68, 111.52, 452.05, 93.76, 444.87, 76.00, 444.87, 111.52, 444.87, 35.52, 14.38
0.67, 4, black car, 1020.15, 511.73, 1050.59, 525.50, 1035.37, 518.62, 1020.15, 518.62, 1050.59, 518.62, 30.44, 13.77
0.67, 6, black car, 1224.27, 516.37, 1254.43, 529.97, 1239.35, 523.17, 1224.27, 523.17, 1254.43, 523.17, 30.16, 13.59
0.70, 1, white car, 890.98, 516.44, 920.34, 529.58, 905.66, 523.01, 890.98, 523.01, 920.34, 523.01, 29.37, 13.14
0.70, 3, black car, 74.21, 437.81, 109.27, 451.98, 91.74, 444.89, 74.21, 444.89, 109.27, 444.89, 35.06, 14.17
0.70, 4, black car, 1017.81, 511.55, 1048.37, 525.38, 1033.09, 518.47, 1017.81, 518.47, 1048.37, 518.47, 30.56, 13.83
0.70, 6, black car, 1221.90, 516.43, 1251.87, 529.98, 1236.89, 523.21, 1221.90, 523.21, 1251.87, 523.21, 29.97, 13.55
0.73, 3, black car, 72.09, 437.65, 107.41, 451.90, 89.75, 444.77, 72.09, 444.77, 107.41, 444.77, 35.32, 14.25
0.73, 4, black car, 1015.15, 511.45, 1045.83, 525.32, 1030.49, 518.39, 1015.15, 518.39, 1045.83, 518.39, 30.68, 13.88
0.73, 6, black car, 1218.78, 516.49, 1248.72, 530.11, 1233.75, 523.30, 1218.78, 523.30, 1248.72, 523.30, 29.94, 13.61
0.77, 3, black car, 70.52, 437.59, 105.12, 451.56, 87.82, 444.58, 70.52, 444.58, 105.12, 444.58, 34.61, 13.96
0.77, 4, black car, 1012.75, 511.72, 1042.91, 525.40, 1027.83, 518.56, 1012.75, 518.56, 1042.91, 518.56, 30.16, 13.67
0.77, 6, black car, 1216.53, 516.49, 1245.99, 529.94, 1231.26, 523.21, 1216.53, 523.21, 1245.99, 523.21, 29.46, 13.45
0.80, 3, black car, 68.72, 437.28, 103.00, 451.14, 85.86, 444.21, 68.72, 444.21, 103.00, 444.21, 34.28, 13.86
0.80, 4, black car, 1010.34, 511.69, 1040.43, 525.33, 1025.38, 518.51, 1010.34, 518.51, 1040.43, 518.51, 30.09, 13.64
0.80, 6, black car, 1213.42, 516.26, 1243.00, 529.78, 1228.21, 523.02, 1213.42, 523.02, 1243.00, 523.02, 29.58, 13.53
0.83, 3, black car, 66.08, 436.91, 100.53, 450.85, 83.31, 443.88, 66.08, 443.88, 100.53, 443.88, 34.45, 13.94
0.83, 4, black car, 1007.20, 511.73, 1037.54, 525.49, 1022.37, 518.61, 1007.20, 518.61, 1037.54, 518.61, 30.34, 13.77
0.83, 6, black car, 1209.91, 515.81, 1239.60, 529.36, 1224.76, 522.59, 1209.91, 522.59, 1239.60, 522.59, 29.70, 13.55
0.87, 3, black car, 63.35, 436.47, 97.86, 450.41, 80.61, 443.44, 63.35, 443.44, 97.86, 443.44, 34.51, 13.94
0.87, 4, black car, 1004.97, 511.75, 1035.21, 525.51, 1020.09, 518.63, 1004.97, 518.63, 1035.21, 518.63, 30.24, 13.75
0.87, 6, black car, 1207.08, 515.75, 1236.91, 529.34, 1221.99, 522.55, 1207.08, 522.55, 1236.91, 522.55, 29.82, 13.59
0.90, 3, black car, 61.33, 436.20, 95.67, 450.04, 78.50, 443.12, 61.33, 443.12, 95.67, 443.12, 34.35, 13.84
0.90, 4, black car, 1002.39, 511.86, 1032.32, 525.46, 1017.36, 518.66, 1002.39, 518.66, 1032.32, 518.66, 29.94, 13.61
0.90, 6, black car, 1204.28, 515.55, 1234.29, 529.23, 1219.29, 522.39, 1204.28, 522.39, 1234.29, 522.39, 30.01, 13.68
0.93, 3, black car, 58.49, 436.10, 93.32, 450.12, 75.90, 443.11, 58.49, 443.11, 93.32, 443.11, 34.83, 14.02
0.93, 4, black car, 999.29, 511.79, 1028.88, 525.25, 1014.08, 518.52, 999.29, 518.52, 1028.88, 518.52, 29.59, 13.47
0.93, 6, black car, 1201.58, 515.28, 1232.03, 529.21, 1216.81, 522.24, 1201.58, 522.24, 1232.03, 522.24, 30.45, 13.93
0.97, 3, black car, 56.16, 436.00, 91.07, 450.07, 73.61, 443.04, 56.16, 443.04, 91.07, 443.04, 34.91, 14.06
0.97, 4, black car, 997.08, 511.87, 1026.63, 525.33, 1011.86, 518.60, 997.08, 518.60, 1026.63, 518.60, 29.55, 13.46
0.97, 6, black car, 1198.94, 515.03, 1230.03, 529.25, 1214.49, 522.14, 1198.94, 522.14, 1230.03, 522.14, 31.10, 14.22
1.00, 3, black car, 54.37, 435.88, 88.60, 449.67, 71.49, 442.78, 54.37, 442.78, 88.60, 442.78, 34.23, 13.78
1.00, 4, black car, 994.55, 511.77, 1024.31, 525.33, 1009.43, 518.55, 994.55, 518.55, 1024.31, 518.55, 29.76, 13.55
1.00, 6, black car, 1196.56, 514.89, 1227.32, 528.95, 1211.94, 521.92, 1196.56, 521.92, 1227.32, 521.92, 30.76, 14.07
1.03, 3, black car, 52.09, 435.87, 85.78, 449.39, 68.93, 442.63, 52.09, 442.63, 85.78, 442.63, 33.68, 13.52
1.03, 4, black car, 991.85, 511.74, 1021.57, 525.28, 1006.71, 518.51, 991.85, 518.51, 1021.57, 518.51, 29.71, 13.53
1.03, 6, black car, 1193.84, 515.18, 1224.71, 529.31, 1209.27, 522.24, 1193.84, 522.24, 1224.71, 522.24, 30.87, 14.13
1.07, 3, black car, 50.10, 435.69, 83.59, 449.08, 66.84, 442.39, 50.10, 442.39, 83.59, 442.39, 33.48, 13.39
1.07, 4, black car, 989.58, 511.63, 1019.08, 525.06, 1004.33, 518.34, 989.58, 518.34, 1019.08, 518.34, 29.50, 13.43
1.07, 6, black car, 1191.49, 515.09, 1222.23, 529.24, 1206.86, 522.16, 1191.49, 522.16, 1222.23, 522.16, 30.74, 14.14
1.10, 3, black car, 48.00, 435.54, 81.12, 448.78, 64.56, 442.16, 48.00, 442.16, 81.12, 442.16, 33.12, 13.24
1.10, 4, black car, 985.97, 511.56, 1016.08, 525.23, 1001.03, 518.39, 985.97, 518.39, 1016.08, 518.39, 30.11, 13.68
1.10, 6, black car, 1188.36, 515.07, 1218.82, 529.21, 1203.59, 522.14, 1188.36, 522.14, 1218.82, 522.14, 30.46, 14.14
1.13, 3, black car, 44.94, 435.20, 79.08, 448.83, 62.01, 442.01, 44.94, 442.01, 79.08, 442.01, 34.14, 13.62
1.13, 4, black car, 982.93, 511.30, 1013.42, 525.18, 998.17, 518.24, 982.93, 518.24, 1013.42, 518.24, 30.49, 13.88
1.13, 6, black car, 1185.01, 514.84, 1215.78, 529.25, 1200.40, 522.05, 1185.01, 522.05, 1215.78, 522.05, 30.77, 14.42
1.17, 3, black car, 42.77, 434.78, 77.47, 448.61, 60.12, 441.69, 42.77, 441.69, 77.47, 441.69, 34.70, 13.83
1.17, 4, black car, 979.88, 511.12, 1010.85, 525.23, 995.37, 518.17, 979.88, 518.17, 1010.85, 518.17, 30.97, 14.11
1.17, 6, black car, 1181.86, 514.59, 1212.75, 529.13, 1197.31, 521.86, 1181.86, 521.86, 1212.75, 521.86, 30.89, 14.54
1.20, 3, black car, 41.11, 434.63, 76.51, 448.73, 58.81, 441.68, 41.11, 441.68, 76.51, 441.68, 35.40, 14.11
1.20, 4, black car, 977.22, 510.94, 1008.49, 525.18, 992.86, 518.06, 977.22, 518.06, 1008.49, 518.06, 31.27, 14.24
1.20, 6, black car, 1178.61, 514.54, 1210.01, 529.29, 1194.31, 521.91, 1178.61, 521.91, 1210.01, 521.91, 31.40, 14.75
1.23, 3, black car, 38.66, 434.39, 74.10, 448.39, 56.38, 441.39, 38.66, 441.39, 74.10, 441.39, 35.43, 14.00
1.23, 4, black car, 975.03, 510.74, 1006.40, 525.03, 990.72, 517.89, 975.03, 517.89, 1006.40, 517.89, 31.37, 14.29
1.23, 6, black car, 1176.79, 514.30, 1208.71, 529.30, 1192.75, 521.80, 1176.79, 521.80, 1208.71, 521.80, 31.93, 15.00
1.27, 3, black car, 35.95, 434.28, 71.16, 448.11, 53.56, 441.19, 35.95, 441.19, 71.16, 441.19, 35.22, 13.83
1.27, 4, black car, 972.97, 511.13, 1003.17, 524.82, 988.07, 517.98, 972.97, 517.98, 1003.17, 517.98, 30.20, 13.70
1.27, 6, black car, 1174.75, 514.39, 1206.40, 529.27, 1190.58, 521.83, 1174.75, 521.83, 1206.40, 521.83, 31.65, 14.88
1.30, 3, black car, 33.79, 434.28, 68.18, 447.77, 50.99, 441.02, 33.79, 441.02, 68.18, 441.02, 34.39, 13.49
1.30, 4, black car, 970.06, 510.91, 1000.09, 524.49, 985.08, 517.70, 970.06, 517.70, 1000.09, 517.70, 30.03, 13.59
1.30, 6, black car, 1171.80, 514.78, 1202.83, 529.36, 1187.32, 522.07, 1171.80, 522.07, 1202.83, 522.07, 31.03, 14.58
1.33, 3, black car, 30.76, 434.28, 64.52, 447.55, 47.64, 440.92, 30.76, 440.92, 64.52, 440.92, 33.76, 13.27
1.33, 4, black car, 967.97, 510.88, 997.82, 524.36, 982.90, 517.62, 967.97, 517.62, 997.82, 517.62, 29.84, 13.49
1.33, 6, black car, 1169.53, 514.91, 1199.97, 529.26, 1184.75, 522.08, 1169.53, 522.08, 1199.97, 522.08, 30.44, 14.35
1.37, 3, black car, 28.44, 434.04, 62.03, 447.26, 45.24, 440.65, 28.44, 440.65, 62.03, 440.65, 33.59, 13.22
1.37, 4, black car, 965.32, 510.95, 995.10, 524.38, 980.21, 517.67, 965.32, 517.67, 995.10, 517.67, 29.78, 13.44
1.37, 6, black car, 1166.45, 515.29, 1196.40, 529.44, 1181.42, 522.36, 1166.45, 522.36, 1196.40, 522.36, 29.95, 14.15
1.40, 3, black car, 26.60, 433.84, 60.05, 447.01, 43.32, 440.43, 26.60, 440.43, 60.05, 440.43, 33.45, 13.17
1.40, 4, black car, 961.96, 510.56, 992.47, 524.32, 977.22, 517.44, 961.96, 517.44, 992.47, 517.44, 30.51, 13.76
1.40, 6, black car, 1163.58, 515.27, 1193.37, 529.40, 1178.47, 522.34, 1163.58, 522.34, 1193.37, 522.34, 29.79, 14.13
1.43, 3, black car, 22.87, 433.32, 57.34, 446.83, 40.10, 440.08, 22.87, 440.08, 57.34, 440.08, 34.47, 13.51
1.43, 4, black car, 958.61, 510.42, 989.06, 524.14, 973.84, 517.28, 958.61, 517.28, 989.06, 517.28, 30.45, 13.72
1.43, 6, black car, 1160.23, 515.01, 1190.65, 529.49, 1175.44, 522.25, 1160.23, 522.25, 1190.65, 522.25, 30.43, 14.48
1.47, 3, black car, 19.26, 432.84, 54.58, 446.63, 36.92, 439.73, 19.26, 439.73, 54.58, 439.73, 35.32, 13.79
1.47, 4, black car, 956.00, 510.36, 986.19, 523.97, 971.09, 517.17, 956.00, 517.17, 986.19, 517.17, 30.19, 13.61
1.47, 6, black car, 1157.87, 514.74, 1188.50, 529.33, 1173.18, 522.03, 1157.87, 522.03, 1188.50, 522.03, 30.63, 14.59
1.50, 3, black car, 17.10, 432.89, 52.20, 446.57, 34.65, 439.73, 17.10, 439.73, 52.20, 439.73, 35.10, 13.69
1.50, 4, black car, 954.13, 510.36, 984.13, 523.88, 969.13, 517.12, 954.13, 517.12, 984.13, 517.12, 29.99, 13.53
1.50, 6, black car, 1154.95, 514.62, 1185.05, 528.98, 1170.00, 521.80, 1154.95, 521.80, 1185.05, 521.80, 30.09, 14.35
1.53, 3, black car, 15.03, 432.69, 49.90, 446.30, 32.46, 439.49, 15.03, 439.49, 49.90, 439.49, 34.87, 13.61
1.53, 4, black car, 952.02, 510.14, 982.59, 523.91, 967.30, 517.03, 952.02, 517.03, 982.59, 517.03, 30.57, 13.77
1.53, 6, black car, 1152.29, 514.70, 1182.29, 528.99, 1167.29, 521.85, 1152.29, 521.85, 1182.29, 521.85, 30.00, 14.29
1.57, 3, black car, 12.79, 432.23, 47.64, 445.87, 30.21, 439.05, 12.79, 439.05, 47.64, 439.05, 34.86, 13.64
1.57, 4, black car, 949.94, 509.90, 981.29, 523.99, 965.61, 516.95, 949.94, 516.95, 981.29, 516.95, 31.35, 14.10
1.57, 6, black car, 1149.73, 514.38, 1179.85, 528.72, 1164.79, 521.55, 1149.73, 521.55, 1179.85, 521.55, 30.12, 14.35
1.60, 3, black car, 11.01, 432.11, 45.95, 445.82, 28.48, 438.97, 11.01, 438.97, 45.95, 438.97, 34.94, 13.71
1.60, 4, black car, 947.63, 509.79, 978.66, 523.64, 963.14, 516.71, 947.63, 516.71, 978.66, 516.71, 31.03, 13.85
1.60, 6, black car, 1147.54, 514.58, 1177.03, 528.60, 1162.29, 521.59, 1147.54, 521.59, 1177.03, 521.59, 29.48, 14.02
1.63, 3, black car, 9.09, 431.63, 44.15, 445.44, 26.62, 438.53, 9.09, 438.53, 44.15, 438.53, 35.06, 13.81
1.63, 4, black car, 944.65, 509.99, 974.98, 523.50, 959.82, 516.75, 944.65, 516.75, 974.98, 516.75, 30.33, 13.51
1.63, 6, black car, 1144.67, 514.33, 1174.46, 528.51, 1159.56, 521.42, 1144.67, 521.42, 1174.46, 521.42, 29.78, 14.19
1.67, 3, black car, 7.17, 431.29, 41.72, 444.92, 24.45, 438.11, 7.17, 438.11, 41.72, 438.11, 34.54, 13.64
1.67, 4, black car, 941.67, 509.95, 972.17, 523.55, 956.92, 516.75, 941.67, 516.75, 972.17, 516.75, 30.50, 13.60
1.67, 6, black car, 1141.66, 514.33, 1171.50, 528.54, 1156.58, 521.44, 1141.66, 521.44, 1171.50, 521.44, 29.84, 14.21
1.70, 3, black car, 4.75, 431.14, 39.11, 444.77, 21.93, 437.95, 4.75, 437.95, 39.11, 437.95, 34.36, 13.62
1.70, 4, black car, 938.16, 510.00, 968.67, 523.61, 953.42, 516.80, 938.16, 516.80, 968.67, 516.80, 30.51, 13.61
1.70, 6, black car, 1139.15, 514.19, 1169.03, 528.42, 1154.09, 521.31, 1139.15, 521.31, 1169.03, 521.31, 29.87, 14.23
1.73, 3, black car, 1.66, 430.83, 36.07, 444.54, 18.87, 437.68, 1.66, 437.68, 36.07, 437.68, 34.41, 13.71
1.73, 4, black car, 935.53, 510.01, 966.29, 523.75, 950.91, 516.88, 935.53, 516.88, 966.29, 516.88, 30.76, 13.73
1.73, 6, black car, 1136.07, 514.06, 1166.34, 528.48, 1151.21, 521.27, 1136.07, 521.27, 1166.34, 521.27, 30.27, 14.41
1.77, 3, black car, 0.00, 430.34, 34.05, 444.39, 17.03, 437.36, 0.00, 437.36, 34.05, 437.36, 34.05, 14.05
1.77, 4, black car, 933.29, 509.89, 964.27, 523.70, 948.78, 516.79, 933.29, 516.79, 964.27, 516.79, 30.99, 13.81
1.77, 6, black car, 1132.80, 514.03, 1163.24, 528.55, 1148.02, 521.29, 1132.80, 521.29, 1163.24, 521.29, 30.44, 14.52
1.80, 3, black car, 0.00, 430.03, 32.61, 444.29, 16.31, 437.16, 0.00, 437.16, 32.61, 437.16, 32.61, 14.26
1.80, 4, black car, 930.77, 509.78, 961.52, 523.45, 946.15, 516.62, 930.77, 516.62, 961.52, 516.62, 30.74, 13.67
1.80, 6, black car, 1129.94, 514.07, 1160.07, 528.47, 1145.00, 521.27, 1129.94, 521.27, 1160.07, 521.27, 30.13, 14.39
1.83, 3, black car, 0.00, 429.90, 30.93, 443.95, 15.47, 436.93, 0.00, 436.93, 30.93, 436.93, 30.93, 14.05
1.83, 4, black car, 927.83, 509.95, 958.50, 523.55, 943.17, 516.75, 927.83, 516.75, 958.50, 516.75, 30.67, 13.60
1.83, 6, black car, 1127.17, 514.05, 1157.31, 528.43, 1142.24, 521.24, 1127.17, 521.24, 1157.31, 521.24, 30.14, 14.38
1.87, 3, black car, 0.00, 429.91, 28.71, 443.56, 14.36, 436.74, 0.00, 436.74, 28.71, 436.74, 28.71, 13.65
1.87, 4, black car, 925.38, 510.14, 955.79, 523.62, 940.59, 516.88, 925.38, 516.88, 955.79, 516.88, 30.41, 13.49
1.87, 6, black car, 1124.45, 513.80, 1154.52, 528.18, 1139.49, 520.99, 1124.45, 520.99, 1154.52, 520.99, 30.07, 14.38
1.90, 3, black car, 0.00, 429.93, 26.85, 443.40, 13.42, 436.66, 0.00, 436.66, 26.85, 436.66, 26.85, 13.46
1.90, 4, black car, 922.57, 510.22, 953.37, 523.88, 937.97, 517.05, 922.57, 517.05, 953.37, 517.05, 30.81, 13.66
1.90, 6, black car, 1121.91, 513.80, 1151.50, 527.98, 1136.71, 520.89, 1121.91, 520.89, 1151.50, 520.89, 29.59, 14.18
1.93, 3, black car, 0.00, 429.91, 25.15, 443.26, 12.58, 436.59, 0.00, 436.59, 25.15, 436.59, 25.15, 13.36
1.93, 4, black car, 919.65, 509.84, 950.64, 523.57, 935.15, 516.70, 919.65, 516.70, 950.64, 516.70, 30.99, 13.73
1.93, 6, black car, 1119.02, 513.68, 1148.55, 527.86, 1133.79, 520.77, 1119.02, 520.77, 1148.55, 520.77, 29.53, 14.18
1.97, 3, black car, 0.00, 429.66, 24.04, 443.19, 12.02, 436.43, 0.00, 436.43, 24.04, 436.43, 24.04, 13.53
1.97, 4, black car, 916.77, 509.68, 947.25, 523.17, 932.01, 516.43, 916.77, 516.43, 947.25, 516.43, 30.48, 13.48
1.97, 6, black car, 1116.53, 513.40, 1145.86, 527.51, 1131.20, 520.46, 1116.53, 520.46, 1145.86, 520.46, 29.33, 14.11
2.00, 3, black car, 0.00, 429.47, 22.76, 442.83, 11.38, 436.15, 0.00, 436.15, 22.76, 436.15, 22.76, 13.36
2.00, 4, black car, 914.43, 509.64, 944.67, 522.99, 929.55, 516.31, 914.43, 516.31, 944.67, 516.31, 30.24, 13.35
2.00, 6, black car, 1114.08, 513.63, 1142.84, 527.45, 1128.46, 520.54, 1114.08, 520.54, 1142.84, 520.54, 28.75, 13.82
2.03, 3, black car, 0.00, 429.62, 21.00, 442.55, 10.50, 436.08, 0.00, 436.08, 21.00, 436.08, 21.00, 12.93
2.03, 4, black car, 912.04, 509.58, 942.19, 522.88, 927.11, 516.23, 912.04, 516.23, 942.19, 516.23, 30.15, 13.30
2.03, 6, black car, 1111.26, 513.47, 1140.37, 527.45, 1125.82, 520.46, 1111.26, 520.46, 1140.37, 520.46, 29.11, 13.98
2.07, 3, black car, 0.00, 429.79, 19.71, 442.34, 9.86, 436.07, 0.00, 436.07, 19.71, 436.07, 19.71, 12.55
2.07, 4, black car, 909.64, 509.63, 939.70, 522.92, 924.67, 516.27, 909.64, 516.27, 939.70, 516.27, 30.06, 13.28
2.07, 6, black car, 1108.82, 513.36, 1138.03, 527.38, 1123.42, 520.37, 1108.82, 520.37, 1138.03, 520.37, 29.21, 14.02
2.10, 4, black car, 907.07, 509.44, 937.36, 522.85, 922.21, 516.14, 907.07, 516.14, 937.36, 516.14, 30.29, 13.41
2.10, 6, black car, 1106.65, 513.31, 1135.34, 527.08, 1120.99, 520.19, 1106.65, 520.19, 1135.34, 520.19, 28.68, 13.77
2.13, 4, black car, 904.72, 509.36, 934.37, 522.46, 919.54, 515.91, 904.72, 515.91, 934.37, 515.91, 29.65, 13.11
2.13, 6, black car, 1103.76, 513.57, 1131.96, 527.12, 1117.86, 520.35, 1103.76, 520.35, 1131.96, 520.35, 28.21, 13.55
2.17, 4, black car, 901.95, 509.05, 931.58, 522.14, 916.76, 515.60, 901.95, 515.60, 931.58, 515.60, 29.63, 13.09
2.17, 6, black car, 1101.02, 513.31, 1129.32, 526.89, 1115.17, 520.10, 1101.02, 520.10, 1129.32, 520.10, 28.30, 13.58
2.20, 4, black car, 898.94, 508.86, 928.94, 522.10, 913.94, 515.48, 898.94, 515.48, 928.94, 515.48, 30.00, 13.23
2.20, 6, black car, 1097.32, 513.41, 1126.28, 527.25, 1111.80, 520.33, 1097.32, 520.33, 1126.28, 520.33, 28.96, 13.84
2.23, 4, black car, 896.77, 508.83, 926.54, 521.99, 911.65, 515.41, 896.77, 515.41, 926.54, 515.41, 29.77, 13.16
2.23, 6, black car, 1095.18, 513.55, 1124.32, 527.43, 1109.75, 520.49, 1095.18, 520.49, 1124.32, 520.49, 29.13, 13.88
2.27, 4, black car, 893.80, 508.66, 924.08, 522.10, 908.94, 515.38, 893.80, 515.38, 924.08, 515.38, 30.28, 13.44
2.27, 6, black car, 1092.63, 513.63, 1121.77, 527.51, 1107.20, 520.57, 1092.63, 520.57, 1121.77, 520.57, 29.14, 13.88
2.30, 4, black car, 891.20, 508.48, 921.23, 521.85, 906.21, 515.16, 891.20, 515.16, 921.23, 515.16, 30.03, 13.36
2.30, 6, black car, 1090.13, 513.78, 1118.74, 527.42, 1104.44, 520.60, 1090.13, 520.60, 1118.74, 520.60, 28.61, 13.64
2.33, 4, black car, 888.56, 508.41, 918.24, 521.62, 903.40, 515.02, 888.56, 515.02, 918.24, 515.02, 29.68, 13.21
2.33, 6, black car, 1087.31, 513.69, 1115.55, 527.16, 1101.43, 520.42, 1087.31, 520.42, 1115.55, 520.42, 28.24, 13.47
2.37, 4, black car, 885.43, 508.32, 915.41, 521.63, 900.42, 514.98, 885.43, 514.98, 915.41, 514.98, 29.99, 13.32
2.37, 6, black car, 1084.20, 513.65, 1112.62, 527.19, 1098.41, 520.42, 1084.20, 520.42, 1112.62, 520.42, 28.42, 13.54
2.40, 4, black car, 882.84, 508.24, 913.16, 521.69, 898.00, 514.97, 882.84, 514.97, 913.16, 514.97, 30.31, 13.45
2.40, 6, black car, 1081.17, 513.51, 1110.61, 527.55, 1095.89, 520.53, 1081.17, 520.53, 1110.61, 520.53, 29.44, 14.04
2.43, 4, black car, 879.94, 507.96, 910.90, 521.71, 895.42, 514.84, 879.94, 514.84, 910.90, 514.84, 30.96, 13.74
2.43, 6, black car, 1078.56, 513.31, 1108.08, 527.40, 1093.32, 520.35, 1078.56, 520.35, 1108.08, 520.35, 29.52, 14.09
2.47, 4, black car, 877.12, 507.79, 908.22, 521.60, 892.67, 514.70, 877.12, 514.70, 908.22, 514.70, 31.09, 13.81
2.47, 6, black car, 1076.22, 512.85, 1106.05, 527.07, 1091.14, 519.96, 1076.22, 519.96, 1106.05, 519.96, 29.83, 14.22
2.50, 4, black car, 874.27, 507.95, 905.13, 521.63, 889.70, 514.79, 874.27, 514.79, 905.13, 514.79, 30.86, 13.68
2.50, 6, black car, 1073.12, 512.73, 1102.95, 526.96, 1088.03, 519.84, 1073.12, 519.84, 1102.95, 519.84, 29.84, 14.23
2.53, 4, black car, 871.14, 507.85, 902.18, 521.60, 886.66, 514.72, 871.14, 514.72, 902.18, 514.72, 31.05, 13.75
2.53, 6, black car, 1070.46, 513.39, 1099.75, 527.33, 1085.10, 520.36, 1070.46, 520.36, 1099.75, 520.36, 29.30, 13.94
2.57, 4, black car, 868.99, 508.02, 899.54, 521.57, 884.26, 514.80, 868.99, 514.80, 899.54, 514.80, 30.56, 13.55
2.57, 6, black car, 1067.60, 513.03, 1096.90, 526.96, 1082.25, 520.00, 1067.60, 520.00, 1096.90, 520.00, 29.30, 13.93
2.60, 4, black car, 866.29, 507.94, 897.03, 521.63, 881.66, 514.78, 866.29, 514.78, 897.03, 514.78, 30.74, 13.68
2.60, 6, black car, 1065.07, 512.89, 1094.93, 527.09, 1080.00, 519.99, 1065.07, 519.99, 1094.93, 519.99, 29.86, 14.20
2.63, 4, black car, 864.37, 508.04, 894.82, 521.62, 879.60, 514.83, 864.37, 514.83, 894.82, 514.83, 30.45, 13.59
2.63, 6, black car, 1062.55, 512.78, 1092.52, 526.97, 1077.53, 519.88, 1062.55, 519.88, 1092.52, 519.88, 29.97, 14.19
2.67, 4, black car, 862.08, 507.69, 892.38, 521.19, 877.23, 514.44, 862.08, 514.44, 892.38, 514.44, 30.30, 13.50
2.67, 6, black car, 1060.39, 513.20, 1089.28, 526.84, 1074.83, 520.02, 1060.39, 520.02, 1089.28, 520.02, 28.89, 13.64
2.70, 4, black car, 859.79, 507.50, 889.91, 520.89, 874.85, 514.20, 859.79, 514.20, 889.91, 514.20, 30.12, 13.39
2.70, 6, black car, 1057.71, 513.16, 1086.14, 526.51, 1071.92, 519.84, 1057.71, 519.84, 1086.14, 519.84, 28.44, 13.36
2.73, 4, black car, 856.65, 507.24, 886.85, 520.62, 871.75, 513.93, 856.65, 513.93, 886.85, 513.93, 30.20, 13.38
2.73, 6, black car, 1054.75, 513.33, 1082.20, 526.22, 1068.48, 519.77, 1054.75, 519.77, 1082.20, 519.77, 27.45, 12.90
2.77, 4, black car, 854.34, 507.19, 884.31, 520.47, 869.32, 513.83, 854.34, 513.83, 884.31, 513.83, 29.98, 13.28
2.77, 6, black car, 1052.21, 512.84, 1079.80, 525.78, 1066.01, 519.31, 1052.21, 519.31, 1079.80, 519.31, 27.59, 12.94
2.80, 4, black car, 851.75, 507.05, 881.83, 520.37, 866.79, 513.71, 851.75, 513.71, 881.83, 513.71, 30.08, 13.33
2.80, 6, black car, 1048.77, 512.66, 1076.97, 525.86, 1062.87, 519.26, 1048.77, 519.26, 1076.97, 519.26, 28.21, 13.20
2.83, 4, black car, 849.54, 506.90, 879.42, 520.12, 864.48, 513.51, 849.54, 513.51, 879.42, 513.51, 29.88, 13.22
2.83, 6, black car, 1046.27, 512.34, 1074.81, 525.70, 1060.54, 519.02, 1046.27, 519.02, 1074.81, 519.02, 28.54, 13.36
2.87, 4, black car, 846.59, 506.80, 875.99, 519.79, 861.29, 513.30, 846.59, 513.30, 875.99, 513.30, 29.39, 12.99
2.87, 6, black car, 1043.83, 512.43, 1072.25, 525.73, 1058.04, 519.08, 1043.83, 519.08, 1072.25, 519.08, 28.42, 13.29
2.90, 4, black car, 843.87, 506.99, 872.71, 519.73, 858.29, 513.36, 843.87, 513.36, 872.71, 513.36, 28.84, 12.74
2.90, 6, black car, 1041.03, 512.31, 1068.87, 525.35, 1054.95, 518.83, 1041.03, 518.83, 1068.87, 518.83, 27.84, 13.04
2.93, 4, black car, 841.20, 506.99, 870.04, 519.75, 855.62, 513.37, 841.20, 513.37, 870.04, 513.37, 28.84, 12.76
2.93, 6, black car, 1038.42, 512.17, 1066.29, 525.23, 1052.36, 518.70, 1038.42, 518.70, 1066.29, 518.70, 27.87, 13.06
2.97, 4, black car, 838.46, 506.85, 867.78, 519.80, 853.12, 513.33, 838.46, 513.33, 867.78, 513.33, 29.32, 12.96
2.97, 6, black car, 1036.06, 512.08, 1063.97, 525.16, 1050.01, 518.62, 1036.06, 518.62, 1063.97, 518.62, 27.91, 13.08
3.00, 4, black car, 835.77, 506.66, 865.40, 519.73, 850.58, 513.19, 835.77, 513.19, 865.40, 513.19, 29.64, 13.07
3.00, 6, black car, 1033.44, 511.99, 1061.77, 525.29, 1047.61, 518.64, 1033.44, 518.64, 1061.77, 518.64, 28.33, 13.29
3.03, 4, black car, 832.60, 506.63, 862.30, 519.66, 847.45, 513.14, 832.60, 513.14, 862.30, 513.14, 29.70, 13.04
3.03, 6, black car, 1031.23, 511.75, 1059.85, 525.19, 1045.54, 518.47, 1031.23, 518.47, 1059.85, 518.47, 28.62, 13.44
3.07, 4, black car, 829.66, 506.62, 859.21, 519.55, 844.44, 513.09, 829.66, 513.09, 859.21, 513.09, 29.54, 12.93
3.07, 6, black car, 1028.14, 511.73, 1056.90, 525.21, 1042.52, 518.47, 1028.14, 518.47, 1056.90, 518.47, 28.76, 13.48
3.10, 4, black car, 827.23, 506.52, 856.83, 519.46, 842.03, 512.99, 827.23, 512.99, 856.83, 512.99, 29.61, 12.94
3.10, 6, black car, 1025.23, 511.78, 1053.63, 525.04, 1039.43, 518.41, 1025.23, 518.41, 1053.63, 518.41, 28.40, 13.26
3.13, 6, black car, 1022.63, 511.77, 1050.85, 524.86, 1036.74, 518.31, 1022.63, 518.31, 1050.85, 518.31, 28.22, 13.09
3.17, 6, black car, 1020.38, 511.60, 1048.67, 524.62, 1034.52, 518.11, 1020.38, 518.11, 1048.67, 518.11, 28.29, 13.02
3.20, 6, black car, 1016.62, 511.48, 1045.40, 524.68, 1031.01, 518.08, 1016.62, 518.08, 1045.40, 518.08, 28.77, 13.20
3.23, 6, black car, 1014.16, 511.61, 1042.96, 524.83, 1028.56, 518.22, 1014.16, 518.22, 1042.96, 518.22, 28.80, 13.22
3.27, 6, black car, 1011.35, 511.42, 1040.65, 524.86, 1026.00, 518.14, 1011.35, 518.14, 1040.65, 518.14, 29.30, 13.44
3.30, 6, black car, 1008.97, 511.48, 1038.61, 525.06, 1023.79, 518.27, 1008.97, 518.27, 1038.61, 518.27, 29.63, 13.58
3.33, 6, black car, 1006.29, 511.41, 1035.65, 524.84, 1020.97, 518.13, 1006.29, 518.13, 1035.65, 518.13, 29.35, 13.43
3.37, 6, black car, 1003.96, 511.44, 1032.93, 524.67, 1018.45, 518.05, 1003.96, 518.05, 1032.93, 518.05, 28.97, 13.22
3.40, 6, black car, 1000.81, 511.36, 1029.87, 524.60, 1015.34, 517.98, 1000.81, 517.98, 1029.87, 517.98, 29.05, 13.24
3.43, 6, black car, 998.17, 511.34, 1027.07, 524.57, 1012.62, 517.96, 998.17, 517.96, 1027.07, 517.96, 28.91, 13.23
3.47, 6, black car, 995.39, 511.26, 1024.57, 524.67, 1009.98, 517.97, 995.39, 517.97, 1024.57, 517.97, 29.19, 13.42
3.50, 6, black car, 993.19, 511.28, 1021.82, 524.48, 1007.50, 517.88, 993.19, 517.88, 1021.82, 517.88, 28.63, 13.20
3.53, 6, black car, 990.92, 510.93, 1018.92, 523.81, 1004.92, 517.37, 990.92, 517.37, 1018.92, 517.37, 28.00, 12.88
3.53, 4, black car, 793.01, 504.09, 823.45, 517.09, 808.23, 510.59, 793.01, 510.59, 823.45, 510.59, 30.44, 13.00
3.57, 6, black car, 988.62, 510.96, 1016.53, 523.83, 1002.58, 517.40, 988.62, 517.40, 1016.53, 517.40, 27.91, 12.87
3.57, 4, black car, 789.99, 504.09, 820.29, 516.92, 805.14, 510.51, 789.99, 510.51, 820.29, 510.51, 30.30, 12.83
3.60, 6, black car, 984.87, 510.52, 1013.84, 523.89, 999.35, 517.21, 984.87, 517.21, 1013.84, 517.21, 28.97, 13.37
3.60, 4, black car, 787.51, 504.02, 818.02, 516.88, 802.77, 510.45, 787.51, 510.45, 818.02, 510.45, 30.51, 12.85
3.63, 6, black car, 981.65, 510.37, 1011.10, 523.99, 996.38, 517.18, 981.65, 517.18, 1011.10, 517.18, 29.45, 13.62
3.63, 4, black car, 784.44, 503.98, 814.84, 516.76, 799.64, 510.37, 784.44, 510.37, 814.84, 510.37, 30.40, 12.78
3.67, 6, black car, 979.31, 510.45, 1008.24, 523.85, 993.77, 517.15, 979.31, 517.15, 1008.24, 517.15, 28.93, 13.40
3.67, 4, black car, 781.76, 503.83, 812.55, 516.80, 797.15, 510.32, 781.76, 510.32, 812.55, 510.32, 30.79, 12.97
3.70, 6, black car, 977.40, 510.29, 1005.96, 523.49, 991.68, 516.89, 977.40, 516.89, 1005.96, 516.89, 28.56, 13.20
3.70, 4, black car, 779.46, 503.64, 810.29, 516.64, 794.87, 510.14, 779.46, 510.14, 810.29, 510.14, 30.83, 13.00
3.73, 6, black car, 975.38, 510.20, 1003.47, 523.18, 989.43, 516.69, 975.38, 516.69, 1003.47, 516.69, 28.08, 12.99
3.73, 4, black car, 776.63, 503.35, 807.77, 516.48, 792.20, 509.91, 776.63, 509.91, 807.77, 509.91, 31.15, 13.13
3.77, 6, black car, 972.47, 510.10, 1000.73, 523.21, 986.60, 516.66, 972.47, 516.66, 1000.73, 516.66, 28.26, 13.11
3.77, 4, black car, 773.73, 503.17, 805.03, 516.38, 789.38, 509.78, 773.73, 509.78, 805.03, 509.78, 31.29, 13.21
3.80, 6, black car, 969.09, 510.28, 997.38, 523.43, 983.23, 516.85, 969.09, 516.85, 997.38, 516.85, 28.29, 13.15
3.80, 4, black car, 771.07, 503.08, 802.42, 516.32, 786.75, 509.70, 771.07, 509.70, 802.42, 509.70, 31.35, 13.24
3.83, 6, black car, 966.78, 510.28, 995.07, 523.48, 980.92, 516.88, 966.78, 516.88, 995.07, 516.88, 28.29, 13.20
3.83, 4, black car, 768.09, 502.97, 799.73, 516.37, 783.91, 509.67, 768.09, 509.67, 799.73, 509.67, 31.64, 13.41
3.87, 6, black car, 964.14, 509.97, 992.92, 523.38, 978.53, 516.68, 964.14, 516.68, 992.92, 516.68, 28.78, 13.40
3.87, 4, black car, 765.42, 502.83, 797.51, 516.44, 781.47, 509.64, 765.42, 509.64, 797.51, 509.64, 32.09, 13.61
3.90, 6, black car, 960.93, 509.56, 990.24, 523.27, 975.59, 516.42, 960.93, 516.42, 990.24, 516.42, 29.31, 13.71
3.90, 4, black car, 763.29, 502.65, 795.29, 516.24, 779.29, 509.45, 763.29, 509.45, 795.29, 509.45, 32.00, 13.59
3.93, 6, black car, 957.59, 509.54, 986.52, 523.07, 972.06, 516.31, 957.59, 516.31, 986.52, 516.31, 28.93, 13.53
3.93, 4, black car, 759.98, 502.20, 792.54, 516.03, 776.26, 509.12, 759.98, 509.12, 792.54, 509.12, 32.56, 13.83
3.97, 6, black car, 955.52, 509.66, 984.03, 522.99, 969.78, 516.33, 955.52, 516.33, 984.03, 516.33, 28.52, 13.33
3.97, 4, black car, 757.09, 501.76, 789.92, 515.70, 773.50, 508.73, 757.09, 508.73, 789.92, 508.73, 32.83, 13.94
4.00, 6, black car, 953.34, 509.70, 982.09, 523.09, 967.71, 516.39, 953.34, 516.39, 982.09, 516.39, 28.75, 13.39
4.00, 4, black car, 754.76, 501.58, 787.49, 515.49, 771.12, 508.54, 754.76, 508.54, 787.49, 508.54, 32.72, 13.91
4.03, 6, black car, 951.70, 509.45, 981.22, 523.13, 966.46, 516.29, 951.70, 516.29, 981.22, 516.29, 29.51, 13.68
4.03, 4, black car, 751.79, 501.37, 784.50, 515.29, 768.14, 508.33, 751.79, 508.33, 784.50, 508.33, 32.71, 13.92
4.07, 6, black car, 949.43, 509.33, 979.18, 523.02, 964.30, 516.17, 949.43, 516.17, 979.18, 516.17, 29.74, 13.69
4.07, 4, black car, 749.71, 501.29, 781.74, 514.94, 765.73, 508.11, 749.71, 508.11, 781.74, 508.11, 32.03, 13.64
4.10, 6, black car, 946.18, 509.26, 975.48, 522.76, 960.83, 516.01, 946.18, 516.01, 975.48, 516.01, 29.30, 13.50
4.10, 4, black car, 747.23, 501.24, 778.61, 514.61, 762.92, 507.92, 747.23, 507.92, 778.61, 507.92, 31.38, 13.37
4.13, 6, black car, 943.60, 509.19, 972.60, 522.57, 958.10, 515.88, 943.60, 515.88, 972.60, 515.88, 29.00, 13.38
4.13, 4, black car, 744.71, 501.03, 776.00, 514.36, 760.35, 507.69, 744.71, 507.69, 776.00, 507.69, 31.29, 13.33
4.17, 6, black car, 940.40, 509.08, 969.26, 522.47, 954.83, 515.78, 940.40, 515.78, 969.26, 515.78, 28.86, 13.39
4.17, 4, black car, 742.56, 501.15, 773.25, 514.22, 757.90, 507.68, 742.56, 507.68, 773.25, 507.68, 30.69, 13.07
4.20, 6, black car, 937.51, 508.88, 966.47, 522.36, 951.99, 515.62, 937.51, 515.62, 966.47, 515.62, 28.95, 13.48
4.20, 4, black car, 739.49, 501.00, 770.57, 514.24, 755.03, 507.62, 739.49, 507.62, 770.57, 507.62, 31.07, 13.24
4.23, 6, black car, 935.53, 508.80, 964.26, 522.17, 949.89, 515.49, 935.53, 515.49, 964.26, 515.49, 28.72, 13.38
4.23, 4, black car, 736.27, 500.77, 768.04, 514.32, 752.15, 507.55, 736.27, 507.55, 768.04, 507.55, 31.78, 13.55
4.27, 6, black car, 933.30, 508.58, 962.32, 522.05, 947.81, 515.32, 933.30, 515.32, 962.32, 515.32, 29.02, 13.48
4.27, 4, black car, 734.09, 500.58, 765.57, 514.02, 749.83, 507.30, 734.09, 507.30, 765.57, 507.30, 31.48, 13.44
4.30, 6, black car, 930.90, 508.81, 960.29, 522.43, 945.59, 515.62, 930.90, 515.62, 960.29, 515.62, 29.40, 13.61
4.30, 4, black car, 731.48, 500.42, 762.49, 513.67, 746.99, 507.04, 731.48, 507.04, 762.49, 507.04, 31.01, 13.25
4.33, 6, black car, 928.80, 509.03, 957.87, 522.45, 943.33, 515.74, 928.80, 515.74, 957.87, 515.74, 29.07, 13.42
4.33, 4, black car, 729.07, 500.21, 760.16, 513.51, 744.61, 506.86, 729.07, 506.86, 760.16, 506.86, 31.09, 13.30
4.37, 6, black car, 925.69, 508.62, 955.38, 522.35, 940.54, 515.49, 925.69, 515.49, 955.38, 515.49, 29.69, 13.73
4.37, 4, black car, 726.20, 499.71, 757.50, 513.13, 741.85, 506.42, 726.20, 506.42, 757.50, 506.42, 31.30, 13.42
4.40, 6, black car, 922.78, 508.72, 951.90, 522.21, 937.34, 515.46, 922.78, 515.46, 951.90, 515.46, 29.11, 13.49
4.40, 4, black car, 723.77, 499.34, 755.73, 513.05, 739.75, 506.19, 723.77, 506.19, 755.73, 506.19, 31.96, 13.71
4.43, 6, black car, 920.26, 508.50, 949.26, 521.96, 934.76, 515.23, 920.26, 515.23, 949.26, 515.23, 29.01, 13.46
4.43, 4, black car, 721.71, 499.03, 753.57, 512.65, 737.64, 505.84, 721.71, 505.84, 753.57, 505.84, 31.85, 13.62
4.47, 6, black car, 917.12, 508.59, 946.07, 522.00, 931.59, 515.30, 917.12, 515.30, 946.07, 515.30, 28.95, 13.41
4.47, 4, black car, 719.13, 499.05, 751.00, 512.62, 735.06, 505.83, 719.13, 505.83, 751.00, 505.83, 31.88, 13.57
4.50, 6, black car, 913.64, 508.43, 942.89, 521.97, 928.26, 515.20, 913.64, 515.20, 942.89, 515.20, 29.25, 13.53
4.50, 4, black car, 715.86, 499.05, 747.33, 512.48, 731.59, 505.76, 715.86, 505.76, 747.33, 505.76, 31.47, 13.43
4.53, 6, black car, 910.98, 508.39, 940.18, 521.93, 925.58, 515.16, 910.98, 515.16, 940.18, 515.16, 29.20, 13.54
4.53, 4, black car, 712.79, 498.88, 744.61, 512.50, 728.70, 505.69, 712.79, 505.69, 744.61, 505.69, 31.82, 13.63
4.57, 6, black car, 908.48, 508.36, 937.43, 521.81, 922.96, 515.09, 908.48, 515.09, 937.43, 515.09, 28.95, 13.44
4.57, 4, black car, 709.79, 498.74, 741.71, 512.43, 725.75, 505.59, 709.79, 505.59, 741.71, 505.59, 31.93, 13.69
4.60, 6, black car, 906.58, 508.28, 935.25, 521.58, 920.91, 514.93, 906.58, 514.93, 935.25, 514.93, 28.67, 13.30
4.60, 4, black car, 707.15, 498.45, 738.76, 512.00, 722.96, 505.23, 707.15, 505.23, 738.76, 505.23, 31.61, 13.56
4.63, 6, black car, 903.95, 507.99, 933.09, 521.47, 918.52, 514.73, 903.95, 514.73, 933.09, 514.73, 29.14, 13.48
4.63, 4, black car, 704.22, 498.07, 735.95, 511.68, 720.08, 504.88, 704.22, 504.88, 735.95, 504.88, 31.73, 13.61
4.67, 6, black car, 901.25, 507.85, 930.27, 521.23, 915.76, 514.54, 901.25, 514.54, 930.27, 514.54, 29.02, 13.38
4.67, 4, black car, 701.96, 497.97, 733.48, 511.49, 717.72, 504.73, 701.96, 504.73, 733.48, 504.73, 31.52, 13.52
4.70, 6, black car, 898.12, 507.65, 927.64, 521.25, 912.88, 514.45, 898.12, 514.45, 927.64, 514.45, 29.52, 13.60
4.70, 4, black car, 699.44, 497.64, 731.09, 511.20, 715.27, 504.42, 699.44, 504.42, 731.09, 504.42, 31.65, 13.56
4.73, 6, black car, 895.60, 507.66, 924.45, 520.98, 910.03, 514.32, 895.60, 514.32, 924.45, 514.32, 28.85, 13.32
4.73, 4, black car, 696.57, 497.39, 728.49, 511.09, 712.53, 504.24, 696.57, 504.24, 728.49, 504.24, 31.92, 13.71
4.77, 6, black car, 892.56, 507.58, 921.42, 520.86, 906.99, 514.22, 892.56, 514.22, 921.42, 514.22, 28.86, 13.28
4.77, 4, black car, 693.72, 497.26, 725.61, 510.98, 709.67, 504.12, 693.72, 504.12, 725.61, 504.12, 31.88, 13.72
4.80, 6, black car, 890.24, 507.48, 919.20, 520.76, 904.72, 514.12, 890.24, 514.12, 919.20, 514.12, 28.96, 13.28
4.80, 4, black car, 691.10, 497.32, 722.84, 510.96, 706.97, 504.14, 691.10, 504.14, 722.84, 504.14, 31.74, 13.64
4.83, 6, black car, 887.78, 507.16, 917.00, 520.49, 902.39, 513.83, 887.78, 513.83, 917.00, 513.83, 29.21, 13.33
4.83, 4, black car, 689.02, 497.31, 720.05, 510.61, 704.53, 503.96, 689.02, 503.96, 720.05, 503.96, 31.03, 13.30
4.87, 6, black car, 885.45, 507.08, 914.67, 520.37, 900.06, 513.72, 885.45, 513.72, 914.67, 513.72, 29.23, 13.29
4.87, 4, black car, 686.85, 497.34, 717.23, 510.32, 702.04, 503.83, 686.85, 503.83, 717.23, 503.83, 30.39, 12.97
4.90, 6, black car, 883.20, 506.71, 912.75, 520.12, 897.98, 513.42, 883.20, 513.42, 912.75, 513.42, 29.55, 13.41
4.90, 4, black car, 683.58, 497.01, 714.80, 510.34, 699.19, 503.67, 683.58, 503.67, 714.80, 503.67, 31.22, 13.33
4.93, 6, black car, 880.38, 506.72, 910.27, 520.24, 895.33, 513.48, 880.38, 513.48, 910.27, 513.48, 29.88, 13.52
4.93, 4, black car, 680.72, 496.50, 712.55, 510.13, 696.64, 503.32, 680.72, 503.32, 712.55, 503.32, 31.83, 13.63
4.97, 6, black car, 877.83, 506.79, 907.46, 520.17, 892.65, 513.48, 877.83, 513.48, 907.46, 513.48, 29.63, 13.38
4.97, 4, black car, 677.70, 496.02, 709.51, 509.67, 693.61, 502.85, 677.70, 502.85, 709.51, 502.85, 31.80, 13.64
5.00, 6, black car, 875.50, 507.06, 904.62, 520.17, 890.06, 513.62, 875.50, 513.62, 904.62, 513.62, 29.12, 13.11
5.00, 4, black car, 674.73, 495.69, 706.53, 509.33, 690.63, 502.51, 674.73, 502.51, 706.53, 502.51, 31.81, 13.64
5.03, 6, black car, 872.90, 507.24, 901.58, 520.15, 887.24, 513.69, 872.90, 513.69, 901.58, 513.69, 28.68, 12.91
5.03, 4, black car, 671.83, 495.49, 703.75, 509.16, 687.79, 502.33, 671.83, 502.33, 703.75, 502.33, 31.91, 13.67
5.07, 6, black car, 869.86, 507.03, 898.79, 520.05, 884.32, 513.54, 869.86, 513.54, 898.79, 513.54, 28.93, 13.02
5.07, 4, black car, 668.80, 495.35, 701.09, 509.21, 684.95, 502.28, 668.80, 502.28, 701.09, 502.28, 32.28, 13.86
5.10, 6, black car, 867.75, 507.22, 896.19, 520.02, 881.97, 513.62, 867.75, 513.62, 896.19, 513.62, 28.44, 12.81
5.10, 4, black car, 665.71, 494.81, 698.21, 508.73, 681.96, 501.77, 665.71, 501.77, 698.21, 501.77, 32.50, 13.92
5.13, 6, black car, 865.55, 507.07, 893.76, 519.79, 879.65, 513.43, 865.55, 513.43, 893.76, 513.43, 28.21, 12.72
5.13, 4, black car, 663.72, 494.69, 695.27, 508.20, 679.49, 501.45, 663.72, 501.45, 695.27, 501.45, 31.55, 13.51
5.17, 6, black car, 862.83, 506.85, 891.24, 519.64, 877.03, 513.25, 862.83, 513.25, 891.24, 513.25, 28.41, 12.78
5.17, 4, black car, 660.67, 494.35, 692.23, 507.84, 676.45, 501.09, 660.67, 501.09, 692.23, 501.09, 31.56, 13.48
5.20, 6, black car, 859.94, 506.84, 888.21, 519.57, 874.07, 513.21, 859.94, 513.21, 888.21, 513.21, 28.27, 12.73
5.20, 4, black car, 658.22, 494.36, 689.40, 507.64, 673.81, 501.00, 658.22, 501.00, 689.40, 501.00, 31.17, 13.28
5.23, 6, black car, 857.02, 506.91, 885.24, 519.58, 871.13, 513.25, 857.02, 513.25, 885.24, 513.25, 28.22, 12.67
5.23, 4, black car, 655.84, 494.11, 687.09, 507.45, 671.47, 500.78, 655.84, 500.78, 687.09, 500.78, 31.25, 13.33
5.27, 4, black car, 653.42, 493.86, 684.85, 507.30, 669.13, 500.58, 653.42, 500.58, 684.85, 500.58, 31.43, 13.43
5.30, 4, black car, 651.28, 493.65, 682.33, 506.96, 666.81, 500.31, 651.28, 500.31, 682.33, 500.31, 31.05, 13.30
5.33, 4, black car, 648.19, 493.56, 679.37, 506.93, 663.78, 500.24, 648.19, 500.24, 679.37, 500.24, 31.18, 13.37
5.37, 4, black car, 645.29, 493.50, 676.40, 506.83, 660.85, 500.17, 645.29, 500.17, 676.40, 500.17, 31.11, 13.33
5.40, 4, black car, 643.23, 493.23, 673.97, 506.39, 658.60, 499.81, 643.23, 499.81, 673.97, 499.81, 30.74, 13.15
5.43, 4, black car, 640.43, 492.97, 671.70, 506.32, 656.07, 499.64, 640.43, 499.64, 671.70, 499.64, 31.27, 13.35
5.47, 4, black car, 637.68, 492.79, 668.87, 506.10, 653.27, 499.44, 637.68, 499.44, 668.87, 499.44, 31.19, 13.31
5.50, 4, black car, 635.02, 492.43, 666.62, 505.95, 650.82, 499.19, 635.02, 499.19, 666.62, 499.19, 31.61, 13.52
5.53, 4, black car, 632.30, 492.21, 663.26, 505.44, 647.78, 498.83, 632.30, 498.83, 663.26, 498.83, 30.96, 13.23
5.57, 4, black car, 629.45, 491.68, 660.31, 504.84, 644.88, 498.26, 629.45, 498.26, 660.31, 498.26, 30.85, 13.16
5.60, 4, black car, 626.43, 491.15, 658.10, 504.67, 642.27, 497.91, 626.43, 497.91, 658.10, 497.91, 31.67, 13.51
5.63, 4, black car, 623.77, 490.95, 655.62, 504.56, 639.69, 497.75, 623.77, 497.75, 655.62, 497.75, 31.85, 13.61
5.67, 4, black car, 621.56, 490.78, 653.40, 504.42, 637.48, 497.60, 621.56, 497.60, 653.40, 497.60, 31.84, 13.64
5.70, 4, black car, 619.03, 490.51, 651.09, 504.24, 635.06, 497.37, 619.03, 497.37, 651.09, 497.37, 32.07, 13.73
5.73, 4, black car, 616.26, 490.45, 647.82, 503.96, 632.04, 497.20, 616.26, 497.20, 647.82, 497.20, 31.57, 13.51
5.77, 4, black car, 612.97, 490.29, 644.67, 503.82, 628.82, 497.05, 612.97, 497.05, 644.67, 497.05, 31.69, 13.53
5.80, 4, black car, 610.13, 490.16, 641.72, 503.63, 625.92, 496.89, 610.13, 496.89, 641.72, 496.89, 31.59, 13.46
5.83, 4, black car, 607.74, 490.37, 638.67, 503.52, 623.20, 496.95, 607.74, 496.95, 638.67, 496.95, 30.93, 13.15
5.87, 4, black car, 604.81, 489.74, 636.67, 503.29, 620.74, 496.52, 604.81, 496.52, 636.67, 496.52, 31.86, 13.54
5.90, 4, black car, 602.76, 489.68, 634.05, 503.01, 618.41, 496.34, 602.76, 496.34, 634.05, 496.34, 31.29, 13.32
5.93, 4, black car, 600.07, 489.45, 631.50, 502.83, 615.79, 496.14, 600.07, 496.14, 631.50, 496.14, 31.42, 13.38
5.93, 6, black car, 802.90, 503.90, 830.60, 516.20, 816.75, 510.05, 802.90, 510.05, 830.60, 510.05, 27.70, 12.30
5.97, 4, black car, 597.07, 488.90, 628.85, 502.46, 612.96, 495.68, 597.07, 495.68, 628.85, 495.68, 31.78, 13.56
5.97, 6, black car, 800.30, 503.81, 828.18, 516.06, 814.24, 509.93, 800.30, 509.93, 828.18, 509.93, 27.88, 12.25
6.00, 4, black car, 594.88, 488.56, 626.37, 502.03, 610.62, 495.29, 594.88, 495.29, 626.37, 495.29, 31.49, 13.47
6.00, 6, black car, 797.15, 503.75, 825.50, 516.09, 811.32, 509.92, 797.15, 509.92, 825.50, 509.92, 28.35, 12.34
6.03, 4, black car, 592.67, 488.41, 623.90, 501.79, 608.28, 495.10, 592.67, 495.10, 623.90, 495.10, 31.23, 13.37
6.03, 6, black car, 794.60, 503.55, 823.81, 516.17, 809.20, 509.86, 794.60, 509.86, 823.81, 509.86, 29.21, 12.63
6.07, 4, black car, 589.82, 488.09, 621.26, 501.56, 605.54, 494.82, 589.82, 494.82, 621.26, 494.82, 31.44, 13.47
6.07, 6, black car, 791.19, 503.37, 821.09, 516.20, 806.14, 509.79, 791.19, 509.79, 821.09, 509.79, 29.90, 12.83
6.10, 4, black car, 587.69, 488.04, 618.77, 501.35, 603.23, 494.70, 587.69, 494.70, 618.77, 494.70, 31.08, 13.31
6.10, 6, black car, 788.14, 503.35, 818.07, 516.17, 803.11, 509.76, 788.14, 509.76, 818.07, 509.76, 29.92, 12.82
6.13, 4, black car, 584.48, 487.75, 615.99, 501.23, 600.23, 494.49, 584.48, 494.49, 615.99, 494.49, 31.50, 13.49
6.13, 6, black car, 784.96, 503.28, 815.35, 516.28, 800.16, 509.78, 784.96, 509.78, 815.35, 509.78, 30.40, 13.01
6.17, 4, black car, 582.08, 487.50, 613.49, 500.93, 597.79, 494.22, 582.08, 494.22, 613.49, 494.22, 31.41, 13.43
6.17, 6, black car, 782.30, 503.15, 812.81, 516.23, 797.55, 509.69, 782.30, 509.69, 812.81, 509.69, 30.51, 13.08
6.20, 4, black car, 579.21, 487.18, 610.14, 500.35, 594.68, 493.77, 579.21, 493.77, 610.14, 493.77, 30.93, 13.18
6.20, 6, black car, 780.03, 502.97, 811.09, 516.29, 795.56, 509.63, 780.03, 509.63, 811.09, 509.63, 31.06, 13.32
6.23, 4, black car, 576.76, 486.95, 606.90, 499.75, 591.83, 493.35, 576.76, 493.35, 606.90, 493.35, 30.13, 12.80
6.23, 6, black car, 777.39, 502.69, 808.46, 516.06, 792.92, 509.38, 777.39, 509.38, 808.46, 509.38, 31.07, 13.37
6.27, 4, black car, 573.88, 486.62, 604.17, 499.45, 589.02, 493.04, 573.88, 493.04, 604.17, 493.04, 30.29, 12.84
6.27, 6, black car, 775.14, 502.71, 805.69, 515.87, 790.41, 509.29, 775.14, 509.29, 805.69, 509.29, 30.55, 13.16
6.30, 4, black car, 571.55, 486.25, 601.97, 499.16, 586.76, 492.70, 571.55, 492.70, 601.97, 492.70, 30.43, 12.91
6.30, 6, black car, 773.00, 502.75, 802.67, 515.55, 787.84, 509.15, 773.00, 509.15, 802.67, 509.15, 29.67, 12.79
6.33, 4, black car, 568.77, 486.05, 599.69, 499.18, 584.23, 492.61, 568.77, 492.61, 599.69, 492.61, 30.92, 13.13
6.33, 6, black car, 770.40, 502.34, 800.57, 515.37, 785.48, 508.85, 770.40, 508.85, 800.57, 508.85, 30.17, 13.04
6.37, 4, black car, 566.30, 485.75, 597.36, 498.96, 581.83, 492.35, 566.30, 492.35, 597.36, 492.35, 31.06, 13.21
6.37, 6, black car, 767.58, 502.14, 797.61, 515.14, 782.60, 508.64, 767.58, 508.64, 797.61, 508.64, 30.03, 13.00
6.40, 4, black car, 563.58, 485.46, 595.10, 498.86, 579.34, 492.16, 563.58, 492.16, 595.10, 492.16, 31.52, 13.40
6.40, 6, black car, 765.08, 502.12, 794.62, 514.93, 779.85, 508.53, 765.08, 508.53, 794.62, 508.53, 29.54, 12.81
6.43, 4, black car, 561.97, 485.77, 592.68, 498.83, 577.32, 492.30, 561.97, 492.30, 592.68, 492.30, 30.71, 13.05
6.43, 6, black car, 762.49, 501.78, 792.15, 514.65, 777.32, 508.21, 762.49, 508.21, 792.15, 508.21, 29.66, 12.87
6.47, 4, black car, 559.58, 485.59, 590.41, 498.73, 575.00, 492.16, 559.58, 492.16, 590.41, 492.16, 30.84, 13.15
6.47, 6, black car, 759.75, 501.63, 789.39, 514.47, 774.57, 508.05, 759.75, 508.05, 789.39, 508.05, 29.64, 12.85
6.50, 4, black car, 557.17, 485.46, 587.38, 498.36, 572.27, 491.91, 557.17, 491.91, 587.38, 491.91, 30.21, 12.91
6.50, 6, black car, 756.52, 501.52, 786.15, 514.31, 771.34, 507.92, 756.52, 507.92, 786.15, 507.92, 29.62, 12.80
6.53, 4, black car, 553.67, 485.03, 584.44, 498.18, 569.05, 491.61, 553.67, 491.61, 584.44, 491.61, 30.76, 13.14
6.53, 6, black car, 753.13, 501.30, 783.20, 514.24, 768.17, 507.77, 753.13, 507.77, 783.20, 507.77, 30.07, 12.95
6.57, 4, black car, 550.46, 484.79, 580.99, 497.83, 565.73, 491.31, 550.46, 491.31, 580.99, 491.31, 30.53, 13.04
6.57, 6, black car, 750.69, 501.13, 780.39, 513.92, 765.54, 507.53, 750.69, 507.53, 780.39, 507.53, 29.70, 12.78
6.60, 4, black car, 547.62, 484.56, 578.13, 497.59, 562.88, 491.07, 547.62, 491.07, 578.13, 491.07, 30.51, 13.02
6.60, 6, black car, 748.71, 500.95, 778.15, 513.63, 763.43, 507.29, 748.71, 507.29, 778.15, 507.29, 29.44, 12.68
6.63, 4, black car, 544.84, 484.13, 575.60, 497.25, 560.22, 490.69, 544.84, 490.69, 575.60, 490.69, 30.76, 13.13
6.63, 6, black car, 746.60, 500.73, 776.13, 513.47, 761.36, 507.10, 746.60, 507.10, 776.13, 507.10, 29.53, 12.74
6.67, 4, black car, 541.81, 483.68, 573.55, 497.22, 557.68, 490.45, 541.81, 490.45, 573.55, 490.45, 31.74, 13.54
6.67, 6, black car, 743.68, 500.47, 773.51, 513.37, 758.59, 506.92, 743.68, 506.92, 773.51, 506.92, 29.83, 12.90
6.70, 4, black car, 539.17, 483.51, 570.55, 496.94, 554.86, 490.23, 539.17, 490.23, 570.55, 490.23, 31.39, 13.43
6.70, 6, black car, 741.17, 500.09, 770.89, 512.99, 756.03, 506.54, 741.17, 506.54, 770.89, 506.54, 29.72, 12.90
6.73, 4, black car, 536.51, 482.99, 567.76, 496.32, 552.14, 489.66, 536.51, 489.66, 567.76, 489.66, 31.25, 13.34
6.73, 6, black car, 738.41, 499.72, 768.82, 512.97, 753.62, 506.35, 738.41, 506.35, 768.82, 506.35, 30.41, 13.25
6.77, 4, black car, 533.54, 482.91, 564.11, 495.90, 548.82, 489.40, 533.54, 489.40, 564.11, 489.40, 30.58, 12.99
6.77, 6, black car, 735.71, 499.53, 766.02, 512.73, 750.87, 506.13, 735.71, 506.13, 766.02, 506.13, 30.31, 13.20
6.80, 4, black car, 530.79, 482.61, 561.71, 495.70, 546.25, 489.16, 530.79, 489.16, 561.71, 489.16, 30.91, 13.09
6.80, 6, black car, 733.18, 499.73, 762.95, 512.70, 748.06, 506.21, 733.18, 506.21, 762.95, 506.21, 29.77, 12.98
6.83, 4, black car, 528.63, 482.59, 559.52, 495.66, 544.08, 489.12, 528.63, 489.12, 559.52, 489.12, 30.89, 13.08
6.83, 6, black car, 731.14, 499.89, 759.86, 512.43, 745.50, 506.16, 731.14, 506.16, 759.86, 506.16, 28.72, 12.54
6.87, 4, black car, 524.85, 481.90, 557.20, 495.55, 541.02, 488.73, 524.85, 488.73, 557.20, 488.73, 32.35, 13.65
6.87, 6, black car, 728.46, 499.28, 758.13, 512.25, 743.29, 505.76, 728.46, 505.76, 758.13, 505.76, 29.67, 12.97
6.90, 4, black car, 522.23, 481.47, 554.45, 495.05, 538.34, 488.26, 522.23, 488.26, 554.45, 488.26, 32.23, 13.58
6.90, 6, black car, 725.70, 498.93, 756.13, 512.22, 740.92, 505.57, 725.70, 505.57, 756.13, 505.57, 30.42, 13.29
6.93, 4, black car, 519.96, 481.17, 551.64, 494.53, 535.80, 487.85, 519.96, 487.85, 551.64, 487.85, 31.67, 13.35
6.93, 6, black car, 723.76, 498.71, 754.36, 512.03, 739.06, 505.37, 723.76, 505.37, 754.36, 505.37, 30.60, 13.32
6.97, 4, black car, 517.95, 480.94, 549.08, 494.09, 533.51, 487.52, 517.95, 487.52, 549.08, 487.52, 31.13, 13.15
6.97, 6, black car, 721.49, 498.70, 751.68, 511.78, 736.59, 505.24, 721.49, 505.24, 751.68, 505.24, 30.18, 13.08
7.00, 4, black car, 516.29, 480.97, 546.90, 493.93, 531.60, 487.45, 516.29, 487.45, 546.90, 487.45, 30.61, 12.96
7.00, 6, black car, 718.73, 498.78, 748.32, 511.59, 733.53, 505.19, 718.73, 505.19, 748.32, 505.19, 29.58, 12.81
7.03, 4, black car, 513.58, 480.95, 544.56, 494.08, 529.07, 487.51, 513.58, 487.51, 544.56, 487.51, 30.98, 13.14
7.03, 6, black car, 714.93, 498.68, 744.35, 511.47, 729.64, 505.07, 714.93, 505.07, 744.35, 505.07, 29.42, 12.78
7.07, 4, black car, 510.43, 480.50, 541.97, 493.90, 526.20, 487.20, 510.43, 487.20, 541.97, 487.20, 31.54, 13.40
7.07, 6, black car, 712.30, 498.56, 741.54, 511.29, 726.92, 504.93, 712.30, 504.93, 741.54, 504.93, 29.24, 12.73
7.10, 4, black car, 508.30, 480.29, 540.20, 493.81, 524.25, 487.05, 508.30, 487.05, 540.20, 487.05, 31.90, 13.52
7.10, 6, black car, 709.33, 498.36, 738.93, 511.25, 724.13, 504.80, 709.33, 504.80, 738.93, 504.80, 29.60, 12.89
7.13, 4, black car, 505.29, 480.17, 536.56, 493.37, 520.93, 486.77, 505.29, 486.77, 536.56, 486.77, 31.27, 13.20
7.13, 6, black car, 707.04, 498.12, 736.73, 511.01, 721.89, 504.57, 707.04, 504.57, 736.73, 504.57, 29.70, 12.89
7.17, 4, black car, 502.25, 479.75, 533.89, 493.06, 518.07, 486.40, 502.25, 486.40, 533.89, 486.40, 31.63, 13.31
7.17, 6, black car, 703.86, 497.94, 733.66, 510.80, 718.76, 504.37, 703.86, 504.37, 733.66, 504.37, 29.80, 12.86
7.20, 4, black car, 499.82, 479.18, 531.59, 492.55, 515.70, 485.86, 499.82, 485.86, 531.59, 485.86, 31.77, 13.36
7.20, 6, black car, 701.47, 497.76, 731.40, 510.60, 716.43, 504.18, 701.47, 504.18, 731.40, 504.18, 29.93, 12.84
7.23, 4, black car, 497.39, 478.76, 529.70, 492.36, 513.55, 485.56, 497.39, 485.56, 529.70, 485.56, 32.30, 13.59
7.23, 6, black car, 698.24, 497.58, 728.84, 510.68, 713.54, 504.13, 698.24, 504.13, 728.84, 504.13, 30.60, 13.11
7.27, 4, black car, 495.51, 478.37, 527.89, 491.97, 511.70, 485.17, 495.51, 485.17, 527.89, 485.17, 32.38, 13.60
7.27, 6, black car, 696.05, 497.35, 726.81, 510.52, 711.43, 503.93, 696.05, 503.93, 726.81, 503.93, 30.75, 13.17
7.30, 4, black car, 493.01, 477.78, 526.29, 491.71, 509.65, 484.74, 493.01, 484.74, 526.29, 484.74, 33.28, 13.93
7.30, 6, black car, 693.63, 497.21, 723.71, 510.05, 708.67, 503.63, 693.63, 503.63, 723.71, 503.63, 30.08, 12.84
7.33, 4, black car, 490.65, 477.76, 523.75, 491.58, 507.20, 484.67, 490.65, 484.67, 523.75, 484.67, 33.09, 13.81
7.33, 6, black car, 691.10, 497.13, 720.55, 509.65, 705.83, 503.39, 691.10, 503.39, 720.55, 503.39, 29.45, 12.53
7.37, 4, black car, 487.91, 477.75, 520.58, 491.39, 504.24, 484.57, 487.91, 484.57, 520.58, 484.57, 32.67, 13.64
7.37, 6, black car, 688.47, 496.85, 717.91, 509.36, 703.19, 503.11, 688.47, 503.11, 717.91, 503.11, 29.44, 12.51
7.40, 4, black car, 485.17, 477.73, 517.45, 491.28, 501.31, 484.50, 485.17, 484.50, 517.45, 484.50, 32.28, 13.56
7.40, 6, black car, 685.91, 496.73, 715.60, 509.35, 700.75, 503.04, 685.91, 503.04, 715.60, 503.04, 29.69, 12.62
7.43, 4, black car, 482.12, 477.42, 514.82, 491.22, 498.47, 484.32, 482.12, 484.32, 514.82, 484.32, 32.70, 13.80
7.43, 6, black car, 682.24, 496.34, 712.99, 509.48, 697.62, 502.91, 682.24, 502.91, 712.99, 502.91, 30.75, 13.13
7.47, 6, black car, 679.69, 496.05, 710.77, 509.37, 695.23, 502.71, 679.69, 502.71, 710.77, 502.71, 31.07, 13.32
7.50, 6, black car, 676.84, 495.70, 707.82, 508.97, 692.33, 502.34, 676.84, 502.34, 707.82, 502.34, 30.97, 13.28
7.53, 6, black car, 674.77, 495.48, 705.43, 508.62, 690.10, 502.05, 674.77, 502.05, 705.43, 502.05, 30.65, 13.14
7.57, 6, black car, 671.89, 495.11, 702.66, 508.30, 687.28, 501.71, 671.89, 501.71, 702.66, 501.71, 30.78, 13.19
7.60, 6, black car, 669.23, 494.70, 700.39, 508.10, 684.81, 501.40, 669.23, 501.40, 700.39, 501.40, 31.17, 13.39
7.60, 4, black car, 469.39, 475.83, 502.23, 489.85, 485.81, 482.84, 469.39, 482.84, 502.23, 482.84, 32.83, 14.02
7.63, 6, black car, 666.52, 494.68, 697.16, 507.87, 681.84, 501.27, 666.52, 501.27, 697.16, 501.27, 30.64, 13.18
7.63, 4, black car, 466.71, 475.65, 499.42, 489.72, 483.07, 482.68, 466.71, 482.68, 499.42, 482.68, 32.71, 14.07
7.67, 6, black car, 663.73, 494.26, 693.92, 507.28, 678.83, 500.77, 663.73, 500.77, 693.92, 500.77, 30.19, 13.02
7.67, 4, black car, 464.05, 475.48, 496.60, 489.50, 480.32, 482.49, 464.05, 482.49, 496.60, 482.49, 32.55, 14.02
7.70, 6, black car, 660.41, 494.07, 690.88, 507.19, 675.65, 500.63, 660.41, 500.63, 690.88, 500.63, 30.47, 13.12
7.70, 4, black car, 461.87, 475.45, 493.18, 488.92, 477.53, 482.19, 461.87, 482.19, 493.18, 482.19, 31.31, 13.47
7.73, 6, black car, 657.86, 493.84, 688.39, 506.97, 673.12, 500.40, 657.86, 500.40, 688.39, 500.40, 30.53, 13.13
7.73, 4, black car, 459.23, 475.57, 490.08, 488.82, 474.66, 482.19, 459.23, 482.19, 490.08, 482.19, 30.85, 13.25
7.77, 6, black car, 654.97, 493.21, 686.27, 506.73, 670.62, 499.97, 654.97, 499.97, 686.27, 499.97, 31.29, 13.52
7.77, 4, black car, 456.28, 475.40, 487.24, 488.69, 471.76, 482.05, 456.28, 482.05, 487.24, 482.05, 30.96, 13.30
7.80, 6, black car, 653.39, 493.18, 683.69, 506.29, 668.54, 499.73, 653.39, 499.73, 683.69, 499.73, 30.29, 13.11
7.80, 4, black car, 453.49, 474.93, 485.02, 488.44, 469.25, 481.68, 453.49, 481.68, 485.02, 481.68, 31.52, 13.51
7.83, 6, black car, 651.36, 493.23, 681.35, 506.20, 666.35, 499.71, 651.36, 499.71, 681.35, 499.71, 29.99, 12.98
7.83, 4, black car, 450.98, 474.62, 482.71, 488.20, 466.84, 481.41, 450.98, 481.41, 482.71, 481.41, 31.73, 13.58
7.87, 6, black car, 649.18, 493.16, 678.78, 505.99, 663.98, 499.57, 649.18, 499.57, 678.78, 499.57, 29.60, 12.84
7.87, 4, black car, 448.88, 474.13, 480.56, 487.67, 464.72, 480.90, 448.88, 480.90, 480.56, 480.90, 31.68, 13.53
7.90, 6, black car, 646.13, 493.06, 675.27, 505.69, 660.70, 499.38, 646.13, 499.38, 675.27, 499.38, 29.15, 12.63
7.90, 4, black car, 447.08, 474.05, 478.10, 487.26, 462.59, 480.66, 447.08, 480.66, 478.10, 480.66, 31.02, 13.21
7.93, 6, black car, 643.32, 492.69, 673.05, 505.54, 658.19, 499.11, 643.32, 499.11, 673.05, 499.11, 29.74, 12.85
7.93, 4, black car, 444.35, 473.92, 475.09, 487.04, 459.72, 480.48, 444.35, 480.48, 475.09, 480.48, 30.74, 13.12
7.97, 6, black car, 640.40, 492.38, 670.63, 505.44, 655.52, 498.91, 640.40, 498.91, 670.63, 498.91, 30.23, 13.06
7.97, 4, black car, 441.32, 473.49, 472.50, 486.84, 456.91, 480.16, 441.32, 480.16, 472.50, 480.16, 31.18, 13.35
8.00, 6, black car, 637.99, 492.17, 668.14, 505.21, 653.07, 498.69, 637.99, 498.69, 668.14, 498.69, 30.15, 13.04
8.00, 4, black car, 439.41, 473.33, 470.24, 486.57, 454.82, 479.95, 439.41, 479.95, 470.24, 479.95, 30.83, 13.23
8.03, 6, black car, 635.51, 491.87, 665.52, 504.87, 650.51, 498.37, 635.51, 498.37, 665.52, 498.37, 30.01, 13.00
8.03, 4, black car, 437.00, 472.98, 467.57, 486.11, 452.29, 479.55, 437.00, 479.55, 467.57, 479.55, 30.57, 13.13
8.07, 6, black car, 633.29, 491.46, 662.59, 504.14, 647.94, 497.80, 633.29, 497.80, 662.59, 497.80, 29.30, 12.68
8.07, 4, black car, 435.13, 472.90, 465.02, 485.73, 450.07, 479.32, 435.13, 479.32, 465.02, 479.32, 29.89, 12.83
8.10, 6, black car, 630.16, 491.16, 660.00, 504.06, 645.08, 497.61, 630.16, 497.61, 660.00, 497.61, 29.84, 12.90
8.10, 4, black car, 431.85, 472.50, 462.27, 485.56, 447.06, 479.03, 431.85, 479.03, 462.27, 479.03, 30.42, 13.06
8.13, 6, black car, 627.15, 490.81, 657.67, 504.00, 642.41, 497.40, 627.15, 497.40, 657.67, 497.40, 30.53, 13.19
8.13, 4, black car, 429.00, 472.15, 460.20, 485.57, 444.60, 478.86, 429.00, 478.86, 460.20, 478.86, 31.20, 13.42
8.17, 6, black car, 624.29, 490.77, 654.57, 503.86, 639.43, 497.31, 624.29, 497.31, 654.57, 497.31, 30.28, 13.09
8.17, 4, black car, 426.64, 472.11, 457.82, 485.53, 442.23, 478.82, 426.64, 478.82, 457.82, 478.82, 31.18, 13.42
8.20, 6, black car, 621.79, 490.58, 652.15, 503.71, 636.97, 497.14, 621.79, 497.14, 652.15, 497.14, 30.37, 13.13
8.20, 4, black car, 424.10, 471.25, 456.22, 485.09, 440.16, 478.17, 424.10, 478.17, 456.22, 478.17, 32.11, 13.84
8.23, 6, black car, 618.90, 490.38, 649.08, 503.42, 633.99, 496.90, 618.90, 496.90, 649.08, 496.90, 30.19, 13.03
8.23, 4, black car, 421.71, 471.14, 453.22, 484.72, 437.46, 477.93, 421.71, 477.93, 453.22, 477.93, 31.51, 13.59
8.27, 6, black car, 617.24, 490.32, 646.63, 503.00, 631.94, 496.66, 617.24, 496.66, 646.63, 496.66, 29.39, 12.68
8.27, 4, black car, 419.08, 470.90, 450.68, 484.53, 434.88, 477.72, 419.08, 477.72, 450.68, 477.72, 31.60, 13.63
8.30, 6, black car, 614.87, 490.33, 644.21, 502.98, 629.54, 496.65, 614.87, 496.65, 644.21, 496.65, 29.34, 12.65
8.30, 4, black car, 416.32, 470.64, 448.23, 484.42, 432.28, 477.53, 416.32, 477.53, 448.23, 477.53, 31.91, 13.78
8.33, 6, black car, 611.84, 490.17, 641.07, 502.76, 626.45, 496.47, 611.84, 496.47, 641.07, 496.47, 29.23, 12.59
8.33, 4, black car, 414.23, 470.68, 445.54, 484.24, 429.88, 477.46, 414.23, 477.46, 445.54, 477.46, 31.31, 13.57
8.37, 6, black car, 609.10, 490.12, 638.15, 502.59, 623.62, 496.36, 609.10, 496.36, 638.15, 496.36, 29.05, 12.46
8.37, 4, black car, 411.39, 470.20, 443.17, 484.02, 427.28, 477.11, 411.39, 477.11, 443.17, 477.11, 31.79, 13.82
8.40, 6, black car, 605.66, 489.59, 635.76, 502.53, 620.71, 496.06, 605.66, 496.06, 635.76, 496.06, 30.10, 12.94
8.40, 4, black car, 408.36, 469.78, 440.38, 483.71, 424.37, 476.74, 408.36, 476.74, 440.38, 476.74, 32.01, 13.93
8.43, 6, black car, 603.15, 489.52, 632.94, 502.34, 618.05, 495.93, 603.15, 495.93, 632.94, 495.93, 29.79, 12.82
8.43, 4, black car, 405.30, 469.48, 437.35, 483.40, 421.33, 476.44, 405.30, 476.44, 437.35, 476.44, 32.05, 13.93
8.47, 6, black car, 600.50, 489.30, 630.50, 502.23, 615.50, 495.77, 600.50, 495.77, 630.50, 495.77, 30.00, 12.93
8.47, 4, black car, 402.55, 469.13, 434.88, 483.18, 418.71, 476.16, 402.55, 476.16, 434.88, 476.16, 32.33, 14.05
8.50, 6, black car, 597.94, 488.96, 628.28, 502.09, 613.11, 495.52, 597.94, 495.52, 628.28, 495.52, 30.34, 13.14
8.50, 4, black car, 399.93, 468.87, 432.85, 483.17, 416.39, 476.02, 399.93, 476.02, 432.85, 476.02, 32.92, 14.30
8.53, 6, black car, 595.83, 488.61, 626.12, 501.80, 610.97, 495.20, 595.83, 495.20, 626.12, 495.20, 30.29, 13.19
8.53, 4, black car, 397.70, 468.82, 430.38, 483.04, 414.04, 475.93, 397.70, 475.93, 430.38, 475.93, 32.68, 14.22
8.57, 6, black car, 593.92, 488.46, 623.84, 501.55, 608.88, 495.01, 593.92, 495.01, 623.84, 495.01, 29.92, 13.09
8.57, 4, black car, 394.99, 468.50, 427.71, 482.75, 411.35, 475.63, 394.99, 475.63, 427.71, 475.63, 32.72, 14.25
8.60, 6, black car, 591.77, 488.17, 621.51, 501.21, 606.64, 494.69, 591.77, 494.69, 621.51, 494.69, 29.74, 13.04
8.60, 4, black car, 392.36, 468.24, 424.75, 482.33, 408.55, 475.29, 392.36, 475.29, 424.75, 475.29, 32.39, 14.09
8.63, 6, black car, 588.50, 487.85, 618.48, 500.97, 603.49, 494.41, 588.50, 494.41, 618.48, 494.41, 29.98, 13.12
8.63, 4, black car, 389.96, 468.27, 421.64, 482.06, 405.80, 475.17, 389.96, 475.17, 421.64, 475.17, 31.68, 13.79
8.67, 6, black car, 585.51, 487.25, 615.66, 500.44, 600.58, 493.85, 585.51, 493.85, 615.66, 493.85, 30.15, 13.19
8.67, 4, black car, 388.34, 468.17, 419.92, 481.92, 404.13, 475.05, 388.34, 475.05, 419.92, 475.05, 31.58, 13.74
8.70, 6, black car, 583.21, 487.18, 613.26, 500.32, 598.24, 493.75, 583.21, 493.75, 613.26, 493.75, 30.05, 13.15
8.70, 4, black car, 385.81, 467.97, 417.62, 481.83, 401.72, 474.90, 385.81, 474.90, 417.62, 474.90, 31.82, 13.86
8.73, 6, black car, 579.75, 486.76, 609.84, 499.89, 594.79, 493.32, 579.75, 493.32, 609.84, 493.32, 30.09, 13.13
8.73, 4, black car, 383.14, 467.44, 415.31, 481.48, 399.23, 474.46, 383.14, 474.46, 415.31, 474.46, 32.17, 14.04
8.77, 6, black car, 577.63, 486.82, 607.31, 499.73, 592.47, 493.27, 577.63, 493.27, 607.31, 493.27, 29.68, 12.91
8.77, 4, black car, 380.80, 466.93, 413.23, 481.09, 397.02, 474.01, 380.80, 474.01, 413.23, 474.01, 32.43, 14.16
8.80, 6, black car, 575.16, 486.58, 604.56, 499.33, 589.86, 492.95, 575.16, 492.95, 604.56, 492.95, 29.40, 12.75
8.80, 4, black car, 378.21, 466.68, 410.32, 480.66, 394.27, 473.67, 378.21, 473.67, 410.32, 473.67, 32.11, 13.98
8.83, 6, black car, 572.34, 485.81, 602.49, 498.86, 587.41, 492.33, 572.34, 492.33, 602.49, 492.33, 30.14, 13.04
8.83, 4, black car, 375.82, 466.39, 407.85, 480.31, 391.84, 473.35, 375.82, 473.35, 407.85, 473.35, 32.03, 13.91
8.87, 6, black car, 569.85, 485.57, 600.34, 498.76, 585.10, 492.16, 569.85, 492.16, 600.34, 492.16, 30.49, 13.18
8.87, 4, black car, 374.12, 466.14, 405.96, 479.96, 390.04, 473.05, 374.12, 473.05, 405.96, 473.05, 31.84, 13.82
8.90, 6, black car, 567.47, 485.37, 598.11, 498.61, 582.79, 491.99, 567.47, 491.99, 598.11, 491.99, 30.64, 13.24
8.90, 4, black car, 371.69, 465.70, 403.78, 479.68, 387.74, 472.69, 371.69, 472.69, 403.78, 472.69, 32.09, 13.98
8.93, 6, black car, 564.62, 485.11, 595.56, 498.48, 580.09, 491.79, 564.62, 491.79, 595.56, 491.79, 30.94, 13.37
8.93, 4, black car, 369.42, 465.14, 401.64, 479.24, 385.53, 472.19, 369.42, 472.19, 401.64, 472.19, 32.22, 14.10
8.97, 6, black car, 562.43, 484.95, 593.18, 498.25, 577.81, 491.60, 562.43, 491.60, 593.18, 491.60, 30.75, 13.29
8.97, 4, black car, 366.93, 464.97, 398.71, 478.94, 382.82, 471.95, 366.93, 471.95, 398.71, 471.95, 31.78, 13.97
9.00, 6, black car, 559.95, 484.79, 590.57, 498.04, 575.26, 491.41, 559.95, 491.41, 590.57, 491.41, 30.62, 13.24
9.00, 4, black car, 363.98, 464.93, 395.42, 478.74, 379.70, 471.83, 363.98, 471.83, 395.42, 471.83, 31.45, 13.81
9.03, 6, black car, 557.63, 484.72, 587.93, 497.85, 572.78, 491.28, 557.63, 491.28, 587.93, 491.28, 30.30, 13.13
9.03, 4, black car, 361.87, 464.86, 393.17, 478.59, 377.52, 471.72, 361.87, 471.72, 393.17, 471.72, 31.30, 13.73
9.07, 6, black car, 554.89, 484.65, 585.01, 497.70, 569.95, 491.17, 554.89, 491.17, 585.01, 491.17, 30.12, 13.06
9.07, 4, black car, 359.59, 464.72, 390.91, 478.49, 375.25, 471.61, 359.59, 471.61, 390.91, 471.61, 31.32, 13.77
9.10, 6, black car, 552.14, 484.23, 582.34, 497.29, 567.24, 490.76, 552.14, 490.76, 582.34, 490.76, 30.21, 13.06
9.10, 4, black car, 356.78, 464.33, 388.55, 478.31, 372.66, 471.32, 356.78, 471.32, 388.55, 471.32, 31.77, 13.99
9.13, 6, black car, 548.56, 484.15, 578.68, 497.12, 563.62, 490.63, 548.56, 490.63, 578.68, 490.63, 30.11, 12.97
9.13, 4, black car, 354.14, 464.10, 385.96, 478.13, 370.05, 471.12, 354.14, 471.12, 385.96, 471.12, 31.82, 14.03
9.17, 6, black car, 545.60, 483.88, 575.90, 496.90, 560.75, 490.39, 545.60, 490.39, 575.90, 490.39, 30.30, 13.02
9.17, 4, black car, 352.62, 464.14, 383.41, 477.69, 368.01, 470.91, 352.62, 470.91, 383.41, 470.91, 30.79, 13.55
9.20, 6, black car, 543.40, 483.67, 574.28, 496.92, 558.84, 490.29, 543.40, 490.29, 574.28, 490.29, 30.88, 13.25
9.20, 4, black car, 350.61, 464.19, 380.95, 477.51, 365.78, 470.85, 350.61, 470.85, 380.95, 470.85, 30.33, 13.33
9.23, 6, black car, 540.78, 483.33, 571.97, 496.74, 556.37, 490.03, 540.78, 490.03, 571.97, 490.03, 31.20, 13.41
9.23, 4, black car, 348.73, 463.71, 379.22, 477.13, 363.97, 470.42, 348.73, 470.42, 379.22, 470.42, 30.49, 13.41
9.27, 6, black car, 538.87, 483.04, 569.80, 496.38, 554.34, 489.71, 538.87, 489.71, 569.80, 489.71, 30.94, 13.34
9.27, 4, black car, 346.56, 463.21, 377.63, 476.88, 362.10, 470.05, 346.56, 470.05, 377.63, 470.05, 31.06, 13.67
9.30, 6, black car, 536.41, 483.11, 565.99, 495.81, 551.20, 489.46, 536.41, 489.46, 565.99, 489.46, 29.59, 12.71
9.30, 4, black car, 344.11, 462.79, 375.72, 476.76, 359.92, 469.77, 344.11, 469.77, 375.72, 469.77, 31.62, 13.97
9.33, 6, black car, 533.79, 482.69, 563.31, 495.32, 548.55, 489.00, 533.79, 489.00, 563.31, 489.00, 29.52, 12.63
9.33, 4, black car, 341.55, 462.41, 373.77, 476.74, 357.66, 469.58, 341.55, 469.58, 373.77, 469.58, 32.22, 14.33
9.37, 6, black car, 530.78, 482.35, 561.16, 495.31, 545.97, 488.83, 530.78, 488.83, 561.16, 488.83, 30.38, 12.97
9.37, 4, black car, 338.98, 462.15, 371.47, 476.70, 355.22, 469.42, 338.98, 469.42, 371.47, 469.42, 32.50, 14.55
9.40, 6, black car, 527.44, 482.11, 558.50, 495.34, 542.97, 488.73, 527.44, 488.73, 558.50, 488.73, 31.07, 13.24
9.40, 4, black car, 336.24, 462.01, 368.57, 476.53, 352.41, 469.27, 336.24, 469.27, 368.57, 469.27, 32.33, 14.52
9.43, 6, black car, 524.35, 481.64, 556.02, 495.04, 540.19, 488.34, 524.35, 488.34, 556.02, 488.34, 31.67, 13.41
9.43, 4, black car, 333.93, 462.01, 365.45, 476.18, 349.69, 469.09, 333.93, 469.09, 365.45, 469.09, 31.52, 14.17
9.47, 6, black car, 521.94, 480.99, 553.84, 494.46, 537.89, 487.72, 521.94, 487.72, 553.84, 487.72, 31.89, 13.47
9.47, 4, black car, 330.56, 461.78, 361.81, 475.79, 346.18, 468.79, 330.56, 468.79, 361.81, 468.79, 31.26, 14.02
9.50, 6, black car, 520.21, 480.82, 551.63, 494.09, 535.92, 487.46, 520.21, 487.46, 551.63, 487.46, 31.42, 13.28
9.50, 4, black car, 327.93, 461.85, 358.57, 475.58, 343.25, 468.71, 327.93, 468.71, 358.57, 468.71, 30.64, 13.73
9.53, 6, black car, 518.60, 480.55, 549.54, 493.68, 534.07, 487.11, 518.60, 487.11, 549.54, 487.11, 30.94, 13.13
9.53, 4, black car, 326.12, 461.75, 356.62, 475.39, 341.37, 468.57, 326.12, 468.57, 356.62, 468.57, 30.50, 13.64
9.57, 6, black car, 516.42, 480.48, 546.84, 493.44, 531.63, 486.96, 516.42, 486.96, 546.84, 486.96, 30.42, 12.96
9.57, 4, black car, 323.77, 461.33, 353.92, 474.77, 338.85, 468.05, 323.77, 468.05, 353.92, 468.05, 30.15, 13.44
9.60, 6, black car, 514.00, 480.37, 544.55, 493.39, 529.28, 486.88, 514.00, 486.88, 544.55, 486.88, 30.54, 13.02
9.60, 4, black car, 321.54, 460.87, 351.58, 474.21, 336.56, 467.54, 321.54, 467.54, 351.58, 467.54, 30.04, 13.34
9.63, 6, black car, 510.56, 480.02, 541.76, 493.32, 526.16, 486.67, 510.56, 486.67, 541.76, 486.67, 31.20, 13.30
9.63, 4, black car, 320.21, 460.50, 350.67, 474.00, 335.44, 467.25, 320.21, 467.25, 350.67, 467.25, 30.46, 13.51
9.67, 6, black car, 508.42, 480.07, 539.57, 493.33, 523.99, 486.70, 508.42, 486.70, 539.57, 486.70, 31.15, 13.26
9.67, 4, black car, 316.85, 460.14, 347.50, 473.72, 332.18, 466.93, 316.85, 466.93, 347.50, 466.93, 30.64, 13.58
9.70, 6, black car, 505.81, 479.80, 536.78, 492.97, 521.29, 486.39, 505.81, 486.39, 536.78, 486.39, 30.97, 13.17
9.70, 4, black car, 314.95, 460.17, 345.15, 473.48, 330.05, 466.82, 314.95, 466.82, 345.15, 466.82, 30.19, 13.31
9.73, 6, black car, 503.44, 479.47, 534.53, 492.67, 518.98, 486.07, 503.44, 486.07, 534.53, 486.07, 31.09, 13.20
9.73, 4, black car, 312.20, 459.99, 342.51, 473.29, 327.35, 466.64, 312.20, 466.64, 342.51, 466.64, 30.31, 13.30
9.77, 6, black car, 500.96, 478.68, 531.99, 491.86, 516.48, 485.27, 500.96, 485.27, 531.99, 485.27, 31.03, 13.18
9.77, 4, black car, 308.81, 459.69, 339.41, 473.10, 324.11, 466.40, 308.81, 466.40, 339.41, 466.40, 30.61, 13.41
9.80, 6, black car, 498.73, 478.48, 529.48, 491.56, 514.10, 485.02, 498.73, 485.02, 529.48, 485.02, 30.75, 13.08
9.80, 4, black car, 306.54, 459.53, 337.13, 472.94, 321.84, 466.24, 306.54, 466.24, 337.13, 466.24, 30.60, 13.41
9.83, 6, black car, 496.53, 477.98, 528.07, 491.37, 512.30, 484.68, 496.53, 484.68, 528.07, 484.68, 31.54, 13.39
9.83, 4, black car, 304.96, 459.69, 335.56, 473.09, 320.26, 466.39, 304.96, 466.39, 335.56, 466.39, 30.61, 13.40
9.87, 6, black car, 495.09, 477.87, 526.99, 491.35, 511.04, 484.61, 495.09, 484.61, 526.99, 484.61, 31.90, 13.48
9.87, 4, black car, 302.65, 459.87, 332.55, 472.92, 317.60, 466.40, 302.65, 466.40, 332.55, 466.40, 29.90, 13.05
9.90, 6, black car, 493.24, 477.71, 525.56, 491.28, 509.40, 484.49, 493.24, 484.49, 525.56, 484.49, 32.32, 13.58
9.90, 4, black car, 299.62, 459.50, 329.96, 472.73, 314.79, 466.11, 299.62, 466.11, 329.96, 466.11, 30.34, 13.23
9.93, 6, black car, 490.12, 477.62, 522.63, 491.25, 506.38, 484.43, 490.12, 484.43, 522.63, 484.43, 32.52, 13.62
9.93, 4, black car, 297.25, 459.16, 327.88, 472.53, 312.57, 465.85, 297.25, 465.85, 327.88, 465.85, 30.63, 13.38
9.97, 6, black car, 486.43, 477.69, 518.56, 491.21, 502.49, 484.45, 486.43, 484.45, 518.56, 484.45, 32.14, 13.53
9.97, 4, black car, 294.71, 458.41, 325.36, 471.81, 310.03, 465.11, 294.71, 465.11, 325.36, 465.11, 30.66, 13.39
