0.00, 2, white car, 785.98, 529.85, 813.44, 543.55, 799.71, 536.70, 785.98, 536.70, 813.44, 536.70, 27.46, 13.70
0.00, 8, white car, 204.98, 463.88, 232.94, 477.39, 218.96, 470.64, 204.98, 470.64, 232.94, 470.64, 27.96, 13.52
0.00, 12, black car, 930.09, 540.06, 961.48, 554.05, 945.79, 547.05, 930.09, 547.05, 961.48, 547.05, 31.38, 13.99
0.03, 2, white car, 782.99, 529.36, 810.71, 543.20, 796.85, 536.28, 782.99, 536.28, 810.71, 536.28, 27.72, 13.83
0.03, 8, white car, 201.84, 463.52, 230.41, 477.33, 216.13, 470.42, 201.84, 470.42, 230.41, 470.42, 28.57, 13.81
0.03, 12, black car, 927.88, 539.97, 958.86, 553.78, 943.37, 546.88, 927.88, 546.88, 958.86, 546.88, 30.98, 13.81
0.07, 2, white car, 780.44, 529.13, 808.23, 543.01, 794.33, 536.07, 780.44, 536.07, 808.23, 536.07, 27.79, 13.88
0.07, 8, white car, 199.87, 463.46, 228.41, 477.23, 214.14, 470.35, 199.87, 470.35, 228.41, 470.35, 28.53, 13.78
0.07, 12, black car, 926.24, 539.98, 956.32, 553.39, 941.28, 546.68, 926.24, 546.68, 956.32, 546.68, 30.08, 13.41
0.10, 2, white car, 777.63, 528.77, 805.24, 542.55, 791.44, 535.66, 777.63, 535.66, 805.24, 535.66, 27.61, 13.78
0.10, 8, white car, 196.63, 462.75, 225.85, 476.83, 211.24, 469.79, 196.63, 469.79, 225.85, 469.79, 29.22, 14.08
0.10, 12, black car, 923.71, 540.10, 953.18, 553.23, 938.44, 546.67, 923.71, 546.67, 953.18, 546.67, 29.47, 13.13
0.13, 2, white car, 774.94, 528.61, 802.42, 542.33, 788.68, 535.47, 774.94, 535.47, 802.42, 535.47, 27.48, 13.72
0.13, 8, white car, 191.27, 462.52, 219.12, 475.97, 205.20, 469.25, 191.27, 469.25, 219.12, 469.25, 27.85, 13.45
0.13, 12, black car, 921.06, 539.99, 950.40, 553.06, 935.73, 546.52, 921.06, 546.52, 950.40, 546.52, 29.33, 13.07
0.17, 2, white car, 772.18, 528.45, 799.54, 542.12, 785.86, 535.29, 772.18, 535.29, 799.54, 535.29, 27.35, 13.67
0.17, 12, black car, 918.14, 539.70, 947.91, 552.94, 933.02, 546.32, 918.14, 546.32, 947.91, 546.32, 29.77, 13.24
0.20, 2, white car, 768.85, 527.89, 796.68, 541.83, 782.77, 534.86, 768.85, 534.86, 796.68, 534.86, 27.83, 13.93
0.20, 12, black car, 915.62, 539.41, 945.71, 552.80, 930.67, 546.11, 915.62, 546.11, 945.71, 546.11, 30.09, 13.38
0.20, 8, white car, 185.41, 461.76, 213.05, 475.10, 199.23, 468.43, 185.41, 468.43, 213.05, 468.43, 27.64, 13.35
0.23, 2, white car, 766.29, 527.78, 793.71, 541.51, 780.00, 534.64, 766.29, 534.64, 793.71, 534.64, 27.41, 13.73
0.23, 12, black car, 912.54, 538.79, 943.31, 552.51, 927.92, 545.65, 912.54, 545.65, 943.31, 545.65, 30.78, 13.72
0.23, 8, white car, 183.28, 461.54, 210.75, 474.76, 197.02, 468.15, 183.28, 468.15, 210.75, 468.15, 27.47, 13.22
0.27, 2, white car, 763.67, 527.73, 790.81, 541.31, 777.24, 534.52, 763.67, 534.52, 790.81, 534.52, 27.14, 13.57
0.27, 12, black car, 910.33, 538.89, 940.80, 552.48, 925.57, 545.69, 910.33, 545.69, 940.80, 545.69, 30.46, 13.59
0.27, 8, white car, 180.93, 461.25, 208.48, 474.50, 194.71, 467.88, 180.93, 467.88, 208.48, 467.88, 27.55, 13.24
0.30, 2, white car, 761.36, 527.69, 788.07, 541.03, 774.72, 534.36, 761.36, 534.36, 788.07, 534.36, 26.71, 13.34
0.30, 12, black car, 908.11, 538.98, 938.24, 552.40, 923.17, 545.69, 908.11, 545.69, 938.24, 545.69, 30.12, 13.41
0.30, 8, white car, 178.79, 461.13, 205.91, 474.13, 192.35, 467.63, 178.79, 467.63, 205.91, 467.63, 27.12, 13.00
0.33, 2, white car, 758.52, 527.32, 785.47, 540.78, 772.00, 534.05, 758.52, 534.05, 785.47, 534.05, 26.95, 13.45
0.33, 12, black car, 906.01, 539.12, 935.38, 552.14, 920.70, 545.63, 906.01, 545.63, 935.38, 545.63, 29.37, 13.02
0.33, 8, white car, 176.18, 460.80, 203.21, 473.75, 189.69, 467.28, 176.18, 467.28, 203.21, 467.28, 27.03, 12.96
0.37, 2, white car, 755.52, 527.05, 782.64, 540.60, 769.08, 533.82, 755.52, 533.82, 782.64, 533.82, 27.12, 13.55
0.37, 12, black car, 903.15, 538.97, 932.21, 551.82, 917.68, 545.40, 903.15, 545.40, 932.21, 545.40, 29.06, 12.85
0.37, 8, white car, 173.06, 460.48, 200.25, 473.49, 186.66, 466.99, 173.06, 466.99, 200.25, 466.99, 27.19, 13.01
0.40, 2, white car, 752.44, 526.61, 779.84, 540.29, 766.14, 533.45, 752.44, 533.45, 779.84, 533.45, 27.40, 13.68
0.40, 12, black car, 900.62, 538.67, 929.67, 551.50, 915.15, 545.09, 900.62, 545.09, 929.67, 545.09, 29.05, 12.83
0.40, 8, white car, 170.01, 459.97, 197.53, 473.12, 183.77, 466.55, 170.01, 466.55, 197.53, 466.55, 27.52, 13.14
0.43, 2, white car, 749.95, 526.48, 777.22, 540.06, 763.59, 533.27, 749.95, 533.27, 777.22, 533.27, 27.27, 13.58
0.43, 12, black car, 897.76, 538.55, 926.38, 551.19, 912.07, 544.87, 897.76, 544.87, 926.38, 544.87, 28.62, 12.64
0.43, 8, white car, 167.33, 459.54, 194.64, 472.55, 180.98, 466.04, 167.33, 466.04, 194.64, 466.04, 27.31, 13.01
0.47, 2, white car, 747.01, 526.36, 774.38, 539.96, 760.69, 533.16, 747.01, 533.16, 774.38, 533.16, 27.37, 13.60
0.47, 12, black car, 895.49, 538.64, 924.09, 551.23, 909.79, 544.93, 895.49, 544.93, 924.09, 544.93, 28.60, 12.59
0.47, 8, white car, 164.17, 458.97, 191.94, 472.19, 178.05, 465.58, 164.17, 465.58, 191.94, 465.58, 27.77, 13.22
0.50, 2, white car, 744.12, 526.04, 771.75, 539.76, 757.93, 532.90, 744.12, 532.90, 771.75, 532.90, 27.63, 13.71
0.50, 12, black car, 893.03, 538.67, 921.32, 551.08, 907.17, 544.88, 893.03, 544.88, 921.32, 544.88, 28.29, 12.41
0.50, 8, white car, 161.29, 458.64, 189.63, 472.11, 175.46, 465.37, 161.29, 465.37, 189.63, 465.37, 28.34, 13.47
0.53, 2, white car, 741.25, 525.80, 769.23, 539.67, 755.24, 532.74, 741.25, 532.74, 769.23, 532.74, 27.98, 13.87
0.53, 12, black car, 889.99, 538.02, 918.99, 550.71, 904.49, 544.37, 889.99, 544.37, 918.99, 544.37, 29.00, 12.69
0.53, 8, white car, 159.17, 458.13, 187.73, 471.59, 173.45, 464.86, 159.17, 464.86, 187.73, 464.86, 28.56, 13.46
0.57, 2, white car, 738.49, 525.52, 766.56, 539.43, 752.53, 532.47, 738.49, 532.47, 766.56, 532.47, 28.07, 13.91
0.57, 12, black car, 887.06, 537.80, 916.37, 550.63, 901.71, 544.22, 887.06, 544.22, 916.37, 544.22, 29.32, 12.83
0.57, 8, white car, 156.54, 457.79, 185.59, 471.37, 171.06, 464.58, 156.54, 464.58, 185.59, 464.58, 29.05, 13.58
0.60, 2, white car, 735.80, 525.41, 763.84, 539.31, 749.82, 532.36, 735.80, 532.36, 763.84, 532.36, 28.04, 13.90
0.60, 12, black car, 884.20, 537.75, 913.47, 550.57, 898.83, 544.16, 884.20, 544.16, 913.47, 544.16, 29.27, 12.81
0.60, 8, white car, 152.36, 457.51, 181.18, 471.02, 166.77, 464.27, 152.36, 464.27, 181.18, 464.27, 28.83, 13.51
0.63, 2, white car, 732.79, 525.14, 760.91, 539.10, 746.85, 532.12, 732.79, 532.12, 760.91, 532.12, 28.11, 13.96
0.63, 12, black car, 881.76, 537.76, 910.96, 550.53, 896.36, 544.15, 881.76, 544.15, 910.96, 544.15, 29.20, 12.77
0.63, 8, white car, 149.05, 457.16, 177.40, 470.51, 163.22, 463.84, 149.05, 463.84, 177.40, 463.84, 28.36, 13.35
0.67, 2, white car, 730.23, 525.00, 758.17, 538.89, 744.20, 531.94, 730.23, 531.94, 758.17, 531.94, 27.94, 13.89
0.67, 12, black car, 879.26, 537.71, 908.31, 550.43, 893.78, 544.07, 879.26, 544.07, 908.31, 544.07, 29.05, 12.71
0.67, 8, white car, 146.04, 456.79, 174.45, 470.23, 160.24, 463.51, 146.04, 463.51, 174.45, 463.51, 28.41, 13.44
0.70, 2, white car, 727.29, 524.83, 755.31, 538.76, 741.30, 531.80, 727.29, 531.80, 755.31, 531.80, 28.01, 13.93
0.70, 12, black car, 877.23, 537.66, 906.05, 550.25, 891.64, 543.95, 877.23, 543.95, 906.05, 543.95, 28.82, 12.58
0.70, 8, white car, 143.03, 456.40, 171.76, 470.04, 157.40, 463.22, 143.03, 463.22, 171.76, 463.22, 28.73, 13.64
0.73, 2, white car, 724.12, 524.37, 752.49, 538.48, 738.30, 531.42, 724.12, 531.42, 752.49, 531.42, 28.38, 14.11
0.73, 12, black car, 874.51, 537.18, 903.83, 549.94, 889.17, 543.56, 874.51, 543.56, 903.83, 543.56, 29.32, 12.77
0.73, 8, white car, 140.43, 456.01, 168.99, 469.60, 154.71, 462.80, 140.43, 462.80, 168.99, 462.80, 28.55, 13.59
0.77, 2, white car, 721.66, 524.12, 750.09, 538.25, 735.87, 531.18, 721.66, 531.18, 750.09, 531.18, 28.43, 14.14
0.77, 12, black car, 871.54, 536.92, 901.28, 549.88, 886.41, 543.40, 871.54, 543.40, 901.28, 543.40, 29.73, 12.96
0.77, 8, white car, 137.44, 455.66, 166.28, 469.41, 151.86, 462.54, 137.44, 462.54, 166.28, 462.54, 28.84, 13.75
0.80, 2, white car, 718.98, 523.83, 747.01, 537.76, 733.00, 530.80, 718.98, 530.80, 747.01, 530.80, 28.03, 13.93
0.80, 12, black car, 868.56, 536.81, 898.45, 549.86, 883.51, 543.33, 868.56, 543.33, 898.45, 543.33, 29.90, 13.05
0.80, 8, white car, 134.84, 455.55, 163.32, 469.16, 149.08, 462.35, 134.84, 462.35, 163.32, 462.35, 28.48, 13.61
0.83, 2, white car, 716.13, 523.60, 744.33, 537.64, 730.23, 530.62, 716.13, 530.62, 744.33, 530.62, 28.20, 14.05
0.83, 12, black car, 866.25, 536.49, 896.13, 549.55, 881.19, 543.02, 866.25, 543.02, 896.13, 543.02, 29.89, 13.06
0.83, 8, white car, 132.16, 455.29, 160.52, 468.85, 146.34, 462.07, 132.16, 462.07, 160.52, 462.07, 28.36, 13.56
0.87, 2, white car, 713.35, 523.47, 741.65, 537.58, 727.50, 530.52, 713.35, 530.52, 741.65, 530.52, 28.29, 14.11
0.87, 12, black car, 864.11, 536.46, 893.41, 549.25, 878.76, 542.85, 864.11, 542.85, 893.41, 542.85, 29.29, 12.80
0.87, 8, white car, 129.67, 455.01, 157.78, 468.44, 143.73, 461.72, 129.67, 461.72, 157.78, 461.72, 28.11, 13.43
0.90, 2, white car, 710.68, 523.10, 738.66, 537.05, 724.67, 530.08, 710.68, 530.08, 738.66, 530.08, 27.99, 13.95
0.90, 12, black car, 861.77, 536.18, 891.09, 548.93, 876.43, 542.56, 861.77, 542.56, 891.09, 542.56, 29.32, 12.76
0.90, 8, white car, 126.64, 454.58, 155.07, 468.19, 140.85, 461.39, 126.64, 461.39, 155.07, 461.39, 28.43, 13.60
0.93, 2, white car, 708.40, 522.93, 735.92, 536.62, 722.16, 529.77, 708.40, 529.77, 735.92, 529.77, 27.51, 13.68
0.93, 12, black car, 858.91, 536.21, 888.02, 548.89, 873.46, 542.55, 858.91, 542.55, 888.02, 542.55, 29.11, 12.68
0.93, 8, white car, 123.63, 454.16, 152.21, 467.86, 137.92, 461.01, 123.63, 461.01, 152.21, 461.01, 28.58, 13.70
0.97, 2, white car, 705.40, 522.53, 732.92, 536.25, 719.16, 529.39, 705.40, 529.39, 732.92, 529.39, 27.52, 13.72
0.97, 12, black car, 856.04, 535.97, 885.40, 548.78, 870.72, 542.37, 856.04, 542.37, 885.40, 542.37, 29.36, 12.81
0.97, 8, white car, 120.81, 453.94, 149.26, 467.60, 135.03, 460.77, 120.81, 460.77, 149.26, 460.77, 28.46, 13.66
1.00, 2, white car, 702.63, 522.10, 730.29, 535.93, 716.46, 529.01, 702.63, 529.01, 730.29, 529.01, 27.67, 13.83
1.00, 12, black car, 853.34, 535.72, 883.02, 548.70, 868.18, 542.21, 853.34, 542.21, 883.02, 542.21, 29.68, 12.98
1.00, 8, white car, 118.45, 453.67, 146.81, 467.29, 132.63, 460.48, 118.45, 460.48, 146.81, 460.48, 28.36, 13.62
1.03, 2, white car, 699.72, 521.69, 727.68, 535.68, 713.70, 528.68, 699.72, 528.68, 727.68, 528.68, 27.96, 14.00
1.03, 12, black car, 850.86, 535.45, 880.59, 548.49, 865.73, 541.97, 850.86, 541.97, 880.59, 541.97, 29.73, 13.04
1.03, 8, white car, 116.01, 453.33, 144.13, 466.84, 130.07, 460.09, 116.01, 460.09, 144.13, 460.09, 28.12, 13.50
1.07, 2, white car, 696.70, 521.41, 724.91, 535.56, 710.80, 528.48, 696.70, 528.48, 724.91, 528.48, 28.21, 14.16
1.07, 12, black car, 848.45, 535.23, 878.13, 548.25, 863.29, 541.74, 848.45, 541.74, 878.13, 541.74, 29.68, 13.02
1.07, 8, white car, 112.99, 452.76, 141.71, 466.57, 127.35, 459.67, 112.99, 459.67, 141.71, 459.67, 28.73, 13.81
1.10, 2, white car, 694.31, 521.22, 722.22, 535.24, 708.27, 528.23, 694.31, 528.23, 722.22, 528.23, 27.91, 14.01
1.10, 12, black car, 845.85, 535.09, 875.58, 548.12, 860.72, 541.60, 845.85, 541.60, 875.58, 541.60, 29.73, 13.03
1.10, 8, white car, 109.97, 452.38, 138.47, 466.09, 124.22, 459.24, 109.97, 459.24, 138.47, 459.24, 28.50, 13.71
1.13, 2, white car, 691.97, 521.01, 719.20, 534.64, 705.58, 527.83, 691.97, 527.83, 719.20, 527.83, 27.23, 13.63
1.13, 12, black car, 842.99, 535.04, 872.48, 547.98, 857.74, 541.51, 842.99, 541.51, 872.48, 541.51, 29.50, 12.93
1.13, 8, white car, 107.24, 452.16, 135.34, 465.66, 121.29, 458.91, 107.24, 458.91, 135.34, 458.91, 28.10, 13.50
1.17, 2, white car, 689.26, 520.79, 715.98, 534.17, 702.62, 527.48, 689.26, 527.48, 715.98, 527.48, 26.72, 13.38
1.17, 12, black car, 840.07, 534.80, 869.93, 547.90, 855.00, 541.35, 840.07, 541.35, 869.93, 541.35, 29.86, 13.11
1.17, 8, white car, 104.56, 452.04, 132.41, 465.41, 118.49, 458.73, 104.56, 458.73, 132.41, 458.73, 27.84, 13.37
1.20, 2, white car, 686.67, 520.53, 713.20, 533.79, 699.94, 527.16, 686.67, 527.16, 713.20, 527.16, 26.53, 13.26
1.20, 12, black car, 838.03, 534.76, 867.79, 547.85, 852.91, 541.31, 838.03, 541.31, 867.79, 541.31, 29.76, 13.09
1.20, 8, white car, 101.82, 451.45, 130.02, 465.00, 115.92, 458.22, 101.82, 458.22, 130.02, 458.22, 28.20, 13.56
1.23, 2, white car, 683.75, 520.29, 710.29, 533.53, 697.02, 526.91, 683.75, 526.91, 710.29, 526.91, 26.54, 13.24
1.23, 12, black car, 835.04, 534.58, 864.94, 547.76, 849.99, 541.17, 835.04, 541.17, 864.94, 541.17, 29.90, 13.18
1.23, 8, white car, 99.38, 451.05, 127.54, 464.58, 113.46, 457.81, 99.38, 457.81, 127.54, 457.81, 28.15, 13.53
1.27, 2, white car, 681.08, 520.17, 707.29, 533.22, 694.18, 526.70, 681.08, 526.70, 707.29, 526.70, 26.22, 13.05
1.27, 12, black car, 832.65, 534.43, 862.64, 547.65, 847.64, 541.04, 832.65, 541.04, 862.64, 541.04, 29.99, 13.23
1.27, 8, white car, 96.52, 450.65, 124.90, 464.30, 110.71, 457.47, 96.52, 457.47, 124.90, 457.47, 28.38, 13.65
1.30, 2, white car, 678.26, 520.09, 704.18, 532.98, 691.22, 526.53, 678.26, 526.53, 704.18, 526.53, 25.92, 12.89
1.30, 12, black car, 829.47, 534.19, 859.87, 547.63, 844.67, 540.91, 829.47, 540.91, 859.87, 540.91, 30.40, 13.45
1.30, 8, white car, 94.06, 450.47, 122.04, 463.94, 108.05, 457.20, 94.06, 457.20, 122.04, 457.20, 27.98, 13.48
1.33, 2, white car, 675.42, 519.74, 701.51, 532.73, 688.47, 526.23, 675.42, 526.23, 701.51, 526.23, 26.09, 12.99
1.33, 8, white car, 91.67, 450.23, 119.25, 463.50, 105.46, 456.87, 91.67, 456.87, 119.25, 456.87, 27.58, 13.27
1.37, 2, white car, 672.91, 519.52, 699.02, 532.51, 685.97, 526.01, 672.91, 526.01, 699.02, 526.01, 26.12, 12.99
1.37, 8, white car, 88.81, 449.89, 116.74, 463.33, 102.78, 456.61, 88.81, 456.61, 116.74, 456.61, 27.93, 13.43
1.40, 2, white car, 670.07, 519.29, 696.53, 532.42, 683.30, 525.85, 670.07, 525.85, 696.53, 525.85, 26.45, 13.13
1.40, 8, white car, 86.05, 449.59, 114.32, 463.19, 100.19, 456.39, 86.05, 456.39, 114.32, 456.39, 28.27, 13.60
1.43, 2, white car, 667.21, 519.02, 693.84, 532.22, 680.52, 525.62, 667.21, 525.62, 693.84, 525.62, 26.62, 13.20
1.43, 8, white car, 83.25, 449.38, 111.71, 463.09, 97.48, 456.24, 83.25, 456.24, 111.71, 456.24, 28.46, 13.71
1.47, 2, white car, 664.08, 518.41, 691.58, 532.08, 677.83, 525.25, 664.08, 525.25, 691.58, 525.25, 27.50, 13.67
1.47, 8, white car, 80.65, 449.24, 109.23, 463.00, 94.94, 456.12, 80.65, 456.12, 109.23, 456.12, 28.59, 13.76
1.50, 2, white car, 661.78, 518.49, 688.39, 531.70, 675.09, 525.09, 661.78, 525.09, 688.39, 525.09, 26.61, 13.21
1.53, 2, white car, 659.50, 518.26, 685.76, 531.32, 672.63, 524.79, 659.50, 524.79, 685.76, 524.79, 26.26, 13.06
1.57, 2, white car, 656.64, 517.70, 683.23, 530.93, 669.94, 524.31, 656.64, 524.31, 683.23, 524.31, 26.59, 13.23
1.57, 8, white car, 72.93, 447.71, 102.07, 461.77, 87.50, 454.74, 72.93, 454.74, 102.07, 454.74, 29.14, 14.06
1.60, 2, white car, 654.01, 517.56, 680.12, 530.50, 667.06, 524.03, 654.01, 524.03, 680.12, 524.03, 26.11, 12.94
1.60, 8, white car, 70.41, 447.38, 99.43, 461.34, 84.92, 454.36, 70.41, 454.36, 99.43, 454.36, 29.02, 13.96
1.63, 2, white car, 650.67, 516.98, 677.76, 530.42, 664.21, 523.70, 650.67, 523.70, 677.76, 523.70, 27.09, 13.45
1.63, 8, white car, 68.00, 447.25, 96.81, 461.07, 82.40, 454.16, 68.00, 454.16, 96.81, 454.16, 28.81, 13.82
1.67, 2, white car, 647.62, 516.48, 675.19, 530.21, 661.41, 523.34, 647.62, 523.34, 675.19, 523.34, 27.58, 13.73
1.67, 8, white car, 65.78, 447.20, 94.07, 460.72, 79.92, 453.96, 65.78, 453.96, 94.07, 453.96, 28.29, 13.52
1.70, 2, white car, 644.90, 516.19, 672.48, 529.99, 658.69, 523.09, 644.90, 523.09, 672.48, 523.09, 27.58, 13.80
1.70, 8, white car, 63.21, 447.07, 91.45, 460.53, 77.33, 453.80, 63.21, 453.80, 91.45, 453.80, 28.24, 13.46
1.70, 12, black car, 799.73, 532.33, 828.17, 544.80, 813.95, 538.57, 799.73, 538.57, 828.17, 538.57, 28.44, 12.46
1.73, 2, white car, 642.41, 516.01, 669.70, 529.68, 656.05, 522.84, 642.41, 522.84, 669.70, 522.84, 27.28, 13.68
1.73, 8, white car, 61.37, 446.97, 89.20, 460.23, 75.29, 453.60, 61.37, 453.60, 89.20, 453.60, 27.84, 13.26
1.73, 12, black car, 797.19, 532.15, 825.99, 544.74, 811.59, 538.44, 797.19, 538.44, 825.99, 538.44, 28.80, 12.59
1.77, 2, white car, 639.88, 515.93, 666.53, 529.26, 653.20, 522.60, 639.88, 522.60, 666.53, 522.60, 26.66, 13.33
1.77, 8, white car, 58.76, 446.71, 86.67, 459.96, 72.71, 453.33, 58.76, 453.33, 86.67, 453.33, 27.91, 13.26
1.77, 12, black car, 794.73, 531.90, 823.65, 544.47, 809.19, 538.18, 794.73, 538.18, 823.65, 538.18, 28.92, 12.58
1.80, 2, white car, 637.11, 515.62, 663.40, 528.72, 650.25, 522.17, 637.11, 522.17, 663.40, 522.17, 26.29, 13.10
1.80, 8, white car, 56.58, 446.54, 84.16, 459.66, 70.37, 453.10, 56.58, 453.10, 84.16, 453.10, 27.58, 13.11
1.80, 12, black car, 792.18, 531.82, 820.93, 544.29, 806.56, 538.06, 792.18, 538.06, 820.93, 538.06, 28.76, 12.47
1.83, 2, white car, 634.41, 515.49, 660.53, 528.44, 647.47, 521.97, 634.41, 521.97, 660.53, 521.97, 26.12, 12.95
1.83, 8, white car, 53.60, 446.05, 81.81, 459.44, 67.71, 452.75, 53.60, 452.75, 81.81, 452.75, 28.21, 13.39
1.83, 12, black car, 789.67, 531.65, 818.57, 544.16, 804.12, 537.90, 789.67, 537.90, 818.57, 537.90, 28.90, 12.51
1.87, 2, white car, 631.75, 515.20, 658.00, 528.20, 644.88, 521.70, 631.75, 521.70, 658.00, 521.70, 26.25, 13.00
1.87, 8, white car, 50.70, 445.75, 79.21, 459.25, 64.96, 452.50, 50.70, 452.50, 79.21, 452.50, 28.51, 13.49
1.87, 12, black car, 786.65, 531.33, 815.37, 543.75, 801.01, 537.54, 786.65, 537.54, 815.37, 537.54, 28.72, 12.43
1.90, 2, white car, 628.77, 514.66, 655.40, 527.84, 642.09, 521.25, 628.77, 521.25, 655.40, 521.25, 26.64, 13.18
1.90, 8, white car, 47.58, 445.30, 76.83, 459.16, 62.21, 452.23, 47.58, 452.23, 76.83, 452.23, 29.25, 13.85
1.90, 12, black car, 783.65, 530.95, 812.82, 543.56, 798.24, 537.26, 783.65, 537.26, 812.82, 537.26, 29.17, 12.61
1.93, 2, white car, 626.06, 514.40, 652.34, 527.37, 639.20, 520.89, 626.06, 520.89, 652.34, 520.89, 26.29, 12.97
1.93, 8, white car, 45.29, 444.86, 74.66, 458.82, 59.98, 451.84, 45.29, 451.84, 74.66, 451.84, 29.37, 13.96
1.93, 12, black car, 781.02, 530.58, 810.57, 543.37, 795.79, 536.98, 781.02, 536.98, 810.57, 536.98, 29.55, 12.78
1.97, 2, white car, 623.32, 514.13, 649.63, 527.07, 636.48, 520.60, 623.32, 520.60, 649.63, 520.60, 26.31, 12.94
1.97, 8, white car, 43.10, 444.52, 72.37, 458.48, 57.74, 451.50, 43.10, 451.50, 72.37, 451.50, 29.27, 13.95
1.97, 12, black car, 778.23, 530.27, 808.17, 543.24, 793.20, 536.76, 778.23, 536.76, 808.17, 536.76, 29.94, 12.97
2.00, 2, white car, 620.66, 513.95, 646.73, 526.75, 633.69, 520.35, 620.66, 520.35, 646.73, 520.35, 26.07, 12.80
2.00, 8, white car, 40.79, 444.36, 69.83, 458.23, 55.31, 451.30, 40.79, 451.30, 69.83, 451.30, 29.03, 13.87
2.00, 12, black car, 775.74, 530.06, 806.07, 543.21, 790.90, 536.64, 775.74, 536.64, 806.07, 536.64, 30.34, 13.15
2.03, 2, white car, 618.09, 513.64, 644.23, 526.47, 631.16, 520.06, 618.09, 520.06, 644.23, 520.06, 26.14, 12.83
2.03, 8, white car, 38.85, 444.25, 67.29, 457.83, 53.07, 451.04, 38.85, 451.04, 67.29, 451.04, 28.44, 13.58
2.03, 12, black car, 773.20, 529.90, 804.18, 543.35, 788.69, 536.63, 773.20, 536.63, 804.18, 536.63, 30.98, 13.45
2.07, 2, white car, 614.79, 513.20, 641.62, 526.34, 628.21, 519.77, 614.79, 519.77, 641.62, 519.77, 26.83, 13.14
2.07, 8, white car, 36.26, 443.87, 64.43, 457.37, 50.34, 450.62, 36.26, 450.62, 64.43, 450.62, 28.17, 13.50
2.07, 12, black car, 770.64, 529.67, 801.31, 542.97, 785.97, 536.32, 770.64, 536.32, 801.31, 536.32, 30.67, 13.30
2.10, 2, white car, 612.12, 512.90, 638.68, 525.87, 625.40, 519.39, 612.12, 519.39, 638.68, 519.39, 26.56, 12.97
2.10, 8, white car, 33.73, 443.31, 62.65, 457.21, 48.19, 450.26, 33.73, 450.26, 62.65, 450.26, 28.92, 13.91
2.10, 12, black car, 768.13, 529.37, 798.95, 542.72, 783.54, 536.04, 768.13, 536.04, 798.95, 536.04, 30.82, 13.35
2.13, 2, white car, 609.38, 512.85, 635.76, 525.68, 622.57, 519.26, 609.38, 519.26, 635.76, 519.26, 26.38, 12.83
2.13, 8, white car, 31.28, 443.01, 60.55, 457.07, 45.91, 450.04, 31.28, 450.04, 60.55, 450.04, 29.26, 14.06
2.13, 12, black car, 765.52, 529.13, 796.17, 542.42, 780.85, 535.77, 765.52, 535.77, 796.17, 535.77, 30.65, 13.29
2.17, 2, white car, 606.60, 512.59, 632.76, 525.32, 619.68, 518.95, 606.60, 518.95, 632.76, 518.95, 26.16, 12.73
2.17, 8, white car, 29.33, 442.69, 58.78, 456.79, 44.05, 449.74, 29.33, 449.74, 58.78, 449.74, 29.45, 14.11
2.17, 12, black car, 762.82, 529.19, 792.99, 542.27, 777.91, 535.73, 762.82, 535.73, 792.99, 535.73, 30.17, 13.08
2.20, 2, white car, 604.09, 512.34, 630.13, 525.01, 617.11, 518.67, 604.09, 518.67, 630.13, 518.67, 26.04, 12.67
2.20, 8, white car, 27.01, 442.53, 56.97, 456.85, 41.99, 449.69, 27.01, 449.69, 56.97, 449.69, 29.96, 14.32
2.20, 12, black car, 760.33, 529.00, 790.20, 541.97, 775.26, 535.48, 760.33, 535.48, 790.20, 535.48, 29.87, 12.97
2.23, 2, white car, 601.33, 512.16, 627.42, 524.82, 614.37, 518.49, 601.33, 518.49, 627.42, 518.49, 26.09, 12.66
2.23, 8, white car, 23.14, 442.25, 53.26, 456.68, 38.20, 449.46, 23.14, 449.46, 53.26, 449.46, 30.11, 14.43
2.23, 12, black car, 757.67, 528.90, 787.18, 541.75, 772.42, 535.33, 757.67, 535.33, 787.18, 535.33, 29.51, 12.84
2.27, 2, white car, 598.60, 511.77, 625.13, 524.64, 611.86, 518.20, 598.60, 518.20, 625.13, 518.20, 26.54, 12.87
2.27, 8, white car, 20.09, 442.20, 49.37, 456.26, 34.73, 449.23, 20.09, 449.23, 49.37, 449.23, 29.29, 14.06
2.27, 12, black car, 755.08, 528.44, 784.57, 541.32, 769.82, 534.88, 755.08, 534.88, 784.57, 534.88, 29.49, 12.88
2.30, 2, white car, 595.89, 511.49, 622.63, 524.47, 609.26, 517.98, 595.89, 517.98, 622.63, 517.98, 26.75, 12.97
2.30, 8, white car, 17.78, 442.13, 46.56, 455.99, 32.17, 449.06, 17.78, 449.06, 46.56, 449.06, 28.78, 13.86
2.30, 12, black car, 752.47, 528.31, 781.74, 541.11, 767.11, 534.71, 752.47, 534.71, 781.74, 534.71, 29.27, 12.80
2.33, 2, white car, 593.14, 511.28, 619.45, 524.03, 606.30, 517.65, 593.14, 517.65, 619.45, 517.65, 26.31, 12.76
2.33, 8, white car, 16.27, 441.92, 44.97, 455.78, 30.62, 448.85, 16.27, 448.85, 44.97, 448.85, 28.70, 13.86
2.33, 12, black car, 749.75, 527.96, 779.08, 540.79, 764.41, 534.38, 749.75, 534.38, 779.08, 534.38, 29.33, 12.83
2.37, 2, white car, 590.14, 510.89, 616.40, 523.64, 603.27, 517.27, 590.14, 517.27, 616.40, 517.27, 26.26, 12.75
2.37, 8, white car, 14.86, 441.87, 43.06, 455.50, 28.96, 448.69, 14.86, 448.69, 43.06, 448.69, 28.20, 13.63
2.37, 12, black car, 747.06, 527.73, 776.64, 540.66, 761.85, 534.20, 747.06, 534.20, 776.64, 534.20, 29.58, 12.93
2.40, 2, white car, 587.21, 510.56, 613.57, 523.34, 600.39, 516.95, 587.21, 516.95, 613.57, 516.95, 26.37, 12.78
2.40, 8, white car, 13.17, 441.64, 40.93, 455.07, 27.05, 448.36, 13.17, 448.36, 40.93, 448.36, 27.76, 13.43
2.40, 12, black car, 744.38, 527.39, 774.24, 540.43, 759.31, 533.91, 744.38, 533.91, 774.24, 533.91, 29.85, 13.04
2.43, 2, white car, 584.28, 510.10, 610.83, 522.95, 597.55, 516.52, 584.28, 516.52, 610.83, 516.52, 26.55, 12.86
2.43, 8, white car, 10.97, 441.22, 39.13, 454.86, 25.05, 448.04, 10.97, 448.04, 39.13, 448.04, 28.15, 13.64
2.43, 12, black car, 741.65, 527.08, 771.75, 540.23, 756.70, 533.65, 741.65, 533.65, 771.75, 533.65, 30.10, 13.15
2.47, 2, white car, 581.55, 509.82, 608.36, 522.81, 594.96, 516.32, 581.55, 516.32, 608.36, 516.32, 26.81, 12.98
2.47, 8, white car, 8.76, 441.00, 36.69, 454.57, 22.73, 447.78, 8.76, 447.78, 36.69, 447.78, 27.93, 13.56
2.47, 12, black car, 739.33, 526.93, 769.43, 540.08, 754.38, 533.51, 739.33, 533.51, 769.43, 533.51, 30.10, 13.15
2.50, 2, white car, 578.82, 509.62, 605.59, 522.57, 592.21, 516.09, 578.82, 516.09, 605.59, 516.09, 26.76, 12.94
2.50, 8, white car, 6.86, 440.83, 34.54, 454.27, 20.70, 447.55, 6.86, 447.55, 34.54, 447.55, 27.68, 13.44
2.50, 12, black car, 736.84, 526.84, 767.01, 540.02, 751.93, 533.43, 736.84, 533.43, 767.01, 533.43, 30.17, 13.18
2.53, 2, white car, 576.09, 509.23, 602.70, 522.13, 589.40, 515.68, 576.09, 515.68, 602.70, 515.68, 26.61, 12.89
2.53, 8, white car, 4.50, 440.53, 32.60, 454.15, 18.55, 447.34, 4.50, 447.34, 32.60, 447.34, 28.10, 13.62
2.53, 12, black car, 733.95, 526.59, 764.61, 540.03, 749.28, 533.31, 733.95, 533.31, 764.61, 533.31, 30.66, 13.44
2.57, 2, white car, 573.26, 508.89, 599.98, 521.83, 586.62, 515.36, 573.26, 515.36, 599.98, 515.36, 26.72, 12.94
2.57, 8, white car, 2.78, 440.65, 30.28, 453.93, 16.53, 447.29, 2.78, 447.29, 30.28, 447.29, 27.50, 13.28
2.57, 12, black car, 731.32, 526.36, 761.88, 539.77, 746.60, 533.07, 731.32, 533.07, 761.88, 533.07, 30.56, 13.41
2.60, 2, white car, 570.53, 508.45, 597.40, 521.49, 583.97, 514.97, 570.53, 514.97, 597.40, 514.97, 26.87, 13.03
2.60, 8, white car, 1.08, 440.50, 28.32, 453.69, 14.70, 447.10, 1.08, 447.10, 28.32, 447.10, 27.24, 13.19
2.60, 12, black car, 728.83, 526.08, 759.22, 539.40, 744.02, 532.74, 728.83, 532.74, 759.22, 532.74, 30.40, 13.32
2.63, 2, white car, 567.69, 507.91, 595.13, 521.26, 581.41, 514.59, 567.69, 514.59, 595.13, 514.59, 27.44, 13.35
2.63, 8, white car, 0.00, 440.18, 26.64, 453.27, 13.32, 446.73, 0.00, 446.73, 26.64, 446.73, 26.64, 13.09
2.63, 12, black car, 726.37, 525.91, 756.49, 539.09, 741.43, 532.50, 726.37, 532.50, 756.49, 532.50, 30.12, 13.18
2.67, 2, white car, 564.97, 507.43, 592.19, 520.68, 578.58, 514.06, 564.97, 514.06, 592.19, 514.06, 27.22, 13.25
2.67, 8, white car, 0.00, 440.06, 25.08, 452.88, 12.54, 446.47, 0.00, 446.47, 25.08, 446.47, 25.08, 12.81
2.67, 12, black car, 723.87, 525.77, 753.91, 538.90, 738.89, 532.34, 723.87, 532.34, 753.91, 532.34, 30.04, 13.13
2.70, 2, white car, 562.15, 507.15, 589.08, 520.30, 575.62, 513.72, 562.15, 513.72, 589.08, 513.72, 26.93, 13.15
2.70, 8, white car, 0.00, 440.07, 23.55, 452.90, 11.78, 446.49, 0.00, 446.49, 23.55, 446.49, 23.55, 12.84
2.70, 12, black car, 721.02, 525.44, 751.14, 538.59, 736.08, 532.01, 721.02, 532.01, 751.14, 532.01, 30.12, 13.15
2.73, 2, white car, 559.73, 506.84, 586.53, 519.96, 573.13, 513.40, 559.73, 513.40, 586.53, 513.40, 26.80, 13.12
2.73, 8, white car, 0.00, 439.81, 22.40, 452.69, 11.20, 446.25, 0.00, 446.25, 22.40, 446.25, 22.40, 12.88
2.73, 12, black car, 718.58, 525.18, 748.53, 538.24, 733.55, 531.71, 718.58, 531.71, 748.53, 531.71, 29.96, 13.06
2.77, 2, white car, 556.60, 506.40, 583.75, 519.74, 570.18, 513.07, 556.60, 513.07, 583.75, 513.07, 27.15, 13.34
2.77, 8, white car, 0.00, 439.58, 20.94, 452.40, 10.47, 445.99, 0.00, 445.99, 20.94, 445.99, 20.94, 12.82
2.77, 12, black car, 715.79, 524.92, 745.43, 537.83, 730.61, 531.38, 715.79, 531.38, 745.43, 531.38, 29.64, 12.91
2.80, 2, white car, 553.86, 506.31, 580.87, 519.60, 567.37, 512.96, 553.86, 512.96, 580.87, 512.96, 27.01, 13.29
2.80, 12, black car, 712.80, 524.67, 742.94, 537.80, 727.87, 531.23, 712.80, 531.23, 742.94, 531.23, 30.14, 13.13
2.83, 2, white car, 550.96, 506.25, 577.75, 519.44, 564.35, 512.85, 550.96, 512.85, 577.75, 512.85, 26.79, 13.19
2.83, 12, black car, 710.31, 524.34, 740.63, 537.55, 725.47, 530.95, 710.31, 530.95, 740.63, 530.95, 30.32, 13.21
2.87, 12, black car, 707.90, 523.99, 738.33, 537.25, 723.11, 530.62, 707.90, 530.62, 738.33, 530.62, 30.43, 13.26
2.90, 12, black car, 705.21, 523.74, 735.23, 536.79, 720.22, 530.27, 705.21, 530.27, 735.23, 530.27, 30.02, 13.05
2.93, 12, black car, 702.39, 523.44, 732.57, 536.59, 717.48, 530.02, 702.39, 530.02, 732.57, 530.02, 30.18, 13.15
2.97, 12, black car, 699.78, 523.23, 729.73, 536.30, 714.76, 529.77, 699.78, 529.77, 729.73, 529.77, 29.95, 13.07
3.00, 12, black car, 696.96, 522.92, 727.52, 536.30, 712.24, 529.61, 696.96, 529.61, 727.52, 529.61, 30.55, 13.37
3.03, 12, black car, 694.40, 522.61, 725.21, 536.18, 709.81, 529.40, 694.40, 529.40, 725.21, 529.40, 30.81, 13.57
3.03, 2, white car, 535.12, 504.19, 561.91, 517.38, 548.52, 510.78, 535.12, 510.78, 561.91, 510.78, 26.79, 13.19
3.07, 12, black car, 691.95, 522.44, 723.01, 536.15, 707.48, 529.30, 691.95, 529.30, 723.01, 529.30, 31.07, 13.71
3.07, 2, white car, 532.39, 504.01, 559.11, 517.19, 545.75, 510.60, 532.39, 510.60, 559.11, 510.60, 26.72, 13.18
3.10, 12, black car, 689.14, 521.90, 720.21, 535.65, 704.68, 528.78, 689.14, 528.78, 720.21, 528.78, 31.08, 13.74
3.10, 2, white car, 529.83, 503.86, 556.12, 516.79, 542.98, 510.33, 529.83, 510.33, 556.12, 510.33, 26.29, 12.93
3.13, 12, black car, 686.54, 521.66, 717.48, 535.38, 702.01, 528.52, 686.54, 528.52, 717.48, 528.52, 30.94, 13.73
3.13, 2, white car, 527.07, 503.65, 553.13, 516.43, 540.10, 510.04, 527.07, 510.04, 553.13, 510.04, 26.06, 12.78
3.17, 12, black car, 684.27, 521.22, 715.21, 534.99, 699.74, 528.11, 684.27, 528.11, 715.21, 528.11, 30.94, 13.77
3.17, 2, white car, 524.23, 503.42, 550.33, 516.15, 537.28, 509.79, 524.23, 509.79, 550.33, 509.79, 26.10, 12.74
3.20, 12, black car, 681.99, 521.22, 712.08, 534.60, 697.04, 527.91, 681.99, 527.91, 712.08, 527.91, 30.09, 13.38
3.20, 2, white car, 521.56, 502.99, 547.83, 515.78, 534.69, 509.39, 521.56, 509.39, 547.83, 509.39, 26.27, 12.79
3.23, 12, black car, 680.25, 521.44, 708.86, 534.09, 694.56, 527.76, 680.25, 527.76, 708.86, 527.76, 28.62, 12.65
3.23, 2, white car, 518.76, 502.62, 545.42, 515.61, 532.09, 509.12, 518.76, 509.12, 545.42, 509.12, 26.65, 12.99
3.27, 12, black car, 677.40, 521.23, 705.89, 533.75, 691.64, 527.49, 677.40, 527.49, 705.89, 527.49, 28.49, 12.53
3.27, 2, white car, 515.77, 502.11, 542.94, 515.39, 529.36, 508.75, 515.77, 508.75, 542.94, 508.75, 27.17, 13.29
3.30, 12, black car, 673.95, 521.07, 702.85, 533.78, 688.40, 527.43, 673.95, 527.43, 702.85, 527.43, 28.91, 12.71
3.30, 2, white car, 512.80, 501.73, 540.10, 515.11, 526.45, 508.42, 512.80, 508.42, 540.10, 508.42, 27.29, 13.38
3.33, 12, black car, 671.07, 520.52, 700.95, 533.66, 686.01, 527.09, 671.07, 527.09, 700.95, 527.09, 29.88, 13.15
3.33, 2, white car, 510.21, 501.41, 537.45, 514.76, 523.83, 508.09, 510.21, 508.09, 537.45, 508.09, 27.24, 13.35
3.37, 12, black car, 668.38, 520.15, 698.89, 533.62, 683.63, 526.89, 668.38, 526.89, 698.89, 526.89, 30.52, 13.47
3.37, 2, white car, 507.94, 501.26, 534.66, 514.31, 521.30, 507.78, 507.94, 507.78, 534.66, 507.78, 26.72, 13.05
3.40, 12, black car, 665.50, 519.85, 696.15, 533.40, 680.83, 526.63, 665.50, 526.63, 696.15, 526.63, 30.66, 13.55
3.40, 2, white car, 505.07, 501.01, 531.62, 513.98, 518.35, 507.49, 505.07, 507.49, 531.62, 507.49, 26.54, 12.97
3.43, 12, black car, 663.42, 519.72, 693.88, 533.21, 678.65, 526.47, 663.42, 526.47, 693.88, 526.47, 30.46, 13.49
3.43, 2, white car, 501.62, 500.33, 529.06, 513.75, 515.34, 507.04, 501.62, 507.04, 529.06, 507.04, 27.43, 13.42
3.47, 12, black car, 661.29, 519.35, 691.10, 532.51, 676.19, 525.93, 661.29, 525.93, 691.10, 525.93, 29.81, 13.15
3.47, 2, white car, 498.50, 499.89, 526.40, 513.59, 512.45, 506.74, 498.50, 506.74, 526.40, 506.74, 27.90, 13.70
3.50, 12, black car, 658.40, 519.25, 687.38, 531.97, 672.89, 525.61, 658.40, 525.61, 687.38, 525.61, 28.98, 12.72
3.50, 2, white car, 495.80, 499.47, 523.82, 513.26, 509.81, 506.36, 495.80, 506.36, 523.82, 506.36, 28.02, 13.79
3.53, 12, black car, 655.56, 518.99, 684.44, 531.64, 670.00, 525.31, 655.56, 525.31, 684.44, 525.31, 28.88, 12.65
3.53, 2, white car, 493.29, 499.25, 520.82, 512.81, 507.05, 506.03, 493.29, 506.03, 520.82, 506.03, 27.54, 13.56
3.57, 12, black car, 652.85, 518.63, 681.93, 531.34, 667.39, 524.99, 652.85, 524.99, 681.93, 524.99, 29.08, 12.71
3.57, 2, white car, 490.76, 499.06, 517.92, 512.45, 504.34, 505.76, 490.76, 505.76, 517.92, 505.76, 27.16, 13.39
3.60, 12, black car, 650.39, 518.31, 679.95, 531.20, 665.17, 524.76, 650.39, 524.76, 679.95, 524.76, 29.56, 12.89
3.60, 2, white car, 488.07, 498.86, 515.18, 512.23, 501.62, 505.54, 488.07, 505.54, 515.18, 505.54, 27.11, 13.37
3.63, 12, black car, 647.26, 517.98, 677.52, 531.18, 662.39, 524.58, 647.26, 524.58, 677.52, 524.58, 30.26, 13.20
3.63, 2, white car, 485.35, 498.62, 512.50, 512.01, 498.92, 505.32, 485.35, 505.32, 512.50, 505.32, 27.15, 13.39
3.67, 12, black car, 644.25, 517.72, 675.12, 531.19, 659.68, 524.46, 644.25, 524.46, 675.12, 524.46, 30.87, 13.47
3.67, 2, white car, 482.78, 498.49, 509.72, 511.81, 496.25, 505.15, 482.78, 505.15, 509.72, 505.15, 26.94, 13.31
3.70, 12, black car, 641.43, 517.44, 672.38, 530.99, 656.91, 524.22, 641.43, 524.22, 672.38, 524.22, 30.95, 13.55
3.70, 2, white car, 479.86, 498.15, 506.91, 511.54, 493.38, 504.84, 479.86, 504.84, 506.91, 504.84, 27.05, 13.40
3.73, 12, black car, 639.10, 517.08, 669.96, 530.62, 654.53, 523.85, 639.10, 523.85, 669.96, 523.85, 30.86, 13.54
3.73, 2, white car, 476.95, 497.62, 504.38, 511.27, 490.66, 504.44, 476.95, 504.44, 504.38, 504.44, 27.44, 13.65
3.77, 12, black car, 636.20, 516.53, 667.25, 530.20, 651.72, 523.37, 636.20, 523.37, 667.25, 523.37, 31.06, 13.67
3.77, 2, white car, 474.18, 497.28, 501.70, 511.02, 487.94, 504.15, 474.18, 504.15, 501.70, 504.15, 27.52, 13.74
3.80, 12, black car, 633.41, 516.25, 664.53, 530.00, 648.97, 523.13, 633.41, 523.13, 664.53, 523.13, 31.13, 13.76
3.80, 2, white car, 471.69, 497.15, 499.07, 510.84, 485.38, 503.99, 471.69, 503.99, 499.07, 503.99, 27.38, 13.69
3.83, 12, black car, 631.11, 516.12, 661.84, 529.75, 646.47, 522.93, 631.11, 522.93, 661.84, 522.93, 30.73, 13.63
3.83, 2, white car, 468.91, 496.81, 496.65, 510.72, 482.78, 503.77, 468.91, 503.77, 496.65, 503.77, 27.74, 13.91
3.87, 12, black car, 628.48, 515.92, 659.20, 529.57, 643.84, 522.75, 628.48, 522.75, 659.20, 522.75, 30.72, 13.64
3.87, 2, white car, 466.17, 496.50, 494.06, 510.49, 480.11, 503.50, 466.17, 503.50, 494.06, 503.50, 27.89, 13.99
3.90, 12, black car, 625.59, 515.77, 656.25, 529.39, 640.92, 522.58, 625.59, 522.58, 656.25, 522.58, 30.66, 13.62
3.90, 2, white car, 462.97, 496.06, 490.92, 510.13, 476.95, 503.09, 462.97, 503.09, 490.92, 503.09, 27.96, 14.07
3.93, 12, black car, 623.17, 515.74, 653.52, 529.25, 638.34, 522.49, 623.17, 522.49, 653.52, 522.49, 30.35, 13.51
3.93, 2, white car, 460.29, 495.73, 488.06, 509.74, 474.18, 502.74, 460.29, 502.74, 488.06, 502.74, 27.77, 14.00
3.97, 12, black car, 620.42, 515.34, 650.86, 528.90, 635.64, 522.12, 620.42, 522.12, 650.86, 522.12, 30.44, 13.56
3.97, 2, white car, 458.12, 495.59, 485.24, 509.27, 471.68, 502.43, 458.12, 502.43, 485.24, 502.43, 27.12, 13.68
4.00, 12, black car, 618.05, 514.89, 648.45, 528.44, 633.25, 521.66, 618.05, 521.66, 648.45, 521.66, 30.40, 13.55
4.00, 2, white car, 455.74, 495.22, 483.03, 508.99, 469.38, 502.11, 455.74, 502.11, 483.03, 502.11, 27.29, 13.77
4.03, 12, black car, 615.40, 514.55, 645.74, 528.09, 630.57, 521.32, 615.40, 521.32, 645.74, 521.32, 30.35, 13.55
4.03, 2, white car, 452.95, 494.97, 480.34, 508.77, 466.65, 501.87, 452.95, 501.87, 480.34, 501.87, 27.39, 13.81
4.07, 12, black car, 612.15, 514.08, 643.11, 527.90, 627.63, 520.99, 612.15, 520.99, 643.11, 520.99, 30.96, 13.82
4.07, 2, white car, 450.11, 494.50, 477.39, 508.26, 463.75, 501.38, 450.11, 501.38, 477.39, 501.38, 27.28, 13.76
4.10, 12, black car, 609.78, 513.91, 640.82, 527.77, 625.30, 520.84, 609.78, 520.84, 640.82, 520.84, 31.04, 13.86
4.10, 2, white car, 447.05, 494.13, 474.66, 508.09, 460.86, 501.11, 447.05, 501.11, 474.66, 501.11, 27.61, 13.97
4.13, 12, black car, 607.48, 513.66, 638.45, 527.50, 622.96, 520.58, 607.48, 520.58, 638.45, 520.58, 30.98, 13.84
4.13, 2, white car, 444.39, 494.07, 471.85, 507.97, 458.12, 501.02, 444.39, 501.02, 471.85, 501.02, 27.46, 13.89
4.17, 12, black car, 604.58, 513.09, 635.76, 527.05, 620.17, 520.07, 604.58, 520.07, 635.76, 520.07, 31.18, 13.96
4.17, 2, white car, 441.86, 493.56, 469.51, 507.59, 455.69, 500.58, 441.86, 500.58, 469.51, 500.58, 27.65, 14.03
4.20, 12, black car, 601.89, 512.84, 632.74, 526.71, 617.32, 519.77, 601.89, 519.77, 632.74, 519.77, 30.84, 13.87
4.20, 2, white car, 439.54, 493.13, 466.82, 506.96, 453.18, 500.04, 439.54, 500.04, 466.82, 500.04, 27.28, 13.83
4.23, 12, black car, 599.67, 512.76, 630.05, 526.45, 614.86, 519.61, 599.67, 519.61, 630.05, 519.61, 30.38, 13.68
4.23, 2, white car, 436.76, 492.55, 463.98, 506.34, 450.37, 499.45, 436.76, 499.45, 463.98, 499.45, 27.21, 13.79
4.27, 12, black car, 597.41, 512.52, 627.90, 526.24, 612.65, 519.38, 597.41, 519.38, 627.90, 519.38, 30.49, 13.72
4.27, 2, white car, 434.16, 492.33, 461.33, 506.11, 447.74, 499.22, 434.16, 499.22, 461.33, 499.22, 27.17, 13.78
4.30, 12, black car, 594.89, 512.20, 625.92, 526.16, 610.41, 519.18, 594.89, 519.18, 625.92, 519.18, 31.03, 13.95
4.30, 2, white car, 431.40, 491.98, 458.27, 505.60, 444.84, 498.79, 431.40, 498.79, 458.27, 498.79, 26.87, 13.62
4.33, 12, black car, 592.01, 511.89, 623.43, 526.03, 607.72, 518.96, 592.01, 518.96, 623.43, 518.96, 31.42, 14.14
4.33, 2, white car, 428.90, 491.79, 455.70, 505.38, 442.30, 498.58, 428.90, 498.58, 455.70, 498.58, 26.80, 13.59
4.37, 12, black car, 589.05, 511.63, 619.97, 525.54, 604.51, 518.59, 589.05, 518.59, 619.97, 518.59, 30.92, 13.91
4.37, 2, white car, 426.34, 491.67, 453.01, 505.17, 439.67, 498.42, 426.34, 498.42, 453.01, 498.42, 26.67, 13.49
4.40, 12, black car, 586.18, 511.32, 616.90, 525.11, 601.54, 518.22, 586.18, 518.22, 616.90, 518.22, 30.72, 13.80
4.40, 2, white car, 423.62, 491.56, 450.04, 504.92, 436.83, 498.24, 423.62, 498.24, 450.04, 498.24, 26.42, 13.36
4.43, 12, black car, 583.68, 511.09, 614.49, 524.92, 599.08, 518.00, 583.68, 518.00, 614.49, 518.00, 30.81, 13.83
4.43, 2, white car, 420.88, 491.50, 447.16, 504.80, 434.02, 498.15, 420.88, 498.15, 447.16, 498.15, 26.28, 13.30
4.47, 12, black car, 581.69, 510.77, 612.28, 524.44, 596.99, 517.60, 581.69, 517.60, 612.28, 517.60, 30.60, 13.68
4.47, 2, white car, 418.35, 491.16, 444.81, 504.54, 431.58, 497.85, 418.35, 497.85, 444.81, 497.85, 26.47, 13.38
4.50, 12, black car, 578.91, 510.55, 610.06, 524.41, 594.49, 517.48, 578.91, 517.48, 610.06, 517.48, 31.15, 13.86
4.50, 2, white car, 415.83, 490.97, 442.10, 504.19, 428.96, 497.58, 415.83, 497.58, 442.10, 497.58, 26.26, 13.22
4.53, 12, black car, 576.35, 510.39, 607.46, 524.16, 591.91, 517.27, 576.35, 517.27, 607.46, 517.27, 31.12, 13.77
4.53, 2, white car, 413.13, 490.71, 439.56, 503.96, 426.35, 497.34, 413.13, 497.34, 439.56, 497.34, 26.43, 13.25
4.57, 12, black car, 573.72, 510.14, 604.45, 523.72, 589.09, 516.93, 573.72, 516.93, 604.45, 516.93, 30.72, 13.58
4.57, 2, white car, 410.44, 490.01, 437.65, 503.65, 424.04, 496.83, 410.44, 496.83, 437.65, 496.83, 27.21, 13.64
4.60, 12, black car, 570.80, 509.72, 601.30, 523.20, 586.05, 516.46, 570.80, 516.46, 601.30, 516.46, 30.50, 13.48
4.60, 2, white car, 408.07, 489.98, 434.47, 503.20, 421.27, 496.59, 408.07, 496.59, 434.47, 496.59, 26.41, 13.21
4.63, 12, black car, 568.43, 509.37, 599.31, 523.04, 583.87, 516.21, 568.43, 516.21, 599.31, 516.21, 30.88, 13.67
4.63, 2, white car, 405.69, 489.74, 431.82, 502.85, 418.76, 496.30, 405.69, 496.30, 431.82, 496.30, 26.14, 13.10
4.67, 12, black car, 566.25, 509.31, 596.63, 522.79, 581.44, 516.05, 566.25, 516.05, 596.63, 516.05, 30.39, 13.48
4.67, 2, white car, 402.81, 489.50, 429.17, 502.66, 415.99, 496.08, 402.81, 496.08, 429.17, 496.08, 26.36, 13.16
4.70, 12, black car, 563.26, 508.78, 594.11, 522.49, 578.68, 515.64, 563.26, 515.64, 594.11, 515.64, 30.85, 13.71
4.70, 2, white car, 399.90, 489.05, 426.60, 502.35, 413.25, 495.70, 399.90, 495.70, 426.60, 495.70, 26.70, 13.30
4.73, 12, black car, 560.16, 508.36, 591.01, 522.17, 575.58, 515.27, 560.16, 515.27, 591.01, 515.27, 30.85, 13.80
4.73, 2, white car, 397.37, 488.94, 424.09, 502.22, 410.73, 495.58, 397.37, 495.58, 424.09, 495.58, 26.72, 13.29
4.77, 12, black car, 557.57, 507.74, 589.04, 521.91, 573.30, 514.82, 557.57, 514.82, 589.04, 514.82, 31.47, 14.18
4.77, 2, white car, 394.77, 488.65, 421.44, 501.85, 408.11, 495.25, 394.77, 495.25, 421.44, 495.25, 26.66, 13.20
4.80, 12, black car, 555.33, 507.12, 587.17, 521.57, 571.25, 514.34, 555.33, 514.34, 587.17, 514.34, 31.83, 14.45
4.80, 2, white car, 392.47, 488.42, 418.95, 501.53, 405.71, 494.97, 392.47, 494.97, 418.95, 494.97, 26.47, 13.11
4.83, 12, black car, 553.18, 506.90, 584.12, 520.98, 568.65, 513.94, 553.18, 513.94, 584.12, 513.94, 30.93, 14.08
4.87, 12, black car, 550.58, 507.01, 581.06, 520.85, 565.82, 513.93, 550.58, 513.93, 581.06, 513.93, 30.48, 13.84
4.90, 12, black car, 547.94, 506.96, 577.90, 520.57, 562.92, 513.77, 547.94, 513.77, 577.90, 513.77, 29.96, 13.62
4.93, 12, black car, 545.56, 506.71, 575.32, 520.22, 560.44, 513.46, 545.56, 513.46, 575.32, 513.46, 29.76, 13.51
4.97, 12, black car, 543.49, 506.37, 573.55, 520.05, 558.52, 513.21, 543.49, 513.21, 573.55, 513.21, 30.06, 13.68
4.97, 2, white car, 377.35, 486.17, 405.19, 499.85, 391.27, 493.01, 377.35, 493.01, 405.19, 493.01, 27.85, 13.68
5.00, 12, black car, 540.68, 505.83, 571.39, 519.84, 556.04, 512.84, 540.68, 512.84, 571.39, 512.84, 30.71, 14.01
5.00, 2, white car, 375.03, 485.56, 402.98, 499.31, 389.00, 492.43, 375.03, 492.43, 402.98, 492.43, 27.95, 13.76
5.03, 12, black car, 537.56, 505.54, 568.64, 519.73, 553.10, 512.63, 537.56, 512.63, 568.64, 512.63, 31.08, 14.19
5.03, 2, white car, 372.97, 485.05, 400.55, 498.67, 386.76, 491.86, 372.97, 491.86, 400.55, 491.86, 27.57, 13.62
5.07, 2, white car, 371.05, 484.74, 398.35, 498.22, 384.70, 491.48, 371.05, 491.48, 398.35, 491.48, 27.29, 13.48
5.10, 2, white car, 368.81, 484.61, 395.59, 497.79, 382.20, 491.20, 368.81, 491.20, 395.59, 491.20, 26.78, 13.18
5.13, 2, white car, 366.18, 484.28, 392.98, 497.45, 379.58, 490.86, 366.18, 490.86, 392.98, 490.86, 26.80, 13.17
5.17, 2, white car, 363.61, 484.30, 389.99, 497.22, 376.80, 490.76, 363.61, 490.76, 389.99, 490.76, 26.38, 12.92
5.17, 12, black car, 527.12, 503.93, 557.25, 517.68, 542.19, 510.81, 527.12, 510.81, 557.25, 510.81, 30.12, 13.75
5.20, 12, black car, 524.76, 503.89, 554.94, 517.64, 539.85, 510.76, 524.76, 510.76, 554.94, 510.76, 30.19, 13.75
5.23, 12, black car, 521.96, 503.71, 552.12, 517.47, 537.04, 510.59, 521.96, 510.59, 552.12, 510.59, 30.16, 13.76
5.27, 12, black car, 519.25, 503.36, 549.70, 517.28, 534.47, 510.32, 519.25, 510.32, 549.70, 510.32, 30.44, 13.92
5.30, 12, black car, 516.34, 503.05, 547.13, 517.15, 531.73, 510.10, 516.34, 510.10, 547.13, 510.10, 30.79, 14.10
5.33, 12, black car, 513.94, 502.21, 545.14, 516.56, 529.54, 509.38, 513.94, 509.38, 545.14, 509.38, 31.19, 14.35
5.37, 12, black car, 511.43, 501.97, 542.47, 516.31, 526.95, 509.14, 511.43, 509.14, 542.47, 509.14, 31.04, 14.34
5.37, 2, white car, 346.85, 482.57, 373.69, 495.73, 360.27, 489.15, 346.85, 489.15, 373.69, 489.15, 26.84, 13.16
5.40, 12, black car, 509.21, 501.91, 540.21, 516.25, 524.71, 509.08, 509.21, 509.08, 540.21, 509.08, 31.00, 14.34
5.40, 2, white car, 345.00, 482.37, 371.68, 495.46, 358.34, 488.91, 345.00, 488.91, 371.68, 488.91, 26.67, 13.09
5.43, 12, black car, 506.56, 501.57, 537.86, 516.07, 522.21, 508.82, 506.56, 508.82, 537.86, 508.82, 31.30, 14.49
5.43, 2, white car, 343.04, 481.88, 370.33, 495.28, 356.68, 488.58, 343.04, 488.58, 370.33, 488.58, 27.29, 13.40
5.47, 12, black car, 503.68, 501.49, 534.58, 515.86, 519.13, 508.68, 503.68, 508.68, 534.58, 508.68, 30.90, 14.37
5.47, 2, white car, 340.92, 481.68, 367.59, 494.73, 354.26, 488.21, 340.92, 488.21, 367.59, 488.21, 26.67, 13.05
5.50, 12, black car, 500.84, 501.27, 531.70, 515.64, 516.27, 508.46, 500.84, 508.46, 531.70, 508.46, 30.86, 14.37
5.53, 12, black car, 497.82, 500.57, 529.08, 515.18, 513.45, 507.88, 497.82, 507.88, 529.08, 507.88, 31.26, 14.61
5.53, 2, white car, 335.48, 481.26, 361.34, 493.95, 348.41, 487.60, 335.48, 487.60, 361.34, 487.60, 25.86, 12.69
5.57, 12, black car, 495.28, 500.20, 526.32, 514.75, 510.80, 507.47, 495.28, 507.47, 526.32, 507.47, 31.04, 14.55
5.57, 2, white car, 332.97, 481.09, 358.70, 493.73, 345.84, 487.41, 332.97, 487.41, 358.70, 487.41, 25.73, 12.64
5.60, 12, black car, 492.76, 499.96, 524.10, 514.68, 508.43, 507.32, 492.76, 507.32, 524.10, 507.32, 31.34, 14.72
5.60, 2, white car, 330.53, 480.67, 356.64, 493.50, 343.58, 487.08, 330.53, 487.08, 356.64, 487.08, 26.11, 12.83
5.63, 12, black car, 490.13, 499.66, 521.22, 514.29, 505.67, 506.97, 490.13, 506.97, 521.22, 506.97, 31.09, 14.64
5.63, 2, white car, 328.34, 480.31, 354.78, 493.32, 341.56, 486.82, 328.34, 486.82, 354.78, 486.82, 26.44, 13.01
5.67, 12, black car, 487.77, 499.43, 518.70, 514.05, 503.23, 506.74, 487.77, 506.74, 518.70, 506.74, 30.93, 14.62
5.70, 12, black car, 485.72, 498.96, 516.54, 513.59, 501.13, 506.27, 485.72, 506.27, 516.54, 506.27, 30.82, 14.63
5.70, 2, white car, 323.26, 479.40, 350.31, 492.75, 336.79, 486.08, 323.26, 486.08, 350.31, 486.08, 27.05, 13.35
5.73, 12, black car, 483.13, 498.76, 513.83, 513.36, 498.48, 506.06, 483.13, 506.06, 513.83, 506.06, 30.70, 14.60
5.73, 2, white car, 320.80, 479.03, 347.92, 492.46, 334.36, 485.74, 320.80, 485.74, 347.92, 485.74, 27.12, 13.42
5.77, 12, black car, 480.45, 498.33, 511.49, 513.12, 495.97, 505.73, 480.45, 505.73, 511.49, 505.73, 31.04, 14.80
5.77, 2, white car, 318.26, 478.81, 344.71, 491.95, 331.48, 485.38, 318.26, 485.38, 344.71, 485.38, 26.45, 13.14
5.80, 12, black car, 478.01, 498.06, 508.99, 512.84, 493.50, 505.45, 478.01, 505.45, 508.99, 505.45, 30.97, 14.79
5.80, 2, white car, 315.75, 478.53, 341.92, 491.57, 328.84, 485.05, 315.75, 485.05, 341.92, 485.05, 26.17, 13.03
5.83, 12, black car, 475.11, 497.75, 505.94, 512.52, 490.53, 505.14, 475.11, 505.14, 505.94, 505.14, 30.83, 14.77
5.83, 2, white car, 313.46, 478.42, 339.35, 491.32, 326.41, 484.87, 313.46, 484.87, 339.35, 484.87, 25.89, 12.90
5.87, 12, black car, 473.33, 497.71, 503.75, 512.29, 488.54, 505.00, 473.33, 505.00, 503.75, 505.00, 30.42, 14.58
5.90, 12, black car, 471.28, 497.67, 501.19, 511.98, 486.24, 504.82, 471.28, 504.82, 501.19, 504.82, 29.90, 14.32
5.93, 12, black car, 468.68, 497.26, 498.82, 511.67, 483.75, 504.47, 468.68, 504.47, 498.82, 504.47, 30.13, 14.41
5.97, 12, black car, 465.83, 496.81, 496.54, 511.49, 481.19, 504.15, 465.83, 504.15, 496.54, 504.15, 30.71, 14.68
6.00, 12, black car, 463.04, 496.49, 493.83, 511.21, 478.44, 503.85, 463.04, 503.85, 493.83, 503.85, 30.79, 14.72
6.03, 12, black car, 460.52, 496.28, 491.12, 510.88, 475.82, 503.58, 460.52, 503.58, 491.12, 503.58, 30.60, 14.60
6.03, 2, white car, 297.96, 475.74, 326.41, 490.03, 312.18, 482.89, 297.96, 482.89, 326.41, 482.89, 28.45, 14.28
6.07, 12, black car, 458.20, 496.23, 488.18, 510.52, 473.19, 503.37, 458.20, 503.37, 488.18, 503.37, 29.98, 14.29
6.07, 2, white car, 295.85, 475.49, 324.04, 489.74, 309.95, 482.62, 295.85, 482.62, 324.04, 482.62, 28.19, 14.24
6.10, 12, black car, 456.01, 495.99, 486.03, 510.26, 471.02, 503.12, 456.01, 503.12, 486.03, 503.12, 30.02, 14.26
6.10, 2, white car, 293.80, 475.36, 321.30, 489.32, 307.55, 482.34, 293.80, 482.34, 321.30, 482.34, 27.49, 13.96
6.13, 12, black car, 453.26, 495.54, 483.22, 509.74, 468.24, 502.64, 453.26, 502.64, 483.22, 502.64, 29.96, 14.20
6.13, 2, white car, 291.61, 475.25, 318.57, 488.99, 305.09, 482.12, 291.61, 482.12, 318.57, 482.12, 26.96, 13.74
6.17, 12, black car, 450.54, 494.97, 480.82, 509.30, 465.68, 502.14, 450.54, 502.14, 480.82, 502.14, 30.28, 14.33
6.17, 2, white car, 289.47, 475.08, 315.91, 488.54, 302.69, 481.81, 289.47, 481.81, 315.91, 481.81, 26.44, 13.46
6.20, 12, black car, 447.91, 494.82, 477.92, 509.06, 462.91, 501.94, 447.91, 501.94, 477.92, 501.94, 30.01, 14.24
6.20, 2, white car, 286.91, 474.72, 313.47, 488.23, 300.19, 481.48, 286.91, 481.48, 313.47, 481.48, 26.57, 13.51
6.23, 12, black car, 445.65, 494.71, 475.44, 508.84, 460.54, 501.78, 445.65, 501.78, 475.44, 501.78, 29.78, 14.13
6.23, 2, white car, 284.46, 474.45, 311.10, 487.95, 297.78, 481.20, 284.46, 481.20, 311.10, 481.20, 26.63, 13.50
6.27, 12, black car, 443.10, 494.40, 473.17, 508.62, 458.13, 501.51, 443.10, 501.51, 473.17, 501.51, 30.08, 14.22
6.27, 2, white car, 282.23, 474.11, 309.12, 487.74, 295.67, 480.93, 282.23, 480.93, 309.12, 480.93, 26.90, 13.63
6.30, 12, black car, 440.46, 494.03, 470.49, 508.23, 455.48, 501.13, 440.46, 501.13, 470.49, 501.13, 30.02, 14.20
6.30, 2, white car, 279.82, 473.80, 306.80, 487.48, 293.31, 480.64, 279.82, 480.64, 306.80, 480.64, 26.97, 13.68
6.33, 12, black car, 438.10, 493.51, 468.51, 507.89, 453.30, 500.70, 438.10, 500.70, 468.51, 500.70, 30.40, 14.38
6.33, 2, white car, 277.46, 473.54, 304.56, 487.32, 291.01, 480.43, 277.46, 480.43, 304.56, 480.43, 27.10, 13.78
6.37, 12, black car, 434.79, 492.94, 465.69, 507.57, 450.24, 500.26, 434.79, 500.26, 465.69, 500.26, 30.91, 14.63
6.37, 2, white car, 275.14, 473.16, 302.12, 486.89, 288.63, 480.03, 275.14, 480.03, 302.12, 480.03, 26.98, 13.72
6.40, 12, black car, 432.41, 492.55, 463.56, 507.36, 447.99, 499.96, 432.41, 499.96, 463.56, 499.96, 31.15, 14.82
6.40, 2, white car, 272.60, 472.85, 299.71, 486.64, 286.16, 479.75, 272.60, 479.75, 299.71, 479.75, 27.12, 13.80
6.43, 12, black car, 430.10, 492.12, 461.38, 507.08, 445.74, 499.60, 430.10, 499.60, 461.38, 499.60, 31.28, 14.96
6.43, 2, white car, 270.18, 472.53, 297.44, 486.39, 283.81, 479.46, 270.18, 479.46, 297.44, 479.46, 27.26, 13.86
6.47, 12, black car, 427.37, 491.87, 458.70, 506.89, 443.03, 499.38, 427.37, 499.38, 458.70, 499.38, 31.32, 15.02
6.47, 2, white car, 268.00, 472.27, 295.34, 486.14, 281.67, 479.20, 268.00, 479.20, 295.34, 479.20, 27.34, 13.87
6.50, 12, black car, 425.38, 491.52, 455.84, 506.12, 440.61, 498.82, 425.38, 498.82, 455.84, 498.82, 30.46, 14.61
6.50, 2, white car, 265.54, 472.03, 293.17, 486.05, 279.35, 479.04, 265.54, 479.04, 293.17, 479.04, 27.63, 14.02
6.53, 12, black car, 423.40, 491.16, 453.90, 505.82, 438.65, 498.49, 423.40, 498.49, 453.90, 498.49, 30.50, 14.65
6.53, 2, white car, 263.12, 471.70, 290.85, 485.78, 276.98, 478.74, 263.12, 478.74, 290.85, 478.74, 27.73, 14.07
6.57, 12, black car, 420.31, 490.98, 451.09, 505.75, 435.70, 498.37, 420.31, 498.37, 451.09, 498.37, 30.78, 14.77
6.57, 2, white car, 260.44, 471.19, 288.54, 485.44, 274.49, 478.31, 260.44, 478.31, 288.54, 478.31, 28.09, 14.25
6.60, 12, black car, 417.63, 491.01, 447.84, 505.50, 432.73, 498.26, 417.63, 498.26, 447.84, 498.26, 30.22, 14.48
6.60, 2, white car, 258.16, 470.92, 285.95, 485.02, 272.05, 477.97, 258.16, 477.97, 285.95, 477.97, 27.79, 14.09
6.63, 12, black car, 415.00, 490.81, 445.42, 505.38, 430.21, 498.10, 415.00, 498.10, 445.42, 498.10, 30.42, 14.57
6.63, 2, white car, 255.90, 470.68, 283.49, 484.66, 269.70, 477.67, 255.90, 477.67, 283.49, 477.67, 27.59, 13.98
6.67, 12, black car, 412.12, 490.52, 442.72, 505.21, 427.42, 497.87, 412.12, 497.87, 442.72, 497.87, 30.59, 14.69
6.67, 2, white car, 253.59, 470.46, 280.92, 484.34, 267.25, 477.40, 253.59, 477.40, 280.92, 477.40, 27.32, 13.88
6.70, 12, black car, 410.07, 490.20, 440.82, 504.95, 425.45, 497.58, 410.07, 497.58, 440.82, 497.58, 30.75, 14.75
6.70, 2, white car, 251.40, 470.33, 278.67, 484.21, 265.03, 477.27, 251.40, 477.27, 278.67, 477.27, 27.27, 13.88
6.73, 12, black car, 408.39, 489.92, 439.16, 504.66, 423.77, 497.29, 408.39, 497.29, 439.16, 497.29, 30.77, 14.74
6.73, 2, white car, 249.10, 470.28, 276.15, 484.05, 262.63, 477.16, 249.10, 477.16, 276.15, 477.16, 27.04, 13.77
6.77, 12, black car, 406.54, 490.01, 436.41, 504.28, 421.48, 497.14, 406.54, 497.14, 436.41, 497.14, 29.87, 14.28
6.77, 2, white car, 246.92, 470.02, 273.78, 483.68, 260.35, 476.85, 246.92, 476.85, 273.78, 476.85, 26.86, 13.66
6.80, 12, black car, 403.79, 489.72, 433.80, 504.04, 418.79, 496.88, 403.79, 496.88, 433.80, 496.88, 30.00, 14.32
6.80, 2, white car, 244.64, 469.75, 271.84, 483.58, 258.24, 476.66, 244.64, 476.66, 271.84, 476.66, 27.19, 13.83
6.83, 12, black car, 400.89, 489.59, 430.25, 503.59, 415.57, 496.59, 400.89, 496.59, 430.25, 496.59, 29.36, 14.00
6.83, 2, white car, 242.37, 469.49, 270.00, 483.52, 256.18, 476.50, 242.37, 476.50, 270.00, 476.50, 27.63, 14.03
6.87, 12, black car, 399.30, 489.51, 428.06, 503.18, 413.68, 496.34, 399.30, 496.34, 428.06, 496.34, 28.76, 13.67
6.87, 2, white car, 240.41, 469.35, 268.03, 483.34, 254.22, 476.34, 240.41, 476.34, 268.03, 476.34, 27.62, 13.98
6.90, 12, black car, 395.64, 489.02, 425.19, 502.95, 410.41, 495.99, 395.64, 495.99, 425.19, 495.99, 29.55, 13.93
6.90, 2, white car, 238.15, 469.08, 265.82, 483.11, 251.99, 476.10, 238.15, 476.10, 265.82, 476.10, 27.67, 14.03
6.93, 12, black car, 392.69, 488.46, 423.15, 502.71, 407.92, 495.59, 392.69, 495.59, 423.15, 495.59, 30.46, 14.25
6.93, 2, white car, 235.84, 468.72, 263.64, 482.88, 249.74, 475.80, 235.84, 475.80, 263.64, 475.80, 27.79, 14.16
6.97, 12, black car, 389.83, 488.11, 420.54, 502.37, 405.19, 495.24, 389.83, 495.24, 420.54, 495.24, 30.70, 14.27
6.97, 2, white car, 233.58, 468.48, 261.27, 482.59, 247.43, 475.54, 233.58, 475.54, 261.27, 475.54, 27.69, 14.12
7.00, 12, black car, 387.47, 487.55, 418.39, 501.96, 402.93, 494.76, 387.47, 494.76, 418.39, 494.76, 30.92, 14.41
7.00, 2, white car, 230.72, 467.96, 258.80, 482.28, 244.76, 475.12, 230.72, 475.12, 258.80, 475.12, 28.09, 14.32
7.03, 12, black car, 385.76, 487.15, 416.67, 501.63, 401.21, 494.39, 385.76, 494.39, 416.67, 494.39, 30.91, 14.48
7.03, 2, white car, 228.59, 467.55, 256.75, 481.93, 242.67, 474.74, 228.59, 474.74, 256.75, 474.74, 28.16, 14.37
7.07, 12, black car, 383.72, 487.08, 414.15, 501.47, 398.94, 494.27, 383.72, 494.27, 414.15, 494.27, 30.44, 14.38
7.07, 2, white car, 226.63, 467.40, 254.40, 481.54, 240.52, 474.47, 226.63, 474.47, 254.40, 474.47, 27.78, 14.14
7.10, 12, black car, 380.76, 486.58, 411.42, 501.14, 396.09, 493.86, 380.76, 493.86, 411.42, 493.86, 30.66, 14.55
7.10, 2, white car, 224.62, 466.93, 252.12, 480.92, 238.37, 473.92, 224.62, 473.92, 252.12, 473.92, 27.51, 13.99
7.13, 12, black car, 378.55, 486.46, 409.12, 500.96, 393.83, 493.71, 378.55, 493.71, 409.12, 493.71, 30.57, 14.50
7.13, 2, white car, 222.17, 466.91, 249.32, 480.73, 235.74, 473.82, 222.17, 473.82, 249.32, 473.82, 27.15, 13.81
7.17, 12, black car, 375.95, 486.25, 406.45, 500.70, 391.20, 493.47, 375.95, 493.47, 406.45, 493.47, 30.51, 14.45
7.17, 2, white car, 218.46, 466.80, 246.48, 480.97, 232.47, 473.88, 218.46, 473.88, 246.48, 473.88, 28.02, 14.17
7.20, 12, black car, 373.63, 485.86, 404.32, 500.36, 388.98, 493.11, 373.63, 493.11, 404.32, 493.11, 30.69, 14.50
7.20, 2, white car, 216.22, 466.39, 244.10, 480.38, 230.16, 473.39, 216.22, 473.39, 244.10, 473.39, 27.88, 13.98
7.23, 12, black car, 370.29, 485.00, 401.75, 499.87, 386.02, 492.44, 370.29, 492.44, 401.75, 492.44, 31.47, 14.87
7.23, 2, white car, 214.21, 465.99, 242.32, 480.01, 228.26, 473.00, 214.21, 473.00, 242.32, 473.00, 28.11, 14.02
7.27, 12, black car, 367.89, 484.36, 400.03, 499.57, 383.96, 491.97, 367.89, 491.97, 400.03, 491.97, 32.15, 15.21
7.27, 2, white car, 212.47, 465.72, 240.72, 479.79, 226.59, 472.76, 212.47, 472.76, 240.72, 472.76, 28.25, 14.07
7.30, 12, black car, 367.20, 484.20, 398.58, 499.12, 382.89, 491.66, 367.20, 491.66, 398.58, 491.66, 31.38, 14.92
7.30, 2, white car, 211.36, 465.39, 238.97, 479.14, 225.16, 472.26, 211.36, 472.26, 238.97, 472.26, 27.61, 13.75
7.33, 12, black car, 363.96, 483.97, 395.51, 498.94, 379.73, 491.45, 363.96, 491.45, 395.51, 491.45, 31.55, 14.97
7.33, 2, white car, 209.25, 464.79, 237.28, 478.83, 223.27, 471.81, 209.25, 471.81, 237.28, 471.81, 28.02, 14.04
7.37, 2, white car, 207.17, 464.23, 235.71, 478.63, 221.44, 471.43, 207.17, 471.43, 235.71, 471.43, 28.54, 14.41
7.40, 2, white car, 205.27, 463.95, 233.35, 478.17, 219.31, 471.06, 205.27, 471.06, 233.35, 471.06, 28.08, 14.22
7.40, 12, black car, 358.55, 483.05, 391.02, 498.41, 374.79, 490.73, 358.55, 490.73, 391.02, 490.73, 32.47, 15.36
7.43, 2, white car, 203.16, 463.93, 230.56, 477.78, 216.86, 470.86, 203.16, 470.86, 230.56, 470.86, 27.40, 13.85
7.43, 12, black car, 356.34, 483.08, 388.65, 498.36, 372.49, 490.72, 356.34, 490.72, 388.65, 490.72, 32.31, 15.28
7.47, 2, white car, 201.44, 463.95, 228.63, 477.62, 215.04, 470.78, 201.44, 470.78, 228.63, 470.78, 27.19, 13.66
7.47, 12, black car, 353.22, 483.03, 386.13, 498.50, 369.67, 490.76, 353.22, 490.76, 386.13, 490.76, 32.92, 15.48
7.50, 2, white car, 199.72, 463.73, 226.96, 477.35, 213.34, 470.54, 199.72, 470.54, 226.96, 470.54, 27.24, 13.62
7.50, 12, black car, 349.81, 482.80, 383.57, 498.52, 366.69, 490.66, 349.81, 490.66, 383.57, 490.66, 33.76, 15.72
7.53, 2, white car, 197.92, 463.78, 224.98, 477.22, 211.45, 470.50, 197.92, 470.50, 224.98, 470.50, 27.06, 13.44
7.53, 12, black car, 345.56, 482.36, 379.15, 497.97, 362.35, 490.16, 345.56, 490.16, 379.15, 490.16, 33.58, 15.61
7.57, 2, white car, 195.30, 463.67, 222.27, 477.03, 208.79, 470.35, 195.30, 470.35, 222.27, 470.35, 26.96, 13.36
7.57, 12, black car, 343.55, 482.31, 376.18, 497.51, 359.87, 489.91, 343.55, 489.91, 376.18, 489.91, 32.63, 15.21
7.60, 12, black car, 342.27, 482.26, 374.24, 497.16, 358.26, 489.71, 342.27, 489.71, 374.24, 489.71, 31.96, 14.90
7.63, 12, black car, 341.62, 482.36, 373.18, 497.03, 357.40, 489.70, 341.62, 489.70, 373.18, 489.70, 31.56, 14.67
7.67, 12, black car, 340.16, 481.87, 371.93, 496.50, 356.04, 489.18, 340.16, 489.18, 371.93, 489.18, 31.77, 14.63
7.70, 12, black car, 337.09, 481.41, 368.06, 495.64, 352.58, 488.53, 337.09, 488.53, 368.06, 488.53, 30.98, 14.23
7.73, 12, black car, 334.05, 481.41, 364.56, 495.43, 349.31, 488.42, 334.05, 488.42, 364.56, 488.42, 30.51, 14.01
7.73, 2, white car, 184.52, 461.57, 211.59, 474.89, 198.05, 468.23, 184.52, 468.23, 211.59, 468.23, 27.07, 13.33
7.77, 12, black car, 331.54, 481.27, 361.83, 495.15, 346.69, 488.21, 331.54, 488.21, 361.83, 488.21, 30.29, 13.88
7.77, 2, white car, 182.98, 461.35, 210.09, 474.63, 196.54, 467.99, 182.98, 467.99, 210.09, 467.99, 27.12, 13.27
7.80, 12, black car, 329.11, 480.92, 359.67, 494.90, 344.39, 487.91, 329.11, 487.91, 359.67, 487.91, 30.56, 13.98
7.80, 2, white car, 181.22, 461.41, 208.26, 474.64, 194.74, 468.02, 181.22, 468.02, 208.26, 468.02, 27.05, 13.23
7.83, 12, black car, 327.03, 480.66, 357.39, 494.54, 342.21, 487.60, 327.03, 487.60, 357.39, 487.60, 30.36, 13.88
7.83, 2, white car, 179.94, 461.31, 206.82, 474.45, 193.38, 467.88, 179.94, 467.88, 206.82, 467.88, 26.88, 13.14
7.87, 12, black car, 324.56, 480.28, 355.12, 494.24, 339.84, 487.26, 324.56, 487.26, 355.12, 487.26, 30.56, 13.96
7.87, 2, white car, 178.04, 461.14, 204.93, 474.25, 191.48, 467.70, 178.04, 467.70, 204.93, 467.70, 26.90, 13.11
7.90, 12, black car, 322.62, 479.92, 353.19, 493.86, 337.91, 486.89, 322.62, 486.89, 353.19, 486.89, 30.57, 13.93
7.90, 2, white car, 176.17, 460.77, 203.25, 473.93, 189.71, 467.35, 176.17, 467.35, 203.25, 467.35, 27.08, 13.16
7.93, 12, black car, 320.97, 479.94, 351.45, 493.75, 336.21, 486.84, 320.97, 486.84, 351.45, 486.84, 30.48, 13.81
7.93, 2, white car, 174.00, 460.56, 201.58, 473.94, 187.79, 467.25, 174.00, 467.25, 201.58, 467.25, 27.58, 13.39
7.97, 12, black car, 318.94, 479.47, 350.49, 493.69, 334.72, 486.58, 318.94, 486.58, 350.49, 486.58, 31.55, 14.22
7.97, 2, white car, 171.81, 460.37, 199.53, 473.85, 185.67, 467.11, 171.81, 467.11, 199.53, 467.11, 27.73, 13.48
8.00, 12, black car, 316.53, 478.97, 348.96, 493.49, 332.75, 486.23, 316.53, 486.23, 348.96, 486.23, 32.43, 14.52
8.00, 2, white car, 170.08, 460.33, 197.60, 473.70, 183.84, 467.01, 170.08, 467.01, 197.60, 467.01, 27.53, 13.37
8.03, 12, black car, 314.16, 478.77, 346.07, 493.00, 330.11, 485.88, 314.16, 485.88, 346.07, 485.88, 31.91, 14.23
8.03, 2, white car, 168.20, 460.10, 195.52, 473.36, 181.86, 466.73, 168.20, 466.73, 195.52, 466.73, 27.32, 13.27
8.07, 12, black car, 311.82, 478.46, 343.78, 492.72, 327.80, 485.59, 311.82, 485.59, 343.78, 485.59, 31.96, 14.26
8.07, 2, white car, 166.02, 459.71, 193.48, 473.10, 179.75, 466.41, 166.02, 466.41, 193.48, 466.41, 27.47, 13.39
8.10, 12, black car, 308.68, 478.13, 339.98, 492.24, 324.33, 485.19, 308.68, 485.19, 339.98, 485.19, 31.30, 14.11
8.10, 2, white car, 163.83, 459.21, 191.92, 472.99, 177.88, 466.10, 163.83, 466.10, 191.92, 466.10, 28.10, 13.78
8.13, 12, black car, 305.89, 477.91, 337.01, 492.04, 321.45, 484.97, 305.89, 484.97, 337.01, 484.97, 31.12, 14.13
8.13, 2, white car, 161.99, 458.61, 190.78, 472.80, 176.38, 465.71, 161.99, 465.71, 190.78, 465.71, 28.79, 14.19
8.17, 12, black car, 304.25, 477.62, 335.18, 491.74, 319.71, 484.68, 304.25, 484.68, 335.18, 484.68, 30.93, 14.11
8.17, 2, white car, 160.41, 458.33, 189.10, 472.50, 174.75, 465.42, 160.41, 465.42, 189.10, 465.42, 28.69, 14.17
8.20, 12, black car, 302.38, 477.44, 333.09, 491.52, 317.74, 484.48, 302.38, 484.48, 333.09, 484.48, 30.71, 14.08
8.20, 2, white car, 158.94, 457.92, 187.92, 472.21, 173.43, 465.07, 158.94, 465.07, 187.92, 465.07, 28.98, 14.28
8.23, 12, black car, 299.90, 477.03, 331.00, 491.34, 315.45, 484.19, 299.90, 484.19, 331.00, 484.19, 31.11, 14.31
8.23, 2, white car, 157.43, 457.65, 186.54, 471.95, 171.98, 464.80, 157.43, 464.80, 186.54, 464.80, 29.11, 14.30
8.27, 2, white car, 155.09, 457.46, 184.42, 471.87, 169.76, 464.67, 155.09, 464.67, 184.42, 464.67, 29.33, 14.41
8.30, 2, white car, 153.05, 457.39, 181.83, 471.61, 167.44, 464.50, 153.05, 464.50, 181.83, 464.50, 28.78, 14.22
8.33, 2, white car, 151.13, 457.20, 179.60, 471.37, 165.37, 464.29, 151.13, 464.29, 179.60, 464.29, 28.47, 14.18
8.33, 12, black car, 292.10, 475.80, 323.76, 490.43, 307.93, 483.12, 292.10, 483.12, 323.76, 483.12, 31.66, 14.63
8.37, 2, white car, 149.22, 456.93, 177.17, 470.92, 163.19, 463.93, 149.22, 463.93, 177.17, 463.93, 27.95, 14.00
8.37, 12, black car, 289.72, 475.47, 321.74, 490.31, 305.73, 482.89, 289.72, 482.89, 321.74, 482.89, 32.01, 14.84
8.40, 2, white car, 147.52, 456.64, 175.05, 470.49, 161.28, 463.56, 147.52, 463.56, 175.05, 463.56, 27.53, 13.85
8.40, 12, black car, 287.83, 475.47, 319.49, 490.20, 303.66, 482.83, 287.83, 482.83, 319.49, 482.83, 31.66, 14.72
8.43, 2, white car, 145.78, 456.38, 173.18, 470.19, 159.48, 463.29, 145.78, 463.29, 173.18, 463.29, 27.39, 13.81
8.43, 12, black car, 285.46, 475.45, 316.84, 490.06, 301.15, 482.76, 285.46, 482.76, 316.84, 482.76, 31.38, 14.61
8.47, 2, white car, 144.23, 456.18, 171.55, 469.98, 157.89, 463.08, 144.23, 463.08, 171.55, 463.08, 27.31, 13.80
8.47, 12, black car, 284.05, 475.26, 315.06, 489.63, 299.56, 482.45, 284.05, 482.45, 315.06, 482.45, 31.00, 14.37
8.50, 2, white car, 142.41, 455.91, 170.19, 469.99, 156.30, 462.95, 142.41, 462.95, 170.19, 462.95, 27.78, 14.08
8.50, 12, black car, 282.33, 474.98, 313.17, 489.19, 297.75, 482.08, 282.33, 482.08, 313.17, 482.08, 30.84, 14.21
8.53, 2, white car, 140.80, 455.65, 168.47, 469.70, 154.64, 462.68, 140.80, 462.68, 168.47, 462.68, 27.66, 14.04
8.53, 12, black car, 280.32, 474.67, 311.26, 488.91, 295.79, 481.79, 280.32, 481.79, 311.26, 481.79, 30.94, 14.24
8.57, 2, white car, 139.46, 455.52, 167.07, 469.58, 153.26, 462.55, 139.46, 462.55, 167.07, 462.55, 27.61, 14.07
8.57, 12, black car, 278.17, 474.57, 308.33, 488.47, 293.25, 481.52, 278.17, 481.52, 308.33, 481.52, 30.16, 13.90
8.60, 2, white car, 137.99, 455.39, 165.79, 469.60, 151.89, 462.49, 137.99, 462.49, 165.79, 462.49, 27.80, 14.21
8.60, 12, black car, 275.65, 474.34, 305.55, 488.15, 290.60, 481.25, 275.65, 481.25, 305.55, 481.25, 29.90, 13.81
8.63, 2, white car, 136.30, 455.19, 163.97, 469.39, 150.13, 462.29, 136.30, 462.29, 163.97, 462.29, 27.67, 14.19
8.63, 12, black car, 273.07, 474.10, 303.24, 488.06, 288.15, 481.08, 273.07, 481.08, 303.24, 481.08, 30.16, 13.96
8.67, 2, white car, 134.68, 455.05, 162.26, 469.23, 148.47, 462.14, 134.68, 462.14, 162.26, 462.14, 27.58, 14.18
8.67, 12, black car, 270.71, 474.09, 300.89, 488.01, 285.80, 481.05, 270.71, 481.05, 300.89, 481.05, 30.18, 13.92
8.70, 2, white car, 133.27, 454.90, 160.72, 469.06, 146.99, 461.98, 133.27, 461.98, 160.72, 461.98, 27.44, 14.16
8.70, 12, black car, 268.17, 473.46, 298.74, 487.54, 283.45, 480.50, 268.17, 480.50, 298.74, 480.50, 30.57, 14.08
8.73, 2, white car, 131.34, 454.63, 159.07, 468.97, 145.21, 461.80, 131.34, 461.80, 159.07, 461.80, 27.73, 14.34
8.73, 12, black car, 266.45, 472.89, 297.44, 487.19, 281.94, 480.04, 266.45, 480.04, 297.44, 480.04, 30.99, 14.30
8.77, 2, white car, 129.47, 454.20, 157.74, 468.85, 143.60, 461.52, 129.47, 461.52, 157.74, 461.52, 28.27, 14.65
8.77, 12, black car, 264.20, 472.43, 295.15, 486.77, 279.68, 479.60, 264.20, 479.60, 295.15, 479.60, 30.95, 14.34
8.80, 2, white car, 127.93, 453.87, 156.38, 468.62, 142.15, 461.24, 127.93, 461.24, 156.38, 461.24, 28.45, 14.75
8.80, 12, black car, 262.21, 472.38, 292.97, 486.67, 277.59, 479.53, 262.21, 479.53, 292.97, 479.53, 30.77, 14.29
8.83, 2, white car, 126.41, 453.56, 155.16, 468.51, 140.79, 461.04, 126.41, 461.04, 155.16, 461.04, 28.74, 14.94
8.83, 12, black car, 259.96, 472.07, 290.91, 486.49, 275.43, 479.28, 259.96, 479.28, 290.91, 479.28, 30.95, 14.41
8.87, 2, white car, 124.52, 453.27, 153.41, 468.39, 138.96, 460.83, 124.52, 460.83, 153.41, 460.83, 28.89, 15.12
8.87, 12, black car, 257.96, 472.05, 288.47, 486.26, 273.21, 479.15, 257.96, 479.15, 288.47, 479.15, 30.51, 14.21
8.90, 2, white car, 123.06, 453.08, 151.82, 468.21, 137.44, 460.64, 123.06, 460.64, 151.82, 460.64, 28.75, 15.13
8.90, 12, black car, 255.95, 471.65, 286.57, 485.91, 271.26, 478.78, 255.95, 478.78, 286.57, 478.78, 30.62, 14.26
8.93, 2, white car, 121.68, 453.06, 149.90, 467.96, 135.79, 460.51, 121.68, 460.51, 149.90, 460.51, 28.22, 14.90
8.93, 12, black car, 254.04, 471.24, 284.48, 485.45, 269.26, 478.35, 254.04, 478.35, 284.48, 478.35, 30.44, 14.20
8.97, 2, white car, 120.22, 453.00, 148.02, 467.70, 134.12, 460.35, 120.22, 460.35, 148.02, 460.35, 27.80, 14.70
8.97, 12, black car, 252.15, 471.05, 282.07, 485.01, 267.11, 478.03, 252.15, 478.03, 282.07, 478.03, 29.92, 13.96
9.00, 2, white car, 118.61, 452.80, 146.22, 467.39, 132.41, 460.09, 118.61, 460.09, 146.22, 460.09, 27.60, 14.59
9.00, 12, black car, 249.41, 470.65, 279.35, 484.61, 264.38, 477.63, 249.41, 477.63, 279.35, 477.63, 29.94, 13.96
9.03, 2, white car, 117.00, 452.39, 144.84, 467.14, 130.92, 459.76, 117.00, 459.76, 144.84, 459.76, 27.84, 14.75
9.03, 12, black car, 247.48, 470.47, 277.43, 484.45, 262.46, 477.46, 247.48, 477.46, 277.43, 477.46, 29.95, 13.98
9.07, 2, white car, 115.56, 452.33, 143.59, 467.22, 129.57, 459.77, 115.56, 459.77, 143.59, 459.77, 28.03, 14.88
9.07, 12, black car, 245.24, 470.30, 275.69, 484.52, 260.46, 477.41, 245.24, 477.41, 275.69, 477.41, 30.45, 14.23
9.10, 2, white car, 114.03, 451.96, 142.35, 467.00, 128.19, 459.48, 114.03, 459.48, 142.35, 459.48, 28.32, 15.04
9.10, 12, black car, 243.32, 470.20, 273.62, 484.34, 258.47, 477.27, 243.32, 477.27, 273.62, 477.27, 30.30, 14.14
9.13, 2, white car, 112.69, 451.72, 140.91, 466.68, 126.80, 459.20, 112.69, 459.20, 140.91, 459.20, 28.23, 14.96
9.13, 12, black car, 241.32, 470.00, 271.76, 484.18, 256.54, 477.09, 241.32, 477.09, 271.76, 477.09, 30.43, 14.18
9.17, 2, white car, 110.87, 451.49, 138.93, 466.34, 124.90, 458.91, 110.87, 458.91, 138.93, 458.91, 28.06, 14.85
9.17, 12, black car, 239.38, 469.52, 269.85, 483.68, 254.61, 476.60, 239.38, 476.60, 269.85, 476.60, 30.47, 14.16
9.20, 2, white car, 109.03, 451.30, 137.31, 466.31, 123.17, 458.80, 109.03, 458.80, 137.31, 458.80, 28.27, 15.01
9.20, 12, black car, 236.86, 469.33, 267.12, 483.35, 251.99, 476.34, 236.86, 476.34, 267.12, 476.34, 30.26, 14.02
9.23, 2, white car, 107.46, 451.26, 135.73, 466.31, 121.59, 458.79, 107.46, 458.79, 135.73, 458.79, 28.27, 15.05
9.23, 12, black car, 234.32, 469.02, 264.52, 482.99, 249.42, 476.01, 234.32, 476.01, 264.52, 476.01, 30.20, 13.97
9.27, 2, white car, 106.13, 451.24, 134.08, 466.13, 120.11, 458.68, 106.13, 458.68, 134.08, 458.68, 27.95, 14.89
9.27, 12, black car, 231.92, 468.81, 262.52, 482.96, 247.22, 475.89, 231.92, 475.89, 262.52, 475.89, 30.60, 14.16
9.30, 2, white car, 104.73, 451.00, 132.61, 465.91, 118.67, 458.46, 104.73, 458.46, 132.61, 458.46, 27.88, 14.91
9.30, 12, black car, 229.83, 468.57, 260.81, 482.90, 245.32, 475.74, 229.83, 475.74, 260.81, 475.74, 30.99, 14.33
9.33, 2, white car, 103.36, 450.75, 131.23, 465.68, 117.29, 458.22, 103.36, 458.22, 131.23, 458.22, 27.86, 14.93
9.33, 12, black car, 227.79, 468.49, 258.84, 482.82, 243.32, 475.65, 227.79, 475.65, 258.84, 475.65, 31.06, 14.32
9.37, 2, white car, 102.32, 450.80, 129.96, 465.61, 116.14, 458.20, 102.32, 458.20, 129.96, 458.20, 27.63, 14.82
9.37, 12, black car, 225.13, 468.38, 256.64, 482.82, 240.88, 475.60, 225.13, 475.60, 256.64, 475.60, 31.52, 14.45
9.40, 2, white car, 101.06, 450.71, 128.45, 465.39, 114.76, 458.05, 101.06, 458.05, 128.45, 458.05, 27.39, 14.69
9.40, 12, black car, 222.89, 467.90, 254.72, 482.43, 238.81, 475.16, 222.89, 475.16, 254.72, 475.16, 31.84, 14.53
9.43, 2, white car, 99.61, 450.29, 127.05, 465.00, 113.33, 457.64, 99.61, 457.64, 127.05, 457.64, 27.44, 14.70
9.43, 12, black car, 220.02, 467.47, 251.98, 482.05, 236.00, 474.76, 220.02, 474.76, 251.98, 474.76, 31.96, 14.58
9.47, 2, white car, 98.16, 450.05, 125.67, 464.77, 111.92, 457.41, 98.16, 457.41, 125.67, 457.41, 27.51, 14.72
9.47, 12, black car, 218.01, 467.31, 249.92, 481.84, 233.97, 474.58, 218.01, 474.58, 249.92, 474.58, 31.91, 14.53
9.50, 2, white car, 96.74, 449.81, 124.05, 464.38, 110.39, 457.09, 96.74, 457.09, 124.05, 457.09, 27.31, 14.56
9.50, 12, black car, 215.65, 467.19, 247.71, 481.71, 231.68, 474.45, 215.65, 474.45, 247.71, 474.45, 32.06, 14.52
9.53, 2, white car, 95.71, 449.61, 122.85, 464.03, 109.28, 456.82, 95.71, 456.82, 122.85, 456.82, 27.14, 14.42
9.53, 12, black car, 213.91, 467.02, 246.05, 481.49, 229.98, 474.26, 213.91, 474.26, 246.05, 474.26, 32.14, 14.46
9.57, 2, white car, 94.42, 449.37, 121.54, 463.75, 107.98, 456.56, 94.42, 456.56, 121.54, 456.56, 27.12, 14.37
9.57, 12, black car, 212.42, 466.96, 243.94, 481.07, 228.18, 474.02, 212.42, 474.02, 243.94, 474.02, 31.52, 14.11
9.60, 2, white car, 92.91, 449.15, 120.07, 463.51, 106.49, 456.33, 92.91, 456.33, 120.07, 456.33, 27.16, 14.36
9.60, 12, black car, 211.60, 466.90, 242.76, 480.81, 227.18, 473.86, 211.60, 473.86, 242.76, 473.86, 31.16, 13.91
9.63, 2, white car, 91.56, 449.08, 118.64, 463.38, 105.10, 456.23, 91.56, 456.23, 118.64, 456.23, 27.08, 14.29
9.63, 12, black car, 210.39, 466.43, 241.49, 480.33, 225.94, 473.38, 210.39, 473.38, 241.49, 473.38, 31.10, 13.90
9.67, 2, white car, 90.38, 449.12, 117.38, 463.34, 103.88, 456.23, 90.38, 456.23, 117.38, 456.23, 26.99, 14.22
9.67, 12, black car, 208.41, 465.77, 239.80, 479.89, 224.11, 472.83, 208.41, 472.83, 239.80, 472.83, 31.40, 14.12
9.70, 2, white car, 89.35, 449.27, 116.08, 463.30, 102.71, 456.28, 89.35, 456.28, 116.08, 456.28, 26.72, 14.03
9.70, 12, black car, 207.54, 465.72, 238.14, 479.58, 222.84, 472.65, 207.54, 472.65, 238.14, 472.65, 30.60, 13.86
9.73, 2, white car, 88.00, 449.10, 114.88, 463.17, 101.44, 456.14, 88.00, 456.14, 114.88, 456.14, 26.87, 14.08
9.73, 12, black car, 207.13, 466.02, 236.30, 479.28, 221.72, 472.65, 207.13, 472.65, 236.30, 472.65, 29.17, 13.26
9.77, 2, white car, 86.70, 448.88, 113.81, 463.05, 100.25, 455.97, 86.70, 455.97, 113.81, 455.97, 27.10, 14.17
9.77, 12, black car, 205.45, 465.62, 234.80, 479.00, 220.12, 472.31, 205.45, 472.31, 234.80, 472.31, 29.35, 13.39
9.83, 12, black car, 202.80, 464.99, 231.21, 477.92, 217.00, 471.45, 202.80, 471.45, 231.21, 471.45, 28.40, 12.94
9.87, 12, black car, 201.84, 464.82, 229.81, 477.58, 215.83, 471.20, 201.84, 471.20, 229.81, 471.20, 27.96, 12.76
9.87, 2, white car, 82.45, 447.64, 110.40, 462.29, 96.43, 454.96, 82.45, 454.96, 110.40, 454.96, 27.95, 14.65
9.90, 12, black car, 200.74, 464.43, 228.22, 477.00, 214.48, 470.71, 200.74, 470.71, 228.22, 470.71, 27.47, 12.56
9.90, 2, white car, 81.08, 447.45, 109.06, 462.14, 95.07, 454.80, 81.08, 454.80, 109.06, 454.80, 27.99, 14.69
9.93, 12, black car, 197.30, 464.41, 224.89, 476.97, 211.09, 470.69, 197.30, 470.69, 224.89, 470.69, 27.60, 12.56
9.93, 2, white car, 80.13, 447.43, 107.66, 461.86, 93.89, 454.64, 80.13, 454.64, 107.66, 454.64, 27.53, 14.43
9.97, 12, black car, 190.77, 463.42, 221.21, 476.96, 205.99, 470.19, 190.77, 470.19, 221.21, 470.19, 30.44, 13.54
9.97, 2, white car, 79.13, 447.45, 106.35, 461.70, 92.74, 454.58, 79.13, 454.58, 106.35, 454.58, 27.23, 14.24
