0.00, 1, white car, 161.92, 422.47, 192.83, 436.38, 177.38, 429.43, 161.92, 429.43, 192.83, 429.43, 30.91, 13.91
0.00, 4, white car, 252.49, 434.89, 282.13, 448.39, 267.31, 441.64, 252.49, 441.64, 282.13, 441.64, 29.64, 13.49
0.00, 5, black car, 55.13, 412.24, 86.96, 426.40, 71.05, 419.32, 55.13, 419.32, 86.96, 419.32, 31.84, 14.17
0.00, 7, white car, 925.03, 507.94, 955.66, 521.63, 940.34, 514.78, 925.03, 514.78, 955.66, 514.78, 30.64, 13.69
0.00, 14, black car, 377.50, 456.42, 406.59, 469.52, 392.05, 462.97, 377.50, 462.97, 406.59, 462.97, 29.08, 13.09
0.03, 1, white car, 159.54, 422.33, 191.21, 436.59, 175.38, 429.46, 159.54, 429.46, 191.21, 429.46, 31.67, 14.26
0.03, 4, white car, 250.91, 434.70, 280.06, 447.98, 265.48, 441.34, 250.91, 441.34, 280.06, 441.34, 29.15, 13.28
0.03, 5, black car, 53.89, 412.15, 85.31, 426.12, 69.60, 419.13, 53.89, 419.13, 85.31, 419.13, 31.42, 13.97
0.03, 7, white car, 922.22, 507.48, 953.47, 521.46, 937.85, 514.47, 922.22, 514.47, 953.47, 514.47, 31.25, 13.98
0.03, 14, black car, 375.80, 456.19, 404.33, 469.02, 390.06, 462.61, 375.80, 462.61, 404.33, 462.61, 28.52, 12.84
0.07, 1, white car, 157.85, 422.18, 189.77, 436.57, 173.81, 429.37, 157.85, 429.37, 189.77, 429.37, 31.92, 14.39
0.07, 4, white car, 248.95, 434.64, 278.13, 447.93, 263.54, 441.28, 248.95, 441.28, 278.13, 441.28, 29.18, 13.29
0.07, 5, black car, 51.62, 411.96, 83.17, 425.98, 67.40, 418.97, 51.62, 418.97, 83.17, 418.97, 31.55, 14.02
0.07, 7, white car, 919.76, 507.41, 950.99, 521.40, 935.37, 514.40, 919.76, 514.40, 950.99, 514.40, 31.23, 13.99
0.07, 14, black car, 375.20, 456.34, 403.37, 469.02, 389.28, 462.68, 375.20, 462.68, 403.37, 462.68, 28.16, 12.68
0.10, 1, white car, 156.43, 422.24, 187.39, 436.20, 171.91, 429.22, 156.43, 429.22, 187.39, 429.22, 30.96, 13.96
0.10, 4, white car, 246.61, 434.46, 275.97, 447.82, 261.29, 441.14, 246.61, 441.14, 275.97, 441.14, 29.35, 13.37
0.10, 5, black car, 49.44, 411.71, 80.61, 425.56, 65.03, 418.64, 49.44, 418.64, 80.61, 418.64, 31.18, 13.85
0.10, 7, white car, 917.10, 507.44, 947.90, 521.24, 932.50, 514.34, 917.10, 514.34, 947.90, 514.34, 30.80, 13.80
0.10, 14, black car, 372.86, 456.27, 400.69, 468.81, 386.78, 462.54, 372.86, 462.54, 400.69, 462.54, 27.83, 12.55
0.13, 1, white car, 155.10, 422.25, 184.71, 435.58, 169.90, 428.92, 155.10, 428.92, 184.71, 428.92, 29.61, 13.33
0.13, 4, white car, 244.74, 434.30, 274.02, 447.63, 259.38, 440.96, 244.74, 440.96, 274.02, 440.96, 29.28, 13.33
0.13, 5, black car, 47.89, 411.61, 78.95, 425.41, 63.42, 418.51, 47.89, 418.51, 78.95, 418.51, 31.06, 13.80
0.13, 7, white car, 914.09, 507.45, 944.84, 521.21, 929.47, 514.33, 914.09, 514.33, 944.84, 514.33, 30.75, 13.76
0.13, 14, black car, 370.02, 455.92, 397.82, 468.46, 383.92, 462.19, 370.02, 462.19, 397.82, 462.19, 27.80, 12.54
0.17, 1, white car, 153.02, 421.95, 182.65, 435.28, 167.84, 428.62, 153.02, 428.62, 182.65, 428.62, 29.63, 13.33
0.17, 4, white car, 242.74, 434.17, 271.85, 447.39, 257.29, 440.78, 242.74, 440.78, 271.85, 440.78, 29.11, 13.22
0.17, 5, black car, 46.43, 411.56, 77.24, 425.24, 61.84, 418.40, 46.43, 418.40, 77.24, 418.40, 30.81, 13.69
0.17, 7, white car, 911.43, 507.22, 942.33, 521.05, 926.88, 514.14, 911.43, 514.14, 942.33, 514.14, 30.90, 13.83
0.17, 14, black car, 368.14, 456.04, 395.16, 468.23, 381.65, 462.14, 368.14, 462.14, 395.16, 462.14, 27.02, 12.19
0.20, 1, white car, 150.77, 421.49, 180.86, 435.02, 165.82, 428.26, 150.77, 428.26, 180.86, 428.26, 30.10, 13.53
0.20, 4, white car, 240.83, 433.85, 269.82, 446.99, 255.33, 440.42, 240.83, 440.42, 269.82, 440.42, 29.00, 13.14
0.20, 5, black car, 45.22, 411.46, 75.73, 425.03, 60.48, 418.24, 45.22, 418.24, 75.73, 418.24, 30.51, 13.57
0.20, 7, white car, 908.98, 506.98, 939.36, 520.58, 924.17, 513.78, 908.98, 513.78, 939.36, 513.78, 30.37, 13.59
0.20, 14, black car, 364.82, 456.07, 392.52, 468.57, 378.67, 462.32, 364.82, 462.32, 392.52, 462.32, 27.69, 12.50
0.23, 1, white car, 148.48, 421.05, 179.02, 434.79, 163.75, 427.92, 148.48, 427.92, 179.02, 427.92, 30.54, 13.74
0.23, 4, white car, 238.87, 433.15, 268.47, 446.55, 253.67, 439.85, 238.87, 439.85, 268.47, 439.85, 29.61, 13.41
0.23, 5, black car, 43.68, 411.03, 73.79, 424.45, 58.73, 417.74, 43.68, 417.74, 73.79, 417.74, 30.11, 13.41
0.23, 7, white car, 906.52, 507.00, 936.50, 520.41, 921.51, 513.70, 906.52, 513.70, 936.50, 513.70, 29.99, 13.41
0.23, 14, black car, 360.98, 455.34, 390.02, 468.45, 375.50, 461.90, 360.98, 461.90, 390.02, 461.90, 29.03, 13.11
0.27, 1, white car, 146.36, 420.87, 177.13, 434.73, 161.75, 427.80, 146.36, 427.80, 177.13, 427.80, 30.76, 13.86
0.27, 4, white car, 237.59, 433.04, 266.49, 446.10, 252.04, 439.57, 237.59, 439.57, 266.49, 439.57, 28.90, 13.06
0.27, 5, black car, 42.05, 410.81, 72.28, 424.29, 57.17, 417.55, 42.05, 417.55, 72.28, 417.55, 30.23, 13.48
0.27, 7, white car, 904.01, 507.04, 933.50, 520.18, 918.76, 513.61, 904.01, 513.61, 933.50, 513.61, 29.49, 13.14
0.27, 14, black car, 357.89, 455.19, 387.74, 468.68, 372.82, 461.93, 357.89, 461.93, 387.74, 461.93, 29.85, 13.49
0.30, 1, white car, 144.18, 420.51, 175.68, 434.70, 159.93, 427.61, 144.18, 427.61, 175.68, 427.61, 31.50, 14.19
0.30, 4, white car, 236.05, 432.85, 264.28, 445.55, 250.16, 439.20, 236.05, 439.20, 264.28, 439.20, 28.23, 12.71
0.30, 5, black car, 39.45, 410.28, 69.53, 423.69, 54.49, 416.99, 39.45, 416.99, 69.53, 416.99, 30.08, 13.41
0.30, 7, white car, 900.95, 507.06, 930.11, 519.97, 915.53, 513.51, 900.95, 513.51, 930.11, 513.51, 29.16, 12.92
0.30, 14, black car, 354.87, 455.07, 385.12, 468.80, 370.00, 461.94, 354.87, 461.94, 385.12, 461.94, 30.25, 13.73
0.33, 1, white car, 142.33, 420.28, 174.24, 434.67, 158.28, 427.48, 142.33, 427.48, 174.24, 427.48, 31.91, 14.39
0.33, 4, white car, 233.68, 432.33, 262.82, 445.43, 248.25, 438.88, 233.68, 438.88, 262.82, 438.88, 29.14, 13.10
0.33, 5, black car, 36.96, 409.95, 66.80, 423.28, 51.88, 416.61, 36.96, 416.61, 66.80, 416.61, 29.84, 13.33
0.33, 7, white car, 898.23, 506.70, 927.55, 519.64, 912.89, 513.17, 898.23, 513.17, 927.55, 513.17, 29.32, 12.94
0.33, 14, black car, 352.35, 454.49, 382.23, 468.10, 367.29, 461.30, 352.35, 461.30, 382.23, 461.30, 29.88, 13.61
0.37, 4, white car, 231.69, 432.03, 261.15, 445.24, 246.42, 438.64, 231.69, 438.64, 261.15, 438.64, 29.46, 13.21
0.37, 5, black car, 35.42, 409.96, 65.06, 423.24, 50.24, 416.60, 35.42, 416.60, 65.06, 416.60, 29.64, 13.27
0.37, 7, white car, 895.16, 506.46, 924.93, 519.58, 910.04, 513.02, 895.16, 513.02, 924.93, 513.02, 29.77, 13.12
0.37, 14, black car, 350.22, 454.51, 379.28, 467.80, 364.75, 461.16, 350.22, 461.16, 379.28, 461.16, 29.06, 13.28
0.40, 4, white car, 229.71, 431.83, 258.84, 444.87, 244.28, 438.35, 229.71, 438.35, 258.84, 438.35, 29.14, 13.04
0.40, 5, black car, 32.48, 409.32, 63.61, 423.27, 48.05, 416.29, 32.48, 416.29, 63.61, 416.29, 31.13, 13.95
0.40, 7, white car, 892.20, 506.18, 922.48, 519.53, 907.34, 512.85, 892.20, 512.85, 922.48, 512.85, 30.28, 13.35
0.40, 14, black car, 348.26, 454.13, 377.07, 467.33, 362.66, 460.73, 348.26, 460.73, 377.07, 460.73, 28.81, 13.19
0.40, 1, white car, 138.67, 419.55, 170.00, 433.71, 154.34, 426.63, 138.67, 426.63, 170.00, 426.63, 31.33, 14.16
0.43, 4, white car, 227.36, 431.49, 256.72, 444.61, 242.04, 438.05, 227.36, 438.05, 256.72, 438.05, 29.36, 13.12
0.43, 5, black car, 30.12, 408.98, 61.29, 422.98, 45.71, 415.98, 30.12, 415.98, 61.29, 415.98, 31.17, 14.00
0.43, 14, black car, 346.81, 453.95, 375.63, 467.16, 361.22, 460.55, 346.81, 460.55, 375.63, 460.55, 28.82, 13.21
0.43, 1, white car, 136.44, 419.32, 167.63, 433.46, 152.04, 426.39, 136.44, 426.39, 167.63, 426.39, 31.19, 14.14
0.47, 4, white car, 225.21, 431.22, 254.96, 444.50, 240.09, 437.86, 225.21, 437.86, 254.96, 437.86, 29.75, 13.28
0.47, 5, black car, 28.44, 408.92, 59.58, 422.95, 44.01, 415.93, 28.44, 415.93, 59.58, 415.93, 31.14, 14.03
0.47, 14, black car, 344.76, 454.05, 373.65, 467.27, 359.21, 460.66, 344.76, 460.66, 373.65, 460.66, 28.89, 13.22
0.47, 1, white car, 134.49, 419.19, 165.44, 433.23, 149.96, 426.21, 134.49, 426.21, 165.44, 426.21, 30.94, 14.04
0.50, 4, white car, 223.25, 431.17, 252.99, 444.45, 238.12, 437.81, 223.25, 437.81, 252.99, 437.81, 29.74, 13.28
0.50, 5, black car, 27.04, 408.69, 58.10, 422.73, 42.57, 415.71, 27.04, 415.71, 58.10, 415.71, 31.07, 14.04
0.50, 14, black car, 342.07, 454.36, 370.42, 467.34, 356.24, 460.85, 342.07, 460.85, 370.42, 460.85, 28.36, 12.98
0.50, 1, white car, 132.74, 419.17, 163.24, 433.02, 147.99, 426.09, 132.74, 426.09, 163.24, 426.09, 30.50, 13.84
0.53, 4, white car, 221.37, 430.94, 250.87, 444.11, 236.12, 437.52, 221.37, 437.52, 250.87, 437.52, 29.51, 13.17
0.53, 5, black car, 24.73, 408.20, 55.63, 422.19, 40.18, 415.20, 24.73, 415.20, 55.63, 415.20, 30.90, 13.99
0.53, 14, black car, 339.68, 454.18, 367.14, 466.73, 353.41, 460.46, 339.68, 460.46, 367.14, 460.46, 27.46, 12.55
0.53, 1, white car, 131.12, 419.05, 161.41, 432.78, 146.26, 425.91, 131.12, 425.91, 161.41, 425.91, 30.30, 13.73
0.57, 4, white car, 219.17, 430.70, 248.79, 443.91, 233.98, 437.31, 219.17, 437.31, 248.79, 437.31, 29.62, 13.21
0.57, 5, black car, 22.22, 407.84, 53.36, 421.97, 37.79, 414.90, 22.22, 414.90, 53.36, 414.90, 31.14, 14.12
0.57, 14, black car, 336.12, 454.13, 363.89, 466.73, 350.00, 460.43, 336.12, 460.43, 363.89, 460.43, 27.77, 12.60
0.57, 1, white car, 129.10, 418.95, 159.47, 432.68, 144.29, 425.82, 129.10, 425.82, 159.47, 425.82, 30.37, 13.73
0.60, 4, white car, 217.13, 430.48, 246.81, 443.69, 231.97, 437.09, 217.13, 437.09, 246.81, 437.09, 29.68, 13.21
0.60, 5, black car, 19.88, 407.68, 51.52, 422.10, 35.70, 414.89, 19.88, 414.89, 51.52, 414.89, 31.64, 14.41
0.60, 14, black car, 332.97, 453.56, 361.61, 466.51, 347.29, 460.03, 332.97, 460.03, 361.61, 460.03, 28.64, 12.95
0.60, 1, white car, 126.71, 418.62, 157.30, 432.44, 142.00, 425.53, 126.71, 425.53, 157.30, 425.53, 30.59, 13.82
0.63, 4, white car, 215.33, 430.35, 245.00, 443.54, 230.16, 436.94, 215.33, 436.94, 245.00, 436.94, 29.67, 13.19
0.63, 5, black car, 17.25, 407.38, 49.12, 421.93, 33.18, 414.66, 17.25, 414.66, 49.12, 414.66, 31.87, 14.55
0.63, 14, black car, 330.60, 453.31, 359.88, 466.51, 345.24, 459.91, 330.60, 459.91, 359.88, 459.91, 29.28, 13.21
0.63, 1, white car, 124.72, 418.39, 155.29, 432.17, 140.00, 425.28, 124.72, 425.28, 155.29, 425.28, 30.57, 13.78
0.67, 4, white car, 213.77, 430.35, 243.07, 443.39, 228.42, 436.87, 213.77, 436.87, 243.07, 436.87, 29.31, 13.04
0.67, 5, black car, 14.77, 407.01, 46.83, 421.66, 30.80, 414.34, 14.77, 414.34, 46.83, 414.34, 32.06, 14.65
0.67, 14, black car, 328.24, 453.15, 357.59, 466.37, 342.91, 459.76, 328.24, 459.76, 357.59, 459.76, 29.36, 13.22
0.67, 1, white car, 122.96, 418.33, 153.02, 431.83, 137.99, 425.08, 122.96, 425.08, 153.02, 425.08, 30.06, 13.51
0.70, 4, white car, 211.46, 430.02, 240.77, 443.08, 226.12, 436.55, 211.46, 436.55, 240.77, 436.55, 29.31, 13.05
0.70, 5, black car, 13.62, 406.72, 45.78, 421.42, 29.70, 414.07, 13.62, 414.07, 45.78, 414.07, 32.16, 14.70
0.70, 14, black car, 326.07, 452.99, 354.85, 465.91, 340.46, 459.45, 326.07, 459.45, 354.85, 459.45, 28.79, 12.92
0.70, 1, white car, 120.83, 418.01, 150.98, 431.54, 135.91, 424.78, 120.83, 424.78, 150.98, 424.78, 30.15, 13.53
0.73, 4, white car, 209.56, 429.74, 238.80, 442.78, 224.18, 436.26, 209.56, 436.26, 238.80, 436.26, 29.24, 13.04
0.73, 5, black car, 12.70, 406.41, 44.98, 421.20, 28.84, 413.80, 12.70, 413.80, 44.98, 413.80, 32.28, 14.79
0.73, 14, black car, 323.71, 452.86, 352.27, 465.63, 337.99, 459.24, 323.71, 459.24, 352.27, 459.24, 28.57, 12.77
0.73, 1, white car, 118.65, 417.63, 149.17, 431.36, 133.91, 424.49, 118.65, 424.49, 149.17, 424.49, 30.52, 13.72
0.77, 4, white car, 207.65, 429.32, 237.04, 442.45, 222.35, 435.88, 207.65, 435.88, 237.04, 435.88, 29.39, 13.13
0.77, 5, black car, 10.12, 405.89, 42.33, 420.68, 26.23, 413.29, 10.12, 413.29, 42.33, 413.29, 32.22, 14.79
0.77, 14, black car, 321.45, 452.83, 349.95, 465.53, 335.70, 459.18, 321.45, 459.18, 349.95, 459.18, 28.49, 12.71
0.77, 1, white car, 116.55, 417.42, 147.56, 431.39, 132.05, 424.40, 116.55, 424.40, 147.56, 424.40, 31.01, 13.96
0.80, 4, white car, 205.51, 428.87, 235.23, 442.16, 220.37, 435.51, 205.51, 435.51, 235.23, 435.51, 29.72, 13.30
0.80, 5, black car, 6.88, 405.57, 39.09, 420.35, 22.99, 412.96, 6.88, 412.96, 39.09, 412.96, 32.21, 14.78
0.80, 14, black car, 319.03, 452.78, 347.24, 465.35, 333.13, 459.07, 319.03, 459.07, 347.24, 459.07, 28.21, 12.57
0.80, 1, white car, 114.42, 417.08, 145.82, 431.23, 130.12, 424.15, 114.42, 424.15, 145.82, 424.15, 31.40, 14.15
0.83, 4, white car, 203.60, 428.58, 233.52, 441.99, 218.56, 435.28, 203.60, 435.28, 233.52, 435.28, 29.92, 13.41
0.83, 5, black car, 5.01, 405.51, 37.09, 420.24, 21.05, 412.87, 5.01, 412.87, 37.09, 412.87, 32.07, 14.73
0.83, 14, black car, 316.86, 452.47, 345.70, 465.33, 331.28, 458.90, 316.86, 458.90, 345.70, 458.90, 28.83, 12.85
0.83, 1, white car, 112.18, 416.96, 143.57, 431.11, 127.87, 424.03, 112.18, 424.03, 143.57, 424.03, 31.39, 14.15
0.87, 4, white car, 201.80, 428.35, 231.96, 441.89, 216.88, 435.12, 201.80, 435.12, 231.96, 435.12, 30.17, 13.55
0.87, 5, black car, 3.09, 405.55, 34.75, 420.12, 18.92, 412.83, 3.09, 412.83, 34.75, 412.83, 31.66, 14.57
0.87, 1, white car, 110.32, 416.78, 141.61, 430.90, 125.97, 423.84, 110.32, 423.84, 141.61, 423.84, 31.28, 14.12
0.90, 4, white car, 199.93, 428.16, 229.52, 441.47, 214.72, 434.82, 199.93, 434.82, 229.52, 434.82, 29.59, 13.31
0.90, 5, black car, 1.57, 405.25, 33.24, 419.88, 17.41, 412.56, 1.57, 412.56, 33.24, 412.56, 31.66, 14.62
0.90, 1, white car, 108.24, 416.34, 139.51, 430.42, 123.88, 423.38, 108.24, 423.38, 139.51, 423.38, 31.27, 14.08
0.90, 7, white car, 851.50, 504.17, 880.97, 516.98, 866.24, 510.57, 851.50, 510.57, 880.97, 510.57, 29.47, 12.81
0.93, 4, white car, 198.04, 427.90, 227.34, 441.07, 212.69, 434.49, 198.04, 434.49, 227.34, 434.49, 29.30, 13.16
0.93, 5, black car, 0.41, 404.73, 32.02, 419.34, 16.21, 412.03, 0.41, 412.03, 32.02, 412.03, 31.60, 14.61
0.93, 1, white car, 106.17, 415.91, 137.69, 430.06, 121.93, 422.98, 106.17, 422.98, 137.69, 422.98, 31.52, 14.15
0.93, 7, white car, 848.96, 504.11, 877.82, 516.48, 863.39, 510.30, 848.96, 510.30, 877.82, 510.30, 28.85, 12.37
0.97, 4, white car, 196.00, 427.73, 225.42, 440.91, 210.71, 434.32, 196.00, 434.32, 225.42, 434.32, 29.42, 13.18
0.97, 5, black car, 0.00, 404.63, 30.47, 418.82, 15.24, 411.73, 0.00, 411.73, 30.47, 411.73, 30.47, 14.19
0.97, 1, white car, 104.17, 415.54, 135.51, 429.60, 119.84, 422.57, 104.17, 422.57, 135.51, 422.57, 31.33, 14.06
0.97, 7, white car, 846.44, 503.97, 875.41, 516.30, 860.92, 510.14, 846.44, 510.14, 875.41, 510.14, 28.97, 12.34
1.00, 4, white car, 193.76, 427.38, 223.45, 440.64, 208.60, 434.01, 193.76, 434.01, 223.45, 434.01, 29.69, 13.26
1.00, 5, black car, 0.00, 404.84, 28.96, 418.30, 14.48, 411.57, 0.00, 411.57, 28.96, 411.57, 28.96, 13.46
1.00, 1, white car, 102.72, 415.52, 133.76, 429.45, 118.24, 422.48, 102.72, 422.48, 133.76, 422.48, 31.04, 13.93
1.00, 7, white car, 843.90, 503.92, 872.96, 516.25, 858.43, 510.08, 843.90, 510.08, 872.96, 510.08, 29.06, 12.33
1.03, 4, white car, 191.65, 427.24, 221.52, 440.56, 206.58, 433.90, 191.65, 433.90, 221.52, 433.90, 29.87, 13.32
1.03, 5, black car, 0.00, 404.73, 27.74, 417.95, 13.87, 411.34, 0.00, 411.34, 27.74, 411.34, 27.74, 13.22
1.03, 1, white car, 101.18, 415.55, 131.70, 429.24, 116.44, 422.40, 101.18, 422.40, 131.70, 422.40, 30.53, 13.69
1.03, 7, white car, 840.85, 503.76, 870.39, 516.23, 855.62, 509.99, 840.85, 509.99, 870.39, 509.99, 29.54, 12.47
1.07, 4, white car, 189.46, 427.09, 219.80, 440.65, 204.63, 433.87, 189.46, 433.87, 219.80, 433.87, 30.34, 13.56
1.07, 5, black car, 0.00, 405.00, 25.67, 417.87, 12.83, 411.44, 0.00, 411.44, 25.67, 411.44, 25.67, 12.87
1.07, 1, white car, 99.28, 415.48, 129.38, 428.94, 114.33, 422.21, 99.28, 422.21, 129.38, 422.21, 30.10, 13.46
1.07, 7, white car, 837.96, 503.66, 867.67, 516.13, 852.81, 509.89, 837.96, 509.89, 867.67, 509.89, 29.71, 12.47
1.10, 4, white car, 187.93, 426.95, 218.05, 440.41, 202.99, 433.68, 187.93, 433.68, 218.05, 433.68, 30.13, 13.46
1.10, 5, black car, 0.00, 405.08, 23.74, 417.71, 11.87, 411.40, 0.00, 411.40, 23.74, 411.40, 23.74, 12.64
1.10, 1, white car, 97.49, 415.24, 127.31, 428.55, 112.40, 421.89, 97.49, 421.89, 127.31, 421.89, 29.82, 13.30
1.10, 7, white car, 835.32, 503.34, 865.03, 515.77, 850.17, 509.56, 835.32, 509.56, 865.03, 509.56, 29.71, 12.42
1.13, 4, white car, 186.20, 426.83, 216.11, 440.20, 201.16, 433.52, 186.20, 433.52, 216.11, 433.52, 29.91, 13.37
1.13, 5, black car, 0.00, 405.27, 22.67, 417.88, 11.33, 411.58, 0.00, 411.58, 22.67, 411.58, 22.67, 12.60
1.13, 1, white car, 95.48, 414.64, 125.59, 428.04, 110.54, 421.34, 95.48, 421.34, 125.59, 421.34, 30.11, 13.40
1.13, 7, white car, 832.90, 503.01, 862.47, 515.34, 847.69, 509.17, 832.90, 509.17, 862.47, 509.17, 29.57, 12.33
1.17, 4, white car, 184.46, 426.47, 213.72, 439.52, 199.09, 432.99, 184.46, 432.99, 213.72, 432.99, 29.26, 13.05
1.17, 5, black car, 0.00, 405.35, 21.04, 417.85, 10.52, 411.60, 0.00, 411.60, 21.04, 411.60, 21.04, 12.50
1.17, 1, white car, 93.15, 414.15, 123.40, 427.57, 108.27, 420.86, 93.15, 420.86, 123.40, 420.86, 30.25, 13.41
1.17, 7, white car, 830.61, 502.93, 859.58, 514.96, 845.10, 508.95, 830.61, 508.95, 859.58, 508.95, 28.98, 12.03
1.20, 4, white car, 182.82, 426.48, 211.59, 439.26, 197.21, 432.87, 182.82, 432.87, 211.59, 432.87, 28.76, 12.77
1.20, 5, black car, 0.00, 405.38, 20.17, 417.60, 10.08, 411.49, 0.00, 411.49, 20.17, 411.49, 20.17, 12.22
1.20, 1, white car, 90.68, 413.98, 121.07, 427.44, 105.87, 420.71, 90.68, 420.71, 121.07, 420.71, 30.38, 13.47
1.20, 7, white car, 828.04, 502.66, 856.45, 514.37, 842.24, 508.51, 828.04, 508.51, 856.45, 508.51, 28.41, 11.72
1.23, 4, white car, 181.00, 426.14, 210.20, 439.08, 195.60, 432.61, 181.00, 432.61, 210.20, 432.61, 29.20, 12.94
1.23, 1, white car, 88.66, 413.82, 119.24, 427.34, 103.95, 420.58, 88.66, 420.58, 119.24, 420.58, 30.58, 13.52
1.23, 7, white car, 824.94, 502.20, 853.71, 514.02, 839.32, 508.11, 824.94, 508.11, 853.71, 508.11, 28.77, 11.82
1.27, 4, white car, 178.74, 425.92, 208.46, 439.09, 193.60, 432.51, 178.74, 432.51, 208.46, 432.51, 29.72, 13.17
1.27, 1, white car, 86.96, 413.68, 117.15, 427.01, 102.05, 420.34, 86.96, 420.34, 117.15, 420.34, 30.19, 13.32
1.27, 7, white car, 822.05, 502.07, 851.23, 514.01, 836.64, 508.04, 822.05, 508.04, 851.23, 508.04, 29.18, 11.94
1.30, 4, white car, 176.50, 425.80, 206.49, 439.14, 191.49, 432.47, 176.50, 432.47, 206.49, 432.47, 29.99, 13.34
1.30, 1, white car, 84.96, 413.45, 115.21, 426.76, 100.08, 420.10, 84.96, 420.10, 115.21, 420.10, 30.25, 13.32
1.30, 7, white car, 819.44, 501.82, 848.82, 513.78, 834.13, 507.80, 819.44, 507.80, 848.82, 507.80, 29.38, 11.96
1.33, 4, white car, 174.95, 425.57, 204.58, 438.75, 189.76, 432.16, 174.95, 432.16, 204.58, 432.16, 29.63, 13.18
1.33, 1, white car, 83.27, 413.26, 113.20, 426.38, 98.24, 419.82, 83.27, 419.82, 113.20, 419.82, 29.92, 13.12
1.33, 7, white car, 816.48, 501.59, 846.16, 513.64, 831.32, 507.62, 816.48, 507.62, 846.16, 507.62, 29.68, 12.05
1.37, 4, white car, 173.53, 425.41, 202.47, 438.26, 188.00, 431.84, 173.53, 431.84, 202.47, 431.84, 28.94, 12.85
1.37, 1, white car, 81.59, 413.03, 111.18, 425.94, 96.39, 419.48, 81.59, 419.48, 111.18, 419.48, 29.59, 12.92
1.37, 7, white car, 813.75, 501.34, 843.23, 513.28, 828.49, 507.31, 813.75, 507.31, 843.23, 507.31, 29.48, 11.94
1.40, 4, white car, 171.74, 425.08, 200.58, 437.86, 186.16, 431.47, 171.74, 431.47, 200.58, 431.47, 28.84, 12.78
1.40, 1, white car, 79.46, 412.73, 109.05, 425.59, 94.25, 419.16, 79.46, 419.16, 109.05, 419.16, 29.59, 12.86
1.40, 7, white car, 810.73, 501.02, 840.67, 513.16, 825.70, 507.09, 810.73, 507.09, 840.67, 507.09, 29.94, 12.14
1.43, 4, white car, 169.80, 424.78, 198.80, 437.59, 184.30, 431.19, 169.80, 431.19, 198.80, 431.19, 29.00, 12.81
1.43, 1, white car, 77.35, 412.76, 106.93, 425.60, 92.14, 419.18, 77.35, 419.18, 106.93, 419.18, 29.58, 12.84
1.43, 7, white car, 808.19, 501.01, 838.02, 513.08, 823.11, 507.04, 808.19, 507.04, 838.02, 507.04, 29.84, 12.07
1.47, 4, white car, 167.70, 424.48, 197.01, 437.43, 182.35, 430.96, 167.70, 430.96, 197.01, 430.96, 29.32, 12.95
1.47, 1, white car, 75.22, 412.37, 105.62, 425.55, 90.42, 418.96, 75.22, 418.96, 105.62, 418.96, 30.40, 13.18
1.47, 7, white car, 805.76, 500.94, 835.50, 512.95, 820.63, 506.95, 805.76, 506.95, 835.50, 506.95, 29.74, 12.01
1.50, 4, white car, 165.37, 424.05, 195.35, 437.33, 180.36, 430.69, 165.37, 430.69, 195.35, 430.69, 29.98, 13.28
1.50, 1, white car, 73.44, 412.25, 104.11, 425.51, 88.77, 418.88, 73.44, 418.88, 104.11, 418.88, 30.67, 13.27
1.50, 7, white car, 803.22, 500.86, 833.01, 512.87, 818.12, 506.87, 803.22, 506.87, 833.01, 506.87, 29.78, 12.01
1.53, 4, white car, 163.23, 423.68, 193.28, 437.00, 178.25, 430.34, 163.23, 430.34, 193.28, 430.34, 30.05, 13.32
1.53, 1, white car, 71.62, 411.78, 102.37, 425.01, 87.00, 418.39, 71.62, 418.39, 102.37, 418.39, 30.75, 13.23
1.53, 7, white car, 800.65, 500.52, 830.63, 512.59, 815.64, 506.56, 800.65, 506.56, 830.63, 506.56, 29.98, 12.07
1.57, 4, white car, 161.46, 423.46, 191.14, 436.67, 176.30, 430.07, 161.46, 430.07, 191.14, 430.07, 29.67, 13.21
1.57, 1, white car, 69.48, 411.34, 100.28, 424.56, 84.88, 417.95, 69.48, 417.95, 100.28, 417.95, 30.80, 13.22
1.57, 7, white car, 797.83, 500.18, 827.81, 512.28, 812.82, 506.23, 797.83, 506.23, 827.81, 506.23, 29.98, 12.09
1.60, 4, white car, 159.65, 423.35, 189.01, 436.46, 174.33, 429.91, 159.65, 429.91, 189.01, 429.91, 29.35, 13.10
1.60, 1, white car, 67.23, 411.32, 97.72, 424.39, 82.47, 417.86, 67.23, 417.86, 97.72, 417.86, 30.49, 13.06
1.60, 7, white car, 795.21, 500.07, 825.32, 512.22, 810.26, 506.14, 795.21, 506.14, 825.32, 506.14, 30.11, 12.15
1.63, 4, white car, 158.27, 423.28, 186.80, 435.99, 172.53, 429.64, 158.27, 429.64, 186.80, 429.64, 28.54, 12.71
1.63, 1, white car, 65.02, 411.17, 95.19, 424.07, 80.11, 417.62, 65.02, 417.62, 95.19, 417.62, 30.17, 12.90
1.63, 7, white car, 792.59, 500.14, 822.41, 512.18, 807.50, 506.16, 792.59, 506.16, 822.41, 506.16, 29.83, 12.04
1.67, 4, white car, 156.02, 422.95, 184.60, 435.63, 170.31, 429.29, 156.02, 429.29, 184.60, 429.29, 28.58, 12.69
1.67, 1, white car, 62.80, 410.84, 93.47, 423.98, 78.14, 417.41, 62.80, 417.41, 93.47, 417.41, 30.67, 13.14
1.67, 7, white car, 789.92, 499.80, 819.92, 511.90, 804.92, 505.85, 789.92, 505.85, 819.92, 505.85, 30.00, 12.10
1.70, 4, white car, 154.22, 422.79, 182.70, 435.41, 168.46, 429.10, 154.22, 429.10, 182.70, 429.10, 28.48, 12.62
1.70, 1, white car, 60.71, 410.73, 91.69, 424.02, 76.20, 417.37, 60.71, 417.37, 91.69, 417.37, 30.98, 13.30
1.70, 7, white car, 787.02, 499.30, 816.97, 511.36, 802.00, 505.33, 787.02, 505.33, 816.97, 505.33, 29.95, 12.07
1.73, 4, white car, 152.25, 422.58, 180.91, 435.27, 166.58, 428.92, 152.25, 428.92, 180.91, 428.92, 28.66, 12.69
1.73, 1, white car, 58.87, 410.61, 89.61, 423.80, 74.24, 417.21, 58.87, 417.21, 89.61, 417.21, 30.73, 13.19
1.73, 7, white car, 783.95, 498.98, 814.34, 511.23, 799.15, 505.10, 783.95, 505.10, 814.34, 505.10, 30.39, 12.25
1.77, 4, white car, 150.16, 422.35, 179.23, 435.20, 164.70, 428.78, 150.16, 428.78, 179.23, 428.78, 29.07, 12.85
1.77, 1, white car, 56.83, 410.31, 87.59, 423.51, 72.21, 416.91, 56.83, 416.91, 87.59, 416.91, 30.76, 13.19
1.77, 7, white car, 781.31, 498.88, 811.76, 511.18, 796.53, 505.03, 781.31, 505.03, 811.76, 505.03, 30.45, 12.30
1.80, 4, white car, 148.18, 422.13, 177.29, 435.01, 162.73, 428.57, 148.18, 428.57, 177.29, 428.57, 29.10, 12.88
1.80, 1, white car, 54.79, 409.87, 85.59, 423.09, 70.19, 416.48, 54.79, 416.48, 85.59, 416.48, 30.81, 13.22
1.80, 7, white car, 778.88, 498.71, 809.32, 510.97, 794.10, 504.84, 778.88, 504.84, 809.32, 504.84, 30.44, 12.27
1.83, 4, white car, 146.48, 421.92, 175.72, 434.86, 161.10, 428.39, 146.48, 428.39, 175.72, 428.39, 29.24, 12.94
1.83, 1, white car, 52.38, 409.40, 83.55, 422.78, 67.96, 416.09, 52.38, 416.09, 83.55, 416.09, 31.17, 13.39
1.83, 7, white car, 776.04, 498.46, 806.14, 510.54, 791.09, 504.50, 776.04, 504.50, 806.14, 504.50, 30.10, 12.08
1.87, 4, white car, 144.45, 421.72, 173.91, 434.75, 159.18, 428.23, 144.45, 428.23, 173.91, 428.23, 29.46, 13.03
1.87, 1, white car, 49.97, 409.04, 81.42, 422.53, 65.69, 415.78, 49.97, 415.78, 81.42, 415.78, 31.45, 13.49
1.87, 7, white car, 773.25, 498.22, 803.66, 510.40, 788.45, 504.31, 773.25, 504.31, 803.66, 504.31, 30.41, 12.18
1.90, 4, white car, 141.36, 420.94, 172.10, 434.66, 156.73, 427.80, 141.36, 427.80, 172.10, 427.80, 30.74, 13.72
1.90, 1, white car, 47.68, 408.75, 79.28, 422.33, 63.48, 415.54, 47.68, 415.54, 79.28, 415.54, 31.61, 13.58
1.90, 7, white car, 770.36, 498.08, 800.86, 510.29, 785.61, 504.19, 770.36, 504.19, 800.86, 504.19, 30.50, 12.21
1.93, 1, white car, 45.74, 408.45, 77.46, 422.10, 61.60, 415.28, 45.74, 415.28, 77.46, 415.28, 31.72, 13.65
1.93, 7, white car, 767.47, 498.03, 797.96, 510.25, 782.71, 504.14, 767.47, 504.14, 797.96, 504.14, 30.49, 12.21
1.97, 1, white car, 44.17, 408.42, 75.87, 422.08, 60.02, 415.25, 44.17, 415.25, 75.87, 415.25, 31.70, 13.65
1.97, 7, white car, 764.84, 497.99, 795.60, 510.31, 780.22, 504.15, 764.84, 504.15, 795.60, 504.15, 30.77, 12.32
2.00, 1, white car, 42.46, 408.14, 73.80, 421.63, 58.13, 414.89, 42.46, 414.89, 73.80, 414.89, 31.34, 13.48
2.00, 7, white car, 762.32, 497.75, 793.19, 510.10, 777.75, 503.92, 762.32, 503.92, 793.19, 503.92, 30.87, 12.35
2.03, 1, white car, 40.61, 407.92, 71.35, 421.15, 55.98, 414.53, 40.61, 414.53, 71.35, 414.53, 30.75, 13.22
2.03, 7, white car, 759.79, 497.47, 790.99, 509.98, 775.39, 503.73, 759.79, 503.73, 790.99, 503.73, 31.20, 12.51
2.07, 1, white car, 38.64, 407.62, 69.57, 420.94, 54.11, 414.28, 38.64, 414.28, 69.57, 414.28, 30.93, 13.32
2.07, 7, white car, 756.65, 496.96, 787.97, 509.52, 772.31, 503.24, 756.65, 503.24, 787.97, 503.24, 31.32, 12.57
2.10, 1, white car, 36.26, 407.01, 67.84, 420.68, 52.05, 413.84, 36.26, 413.84, 67.84, 413.84, 31.58, 13.67
2.10, 7, white car, 753.72, 496.70, 785.50, 509.50, 769.61, 503.10, 753.72, 503.10, 785.50, 503.10, 31.78, 12.81
2.13, 1, white car, 33.92, 406.75, 65.50, 420.44, 49.71, 413.59, 33.92, 413.59, 65.50, 413.59, 31.58, 13.69
2.13, 7, white car, 751.39, 496.50, 782.84, 509.18, 767.12, 502.84, 751.39, 502.84, 782.84, 502.84, 31.45, 12.68
2.13, 4, white car, 127.59, 419.46, 157.55, 432.78, 142.57, 426.12, 127.59, 426.12, 157.55, 426.12, 29.96, 13.32
2.17, 1, white car, 32.32, 406.59, 63.41, 420.09, 47.87, 413.34, 32.32, 413.34, 63.41, 413.34, 31.09, 13.51
2.17, 7, white car, 749.48, 496.44, 780.03, 508.72, 764.76, 502.58, 749.48, 502.58, 780.03, 502.58, 30.55, 12.28
2.17, 4, white car, 125.65, 419.37, 155.47, 432.57, 140.56, 425.97, 125.65, 425.97, 155.47, 425.97, 29.82, 13.21
2.20, 1, white car, 30.96, 406.42, 61.53, 419.73, 46.25, 413.08, 30.96, 413.08, 61.53, 413.08, 30.58, 13.31
2.20, 7, white car, 746.88, 496.20, 778.10, 508.76, 762.49, 502.48, 746.88, 502.48, 778.10, 502.48, 31.22, 12.56
2.20, 4, white car, 123.82, 419.36, 153.17, 432.29, 138.50, 425.82, 123.82, 425.82, 153.17, 425.82, 29.36, 12.93
2.23, 1, white car, 28.53, 406.16, 59.25, 419.51, 43.89, 412.83, 28.53, 412.83, 59.25, 412.83, 30.72, 13.36
2.23, 7, white car, 743.71, 495.88, 775.09, 508.54, 759.40, 502.21, 743.71, 502.21, 775.09, 502.21, 31.38, 12.66
2.23, 4, white car, 122.01, 419.30, 151.18, 432.09, 136.60, 425.69, 122.01, 425.69, 151.18, 425.69, 29.17, 12.80
2.27, 1, white car, 26.24, 406.04, 56.76, 419.27, 41.50, 412.66, 26.24, 412.66, 56.76, 412.66, 30.52, 13.23
2.27, 7, white car, 741.00, 495.62, 772.09, 508.20, 756.54, 501.91, 741.00, 501.91, 772.09, 501.91, 31.09, 12.57
2.27, 4, white car, 120.30, 419.19, 149.28, 431.86, 134.79, 425.52, 120.30, 425.52, 149.28, 425.52, 28.98, 12.67
2.30, 1, white car, 24.06, 405.90, 54.48, 419.02, 39.27, 412.46, 24.06, 412.46, 54.48, 412.46, 30.42, 13.12
2.30, 7, white car, 738.35, 495.42, 769.38, 507.97, 753.86, 501.70, 738.35, 501.70, 769.38, 501.70, 31.02, 12.55
2.30, 4, white car, 118.56, 419.05, 147.57, 431.68, 133.06, 425.37, 118.56, 425.37, 147.57, 425.37, 29.01, 12.62
2.33, 1, white car, 21.99, 405.66, 52.20, 418.64, 37.10, 412.15, 21.99, 412.15, 52.20, 412.15, 30.22, 12.98
2.33, 7, white car, 736.39, 495.33, 766.75, 507.59, 751.57, 501.46, 736.39, 501.46, 766.75, 501.46, 30.37, 12.26
2.33, 4, white car, 116.51, 418.70, 145.31, 431.14, 130.91, 424.92, 116.51, 424.92, 145.31, 424.92, 28.80, 12.44
2.37, 1, white car, 19.80, 405.46, 50.14, 418.50, 34.97, 411.98, 19.80, 411.98, 50.14, 411.98, 30.34, 13.03
2.37, 7, white car, 733.62, 494.93, 764.25, 507.29, 748.93, 501.11, 733.62, 501.11, 764.25, 501.11, 30.62, 12.36
2.37, 4, white car, 114.16, 418.33, 143.40, 430.90, 128.78, 424.61, 114.16, 424.61, 143.40, 424.61, 29.24, 12.58
2.40, 1, white car, 17.90, 405.31, 48.47, 418.49, 33.18, 411.90, 17.90, 411.90, 48.47, 411.90, 30.58, 13.17
2.40, 7, white car, 731.09, 494.65, 761.85, 507.09, 746.47, 500.87, 731.09, 500.87, 761.85, 500.87, 30.76, 12.44
2.40, 4, white car, 112.02, 417.88, 141.58, 430.55, 126.80, 424.22, 112.02, 424.22, 141.58, 424.22, 29.57, 12.67
2.43, 1, white car, 15.46, 404.66, 46.93, 418.29, 31.19, 411.47, 15.46, 411.47, 46.93, 411.47, 31.48, 13.63
2.43, 7, white car, 728.21, 494.48, 759.13, 506.97, 743.67, 500.73, 728.21, 500.73, 759.13, 500.73, 30.92, 12.49
2.43, 4, white car, 109.86, 417.63, 139.65, 430.37, 124.76, 424.00, 109.86, 424.00, 139.65, 424.00, 29.79, 12.74
2.47, 1, white car, 13.47, 404.42, 44.68, 417.96, 29.08, 411.19, 13.47, 411.19, 44.68, 411.19, 31.22, 13.54
2.47, 7, white car, 724.73, 494.20, 756.33, 507.02, 740.53, 500.61, 724.73, 500.61, 756.33, 500.61, 31.61, 12.82
2.47, 4, white car, 107.93, 417.43, 137.74, 430.14, 122.83, 423.78, 107.93, 423.78, 137.74, 423.78, 29.81, 12.71
2.50, 1, white car, 11.51, 404.14, 42.82, 417.76, 27.16, 410.95, 11.51, 410.95, 42.82, 410.95, 31.32, 13.62
2.50, 7, white car, 721.77, 493.93, 754.18, 507.12, 737.97, 500.52, 721.77, 500.52, 754.18, 500.52, 32.42, 13.19
2.50, 4, white car, 105.80, 417.24, 135.90, 430.05, 120.85, 423.65, 105.80, 423.65, 135.90, 423.65, 30.10, 12.81
2.53, 1, white car, 9.84, 403.88, 40.91, 417.46, 25.37, 410.67, 9.84, 410.67, 40.91, 410.67, 31.07, 13.57
2.53, 7, white car, 719.04, 493.60, 751.74, 506.97, 735.39, 500.28, 719.04, 500.28, 751.74, 500.28, 32.70, 13.37
2.53, 4, white car, 104.19, 417.02, 134.01, 429.67, 119.10, 423.34, 104.19, 423.34, 134.01, 423.34, 29.82, 12.65
2.57, 1, white car, 6.49, 403.16, 38.37, 417.17, 22.43, 410.16, 6.49, 410.16, 38.37, 410.16, 31.88, 14.01
2.57, 7, white car, 716.96, 493.29, 749.19, 506.51, 733.08, 499.90, 716.96, 499.90, 749.19, 499.90, 32.23, 13.22
2.57, 4, white car, 102.78, 416.88, 131.94, 429.23, 117.36, 423.06, 102.78, 423.06, 131.94, 423.06, 29.16, 12.34
2.60, 1, white car, 3.54, 402.70, 36.03, 417.02, 19.79, 409.86, 3.54, 409.86, 36.03, 409.86, 32.48, 14.32
2.60, 7, white car, 714.68, 493.03, 746.43, 506.09, 730.55, 499.56, 714.68, 499.56, 746.43, 499.56, 31.75, 13.06
2.60, 4, white car, 100.86, 416.60, 130.14, 428.99, 115.50, 422.80, 100.86, 422.80, 130.14, 422.80, 29.28, 12.38
2.63, 1, white car, 1.42, 402.47, 34.32, 417.03, 17.87, 409.75, 1.42, 409.75, 34.32, 409.75, 32.90, 14.56
2.63, 7, white car, 712.41, 492.74, 743.97, 505.76, 728.19, 499.25, 712.41, 499.25, 743.97, 499.25, 31.56, 13.02
2.63, 4, white car, 98.83, 416.23, 128.32, 428.69, 113.58, 422.46, 98.83, 422.46, 128.32, 422.46, 29.50, 12.46
2.67, 1, white car, 0.44, 402.40, 32.71, 416.76, 16.57, 409.58, 0.44, 409.58, 32.71, 409.58, 32.26, 14.36
2.67, 7, white car, 710.12, 492.89, 740.86, 505.56, 725.49, 499.22, 710.12, 499.22, 740.86, 499.22, 30.73, 12.67
2.67, 4, white car, 96.82, 416.00, 126.30, 428.46, 111.56, 422.23, 96.82, 422.23, 126.30, 422.23, 29.47, 12.46
2.70, 1, white car, 0.00, 402.25, 30.51, 416.17, 15.25, 409.21, 0.00, 409.21, 30.51, 409.21, 30.51, 13.92
2.70, 7, white car, 707.58, 492.92, 738.12, 505.49, 722.85, 499.20, 707.58, 499.20, 738.12, 499.20, 30.54, 12.57
2.70, 4, white car, 94.48, 415.85, 123.95, 428.26, 109.21, 422.06, 94.48, 422.06, 123.95, 422.06, 29.47, 12.41
2.73, 1, white car, 0.00, 401.90, 28.74, 415.52, 14.37, 408.71, 0.00, 408.71, 28.74, 408.71, 28.74, 13.62
2.73, 7, white car, 704.57, 492.48, 735.45, 505.21, 720.01, 498.85, 704.57, 498.85, 735.45, 498.85, 30.87, 12.73
2.73, 4, white car, 92.20, 415.15, 122.10, 427.75, 107.15, 421.45, 92.20, 421.45, 122.10, 421.45, 29.91, 12.60
2.77, 1, white car, 0.00, 401.86, 26.91, 415.02, 13.46, 408.44, 0.00, 408.44, 26.91, 408.44, 26.91, 13.16
2.77, 7, white car, 701.51, 492.01, 732.84, 504.97, 717.17, 498.49, 701.51, 498.49, 732.84, 498.49, 31.33, 12.96
2.77, 4, white car, 90.17, 414.82, 120.39, 427.56, 105.28, 421.19, 90.17, 421.19, 120.39, 421.19, 30.22, 12.74
2.80, 1, white car, 0.00, 402.35, 24.86, 414.59, 12.43, 408.47, 0.00, 408.47, 24.86, 408.47, 24.86, 12.24
2.80, 7, white car, 698.41, 491.78, 730.20, 505.01, 714.31, 498.39, 698.41, 498.39, 730.20, 498.39, 31.79, 13.23
2.80, 4, white car, 88.02, 414.55, 118.63, 427.49, 103.32, 421.02, 88.02, 421.02, 118.63, 421.02, 30.62, 12.94
2.83, 7, white car, 695.98, 491.81, 727.40, 504.94, 711.69, 498.37, 695.98, 498.37, 727.40, 498.37, 31.42, 13.13
2.83, 4, white car, 86.28, 414.45, 116.67, 427.31, 101.48, 420.88, 86.28, 420.88, 116.67, 420.88, 30.38, 12.86
2.87, 7, white car, 693.68, 491.50, 725.23, 504.71, 709.46, 498.11, 693.68, 498.11, 725.23, 498.11, 31.56, 13.22
2.87, 4, white car, 84.65, 414.15, 114.48, 426.74, 99.57, 420.44, 84.65, 420.44, 114.48, 420.44, 29.83, 12.59
2.87, 1, white car, 0.00, 403.12, 21.65, 414.77, 10.83, 408.94, 0.00, 408.94, 21.65, 408.94, 21.65, 11.66
2.90, 7, white car, 691.42, 491.27, 722.42, 504.25, 706.92, 497.76, 691.42, 497.76, 722.42, 497.76, 31.00, 12.98
2.90, 4, white car, 82.37, 413.94, 112.21, 426.50, 97.29, 420.22, 82.37, 420.22, 112.21, 420.22, 29.84, 12.56
2.90, 1, white car, 0.00, 402.10, 20.89, 414.43, 10.45, 408.26, 0.00, 408.26, 20.89, 408.26, 20.89, 12.33
2.93, 7, white car, 689.44, 491.23, 718.90, 503.53, 704.17, 497.38, 689.44, 497.38, 718.90, 497.38, 29.46, 12.30
2.93, 4, white car, 80.22, 413.64, 110.37, 426.33, 95.29, 419.98, 80.22, 419.98, 110.37, 419.98, 30.15, 12.69
2.93, 1, white car, 0.00, 401.68, 19.78, 414.49, 9.89, 408.08, 0.00, 408.08, 19.78, 408.08, 19.78, 12.81
2.97, 7, white car, 686.91, 491.18, 715.95, 503.28, 701.43, 497.23, 686.91, 497.23, 715.95, 497.23, 29.05, 12.10
2.97, 4, white car, 78.19, 413.59, 108.27, 426.27, 93.23, 419.93, 78.19, 419.93, 108.27, 419.93, 30.08, 12.68
2.97, 1, white car, 0.00, 401.32, 18.40, 414.30, 9.20, 407.81, 0.00, 407.81, 18.40, 407.81, 18.40, 12.98
3.00, 7, white car, 683.88, 491.05, 713.63, 503.40, 698.76, 497.23, 683.88, 497.23, 713.63, 497.23, 29.74, 12.35
3.00, 4, white car, 76.57, 413.46, 106.75, 426.20, 91.66, 419.83, 76.57, 419.83, 106.75, 419.83, 30.19, 12.74
3.00, 1, white car, 0.00, 401.12, 16.65, 413.94, 8.33, 407.53, 0.00, 407.53, 16.65, 407.53, 16.65, 12.82
3.03, 7, white car, 681.34, 490.92, 711.16, 503.27, 696.25, 497.09, 681.34, 497.09, 711.16, 497.09, 29.82, 12.35
3.03, 4, white car, 74.81, 413.37, 104.81, 426.00, 89.81, 419.68, 74.81, 419.68, 104.81, 419.68, 30.00, 12.63
3.07, 7, white car, 678.71, 490.65, 708.40, 502.92, 693.56, 496.79, 678.71, 496.79, 708.40, 496.79, 29.69, 12.27
3.07, 4, white car, 72.97, 412.88, 103.18, 425.55, 88.08, 419.21, 72.97, 419.21, 103.18, 419.21, 30.21, 12.67
3.10, 7, white car, 675.96, 490.48, 705.89, 502.83, 690.93, 496.65, 675.96, 496.65, 705.89, 496.65, 29.93, 12.35
3.10, 4, white car, 70.78, 412.48, 101.30, 425.29, 86.04, 418.89, 70.78, 418.89, 101.30, 418.89, 30.51, 12.81
3.13, 7, white car, 673.26, 490.27, 703.17, 502.61, 688.21, 496.44, 673.26, 496.44, 703.17, 496.44, 29.91, 12.35
3.13, 4, white car, 68.52, 412.19, 99.09, 425.05, 83.81, 418.62, 68.52, 418.62, 99.09, 418.62, 30.57, 12.86
3.17, 7, white car, 670.48, 490.07, 700.64, 502.55, 685.56, 496.31, 670.48, 496.31, 700.64, 496.31, 30.16, 12.48
3.17, 4, white car, 66.35, 411.90, 96.59, 424.62, 81.47, 418.26, 66.35, 418.26, 96.59, 418.26, 30.23, 12.72
3.20, 7, white car, 667.63, 489.85, 698.38, 502.61, 683.00, 496.23, 667.63, 496.23, 698.38, 496.23, 30.75, 12.75
3.20, 4, white car, 64.41, 411.80, 94.38, 424.40, 79.39, 418.10, 64.41, 418.10, 94.38, 418.10, 29.97, 12.60
3.23, 7, white car, 665.25, 489.75, 695.63, 502.32, 680.44, 496.04, 665.25, 496.04, 695.63, 496.04, 30.38, 12.57
3.23, 4, white car, 62.59, 411.67, 92.40, 424.22, 77.50, 417.94, 62.59, 417.94, 92.40, 417.94, 29.81, 12.55
3.27, 7, white car, 662.38, 489.09, 693.58, 502.05, 677.98, 495.57, 662.38, 495.57, 693.58, 495.57, 31.19, 12.96
3.27, 4, white car, 60.61, 411.43, 90.51, 424.02, 75.56, 417.72, 60.61, 417.72, 90.51, 417.72, 29.90, 12.59
3.30, 7, white car, 660.02, 488.70, 690.88, 501.56, 675.45, 495.13, 660.02, 495.13, 690.88, 495.13, 30.87, 12.86
3.30, 4, white car, 58.60, 411.08, 88.59, 423.70, 73.59, 417.39, 58.60, 417.39, 88.59, 417.39, 29.99, 12.62
3.33, 7, white car, 657.54, 488.37, 688.42, 501.25, 672.98, 494.81, 657.54, 494.81, 688.42, 494.81, 30.88, 12.88
3.33, 4, white car, 56.55, 410.82, 86.19, 423.26, 71.37, 417.04, 56.55, 417.04, 86.19, 417.04, 29.64, 12.44
3.37, 7, white car, 654.66, 488.12, 685.85, 501.17, 670.26, 494.65, 654.66, 494.65, 685.85, 494.65, 31.19, 13.05
3.37, 4, white car, 54.77, 410.59, 84.18, 422.91, 69.47, 416.75, 54.77, 416.75, 84.18, 416.75, 29.41, 12.32
3.40, 7, white car, 652.15, 487.94, 683.16, 500.92, 667.65, 494.43, 652.15, 494.43, 683.16, 494.43, 31.01, 12.98
3.40, 4, white car, 52.38, 410.03, 81.94, 422.37, 67.16, 416.20, 52.38, 416.20, 81.94, 416.20, 29.56, 12.34
3.43, 7, white car, 649.70, 487.53, 680.77, 500.52, 665.24, 494.02, 649.70, 494.02, 680.77, 494.02, 31.08, 12.99
3.43, 4, white car, 49.95, 409.43, 80.53, 422.20, 65.24, 415.82, 49.95, 415.82, 80.53, 415.82, 30.58, 12.77
3.47, 7, white car, 647.04, 487.24, 677.99, 500.17, 662.52, 493.70, 647.04, 493.70, 677.99, 493.70, 30.96, 12.93
3.47, 4, white car, 47.75, 409.09, 78.59, 422.03, 63.17, 415.56, 47.75, 415.56, 78.59, 415.56, 30.84, 12.93
3.50, 7, white car, 644.41, 487.09, 675.23, 499.96, 659.82, 493.53, 644.41, 493.53, 675.23, 493.53, 30.82, 12.87
3.50, 4, white car, 45.59, 408.72, 77.15, 422.02, 61.37, 415.37, 45.59, 415.37, 77.15, 415.37, 31.57, 13.29
3.53, 7, white car, 641.28, 486.71, 672.51, 499.78, 656.89, 493.25, 641.28, 493.25, 672.51, 493.25, 31.23, 13.07
3.53, 4, white car, 44.00, 408.59, 75.01, 421.66, 59.51, 415.12, 44.00, 415.12, 75.01, 415.12, 31.01, 13.07
3.57, 7, white car, 638.47, 486.58, 669.85, 499.71, 654.16, 493.14, 638.47, 493.14, 669.85, 493.14, 31.37, 13.13
3.57, 4, white car, 41.89, 408.36, 72.57, 421.30, 57.23, 414.83, 41.89, 414.83, 72.57, 414.83, 30.68, 12.95
3.60, 7, white car, 635.85, 486.44, 667.40, 499.65, 651.62, 493.05, 635.85, 493.05, 667.40, 493.05, 31.55, 13.21
3.60, 4, white car, 40.24, 408.20, 70.65, 421.06, 55.44, 414.63, 40.24, 414.63, 70.65, 414.63, 30.41, 12.87
3.63, 7, white car, 633.85, 486.33, 664.98, 499.35, 649.41, 492.84, 633.85, 492.84, 664.98, 492.84, 31.13, 13.02
3.63, 4, white car, 38.76, 407.66, 69.20, 420.61, 53.98, 414.14, 38.76, 414.14, 69.20, 414.14, 30.43, 12.95
3.67, 7, white car, 631.74, 486.05, 662.52, 498.92, 647.13, 492.48, 631.74, 492.48, 662.52, 492.48, 30.78, 12.87
3.67, 4, white car, 36.44, 407.36, 67.07, 420.42, 51.75, 413.89, 36.44, 413.89, 67.07, 413.89, 30.63, 13.06
3.70, 7, white car, 628.90, 485.77, 660.09, 498.82, 644.49, 492.30, 628.90, 492.30, 660.09, 492.30, 31.20, 13.05
3.70, 4, white car, 34.00, 407.13, 64.65, 420.22, 49.33, 413.68, 34.00, 413.68, 64.65, 413.68, 30.66, 13.08
3.73, 7, white car, 626.12, 485.42, 657.29, 498.50, 641.71, 491.96, 626.12, 491.96, 657.29, 491.96, 31.16, 13.09
3.73, 4, white car, 32.39, 407.06, 62.52, 419.94, 47.46, 413.50, 32.39, 413.50, 62.52, 413.50, 30.12, 12.88
3.77, 7, white car, 623.49, 485.24, 655.01, 498.51, 639.25, 491.88, 623.49, 491.88, 655.01, 491.88, 31.53, 13.27
3.77, 4, white car, 30.99, 407.10, 60.49, 419.72, 45.74, 413.41, 30.99, 413.41, 60.49, 413.41, 29.50, 12.63
3.80, 7, white car, 621.10, 485.21, 652.39, 498.38, 636.74, 491.79, 621.10, 491.79, 652.39, 491.79, 31.29, 13.17
3.80, 4, white car, 28.92, 406.83, 58.19, 419.37, 43.56, 413.10, 28.92, 413.10, 58.19, 413.10, 29.27, 12.54
3.83, 7, white car, 618.72, 485.08, 649.78, 498.14, 634.25, 491.61, 618.72, 491.61, 649.78, 491.61, 31.05, 13.06
3.83, 4, white car, 26.88, 406.43, 56.26, 419.02, 41.57, 412.73, 26.88, 412.73, 56.26, 412.73, 29.38, 12.59
3.87, 7, white car, 615.97, 484.70, 647.15, 497.79, 631.56, 491.24, 615.97, 491.24, 647.15, 491.24, 31.18, 13.09
3.87, 4, white car, 24.98, 406.30, 54.00, 418.73, 39.49, 412.52, 24.98, 412.52, 54.00, 412.52, 29.02, 12.43
3.90, 7, white car, 613.07, 484.56, 644.52, 497.79, 628.79, 491.17, 613.07, 491.17, 644.52, 491.17, 31.45, 13.22
3.90, 4, white car, 22.60, 406.20, 51.80, 418.65, 37.20, 412.43, 22.60, 412.43, 51.80, 412.43, 29.20, 12.45
3.93, 7, white car, 610.73, 484.35, 641.92, 497.46, 626.33, 490.91, 610.73, 490.91, 641.92, 490.91, 31.19, 13.11
3.93, 4, white car, 20.09, 405.92, 49.84, 418.58, 34.97, 412.25, 20.09, 412.25, 49.84, 412.25, 29.75, 12.66
3.97, 7, white car, 608.36, 484.35, 639.40, 497.39, 623.88, 490.87, 608.36, 490.87, 639.40, 490.87, 31.04, 13.05
3.97, 4, white car, 18.06, 405.63, 47.76, 418.28, 32.91, 411.95, 18.06, 411.95, 47.76, 411.95, 29.71, 12.65
4.00, 7, white car, 605.86, 484.19, 636.56, 497.09, 621.21, 490.64, 605.86, 490.64, 636.56, 490.64, 30.70, 12.89
4.00, 4, white car, 16.31, 405.38, 45.58, 417.81, 30.94, 411.60, 16.31, 411.60, 45.58, 411.60, 29.27, 12.43
4.03, 7, white car, 603.43, 483.93, 633.81, 496.69, 618.62, 490.31, 603.43, 490.31, 633.81, 490.31, 30.38, 12.76
4.03, 4, white car, 14.22, 404.89, 43.87, 417.48, 29.04, 411.18, 14.22, 411.18, 43.87, 411.18, 29.65, 12.59
4.07, 7, white car, 600.94, 483.66, 631.35, 496.43, 616.15, 490.04, 600.94, 490.04, 631.35, 490.04, 30.41, 12.77
4.07, 4, white car, 12.30, 404.67, 42.50, 417.48, 27.40, 411.08, 12.30, 411.08, 42.50, 411.08, 30.20, 12.82
4.10, 7, white car, 598.04, 483.54, 628.72, 496.45, 613.38, 489.99, 598.04, 489.99, 628.72, 489.99, 30.68, 12.90
4.10, 4, white car, 10.58, 404.54, 40.38, 417.19, 25.48, 410.86, 10.58, 410.86, 40.38, 410.86, 29.80, 12.65
4.13, 7, white car, 595.31, 483.24, 626.19, 496.21, 610.75, 489.72, 595.31, 489.72, 626.19, 489.72, 30.88, 12.97
4.13, 4, white car, 7.35, 403.78, 38.06, 416.85, 22.71, 410.31, 7.35, 410.31, 38.06, 410.31, 30.71, 13.08
4.17, 7, white car, 592.90, 483.00, 623.79, 495.95, 608.34, 489.48, 592.90, 489.48, 623.79, 489.48, 30.89, 12.95
4.17, 4, white car, 4.43, 403.34, 35.84, 416.71, 20.13, 410.03, 4.43, 410.03, 35.84, 410.03, 31.41, 13.37
4.20, 7, white car, 590.48, 482.84, 621.53, 495.87, 606.00, 489.36, 590.48, 489.36, 621.53, 489.36, 31.05, 13.03
4.20, 4, white car, 2.28, 403.07, 33.96, 416.57, 18.12, 409.82, 2.28, 409.82, 33.96, 409.82, 31.67, 13.50
4.23, 7, white car, 587.81, 482.54, 618.82, 495.55, 603.31, 489.04, 587.81, 489.04, 618.82, 489.04, 31.01, 13.01
4.23, 4, white car, 1.15, 402.95, 32.36, 416.29, 16.75, 409.62, 1.15, 409.62, 32.36, 409.62, 31.21, 13.34
4.27, 7, white car, 585.01, 482.39, 616.48, 495.63, 600.74, 489.01, 585.01, 489.01, 616.48, 489.01, 31.47, 13.24
4.27, 4, white car, 0.08, 402.68, 30.28, 415.64, 15.18, 409.16, 0.08, 409.16, 30.28, 409.16, 30.20, 12.97
4.30, 7, white car, 582.26, 482.10, 614.14, 495.54, 598.20, 488.82, 582.26, 488.82, 614.14, 488.82, 31.88, 13.44
4.30, 4, white car, 0.00, 402.40, 28.56, 415.00, 14.28, 408.70, 0.00, 408.70, 28.56, 408.70, 28.56, 12.61
4.33, 7, white car, 580.02, 481.92, 610.98, 494.97, 595.50, 488.45, 580.02, 488.45, 610.98, 488.45, 30.95, 13.05
4.33, 4, white car, 0.00, 402.16, 26.79, 414.45, 13.40, 408.31, 0.00, 408.31, 26.79, 408.31, 26.79, 12.29
4.37, 7, white car, 577.81, 481.60, 608.59, 494.56, 593.20, 488.08, 577.81, 488.08, 608.59, 488.08, 30.78, 12.96
4.37, 4, white car, 0.00, 402.17, 25.11, 414.07, 12.55, 408.12, 0.00, 408.12, 25.11, 408.12, 25.11, 11.90
4.40, 7, white car, 575.38, 481.17, 606.33, 494.22, 590.86, 487.70, 575.38, 487.70, 606.33, 487.70, 30.95, 13.05
4.40, 4, white car, 0.00, 401.91, 24.16, 414.14, 12.08, 408.02, 0.00, 408.02, 24.16, 408.02, 24.16, 12.23
4.43, 7, white car, 572.62, 481.04, 603.67, 494.12, 588.15, 487.58, 572.62, 487.58, 603.67, 487.58, 31.05, 13.08
4.43, 4, white car, 0.00, 401.61, 23.11, 414.29, 11.55, 407.95, 0.00, 407.95, 23.11, 407.95, 23.11, 12.68
4.47, 7, white car, 570.06, 480.88, 601.07, 493.95, 585.56, 487.42, 570.06, 487.42, 601.07, 487.42, 31.01, 13.07
4.47, 4, white car, 0.00, 401.51, 21.72, 414.19, 10.86, 407.85, 0.00, 407.85, 21.72, 407.85, 21.72, 12.68
4.50, 7, white car, 567.63, 480.64, 598.50, 493.65, 583.07, 487.15, 567.63, 487.15, 598.50, 487.15, 30.87, 13.00
4.50, 4, white car, 0.00, 401.42, 20.35, 414.13, 10.17, 407.78, 0.00, 407.78, 20.35, 407.78, 20.35, 12.71
4.53, 7, white car, 565.23, 480.57, 596.07, 493.53, 580.65, 487.05, 565.23, 487.05, 596.07, 487.05, 30.84, 12.95
4.53, 4, white car, 0.00, 401.28, 19.19, 414.23, 9.60, 407.76, 0.00, 407.76, 19.19, 407.76, 19.19, 12.95
4.57, 7, white car, 562.84, 480.45, 593.90, 493.50, 578.37, 486.98, 562.84, 486.98, 593.90, 486.98, 31.06, 13.05
4.57, 4, white car, 0.00, 400.91, 17.66, 414.03, 8.83, 407.47, 0.00, 407.47, 17.66, 407.47, 17.66, 13.12
4.60, 7, white car, 560.07, 480.15, 591.50, 493.36, 575.78, 486.75, 560.07, 486.75, 591.50, 486.75, 31.43, 13.21
4.60, 4, white car, 0.00, 400.56, 16.69, 414.52, 8.34, 407.54, 0.00, 407.54, 16.69, 407.54, 16.69, 13.96
4.63, 7, white car, 557.07, 479.87, 589.29, 493.44, 573.18, 486.65, 557.07, 486.65, 589.29, 486.65, 32.22, 13.57
4.67, 7, white car, 554.42, 479.80, 586.44, 493.32, 570.43, 486.56, 554.42, 486.56, 586.44, 486.56, 32.02, 13.52
4.70, 7, white car, 551.51, 479.40, 584.02, 493.13, 567.77, 486.26, 551.51, 486.26, 584.02, 486.26, 32.51, 13.73
4.73, 7, white car, 549.11, 479.02, 581.08, 492.53, 565.09, 485.78, 549.11, 485.78, 581.08, 485.78, 31.97, 13.51
4.77, 7, white car, 547.27, 478.81, 578.36, 491.94, 562.82, 485.38, 547.27, 485.38, 578.36, 485.38, 31.09, 13.13
4.80, 7, white car, 544.68, 478.65, 575.89, 491.81, 560.28, 485.23, 544.68, 485.23, 575.89, 485.23, 31.20, 13.16
4.83, 7, white car, 542.03, 478.39, 573.55, 491.68, 557.79, 485.03, 542.03, 485.03, 573.55, 485.03, 31.52, 13.29
4.87, 7, white car, 539.22, 478.16, 571.47, 491.77, 555.35, 484.96, 539.22, 484.96, 571.47, 484.96, 32.25, 13.61
4.90, 7, white car, 536.63, 478.08, 569.04, 491.76, 552.83, 484.92, 536.63, 484.92, 569.04, 484.92, 32.42, 13.67
4.93, 7, white car, 534.43, 477.93, 566.59, 491.49, 550.51, 484.71, 534.43, 484.71, 566.59, 484.71, 32.16, 13.57
4.97, 7, white car, 531.79, 477.64, 564.28, 491.35, 548.03, 484.49, 531.79, 484.49, 564.28, 484.49, 32.48, 13.71
5.20, 7, white car, 514.10, 475.78, 546.20, 489.32, 530.15, 482.55, 514.10, 482.55, 546.20, 482.55, 32.10, 13.53
5.23, 7, white car, 511.72, 475.76, 543.55, 489.16, 527.64, 482.46, 511.72, 482.46, 543.55, 482.46, 31.83, 13.40
5.27, 7, white car, 509.30, 475.72, 540.99, 489.02, 525.15, 482.37, 509.30, 482.37, 540.99, 482.37, 31.70, 13.30
5.30, 7, white car, 506.67, 475.52, 538.52, 488.87, 522.59, 482.19, 506.67, 482.19, 538.52, 482.19, 31.84, 13.35
5.33, 7, white car, 504.26, 475.20, 536.47, 488.70, 520.36, 481.95, 504.26, 481.95, 536.47, 481.95, 32.21, 13.50
5.37, 7, white car, 501.76, 475.03, 534.05, 488.57, 517.91, 481.80, 501.76, 481.80, 534.05, 481.80, 32.29, 13.54
5.40, 7, white car, 499.18, 474.66, 531.79, 488.36, 515.48, 481.51, 499.18, 481.51, 531.79, 481.51, 32.61, 13.70
5.43, 7, white car, 496.28, 474.24, 529.36, 488.19, 512.82, 481.22, 496.28, 481.22, 529.36, 481.22, 33.09, 13.95
5.47, 7, white car, 493.64, 473.85, 526.85, 487.90, 510.24, 480.88, 493.64, 480.88, 526.85, 480.88, 33.21, 14.05
5.50, 7, white car, 491.34, 473.57, 524.70, 487.74, 508.02, 480.65, 491.34, 480.65, 524.70, 480.65, 33.36, 14.17
5.53, 7, white car, 489.01, 473.29, 522.00, 487.32, 505.50, 480.30, 489.01, 480.30, 522.00, 480.30, 32.99, 14.03
5.57, 7, white car, 486.72, 473.07, 519.57, 487.08, 503.14, 480.07, 486.72, 480.07, 519.57, 480.07, 32.85, 14.01
6.03, 40, white car, 1430.93, 532.45, 1459.50, 544.37, 1445.21, 538.41, 1430.93, 538.41, 1459.50, 538.41, 28.57, 11.92
6.07, 40, white car, 1427.88, 532.22, 1457.06, 544.30, 1442.47, 538.26, 1427.88, 538.26, 1457.06, 538.26, 29.17, 12.08
6.10, 40, white car, 1424.66, 532.21, 1454.03, 544.35, 1439.34, 538.28, 1424.66, 538.28, 1454.03, 538.28, 29.37, 12.14
6.13, 40, white car, 1421.26, 532.25, 1450.31, 544.25, 1435.79, 538.25, 1421.26, 538.25, 1450.31, 538.25, 29.06, 12.00
6.17, 40, white car, 1418.01, 532.28, 1447.14, 544.33, 1432.57, 538.30, 1418.01, 538.30, 1447.14, 538.30, 29.13, 12.05
6.20, 40, white car, 1414.92, 531.84, 1444.29, 544.01, 1429.60, 537.92, 1414.92, 537.92, 1444.29, 537.92, 29.37, 12.17
6.23, 40, white car, 1411.55, 531.66, 1441.08, 543.93, 1426.31, 537.80, 1411.55, 537.80, 1441.08, 537.80, 29.52, 12.28
6.27, 40, white car, 1408.50, 531.68, 1437.62, 543.79, 1423.06, 537.74, 1408.50, 537.74, 1437.62, 537.74, 29.11, 12.12
6.30, 40, white car, 1404.96, 531.47, 1434.27, 543.70, 1419.62, 537.58, 1404.96, 537.58, 1434.27, 537.58, 29.31, 12.23
6.33, 40, white car, 1401.63, 531.12, 1430.85, 543.32, 1416.24, 537.22, 1401.63, 537.22, 1430.85, 537.22, 29.22, 12.20
6.37, 40, white car, 1398.44, 530.84, 1428.06, 543.22, 1413.25, 537.03, 1398.44, 537.03, 1428.06, 537.03, 29.62, 12.38
6.40, 40, white car, 1395.49, 530.75, 1424.60, 542.94, 1410.04, 536.84, 1395.49, 536.84, 1424.60, 536.84, 29.11, 12.19
6.43, 40, white car, 1392.42, 530.69, 1421.38, 542.82, 1406.90, 536.76, 1392.42, 536.76, 1421.38, 536.76, 28.96, 12.13
6.47, 40, white car, 1389.15, 530.59, 1418.12, 542.76, 1403.64, 536.68, 1389.15, 536.68, 1418.12, 536.68, 28.97, 12.16
6.50, 40, white car, 1385.80, 530.41, 1414.88, 542.61, 1400.34, 536.51, 1385.80, 536.51, 1414.88, 536.51, 29.08, 12.20
6.53, 40, white car, 1382.32, 530.25, 1411.44, 542.49, 1396.88, 536.37, 1382.32, 536.37, 1411.44, 536.37, 29.11, 12.24
6.57, 40, white car, 1379.17, 530.21, 1408.33, 542.51, 1393.75, 536.36, 1379.17, 536.36, 1408.33, 536.36, 29.16, 12.30
6.60, 40, white car, 1375.79, 530.09, 1405.04, 542.43, 1390.42, 536.26, 1375.79, 536.26, 1405.04, 536.26, 29.24, 12.33
6.63, 40, white car, 1372.98, 530.14, 1401.79, 542.26, 1387.39, 536.20, 1372.98, 536.20, 1401.79, 536.20, 28.82, 12.12
6.67, 40, white car, 1369.96, 529.97, 1398.50, 541.97, 1384.23, 535.97, 1369.96, 535.97, 1398.50, 535.97, 28.54, 12.00
6.70, 40, white car, 1366.90, 529.93, 1395.40, 541.91, 1381.15, 535.92, 1366.90, 535.92, 1395.40, 535.92, 28.50, 11.98
6.73, 40, white car, 1363.45, 529.86, 1391.92, 541.83, 1377.69, 535.85, 1363.45, 535.85, 1391.92, 535.85, 28.47, 11.97
6.77, 40, white car, 1360.12, 529.72, 1388.89, 541.83, 1374.50, 535.78, 1360.12, 535.78, 1388.89, 535.78, 28.78, 12.11
6.80, 40, white car, 1356.99, 529.50, 1385.66, 541.57, 1371.32, 535.54, 1356.99, 535.54, 1385.66, 535.54, 28.67, 12.07
6.83, 40, white car, 1353.98, 529.49, 1382.47, 541.52, 1368.22, 535.51, 1353.98, 535.51, 1382.47, 535.51, 28.49, 12.03
6.87, 40, white car, 1350.60, 529.13, 1379.16, 541.18, 1364.88, 535.16, 1350.60, 535.16, 1379.16, 535.16, 28.56, 12.06
6.90, 40, white car, 1346.93, 528.89, 1376.04, 541.18, 1361.48, 535.04, 1346.93, 535.04, 1376.04, 535.04, 29.11, 12.29
6.93, 40, white car, 1343.70, 528.84, 1372.66, 541.07, 1358.18, 534.96, 1343.70, 534.96, 1372.66, 534.96, 28.96, 12.23
6.97, 40, white car, 1340.56, 528.73, 1369.47, 540.93, 1355.02, 534.83, 1340.56, 534.83, 1369.47, 534.83, 28.91, 12.21
7.00, 40, white car, 1337.44, 528.66, 1366.26, 540.85, 1351.85, 534.75, 1337.44, 534.75, 1366.26, 534.75, 28.81, 12.19
7.03, 40, white car, 1334.11, 528.52, 1363.03, 540.79, 1348.57, 534.65, 1334.11, 534.65, 1363.03, 534.65, 28.92, 12.26
7.07, 40, white car, 1331.05, 528.43, 1359.85, 540.67, 1345.45, 534.55, 1331.05, 534.55, 1359.85, 534.55, 28.81, 12.24
7.10, 40, white car, 1327.78, 528.45, 1356.24, 540.54, 1342.01, 534.50, 1327.78, 534.50, 1356.24, 534.50, 28.46, 12.09
7.13, 40, white car, 1324.34, 528.09, 1353.04, 540.32, 1338.69, 534.21, 1324.34, 534.21, 1353.04, 534.21, 28.71, 12.22
7.17, 40, white car, 1320.81, 527.58, 1349.80, 539.94, 1335.31, 533.76, 1320.81, 533.76, 1349.80, 533.76, 28.98, 12.36
7.20, 40, white car, 1317.58, 527.20, 1346.89, 539.73, 1332.23, 533.47, 1317.58, 533.47, 1346.89, 533.47, 29.31, 12.53
7.23, 40, white car, 1314.69, 527.28, 1343.45, 539.59, 1329.07, 533.44, 1314.69, 533.44, 1343.45, 533.44, 28.75, 12.31
7.27, 40, white car, 1311.71, 527.29, 1340.19, 539.49, 1325.95, 533.39, 1311.71, 533.39, 1340.19, 533.39, 28.49, 12.20
7.30, 40, white car, 1308.53, 527.02, 1336.75, 539.09, 1322.64, 533.06, 1308.53, 533.06, 1336.75, 533.06, 28.22, 12.07
7.33, 40, white car, 1305.17, 526.85, 1333.79, 539.11, 1319.48, 532.98, 1305.17, 532.98, 1333.79, 532.98, 28.62, 12.26
7.37, 40, white car, 1301.95, 526.82, 1330.52, 539.06, 1316.24, 532.94, 1301.95, 532.94, 1330.52, 532.94, 28.57, 12.24
7.40, 40, white car, 1298.61, 526.73, 1326.98, 538.86, 1312.79, 532.80, 1298.61, 532.80, 1326.98, 532.80, 28.37, 12.13
7.43, 40, white car, 1295.49, 526.67, 1323.48, 538.61, 1309.48, 532.64, 1295.49, 532.64, 1323.48, 532.64, 28.00, 11.95
7.47, 40, white car, 1291.97, 526.61, 1320.43, 538.76, 1306.20, 532.68, 1291.97, 532.68, 1320.43, 532.68, 28.46, 12.15
7.50, 40, white car, 1288.71, 526.41, 1317.44, 538.69, 1303.07, 532.55, 1288.71, 532.55, 1317.44, 532.55, 28.73, 12.28
7.53, 40, white car, 1285.23, 526.31, 1314.21, 538.70, 1299.72, 532.50, 1285.23, 532.50, 1314.21, 532.50, 28.98, 12.40
7.57, 40, white car, 1282.23, 526.06, 1311.17, 538.48, 1296.70, 532.27, 1282.23, 532.27, 1311.17, 532.27, 28.94, 12.42
7.60, 40, white car, 1278.93, 525.83, 1307.63, 538.14, 1293.28, 531.98, 1278.93, 531.98, 1307.63, 531.98, 28.71, 12.32
7.63, 40, white car, 1275.98, 525.60, 1304.49, 537.85, 1290.24, 531.73, 1275.98, 531.73, 1304.49, 531.73, 28.51, 12.25
7.67, 40, white car, 1273.09, 525.46, 1301.28, 537.58, 1287.19, 531.52, 1273.09, 531.52, 1301.28, 531.52, 28.19, 12.12
7.70, 40, white car, 1270.05, 525.19, 1297.94, 537.17, 1283.99, 531.18, 1270.05, 531.18, 1297.94, 531.18, 27.89, 11.98
7.73, 40, white car, 1266.78, 525.03, 1294.51, 536.91, 1280.64, 530.97, 1266.78, 530.97, 1294.51, 530.97, 27.73, 11.88
7.77, 40, white car, 1263.37, 525.12, 1291.14, 536.99, 1277.25, 531.05, 1263.37, 531.05, 1291.14, 531.05, 27.76, 11.88
7.80, 40, white car, 1260.02, 524.88, 1287.85, 536.77, 1273.93, 530.83, 1260.02, 530.83, 1287.85, 530.83, 27.83, 11.90
7.83, 40, white car, 1256.74, 524.78, 1284.61, 536.66, 1270.68, 530.72, 1256.74, 530.72, 1284.61, 530.72, 27.87, 11.88
7.87, 40, white car, 1253.15, 524.57, 1281.01, 536.43, 1267.08, 530.50, 1253.15, 530.50, 1281.01, 530.50, 27.86, 11.85
7.90, 40, white car, 1249.73, 524.41, 1277.96, 536.42, 1263.85, 530.41, 1249.73, 530.41, 1277.96, 530.41, 28.22, 12.01
7.93, 40, white car, 1246.54, 524.27, 1274.88, 536.33, 1260.71, 530.30, 1246.54, 530.30, 1274.88, 530.30, 28.34, 12.06
7.97, 40, white car, 1242.97, 524.25, 1271.19, 536.28, 1257.08, 530.27, 1242.97, 530.27, 1271.19, 530.27, 28.22, 12.03
8.00, 40, white car, 1239.70, 523.89, 1267.86, 535.91, 1253.78, 529.90, 1239.70, 529.90, 1267.86, 529.90, 28.16, 12.02
8.03, 40, white car, 1236.51, 523.72, 1264.75, 535.76, 1250.63, 529.74, 1236.51, 529.74, 1264.75, 529.74, 28.25, 12.04
8.07, 40, white car, 1233.17, 523.59, 1261.70, 535.73, 1247.44, 529.66, 1233.17, 529.66, 1261.70, 529.66, 28.53, 12.14
8.10, 40, white car, 1229.92, 523.46, 1257.92, 535.35, 1243.92, 529.41, 1229.92, 529.41, 1257.92, 529.41, 28.00, 11.89
8.13, 40, white car, 1227.03, 523.01, 1255.13, 534.97, 1241.08, 528.99, 1227.03, 528.99, 1255.13, 528.99, 28.10, 11.95
8.17, 40, white car, 1223.68, 523.03, 1251.81, 534.97, 1237.75, 529.00, 1223.68, 529.00, 1251.81, 529.00, 28.14, 11.93
8.20, 40, white car, 1220.11, 523.15, 1248.26, 535.07, 1234.18, 529.11, 1220.11, 529.11, 1248.26, 529.11, 28.15, 11.93
8.23, 40, white car, 1217.09, 523.11, 1244.69, 534.78, 1230.89, 528.94, 1217.09, 528.94, 1244.69, 528.94, 27.60, 11.66
8.27, 40, white car, 1214.03, 522.75, 1241.45, 534.30, 1227.74, 528.52, 1214.03, 528.52, 1241.45, 528.52, 27.42, 11.54
8.30, 40, white car, 1210.56, 522.47, 1238.21, 534.07, 1224.39, 528.27, 1210.56, 528.27, 1238.21, 528.27, 27.65, 11.61
8.33, 40, white car, 1206.70, 522.20, 1234.96, 534.05, 1220.83, 528.13, 1206.70, 528.13, 1234.96, 528.13, 28.26, 11.85
8.37, 40, white car, 1203.54, 522.39, 1231.28, 533.98, 1217.41, 528.19, 1203.54, 528.19, 1231.28, 528.19, 27.74, 11.59
8.40, 40, white car, 1200.22, 521.95, 1228.63, 533.81, 1214.42, 527.88, 1200.22, 527.88, 1228.63, 527.88, 28.41, 11.86
8.43, 40, white car, 1197.17, 521.64, 1225.38, 533.44, 1211.27, 527.54, 1197.17, 527.54, 1225.38, 527.54, 28.22, 11.80
8.47, 40, white car, 1193.91, 521.64, 1222.01, 533.39, 1207.96, 527.52, 1193.91, 527.52, 1222.01, 527.52, 28.11, 11.75
8.50, 40, white car, 1190.56, 521.53, 1218.57, 533.24, 1204.56, 527.38, 1190.56, 527.38, 1218.57, 527.38, 28.01, 11.71
8.53, 40, white car, 1187.68, 521.71, 1215.07, 533.15, 1201.38, 527.43, 1187.68, 527.43, 1215.07, 527.43, 27.39, 11.44
8.57, 40, white car, 1184.46, 521.69, 1211.56, 533.01, 1198.01, 527.35, 1184.46, 527.35, 1211.56, 527.35, 27.10, 11.32
8.60, 40, white car, 1180.75, 521.51, 1208.21, 532.98, 1194.48, 527.25, 1180.75, 527.25, 1208.21, 527.25, 27.46, 11.46
8.63, 40, white car, 1177.29, 521.35, 1205.17, 532.97, 1191.23, 527.16, 1177.29, 527.16, 1205.17, 527.16, 27.88, 11.61
8.67, 40, white car, 1174.14, 521.27, 1202.17, 532.93, 1188.15, 527.10, 1174.14, 527.10, 1202.17, 527.10, 28.03, 11.66
8.70, 40, white car, 1170.93, 520.87, 1198.82, 532.47, 1184.88, 526.67, 1170.93, 526.67, 1198.82, 526.67, 27.89, 11.60
8.73, 40, white car, 1167.74, 520.67, 1195.37, 532.14, 1181.56, 526.40, 1167.74, 526.40, 1195.37, 526.40, 27.63, 11.47
8.77, 40, white car, 1164.21, 520.45, 1192.02, 531.98, 1178.11, 526.22, 1164.21, 526.22, 1192.02, 526.22, 27.82, 11.53
8.80, 40, white car, 1160.85, 520.38, 1188.65, 531.87, 1174.75, 526.12, 1160.85, 526.12, 1188.65, 526.12, 27.80, 11.49
8.83, 40, white car, 1157.72, 520.23, 1185.32, 531.62, 1171.52, 525.92, 1157.72, 525.92, 1185.32, 525.92, 27.60, 11.39
8.87, 40, white car, 1154.25, 520.06, 1181.73, 531.38, 1167.99, 525.72, 1154.25, 525.72, 1181.73, 525.72, 27.48, 11.33
8.90, 40, white car, 1150.90, 520.00, 1178.37, 531.31, 1164.64, 525.66, 1150.90, 525.66, 1178.37, 525.66, 27.47, 11.31
8.93, 40, white car, 1147.71, 519.89, 1175.19, 531.17, 1161.45, 525.53, 1147.71, 525.53, 1175.19, 525.53, 27.48, 11.29
9.00, 40, white car, 1141.50, 519.37, 1168.81, 530.60, 1155.16, 524.98, 1141.50, 524.98, 1168.81, 524.98, 27.31, 11.22
9.03, 40, white car, 1137.68, 518.99, 1165.16, 530.27, 1151.42, 524.63, 1137.68, 524.63, 1165.16, 524.63, 27.48, 11.28
9.07, 40, white car, 1134.68, 518.85, 1162.09, 530.07, 1148.39, 524.46, 1134.68, 524.46, 1162.09, 524.46, 27.41, 11.23
9.10, 40, white car, 1131.55, 518.76, 1158.56, 529.78, 1145.06, 524.27, 1131.55, 524.27, 1158.56, 524.27, 27.00, 11.03
9.13, 40, white car, 1128.21, 518.73, 1155.00, 529.63, 1141.61, 524.18, 1128.21, 524.18, 1155.00, 524.18, 26.79, 10.90
9.17, 40, white car, 1124.84, 518.52, 1151.91, 529.54, 1138.37, 524.03, 1124.84, 524.03, 1151.91, 524.03, 27.07, 11.02
9.20, 40, white car, 1121.10, 518.50, 1148.26, 529.53, 1134.68, 524.01, 1121.10, 524.01, 1148.26, 524.01, 27.16, 11.03
9.23, 40, white car, 1117.58, 518.37, 1145.00, 529.50, 1131.29, 523.94, 1117.58, 523.94, 1145.00, 523.94, 27.42, 11.13
9.27, 40, white car, 1114.11, 518.27, 1141.75, 529.51, 1127.93, 523.89, 1114.11, 523.89, 1141.75, 523.89, 27.64, 11.24
9.30, 40, white car, 1110.51, 518.13, 1138.72, 529.66, 1124.61, 523.89, 1110.51, 523.89, 1138.72, 523.89, 28.21, 11.53
9.33, 40, white car, 1107.18, 517.65, 1135.57, 529.27, 1121.37, 523.46, 1107.18, 523.46, 1135.57, 523.46, 28.39, 11.63
9.37, 40, white car, 1103.94, 517.16, 1132.83, 529.04, 1118.39, 523.10, 1103.94, 523.10, 1132.83, 523.10, 28.89, 11.88
9.40, 40, white car, 1100.88, 517.16, 1129.57, 528.96, 1115.22, 523.06, 1100.88, 523.06, 1129.57, 523.06, 28.69, 11.80
9.43, 40, white car, 1097.86, 517.31, 1125.85, 528.80, 1111.86, 523.06, 1097.86, 523.06, 1125.85, 523.06, 27.99, 11.50
9.47, 40, white car, 1094.40, 516.87, 1122.85, 528.61, 1108.62, 522.74, 1094.40, 522.74, 1122.85, 522.74, 28.44, 11.73
9.50, 40, white car, 1091.38, 516.61, 1119.30, 528.14, 1105.34, 522.38, 1091.38, 522.38, 1119.30, 522.38, 27.92, 11.53
9.53, 40, white car, 1088.53, 516.51, 1115.98, 527.84, 1102.26, 522.17, 1088.53, 522.17, 1115.98, 522.17, 27.45, 11.32
9.57, 40, white car, 1085.32, 516.31, 1112.90, 527.69, 1099.11, 522.00, 1085.32, 522.00, 1112.90, 522.00, 27.58, 11.38
9.60, 40, white car, 1081.81, 516.12, 1109.35, 527.51, 1095.58, 521.82, 1081.81, 521.82, 1109.35, 521.82, 27.54, 11.39
9.63, 40, white car, 1078.39, 516.00, 1105.88, 527.37, 1092.13, 521.69, 1078.39, 521.69, 1105.88, 521.69, 27.49, 11.37
9.67, 40, white car, 1075.16, 515.76, 1102.52, 527.11, 1088.84, 521.44, 1075.16, 521.44, 1102.52, 521.44, 27.37, 11.35
9.70, 40, white car, 1071.95, 515.68, 1099.56, 527.15, 1085.76, 521.41, 1071.95, 521.41, 1099.56, 521.41, 27.62, 11.47
9.73, 40, white car, 1068.48, 515.60, 1096.24, 527.13, 1082.36, 521.36, 1068.48, 521.36, 1096.24, 521.36, 27.75, 11.53
9.77, 40, white car, 1065.04, 515.37, 1093.03, 527.00, 1079.04, 521.18, 1065.04, 521.18, 1093.03, 521.18, 27.98, 11.63
9.80, 40, white car, 1062.01, 515.21, 1089.17, 526.49, 1075.59, 520.85, 1062.01, 520.85, 1089.17, 520.85, 27.16, 11.29
9.83, 40, white car, 1059.20, 515.24, 1085.67, 526.22, 1072.44, 520.73, 1059.20, 520.73, 1085.67, 520.73, 26.47, 10.98
9.87, 40, white car, 1055.81, 515.01, 1082.42, 526.04, 1069.12, 520.52, 1055.81, 520.52, 1082.42, 520.52, 26.60, 11.03
9.90, 40, white car, 1052.71, 514.72, 1079.72, 525.91, 1066.22, 520.31, 1052.71, 520.31, 1079.72, 520.31, 27.01, 11.19
9.93, 40, white car, 1049.46, 514.55, 1076.68, 525.82, 1063.07, 520.19, 1049.46, 520.19, 1076.68, 520.19, 27.22, 11.27
9.97, 40, white car, 1046.08, 514.43, 1073.08, 525.57, 1059.58, 520.00, 1046.08, 520.00, 1073.08, 520.00, 27.00, 11.15
