0.00, 26, white car, 1182.02, 556.27, 1214.69, 569.96, 1198.35, 563.11, 1182.02, 563.11, 1214.69, 563.11, 32.67, 13.69
0.03, 26, white car, 1179.05, 555.98, 1212.48, 569.99, 1195.76, 562.99, 1179.05, 562.99, 1212.48, 562.99, 33.43, 14.01
0.07, 26, white car, 1176.18, 555.80, 1209.81, 569.90, 1192.99, 562.85, 1176.18, 562.85, 1209.81, 562.85, 33.63, 14.10
0.10, 26, white car, 1173.92, 556.07, 1206.72, 569.81, 1190.32, 562.94, 1173.92, 562.94, 1206.72, 562.94, 32.80, 13.74
0.13, 26, white car, 1170.87, 556.10, 1204.19, 570.04, 1187.53, 563.07, 1170.87, 563.07, 1204.19, 563.07, 33.32, 13.94
0.17, 26, white car, 1167.97, 556.08, 1201.18, 569.97, 1184.57, 563.03, 1167.97, 563.03, 1201.18, 563.03, 33.21, 13.89
0.20, 26, white car, 1164.93, 555.61, 1198.87, 569.82, 1181.90, 562.71, 1164.93, 562.71, 1198.87, 562.71, 33.94, 14.21
0.23, 26, white car, 1161.99, 555.37, 1196.29, 569.75, 1179.14, 562.56, 1161.99, 562.56, 1196.29, 562.56, 34.31, 14.39
0.27, 26, white car, 1159.13, 555.18, 1193.85, 569.74, 1176.49, 562.46, 1159.13, 562.46, 1193.85, 562.46, 34.72, 14.56
0.30, 26, white car, 1156.35, 555.11, 1191.05, 569.67, 1173.70, 562.39, 1156.35, 562.39, 1191.05, 562.39, 34.70, 14.55
0.33, 26, white car, 1153.93, 555.23, 1188.10, 569.56, 1171.01, 562.40, 1153.93, 562.40, 1188.10, 562.40, 34.17, 14.33
0.37, 26, white car, 1151.33, 555.10, 1185.06, 569.24, 1168.20, 562.17, 1151.33, 562.17, 1185.06, 562.17, 33.73, 14.14
0.40, 26, white car, 1148.37, 554.95, 1181.96, 569.04, 1165.16, 562.00, 1148.37, 562.00, 1181.96, 562.00, 33.58, 14.08
0.43, 26, white car, 1145.71, 554.92, 1179.33, 569.01, 1162.52, 561.96, 1145.71, 561.96, 1179.33, 561.96, 33.62, 14.10
0.47, 26, white car, 1143.06, 554.96, 1176.28, 568.88, 1159.67, 561.92, 1143.06, 561.92, 1176.28, 561.92, 33.22, 13.92
0.50, 26, white car, 1140.95, 555.25, 1173.49, 568.87, 1157.22, 562.06, 1140.95, 562.06, 1173.49, 562.06, 32.54, 13.62
0.53, 26, white car, 1138.26, 555.21, 1170.75, 568.77, 1154.50, 561.99, 1138.26, 561.99, 1170.75, 561.99, 32.49, 13.56
0.57, 26, white car, 1135.33, 555.07, 1168.20, 568.78, 1151.76, 561.92, 1135.33, 561.92, 1168.20, 561.92, 32.87, 13.71
0.60, 26, white car, 1132.27, 555.01, 1165.52, 568.89, 1148.90, 561.95, 1132.27, 561.95, 1165.52, 561.95, 33.24, 13.88
0.63, 26, white car, 1129.92, 555.05, 1162.88, 568.80, 1146.40, 561.93, 1129.92, 561.93, 1162.88, 561.93, 32.95, 13.75
0.67, 26, white car, 1127.38, 555.20, 1159.68, 568.66, 1143.53, 561.93, 1127.38, 561.93, 1159.68, 561.93, 32.30, 13.46
0.73, 26, white car, 1121.97, 555.04, 1154.69, 568.69, 1138.33, 561.86, 1121.97, 561.86, 1154.69, 561.86, 32.72, 13.65
0.77, 26, white car, 1118.69, 554.95, 1151.59, 568.65, 1135.14, 561.80, 1118.69, 561.80, 1151.59, 561.80, 32.90, 13.70
0.80, 26, white car, 1116.47, 555.02, 1149.09, 568.58, 1132.78, 561.80, 1116.47, 561.80, 1149.09, 561.80, 32.62, 13.57
0.83, 26, white car, 1113.46, 554.97, 1146.11, 568.56, 1129.79, 561.76, 1113.46, 561.76, 1146.11, 561.76, 32.66, 13.59
0.90, 26, white car, 1108.09, 554.74, 1141.20, 568.54, 1124.64, 561.64, 1108.09, 561.64, 1141.20, 561.64, 33.11, 13.81
0.93, 26, white car, 1105.05, 554.60, 1138.39, 568.52, 1121.72, 561.56, 1105.05, 561.56, 1138.39, 561.56, 33.34, 13.92
0.97, 26, white car, 1102.63, 554.58, 1135.54, 568.34, 1119.08, 561.46, 1102.63, 561.46, 1135.54, 561.46, 32.91, 13.76
1.00, 26, white car, 1100.13, 554.65, 1132.64, 568.24, 1116.39, 561.44, 1100.13, 561.44, 1132.64, 561.44, 32.50, 13.59
1.03, 26, white car, 1097.88, 554.66, 1130.00, 568.10, 1113.94, 561.38, 1097.88, 561.38, 1130.00, 561.38, 32.12, 13.44
1.07, 26, white car, 1095.04, 554.46, 1127.61, 568.10, 1111.33, 561.28, 1095.04, 561.28, 1127.61, 561.28, 32.57, 13.64
1.10, 26, white car, 1092.04, 554.40, 1124.70, 568.09, 1108.37, 561.25, 1092.04, 561.25, 1124.70, 561.25, 32.66, 13.69
1.13, 26, white car, 1089.43, 554.43, 1121.30, 567.76, 1105.37, 561.10, 1089.43, 561.10, 1121.30, 561.10, 31.87, 13.33
1.17, 26, white car, 1086.79, 554.54, 1118.37, 567.72, 1102.58, 561.13, 1086.79, 561.13, 1118.37, 561.13, 31.59, 13.18
1.20, 26, white car, 1084.02, 554.46, 1115.88, 567.73, 1099.95, 561.10, 1084.02, 561.10, 1115.88, 561.10, 31.86, 13.27
1.23, 26, white car, 1081.49, 554.32, 1113.54, 567.66, 1097.52, 560.99, 1081.49, 560.99, 1113.54, 560.99, 32.05, 13.34
1.27, 26, white car, 1078.32, 554.23, 1110.78, 567.76, 1094.55, 560.99, 1078.32, 560.99, 1110.78, 560.99, 32.46, 13.53
1.30, 26, white car, 1075.93, 554.09, 1107.78, 567.33, 1091.86, 560.71, 1075.93, 560.71, 1107.78, 560.71, 31.84, 13.24
1.33, 26, white car, 1073.38, 554.23, 1104.90, 567.31, 1089.14, 560.77, 1073.38, 560.77, 1104.90, 560.77, 31.52, 13.08
1.37, 26, white car, 1070.76, 554.05, 1102.65, 567.26, 1086.71, 560.66, 1070.76, 560.66, 1102.65, 560.66, 31.89, 13.21
1.40, 26, white car, 1067.97, 553.93, 1099.97, 567.21, 1083.97, 560.57, 1067.97, 560.57, 1099.97, 560.57, 32.00, 13.28
1.43, 26, white car, 1064.67, 553.80, 1097.32, 567.37, 1080.99, 560.58, 1064.67, 560.58, 1097.32, 560.58, 32.64, 13.57
1.47, 26, white car, 1061.89, 553.67, 1094.53, 567.27, 1078.21, 560.47, 1061.89, 560.47, 1094.53, 560.47, 32.63, 13.60
1.50, 26, white car, 1059.72, 553.76, 1091.40, 566.90, 1075.56, 560.33, 1059.72, 560.33, 1091.40, 560.33, 31.68, 13.14
1.53, 26, white car, 1057.42, 553.49, 1088.94, 566.53, 1073.18, 560.01, 1057.42, 560.01, 1088.94, 560.01, 31.52, 13.04
1.57, 26, white car, 1054.37, 553.45, 1086.30, 566.67, 1070.34, 560.06, 1054.37, 560.06, 1086.30, 560.06, 31.93, 13.22
1.60, 26, white car, 1051.70, 553.39, 1084.01, 566.77, 1067.86, 560.08, 1051.70, 560.08, 1084.01, 560.08, 32.31, 13.38
1.63, 26, white car, 1048.43, 553.30, 1081.03, 566.82, 1064.73, 560.06, 1048.43, 560.06, 1081.03, 560.06, 32.60, 13.53
1.67, 26, white car, 1046.30, 553.33, 1078.49, 566.62, 1062.40, 559.98, 1046.30, 559.98, 1078.49, 559.98, 32.19, 13.30
1.70, 26, white car, 1043.59, 553.33, 1075.63, 566.54, 1059.61, 559.94, 1043.59, 559.94, 1075.63, 559.94, 32.04, 13.21
1.73, 26, white car, 1040.93, 553.08, 1073.19, 566.37, 1057.06, 559.73, 1040.93, 559.73, 1073.19, 559.73, 32.26, 13.29
1.77, 26, white car, 1038.13, 552.93, 1070.28, 566.20, 1054.21, 559.56, 1038.13, 559.56, 1070.28, 559.56, 32.14, 13.26
1.80, 26, white car, 1035.15, 552.87, 1067.43, 566.24, 1051.29, 559.55, 1035.15, 559.55, 1067.43, 559.55, 32.28, 13.37
1.83, 26, white car, 1032.91, 552.80, 1064.34, 565.79, 1048.63, 559.29, 1032.91, 559.29, 1064.34, 559.29, 31.43, 12.99
1.87, 26, white car, 1030.50, 552.67, 1061.84, 565.60, 1046.17, 559.14, 1030.50, 559.14, 1061.84, 559.14, 31.34, 12.93
1.90, 26, white car, 1027.79, 552.50, 1059.08, 565.36, 1043.43, 558.93, 1027.79, 558.93, 1059.08, 558.93, 31.28, 12.86
1.93, 26, white car, 1024.97, 552.30, 1055.95, 565.00, 1040.46, 558.65, 1024.97, 558.65, 1055.95, 558.65, 30.98, 12.71
1.97, 26, white car, 1022.14, 552.23, 1053.18, 564.97, 1037.66, 558.60, 1022.14, 558.60, 1053.18, 558.60, 31.04, 12.74
2.00, 26, white car, 1019.49, 552.13, 1050.60, 564.91, 1035.05, 558.52, 1019.49, 558.52, 1050.60, 558.52, 31.12, 12.78
2.03, 26, white car, 1016.99, 551.94, 1048.43, 564.84, 1032.71, 558.39, 1016.99, 558.39, 1048.43, 558.39, 31.44, 12.90
2.07, 26, white car, 1014.07, 551.69, 1045.76, 564.68, 1029.92, 558.19, 1014.07, 558.19, 1045.76, 558.19, 31.69, 12.99
2.10, 26, white car, 1011.21, 551.49, 1042.97, 564.50, 1027.09, 558.00, 1011.21, 558.00, 1042.97, 558.00, 31.75, 13.01
2.13, 26, white car, 1008.04, 551.51, 1040.17, 564.68, 1024.10, 558.09, 1008.04, 558.09, 1040.17, 558.09, 32.13, 13.18
2.17, 26, white car, 1005.36, 551.53, 1037.65, 564.77, 1021.51, 558.15, 1005.36, 558.15, 1037.65, 558.15, 32.29, 13.24
2.20, 26, white car, 1002.99, 551.39, 1035.08, 564.55, 1019.03, 557.97, 1002.99, 557.97, 1035.08, 557.97, 32.09, 13.16
2.23, 26, white car, 1000.53, 551.41, 1032.47, 564.49, 1016.50, 557.95, 1000.53, 557.95, 1032.47, 557.95, 31.94, 13.09
2.27, 26, white car, 997.90, 551.22, 1029.05, 563.93, 1013.47, 557.57, 997.90, 557.57, 1029.05, 557.57, 31.15, 12.70
2.30, 26, white car, 994.84, 551.30, 1026.20, 564.09, 1010.52, 557.70, 994.84, 557.70, 1026.20, 557.70, 31.37, 12.79
2.33, 26, white car, 991.85, 551.15, 1023.65, 564.13, 1007.75, 557.64, 991.85, 557.64, 1023.65, 557.64, 31.81, 12.98
2.37, 26, white car, 989.46, 550.87, 1021.76, 564.08, 1005.61, 557.47, 989.46, 557.47, 1021.76, 557.47, 32.30, 13.22
2.40, 26, white car, 987.17, 550.77, 1019.36, 563.99, 1003.26, 557.38, 987.17, 557.38, 1019.36, 557.38, 32.19, 13.22
2.43, 26, white car, 984.12, 550.57, 1015.60, 563.47, 999.86, 557.02, 984.12, 557.02, 1015.60, 557.02, 31.48, 12.89
2.47, 26, white car, 981.76, 550.26, 1013.23, 563.17, 997.49, 556.72, 981.76, 556.72, 1013.23, 556.72, 31.47, 12.91
2.50, 26, white car, 978.12, 549.86, 1010.09, 563.02, 994.11, 556.44, 978.12, 556.44, 1010.09, 556.44, 31.97, 13.16
2.53, 26, white car, 975.44, 549.71, 1007.59, 563.00, 991.51, 556.35, 975.44, 556.35, 1007.59, 556.35, 32.14, 13.30
2.57, 26, white car, 972.97, 549.65, 1004.89, 562.89, 988.93, 556.27, 972.97, 556.27, 1004.89, 556.27, 31.93, 13.24
2.60, 26, white car, 970.89, 549.62, 1001.32, 562.22, 986.10, 555.92, 970.89, 555.92, 1001.32, 555.92, 30.43, 12.59
2.63, 26, white car, 968.35, 549.46, 998.54, 561.93, 983.45, 555.69, 968.35, 555.69, 998.54, 555.69, 30.19, 12.48
2.67, 26, white car, 965.02, 549.43, 995.61, 562.05, 980.32, 555.74, 965.02, 555.74, 995.61, 555.74, 30.59, 12.62
2.70, 26, white car, 962.50, 549.28, 993.33, 561.99, 977.91, 555.63, 962.50, 555.63, 993.33, 555.63, 30.83, 12.72
2.73, 26, white car, 959.42, 549.37, 990.46, 562.12, 974.94, 555.75, 959.42, 555.75, 990.46, 555.75, 31.04, 12.75
2.77, 26, white car, 956.29, 549.28, 987.89, 562.22, 972.09, 555.75, 956.29, 555.75, 987.89, 555.75, 31.60, 12.94
2.80, 26, white car, 953.09, 549.24, 984.87, 562.24, 968.98, 555.74, 953.09, 555.74, 984.87, 555.74, 31.77, 13.01
2.83, 26, white car, 950.36, 549.38, 981.89, 562.29, 966.13, 555.84, 950.36, 555.84, 981.89, 555.84, 31.53, 12.91
2.87, 26, white car, 947.43, 549.02, 979.58, 562.20, 963.51, 555.61, 947.43, 555.61, 979.58, 555.61, 32.14, 13.17
2.90, 26, white car, 945.28, 548.78, 977.48, 562.04, 961.38, 555.41, 945.28, 555.41, 977.48, 555.41, 32.21, 13.26
2.93, 26, white car, 943.06, 548.51, 975.01, 561.71, 959.04, 555.11, 943.06, 555.11, 975.01, 555.11, 31.95, 13.20
2.97, 26, white car, 940.15, 548.14, 972.30, 561.43, 956.23, 554.78, 940.15, 554.78, 972.30, 554.78, 32.14, 13.29
3.00, 26, white car, 936.89, 547.91, 969.50, 561.40, 953.20, 554.65, 936.89, 554.65, 969.50, 554.65, 32.61, 13.48
3.03, 26, white car, 933.85, 547.55, 966.57, 561.09, 950.21, 554.32, 933.85, 554.32, 966.57, 554.32, 32.72, 13.54
3.07, 26, white car, 931.41, 547.24, 964.33, 560.87, 947.87, 554.05, 931.41, 554.05, 964.33, 554.05, 32.91, 13.63
3.10, 26, white car, 928.49, 547.07, 961.40, 560.74, 944.95, 553.91, 928.49, 553.91, 961.40, 553.91, 32.90, 13.67
3.13, 26, white car, 926.12, 547.16, 958.39, 560.59, 942.26, 553.88, 926.12, 553.88, 958.39, 553.88, 32.27, 13.44
3.17, 26, white car, 923.39, 547.41, 955.34, 560.74, 939.37, 554.08, 923.39, 554.08, 955.34, 554.08, 31.94, 13.32
3.20, 26, white car, 920.63, 547.36, 952.53, 560.66, 936.58, 554.01, 920.63, 554.01, 952.53, 554.01, 31.90, 13.30
3.23, 26, white car, 918.15, 547.47, 949.41, 560.50, 933.78, 553.98, 918.15, 553.98, 949.41, 553.98, 31.26, 13.03
3.27, 26, white car, 916.11, 547.46, 947.34, 560.50, 931.72, 553.98, 916.11, 553.98, 947.34, 553.98, 31.23, 13.04
3.30, 26, white car, 913.55, 547.27, 944.62, 560.24, 929.08, 553.76, 913.55, 553.76, 944.62, 553.76, 31.07, 12.97
3.33, 26, white car, 910.80, 547.15, 941.64, 560.02, 926.22, 553.58, 910.80, 553.58, 941.64, 553.58, 30.84, 12.87
3.37, 26, white car, 907.83, 546.95, 939.01, 559.92, 923.42, 553.44, 907.83, 553.44, 939.01, 553.44, 31.18, 12.97
3.40, 26, white car, 905.12, 546.87, 936.18, 559.77, 920.65, 553.32, 905.12, 553.32, 936.18, 553.32, 31.06, 12.90
3.43, 26, white car, 902.27, 546.58, 933.78, 559.67, 918.03, 553.12, 902.27, 553.12, 933.78, 553.12, 31.51, 13.10
3.47, 26, white car, 899.50, 546.43, 931.21, 559.64, 915.35, 553.04, 899.50, 553.04, 931.21, 553.04, 31.71, 13.21
3.50, 26, white car, 896.82, 546.40, 928.48, 559.65, 912.65, 553.03, 896.82, 553.03, 928.48, 553.03, 31.66, 13.25
3.53, 26, white car, 893.95, 546.23, 925.44, 559.46, 909.69, 552.84, 893.95, 552.84, 925.44, 552.84, 31.50, 13.23
3.57, 26, white car, 891.86, 546.10, 922.80, 559.09, 907.33, 552.59, 891.86, 552.59, 922.80, 552.59, 30.95, 12.99
3.60, 26, white car, 888.60, 545.97, 919.93, 559.14, 904.26, 552.56, 888.60, 552.56, 919.93, 552.56, 31.33, 13.16
3.63, 26, white car, 886.23, 545.72, 917.64, 558.90, 901.93, 552.31, 886.23, 552.31, 917.64, 552.31, 31.41, 13.18
3.67, 26, white car, 883.66, 545.48, 914.81, 558.53, 899.23, 552.00, 883.66, 552.00, 914.81, 552.00, 31.15, 13.05
3.70, 26, white car, 881.08, 545.38, 912.31, 558.46, 896.69, 551.92, 881.08, 551.92, 912.31, 551.92, 31.23, 13.08
3.73, 26, white car, 878.06, 545.28, 909.09, 558.22, 893.57, 551.75, 878.06, 551.75, 909.09, 551.75, 31.02, 12.94
3.77, 26, white car, 875.36, 545.14, 906.87, 558.25, 891.12, 551.69, 875.36, 551.69, 906.87, 551.69, 31.51, 13.11
3.80, 26, white car, 872.45, 544.82, 904.39, 558.13, 888.42, 551.47, 872.45, 551.47, 904.39, 551.47, 31.94, 13.30
3.83, 26, white car, 870.23, 544.77, 902.18, 558.12, 886.21, 551.44, 870.23, 551.44, 902.18, 551.44, 31.95, 13.35
3.87, 26, white car, 867.17, 544.68, 899.07, 558.09, 883.12, 551.38, 867.17, 551.38, 899.07, 551.38, 31.90, 13.41
3.90, 26, white car, 864.65, 544.66, 896.34, 558.01, 880.50, 551.34, 864.65, 551.34, 896.34, 551.34, 31.68, 13.34
3.93, 26, white car, 861.90, 544.36, 893.54, 557.70, 877.72, 551.03, 861.90, 551.03, 893.54, 551.03, 31.64, 13.33
3.97, 26, white car, 858.83, 544.32, 890.85, 557.81, 874.84, 551.07, 858.83, 551.07, 890.85, 551.07, 32.02, 13.49
4.00, 26, white car, 856.46, 544.14, 888.31, 557.58, 872.38, 550.86, 856.46, 550.86, 888.31, 550.86, 31.86, 13.44
4.03, 26, white car, 853.73, 543.89, 885.62, 557.35, 869.67, 550.62, 853.73, 550.62, 885.62, 550.62, 31.90, 13.46
4.07, 26, white car, 850.60, 543.58, 882.98, 557.22, 866.79, 550.40, 850.60, 550.40, 882.98, 550.40, 32.37, 13.64
4.10, 26, white car, 848.22, 543.58, 880.02, 556.93, 864.12, 550.26, 848.22, 550.26, 880.02, 550.26, 31.80, 13.35
4.13, 26, white car, 845.68, 543.36, 877.72, 556.82, 861.70, 550.09, 845.68, 550.09, 877.72, 550.09, 32.04, 13.46
4.17, 26, white car, 842.83, 542.99, 875.37, 556.68, 859.10, 549.84, 842.83, 549.84, 875.37, 549.84, 32.54, 13.70
4.20, 26, white car, 840.21, 542.78, 872.69, 556.49, 856.45, 549.63, 840.21, 549.63, 872.69, 549.63, 32.47, 13.71
4.23, 26, white car, 837.20, 542.52, 869.63, 556.22, 853.42, 549.37, 837.20, 549.37, 869.63, 549.37, 32.43, 13.70
4.27, 26, white car, 835.11, 542.46, 866.78, 555.83, 850.94, 549.14, 835.11, 549.14, 866.78, 549.14, 31.66, 13.37
4.30, 26, white car, 832.60, 542.45, 864.15, 555.74, 848.38, 549.09, 832.60, 549.09, 864.15, 549.09, 31.54, 13.30
4.33, 26, white car, 829.72, 542.31, 861.65, 555.77, 845.69, 549.04, 829.72, 549.04, 861.65, 549.04, 31.92, 13.46
4.37, 26, white car, 826.72, 541.90, 858.83, 555.46, 842.77, 548.68, 826.72, 548.68, 858.83, 548.68, 32.11, 13.56
4.40, 26, white car, 823.92, 541.82, 855.90, 555.33, 839.91, 548.58, 823.92, 548.58, 855.90, 548.58, 31.98, 13.51
4.43, 26, white car, 821.21, 541.67, 852.70, 554.95, 836.95, 548.31, 821.21, 548.31, 852.70, 548.31, 31.50, 13.28
4.47, 26, white car, 819.00, 541.66, 849.96, 554.67, 834.48, 548.17, 819.00, 548.17, 849.96, 548.17, 30.96, 13.01
4.50, 26, white car, 816.28, 541.58, 847.37, 554.61, 831.82, 548.09, 816.28, 548.09, 847.37, 548.09, 31.09, 13.04
4.53, 26, white car, 813.54, 541.10, 845.41, 554.49, 829.47, 547.80, 813.54, 547.80, 845.41, 547.80, 31.87, 13.39
4.57, 26, white car, 810.69, 540.91, 842.69, 554.37, 826.69, 547.64, 810.69, 547.64, 842.69, 547.64, 32.00, 13.46
4.60, 26, white car, 807.80, 540.71, 840.02, 554.25, 823.91, 547.48, 807.80, 547.48, 840.02, 547.48, 32.22, 13.54
4.63, 26, white car, 805.44, 540.71, 836.65, 553.81, 821.05, 547.26, 805.44, 547.26, 836.65, 547.26, 31.21, 13.10
4.67, 26, white car, 802.99, 540.55, 834.28, 553.68, 818.63, 547.12, 802.99, 547.12, 834.28, 547.12, 31.30, 13.13
4.70, 26, white car, 800.32, 540.47, 831.88, 553.71, 816.10, 547.09, 800.32, 547.09, 831.88, 547.09, 31.56, 13.25
4.73, 26, white car, 797.59, 540.29, 829.49, 553.71, 813.54, 547.00, 797.59, 547.00, 829.49, 547.00, 31.90, 13.42
4.77, 26, white car, 794.67, 540.26, 826.62, 553.70, 810.65, 546.98, 794.67, 546.98, 826.62, 546.98, 31.95, 13.44
4.80, 26, white car, 792.35, 540.21, 823.97, 553.53, 808.16, 546.87, 792.35, 546.87, 823.97, 546.87, 31.62, 13.31
4.83, 26, white car, 790.00, 540.01, 821.04, 553.05, 805.52, 546.53, 790.00, 546.53, 821.04, 546.53, 31.04, 13.04
4.87, 26, white car, 787.75, 539.80, 818.83, 552.83, 803.29, 546.32, 787.75, 546.32, 818.83, 546.32, 31.08, 13.02
4.90, 26, white car, 784.87, 539.49, 816.35, 552.67, 800.61, 546.08, 784.87, 546.08, 816.35, 546.08, 31.48, 13.18
4.93, 26, white car, 782.13, 539.26, 813.76, 552.52, 797.95, 545.89, 782.13, 545.89, 813.76, 545.89, 31.63, 13.26
4.97, 26, white car, 779.36, 539.27, 810.57, 552.35, 794.96, 545.81, 779.36, 545.81, 810.57, 545.81, 31.21, 13.09
5.00, 24, white car, 1233.94, 551.46, 1265.55, 565.95, 1249.75, 558.71, 1233.94, 558.71, 1265.55, 558.71, 31.61, 14.49
5.00, 26, white car, 777.13, 539.14, 807.78, 551.97, 792.45, 545.55, 777.13, 545.55, 807.78, 545.55, 30.64, 12.83
5.03, 24, white car, 1230.82, 551.50, 1262.00, 565.78, 1246.41, 558.64, 1230.82, 558.64, 1262.00, 558.64, 31.17, 14.28
5.03, 26, white car, 774.33, 538.80, 805.32, 551.76, 789.82, 545.28, 774.33, 545.28, 805.32, 545.28, 31.00, 12.95
5.07, 26, white car, 771.75, 538.57, 802.69, 551.51, 787.22, 545.04, 771.75, 545.04, 802.69, 545.04, 30.95, 12.94
5.10, 26, white car, 768.74, 538.41, 799.95, 551.52, 784.35, 544.97, 768.74, 544.97, 799.95, 544.97, 31.21, 13.11
5.13, 24, white car, 1221.71, 551.42, 1252.05, 565.29, 1236.88, 558.36, 1221.71, 558.36, 1252.05, 558.36, 30.34, 13.88
5.13, 26, white car, 765.98, 538.29, 797.67, 551.65, 781.82, 544.97, 765.98, 544.97, 797.67, 544.97, 31.69, 13.36
5.17, 24, white car, 1218.57, 551.57, 1248.24, 565.11, 1233.40, 558.34, 1218.57, 558.34, 1248.24, 558.34, 29.68, 13.53
5.17, 26, white car, 763.64, 538.09, 795.01, 551.33, 779.32, 544.71, 763.64, 544.71, 795.01, 544.71, 31.37, 13.23
5.20, 24, white car, 1215.65, 551.54, 1244.95, 564.87, 1230.30, 558.20, 1215.65, 558.20, 1244.95, 558.20, 29.29, 13.33
5.20, 26, white car, 761.55, 537.82, 792.63, 550.98, 777.09, 544.40, 761.55, 544.40, 792.63, 544.40, 31.08, 13.15
5.23, 24, white car, 1212.49, 551.42, 1241.60, 564.64, 1227.04, 558.03, 1212.49, 558.03, 1241.60, 558.03, 29.11, 13.22
5.23, 26, white car, 758.97, 537.57, 790.05, 550.73, 774.51, 544.15, 758.97, 544.15, 790.05, 544.15, 31.08, 13.16
5.27, 24, white car, 1209.11, 551.40, 1238.37, 564.66, 1223.74, 558.03, 1209.11, 558.03, 1238.37, 558.03, 29.26, 13.26
5.27, 26, white car, 756.36, 537.33, 787.17, 550.40, 771.77, 543.86, 756.36, 543.86, 787.17, 543.86, 30.81, 13.07
5.30, 24, white car, 1205.78, 551.53, 1235.23, 564.85, 1220.51, 558.19, 1205.78, 558.19, 1235.23, 558.19, 29.45, 13.33
5.30, 26, white car, 753.42, 537.19, 784.19, 550.26, 768.80, 543.73, 753.42, 543.73, 784.19, 543.73, 30.77, 13.07
5.33, 24, white car, 1202.30, 551.42, 1232.11, 564.89, 1217.20, 558.16, 1202.30, 558.16, 1232.11, 558.16, 29.81, 13.47
5.33, 26, white car, 750.93, 537.01, 781.45, 549.99, 766.19, 543.50, 750.93, 543.50, 781.45, 543.50, 30.52, 12.99
5.37, 24, white car, 1198.97, 551.14, 1229.20, 564.80, 1214.08, 557.97, 1198.97, 557.97, 1229.20, 557.97, 30.23, 13.65
5.37, 26, white car, 748.32, 536.87, 778.69, 549.76, 763.51, 543.32, 748.32, 543.32, 778.69, 543.32, 30.38, 12.88
5.40, 24, white car, 1195.73, 551.06, 1226.15, 564.84, 1210.94, 557.95, 1195.73, 557.95, 1226.15, 557.95, 30.42, 13.77
5.40, 26, white car, 745.83, 536.66, 776.19, 549.52, 761.01, 543.09, 745.83, 543.09, 776.19, 543.09, 30.36, 12.86
5.43, 24, white car, 1192.38, 551.15, 1223.08, 565.08, 1207.73, 558.12, 1192.38, 558.12, 1223.08, 558.12, 30.70, 13.93
5.43, 26, white car, 743.38, 536.36, 773.29, 548.99, 758.34, 542.67, 743.38, 542.67, 773.29, 542.67, 29.91, 12.63
5.47, 24, white car, 1189.03, 551.25, 1219.43, 565.04, 1204.23, 558.14, 1189.03, 558.14, 1219.43, 558.14, 30.41, 13.79
5.47, 26, white car, 740.81, 535.97, 770.85, 548.65, 755.83, 542.31, 740.81, 542.31, 770.85, 542.31, 30.04, 12.67
5.50, 24, white car, 1185.84, 551.09, 1216.37, 564.96, 1201.10, 558.02, 1185.84, 558.02, 1216.37, 558.02, 30.53, 13.86
5.50, 26, white car, 737.98, 535.75, 768.39, 548.55, 753.19, 542.15, 737.98, 542.15, 768.39, 542.15, 30.41, 12.80
5.53, 24, white car, 1182.89, 551.05, 1213.20, 564.82, 1198.05, 557.93, 1182.89, 557.93, 1213.20, 557.93, 30.31, 13.77
5.53, 26, white car, 735.61, 535.54, 766.21, 548.42, 750.91, 541.98, 735.61, 541.98, 766.21, 541.98, 30.59, 12.88
5.57, 24, white car, 1179.54, 550.98, 1210.14, 564.91, 1194.84, 557.94, 1179.54, 557.94, 1210.14, 557.94, 30.60, 13.93
5.57, 26, white car, 733.05, 535.44, 763.67, 548.28, 748.36, 541.86, 733.05, 541.86, 763.67, 541.86, 30.62, 12.84
5.60, 24, white car, 1175.90, 551.00, 1206.71, 565.03, 1191.31, 558.01, 1175.90, 558.01, 1206.71, 558.01, 30.81, 14.03
5.60, 26, white car, 730.65, 535.34, 760.98, 548.06, 745.82, 541.70, 730.65, 541.70, 760.98, 541.70, 30.33, 12.73
5.63, 24, white car, 1173.01, 550.93, 1203.67, 564.92, 1188.34, 557.92, 1173.01, 557.92, 1203.67, 557.92, 30.65, 14.00
5.63, 26, white car, 727.85, 535.25, 758.20, 547.98, 743.02, 541.61, 727.85, 541.61, 758.20, 541.61, 30.34, 12.74
5.67, 24, white car, 1169.76, 550.75, 1200.71, 564.95, 1185.24, 557.85, 1169.76, 557.85, 1200.71, 557.85, 30.94, 14.20
5.67, 26, white car, 724.56, 535.07, 755.30, 547.96, 739.93, 541.51, 724.56, 541.51, 755.30, 541.51, 30.74, 12.89
5.70, 24, white car, 1166.13, 550.37, 1197.94, 565.06, 1182.04, 557.71, 1166.13, 557.71, 1197.94, 557.71, 31.81, 14.69
5.70, 26, white car, 721.96, 534.79, 753.09, 547.85, 737.52, 541.32, 721.96, 541.32, 753.09, 541.32, 31.13, 13.06
5.73, 24, white car, 1163.16, 550.37, 1194.45, 564.89, 1178.80, 557.63, 1163.16, 557.63, 1194.45, 557.63, 31.29, 14.51
5.73, 26, white car, 719.28, 534.61, 750.63, 547.75, 734.95, 541.18, 719.28, 541.18, 750.63, 541.18, 31.35, 13.13
5.77, 24, white car, 1159.89, 550.33, 1191.15, 564.87, 1175.52, 557.60, 1159.89, 557.60, 1191.15, 557.60, 31.26, 14.54
5.77, 26, white car, 716.62, 534.34, 748.32, 547.64, 732.47, 540.99, 716.62, 540.99, 748.32, 540.99, 31.70, 13.29
5.80, 24, white car, 1156.91, 550.21, 1188.18, 564.82, 1172.55, 557.51, 1156.91, 557.51, 1188.18, 557.51, 31.26, 14.60
5.83, 24, white car, 1153.78, 550.15, 1184.98, 564.74, 1169.38, 557.44, 1153.78, 557.44, 1184.98, 557.44, 31.20, 14.58
5.87, 24, white car, 1150.15, 550.19, 1181.48, 564.83, 1165.82, 557.51, 1150.15, 557.51, 1181.48, 557.51, 31.33, 14.64
5.90, 24, white car, 1146.83, 550.27, 1178.15, 564.90, 1162.49, 557.58, 1146.83, 557.58, 1178.15, 557.58, 31.32, 14.63
5.93, 24, white car, 1144.05, 550.31, 1174.98, 564.75, 1159.52, 557.53, 1144.05, 557.53, 1174.98, 557.53, 30.93, 14.43
5.97, 24, white car, 1140.87, 550.07, 1171.96, 564.61, 1156.42, 557.34, 1140.87, 557.34, 1171.96, 557.34, 31.09, 14.54
6.00, 24, white car, 1137.55, 549.93, 1168.48, 564.40, 1153.01, 557.16, 1137.55, 557.16, 1168.48, 557.16, 30.93, 14.47
6.03, 24, white car, 1134.20, 550.04, 1165.12, 564.51, 1149.66, 557.28, 1134.20, 557.28, 1165.12, 557.28, 30.92, 14.47
6.07, 24, white car, 1131.14, 550.14, 1161.79, 564.46, 1146.47, 557.30, 1131.14, 557.30, 1161.79, 557.30, 30.64, 14.32
6.10, 24, white car, 1127.81, 549.91, 1159.01, 564.49, 1143.41, 557.20, 1127.81, 557.20, 1159.01, 557.20, 31.19, 14.59
6.10, 26, white car, 691.23, 532.32, 722.83, 545.58, 707.03, 538.95, 691.23, 538.95, 722.83, 538.95, 31.60, 13.26
6.13, 24, white car, 1124.71, 549.76, 1155.92, 564.36, 1140.31, 557.06, 1124.71, 557.06, 1155.92, 557.06, 31.21, 14.60
6.13, 26, white car, 689.25, 532.25, 720.45, 545.31, 704.85, 538.78, 689.25, 538.78, 720.45, 538.78, 31.20, 13.06
6.17, 24, white car, 1121.49, 549.69, 1152.90, 564.37, 1137.19, 557.03, 1121.49, 557.03, 1152.90, 557.03, 31.41, 14.68
6.17, 26, white car, 686.91, 532.26, 717.43, 544.95, 702.17, 538.61, 686.91, 538.61, 717.43, 538.61, 30.52, 12.69
6.20, 24, white car, 1118.18, 549.59, 1149.93, 564.43, 1134.06, 557.01, 1118.18, 557.01, 1149.93, 557.01, 31.76, 14.84
6.20, 26, white car, 684.32, 532.13, 714.73, 544.82, 699.53, 538.47, 684.32, 538.47, 714.73, 538.47, 30.41, 12.69
6.23, 24, white car, 1114.82, 549.47, 1146.76, 564.40, 1130.79, 556.94, 1114.82, 556.94, 1146.76, 556.94, 31.94, 14.93
6.23, 26, white car, 681.41, 531.78, 712.48, 544.72, 696.94, 538.25, 681.41, 538.25, 712.48, 538.25, 31.07, 12.94
6.27, 24, white car, 1111.72, 549.36, 1143.54, 564.25, 1127.63, 556.81, 1111.72, 556.81, 1143.54, 556.81, 31.82, 14.89
6.27, 26, white car, 678.94, 531.37, 710.22, 544.42, 694.58, 537.89, 678.94, 537.89, 710.22, 537.89, 31.28, 13.05
6.30, 24, white car, 1108.73, 549.17, 1140.48, 564.01, 1124.61, 556.59, 1108.73, 556.59, 1140.48, 556.59, 31.75, 14.84
6.30, 26, white car, 675.59, 530.78, 707.84, 544.30, 691.72, 537.54, 675.59, 537.54, 707.84, 537.54, 32.25, 13.52
6.33, 24, white car, 1105.24, 549.09, 1137.48, 564.18, 1121.36, 556.64, 1105.24, 556.64, 1137.48, 556.64, 32.24, 15.09
6.33, 26, white car, 672.47, 530.15, 705.53, 544.03, 689.00, 537.09, 672.47, 537.09, 705.53, 537.09, 33.05, 13.89
6.37, 24, white car, 1102.13, 549.05, 1134.39, 564.14, 1118.26, 556.59, 1102.13, 556.59, 1134.39, 556.59, 32.25, 15.09
6.37, 26, white car, 669.88, 529.74, 702.97, 543.73, 686.43, 536.74, 669.88, 536.74, 702.97, 536.74, 33.09, 13.99
6.40, 24, white car, 1099.15, 549.15, 1130.94, 564.02, 1115.05, 556.58, 1099.15, 556.58, 1130.94, 556.58, 31.80, 14.87
6.40, 26, white car, 667.43, 529.53, 700.15, 543.40, 683.79, 536.46, 667.43, 536.46, 700.15, 536.46, 32.73, 13.87
6.43, 24, white car, 1096.49, 549.24, 1127.61, 563.77, 1112.05, 556.51, 1096.49, 556.51, 1127.61, 556.51, 31.11, 14.53
6.43, 26, white car, 665.38, 529.40, 697.69, 543.13, 681.53, 536.27, 665.38, 536.27, 697.69, 536.27, 32.31, 13.73
6.47, 24, white car, 1093.17, 549.27, 1124.32, 563.78, 1108.75, 556.52, 1093.17, 556.52, 1124.32, 556.52, 31.15, 14.51
6.47, 26, white car, 663.02, 529.53, 694.98, 543.11, 679.00, 536.32, 663.02, 536.32, 694.98, 536.32, 31.96, 13.58
6.50, 24, white car, 1089.77, 549.29, 1120.90, 563.80, 1105.34, 556.54, 1089.77, 556.54, 1120.90, 556.54, 31.13, 14.51
6.50, 26, white car, 660.34, 529.48, 692.37, 543.14, 676.36, 536.31, 660.34, 536.31, 692.37, 536.31, 32.03, 13.66
6.53, 24, white car, 1086.80, 549.43, 1117.68, 563.80, 1102.24, 556.62, 1086.80, 556.62, 1117.68, 556.62, 30.88, 14.37
6.53, 26, white car, 658.17, 529.15, 689.72, 542.65, 673.94, 535.90, 658.17, 535.90, 689.72, 535.90, 31.56, 13.50
6.57, 24, white car, 1084.09, 549.54, 1114.45, 563.67, 1099.27, 556.61, 1084.09, 556.61, 1114.45, 556.61, 30.37, 14.13
6.57, 26, white car, 655.64, 528.67, 687.60, 542.40, 671.62, 535.54, 655.64, 535.54, 687.60, 535.54, 31.96, 13.72
6.60, 24, white car, 1081.14, 549.37, 1111.53, 563.48, 1096.34, 556.43, 1081.14, 556.43, 1111.53, 556.43, 30.39, 14.11
6.60, 26, white car, 652.96, 528.49, 685.24, 542.39, 669.10, 535.44, 652.96, 535.44, 685.24, 535.44, 32.28, 13.91
6.63, 24, white car, 1077.72, 549.08, 1108.93, 563.58, 1093.32, 556.33, 1077.72, 556.33, 1108.93, 556.33, 31.20, 14.50
6.63, 26, white car, 650.63, 528.28, 682.47, 542.02, 666.55, 535.15, 650.63, 535.15, 682.47, 535.15, 31.84, 13.74
6.67, 24, white car, 1074.39, 549.03, 1105.71, 563.58, 1090.05, 556.31, 1074.39, 556.31, 1105.71, 556.31, 31.32, 14.55
6.67, 26, white car, 648.18, 528.44, 679.70, 542.04, 663.94, 535.24, 648.18, 535.24, 679.70, 535.24, 31.52, 13.60
6.70, 24, white car, 1070.89, 549.12, 1102.43, 563.77, 1086.66, 556.44, 1070.89, 556.44, 1102.43, 556.44, 31.53, 14.65
6.70, 26, white car, 645.50, 528.17, 677.21, 541.84, 661.36, 535.01, 645.50, 535.01, 677.21, 535.01, 31.71, 13.67
6.73, 24, white car, 1067.68, 549.04, 1099.07, 563.58, 1083.38, 556.31, 1067.68, 556.31, 1099.07, 556.31, 31.38, 14.54
6.73, 26, white car, 643.07, 527.69, 674.69, 541.35, 658.88, 534.52, 643.07, 534.52, 674.69, 534.52, 31.61, 13.65
6.77, 24, white car, 1064.24, 548.83, 1096.22, 563.63, 1080.23, 556.23, 1064.24, 556.23, 1096.22, 556.23, 31.97, 14.80
6.77, 26, white car, 639.97, 527.32, 672.15, 541.26, 656.06, 534.29, 639.97, 534.29, 672.15, 534.29, 32.18, 13.94
6.80, 24, white car, 1061.29, 548.87, 1093.02, 563.56, 1077.15, 556.22, 1061.29, 556.22, 1093.02, 556.22, 31.74, 14.69
6.80, 26, white car, 637.55, 527.08, 669.17, 540.81, 653.36, 533.95, 637.55, 533.95, 669.17, 533.95, 31.62, 13.73
6.83, 24, white car, 1058.05, 548.96, 1089.45, 563.45, 1073.75, 556.21, 1058.05, 556.21, 1089.45, 556.21, 31.40, 14.49
6.83, 26, white car, 635.58, 527.05, 666.66, 540.54, 651.12, 533.79, 635.58, 533.79, 666.66, 533.79, 31.08, 13.49
6.87, 24, white car, 1055.34, 549.17, 1086.12, 563.36, 1070.73, 556.26, 1055.34, 556.26, 1086.12, 556.26, 30.78, 14.20
6.87, 26, white car, 633.41, 526.97, 663.92, 540.18, 648.67, 533.58, 633.41, 533.58, 663.92, 533.58, 30.51, 13.20
6.90, 24, white car, 1052.50, 548.96, 1083.60, 563.27, 1068.05, 556.12, 1052.50, 556.12, 1083.60, 556.12, 31.10, 14.31
6.90, 26, white car, 630.89, 526.62, 661.66, 539.95, 646.28, 533.28, 630.89, 533.28, 661.66, 533.28, 30.76, 13.33
6.93, 24, white car, 1048.90, 548.74, 1080.78, 563.40, 1064.84, 556.07, 1048.90, 556.07, 1080.78, 556.07, 31.89, 14.66
6.93, 26, white car, 628.07, 526.33, 659.25, 539.85, 643.66, 533.09, 628.07, 533.09, 659.25, 533.09, 31.18, 13.52
6.97, 24, white car, 1046.06, 548.75, 1077.56, 563.21, 1061.81, 555.98, 1046.06, 555.98, 1077.56, 555.98, 31.50, 14.46
6.97, 26, white car, 625.47, 526.19, 656.65, 539.71, 641.06, 532.95, 625.47, 532.95, 656.65, 532.95, 31.19, 13.53
7.00, 24, white car, 1043.01, 548.92, 1074.15, 563.18, 1058.58, 556.05, 1043.01, 556.05, 1074.15, 556.05, 31.14, 14.25
7.00, 26, white car, 623.25, 526.27, 653.68, 539.47, 638.47, 532.87, 623.25, 532.87, 653.68, 532.87, 30.43, 13.20
7.03, 24, white car, 1040.08, 548.89, 1070.95, 562.94, 1055.51, 555.92, 1040.08, 555.92, 1070.95, 555.92, 30.87, 14.05
7.03, 26, white car, 621.02, 526.07, 651.32, 539.18, 636.17, 532.63, 621.02, 532.63, 651.32, 532.63, 30.30, 13.11
7.07, 24, white car, 1037.21, 548.85, 1067.92, 562.75, 1052.57, 555.80, 1037.21, 555.80, 1067.92, 555.80, 30.71, 13.90
7.07, 26, white car, 618.52, 525.76, 648.96, 538.95, 633.74, 532.36, 618.52, 532.36, 648.96, 532.36, 30.45, 13.19
7.10, 24, white car, 1033.69, 548.80, 1064.51, 562.66, 1049.10, 555.73, 1033.69, 555.73, 1064.51, 555.73, 30.81, 13.87
7.10, 26, white car, 616.09, 525.47, 646.72, 538.75, 631.41, 532.11, 616.09, 532.11, 646.72, 532.11, 30.63, 13.28
7.13, 24, white car, 1030.56, 548.72, 1061.33, 562.54, 1045.95, 555.63, 1030.56, 555.63, 1061.33, 555.63, 30.77, 13.82
7.13, 26, white car, 613.23, 525.13, 644.54, 538.77, 628.89, 531.95, 613.23, 531.95, 644.54, 531.95, 31.31, 13.64
7.17, 24, white car, 1027.60, 548.55, 1057.82, 562.05, 1042.71, 555.30, 1027.60, 555.30, 1057.82, 555.30, 30.22, 13.50
7.17, 26, white car, 610.39, 524.78, 642.00, 538.58, 626.19, 531.68, 610.39, 531.68, 642.00, 531.68, 31.61, 13.80
7.20, 24, white car, 1024.32, 548.16, 1054.92, 561.74, 1039.62, 554.95, 1024.32, 554.95, 1054.92, 554.95, 30.60, 13.58
7.20, 26, white car, 608.00, 524.53, 639.39, 538.24, 623.69, 531.39, 608.00, 531.39, 639.39, 531.39, 31.39, 13.71
7.23, 24, white car, 1021.17, 547.90, 1052.19, 561.62, 1036.68, 554.76, 1021.17, 554.76, 1052.19, 554.76, 31.02, 13.72
7.23, 26, white car, 605.50, 524.17, 637.08, 538.00, 621.29, 531.09, 605.50, 531.09, 637.08, 531.09, 31.59, 13.83
7.27, 24, white car, 1017.92, 547.94, 1049.22, 561.72, 1033.57, 554.83, 1017.92, 554.83, 1049.22, 554.83, 31.31, 13.78
7.27, 26, white car, 603.28, 524.19, 634.32, 537.73, 618.80, 530.96, 603.28, 530.96, 634.32, 530.96, 31.05, 13.54
7.30, 24, white car, 1014.62, 547.80, 1046.07, 561.60, 1030.34, 554.70, 1014.62, 554.70, 1046.07, 554.70, 31.45, 13.80
7.30, 26, white car, 600.83, 523.90, 631.88, 537.48, 616.36, 530.69, 600.83, 530.69, 631.88, 530.69, 31.05, 13.58
7.33, 24, white car, 1011.70, 547.68, 1042.93, 561.30, 1027.31, 554.49, 1011.70, 554.49, 1042.93, 554.49, 31.23, 13.62
7.33, 26, white car, 598.08, 523.77, 629.36, 537.50, 613.72, 530.64, 598.08, 530.64, 629.36, 530.64, 31.28, 13.73
7.37, 24, white car, 1008.68, 547.63, 1039.80, 561.14, 1024.24, 554.38, 1008.68, 554.38, 1039.80, 554.38, 31.12, 13.51
7.37, 26, white car, 595.84, 523.51, 627.10, 537.25, 611.47, 530.38, 595.84, 530.38, 627.10, 530.38, 31.26, 13.74
7.40, 24, white car, 1005.52, 547.60, 1037.09, 561.24, 1021.30, 554.42, 1005.52, 554.42, 1037.09, 554.42, 31.57, 13.64
7.40, 26, white car, 593.59, 523.36, 624.21, 536.79, 608.90, 530.08, 593.59, 530.08, 624.21, 530.08, 30.63, 13.43
7.43, 24, white car, 1002.23, 547.79, 1033.27, 561.21, 1017.75, 554.50, 1002.23, 554.50, 1033.27, 554.50, 31.03, 13.41
7.43, 26, white car, 591.15, 523.08, 621.96, 536.60, 606.56, 529.84, 591.15, 529.84, 621.96, 529.84, 30.81, 13.52
7.47, 24, white car, 999.32, 547.68, 1030.12, 560.97, 1014.72, 554.32, 999.32, 554.32, 1030.12, 554.32, 30.81, 13.28
7.47, 26, white car, 588.89, 522.76, 619.67, 536.27, 604.28, 529.52, 588.89, 529.52, 619.67, 529.52, 30.78, 13.51
7.50, 24, white car, 996.07, 547.45, 1027.43, 560.92, 1011.75, 554.19, 996.07, 554.19, 1027.43, 554.19, 31.37, 13.47
7.50, 26, white car, 586.59, 522.22, 617.26, 535.71, 601.93, 528.97, 586.59, 528.97, 617.26, 528.97, 30.67, 13.49
7.53, 24, white car, 993.08, 547.41, 1024.92, 561.07, 1009.00, 554.24, 993.08, 554.24, 1024.92, 554.24, 31.85, 13.66
7.53, 26, white car, 583.71, 521.73, 614.76, 535.44, 599.24, 528.58, 583.71, 528.58, 614.76, 528.58, 31.05, 13.71
7.57, 24, white car, 989.89, 547.46, 1021.93, 561.19, 1005.91, 554.32, 989.89, 554.32, 1021.93, 554.32, 32.04, 13.72
7.57, 26, white car, 581.17, 521.61, 612.13, 535.35, 596.65, 528.48, 581.17, 528.48, 612.13, 528.48, 30.96, 13.74
7.60, 24, white car, 986.99, 547.44, 1018.70, 560.98, 1002.84, 554.21, 986.99, 554.21, 1018.70, 554.21, 31.71, 13.53
7.60, 26, white car, 578.70, 521.36, 610.04, 535.32, 594.37, 528.34, 578.70, 528.34, 610.04, 528.34, 31.35, 13.96
7.63, 24, white car, 983.87, 547.32, 1015.44, 560.74, 999.65, 554.03, 983.87, 554.03, 1015.44, 554.03, 31.57, 13.42
7.63, 26, white car, 576.73, 520.91, 607.60, 534.66, 592.17, 527.78, 576.73, 527.78, 607.60, 527.78, 30.87, 13.75
7.67, 24, white car, 980.70, 547.32, 1012.24, 560.72, 996.47, 554.02, 980.70, 554.02, 1012.24, 554.02, 31.55, 13.40
7.67, 26, white car, 574.35, 520.75, 604.88, 534.40, 589.61, 527.57, 574.35, 527.57, 604.88, 527.57, 30.53, 13.65
7.70, 24, white car, 977.70, 547.31, 1009.36, 560.78, 993.53, 554.04, 977.70, 554.04, 1009.36, 554.04, 31.66, 13.47
7.70, 26, white car, 571.88, 520.47, 602.43, 534.15, 587.16, 527.31, 571.88, 527.31, 602.43, 527.31, 30.55, 13.67
7.73, 24, white car, 974.53, 547.41, 1005.94, 560.78, 990.23, 554.09, 974.53, 554.09, 1005.94, 554.09, 31.41, 13.37
7.73, 26, white car, 569.55, 520.46, 599.29, 533.72, 584.42, 527.09, 569.55, 527.09, 599.29, 527.09, 29.74, 13.26
7.77, 24, white car, 972.02, 547.36, 1002.42, 560.28, 987.22, 553.82, 972.02, 553.82, 1002.42, 553.82, 30.39, 12.92
7.77, 26, white car, 567.26, 520.32, 596.84, 533.46, 582.05, 526.89, 567.26, 526.89, 596.84, 526.89, 29.58, 13.14
7.80, 24, white car, 968.86, 547.08, 999.61, 560.13, 984.24, 553.60, 968.86, 553.60, 999.61, 553.60, 30.75, 13.05
7.80, 26, white car, 564.76, 520.04, 595.02, 533.43, 579.89, 526.74, 564.76, 526.74, 595.02, 526.74, 30.26, 13.39
7.83, 24, white car, 965.60, 547.05, 996.84, 560.29, 981.22, 553.67, 965.60, 553.67, 996.84, 553.67, 31.24, 13.24
7.83, 26, white car, 562.33, 519.81, 592.80, 533.27, 577.56, 526.54, 562.33, 526.54, 592.80, 526.54, 30.47, 13.46
7.87, 24, white car, 962.73, 546.89, 994.22, 560.18, 978.48, 553.53, 962.73, 553.53, 994.22, 553.53, 31.49, 13.29
7.87, 26, white car, 560.25, 519.70, 590.15, 532.90, 575.20, 526.30, 560.25, 526.30, 590.15, 526.30, 29.90, 13.19
7.90, 24, white car, 959.88, 546.94, 990.87, 559.96, 975.38, 553.45, 959.88, 553.45, 990.87, 553.45, 30.99, 13.03
7.90, 26, white car, 557.63, 519.50, 587.73, 532.78, 572.68, 526.14, 557.63, 526.14, 587.73, 526.14, 30.10, 13.27
7.93, 24, white car, 956.91, 546.96, 987.52, 559.79, 972.22, 553.37, 956.91, 553.37, 987.52, 553.37, 30.61, 12.84
7.93, 26, white car, 554.95, 519.36, 585.21, 532.69, 570.08, 526.02, 554.95, 526.02, 585.21, 526.02, 30.26, 13.33
7.97, 24, white car, 953.75, 546.85, 984.29, 559.67, 969.02, 553.26, 953.75, 553.26, 984.29, 553.26, 30.54, 12.82
7.97, 26, white car, 553.05, 519.30, 582.90, 532.40, 567.98, 525.85, 553.05, 525.85, 582.90, 525.85, 29.85, 13.10
8.00, 24, white car, 950.65, 546.70, 981.39, 559.62, 966.02, 553.16, 950.65, 553.16, 981.39, 553.16, 30.74, 12.92
8.00, 26, white car, 550.91, 519.01, 581.18, 532.28, 566.04, 525.64, 550.91, 525.64, 581.18, 525.64, 30.27, 13.28
8.03, 24, white car, 947.25, 546.58, 978.06, 559.52, 962.66, 553.05, 947.25, 553.05, 978.06, 553.05, 30.81, 12.94
8.03, 26, white car, 548.52, 518.75, 578.34, 531.82, 563.43, 525.28, 548.52, 525.28, 578.34, 525.28, 29.82, 13.07
8.07, 24, white car, 944.29, 546.29, 975.26, 559.33, 959.77, 552.81, 944.29, 552.81, 975.26, 552.81, 30.97, 13.04
8.07, 26, white car, 546.51, 518.65, 575.50, 531.34, 561.00, 525.00, 546.51, 525.00, 575.50, 525.00, 28.99, 12.69
8.10, 24, white car, 941.79, 546.28, 972.41, 559.18, 957.10, 552.73, 941.79, 552.73, 972.41, 552.73, 30.62, 12.89
8.10, 26, white car, 543.56, 518.10, 573.15, 531.01, 558.35, 524.56, 543.56, 524.56, 573.15, 524.56, 29.59, 12.91
8.13, 24, white car, 938.36, 546.13, 969.49, 559.23, 953.92, 552.68, 938.36, 552.68, 969.49, 552.68, 31.13, 13.10
8.13, 26, white car, 540.97, 517.93, 570.54, 530.78, 555.76, 524.36, 540.97, 524.36, 570.54, 524.36, 29.57, 12.85
8.17, 24, white car, 935.74, 546.15, 966.33, 558.99, 951.03, 552.57, 935.74, 552.57, 966.33, 552.57, 30.59, 12.84
8.17, 26, white car, 538.75, 517.84, 568.27, 530.58, 553.51, 524.21, 538.75, 524.21, 568.27, 524.21, 29.52, 12.74
8.20, 24, white car, 933.05, 546.09, 963.23, 558.72, 948.14, 552.41, 933.05, 552.41, 963.23, 552.41, 30.18, 12.63
8.20, 26, white car, 536.34, 517.53, 566.45, 530.50, 551.40, 524.01, 536.34, 524.01, 566.45, 524.01, 30.10, 12.97
8.23, 24, white car, 930.07, 546.05, 959.91, 558.52, 944.99, 552.28, 930.07, 552.28, 959.91, 552.28, 29.83, 12.48
8.23, 26, white car, 534.04, 517.25, 564.45, 530.36, 549.24, 523.80, 534.04, 523.80, 564.45, 523.80, 30.41, 13.10
8.27, 24, white car, 926.64, 545.98, 956.74, 558.58, 941.69, 552.28, 926.64, 552.28, 956.74, 552.28, 30.10, 12.60
8.27, 26, white car, 532.16, 517.13, 562.18, 530.06, 547.17, 523.60, 532.16, 523.60, 562.18, 523.60, 30.03, 12.93
8.30, 24, white car, 923.73, 545.70, 954.42, 558.56, 939.07, 552.13, 923.73, 552.13, 954.42, 552.13, 30.70, 12.86
8.30, 26, white car, 529.83, 516.91, 559.68, 529.78, 544.76, 523.35, 529.83, 523.35, 559.68, 523.35, 29.84, 12.88
8.33, 24, white car, 920.25, 545.70, 951.88, 558.93, 936.07, 552.32, 920.25, 552.32, 951.88, 552.32, 31.63, 13.23
8.33, 26, white car, 526.80, 516.60, 556.82, 529.54, 541.81, 523.07, 526.80, 523.07, 556.82, 523.07, 30.02, 12.95
8.37, 24, white car, 916.92, 545.70, 948.67, 559.01, 932.79, 552.35, 916.92, 552.35, 948.67, 552.35, 31.76, 13.31
8.37, 26, white car, 524.64, 516.27, 554.24, 529.01, 539.44, 522.64, 524.64, 522.64, 554.24, 522.64, 29.61, 12.74
8.40, 24, white car, 913.80, 545.55, 945.66, 558.95, 929.73, 552.25, 913.80, 552.25, 945.66, 552.25, 31.86, 13.40
8.40, 26, white car, 522.82, 516.14, 552.03, 528.65, 537.43, 522.39, 522.82, 522.39, 552.03, 522.39, 29.21, 12.51
8.43, 24, white car, 910.76, 545.38, 943.11, 559.05, 926.93, 552.22, 910.76, 552.22, 943.11, 552.22, 32.34, 13.67
8.43, 26, white car, 520.83, 515.92, 549.91, 528.34, 535.37, 522.13, 520.83, 522.13, 549.91, 522.13, 29.09, 12.43
8.47, 24, white car, 908.12, 545.19, 940.18, 558.77, 924.15, 551.98, 908.12, 551.98, 940.18, 551.98, 32.06, 13.58
8.47, 26, white car, 518.24, 515.40, 547.71, 528.01, 532.97, 521.70, 518.24, 521.70, 547.71, 521.70, 29.47, 12.61
8.50, 24, white car, 904.78, 545.04, 936.79, 558.59, 920.78, 551.82, 904.78, 551.82, 936.79, 551.82, 32.01, 13.55
8.50, 26, white car, 515.48, 515.01, 545.28, 527.77, 530.38, 521.39, 515.48, 521.39, 545.28, 521.39, 29.80, 12.76
8.53, 24, white car, 901.95, 544.87, 933.55, 558.22, 917.75, 551.55, 901.95, 551.55, 933.55, 551.55, 31.60, 13.35
8.53, 26, white car, 512.74, 514.69, 542.77, 527.57, 527.75, 521.13, 512.74, 521.13, 542.77, 521.13, 30.03, 12.88
8.57, 24, white car, 898.77, 544.78, 930.12, 558.01, 914.45, 551.39, 898.77, 551.39, 930.12, 551.39, 31.35, 13.23
8.57, 26, white car, 510.61, 514.47, 539.98, 527.06, 525.29, 520.77, 510.61, 520.77, 539.98, 520.77, 29.37, 12.59
8.60, 24, white car, 894.83, 544.47, 927.71, 558.40, 911.27, 551.43, 894.83, 551.43, 927.71, 551.43, 32.89, 13.93
8.60, 26, white car, 508.31, 514.38, 537.70, 526.97, 523.00, 520.68, 508.31, 520.68, 537.70, 520.68, 29.39, 12.58
8.63, 24, white car, 892.07, 544.26, 925.15, 558.30, 908.61, 551.28, 892.07, 551.28, 925.15, 551.28, 33.08, 14.04
8.63, 26, white car, 505.71, 514.05, 535.80, 526.95, 520.76, 520.50, 505.71, 520.50, 535.80, 520.50, 30.09, 12.90
8.67, 24, white car, 889.32, 544.25, 922.57, 558.37, 905.94, 551.31, 889.32, 551.31, 922.57, 551.31, 33.25, 14.12
8.67, 26, white car, 503.12, 513.54, 533.58, 526.63, 518.35, 520.08, 503.12, 520.08, 533.58, 520.08, 30.46, 13.09
8.70, 24, white car, 886.07, 544.08, 919.42, 558.30, 902.75, 551.19, 886.07, 551.19, 919.42, 551.19, 33.35, 14.22
8.70, 26, white car, 500.57, 513.23, 531.08, 526.36, 515.82, 519.79, 500.57, 519.79, 531.08, 519.79, 30.51, 13.13
8.73, 24, white car, 882.85, 543.96, 916.55, 558.39, 899.70, 551.18, 882.85, 551.18, 916.55, 551.18, 33.70, 14.43
8.73, 26, white car, 497.96, 512.90, 528.85, 526.19, 513.41, 519.54, 497.96, 519.54, 528.85, 519.54, 30.89, 13.29
8.77, 24, white car, 879.96, 543.59, 914.09, 558.26, 897.02, 550.92, 879.96, 550.92, 914.09, 550.92, 34.13, 14.67
8.77, 26, white car, 495.90, 512.76, 526.45, 525.93, 511.17, 519.34, 495.90, 519.34, 526.45, 519.34, 30.55, 13.17
8.80, 24, white car, 877.34, 543.68, 910.86, 558.07, 894.10, 550.87, 877.34, 550.87, 910.86, 550.87, 33.52, 14.40
8.80, 26, white car, 493.98, 512.67, 524.40, 525.79, 509.19, 519.23, 493.98, 519.23, 524.40, 519.23, 30.42, 13.12
8.83, 24, white car, 874.44, 543.53, 907.39, 557.71, 890.91, 550.62, 874.44, 550.62, 907.39, 550.62, 32.95, 14.18
8.83, 26, white car, 491.83, 512.53, 521.91, 525.50, 506.87, 519.01, 491.83, 519.01, 521.91, 519.01, 30.07, 12.97
8.87, 24, white car, 871.75, 543.61, 904.41, 557.72, 888.08, 550.66, 871.75, 550.66, 904.41, 550.66, 32.65, 14.10
8.87, 26, white car, 489.38, 512.33, 519.02, 525.14, 504.20, 518.74, 489.38, 518.74, 519.02, 518.74, 29.64, 12.81
8.90, 24, white car, 868.77, 543.52, 901.34, 557.62, 885.06, 550.57, 868.77, 550.57, 901.34, 550.57, 32.57, 14.10
8.90, 26, white car, 487.16, 512.00, 516.98, 524.93, 502.07, 518.47, 487.16, 518.47, 516.98, 518.47, 29.81, 12.92
8.93, 24, white car, 865.42, 543.07, 898.51, 557.45, 881.97, 550.26, 865.42, 550.26, 898.51, 550.26, 33.09, 14.38
8.93, 26, white car, 484.73, 511.73, 515.06, 524.90, 499.89, 518.31, 484.73, 518.31, 515.06, 518.31, 30.34, 13.17
8.97, 24, white car, 862.57, 542.90, 895.37, 557.17, 878.97, 550.04, 862.57, 550.04, 895.37, 550.04, 32.80, 14.27
8.97, 26, white car, 482.51, 511.57, 513.00, 524.82, 497.76, 518.20, 482.51, 518.20, 513.00, 518.20, 30.49, 13.25
9.00, 24, white car, 859.51, 542.63, 892.41, 556.97, 875.96, 549.80, 859.51, 549.80, 892.41, 549.80, 32.90, 14.34
9.00, 26, white car, 480.15, 511.07, 511.09, 524.53, 495.62, 517.80, 480.15, 517.80, 511.09, 517.80, 30.94, 13.46
9.03, 24, white car, 856.45, 542.66, 889.30, 557.02, 872.88, 549.84, 856.45, 549.84, 889.30, 549.84, 32.85, 14.36
9.03, 26, white car, 477.74, 510.75, 508.82, 524.26, 493.28, 517.50, 477.74, 517.50, 508.82, 517.50, 31.08, 13.51
9.07, 24, white car, 853.02, 542.06, 886.55, 556.76, 869.79, 549.41, 853.02, 549.41, 886.55, 549.41, 33.53, 14.70
9.07, 26, white car, 475.71, 510.74, 506.35, 524.01, 491.03, 517.37, 475.71, 517.37, 506.35, 517.37, 30.64, 13.27
9.10, 24, white car, 850.18, 541.62, 883.93, 556.51, 867.06, 549.06, 850.18, 549.06, 883.93, 549.06, 33.75, 14.89
9.10, 26, white car, 473.37, 510.40, 504.00, 523.68, 488.69, 517.04, 473.37, 517.04, 504.00, 517.04, 30.62, 13.27
9.13, 24, white car, 847.40, 541.74, 880.23, 556.25, 863.82, 549.00, 847.40, 549.00, 880.23, 549.00, 32.84, 14.51
9.13, 26, white car, 470.40, 509.92, 502.14, 523.72, 486.27, 516.82, 470.40, 516.82, 502.14, 516.82, 31.74, 13.80
9.17, 24, white car, 844.90, 541.83, 876.98, 556.00, 860.94, 548.91, 844.90, 548.91, 876.98, 548.91, 32.08, 14.17
9.17, 26, white car, 468.14, 509.76, 500.06, 523.66, 484.10, 516.71, 468.14, 516.71, 500.06, 516.71, 31.92, 13.90
9.20, 24, white car, 842.57, 541.92, 874.08, 555.83, 858.32, 548.88, 842.57, 548.88, 874.08, 548.88, 31.51, 13.92
9.20, 26, white car, 465.93, 509.42, 497.68, 523.24, 481.81, 516.33, 465.93, 516.33, 497.68, 516.33, 31.75, 13.82
9.23, 24, white car, 839.68, 541.69, 871.41, 555.71, 855.54, 548.70, 839.68, 548.70, 871.41, 548.70, 31.72, 14.02
9.23, 26, white car, 463.65, 508.99, 495.70, 522.97, 479.67, 515.98, 463.65, 515.98, 495.70, 515.98, 32.05, 13.99
9.27, 24, white car, 836.57, 541.37, 868.57, 555.53, 852.57, 548.45, 836.57, 548.45, 868.57, 548.45, 32.01, 14.16
9.27, 26, white car, 461.27, 508.49, 493.74, 522.69, 477.51, 515.59, 461.27, 515.59, 493.74, 515.59, 32.47, 14.20
9.30, 24, white car, 833.83, 541.56, 865.18, 555.44, 849.51, 548.50, 833.83, 548.50, 865.18, 548.50, 31.36, 13.88
9.30, 26, white car, 459.12, 508.05, 491.42, 522.21, 475.27, 515.13, 459.12, 515.13, 491.42, 515.13, 32.30, 14.15
9.33, 24, white car, 831.16, 541.65, 862.23, 555.39, 846.69, 548.52, 831.16, 548.52, 862.23, 548.52, 31.06, 13.74
9.33, 26, white car, 456.78, 507.79, 488.73, 521.84, 472.75, 514.82, 456.78, 514.82, 488.73, 514.82, 31.96, 14.05
9.37, 24, white car, 828.39, 541.57, 859.33, 555.25, 843.86, 548.41, 828.39, 548.41, 859.33, 548.41, 30.95, 13.68
9.37, 26, white car, 454.84, 507.64, 486.72, 521.70, 470.78, 514.67, 454.84, 514.67, 486.72, 514.67, 31.88, 14.06
9.40, 24, white car, 825.06, 541.32, 856.52, 555.24, 840.79, 548.28, 825.06, 548.28, 856.52, 548.28, 31.46, 13.92
9.40, 26, white car, 452.71, 507.59, 484.44, 521.59, 468.57, 514.59, 452.71, 514.59, 484.44, 514.59, 31.73, 14.00
9.43, 24, white car, 822.10, 541.30, 853.18, 555.08, 837.64, 548.19, 822.10, 548.19, 853.18, 548.19, 31.09, 13.78
9.43, 26, white car, 450.50, 507.45, 482.32, 521.52, 466.41, 514.49, 450.50, 514.49, 482.32, 514.49, 31.82, 14.06
9.47, 24, white car, 819.50, 541.16, 850.23, 554.78, 834.87, 547.97, 819.50, 547.97, 850.23, 547.97, 30.72, 13.62
9.47, 26, white car, 448.19, 506.96, 479.72, 520.91, 463.96, 513.93, 448.19, 513.93, 479.72, 513.93, 31.53, 13.95
9.50, 24, white car, 816.84, 541.25, 847.00, 554.58, 831.92, 547.92, 816.84, 547.92, 847.00, 547.92, 30.15, 13.33
9.50, 26, white car, 446.13, 506.53, 477.47, 520.39, 461.80, 513.46, 446.13, 513.46, 477.47, 513.46, 31.33, 13.86
9.53, 24, white car, 813.47, 541.00, 843.91, 554.44, 828.69, 547.72, 813.47, 547.72, 843.91, 547.72, 30.44, 13.44
9.53, 26, white car, 444.11, 506.34, 474.97, 520.01, 459.54, 513.17, 444.11, 513.17, 474.97, 513.17, 30.86, 13.67
9.57, 24, white car, 810.77, 540.82, 841.35, 554.32, 826.06, 547.57, 810.77, 547.57, 841.35, 547.57, 30.58, 13.50
9.57, 26, white car, 441.77, 506.17, 472.42, 519.73, 457.09, 512.95, 441.77, 512.95, 472.42, 512.95, 30.64, 13.56
9.60, 24, white car, 807.88, 540.56, 838.35, 554.00, 823.12, 547.28, 807.88, 547.28, 838.35, 547.28, 30.47, 13.44
9.60, 26, white car, 439.42, 505.87, 470.39, 519.59, 454.90, 512.73, 439.42, 512.73, 470.39, 512.73, 30.97, 13.72
9.63, 24, white car, 804.69, 540.13, 835.65, 553.82, 820.17, 546.98, 804.69, 546.98, 835.65, 546.98, 30.96, 13.70
9.63, 26, white car, 437.22, 505.52, 468.92, 519.56, 453.07, 512.54, 437.22, 512.54, 468.92, 512.54, 31.70, 14.04
9.67, 24, white car, 801.80, 539.90, 832.90, 553.69, 817.35, 546.80, 801.80, 546.80, 832.90, 546.80, 31.11, 13.80
9.67, 26, white car, 434.88, 505.26, 466.95, 519.46, 450.92, 512.36, 434.88, 512.36, 466.95, 512.36, 32.08, 14.20
9.70, 24, white car, 798.93, 539.79, 829.87, 553.55, 814.40, 546.67, 798.93, 546.67, 829.87, 546.67, 30.93, 13.76
9.70, 26, white car, 432.48, 505.11, 464.68, 519.41, 448.58, 512.26, 432.48, 512.26, 464.68, 512.26, 32.20, 14.29
9.73, 24, white car, 795.69, 539.51, 827.22, 553.60, 811.46, 546.55, 795.69, 546.55, 827.22, 546.55, 31.53, 14.09
9.77, 24, white car, 793.05, 539.51, 824.19, 553.44, 808.62, 546.47, 793.05, 546.47, 824.19, 546.47, 31.15, 13.93
9.80, 24, white car, 790.47, 539.56, 821.31, 553.36, 805.89, 546.46, 790.47, 546.46, 821.31, 546.46, 30.84, 13.80
9.83, 24, white car, 788.13, 539.73, 818.43, 553.26, 803.28, 546.50, 788.13, 546.50, 818.43, 546.50, 30.30, 13.53
9.83, 26, white car, 423.04, 503.80, 455.93, 518.52, 439.49, 511.16, 423.04, 511.16, 455.93, 511.16, 32.89, 14.72
9.87, 24, white car, 784.67, 539.48, 815.37, 553.19, 800.02, 546.33, 784.67, 546.33, 815.37, 546.33, 30.70, 13.71
9.87, 26, white car, 420.93, 503.51, 453.99, 518.41, 437.46, 510.96, 420.93, 510.96, 453.99, 510.96, 33.07, 14.90
9.90, 24, white car, 781.46, 539.05, 812.82, 553.11, 797.14, 546.08, 781.46, 546.08, 812.82, 546.08, 31.37, 14.06
9.90, 26, white car, 419.00, 503.32, 451.52, 518.02, 435.26, 510.67, 419.00, 510.67, 451.52, 510.67, 32.52, 14.69
9.93, 24, white car, 778.30, 538.63, 810.17, 552.96, 794.24, 545.80, 778.30, 545.80, 810.17, 545.80, 31.87, 14.33
9.93, 26, white car, 417.18, 503.28, 448.75, 517.56, 432.96, 510.42, 417.18, 510.42, 448.75, 510.42, 31.57, 14.28
9.97, 24, white car, 775.97, 538.48, 807.45, 552.71, 791.71, 545.59, 775.97, 545.59, 807.45, 545.59, 31.48, 14.23
9.97, 26, white car, 414.82, 503.05, 446.18, 517.26, 430.50, 510.15, 414.82, 510.15, 446.18, 510.15, 31.36, 14.21
