0.00, 1, white car, 41.17, 527.95, 70.33, 540.68, 55.75, 534.32, 41.17, 534.32, 70.33, 534.32, 29.16, 12.74
0.00, 3, white car, 90.51, 530.40, 116.52, 542.17, 103.51, 536.28, 90.51, 536.28, 116.52, 536.28, 26.01, 11.77
0.00, 15, black car, 0.97, 525.12, 31.71, 539.03, 16.34, 532.08, 0.97, 532.08, 31.71, 532.08, 30.75, 13.91
0.03, 1, white car, 40.92, 527.93, 70.12, 540.69, 55.52, 534.31, 40.92, 534.31, 70.12, 534.31, 29.20, 12.76
0.03, 3, white car, 90.51, 530.39, 116.55, 542.18, 103.53, 536.28, 90.51, 536.28, 116.55, 536.28, 26.04, 11.79
0.03, 15, black car, 0.98, 525.26, 31.66, 539.14, 16.32, 532.20, 0.98, 532.20, 31.66, 532.20, 30.68, 13.88
0.07, 1, white car, 40.74, 527.89, 69.95, 540.65, 55.34, 534.27, 40.74, 534.27, 69.95, 534.27, 29.20, 12.76
0.07, 3, white car, 90.50, 530.38, 116.56, 542.18, 103.53, 536.28, 90.50, 536.28, 116.56, 536.28, 26.06, 11.79
0.07, 15, black car, 0.78, 525.31, 31.34, 539.14, 16.06, 532.22, 0.78, 532.22, 31.34, 532.22, 30.56, 13.83
0.10, 1, white car, 40.53, 527.86, 69.69, 540.62, 55.11, 534.24, 40.53, 534.24, 69.69, 534.24, 29.16, 12.75
0.10, 3, white car, 90.50, 530.38, 116.56, 542.18, 103.53, 536.28, 90.50, 536.28, 116.56, 536.28, 26.06, 11.80
0.10, 15, black car, 0.57, 525.34, 30.97, 539.12, 15.77, 532.23, 0.57, 532.23, 30.97, 532.23, 30.41, 13.78
0.13, 1, white car, 40.34, 527.81, 69.50, 540.57, 54.92, 534.19, 40.34, 534.19, 69.50, 534.19, 29.16, 12.76
0.13, 3, white car, 90.35, 530.34, 116.51, 542.18, 103.43, 536.26, 90.35, 536.26, 116.51, 536.26, 26.16, 11.84
0.13, 15, black car, 0.52, 525.44, 30.64, 539.10, 15.58, 532.27, 0.52, 532.27, 30.64, 532.27, 30.12, 13.67
0.17, 1, white car, 40.16, 527.76, 69.39, 540.57, 54.77, 534.17, 40.16, 534.17, 69.39, 534.17, 29.23, 12.80
0.17, 3, white car, 90.30, 530.32, 116.49, 542.18, 103.39, 536.25, 90.30, 536.25, 116.49, 536.25, 26.19, 11.85
0.17, 15, black car, 0.54, 525.50, 30.52, 539.13, 15.53, 532.32, 0.54, 532.32, 30.52, 532.32, 29.98, 13.63
0.20, 1, white car, 40.13, 527.76, 69.33, 540.56, 54.73, 534.16, 40.13, 534.16, 69.33, 534.16, 29.20, 12.80
0.20, 3, white car, 90.45, 530.35, 116.57, 542.18, 103.51, 536.26, 90.45, 536.26, 116.57, 536.26, 26.13, 11.83
0.20, 15, black car, 0.58, 525.52, 30.46, 539.13, 15.52, 532.33, 0.58, 532.33, 30.46, 532.33, 29.88, 13.61
0.23, 1, white car, 39.94, 527.78, 69.03, 540.54, 54.48, 534.16, 39.94, 534.16, 69.03, 534.16, 29.09, 12.76
0.23, 3, white car, 90.25, 530.34, 116.43, 542.20, 103.34, 536.27, 90.25, 536.27, 116.43, 536.27, 26.18, 11.86
0.23, 15, black car, 0.41, 525.57, 30.06, 539.12, 15.24, 532.35, 0.41, 532.35, 30.06, 532.35, 29.65, 13.55
0.27, 1, white car, 39.77, 527.79, 68.68, 540.49, 54.23, 534.14, 39.77, 534.14, 68.68, 534.14, 28.92, 12.69
0.27, 3, white car, 90.19, 530.34, 116.38, 542.21, 103.28, 536.28, 90.19, 536.28, 116.38, 536.28, 26.18, 11.87
0.27, 15, black car, 0.00, 525.45, 29.74, 539.34, 14.87, 532.40, 0.00, 532.40, 29.74, 532.40, 29.74, 13.89
0.30, 1, white car, 39.54, 527.70, 68.52, 540.44, 54.03, 534.07, 39.54, 534.07, 68.52, 534.07, 28.98, 12.74
0.30, 3, white car, 90.28, 530.30, 116.49, 542.18, 103.38, 536.24, 90.28, 536.24, 116.49, 536.24, 26.21, 11.88
0.30, 15, black car, 0.00, 525.30, 29.34, 539.31, 14.67, 532.30, 0.00, 532.30, 29.34, 532.30, 29.34, 14.01
0.33, 1, white car, 39.18, 527.68, 68.23, 540.48, 53.70, 534.08, 39.18, 534.08, 68.23, 534.08, 29.05, 12.79
0.33, 3, white car, 90.35, 530.33, 116.49, 542.18, 103.42, 536.26, 90.35, 536.26, 116.49, 536.26, 26.13, 11.85
0.33, 15, black car, 0.00, 525.23, 28.92, 539.20, 14.46, 532.21, 0.00, 532.21, 28.92, 532.21, 28.92, 13.97
0.37, 1, white car, 38.82, 527.67, 67.94, 540.53, 53.38, 534.10, 38.82, 534.10, 67.94, 534.10, 29.13, 12.85
0.37, 3, white car, 90.32, 530.34, 116.44, 542.19, 103.38, 536.27, 90.32, 536.27, 116.44, 536.27, 26.12, 11.84
0.37, 15, black car, 0.00, 525.13, 28.39, 539.04, 14.19, 532.09, 0.00, 532.09, 28.39, 532.09, 28.39, 13.91
0.40, 1, white car, 38.48, 527.64, 67.74, 540.57, 53.11, 534.11, 38.48, 534.11, 67.74, 534.11, 29.26, 12.93
0.40, 3, white car, 90.25, 530.35, 116.36, 542.19, 103.31, 536.27, 90.25, 536.27, 116.36, 536.27, 26.10, 11.84
0.40, 15, black car, 0.00, 525.01, 28.08, 538.90, 14.04, 531.96, 0.00, 531.96, 28.08, 531.96, 28.08, 13.90
0.43, 1, white car, 38.33, 527.72, 67.50, 540.62, 52.91, 534.17, 38.33, 534.17, 67.50, 534.17, 29.17, 12.91
0.43, 3, white car, 90.36, 530.42, 116.31, 542.18, 103.33, 536.30, 90.36, 536.30, 116.31, 536.30, 25.95, 11.76
0.43, 15, black car, 0.00, 525.05, 27.80, 538.87, 13.90, 531.96, 0.00, 531.96, 27.80, 531.96, 27.80, 13.82
0.47, 1, white car, 38.12, 527.69, 67.31, 540.63, 52.71, 534.16, 38.12, 534.16, 67.31, 534.16, 29.19, 12.94
0.47, 3, white car, 90.42, 530.43, 116.34, 542.17, 103.38, 536.30, 90.42, 536.30, 116.34, 536.30, 25.92, 11.75
0.47, 15, black car, 0.00, 525.01, 27.40, 538.78, 13.70, 531.89, 0.00, 531.89, 27.40, 531.89, 27.40, 13.77
0.50, 1, white car, 37.57, 527.56, 67.02, 540.64, 52.30, 534.10, 37.57, 534.10, 67.02, 534.10, 29.45, 13.08
0.50, 3, white car, 90.30, 530.43, 116.31, 542.22, 103.30, 536.33, 90.30, 536.33, 116.31, 536.33, 26.01, 11.80
0.50, 15, black car, 0.00, 524.94, 26.94, 538.66, 13.47, 531.80, 0.00, 531.80, 26.94, 531.80, 26.94, 13.72
0.53, 1, white car, 37.26, 527.51, 66.76, 540.63, 52.01, 534.07, 37.26, 534.07, 66.76, 534.07, 29.50, 13.11
0.53, 3, white car, 90.30, 530.43, 116.27, 542.22, 103.29, 536.33, 90.30, 536.33, 116.27, 536.33, 25.97, 11.78
0.53, 15, black car, 0.00, 524.83, 26.66, 538.53, 13.33, 531.68, 0.00, 531.68, 26.66, 531.68, 26.66, 13.71
0.57, 1, white car, 37.03, 527.53, 66.47, 540.62, 51.75, 534.07, 37.03, 534.07, 66.47, 534.07, 29.44, 13.10
0.57, 3, white car, 90.40, 530.44, 116.31, 542.19, 103.35, 536.32, 90.40, 536.32, 116.31, 536.32, 25.91, 11.76
0.57, 15, black car, 0.00, 524.84, 26.36, 538.49, 13.18, 531.66, 0.00, 531.66, 26.36, 531.66, 26.36, 13.65
0.60, 1, white car, 36.84, 527.60, 66.08, 540.61, 51.46, 534.10, 36.84, 534.10, 66.08, 534.10, 29.24, 13.02
0.60, 3, white car, 90.49, 530.57, 116.31, 542.28, 103.40, 536.43, 90.49, 536.43, 116.31, 536.43, 25.82, 11.71
0.60, 15, black car, 0.00, 524.98, 26.19, 538.63, 13.09, 531.81, 0.00, 531.81, 26.19, 531.81, 26.19, 13.65
0.63, 1, white car, 36.52, 527.62, 65.73, 540.62, 51.12, 534.12, 36.52, 534.12, 65.73, 534.12, 29.21, 13.00
0.63, 3, white car, 90.46, 530.59, 116.25, 542.28, 103.36, 536.43, 90.46, 536.43, 116.25, 536.43, 25.79, 11.68
0.63, 15, black car, 0.00, 525.10, 25.76, 538.72, 12.88, 531.91, 0.00, 531.91, 25.76, 531.91, 25.76, 13.62
0.67, 1, white car, 36.28, 527.57, 65.59, 540.61, 50.94, 534.09, 36.28, 534.09, 65.59, 534.09, 29.30, 13.04
0.67, 3, white car, 90.43, 530.54, 116.28, 542.25, 103.36, 536.40, 90.43, 536.40, 116.28, 536.40, 25.84, 11.71
0.67, 15, black car, 0.00, 525.05, 25.35, 538.66, 12.68, 531.86, 0.00, 531.86, 25.35, 531.86, 25.35, 13.61
0.70, 1, white car, 35.94, 527.60, 65.25, 540.65, 50.59, 534.13, 35.94, 534.13, 65.25, 534.13, 29.30, 13.05
0.70, 3, white car, 90.49, 530.63, 116.34, 542.33, 103.42, 536.48, 90.49, 536.48, 116.34, 536.48, 25.85, 11.70
0.70, 15, black car, 0.00, 525.04, 25.03, 538.62, 12.51, 531.83, 0.00, 531.83, 25.03, 531.83, 25.03, 13.57
0.73, 1, white car, 35.68, 527.62, 64.94, 540.67, 50.31, 534.15, 35.68, 534.15, 64.94, 534.15, 29.26, 13.05
0.73, 3, white car, 90.67, 530.66, 116.42, 542.31, 103.54, 536.48, 90.67, 536.48, 116.42, 536.48, 25.75, 11.65
0.73, 15, black car, 0.00, 525.09, 24.92, 538.71, 12.46, 531.90, 0.00, 531.90, 24.92, 531.90, 24.92, 13.63
0.77, 1, white car, 35.38, 527.65, 64.50, 540.66, 49.94, 534.15, 35.38, 534.15, 64.50, 534.15, 29.12, 13.01
0.77, 3, white car, 90.54, 530.69, 116.28, 542.33, 103.41, 536.51, 90.54, 536.51, 116.28, 536.51, 25.74, 11.64
0.77, 15, black car, 0.00, 525.23, 24.82, 538.97, 12.41, 532.10, 0.00, 532.10, 24.82, 532.10, 24.82, 13.75
0.80, 1, white car, 35.21, 527.65, 64.24, 540.63, 49.72, 534.14, 35.21, 534.14, 64.24, 534.14, 29.03, 12.98
0.80, 3, white car, 90.54, 530.73, 116.23, 542.33, 103.38, 536.53, 90.54, 536.53, 116.23, 536.53, 25.69, 11.60
0.80, 15, black car, 0.00, 525.49, 24.35, 538.95, 12.18, 532.22, 0.00, 532.22, 24.35, 532.22, 24.35, 13.46
0.83, 1, white car, 35.07, 527.60, 64.13, 540.60, 49.60, 534.10, 35.07, 534.10, 64.13, 534.10, 29.06, 13.00
0.83, 3, white car, 90.70, 530.69, 116.46, 542.31, 103.58, 536.50, 90.70, 536.50, 116.46, 536.50, 25.76, 11.62
0.83, 15, black car, 0.00, 525.51, 24.00, 538.85, 12.00, 532.18, 0.00, 532.18, 24.00, 532.18, 24.00, 13.33
0.87, 1, white car, 34.86, 527.63, 63.90, 540.61, 49.38, 534.12, 34.86, 534.12, 63.90, 534.12, 29.04, 12.98
0.87, 3, white car, 90.73, 530.74, 116.48, 542.35, 103.60, 536.55, 90.73, 536.55, 116.48, 536.55, 25.75, 11.61
0.87, 15, black car, 0.00, 525.70, 23.62, 538.88, 11.81, 532.29, 0.00, 532.29, 23.62, 532.29, 23.62, 13.18
0.90, 1, white car, 34.65, 527.63, 63.72, 540.62, 49.19, 534.13, 34.65, 534.13, 63.72, 534.13, 29.08, 12.98
0.90, 3, white car, 90.83, 530.75, 116.61, 542.37, 103.72, 536.56, 90.83, 536.56, 116.61, 536.56, 25.79, 11.62
0.90, 15, black car, 0.00, 525.78, 23.34, 538.85, 11.67, 532.32, 0.00, 532.32, 23.34, 532.32, 23.34, 13.08
0.93, 1, white car, 34.28, 527.64, 63.32, 540.59, 48.80, 534.12, 34.28, 534.12, 63.32, 534.12, 29.04, 12.95
0.93, 3, white car, 90.81, 530.70, 116.72, 542.35, 103.77, 536.53, 90.81, 536.53, 116.72, 536.53, 25.90, 11.66
0.93, 15, black car, 0.00, 525.72, 23.18, 538.79, 11.59, 532.26, 0.00, 532.26, 23.18, 532.26, 23.18, 13.07
0.97, 1, white car, 33.86, 527.63, 62.97, 540.61, 48.42, 534.12, 33.86, 534.12, 62.97, 534.12, 29.11, 12.98
0.97, 3, white car, 90.89, 530.71, 116.86, 542.39, 103.88, 536.55, 90.89, 536.55, 116.86, 536.55, 25.97, 11.68
0.97, 15, black car, 0.00, 525.75, 23.25, 539.01, 11.62, 532.38, 0.00, 532.38, 23.25, 532.38, 23.25, 13.26
1.00, 1, white car, 33.46, 527.57, 62.59, 540.56, 48.02, 534.07, 33.46, 534.07, 62.59, 534.07, 29.13, 12.99
1.00, 3, white car, 90.93, 530.70, 116.99, 542.41, 103.96, 536.55, 90.93, 536.55, 116.99, 536.55, 26.06, 11.71
1.00, 15, black car, 0.00, 525.83, 23.15, 539.14, 11.58, 532.48, 0.00, 532.48, 23.15, 532.48, 23.15, 13.31
1.03, 1, white car, 33.00, 527.54, 62.24, 540.57, 47.62, 534.05, 33.00, 534.05, 62.24, 534.05, 29.24, 13.03
1.03, 3, white car, 90.86, 530.82, 116.81, 542.46, 103.83, 536.64, 90.86, 536.64, 116.81, 536.64, 25.95, 11.64
1.03, 15, black car, 0.00, 525.82, 22.41, 539.03, 11.21, 532.42, 0.00, 532.42, 22.41, 532.42, 22.41, 13.21
1.07, 1, white car, 32.68, 527.53, 61.94, 540.56, 47.31, 534.05, 32.68, 534.05, 61.94, 534.05, 29.26, 13.03
1.07, 3, white car, 90.86, 530.82, 116.89, 542.49, 103.88, 536.66, 90.86, 536.66, 116.89, 536.66, 26.03, 11.67
1.07, 15, black car, 0.00, 525.74, 21.78, 538.89, 10.89, 532.32, 0.00, 532.32, 21.78, 532.32, 21.78, 13.15
1.10, 1, white car, 32.43, 527.52, 61.63, 540.52, 47.03, 534.02, 32.43, 534.02, 61.63, 534.02, 29.21, 13.00
1.10, 3, white car, 90.83, 530.76, 116.88, 542.43, 103.86, 536.59, 90.83, 536.59, 116.88, 536.59, 26.05, 11.67
1.10, 15, black car, 0.00, 525.68, 21.46, 538.75, 10.73, 532.22, 0.00, 532.22, 21.46, 532.22, 21.46, 13.07
1.13, 1, white car, 32.21, 527.53, 61.26, 540.46, 46.74, 534.00, 32.21, 534.00, 61.26, 534.00, 29.05, 12.92
1.13, 3, white car, 90.80, 530.74, 116.87, 542.42, 103.83, 536.58, 90.80, 536.58, 116.87, 536.58, 26.07, 11.68
1.13, 15, black car, 0.00, 525.67, 21.16, 538.72, 10.58, 532.19, 0.00, 532.19, 21.16, 532.19, 21.16, 13.05
1.17, 1, white car, 32.00, 527.54, 60.98, 540.42, 46.49, 533.98, 32.00, 533.98, 60.98, 533.98, 28.98, 12.88
1.17, 3, white car, 90.88, 530.74, 116.89, 542.38, 103.89, 536.56, 90.88, 536.56, 116.89, 536.56, 26.01, 11.64
1.17, 15, black car, 0.00, 525.57, 20.87, 538.59, 10.44, 532.08, 0.00, 532.08, 20.87, 532.08, 20.87, 13.02
1.20, 1, white car, 31.75, 527.57, 60.53, 540.35, 46.14, 533.96, 31.75, 533.96, 60.53, 533.96, 28.78, 12.78
1.20, 3, white car, 90.85, 530.73, 116.85, 542.36, 103.85, 536.54, 90.85, 536.54, 116.85, 536.54, 26.00, 11.63
1.20, 15, black car, 0.00, 525.55, 20.43, 538.50, 10.21, 532.03, 0.00, 532.03, 20.43, 532.03, 20.43, 12.95
1.23, 1, white car, 31.48, 527.59, 60.25, 540.35, 45.86, 533.97, 31.48, 533.97, 60.25, 533.97, 28.77, 12.77
1.23, 3, white car, 90.80, 530.71, 116.85, 542.35, 103.83, 536.53, 90.80, 536.53, 116.85, 536.53, 26.05, 11.64
1.23, 15, black car, 0.00, 525.48, 20.06, 538.48, 10.03, 531.98, 0.00, 531.98, 20.06, 531.98, 20.06, 13.00
1.27, 1, white car, 31.23, 527.55, 60.05, 540.34, 45.64, 533.94, 31.23, 533.94, 60.05, 533.94, 28.82, 12.78
1.27, 3, white car, 90.90, 530.69, 117.04, 542.36, 103.97, 536.53, 90.90, 536.53, 117.04, 536.53, 26.15, 11.68
1.27, 15, black car, 0.00, 525.53, 19.62, 538.48, 9.81, 532.01, 0.00, 532.01, 19.62, 532.01, 19.62, 12.95
1.30, 1, white car, 30.85, 527.47, 59.69, 540.25, 45.27, 533.86, 30.85, 533.86, 59.69, 533.86, 28.84, 12.78
1.30, 3, white car, 90.82, 530.69, 117.00, 542.37, 103.91, 536.53, 90.82, 536.53, 117.00, 536.53, 26.18, 11.68
1.30, 15, black car, 0.00, 525.67, 19.20, 538.52, 9.60, 532.10, 0.00, 532.10, 19.20, 532.10, 19.20, 12.85
1.33, 1, white car, 30.49, 527.41, 59.32, 540.18, 44.91, 533.80, 30.49, 533.80, 59.32, 533.80, 28.83, 12.76
1.33, 3, white car, 90.71, 530.68, 116.96, 542.38, 103.84, 536.53, 90.71, 536.53, 116.96, 536.53, 26.25, 11.70
1.33, 15, black car, 0.00, 525.70, 18.74, 538.55, 9.37, 532.13, 0.00, 532.13, 18.74, 532.13, 18.74, 12.85
1.37, 1, white car, 30.18, 527.39, 58.92, 540.10, 44.55, 533.75, 30.18, 533.75, 58.92, 533.75, 28.74, 12.71
1.37, 3, white car, 90.66, 530.67, 116.98, 542.40, 103.82, 536.54, 90.66, 536.54, 116.98, 536.54, 26.32, 11.72
1.37, 15, black car, 0.00, 525.78, 18.46, 538.65, 9.23, 532.22, 0.00, 532.22, 18.46, 532.22, 18.46, 12.86
1.40, 1, white car, 29.86, 527.44, 58.47, 540.06, 44.16, 533.75, 29.86, 533.75, 58.47, 533.75, 28.61, 12.63
1.40, 3, white car, 90.56, 530.66, 116.90, 542.37, 103.73, 536.52, 90.56, 536.52, 116.90, 536.52, 26.34, 11.72
1.40, 15, black car, 0.00, 525.92, 18.14, 538.68, 9.07, 532.30, 0.00, 532.30, 18.14, 532.30, 18.14, 12.77
1.43, 1, white car, 29.60, 527.44, 58.28, 540.07, 43.94, 533.76, 29.60, 533.76, 58.28, 533.76, 28.67, 12.63
1.43, 3, white car, 90.55, 530.66, 116.87, 542.37, 103.71, 536.51, 90.55, 536.51, 116.87, 536.51, 26.33, 11.71
1.43, 15, black car, 0.00, 525.95, 17.93, 538.70, 8.97, 532.32, 0.00, 532.32, 17.93, 532.32, 17.93, 12.75
1.47, 1, white car, 29.02, 527.36, 57.89, 540.05, 43.45, 533.70, 29.02, 533.70, 57.89, 533.70, 28.87, 12.69
1.47, 3, white car, 90.46, 530.66, 116.87, 542.40, 103.66, 536.53, 90.46, 536.53, 116.87, 536.53, 26.41, 11.74
1.47, 15, black car, 0.00, 525.86, 17.54, 538.71, 8.77, 532.29, 0.00, 532.29, 17.54, 532.29, 17.54, 12.85
1.50, 1, white car, 28.53, 527.36, 57.53, 540.09, 43.03, 533.72, 28.53, 533.72, 57.53, 533.72, 29.00, 12.73
1.50, 3, white car, 90.39, 530.69, 116.90, 542.48, 103.64, 536.58, 90.39, 536.58, 116.90, 536.58, 26.51, 11.78
1.50, 15, black car, 0.00, 525.81, 17.13, 538.73, 8.56, 532.27, 0.00, 532.27, 17.13, 532.27, 17.13, 12.92
1.53, 1, white car, 28.22, 527.40, 57.19, 540.10, 42.70, 533.75, 28.22, 533.75, 57.19, 533.75, 28.97, 12.70
1.53, 3, white car, 90.34, 530.69, 116.94, 542.52, 103.64, 536.60, 90.34, 536.60, 116.94, 536.60, 26.60, 11.83
1.53, 15, black car, 0.00, 525.82, 16.72, 538.74, 8.36, 532.28, 0.00, 532.28, 16.72, 532.28, 16.72, 12.92
1.57, 1, white car, 27.83, 527.37, 56.91, 540.09, 42.37, 533.73, 27.83, 533.73, 56.91, 533.73, 29.08, 12.73
1.57, 3, white car, 90.15, 530.75, 116.84, 542.62, 103.49, 536.68, 90.15, 536.68, 116.84, 536.68, 26.69, 11.86
1.57, 15, black car, 0.00, 525.74, 16.48, 538.70, 8.24, 532.22, 0.00, 532.22, 16.48, 532.22, 16.48, 12.96
1.60, 1, white car, 27.64, 527.37, 56.69, 540.06, 42.16, 533.72, 27.64, 533.72, 56.69, 533.72, 29.06, 12.69
1.60, 3, white car, 90.07, 530.78, 116.69, 542.61, 103.38, 536.70, 90.07, 536.70, 116.69, 536.70, 26.62, 11.83
1.60, 15, black car, 0.00, 525.80, 16.06, 538.72, 8.03, 532.26, 0.00, 532.26, 16.06, 532.26, 16.06, 12.92
1.63, 1, white car, 27.44, 527.33, 56.53, 540.00, 41.98, 533.66, 27.44, 533.66, 56.53, 533.66, 29.09, 12.67
1.63, 3, white car, 90.02, 530.76, 116.63, 542.58, 103.32, 536.67, 90.02, 536.67, 116.63, 536.67, 26.61, 11.82
1.63, 15, black car, 0.00, 525.88, 15.67, 538.70, 7.84, 532.29, 0.00, 532.29, 15.67, 532.29, 15.67, 12.82
1.67, 1, white car, 26.95, 527.30, 56.22, 540.02, 41.58, 533.66, 26.95, 533.66, 56.22, 533.66, 29.27, 12.72
1.67, 3, white car, 89.86, 530.76, 116.48, 542.58, 103.17, 536.67, 89.86, 536.67, 116.48, 536.67, 26.63, 11.82
1.67, 15, black car, 0.00, 525.94, 15.28, 538.69, 7.64, 532.32, 0.00, 532.32, 15.28, 532.32, 15.28, 12.75
1.70, 1, white car, 26.49, 527.36, 55.78, 540.07, 41.13, 533.71, 26.49, 533.71, 55.78, 533.71, 29.29, 12.72
1.70, 3, white car, 89.84, 530.80, 116.47, 542.61, 103.15, 536.70, 89.84, 536.70, 116.47, 536.70, 26.63, 11.81
1.70, 15, black car, 0.00, 525.89, 14.90, 538.57, 7.45, 532.23, 0.00, 532.23, 14.90, 532.23, 14.90, 12.69
1.73, 1, white car, 26.03, 527.32, 55.36, 540.05, 40.70, 533.69, 26.03, 533.69, 55.36, 533.69, 29.33, 12.73
1.73, 3, white car, 89.78, 530.80, 116.43, 542.63, 103.10, 536.72, 89.78, 536.72, 116.43, 536.72, 26.66, 11.82
1.73, 15, black car, 0.00, 525.70, 14.52, 538.46, 7.26, 532.08, 0.00, 532.08, 14.52, 532.08, 14.52, 12.76
1.77, 1, white car, 25.54, 527.32, 55.09, 540.15, 40.32, 533.74, 25.54, 533.74, 55.09, 533.74, 29.55, 12.82
1.77, 3, white car, 89.74, 530.86, 116.42, 542.69, 103.08, 536.78, 89.74, 536.78, 116.42, 536.78, 26.68, 11.83
1.77, 15, black car, 0.00, 525.52, 13.98, 538.45, 6.99, 531.98, 0.00, 531.98, 13.98, 531.98, 13.98, 12.92
1.80, 1, white car, 25.22, 527.35, 54.93, 540.23, 40.08, 533.79, 25.22, 533.79, 54.93, 533.79, 29.71, 12.88
1.80, 3, white car, 89.72, 530.91, 116.36, 542.71, 103.04, 536.81, 89.72, 536.81, 116.36, 536.81, 26.63, 11.81
1.80, 15, black car, 0.00, 525.57, 13.49, 538.46, 6.75, 532.02, 0.00, 532.02, 13.49, 532.02, 13.49, 12.89
1.83, 1, white car, 24.81, 527.36, 54.72, 540.32, 39.77, 533.84, 24.81, 533.84, 54.72, 533.84, 29.91, 12.96
1.83, 3, white car, 89.63, 530.91, 116.24, 542.71, 102.94, 536.81, 89.63, 536.81, 116.24, 536.81, 26.61, 11.80
1.83, 15, black car, 0.00, 525.69, 13.08, 538.49, 6.54, 532.09, 0.00, 532.09, 13.08, 532.09, 13.08, 12.80
1.87, 1, white car, 24.46, 527.45, 54.44, 540.45, 39.45, 533.95, 24.46, 533.95, 54.44, 533.95, 29.98, 12.99
1.87, 3, white car, 89.61, 530.94, 116.18, 542.71, 102.90, 536.83, 89.61, 536.83, 116.18, 536.83, 26.58, 11.77
1.87, 15, black car, 0.00, 525.87, 12.66, 538.49, 6.33, 532.18, 0.00, 532.18, 12.66, 532.18, 12.66, 12.62
1.90, 1, white car, 24.26, 527.49, 54.20, 540.47, 39.23, 533.98, 24.26, 533.98, 54.20, 533.98, 29.95, 12.98
1.90, 3, white car, 89.57, 530.95, 116.14, 542.72, 102.85, 536.83, 89.57, 536.83, 116.14, 536.83, 26.58, 11.76
1.90, 15, black car, 0.00, 526.03, 12.23, 538.54, 6.11, 532.28, 0.00, 532.28, 12.23, 532.28, 12.23, 12.51
1.93, 1, white car, 23.96, 527.44, 54.05, 540.52, 39.01, 533.98, 23.96, 533.98, 54.05, 533.98, 30.10, 13.08
1.93, 3, white car, 89.41, 530.89, 116.00, 542.65, 102.71, 536.77, 89.41, 536.77, 116.00, 536.77, 26.59, 11.76
1.93, 15, black car, 0.00, 525.96, 11.85, 538.53, 5.93, 532.25, 0.00, 532.25, 11.85, 532.25, 11.85, 12.56
1.97, 1, white car, 23.74, 527.55, 53.66, 540.58, 38.70, 534.07, 23.74, 534.07, 53.66, 534.07, 29.92, 13.03
1.97, 3, white car, 89.47, 530.88, 115.89, 542.56, 102.68, 536.72, 89.47, 536.72, 115.89, 536.72, 26.42, 11.68
1.97, 15, black car, 0.00, 525.76, 11.84, 538.65, 5.92, 532.20, 0.00, 532.20, 11.84, 532.20, 11.84, 12.88
2.00, 1, white car, 23.60, 527.41, 53.60, 540.51, 38.60, 533.96, 23.60, 533.96, 53.60, 533.96, 30.01, 13.10
2.00, 3, white car, 89.41, 530.76, 115.89, 542.48, 102.65, 536.62, 89.41, 536.62, 115.89, 536.62, 26.48, 11.71
2.00, 15, black car, 0.00, 525.75, 11.66, 538.70, 5.83, 532.23, 0.00, 532.23, 11.66, 532.23, 11.66, 12.95
2.03, 1, white car, 23.29, 527.44, 53.39, 540.61, 38.34, 534.03, 23.29, 534.03, 53.39, 534.03, 30.11, 13.16
2.03, 3, white car, 89.16, 530.72, 115.53, 542.39, 102.35, 536.55, 89.16, 536.55, 115.53, 536.55, 26.37, 11.67
2.03, 15, black car, 0.00, 525.97, 11.16, 538.85, 5.58, 532.41, 0.00, 532.41, 11.16, 532.41, 11.16, 12.88
2.07, 1, white car, 22.97, 527.41, 53.11, 540.61, 38.04, 534.01, 22.97, 534.01, 53.11, 534.01, 30.14, 13.20
2.07, 3, white car, 88.95, 530.70, 115.19, 542.31, 102.07, 536.50, 88.95, 536.50, 115.19, 536.50, 26.24, 11.61
2.07, 15, black car, 0.00, 526.08, 10.81, 538.83, 5.40, 532.46, 0.00, 532.46, 10.81, 532.46, 10.81, 12.75
2.10, 1, white car, 22.69, 527.40, 52.76, 540.58, 37.73, 533.99, 22.69, 533.99, 52.76, 533.99, 30.07, 13.19
2.10, 3, white car, 88.90, 530.69, 115.05, 542.25, 101.98, 536.47, 88.90, 536.47, 115.05, 536.47, 26.15, 11.56
2.10, 15, black car, 0.00, 526.22, 10.49, 538.75, 5.24, 532.49, 0.00, 532.49, 10.49, 532.49, 10.49, 12.53
2.13, 1, white car, 22.44, 527.44, 52.38, 540.59, 37.41, 534.02, 22.44, 534.02, 52.38, 534.02, 29.94, 13.15
2.13, 3, white car, 88.82, 530.73, 114.89, 542.25, 101.86, 536.49, 88.82, 536.49, 114.89, 536.49, 26.07, 11.52
2.13, 15, black car, 0.00, 526.26, 10.30, 538.72, 5.15, 532.49, 0.00, 532.49, 10.30, 532.49, 10.30, 12.46
2.17, 1, white car, 22.31, 527.43, 52.07, 540.50, 37.19, 533.96, 22.31, 533.96, 52.07, 533.96, 29.76, 13.07
2.17, 3, white car, 88.77, 530.71, 114.85, 542.22, 101.81, 536.46, 88.77, 536.46, 114.85, 536.46, 26.08, 11.51
2.17, 15, black car, 0.00, 526.51, 10.09, 538.74, 5.05, 532.63, 0.00, 532.63, 10.09, 532.63, 10.09, 12.23
2.20, 1, white car, 22.01, 527.48, 51.62, 540.49, 36.81, 533.98, 22.01, 533.98, 51.62, 533.98, 29.60, 13.01
2.20, 3, white car, 88.54, 530.70, 114.77, 542.27, 101.66, 536.48, 88.54, 536.48, 114.77, 536.48, 26.23, 11.57
2.23, 1, white car, 21.65, 527.49, 51.17, 540.45, 36.41, 533.97, 21.65, 533.97, 51.17, 533.97, 29.52, 12.97
2.23, 3, white car, 88.36, 530.73, 114.47, 542.23, 101.41, 536.48, 88.36, 536.48, 114.47, 536.48, 26.10, 11.50
2.27, 1, white car, 21.48, 527.48, 50.76, 540.35, 36.12, 533.91, 21.48, 533.91, 50.76, 533.91, 29.28, 12.87
2.27, 3, white car, 88.21, 530.72, 114.15, 542.14, 101.18, 536.43, 88.21, 536.43, 114.15, 536.43, 25.94, 11.42
2.30, 1, white car, 21.05, 527.50, 50.29, 540.35, 35.67, 533.92, 21.05, 533.92, 50.29, 533.92, 29.24, 12.85
2.30, 3, white car, 87.86, 530.68, 113.90, 542.13, 100.88, 536.41, 87.86, 536.41, 113.90, 536.41, 26.04, 11.46
2.33, 1, white car, 20.93, 527.43, 49.95, 540.19, 35.44, 533.81, 20.93, 533.81, 49.95, 533.81, 29.02, 12.75
2.33, 3, white car, 87.69, 530.67, 113.53, 542.02, 100.61, 536.34, 87.69, 536.34, 113.53, 536.34, 25.84, 11.35
2.37, 1, white car, 20.61, 527.38, 49.53, 540.06, 35.07, 533.72, 20.61, 533.72, 49.53, 533.72, 28.93, 12.67
2.37, 3, white car, 87.42, 530.64, 113.21, 541.96, 100.31, 536.30, 87.42, 536.30, 113.21, 536.30, 25.79, 11.31
2.40, 1, white car, 20.19, 527.34, 49.30, 540.06, 34.74, 533.70, 20.19, 533.70, 49.30, 533.70, 29.11, 12.72
2.40, 3, white car, 86.79, 530.57, 112.93, 542.03, 99.86, 536.30, 86.79, 536.30, 112.93, 536.30, 26.14, 11.46
2.43, 1, white car, 19.76, 527.28, 49.01, 540.02, 34.38, 533.65, 19.76, 533.65, 49.01, 533.65, 29.25, 12.74
2.43, 3, white car, 86.40, 530.53, 112.54, 541.98, 99.47, 536.26, 86.40, 536.26, 112.54, 536.26, 26.14, 11.45
2.47, 1, white car, 19.11, 527.24, 48.41, 539.99, 33.76, 533.62, 19.11, 533.62, 48.41, 533.62, 29.30, 12.75
2.47, 3, white car, 85.89, 530.48, 112.14, 541.96, 99.02, 536.22, 85.89, 536.22, 112.14, 536.22, 26.25, 11.49
2.50, 1, white car, 18.84, 527.21, 48.09, 539.93, 33.47, 533.57, 18.84, 533.57, 48.09, 533.57, 29.26, 12.72
2.50, 3, white car, 85.55, 530.40, 111.79, 541.88, 98.67, 536.14, 85.55, 536.14, 111.79, 536.14, 26.24, 11.48
2.53, 1, white car, 18.58, 527.21, 47.71, 539.86, 33.14, 533.54, 18.58, 533.54, 47.71, 533.54, 29.13, 12.65
2.53, 3, white car, 85.23, 530.30, 111.49, 541.79, 98.36, 536.05, 85.23, 536.05, 111.49, 536.05, 26.26, 11.49
2.57, 1, white car, 18.13, 527.22, 47.38, 539.92, 32.75, 533.57, 18.13, 533.57, 47.38, 533.57, 29.25, 12.71
2.57, 3, white car, 84.96, 530.33, 111.21, 541.83, 98.08, 536.08, 84.96, 536.08, 111.21, 536.08, 26.25, 11.49
2.60, 1, white car, 17.79, 527.22, 46.98, 539.89, 32.39, 533.55, 17.79, 533.55, 46.98, 533.55, 29.19, 12.68
2.60, 3, white car, 84.74, 530.38, 110.85, 541.81, 97.79, 536.10, 84.74, 536.10, 110.85, 536.10, 26.11, 11.43
2.63, 1, white car, 17.37, 527.18, 46.62, 539.89, 31.99, 533.54, 17.37, 533.54, 46.62, 533.54, 29.26, 12.71
2.63, 3, white car, 84.41, 530.40, 110.56, 541.86, 97.49, 536.13, 84.41, 536.13, 110.56, 536.13, 26.15, 11.45
2.67, 1, white car, 17.16, 527.16, 46.44, 539.90, 31.80, 533.53, 17.16, 533.53, 46.44, 533.53, 29.28, 12.73
2.67, 3, white car, 84.06, 530.42, 110.23, 541.88, 97.14, 536.15, 84.06, 536.15, 110.23, 536.15, 26.16, 11.46
2.70, 1, white car, 16.81, 527.15, 46.27, 539.98, 31.54, 533.56, 16.81, 533.56, 46.27, 533.56, 29.46, 12.83
2.70, 3, white car, 83.70, 530.43, 110.00, 541.96, 96.85, 536.20, 83.70, 536.20, 110.00, 536.20, 26.30, 11.53
2.73, 1, white car, 16.53, 527.13, 45.95, 539.95, 31.24, 533.54, 16.53, 533.54, 45.95, 533.54, 29.42, 12.81
2.73, 3, white car, 83.21, 530.43, 109.64, 542.01, 96.43, 536.22, 83.21, 536.22, 109.64, 536.22, 26.43, 11.58
2.77, 1, white car, 16.21, 527.15, 45.48, 539.89, 30.85, 533.52, 16.21, 533.52, 45.48, 533.52, 29.27, 12.75
2.77, 3, white car, 82.84, 530.50, 109.28, 542.07, 96.06, 536.29, 82.84, 536.29, 109.28, 536.29, 26.44, 11.57
2.80, 1, white car, 16.00, 527.18, 45.21, 539.90, 30.60, 533.54, 16.00, 533.54, 45.21, 533.54, 29.21, 12.72
2.80, 3, white car, 82.63, 530.55, 109.11, 542.12, 95.87, 536.33, 82.63, 536.33, 109.11, 536.33, 26.48, 11.57
2.83, 1, white car, 15.51, 527.24, 44.76, 539.98, 30.13, 533.61, 15.51, 533.61, 44.76, 533.61, 29.24, 12.74
2.83, 3, white car, 82.25, 530.57, 108.86, 542.17, 95.55, 536.37, 82.25, 536.37, 108.86, 536.37, 26.61, 11.61
2.87, 1, white car, 15.07, 527.29, 44.25, 539.99, 29.66, 533.64, 15.07, 533.64, 44.25, 533.64, 29.18, 12.70
2.87, 3, white car, 81.96, 530.59, 108.63, 542.20, 95.30, 536.40, 81.96, 536.40, 108.63, 536.40, 26.67, 11.61
2.90, 1, white car, 14.66, 527.28, 43.82, 539.98, 29.24, 533.63, 14.66, 533.63, 43.82, 533.63, 29.16, 12.70
2.90, 3, white car, 81.68, 530.59, 108.63, 542.31, 95.16, 536.45, 81.68, 536.45, 108.63, 536.45, 26.95, 11.71
2.93, 1, white car, 14.13, 527.31, 43.36, 540.06, 28.74, 533.68, 14.13, 533.68, 43.36, 533.68, 29.23, 12.74
2.93, 3, white car, 81.30, 530.61, 108.46, 542.41, 94.88, 536.51, 81.30, 536.51, 108.46, 536.51, 27.17, 11.80
2.97, 1, white car, 13.83, 527.34, 43.01, 540.05, 28.42, 533.70, 13.83, 533.70, 43.01, 533.70, 29.18, 12.71
2.97, 3, white car, 81.12, 530.64, 107.83, 542.21, 94.48, 536.42, 81.12, 536.42, 107.83, 536.42, 26.71, 11.57
3.00, 1, white car, 13.31, 527.29, 42.65, 540.06, 27.98, 533.68, 13.31, 533.68, 42.65, 533.68, 29.35, 12.76
3.00, 3, white car, 80.78, 530.63, 107.39, 542.14, 94.08, 536.39, 80.78, 536.39, 107.39, 536.39, 26.62, 11.52
3.03, 1, white car, 12.58, 527.24, 42.14, 540.11, 27.36, 533.67, 12.58, 533.67, 42.14, 533.67, 29.56, 12.86
3.03, 3, white car, 80.37, 530.63, 107.20, 542.24, 93.78, 536.43, 80.37, 536.43, 107.20, 536.43, 26.83, 11.61
3.07, 1, white car, 12.12, 527.18, 41.80, 540.12, 26.96, 533.65, 12.12, 533.65, 41.80, 533.65, 29.68, 12.94
3.07, 3, white car, 80.03, 530.59, 107.32, 542.38, 93.67, 536.49, 80.03, 536.49, 107.32, 536.49, 27.29, 11.80
3.10, 1, white car, 11.76, 527.25, 41.23, 540.10, 26.50, 533.68, 11.76, 533.68, 41.23, 533.68, 29.47, 12.85
3.10, 3, white car, 79.45, 530.49, 107.02, 542.38, 93.24, 536.44, 79.45, 536.44, 107.02, 536.44, 27.58, 11.89
3.13, 1, white car, 11.50, 527.31, 40.73, 540.05, 26.11, 533.68, 11.50, 533.68, 40.73, 533.68, 29.23, 12.73
3.13, 3, white car, 78.97, 530.43, 106.56, 542.30, 92.77, 536.36, 78.97, 536.36, 106.56, 536.36, 27.58, 11.88
3.17, 1, white car, 11.05, 527.35, 40.45, 540.18, 25.75, 533.76, 11.05, 533.76, 40.45, 533.76, 29.41, 12.83
3.17, 3, white car, 78.60, 530.41, 106.22, 542.29, 92.41, 536.35, 78.60, 536.35, 106.22, 536.35, 27.62, 11.89
3.20, 1, white car, 10.41, 527.19, 39.97, 540.12, 25.19, 533.65, 10.41, 533.65, 39.97, 533.65, 29.56, 12.92
3.20, 3, white car, 78.26, 530.37, 105.87, 542.23, 92.07, 536.30, 78.26, 536.30, 105.87, 536.30, 27.61, 11.86
3.23, 1, white car, 9.91, 527.16, 39.80, 540.27, 24.86, 533.72, 9.91, 533.72, 39.80, 533.72, 29.89, 13.11
3.23, 3, white car, 77.85, 530.38, 105.53, 542.27, 91.69, 536.33, 77.85, 536.33, 105.53, 536.33, 27.68, 11.88
3.27, 1, white car, 9.37, 527.01, 39.44, 540.23, 24.40, 533.62, 9.37, 533.62, 39.44, 533.62, 30.07, 13.22
3.27, 3, white car, 77.14, 530.35, 105.41, 542.48, 91.28, 536.42, 77.14, 536.42, 105.41, 536.42, 28.27, 12.13
3.30, 1, white car, 8.80, 526.97, 38.81, 540.17, 23.81, 533.57, 8.80, 533.57, 38.81, 533.57, 30.02, 13.20
3.30, 3, white car, 76.65, 530.48, 104.86, 542.54, 90.75, 536.51, 76.65, 536.51, 104.86, 536.51, 28.21, 12.06
3.33, 1, white car, 8.32, 526.90, 38.50, 540.17, 23.41, 533.54, 8.32, 533.54, 38.50, 533.54, 30.18, 13.27
3.33, 3, white car, 76.22, 530.39, 104.68, 542.51, 90.45, 536.45, 76.22, 536.45, 104.68, 536.45, 28.46, 12.11
3.37, 1, white car, 7.76, 526.92, 37.98, 540.22, 22.87, 533.57, 7.76, 533.57, 37.98, 533.57, 30.22, 13.30
3.37, 3, white car, 75.23, 530.37, 103.46, 542.35, 89.35, 536.36, 75.23, 536.36, 103.46, 536.36, 28.23, 11.98
3.40, 1, white car, 7.25, 526.95, 37.42, 540.23, 22.33, 533.59, 7.25, 533.59, 37.42, 533.59, 30.16, 13.28
3.40, 3, white car, 74.35, 530.44, 102.24, 542.27, 88.30, 536.35, 74.35, 536.35, 102.24, 536.35, 27.89, 11.83
3.43, 1, white car, 6.85, 526.98, 36.86, 540.21, 21.86, 533.59, 6.85, 533.59, 36.86, 533.59, 30.01, 13.23
3.43, 3, white car, 73.89, 530.58, 101.22, 542.15, 87.55, 536.37, 73.89, 536.37, 101.22, 536.37, 27.34, 11.57
3.47, 1, white car, 6.52, 526.98, 36.28, 540.12, 21.40, 533.55, 6.52, 533.55, 36.28, 533.55, 29.76, 13.14
3.47, 3, white car, 73.21, 530.65, 100.26, 542.12, 86.74, 536.39, 73.21, 536.39, 100.26, 536.39, 27.05, 11.47
3.50, 1, white car, 6.17, 526.98, 35.79, 540.04, 20.98, 533.51, 6.17, 533.51, 35.79, 533.51, 29.61, 13.06
3.50, 3, white car, 72.62, 530.59, 99.28, 541.94, 85.95, 536.27, 72.62, 536.27, 99.28, 536.27, 26.67, 11.34
3.53, 1, white car, 5.76, 526.96, 35.30, 539.96, 20.53, 533.46, 5.76, 533.46, 35.30, 533.46, 29.53, 13.00
3.57, 1, white car, 5.02, 526.96, 34.69, 540.01, 19.85, 533.48, 5.02, 533.48, 34.69, 533.48, 29.67, 13.06
3.57, 3, white car, 70.92, 530.23, 97.98, 541.77, 84.45, 536.00, 70.92, 536.00, 97.98, 536.00, 27.06, 11.54
3.60, 1, white car, 4.62, 526.98, 34.33, 540.04, 19.48, 533.51, 4.62, 533.51, 34.33, 533.51, 29.71, 13.06
3.60, 3, white car, 70.45, 530.17, 97.51, 541.73, 83.98, 535.95, 70.45, 535.95, 97.51, 535.95, 27.06, 11.57
3.63, 1, white car, 4.32, 526.99, 33.99, 540.03, 19.16, 533.51, 4.32, 533.51, 33.99, 533.51, 29.68, 13.03
3.63, 3, white car, 69.97, 530.18, 97.00, 541.76, 83.48, 535.97, 69.97, 535.97, 97.00, 535.97, 27.02, 11.58
3.67, 1, white car, 3.77, 527.02, 33.43, 540.02, 18.60, 533.52, 3.77, 533.52, 33.43, 533.52, 29.66, 13.00
3.67, 3, white car, 69.51, 530.21, 96.39, 541.75, 82.95, 535.98, 69.51, 535.98, 96.39, 535.98, 26.88, 11.55
3.70, 1, white car, 3.30, 527.04, 32.92, 540.01, 18.11, 533.52, 3.30, 533.52, 32.92, 533.52, 29.62, 12.97
3.70, 3, white car, 69.04, 530.29, 95.81, 541.81, 82.42, 536.05, 69.04, 536.05, 95.81, 536.05, 26.76, 11.53
3.73, 1, white car, 2.85, 527.04, 32.44, 540.00, 17.64, 533.52, 2.85, 533.52, 32.44, 533.52, 29.59, 12.96
3.73, 3, white car, 68.57, 530.36, 95.06, 541.77, 81.81, 536.07, 68.57, 536.07, 95.06, 536.07, 26.49, 11.42
3.77, 1, white car, 2.40, 527.05, 32.08, 540.04, 17.24, 533.55, 2.40, 533.55, 32.08, 533.55, 29.68, 12.99
3.77, 3, white car, 67.97, 530.35, 94.38, 541.74, 81.18, 536.05, 67.97, 536.05, 94.38, 536.05, 26.41, 11.38
3.80, 1, white car, 2.10, 527.07, 31.78, 540.05, 16.94, 533.56, 2.10, 533.56, 31.78, 533.56, 29.68, 12.98
3.80, 3, white car, 67.43, 530.37, 93.80, 541.74, 80.61, 536.05, 67.43, 536.05, 93.80, 536.05, 26.37, 11.37
3.83, 1, white car, 1.69, 527.08, 31.17, 539.98, 16.43, 533.53, 1.69, 533.53, 31.17, 533.53, 29.48, 12.90
3.83, 3, white car, 66.83, 530.43, 93.21, 541.82, 80.02, 536.12, 66.83, 536.12, 93.21, 536.12, 26.39, 11.39
3.87, 1, white car, 1.42, 527.14, 30.81, 540.02, 16.11, 533.58, 1.42, 533.58, 30.81, 533.58, 29.39, 12.88
3.87, 3, white car, 66.45, 530.54, 92.77, 541.91, 79.61, 536.22, 66.45, 536.22, 92.77, 536.22, 26.32, 11.37
3.90, 1, white car, 1.12, 527.13, 30.39, 539.98, 15.76, 533.55, 1.12, 533.55, 30.39, 533.55, 29.27, 12.85
3.90, 3, white car, 66.16, 530.62, 92.42, 541.97, 79.29, 536.29, 66.16, 536.29, 92.42, 536.29, 26.26, 11.35
3.93, 1, white car, 0.58, 527.13, 29.76, 539.98, 15.17, 533.55, 0.58, 533.55, 29.76, 533.55, 29.18, 12.85
3.93, 3, white car, 65.56, 530.57, 92.06, 542.04, 78.81, 536.31, 65.56, 536.31, 92.06, 536.31, 26.50, 11.47
3.97, 1, white car, 0.27, 527.30, 29.28, 540.12, 14.77, 533.71, 0.27, 533.71, 29.28, 533.71, 29.01, 12.83
3.97, 3, white car, 65.01, 530.62, 91.79, 542.22, 78.40, 536.42, 65.01, 536.42, 91.79, 536.42, 26.78, 11.60
4.00, 1, white car, 0.00, 527.18, 29.04, 540.13, 14.52, 533.65, 0.00, 533.65, 29.04, 533.65, 29.04, 12.95
4.00, 3, white car, 64.54, 530.45, 91.55, 542.15, 78.05, 536.30, 64.54, 536.30, 91.55, 536.30, 27.01, 11.71
4.03, 1, white car, 0.00, 527.15, 28.81, 540.18, 14.40, 533.66, 0.00, 533.66, 28.81, 533.66, 28.81, 13.03
4.03, 3, white car, 64.09, 530.40, 91.27, 542.20, 77.68, 536.30, 64.09, 536.30, 91.27, 536.30, 27.18, 11.79
4.07, 1, white car, 0.00, 527.19, 28.48, 540.19, 14.24, 533.69, 0.00, 533.69, 28.48, 533.69, 28.48, 13.00
4.07, 3, white car, 63.61, 530.39, 90.76, 542.18, 77.19, 536.28, 63.61, 536.28, 90.76, 536.28, 27.16, 11.80
4.10, 1, white car, 0.00, 527.21, 27.98, 540.11, 13.99, 533.66, 0.00, 533.66, 27.98, 533.66, 27.98, 12.89
4.10, 3, white car, 63.06, 530.32, 90.20, 542.13, 76.63, 536.23, 63.06, 536.23, 90.20, 536.23, 27.14, 11.81
4.13, 1, white car, 0.00, 527.25, 27.67, 540.13, 13.84, 533.69, 0.00, 533.69, 27.67, 533.69, 27.67, 12.88
4.13, 3, white car, 62.23, 530.42, 89.44, 542.28, 75.84, 536.35, 62.23, 536.35, 89.44, 536.35, 27.21, 11.86
4.17, 1, white car, 0.00, 527.35, 27.39, 540.15, 13.69, 533.75, 0.00, 533.75, 27.39, 533.75, 27.39, 12.80
4.17, 3, white car, 61.68, 530.49, 88.87, 542.35, 75.28, 536.42, 61.68, 536.42, 88.87, 536.42, 27.19, 11.86
4.20, 1, white car, 0.00, 527.42, 27.02, 540.19, 13.51, 533.80, 0.00, 533.80, 27.02, 533.80, 27.02, 12.77
4.20, 3, white car, 61.13, 530.47, 88.25, 542.30, 74.69, 536.39, 61.13, 536.39, 88.25, 536.39, 27.11, 11.83
4.23, 1, white car, 0.00, 527.45, 26.73, 540.30, 13.36, 533.88, 0.00, 533.88, 26.73, 533.88, 26.73, 12.85
4.23, 3, white car, 60.65, 530.47, 87.53, 542.19, 74.09, 536.33, 60.65, 536.33, 87.53, 536.33, 26.89, 11.72
4.27, 1, white car, 0.00, 527.46, 26.46, 540.32, 13.23, 533.89, 0.00, 533.89, 26.46, 533.89, 26.46, 12.85
4.27, 3, white car, 60.22, 530.49, 87.05, 542.16, 73.64, 536.32, 60.22, 536.32, 87.05, 536.32, 26.83, 11.67
4.30, 1, white car, 0.00, 527.31, 26.33, 540.33, 13.17, 533.82, 0.00, 533.82, 26.33, 533.82, 26.33, 13.01
4.30, 3, white car, 59.78, 530.54, 86.54, 542.16, 73.16, 536.35, 59.78, 536.35, 86.54, 536.35, 26.76, 11.63
4.33, 1, white car, 0.00, 527.30, 26.09, 540.31, 13.05, 533.81, 0.00, 533.81, 26.09, 533.81, 26.09, 13.00
4.33, 3, white car, 59.35, 530.51, 86.22, 542.18, 72.78, 536.34, 59.35, 536.34, 86.22, 536.34, 26.86, 11.67
4.37, 1, white car, 0.00, 527.36, 25.67, 540.19, 12.84, 533.77, 0.00, 533.77, 25.67, 533.77, 25.67, 12.83
4.37, 3, white car, 58.90, 530.46, 85.74, 542.12, 72.32, 536.29, 58.90, 536.29, 85.74, 536.29, 26.84, 11.65
4.40, 1, white car, 0.00, 527.58, 25.04, 540.11, 12.52, 533.85, 0.00, 533.85, 25.04, 533.85, 25.04, 12.53
4.40, 3, white car, 58.10, 530.44, 85.04, 542.12, 71.57, 536.28, 58.10, 536.28, 85.04, 536.28, 26.94, 11.68
4.43, 1, white car, 0.00, 527.70, 24.76, 540.20, 12.38, 533.95, 0.00, 533.95, 24.76, 533.95, 24.76, 12.50
4.43, 3, white car, 57.52, 530.33, 84.60, 542.06, 71.06, 536.19, 57.52, 536.19, 84.60, 536.19, 27.09, 11.73
4.47, 1, white car, 0.00, 527.68, 24.49, 540.24, 12.24, 533.96, 0.00, 533.96, 24.49, 533.96, 24.49, 12.55
4.47, 3, white car, 56.95, 530.22, 84.25, 542.04, 70.60, 536.13, 56.95, 536.13, 84.25, 536.13, 27.30, 11.82
4.50, 1, white car, 0.00, 527.79, 24.17, 540.40, 12.09, 534.10, 0.00, 534.10, 24.17, 534.10, 24.17, 12.61
4.50, 3, white car, 56.39, 530.25, 83.63, 542.05, 70.01, 536.15, 56.39, 536.15, 83.63, 536.15, 27.24, 11.79
4.53, 1, white car, 0.00, 527.91, 23.68, 540.38, 11.84, 534.15, 0.00, 534.15, 23.68, 534.15, 23.68, 12.48
4.53, 3, white car, 55.93, 530.20, 83.19, 542.01, 69.56, 536.10, 55.93, 536.10, 83.19, 536.10, 27.26, 11.81
4.57, 1, white car, 0.00, 527.82, 23.42, 540.31, 11.71, 534.06, 0.00, 534.06, 23.42, 534.06, 23.42, 12.49
4.57, 3, white car, 55.59, 530.24, 82.78, 542.03, 69.18, 536.14, 55.59, 536.14, 82.78, 536.14, 27.19, 11.79
4.60, 1, white car, 0.00, 527.60, 23.30, 540.34, 11.65, 533.97, 0.00, 533.97, 23.30, 533.97, 23.30, 12.75
4.60, 3, white car, 55.25, 530.27, 82.34, 542.03, 68.79, 536.15, 55.25, 536.15, 82.34, 536.15, 27.09, 11.76
4.63, 1, white car, 0.00, 527.29, 23.18, 540.24, 11.59, 533.76, 0.00, 533.76, 23.18, 533.76, 23.18, 12.95
4.63, 3, white car, 54.94, 530.25, 81.78, 541.89, 68.36, 536.07, 54.94, 536.07, 81.78, 536.07, 26.84, 11.65
4.67, 1, white car, 0.00, 527.08, 22.66, 540.15, 11.33, 533.62, 0.00, 533.62, 22.66, 533.62, 22.66, 13.08
4.67, 3, white car, 54.19, 530.20, 81.07, 541.86, 67.63, 536.03, 54.19, 536.03, 81.07, 536.03, 26.88, 11.66
4.70, 1, white car, 0.00, 527.00, 22.28, 540.15, 11.14, 533.58, 0.00, 533.58, 22.28, 533.58, 22.28, 13.15
4.70, 3, white car, 53.33, 530.10, 80.54, 541.92, 66.93, 536.01, 53.33, 536.01, 80.54, 536.01, 27.21, 11.81
4.73, 1, white car, 0.00, 526.99, 21.99, 540.15, 10.99, 533.57, 0.00, 533.57, 21.99, 533.57, 21.99, 13.16
4.73, 3, white car, 52.85, 530.15, 80.06, 541.98, 66.45, 536.07, 52.85, 536.07, 80.06, 536.07, 27.20, 11.83
4.77, 1, white car, 0.00, 526.81, 21.75, 540.16, 10.88, 533.49, 0.00, 533.49, 21.75, 533.49, 21.75, 13.35
4.77, 3, white car, 52.47, 530.24, 79.54, 542.03, 66.01, 536.13, 52.47, 536.13, 79.54, 536.13, 27.07, 11.78
4.80, 1, white car, 0.00, 526.74, 21.38, 540.13, 10.69, 533.43, 0.00, 533.43, 21.38, 533.43, 21.38, 13.39
4.83, 1, white car, 0.00, 526.74, 20.87, 540.01, 10.44, 533.38, 0.00, 533.38, 20.87, 533.38, 20.87, 13.27
4.87, 1, white car, 0.00, 526.93, 20.53, 540.14, 10.26, 533.53, 0.00, 533.53, 20.53, 533.53, 20.53, 13.20
4.87, 3, white car, 50.69, 530.26, 78.15, 542.22, 64.42, 536.24, 50.69, 536.24, 78.15, 536.24, 27.46, 11.96
4.90, 1, white car, 0.00, 527.04, 20.27, 540.22, 10.13, 533.63, 0.00, 533.63, 20.27, 533.63, 20.27, 13.18
4.90, 3, white car, 50.27, 530.18, 77.91, 542.23, 64.09, 536.21, 50.27, 536.21, 77.91, 536.21, 27.64, 12.05
4.93, 1, white car, 0.00, 527.12, 19.88, 540.25, 9.94, 533.69, 0.00, 533.69, 19.88, 533.69, 19.88, 13.14
4.93, 3, white car, 49.66, 530.08, 77.53, 542.23, 63.60, 536.16, 49.66, 536.16, 77.53, 536.16, 27.88, 12.14
4.97, 1, white car, 0.00, 527.14, 19.60, 540.42, 9.80, 533.78, 0.00, 533.78, 19.60, 533.78, 19.60, 13.28
4.97, 3, white car, 48.97, 529.86, 77.38, 542.25, 63.17, 536.05, 48.97, 536.05, 77.38, 536.05, 28.41, 12.40
5.00, 1, white car, 0.00, 527.19, 19.23, 540.44, 9.62, 533.81, 0.00, 533.81, 19.23, 533.81, 19.23, 13.24
5.00, 3, white car, 48.47, 529.72, 77.07, 542.22, 62.77, 535.97, 48.47, 535.97, 77.07, 535.97, 28.60, 12.50
5.03, 1, white car, 0.00, 527.24, 18.87, 540.49, 9.43, 533.87, 0.00, 533.87, 18.87, 533.87, 18.87, 13.25
5.03, 3, white car, 48.05, 529.62, 76.57, 542.10, 62.31, 535.86, 48.05, 535.86, 76.57, 535.86, 28.52, 12.48
5.07, 1, white car, 0.00, 527.10, 18.59, 540.49, 9.29, 533.79, 0.00, 533.79, 18.59, 533.79, 18.59, 13.39
5.07, 3, white car, 47.77, 529.73, 76.09, 542.12, 61.93, 535.93, 47.77, 535.93, 76.09, 535.93, 28.32, 12.39
5.10, 1, white car, 0.00, 527.13, 18.02, 540.46, 9.01, 533.79, 0.00, 533.79, 18.02, 533.79, 18.02, 13.34
5.10, 3, white car, 47.22, 529.80, 75.47, 542.15, 61.34, 535.97, 47.22, 535.97, 75.47, 535.97, 28.25, 12.36
5.13, 1, white car, 0.00, 527.26, 17.43, 540.38, 8.72, 533.82, 0.00, 533.82, 17.43, 533.82, 17.43, 13.12
5.13, 3, white car, 46.70, 529.76, 74.92, 542.10, 60.81, 535.93, 46.70, 535.93, 74.92, 535.93, 28.22, 12.34
5.17, 1, white car, 0.00, 527.27, 17.12, 540.34, 8.56, 533.81, 0.00, 533.81, 17.12, 533.81, 17.12, 13.07
5.17, 3, white car, 46.40, 529.72, 74.68, 542.07, 60.54, 535.90, 46.40, 535.90, 74.68, 535.90, 28.28, 12.35
5.20, 1, white car, 0.00, 527.10, 16.81, 540.07, 8.40, 533.59, 0.00, 533.59, 16.81, 533.59, 16.81, 12.97
5.20, 3, white car, 45.96, 529.60, 74.27, 541.96, 60.11, 535.78, 45.96, 535.78, 74.27, 535.78, 28.32, 12.35
5.23, 1, white car, 0.00, 527.15, 16.39, 540.05, 8.19, 533.60, 0.00, 533.60, 16.39, 533.60, 16.39, 12.90
5.23, 3, white car, 45.68, 529.59, 73.97, 541.92, 59.83, 535.75, 45.68, 535.75, 73.97, 535.75, 28.29, 12.33
5.27, 1, white car, 0.00, 527.16, 15.96, 540.11, 7.98, 533.63, 0.00, 533.63, 15.96, 533.63, 15.96, 12.96
5.27, 3, white car, 45.42, 529.69, 73.35, 541.85, 59.38, 535.77, 45.42, 535.77, 73.35, 535.77, 27.93, 12.17
5.30, 1, white car, 0.00, 527.23, 15.51, 540.14, 7.76, 533.69, 0.00, 533.69, 15.51, 533.69, 15.51, 12.91
5.30, 3, white car, 45.15, 529.64, 73.10, 541.82, 59.12, 535.73, 45.15, 535.73, 73.10, 535.73, 27.96, 12.18
5.33, 1, white car, 0.00, 527.25, 15.21, 540.15, 7.60, 533.70, 0.00, 533.70, 15.21, 533.70, 15.21, 12.90
5.33, 3, white car, 44.84, 529.63, 72.84, 541.84, 58.84, 535.73, 44.84, 535.73, 72.84, 535.73, 28.00, 12.21
5.37, 1, white car, 0.00, 527.10, 14.86, 540.06, 7.43, 533.58, 0.00, 533.58, 14.86, 533.58, 14.86, 12.96
5.37, 3, white car, 44.20, 529.63, 71.93, 541.72, 58.07, 535.68, 44.20, 535.68, 71.93, 535.68, 27.73, 12.09
5.40, 1, white car, 0.00, 526.93, 14.55, 540.04, 7.27, 533.48, 0.00, 533.48, 14.55, 533.48, 14.55, 13.11
5.40, 3, white car, 43.53, 529.57, 71.44, 541.73, 57.48, 535.65, 43.53, 535.65, 71.44, 535.65, 27.91, 12.16
5.43, 1, white car, 0.00, 526.84, 14.06, 539.87, 7.03, 533.36, 0.00, 533.36, 14.06, 533.36, 14.06, 13.03
5.43, 3, white car, 43.14, 529.54, 71.15, 541.75, 57.14, 535.64, 43.14, 535.64, 71.15, 535.64, 28.01, 12.21
5.47, 1, white car, 0.00, 526.87, 13.62, 539.77, 6.81, 533.32, 0.00, 533.32, 13.62, 533.32, 13.62, 12.90
5.47, 2, white car, 951.61, 541.06, 980.59, 554.80, 966.10, 547.93, 951.61, 547.93, 980.59, 547.93, 28.99, 13.74
5.47, 3, white car, 42.79, 529.51, 70.72, 541.70, 56.76, 535.61, 42.79, 535.61, 70.72, 535.61, 27.93, 12.19
5.50, 1, white car, 0.00, 526.89, 13.34, 539.70, 6.67, 533.30, 0.00, 533.30, 13.34, 533.30, 13.34, 12.82
5.50, 2, white car, 948.92, 541.05, 978.49, 555.04, 963.71, 548.04, 948.92, 548.04, 978.49, 548.04, 29.58, 13.99
5.50, 3, white car, 42.40, 529.42, 70.44, 541.65, 56.42, 535.53, 42.40, 535.53, 70.44, 535.53, 28.04, 12.23
5.53, 1, white car, 0.00, 526.79, 13.13, 539.73, 6.56, 533.26, 0.00, 533.26, 13.13, 533.26, 13.13, 12.95
5.53, 2, white car, 946.00, 541.32, 975.45, 555.22, 960.73, 548.27, 946.00, 548.27, 975.45, 548.27, 29.45, 13.90
5.53, 3, white car, 41.95, 529.43, 70.08, 541.72, 56.02, 535.57, 41.95, 535.57, 70.08, 535.57, 28.13, 12.28
5.57, 1, white car, 0.00, 526.58, 12.98, 539.90, 6.49, 533.24, 0.00, 533.24, 12.98, 533.24, 12.98, 13.32
5.57, 2, white car, 943.48, 541.58, 972.96, 555.51, 958.22, 548.54, 943.48, 548.54, 972.96, 548.54, 29.48, 13.93
5.57, 3, white car, 41.60, 529.50, 69.79, 541.83, 55.70, 535.67, 41.60, 535.67, 69.79, 535.67, 28.19, 12.33
5.60, 1, white car, 0.00, 526.61, 12.74, 540.11, 6.37, 533.36, 0.00, 533.36, 12.74, 533.36, 12.74, 13.50
5.60, 2, white car, 940.78, 541.51, 970.52, 555.56, 955.65, 548.53, 940.78, 548.53, 970.52, 548.53, 29.74, 14.05
5.60, 3, white car, 41.40, 529.60, 69.40, 541.87, 55.40, 535.73, 41.40, 535.73, 69.40, 535.73, 28.00, 12.27
5.63, 1, white car, 0.00, 526.86, 12.29, 540.23, 6.14, 533.55, 0.00, 533.55, 12.29, 533.55, 12.29, 13.37
5.63, 2, white car, 937.95, 541.46, 968.17, 555.79, 953.06, 548.62, 937.95, 548.62, 968.17, 548.62, 30.22, 14.33
5.63, 3, white car, 41.20, 529.60, 69.04, 541.82, 55.12, 535.71, 41.20, 535.71, 69.04, 535.71, 27.83, 12.22
5.67, 1, white car, 0.00, 526.96, 11.94, 540.26, 5.97, 533.61, 0.00, 533.61, 11.94, 533.61, 11.94, 13.29
5.67, 2, white car, 935.51, 541.65, 965.65, 555.99, 950.58, 548.82, 935.51, 548.82, 965.65, 548.82, 30.14, 14.35
5.67, 3, white car, 41.00, 529.66, 68.69, 541.83, 54.84, 535.74, 41.00, 535.74, 68.69, 535.74, 27.69, 12.17
5.70, 1, white car, 0.00, 527.05, 11.64, 540.33, 5.82, 533.69, 0.00, 533.69, 11.64, 533.69, 11.64, 13.28
5.70, 2, white car, 932.86, 541.84, 963.10, 556.24, 947.98, 549.04, 932.86, 549.04, 963.10, 549.04, 30.24, 14.40
5.70, 3, white car, 40.68, 529.73, 68.26, 541.87, 54.47, 535.80, 40.68, 535.80, 68.26, 535.80, 27.57, 12.14
5.73, 1, white car, 0.00, 527.10, 11.10, 540.33, 5.55, 533.72, 0.00, 533.72, 11.10, 533.72, 11.10, 13.24
5.73, 2, white car, 930.00, 541.96, 960.44, 556.49, 945.22, 549.22, 930.00, 549.22, 960.44, 549.22, 30.44, 14.52
5.73, 3, white car, 40.16, 529.68, 67.90, 541.92, 54.03, 535.80, 40.16, 535.80, 67.90, 535.80, 27.74, 12.24
5.77, 1, white car, 0.00, 527.21, 10.65, 540.27, 5.32, 533.74, 0.00, 533.74, 10.65, 533.74, 10.65, 13.06
5.77, 2, white car, 927.06, 542.11, 957.97, 556.87, 942.52, 549.49, 927.06, 549.49, 957.97, 549.49, 30.91, 14.76
5.77, 3, white car, 39.81, 529.64, 67.68, 541.95, 53.75, 535.80, 39.81, 535.80, 67.68, 535.80, 27.87, 12.31
5.80, 1, white car, 0.00, 527.31, 10.28, 540.03, 5.14, 533.67, 0.00, 533.67, 10.28, 533.67, 10.28, 12.72
5.80, 2, white car, 924.38, 542.19, 956.06, 557.33, 940.22, 549.76, 924.38, 549.76, 956.06, 549.76, 31.68, 15.15
5.80, 3, white car, 39.43, 529.55, 67.46, 541.95, 53.44, 535.75, 39.43, 535.75, 67.46, 535.75, 28.03, 12.39
5.83, 1, white car, 0.00, 527.39, 10.01, 539.98, 5.01, 533.69, 0.00, 533.69, 10.01, 533.69, 10.01, 12.59
5.83, 2, white car, 921.81, 542.37, 953.66, 557.61, 937.73, 549.99, 921.81, 549.99, 953.66, 549.99, 31.85, 15.24
5.83, 3, white car, 39.03, 529.55, 67.03, 541.95, 53.03, 535.75, 39.03, 535.75, 67.03, 535.75, 27.99, 12.40
5.87, 1, white car, 0.00, 527.47, 9.84, 540.00, 4.92, 533.73, 0.00, 533.73, 9.84, 533.73, 9.84, 12.53
5.87, 2, white car, 919.52, 542.75, 951.39, 557.98, 935.45, 550.36, 919.52, 550.36, 951.39, 550.36, 31.87, 15.24
5.87, 3, white car, 38.68, 529.55, 66.75, 542.00, 52.71, 535.78, 38.68, 535.78, 66.75, 535.78, 28.07, 12.45
5.90, 1, white car, 0.00, 527.46, 9.62, 540.06, 4.81, 533.76, 0.00, 533.76, 9.62, 533.76, 9.62, 12.61
5.90, 2, white car, 916.81, 542.89, 948.37, 557.97, 932.59, 550.43, 916.81, 550.43, 948.37, 550.43, 31.55, 15.08
5.90, 3, white car, 38.42, 529.58, 66.34, 541.97, 52.38, 535.77, 38.42, 535.77, 66.34, 535.77, 27.92, 12.40
5.93, 2, white car, 914.42, 543.14, 945.83, 558.17, 930.13, 550.65, 914.42, 550.65, 945.83, 550.65, 31.41, 15.03
5.97, 2, white car, 911.86, 543.28, 943.52, 558.42, 927.69, 550.85, 911.86, 550.85, 943.52, 550.85, 31.66, 15.13
5.97, 3, white car, 37.44, 529.69, 65.04, 541.96, 51.24, 535.82, 37.44, 535.82, 65.04, 535.82, 27.60, 12.27
6.00, 2, white car, 909.38, 543.41, 941.17, 558.59, 925.27, 551.00, 909.38, 551.00, 941.17, 551.00, 31.79, 15.18
6.03, 2, white car, 906.69, 543.70, 938.46, 558.85, 922.57, 551.28, 906.69, 551.28, 938.46, 551.28, 31.77, 15.15
6.03, 3, white car, 36.37, 529.66, 64.23, 542.06, 50.30, 535.86, 36.37, 535.86, 64.23, 535.86, 27.85, 12.40
6.07, 2, white car, 904.39, 543.95, 936.26, 559.12, 920.32, 551.53, 904.39, 551.53, 936.26, 551.53, 31.87, 15.17
6.07, 3, white car, 36.07, 529.58, 64.06, 542.06, 50.06, 535.82, 36.07, 535.82, 64.06, 535.82, 27.99, 12.48
6.10, 2, white car, 901.40, 544.10, 933.02, 559.17, 917.21, 551.63, 901.40, 551.63, 933.02, 551.63, 31.62, 15.07
6.10, 3, white car, 35.64, 529.48, 63.70, 541.99, 49.67, 535.73, 35.64, 535.73, 63.70, 535.73, 28.06, 12.51
6.13, 2, white car, 899.16, 544.60, 930.28, 559.40, 914.72, 552.00, 899.16, 552.00, 930.28, 552.00, 31.13, 14.80
6.13, 3, white car, 35.26, 529.41, 63.48, 541.99, 49.37, 535.70, 35.26, 535.70, 63.48, 535.70, 28.22, 12.58
6.17, 2, white car, 897.05, 544.84, 928.27, 559.67, 912.66, 552.26, 897.05, 552.26, 928.27, 552.26, 31.22, 14.83
6.17, 3, white car, 34.83, 529.35, 63.27, 542.03, 49.05, 535.69, 34.83, 535.69, 63.27, 535.69, 28.44, 12.68
6.20, 2, white car, 894.49, 545.07, 925.60, 559.86, 910.05, 552.47, 894.49, 552.47, 925.60, 552.47, 31.11, 14.78
6.20, 3, white car, 34.13, 529.21, 63.04, 542.09, 48.59, 535.65, 34.13, 535.65, 63.04, 535.65, 28.91, 12.88
6.23, 2, white car, 892.07, 545.26, 923.20, 560.07, 907.63, 552.66, 892.07, 552.66, 923.20, 552.66, 31.13, 14.81
6.23, 3, white car, 33.78, 529.16, 62.78, 542.07, 48.28, 535.61, 33.78, 535.61, 62.78, 535.61, 29.00, 12.91
6.27, 2, white car, 889.82, 545.28, 920.77, 560.01, 905.29, 552.65, 889.82, 552.65, 920.77, 552.65, 30.96, 14.73
6.30, 2, white car, 887.64, 545.59, 917.76, 559.88, 902.70, 552.74, 887.64, 552.74, 917.76, 552.74, 30.12, 14.29
6.30, 3, white car, 33.22, 529.30, 61.77, 541.98, 47.50, 535.64, 33.22, 535.64, 61.77, 535.64, 28.56, 12.68
6.33, 2, white car, 884.95, 545.90, 914.84, 560.01, 899.90, 552.95, 884.95, 552.95, 914.84, 552.95, 29.89, 14.11
6.33, 3, white car, 32.95, 529.21, 61.53, 541.89, 47.24, 535.55, 32.95, 535.55, 61.53, 535.55, 28.58, 12.68
6.37, 2, white car, 882.05, 546.06, 912.08, 560.17, 897.07, 553.12, 882.05, 553.12, 912.08, 553.12, 30.04, 14.10
6.37, 3, white car, 32.50, 529.16, 61.09, 541.84, 46.79, 535.50, 32.50, 535.50, 61.09, 535.50, 28.59, 12.67
6.40, 2, white car, 880.00, 546.28, 909.77, 560.20, 894.89, 553.24, 880.00, 553.24, 909.77, 553.24, 29.77, 13.92
6.40, 3, white car, 32.14, 529.15, 60.79, 541.83, 46.47, 535.49, 32.14, 535.49, 60.79, 535.49, 28.65, 12.68
6.43, 2, white car, 877.52, 546.33, 907.50, 560.29, 892.51, 553.31, 877.52, 553.31, 907.50, 553.31, 29.98, 13.96
6.43, 3, white car, 31.70, 529.09, 60.45, 541.82, 46.08, 535.45, 31.70, 535.45, 60.45, 535.45, 28.76, 12.72
6.47, 2, white car, 875.10, 546.54, 904.94, 560.39, 890.02, 553.47, 875.10, 553.47, 904.94, 553.47, 29.84, 13.85
6.47, 3, white car, 31.28, 529.12, 59.95, 541.80, 45.62, 535.46, 31.28, 535.46, 59.95, 535.46, 28.67, 12.68
6.50, 2, white car, 872.65, 546.70, 902.47, 560.48, 887.56, 553.59, 872.65, 553.59, 902.47, 553.59, 29.82, 13.77
6.50, 3, white car, 30.93, 529.18, 59.40, 541.78, 45.16, 535.48, 30.93, 535.48, 59.40, 535.48, 28.47, 12.61
6.53, 2, white car, 870.11, 546.87, 900.25, 560.74, 885.18, 553.80, 870.11, 553.80, 900.25, 553.80, 30.14, 13.87
6.53, 3, white car, 30.51, 529.20, 58.70, 541.69, 44.61, 535.44, 30.51, 535.44, 58.70, 535.44, 28.20, 12.49
6.57, 2, white car, 867.12, 546.88, 898.15, 561.13, 882.64, 554.00, 867.12, 554.00, 898.15, 554.00, 31.03, 14.25
6.57, 3, white car, 29.93, 529.20, 58.07, 541.67, 44.00, 535.44, 29.93, 535.44, 58.07, 535.44, 28.14, 12.47
6.60, 2, white car, 864.54, 546.99, 895.86, 561.37, 880.20, 554.18, 864.54, 554.18, 895.86, 554.18, 31.31, 14.38
6.60, 3, white car, 29.49, 529.24, 57.58, 541.69, 43.53, 535.47, 29.49, 535.47, 57.58, 535.47, 28.09, 12.45
6.63, 2, white car, 862.20, 547.08, 893.68, 561.53, 877.94, 554.30, 862.20, 554.30, 893.68, 554.30, 31.48, 14.44
6.63, 3, white car, 28.93, 529.24, 57.03, 541.68, 42.98, 535.46, 28.93, 535.46, 57.03, 535.46, 28.09, 12.44
6.67, 2, white car, 859.56, 547.19, 890.61, 561.46, 875.08, 554.32, 859.56, 554.32, 890.61, 554.32, 31.05, 14.27
6.67, 3, white car, 28.57, 529.22, 56.67, 541.65, 42.62, 535.43, 28.57, 535.43, 56.67, 535.43, 28.10, 12.43
6.70, 2, white car, 857.47, 547.56, 887.93, 561.54, 872.70, 554.55, 857.47, 554.55, 887.93, 554.55, 30.46, 13.98
6.70, 3, white car, 28.36, 529.25, 56.42, 541.63, 42.39, 535.44, 28.36, 535.44, 56.42, 535.44, 28.06, 12.39
6.73, 2, white car, 854.71, 547.67, 885.64, 561.85, 870.18, 554.76, 854.71, 554.76, 885.64, 554.76, 30.92, 14.18
6.73, 3, white car, 27.73, 529.27, 55.99, 541.73, 41.86, 535.50, 27.73, 535.50, 55.99, 535.50, 28.25, 12.46
6.77, 2, white car, 851.91, 547.84, 883.28, 562.26, 867.59, 555.05, 851.91, 555.05, 883.28, 555.05, 31.38, 14.42
6.77, 3, white car, 27.27, 529.30, 55.68, 541.83, 41.47, 535.57, 27.27, 535.57, 55.68, 535.57, 28.41, 12.52
6.80, 2, white car, 849.57, 548.01, 881.27, 562.60, 865.42, 555.31, 849.57, 555.31, 881.27, 555.31, 31.70, 14.59
6.80, 3, white car, 26.95, 529.28, 55.53, 541.89, 41.24, 535.58, 26.95, 535.58, 55.53, 535.58, 28.58, 12.61
6.83, 2, white car, 847.30, 548.23, 878.81, 562.73, 863.06, 555.48, 847.30, 555.48, 878.81, 555.48, 31.51, 14.51
6.83, 3, white car, 26.78, 529.37, 55.28, 541.95, 41.03, 535.66, 26.78, 535.66, 55.28, 535.66, 28.51, 12.58
6.87, 2, white car, 844.67, 548.24, 876.21, 562.78, 860.44, 555.51, 844.67, 555.51, 876.21, 555.51, 31.54, 14.54
6.90, 2, white car, 842.04, 548.28, 874.07, 563.06, 858.06, 555.67, 842.04, 555.67, 874.07, 555.67, 32.03, 14.78
6.90, 3, white car, 26.05, 529.40, 54.68, 542.06, 40.37, 535.73, 26.05, 535.73, 54.68, 535.73, 28.63, 12.66
6.93, 2, white car, 839.34, 548.39, 871.85, 563.43, 855.60, 555.91, 839.34, 555.91, 871.85, 555.91, 32.51, 15.04
6.93, 3, white car, 25.74, 529.38, 54.44, 542.09, 40.09, 535.74, 25.74, 535.74, 54.44, 535.74, 28.70, 12.71
6.97, 2, white car, 836.59, 548.34, 869.43, 563.61, 853.01, 555.97, 836.59, 555.97, 869.43, 555.97, 32.84, 15.26
6.97, 3, white car, 25.54, 529.36, 54.12, 542.02, 39.83, 535.69, 25.54, 535.69, 54.12, 535.69, 28.58, 12.66
7.00, 2, white car, 833.87, 548.29, 867.30, 563.90, 850.59, 556.10, 833.87, 556.10, 867.30, 556.10, 33.43, 15.61
7.00, 3, white car, 25.22, 529.26, 53.93, 541.97, 39.57, 535.62, 25.22, 535.62, 53.93, 535.62, 28.71, 12.72
7.03, 2, white car, 831.30, 548.47, 864.67, 564.11, 847.99, 556.29, 831.30, 556.29, 864.67, 556.29, 33.36, 15.63
7.07, 2, white car, 829.30, 548.58, 862.43, 564.15, 845.87, 556.37, 829.30, 556.37, 862.43, 556.37, 33.13, 15.57
7.10, 2, white car, 827.10, 548.68, 859.88, 564.06, 843.49, 556.37, 827.10, 556.37, 859.88, 556.37, 32.78, 15.38
7.10, 3, white car, 24.50, 529.23, 53.21, 541.95, 38.86, 535.59, 24.50, 535.59, 53.21, 535.59, 28.72, 12.72
7.13, 2, white car, 824.74, 548.94, 857.28, 564.20, 841.01, 556.57, 824.74, 556.57, 857.28, 556.57, 32.54, 15.26
7.13, 3, white car, 24.26, 529.25, 52.80, 541.90, 38.53, 535.58, 24.26, 535.58, 52.80, 535.58, 28.54, 12.65
7.17, 2, white car, 822.46, 549.18, 854.58, 564.26, 838.52, 556.72, 822.46, 556.72, 854.58, 556.72, 32.12, 15.07
7.17, 3, white car, 23.97, 529.28, 52.24, 541.83, 38.11, 535.56, 23.97, 535.56, 52.24, 535.56, 28.27, 12.55
7.20, 2, white car, 820.37, 549.55, 852.28, 564.49, 836.33, 557.02, 820.37, 557.02, 852.28, 557.02, 31.91, 14.93
7.23, 2, white car, 817.93, 549.62, 849.74, 564.48, 833.83, 557.05, 817.93, 557.05, 849.74, 557.05, 31.81, 14.86
7.27, 2, white car, 815.80, 549.78, 847.42, 564.53, 831.61, 557.16, 815.80, 557.16, 847.42, 557.16, 31.61, 14.75
7.30, 2, white car, 813.41, 550.09, 844.86, 564.71, 829.14, 557.40, 813.41, 557.40, 844.86, 557.40, 31.45, 14.62
7.33, 2, white car, 811.13, 550.27, 842.52, 564.85, 826.82, 557.56, 811.13, 557.56, 842.52, 557.56, 31.39, 14.58
7.37, 2, white car, 808.91, 550.63, 839.85, 564.97, 824.38, 557.80, 808.91, 557.80, 839.85, 557.80, 30.93, 14.33
7.37, 3, white car, 21.71, 529.09, 50.18, 541.77, 35.95, 535.43, 21.71, 535.43, 50.18, 535.43, 28.46, 12.68
7.40, 2, white car, 806.61, 550.78, 837.30, 564.93, 821.96, 557.85, 806.61, 557.85, 837.30, 557.85, 30.69, 14.15
7.40, 3, white car, 21.36, 529.06, 49.83, 541.75, 35.59, 535.40, 21.36, 535.40, 49.83, 535.40, 28.47, 12.69
7.43, 2, white car, 804.06, 550.66, 835.00, 564.91, 819.53, 557.79, 804.06, 557.79, 835.00, 557.79, 30.94, 14.25
7.47, 2, white car, 801.46, 550.72, 832.61, 565.07, 817.03, 557.90, 801.46, 557.90, 832.61, 557.90, 31.15, 14.35
7.50, 2, white car, 798.75, 550.75, 830.32, 565.27, 814.54, 558.01, 798.75, 558.01, 830.32, 558.01, 31.56, 14.53
7.53, 2, white car, 796.16, 550.74, 828.20, 565.52, 812.18, 558.13, 796.16, 558.13, 828.20, 558.13, 32.04, 14.78
7.53, 3, white car, 20.00, 528.72, 48.94, 541.61, 34.47, 535.16, 20.00, 535.16, 48.94, 535.16, 28.94, 12.90
7.57, 2, white car, 793.69, 550.81, 825.86, 565.66, 809.78, 558.24, 793.69, 558.24, 825.86, 558.24, 32.17, 14.86
7.57, 3, white car, 19.78, 528.63, 48.71, 541.51, 34.24, 535.07, 19.78, 535.07, 48.71, 535.07, 28.93, 12.88
7.60, 2, white car, 791.52, 550.68, 823.80, 565.57, 807.66, 558.13, 791.52, 558.13, 823.80, 558.13, 32.27, 14.89
7.60, 3, white car, 19.71, 528.57, 48.63, 541.43, 34.17, 535.00, 19.71, 535.00, 48.63, 535.00, 28.92, 12.85
7.63, 2, white car, 789.15, 550.59, 821.24, 565.41, 805.19, 558.00, 789.15, 558.00, 821.24, 558.00, 32.09, 14.82
7.63, 3, white car, 19.42, 528.61, 48.31, 541.42, 33.87, 535.02, 19.42, 535.02, 48.31, 535.02, 28.88, 12.81
7.67, 2, white car, 786.52, 550.53, 818.89, 565.51, 802.71, 558.02, 786.52, 558.02, 818.89, 558.02, 32.37, 14.98
7.70, 2, white car, 784.16, 550.53, 816.66, 565.60, 800.41, 558.07, 784.16, 558.07, 816.66, 558.07, 32.50, 15.07
7.73, 2, white car, 782.01, 550.72, 814.20, 565.67, 798.10, 558.20, 782.01, 558.20, 814.20, 558.20, 32.19, 14.95
7.73, 3, white car, 18.71, 528.58, 47.50, 541.33, 33.10, 534.95, 18.71, 534.95, 47.50, 534.95, 28.78, 12.75
7.77, 2, white car, 779.57, 550.80, 811.80, 565.76, 795.69, 558.28, 779.57, 558.28, 811.80, 558.28, 32.23, 14.97
7.77, 3, white car, 18.64, 528.58, 47.38, 541.29, 33.01, 534.93, 18.64, 534.93, 47.38, 534.93, 28.74, 12.71
7.80, 2, white car, 777.39, 550.79, 809.36, 565.61, 793.37, 558.20, 777.39, 558.20, 809.36, 558.20, 31.97, 14.82
7.80, 3, white car, 18.15, 528.50, 46.89, 541.19, 32.52, 534.84, 18.15, 534.84, 46.89, 534.84, 28.74, 12.69
7.83, 2, white car, 775.10, 550.81, 806.90, 565.54, 791.00, 558.17, 775.10, 558.17, 806.90, 558.17, 31.79, 14.73
7.83, 3, white car, 17.83, 528.48, 46.64, 541.17, 32.23, 534.83, 17.83, 534.83, 46.64, 534.83, 28.80, 12.69
7.87, 2, white car, 772.64, 550.79, 804.58, 565.58, 788.61, 558.19, 772.64, 558.19, 804.58, 558.19, 31.94, 14.79
7.87, 3, white car, 17.74, 528.46, 46.65, 541.18, 32.20, 534.82, 17.74, 534.82, 46.65, 534.82, 28.91, 12.72
7.90, 2, white car, 769.97, 550.79, 802.34, 565.78, 786.15, 558.29, 769.97, 558.29, 802.34, 558.29, 32.37, 14.98
7.90, 3, white car, 17.47, 528.47, 46.54, 541.24, 32.00, 534.85, 17.47, 534.85, 46.54, 534.85, 29.08, 12.77
7.93, 2, white car, 767.67, 551.03, 799.97, 566.02, 783.82, 558.53, 767.67, 558.53, 799.97, 558.53, 32.30, 14.99
7.93, 3, white car, 17.55, 528.55, 46.61, 541.28, 32.08, 534.92, 17.55, 534.92, 46.61, 534.92, 29.06, 12.73
7.97, 2, white car, 765.29, 551.01, 797.77, 566.11, 781.53, 558.56, 765.29, 558.56, 797.77, 558.56, 32.49, 15.10
7.97, 3, white car, 17.56, 528.49, 46.73, 541.24, 32.14, 534.87, 17.56, 534.87, 46.73, 534.87, 29.17, 12.75
8.00, 2, white car, 763.46, 551.12, 795.22, 565.86, 779.34, 558.49, 763.46, 558.49, 795.22, 558.49, 31.76, 14.74
8.00, 3, white car, 17.46, 528.48, 46.64, 541.23, 32.05, 534.85, 17.46, 534.85, 46.64, 534.85, 29.17, 12.75
8.03, 2, white car, 761.37, 551.28, 792.59, 565.76, 776.98, 558.52, 761.37, 558.52, 792.59, 558.52, 31.22, 14.48
8.03, 3, white car, 17.44, 528.51, 46.52, 541.21, 31.98, 534.86, 17.44, 534.86, 46.52, 534.86, 29.08, 12.69
8.07, 2, white car, 758.87, 551.02, 790.79, 565.83, 774.83, 558.43, 758.87, 558.43, 790.79, 558.43, 31.92, 14.81
8.07, 3, white car, 17.03, 528.37, 46.20, 541.11, 31.62, 534.74, 17.03, 534.74, 46.20, 534.74, 29.17, 12.74
8.10, 2, white car, 756.44, 551.18, 788.27, 565.93, 772.36, 558.55, 756.44, 558.55, 788.27, 558.55, 31.83, 14.75
8.10, 3, white car, 16.88, 528.36, 45.93, 541.06, 31.40, 534.71, 16.88, 534.71, 45.93, 534.71, 29.05, 12.70
8.13, 2, white car, 753.97, 551.30, 785.97, 566.16, 769.97, 558.73, 753.97, 558.73, 785.97, 558.73, 32.00, 14.86
8.13, 3, white car, 16.78, 528.29, 45.86, 541.02, 31.32, 534.65, 16.78, 534.65, 45.86, 534.65, 29.08, 12.73
8.17, 2, white car, 751.37, 551.23, 783.82, 566.32, 767.60, 558.78, 751.37, 558.78, 783.82, 558.78, 32.44, 15.09
8.17, 3, white car, 16.72, 528.32, 45.55, 540.94, 31.13, 534.63, 16.72, 534.63, 45.55, 534.63, 28.82, 12.62
8.20, 2, white car, 749.25, 551.10, 781.60, 566.13, 765.42, 558.62, 749.25, 558.62, 781.60, 558.62, 32.36, 15.03
8.20, 3, white car, 16.53, 528.39, 45.18, 540.94, 30.86, 534.66, 16.53, 534.66, 45.18, 534.66, 28.65, 12.55
8.23, 2, white car, 746.97, 550.99, 779.39, 566.08, 763.18, 558.54, 746.97, 558.54, 779.39, 558.54, 32.41, 15.09
8.23, 3, white car, 16.49, 528.36, 45.09, 540.90, 30.79, 534.63, 16.49, 534.63, 45.09, 534.63, 28.60, 12.54
8.27, 2, white car, 744.53, 550.97, 777.19, 566.20, 760.86, 558.59, 744.53, 558.59, 777.19, 558.59, 32.65, 15.23
8.27, 3, white car, 16.50, 528.47, 44.93, 540.94, 30.71, 534.71, 16.50, 534.71, 44.93, 534.71, 28.43, 12.47
8.30, 2, white car, 742.13, 550.93, 774.88, 566.22, 758.50, 558.57, 742.13, 558.57, 774.88, 558.57, 32.75, 15.29
8.30, 3, white car, 16.49, 528.56, 44.76, 540.96, 30.63, 534.76, 16.49, 534.76, 44.76, 534.76, 28.28, 12.40
8.33, 2, white car, 739.72, 551.06, 772.66, 566.47, 756.19, 558.76, 739.72, 558.76, 772.66, 558.76, 32.94, 15.42
8.33, 3, white car, 16.36, 528.62, 44.55, 540.98, 30.45, 534.80, 16.36, 534.80, 44.55, 534.80, 28.19, 12.36
8.37, 2, white car, 737.34, 551.10, 770.22, 566.51, 753.78, 558.80, 737.34, 558.80, 770.22, 558.80, 32.88, 15.42
8.37, 3, white car, 16.20, 528.61, 44.32, 540.95, 30.26, 534.78, 16.20, 534.78, 44.32, 534.78, 28.12, 12.34
8.40, 2, white car, 735.69, 551.13, 767.89, 566.20, 751.79, 558.67, 735.69, 558.67, 767.89, 558.67, 32.20, 15.07
8.40, 3, white car, 16.08, 528.50, 44.36, 540.92, 30.22, 534.71, 16.08, 534.71, 44.36, 534.71, 28.28, 12.42
8.43, 2, white car, 733.56, 551.18, 765.63, 566.18, 749.60, 558.68, 733.56, 558.68, 765.63, 558.68, 32.07, 15.00
8.43, 3, white car, 15.91, 528.46, 44.25, 540.92, 30.08, 534.69, 15.91, 534.69, 44.25, 534.69, 28.34, 12.46
8.47, 2, white car, 731.40, 551.18, 763.36, 566.12, 747.38, 558.65, 731.40, 558.65, 763.36, 558.65, 31.95, 14.94
8.47, 3, white car, 15.86, 528.44, 44.20, 540.91, 30.03, 534.67, 15.86, 534.67, 44.20, 534.67, 28.34, 12.47
8.50, 2, white car, 729.20, 551.36, 760.82, 566.11, 745.01, 558.74, 729.20, 558.74, 760.82, 558.74, 31.62, 14.75
8.50, 3, white car, 15.82, 528.43, 44.12, 540.90, 29.97, 534.67, 15.82, 534.67, 44.12, 534.67, 28.29, 12.47
8.53, 2, white car, 726.49, 551.47, 758.35, 566.33, 742.42, 558.90, 726.49, 558.90, 758.35, 558.90, 31.87, 14.87
8.53, 3, white car, 15.62, 528.43, 43.92, 540.91, 29.77, 534.67, 15.62, 534.67, 43.92, 534.67, 28.30, 12.48
8.57, 2, white car, 724.18, 551.54, 755.84, 566.32, 740.01, 558.93, 724.18, 558.93, 755.84, 558.93, 31.66, 14.78
8.57, 3, white car, 15.48, 528.41, 43.81, 540.92, 29.64, 534.66, 15.48, 534.66, 43.81, 534.66, 28.33, 12.51
8.60, 2, white car, 721.83, 551.57, 753.70, 566.42, 737.76, 558.99, 721.83, 558.99, 753.70, 558.99, 31.87, 14.85
8.60, 3, white car, 15.24, 528.40, 43.58, 540.92, 29.41, 534.66, 15.24, 534.66, 43.58, 534.66, 28.34, 12.52
8.63, 2, white car, 719.67, 551.70, 751.41, 566.46, 735.54, 559.08, 719.67, 559.08, 751.41, 559.08, 31.74, 14.76
8.63, 3, white car, 15.13, 528.40, 43.46, 540.92, 29.29, 534.66, 15.13, 534.66, 43.46, 534.66, 28.33, 12.52
8.67, 2, white car, 717.55, 551.68, 749.13, 566.36, 733.34, 559.02, 717.55, 559.02, 749.13, 559.02, 31.58, 14.68
8.67, 3, white car, 15.10, 528.37, 43.43, 540.90, 29.26, 534.64, 15.10, 534.64, 43.43, 534.64, 28.32, 12.52
8.70, 2, white car, 715.17, 551.78, 746.50, 566.32, 730.83, 559.05, 715.17, 559.05, 746.50, 559.05, 31.33, 14.54
8.70, 3, white car, 14.90, 528.34, 43.24, 540.87, 29.07, 534.60, 14.90, 534.60, 43.24, 534.60, 28.34, 12.53
8.73, 2, white car, 712.71, 551.65, 744.36, 566.34, 728.54, 558.99, 712.71, 558.99, 744.36, 558.99, 31.65, 14.69
8.73, 3, white car, 14.86, 528.35, 43.13, 540.84, 28.99, 534.60, 14.86, 534.60, 43.13, 534.60, 28.27, 12.49
8.77, 2, white car, 710.22, 551.66, 742.06, 566.46, 726.14, 559.06, 710.22, 559.06, 742.06, 559.06, 31.84, 14.80
8.77, 3, white car, 14.64, 528.31, 42.98, 540.83, 28.81, 534.57, 14.64, 534.57, 42.98, 534.57, 28.35, 12.52
8.80, 2, white car, 708.01, 551.52, 740.05, 566.41, 724.03, 558.97, 708.01, 558.97, 740.05, 558.97, 32.04, 14.89
8.80, 3, white car, 14.37, 528.25, 42.89, 540.83, 28.63, 534.54, 14.37, 534.54, 42.89, 534.54, 28.52, 12.58
8.83, 2, white car, 705.88, 551.41, 738.06, 566.36, 721.97, 558.89, 705.88, 558.89, 738.06, 558.89, 32.18, 14.96
8.83, 3, white car, 14.28, 528.22, 42.87, 540.83, 28.58, 534.52, 14.28, 534.52, 42.87, 534.52, 28.60, 12.61
8.87, 2, white car, 703.60, 551.17, 735.91, 566.22, 719.75, 558.70, 703.60, 558.70, 735.91, 558.70, 32.31, 15.04
8.87, 3, white car, 14.08, 528.19, 42.73, 540.83, 28.40, 534.51, 14.08, 534.51, 42.73, 534.51, 28.65, 12.64
8.90, 2, white car, 701.07, 551.11, 733.42, 566.23, 717.25, 558.67, 701.07, 558.67, 733.42, 558.67, 32.35, 15.12
8.90, 3, white car, 13.99, 528.17, 42.66, 540.82, 28.33, 534.50, 13.99, 534.50, 42.66, 534.50, 28.67, 12.65
8.93, 2, white car, 698.75, 550.97, 731.33, 566.20, 715.04, 558.59, 698.75, 558.59, 731.33, 558.59, 32.58, 15.24
8.93, 3, white car, 13.87, 528.12, 42.60, 540.81, 28.23, 534.47, 13.87, 534.47, 42.60, 534.47, 28.74, 12.69
8.97, 2, white car, 696.33, 551.17, 728.97, 566.46, 712.65, 558.81, 696.33, 558.81, 728.97, 558.81, 32.65, 15.29
8.97, 3, white car, 13.63, 528.11, 42.45, 540.84, 28.04, 534.48, 13.63, 534.48, 42.45, 534.48, 28.82, 12.73
9.00, 2, white car, 693.91, 551.05, 726.70, 566.43, 710.31, 558.74, 693.91, 558.74, 726.70, 558.74, 32.79, 15.39
9.00, 3, white car, 13.60, 528.10, 42.46, 540.85, 28.03, 534.48, 13.60, 534.48, 42.46, 534.48, 28.85, 12.76
9.03, 2, white car, 691.72, 551.05, 724.25, 566.32, 707.99, 558.69, 691.72, 558.69, 724.25, 558.69, 32.54, 15.27
9.03, 3, white car, 13.39, 528.08, 42.27, 540.87, 27.83, 534.48, 13.39, 534.48, 42.27, 534.48, 28.89, 12.78
9.07, 2, white car, 689.78, 551.12, 722.08, 566.26, 705.93, 558.69, 689.78, 558.69, 722.08, 558.69, 32.30, 15.13
9.07, 3, white car, 13.30, 528.07, 42.23, 540.89, 27.77, 534.48, 13.30, 534.48, 42.23, 534.48, 28.93, 12.81
9.10, 2, white car, 687.46, 551.14, 719.58, 566.19, 703.52, 558.67, 687.46, 558.67, 719.58, 558.67, 32.12, 15.05
9.10, 3, white car, 13.30, 528.07, 42.16, 540.87, 27.73, 534.47, 13.30, 534.47, 42.16, 534.47, 28.86, 12.79
9.13, 2, white car, 684.94, 551.07, 717.11, 566.13, 701.02, 558.60, 684.94, 558.60, 717.11, 558.60, 32.17, 15.06
9.13, 3, white car, 13.22, 528.08, 42.01, 540.86, 27.61, 534.47, 13.22, 534.47, 42.01, 534.47, 28.80, 12.77
9.17, 2, white car, 682.73, 551.15, 714.69, 566.12, 698.71, 558.63, 682.73, 558.63, 714.69, 558.63, 31.96, 14.96
9.17, 3, white car, 13.20, 528.07, 41.93, 540.81, 27.56, 534.44, 13.20, 534.44, 41.93, 534.44, 28.72, 12.75
9.20, 2, white car, 680.29, 551.19, 712.18, 566.10, 696.23, 558.65, 680.29, 558.65, 712.18, 558.65, 31.89, 14.91
9.20, 3, white car, 13.10, 528.07, 41.68, 540.76, 27.39, 534.41, 13.10, 534.41, 41.68, 534.41, 28.58, 12.69
9.23, 2, white car, 678.55, 551.27, 709.77, 565.85, 694.16, 558.56, 678.55, 558.56, 709.77, 558.56, 31.23, 14.57
9.23, 3, white car, 13.10, 528.08, 41.57, 540.73, 27.34, 534.41, 13.10, 534.41, 41.57, 534.41, 28.47, 12.64
9.27, 2, white car, 676.30, 551.29, 707.73, 565.92, 692.02, 558.61, 676.30, 558.61, 707.73, 558.61, 31.43, 14.63
9.27, 3, white car, 13.06, 528.05, 41.53, 540.69, 27.29, 534.37, 13.06, 534.37, 41.53, 534.37, 28.47, 12.65
9.30, 2, white car, 673.83, 551.29, 705.40, 565.97, 689.62, 558.63, 673.83, 558.63, 705.40, 558.63, 31.58, 14.68
9.30, 3, white car, 13.00, 528.07, 41.45, 540.71, 27.22, 534.39, 13.00, 534.39, 41.45, 534.39, 28.44, 12.64
9.33, 2, white car, 671.65, 551.28, 703.04, 565.84, 687.35, 558.56, 671.65, 558.56, 703.04, 558.56, 31.40, 14.56
9.33, 3, white car, 13.04, 528.07, 41.40, 540.66, 27.22, 534.37, 13.04, 534.37, 41.40, 534.37, 28.36, 12.60
9.37, 2, white car, 669.20, 551.26, 701.04, 566.04, 685.12, 558.65, 669.20, 558.65, 701.04, 558.65, 31.84, 14.78
9.37, 3, white car, 13.02, 528.00, 41.34, 540.59, 27.18, 534.29, 13.02, 534.29, 41.34, 534.29, 28.32, 12.58
9.40, 2, white car, 666.44, 551.06, 698.87, 566.12, 682.66, 558.59, 666.44, 558.59, 698.87, 558.59, 32.43, 15.06
9.40, 3, white car, 13.05, 527.98, 41.34, 540.54, 27.19, 534.26, 13.05, 534.26, 41.34, 534.26, 28.29, 12.57
9.40, 58, white car, 82.34, 532.22, 112.40, 544.70, 97.37, 538.46, 82.34, 538.46, 112.40, 538.46, 30.07, 12.48
9.43, 2, white car, 664.37, 550.74, 696.78, 565.77, 680.58, 558.26, 664.37, 558.26, 696.78, 558.26, 32.41, 15.04
9.43, 3, white car, 13.07, 527.94, 41.38, 540.51, 27.22, 534.22, 13.07, 534.22, 41.38, 534.22, 28.32, 12.58
9.43, 58, white car, 82.27, 532.23, 112.24, 544.67, 97.25, 538.45, 82.27, 538.45, 112.24, 538.45, 29.98, 12.44
9.47, 2, white car, 662.04, 550.59, 694.52, 565.67, 678.28, 558.13, 662.04, 558.13, 694.52, 558.13, 32.49, 15.08
9.47, 3, white car, 12.97, 527.91, 41.27, 540.48, 27.12, 534.20, 12.97, 534.20, 41.27, 534.20, 28.30, 12.56
9.47, 58, white car, 82.19, 532.22, 111.94, 544.55, 97.06, 538.39, 82.19, 538.39, 111.94, 538.39, 29.75, 12.33
9.50, 2, white car, 659.63, 550.49, 692.18, 565.62, 675.91, 558.06, 659.63, 558.06, 692.18, 558.06, 32.55, 15.13
9.50, 3, white car, 12.90, 527.91, 41.20, 540.48, 27.05, 534.19, 12.90, 534.19, 41.20, 534.19, 28.30, 12.57
9.50, 58, white car, 81.99, 532.25, 111.71, 544.56, 96.85, 538.40, 81.99, 538.40, 111.71, 538.40, 29.73, 12.31
9.53, 2, white car, 657.16, 550.21, 690.17, 565.60, 673.66, 557.91, 657.16, 557.91, 690.17, 557.91, 33.01, 15.39
9.53, 3, white car, 12.88, 527.91, 41.16, 540.47, 27.02, 534.19, 12.88, 534.19, 41.16, 534.19, 28.28, 12.56
9.53, 58, white car, 81.85, 532.26, 111.58, 544.55, 96.72, 538.41, 81.85, 538.41, 111.58, 538.41, 29.73, 12.29
9.57, 2, white car, 654.79, 550.26, 687.91, 565.75, 671.35, 558.00, 654.79, 558.00, 687.91, 558.00, 33.12, 15.49
9.57, 3, white car, 12.80, 527.92, 41.01, 540.45, 26.91, 534.19, 12.80, 534.19, 41.01, 534.19, 28.21, 12.53
9.57, 58, white car, 81.55, 532.26, 111.38, 544.56, 96.47, 538.41, 81.55, 538.41, 111.38, 538.41, 29.83, 12.30
9.60, 2, white car, 652.45, 550.37, 685.40, 565.79, 668.93, 558.08, 652.45, 558.08, 685.40, 558.08, 32.94, 15.43
9.60, 3, white car, 12.75, 527.93, 40.92, 540.45, 26.83, 534.19, 12.75, 534.19, 40.92, 534.19, 28.18, 12.52
9.60, 58, white car, 81.30, 532.23, 111.13, 544.49, 96.22, 538.36, 81.30, 538.36, 111.13, 538.36, 29.83, 12.26
9.63, 2, white car, 650.66, 550.29, 683.16, 565.48, 666.91, 557.89, 650.66, 557.89, 683.16, 557.89, 32.50, 15.19
9.63, 3, white car, 12.81, 527.90, 40.97, 540.41, 26.89, 534.16, 12.81, 534.16, 40.97, 534.16, 28.16, 12.51
9.63, 58, white car, 81.14, 532.19, 111.13, 544.47, 96.14, 538.33, 81.14, 538.33, 111.13, 538.33, 29.99, 12.28
9.67, 2, white car, 648.43, 550.30, 680.70, 565.37, 664.56, 557.83, 648.43, 557.83, 680.70, 557.83, 32.27, 15.07
9.67, 3, white car, 12.68, 527.90, 40.81, 540.39, 26.75, 534.15, 12.68, 534.15, 40.81, 534.15, 28.13, 12.49
9.67, 58, white car, 80.64, 532.21, 110.64, 544.44, 95.64, 538.33, 80.64, 538.33, 110.64, 538.33, 30.00, 12.23
9.70, 2, white car, 646.42, 550.25, 678.61, 565.30, 662.52, 557.78, 646.42, 557.78, 678.61, 557.78, 32.19, 15.05
9.70, 3, white car, 12.61, 527.89, 40.75, 540.39, 26.68, 534.14, 12.61, 534.14, 40.75, 534.14, 28.13, 12.50
9.70, 58, white car, 80.26, 532.20, 110.49, 544.46, 95.37, 538.33, 80.26, 538.33, 110.49, 538.33, 30.23, 12.26
9.73, 2, white car, 643.93, 550.35, 676.10, 565.37, 660.01, 557.86, 643.93, 557.86, 676.10, 557.86, 32.17, 15.02
9.73, 3, white car, 12.54, 527.91, 40.65, 540.40, 26.60, 534.15, 12.54, 534.15, 40.65, 534.15, 28.11, 12.49
9.73, 58, white car, 79.95, 532.17, 110.43, 544.47, 95.19, 538.32, 79.95, 538.32, 110.43, 538.32, 30.48, 12.30
9.77, 2, white car, 641.27, 550.57, 673.27, 565.51, 657.27, 558.04, 641.27, 558.04, 673.27, 558.04, 32.00, 14.94
9.77, 3, white car, 12.39, 527.91, 40.47, 540.39, 26.43, 534.15, 12.39, 534.15, 40.47, 534.15, 28.08, 12.48
9.77, 58, white car, 79.57, 532.11, 110.29, 544.44, 94.93, 538.28, 79.57, 538.28, 110.29, 538.28, 30.72, 12.34
9.80, 2, white car, 639.09, 550.67, 671.02, 565.57, 655.05, 558.12, 639.09, 558.12, 671.02, 558.12, 31.93, 14.90
9.80, 3, white car, 12.35, 527.94, 40.39, 540.41, 26.37, 534.18, 12.35, 534.18, 40.39, 534.18, 28.04, 12.47
9.80, 58, white car, 79.29, 532.08, 110.33, 544.49, 94.81, 538.29, 79.29, 538.29, 110.33, 538.29, 31.04, 12.41
9.83, 2, white car, 637.11, 550.54, 668.91, 565.32, 653.01, 557.93, 637.11, 557.93, 668.91, 557.93, 31.79, 14.78
9.83, 3, white car, 12.30, 527.97, 40.30, 540.43, 26.30, 534.20, 12.30, 534.20, 40.30, 534.20, 28.00, 12.46
9.83, 58, white car, 79.08, 532.05, 110.28, 544.46, 94.68, 538.25, 79.08, 538.25, 110.28, 538.25, 31.20, 12.41
9.87, 2, white car, 634.71, 550.51, 666.67, 565.34, 650.69, 557.92, 634.71, 557.92, 666.67, 557.92, 31.96, 14.84
9.87, 3, white car, 12.15, 528.01, 40.23, 540.50, 26.19, 534.25, 12.15, 534.25, 40.23, 534.25, 28.07, 12.49
9.87, 58, white car, 78.85, 532.07, 110.01, 544.39, 94.43, 538.23, 78.85, 538.23, 110.01, 538.23, 31.16, 12.32
9.90, 2, white car, 632.57, 550.58, 664.44, 565.37, 648.50, 557.98, 632.57, 557.98, 664.44, 557.98, 31.87, 14.79
9.90, 3, white car, 12.29, 528.04, 40.29, 540.50, 26.29, 534.27, 12.29, 534.27, 40.29, 534.27, 28.00, 12.46
9.90, 58, white car, 78.73, 532.06, 109.98, 544.35, 94.35, 538.21, 78.73, 538.21, 109.98, 538.21, 31.25, 12.29
9.93, 2, white car, 629.97, 550.57, 662.02, 565.41, 645.99, 557.99, 629.97, 557.99, 662.02, 557.99, 32.05, 14.84
9.93, 3, white car, 12.19, 528.06, 40.19, 540.51, 26.19, 534.28, 12.19, 534.28, 40.19, 534.28, 28.00, 12.45
9.93, 58, white car, 78.26, 532.02, 109.70, 544.31, 93.98, 538.16, 78.26, 538.16, 109.70, 538.16, 31.44, 12.29
9.97, 2, white car, 627.47, 550.43, 659.88, 565.42, 643.68, 557.93, 627.47, 557.93, 659.88, 557.93, 32.40, 14.99
9.97, 3, white car, 12.14, 528.17, 40.06, 540.58, 26.10, 534.37, 12.14, 534.37, 40.06, 534.37, 27.92, 12.42
9.97, 58, white car, 77.64, 531.94, 109.29, 544.28, 93.47, 538.11, 77.64, 538.11, 109.29, 538.11, 31.64, 12.33
