0.00, 55, white car, 0.00, 489.01, 13.05, 501.99, 6.53, 495.50, 0.00, 495.50, 13.05, 495.50, 13.05, 12.98
0.30, 62, black car, 1260.38, 506.43, 1292.77, 519.92, 1276.58, 513.17, 1260.38, 513.17, 1292.77, 513.17, 32.40, 13.49
0.33, 62, black car, 1257.59, 506.47, 1290.15, 520.02, 1273.87, 513.24, 1257.59, 513.24, 1290.15, 513.24, 32.57, 13.55
0.37, 62, black car, 1254.33, 506.49, 1287.02, 520.09, 1270.68, 513.29, 1254.33, 513.29, 1287.02, 513.29, 32.68, 13.60
0.40, 62, black car, 1250.63, 506.76, 1283.03, 520.26, 1266.83, 513.51, 1250.63, 513.51, 1283.03, 513.51, 32.40, 13.50
0.43, 62, black car, 1247.03, 506.81, 1279.32, 520.30, 1263.17, 513.55, 1247.03, 513.55, 1279.32, 513.55, 32.29, 13.49
0.47, 62, black car, 1243.98, 506.92, 1276.17, 520.41, 1260.07, 513.67, 1243.98, 513.67, 1276.17, 513.67, 32.18, 13.49
0.50, 62, black car, 1241.23, 506.58, 1273.56, 520.17, 1257.39, 513.38, 1241.23, 513.38, 1273.56, 513.38, 32.32, 13.59
0.53, 62, black car, 1237.61, 506.41, 1270.49, 520.27, 1254.05, 513.34, 1237.61, 513.34, 1270.49, 513.34, 32.88, 13.86
0.57, 62, black car, 1235.28, 506.58, 1267.42, 520.16, 1251.35, 513.37, 1235.28, 513.37, 1267.42, 513.37, 32.14, 13.59
0.60, 62, black car, 1232.88, 506.57, 1265.08, 520.23, 1248.98, 513.40, 1232.88, 513.40, 1265.08, 513.40, 32.20, 13.66
0.63, 62, black car, 1229.96, 506.84, 1262.07, 520.47, 1246.02, 513.66, 1229.96, 513.66, 1262.07, 513.66, 32.12, 13.63
0.67, 62, black car, 1226.67, 506.75, 1259.00, 520.46, 1242.84, 513.60, 1226.67, 513.60, 1259.00, 513.60, 32.33, 13.71
0.70, 62, black car, 1223.70, 506.83, 1255.93, 520.49, 1239.82, 513.66, 1223.70, 513.66, 1255.93, 513.66, 32.23, 13.66
0.73, 62, black car, 1221.26, 506.93, 1253.02, 520.38, 1237.14, 513.66, 1221.26, 513.66, 1253.02, 513.66, 31.76, 13.45
0.77, 62, black car, 1218.10, 506.88, 1250.31, 520.55, 1234.21, 513.72, 1218.10, 513.72, 1250.31, 513.72, 32.21, 13.67
0.80, 62, black car, 1215.47, 506.90, 1247.70, 520.60, 1231.59, 513.75, 1215.47, 513.75, 1247.70, 513.75, 32.23, 13.69
0.83, 62, black car, 1212.31, 506.99, 1244.92, 520.89, 1228.62, 513.94, 1212.31, 513.94, 1244.92, 513.94, 32.62, 13.90
0.87, 62, black car, 1208.97, 507.35, 1241.06, 521.03, 1225.02, 514.19, 1208.97, 514.19, 1241.06, 514.19, 32.08, 13.68
0.90, 62, black car, 1206.10, 507.47, 1238.05, 521.14, 1222.08, 514.31, 1206.10, 514.31, 1238.05, 514.31, 31.95, 13.67
0.90, 68, white car, 986.95, 519.36, 1009.59, 531.09, 998.27, 525.22, 986.95, 525.22, 1009.59, 525.22, 22.64, 11.73
0.93, 62, black car, 1203.17, 507.60, 1235.66, 521.54, 1219.41, 514.57, 1203.17, 514.57, 1235.66, 514.57, 32.49, 13.94
0.93, 68, white car, 984.71, 518.86, 1008.15, 531.01, 996.43, 524.93, 984.71, 524.93, 1008.15, 524.93, 23.44, 12.15
0.97, 62, black car, 1200.03, 507.64, 1232.66, 521.69, 1216.34, 514.66, 1200.03, 514.66, 1232.66, 514.66, 32.63, 14.05
0.97, 68, white car, 982.57, 518.89, 1005.55, 530.81, 994.06, 524.85, 982.57, 524.85, 1005.55, 524.85, 22.98, 11.91
1.00, 62, black car, 1197.68, 507.68, 1229.93, 521.63, 1213.80, 514.66, 1197.68, 514.66, 1229.93, 514.66, 32.25, 13.95
1.03, 62, black car, 1195.27, 507.80, 1227.21, 521.60, 1211.24, 514.70, 1195.27, 514.70, 1227.21, 514.70, 31.94, 13.80
1.07, 62, black car, 1192.77, 507.95, 1224.10, 521.49, 1208.44, 514.72, 1192.77, 514.72, 1224.10, 514.72, 31.33, 13.55
1.10, 62, black car, 1190.05, 508.31, 1220.94, 521.69, 1205.49, 515.00, 1190.05, 515.00, 1220.94, 515.00, 30.90, 13.37
1.10, 68, white car, 972.04, 519.16, 995.41, 531.30, 983.72, 525.23, 972.04, 525.23, 995.41, 525.23, 23.38, 12.14
1.13, 62, black car, 1186.56, 508.26, 1217.68, 521.71, 1202.12, 514.99, 1186.56, 514.99, 1217.68, 514.99, 31.11, 13.46
1.17, 62, black car, 1183.38, 508.47, 1214.64, 521.99, 1199.01, 515.23, 1183.38, 515.23, 1214.64, 515.23, 31.26, 13.51
1.20, 62, black car, 1180.47, 508.53, 1211.57, 521.95, 1196.02, 515.24, 1180.47, 515.24, 1211.57, 515.24, 31.10, 13.42
1.23, 62, black car, 1177.22, 508.41, 1209.17, 522.20, 1193.19, 515.30, 1177.22, 515.30, 1209.17, 515.30, 31.95, 13.80
1.27, 62, black car, 1174.57, 508.42, 1206.68, 522.25, 1190.62, 515.33, 1174.57, 515.33, 1206.68, 515.33, 32.11, 13.83
1.30, 62, black car, 1171.80, 508.68, 1203.50, 522.28, 1187.65, 515.48, 1171.80, 515.48, 1203.50, 515.48, 31.70, 13.60
1.30, 68, white car, 957.41, 519.85, 979.19, 531.08, 968.30, 525.46, 957.41, 525.46, 979.19, 525.46, 21.78, 11.23
1.33, 62, black car, 1168.59, 508.91, 1200.56, 522.64, 1184.58, 515.78, 1168.59, 515.78, 1200.56, 515.78, 31.96, 13.72
1.33, 68, white car, 954.31, 519.92, 976.50, 531.28, 965.41, 525.60, 954.31, 525.60, 976.50, 525.60, 22.19, 11.36
1.37, 62, black car, 1166.02, 508.90, 1197.44, 522.39, 1181.73, 515.65, 1166.02, 515.65, 1197.44, 515.65, 31.42, 13.49
1.40, 62, black car, 1162.95, 509.18, 1194.12, 522.58, 1178.53, 515.88, 1162.95, 515.88, 1194.12, 515.88, 31.17, 13.40
1.43, 62, black car, 1159.63, 509.30, 1191.17, 522.85, 1175.40, 516.08, 1159.63, 516.08, 1191.17, 516.08, 31.54, 13.55
1.47, 62, black car, 1156.88, 509.30, 1188.04, 522.74, 1172.46, 516.02, 1156.88, 516.02, 1188.04, 516.02, 31.16, 13.44
1.50, 62, black car, 1154.05, 509.57, 1185.34, 523.11, 1169.69, 516.34, 1154.05, 516.34, 1185.34, 516.34, 31.28, 13.54
1.53, 62, black car, 1152.10, 509.95, 1182.00, 522.87, 1167.05, 516.41, 1152.10, 516.41, 1182.00, 516.41, 29.91, 12.92
1.57, 62, black car, 1149.02, 510.03, 1179.52, 523.24, 1164.27, 516.64, 1149.02, 516.64, 1179.52, 516.64, 30.49, 13.21
1.57, 68, white car, 936.47, 519.67, 960.93, 532.22, 948.70, 525.95, 936.47, 525.95, 960.93, 525.95, 24.46, 12.55
1.60, 62, black car, 1145.69, 509.94, 1176.93, 523.51, 1161.31, 516.72, 1145.69, 516.72, 1176.93, 516.72, 31.24, 13.57
1.63, 62, black car, 1142.06, 509.58, 1173.76, 523.38, 1157.91, 516.48, 1142.06, 516.48, 1173.76, 516.48, 31.70, 13.80
1.63, 68, white car, 931.52, 519.65, 955.18, 531.89, 943.35, 525.77, 931.52, 525.77, 955.18, 525.77, 23.66, 12.24
1.67, 62, black car, 1139.66, 509.56, 1171.01, 523.21, 1155.34, 516.38, 1139.66, 516.38, 1171.01, 516.38, 31.35, 13.64
1.70, 62, black car, 1137.29, 509.72, 1168.07, 523.11, 1152.68, 516.42, 1137.29, 516.42, 1168.07, 516.42, 30.78, 13.38
1.73, 62, black car, 1135.45, 509.86, 1165.71, 523.08, 1150.58, 516.47, 1135.45, 516.47, 1165.71, 516.47, 30.27, 13.22
1.73, 68, white car, 924.77, 519.96, 947.83, 531.85, 936.30, 525.91, 924.77, 525.91, 947.83, 525.91, 23.06, 11.89
1.77, 62, black car, 1133.78, 510.11, 1163.50, 523.12, 1148.64, 516.61, 1133.78, 516.61, 1163.50, 516.61, 29.72, 13.01
1.80, 62, black car, 1131.39, 510.03, 1160.57, 522.83, 1145.98, 516.43, 1131.39, 516.43, 1160.57, 516.43, 29.17, 12.81
1.83, 62, black car, 1128.59, 510.16, 1157.57, 522.91, 1143.08, 516.53, 1128.59, 516.53, 1157.57, 516.53, 28.98, 12.75
1.87, 62, black car, 1125.40, 510.74, 1154.29, 523.41, 1139.85, 517.08, 1125.40, 517.08, 1154.29, 517.08, 28.89, 12.67
1.90, 62, black car, 1122.59, 511.05, 1150.92, 523.47, 1136.75, 517.26, 1122.59, 517.26, 1150.92, 517.26, 28.33, 12.42
1.93, 62, black car, 1119.44, 511.57, 1147.14, 523.65, 1133.29, 517.61, 1119.44, 517.61, 1147.14, 517.61, 27.70, 12.08
1.97, 62, black car, 1115.02, 511.33, 1144.06, 523.98, 1129.54, 517.65, 1115.02, 517.65, 1144.06, 517.65, 29.04, 12.65
2.00, 62, black car, 1112.22, 511.56, 1141.75, 524.41, 1126.98, 517.98, 1112.22, 517.98, 1141.75, 517.98, 29.53, 12.85
2.00, 68, white car, 904.30, 520.67, 926.69, 532.31, 915.50, 526.49, 904.30, 526.49, 926.69, 526.49, 22.40, 11.63
2.03, 62, black car, 1109.69, 511.75, 1139.56, 524.67, 1124.63, 518.21, 1109.69, 518.21, 1139.56, 518.21, 29.87, 12.93
2.07, 62, black car, 1106.93, 511.98, 1136.71, 524.90, 1121.82, 518.44, 1106.93, 518.44, 1136.71, 518.44, 29.78, 12.92
2.10, 62, black car, 1103.43, 512.14, 1133.38, 525.16, 1118.40, 518.65, 1103.43, 518.65, 1133.38, 518.65, 29.94, 13.02
2.13, 62, black car, 1100.12, 512.20, 1130.36, 525.37, 1115.24, 518.79, 1100.12, 518.79, 1130.36, 518.79, 30.23, 13.17
2.17, 62, black car, 1097.37, 512.09, 1127.96, 525.43, 1112.67, 518.76, 1097.37, 518.76, 1127.96, 518.76, 30.59, 13.34
2.20, 62, black car, 1094.95, 512.18, 1125.87, 525.63, 1110.41, 518.90, 1094.95, 518.90, 1125.87, 518.90, 30.92, 13.45
2.23, 62, black car, 1091.81, 512.08, 1123.73, 525.98, 1107.77, 519.03, 1091.81, 519.03, 1123.73, 519.03, 31.92, 13.90
2.27, 62, black car, 1088.97, 512.25, 1120.53, 525.97, 1104.75, 519.11, 1088.97, 519.11, 1120.53, 519.11, 31.57, 13.72
2.30, 62, black car, 1085.50, 512.11, 1116.99, 525.79, 1101.24, 518.95, 1085.50, 518.95, 1116.99, 518.95, 31.49, 13.68
2.33, 62, black car, 1083.01, 512.17, 1114.42, 525.83, 1098.72, 519.00, 1083.01, 519.00, 1114.42, 519.00, 31.41, 13.66
2.37, 62, black car, 1080.34, 512.08, 1111.39, 525.60, 1095.87, 518.84, 1080.34, 518.84, 1111.39, 518.84, 31.05, 13.52
2.37, 68, white car, 878.07, 521.40, 898.88, 532.13, 888.48, 526.76, 878.07, 526.76, 898.88, 526.76, 20.81, 10.73
2.40, 62, black car, 1078.00, 512.09, 1109.26, 525.72, 1093.63, 518.91, 1078.00, 518.91, 1109.26, 518.91, 31.26, 13.63
2.43, 62, black car, 1076.24, 512.50, 1106.36, 525.63, 1091.30, 519.07, 1076.24, 519.07, 1106.36, 519.07, 30.12, 13.12
2.47, 62, black car, 1072.23, 512.59, 1102.73, 525.93, 1087.48, 519.26, 1072.23, 519.26, 1102.73, 519.26, 30.50, 13.34
2.50, 62, black car, 1069.03, 512.58, 1099.60, 526.02, 1084.32, 519.30, 1069.03, 519.30, 1099.60, 519.30, 30.57, 13.44
2.53, 62, black car, 1066.57, 512.63, 1096.83, 525.98, 1081.70, 519.31, 1066.57, 519.31, 1096.83, 519.31, 30.26, 13.35
2.57, 62, black car, 1063.87, 513.23, 1094.25, 526.67, 1079.06, 519.95, 1063.87, 519.95, 1094.25, 519.95, 30.38, 13.45
2.60, 62, black car, 1061.40, 513.05, 1090.85, 526.08, 1076.12, 519.56, 1061.40, 519.56, 1090.85, 519.56, 29.45, 13.03
2.63, 62, black car, 1058.57, 513.11, 1087.71, 525.98, 1073.14, 519.55, 1058.57, 519.55, 1087.71, 519.55, 29.14, 12.87
2.67, 62, black car, 1055.85, 512.96, 1085.22, 525.95, 1070.53, 519.46, 1055.85, 519.46, 1085.22, 519.46, 29.37, 12.99
2.70, 62, black car, 1053.09, 513.08, 1082.48, 526.05, 1067.79, 519.57, 1053.09, 519.57, 1082.48, 519.57, 29.40, 12.97
2.73, 62, black car, 1049.91, 513.12, 1079.99, 526.40, 1064.95, 519.76, 1049.91, 519.76, 1079.99, 519.76, 30.08, 13.27
2.77, 62, black car, 1047.25, 513.21, 1076.87, 526.26, 1062.06, 519.73, 1047.25, 519.73, 1076.87, 519.73, 29.62, 13.05
2.77, 68, white car, 847.45, 521.55, 868.98, 532.38, 858.21, 526.97, 847.45, 526.97, 868.98, 526.97, 21.54, 10.83
2.80, 62, black car, 1043.82, 513.48, 1073.14, 526.39, 1058.48, 519.93, 1043.82, 519.93, 1073.14, 519.93, 29.32, 12.91
2.83, 62, black car, 1040.93, 513.50, 1070.58, 526.57, 1055.75, 520.04, 1040.93, 520.04, 1070.58, 520.04, 29.65, 13.07
2.83, 13, white car, 1342.17, 504.04, 1367.42, 515.72, 1354.80, 509.88, 1342.17, 509.88, 1367.42, 509.88, 25.26, 11.69
2.83, 68, white car, 842.92, 521.95, 864.68, 532.72, 853.80, 527.33, 842.92, 527.33, 864.68, 527.33, 21.76, 10.77
2.87, 62, black car, 1038.49, 513.56, 1068.34, 526.72, 1053.42, 520.14, 1038.49, 520.14, 1068.34, 520.14, 29.85, 13.16
2.87, 13, white car, 1338.27, 504.15, 1363.73, 515.91, 1351.00, 510.03, 1338.27, 510.03, 1363.73, 510.03, 25.46, 11.76
2.87, 68, white car, 840.33, 521.97, 862.33, 532.78, 851.33, 527.37, 840.33, 527.37, 862.33, 527.37, 22.00, 10.81
2.90, 62, black car, 1035.92, 513.81, 1065.72, 527.00, 1050.82, 520.41, 1035.92, 520.41, 1065.72, 520.41, 29.80, 13.18
2.93, 62, black car, 1032.84, 513.82, 1062.83, 527.13, 1047.83, 520.47, 1032.84, 520.47, 1062.83, 520.47, 29.98, 13.31
2.97, 62, black car, 1029.73, 514.40, 1058.92, 527.31, 1044.32, 520.86, 1029.73, 520.86, 1058.92, 520.86, 29.19, 12.91
3.00, 62, black car, 1027.54, 514.61, 1056.49, 527.42, 1042.01, 521.01, 1027.54, 521.01, 1056.49, 521.01, 28.95, 12.81
3.03, 62, black car, 1025.39, 514.67, 1054.04, 527.36, 1039.71, 521.02, 1025.39, 521.02, 1054.04, 521.02, 28.65, 12.70
3.07, 62, black car, 1023.01, 514.61, 1051.98, 527.48, 1037.50, 521.04, 1023.01, 521.04, 1051.98, 521.04, 28.97, 12.87
3.10, 62, black car, 1020.62, 514.63, 1049.37, 527.41, 1034.99, 521.02, 1020.62, 521.02, 1049.37, 521.02, 28.75, 12.78
3.13, 62, black car, 1017.97, 514.74, 1047.21, 527.74, 1032.59, 521.24, 1017.97, 521.24, 1047.21, 521.24, 29.23, 12.99
3.17, 62, black car, 1014.43, 515.13, 1043.22, 527.85, 1028.82, 521.49, 1014.43, 521.49, 1043.22, 521.49, 28.79, 12.73
3.20, 62, black car, 1011.02, 515.59, 1039.38, 528.01, 1025.20, 521.80, 1011.02, 521.80, 1039.38, 521.80, 28.36, 12.42
3.23, 62, black car, 1007.80, 515.19, 1037.11, 528.04, 1022.46, 521.61, 1007.80, 521.61, 1037.11, 521.61, 29.31, 12.85
3.27, 62, black car, 1005.45, 515.62, 1033.87, 528.13, 1019.66, 521.88, 1005.45, 521.88, 1033.87, 521.88, 28.41, 12.50
3.40, 62, black car, 995.03, 516.06, 1023.37, 528.51, 1009.20, 522.28, 995.03, 522.28, 1023.37, 522.28, 28.33, 12.45
3.43, 62, black car, 992.42, 516.25, 1020.50, 528.58, 1006.46, 522.41, 992.42, 522.41, 1020.50, 522.41, 28.09, 12.33
3.47, 62, black car, 989.58, 515.85, 1018.33, 528.50, 1003.95, 522.17, 989.58, 522.17, 1018.33, 522.17, 28.75, 12.65
3.50, 62, black car, 987.55, 515.87, 1015.99, 528.38, 1001.77, 522.13, 987.55, 522.13, 1015.99, 522.13, 28.44, 12.51
3.53, 62, black car, 984.44, 515.72, 1013.19, 528.35, 998.81, 522.03, 984.44, 522.03, 1013.19, 522.03, 28.75, 12.63
3.57, 62, black car, 981.06, 515.55, 1010.17, 528.31, 995.62, 521.93, 981.06, 521.93, 1010.17, 521.93, 29.11, 12.76
3.60, 62, black car, 978.05, 515.73, 1007.52, 528.67, 992.79, 522.20, 978.05, 522.20, 1007.52, 522.20, 29.46, 12.94
3.63, 62, black car, 975.59, 515.68, 1004.70, 528.50, 990.14, 522.09, 975.59, 522.09, 1004.70, 522.09, 29.12, 12.82
3.67, 62, black car, 972.87, 516.08, 1001.55, 528.70, 987.21, 522.39, 972.87, 522.39, 1001.55, 522.39, 28.67, 12.62
3.70, 62, black car, 970.55, 516.13, 998.51, 528.43, 984.53, 522.28, 970.55, 522.28, 998.51, 522.28, 27.96, 12.30
3.73, 62, black car, 967.54, 516.20, 995.85, 528.66, 981.70, 522.43, 967.54, 522.43, 995.85, 522.43, 28.31, 12.45
3.77, 62, black car, 964.83, 516.08, 993.78, 528.82, 979.31, 522.45, 964.83, 522.45, 993.78, 522.45, 28.95, 12.74
3.80, 62, black car, 962.87, 516.22, 991.32, 528.77, 977.10, 522.49, 962.87, 522.49, 991.32, 522.49, 28.45, 12.54
3.83, 62, black car, 960.05, 516.28, 988.28, 528.70, 974.16, 522.49, 960.05, 522.49, 988.28, 522.49, 28.23, 12.43
3.83, 68, white car, 769.77, 522.48, 792.84, 533.85, 781.30, 528.17, 769.77, 528.17, 792.84, 528.17, 23.07, 11.38
3.87, 62, black car, 958.24, 516.52, 986.08, 528.75, 972.16, 522.64, 958.24, 522.64, 986.08, 522.64, 27.84, 12.22
3.87, 13, white car, 1244.52, 507.53, 1269.85, 519.32, 1257.18, 513.42, 1244.52, 513.42, 1269.85, 513.42, 25.32, 11.79
3.90, 62, black car, 955.41, 516.46, 983.60, 528.77, 969.51, 522.61, 955.41, 522.61, 983.60, 522.61, 28.18, 12.31
3.93, 62, black car, 952.18, 516.87, 980.60, 529.27, 966.39, 523.07, 952.18, 523.07, 980.60, 523.07, 28.42, 12.40
3.93, 68, white car, 761.34, 522.43, 784.44, 533.88, 772.89, 528.16, 761.34, 528.16, 784.44, 528.16, 23.09, 11.45
3.93, 13, white car, 1238.18, 507.83, 1263.20, 519.38, 1250.69, 513.61, 1238.18, 513.61, 1263.20, 513.61, 25.01, 11.55
3.97, 62, black car, 947.96, 516.46, 978.01, 529.60, 962.99, 523.03, 947.96, 523.03, 978.01, 523.03, 30.05, 13.14
3.97, 68, white car, 758.74, 522.22, 782.43, 534.01, 770.59, 528.12, 758.74, 528.12, 782.43, 528.12, 23.69, 11.79
4.00, 62, black car, 944.97, 516.33, 975.03, 529.50, 960.00, 522.91, 944.97, 522.91, 975.03, 522.91, 30.06, 13.16
4.03, 62, black car, 942.15, 516.60, 972.24, 529.84, 957.19, 523.22, 942.15, 523.22, 972.24, 523.22, 30.10, 13.24
4.03, 13, white car, 1229.25, 507.98, 1254.05, 519.45, 1241.65, 513.72, 1229.25, 513.72, 1254.05, 513.72, 24.80, 11.48
4.07, 62, black car, 939.24, 516.75, 969.10, 529.93, 954.17, 523.34, 939.24, 523.34, 969.10, 523.34, 29.86, 13.17
4.07, 13, white car, 1226.23, 507.95, 1251.06, 519.43, 1238.65, 513.69, 1226.23, 513.69, 1251.06, 513.69, 24.83, 11.49
4.10, 62, black car, 936.51, 516.62, 967.24, 530.27, 951.87, 523.45, 936.51, 523.45, 967.24, 523.45, 30.73, 13.65
4.10, 13, white car, 1222.64, 508.17, 1247.77, 519.74, 1235.21, 513.96, 1222.64, 513.96, 1247.77, 513.96, 25.13, 11.57
4.13, 62, black car, 934.14, 516.69, 964.55, 530.25, 949.34, 523.47, 934.14, 523.47, 964.55, 523.47, 30.41, 13.56
4.13, 13, white car, 1219.30, 508.07, 1244.94, 519.91, 1232.12, 513.99, 1219.30, 513.99, 1244.94, 513.99, 25.65, 11.85
4.17, 62, black car, 931.95, 516.74, 961.63, 530.00, 946.79, 523.37, 931.95, 523.37, 961.63, 523.37, 29.68, 13.26
4.17, 13, white car, 1216.63, 508.30, 1241.89, 519.96, 1229.26, 514.13, 1216.63, 514.13, 1241.89, 514.13, 25.26, 11.67
4.17, 68, white car, 745.03, 522.18, 769.69, 534.73, 757.36, 528.45, 745.03, 528.45, 769.69, 528.45, 24.66, 12.55
4.20, 62, black car, 929.55, 516.96, 959.31, 530.24, 944.43, 523.60, 929.55, 523.60, 959.31, 523.60, 29.76, 13.28
4.20, 13, white car, 1213.79, 508.61, 1238.62, 520.00, 1226.20, 514.30, 1213.79, 514.30, 1238.62, 514.30, 24.82, 11.39
4.23, 62, black car, 927.50, 517.16, 956.36, 530.03, 941.93, 523.60, 927.50, 523.60, 956.36, 523.60, 28.86, 12.87
4.23, 13, white car, 1210.82, 508.80, 1235.47, 520.04, 1223.14, 514.42, 1210.82, 514.42, 1235.47, 514.42, 24.66, 11.24
4.27, 62, black car, 924.39, 517.23, 953.27, 530.13, 938.83, 523.68, 924.39, 523.68, 953.27, 523.68, 28.88, 12.90
4.27, 13, white car, 1207.53, 508.99, 1232.46, 520.32, 1219.99, 514.66, 1207.53, 514.66, 1232.46, 514.66, 24.92, 11.33
4.30, 62, black car, 921.19, 517.38, 950.32, 530.37, 935.75, 523.87, 921.19, 523.87, 950.32, 523.87, 29.12, 12.99
4.30, 13, white car, 1204.54, 508.88, 1229.32, 520.18, 1216.93, 514.53, 1204.54, 514.53, 1229.32, 514.53, 24.78, 11.30
4.33, 62, black car, 917.89, 517.26, 947.43, 530.39, 932.66, 523.82, 917.89, 523.82, 947.43, 523.82, 29.54, 13.13
4.33, 13, white car, 1201.49, 508.79, 1226.67, 520.25, 1214.08, 514.52, 1201.49, 514.52, 1226.67, 514.52, 25.17, 11.46
4.37, 62, black car, 915.46, 517.15, 945.54, 530.51, 930.50, 523.83, 915.46, 523.83, 945.54, 523.83, 30.08, 13.36
4.37, 13, white car, 1198.51, 509.02, 1224.23, 520.75, 1211.37, 514.89, 1198.51, 514.89, 1224.23, 514.89, 25.72, 11.73
4.40, 62, black car, 913.85, 517.13, 943.52, 530.29, 928.69, 523.71, 913.85, 523.71, 943.52, 523.71, 29.67, 13.16
4.40, 13, white car, 1195.71, 509.36, 1220.53, 520.68, 1208.12, 515.02, 1195.71, 515.02, 1220.53, 515.02, 24.82, 11.32
4.43, 62, black car, 912.34, 517.35, 941.49, 530.25, 926.91, 523.80, 912.34, 523.80, 941.49, 523.80, 29.15, 12.90
4.43, 13, white car, 1192.31, 509.41, 1217.69, 520.99, 1205.00, 515.20, 1192.31, 515.20, 1217.69, 515.20, 25.38, 11.58
4.47, 62, black car, 909.48, 517.48, 938.73, 530.41, 924.11, 523.95, 909.48, 523.95, 938.73, 523.95, 29.26, 12.93
4.47, 13, white car, 1189.83, 509.53, 1214.33, 520.67, 1202.08, 515.10, 1189.83, 515.10, 1214.33, 515.10, 24.50, 11.14
4.50, 62, black car, 905.35, 517.60, 935.03, 530.68, 920.19, 524.14, 905.35, 524.14, 935.03, 524.14, 29.68, 13.08
4.50, 13, white car, 1186.32, 509.41, 1211.08, 520.63, 1198.70, 515.02, 1186.32, 515.02, 1211.08, 515.02, 24.75, 11.22
4.53, 62, black car, 901.45, 517.70, 931.72, 530.99, 916.58, 524.34, 901.45, 524.34, 931.72, 524.34, 30.26, 13.29
4.53, 13, white car, 1183.65, 509.73, 1207.80, 520.63, 1195.73, 515.18, 1183.65, 515.18, 1207.80, 515.18, 24.15, 10.90
4.57, 62, black car, 899.19, 517.78, 928.92, 530.83, 914.06, 524.31, 899.19, 524.31, 928.92, 524.31, 29.74, 13.05
4.57, 13, white car, 1180.19, 509.86, 1204.63, 520.86, 1192.41, 515.36, 1180.19, 515.36, 1204.63, 515.36, 24.44, 10.99
4.60, 62, black car, 896.27, 517.79, 926.36, 530.96, 911.31, 524.37, 896.27, 524.37, 926.36, 524.37, 30.09, 13.18
4.60, 13, white car, 1176.94, 509.83, 1201.90, 521.08, 1189.42, 515.46, 1176.94, 515.46, 1201.90, 515.46, 24.96, 11.24
4.63, 62, black car, 894.34, 517.97, 923.67, 530.80, 909.00, 524.39, 894.34, 524.39, 923.67, 524.39, 29.33, 12.83
4.63, 13, white car, 1174.37, 509.97, 1198.80, 520.94, 1186.58, 515.46, 1174.37, 515.46, 1198.80, 515.46, 24.44, 10.97
4.67, 62, black car, 892.13, 517.89, 921.08, 530.49, 906.60, 524.19, 892.13, 524.19, 921.08, 524.19, 28.96, 12.59
4.67, 13, white car, 1171.13, 509.86, 1196.23, 521.13, 1183.68, 515.50, 1171.13, 515.50, 1196.23, 515.50, 25.10, 11.27
4.70, 62, black car, 889.81, 517.96, 919.01, 530.60, 904.41, 524.28, 889.81, 524.28, 919.01, 524.28, 29.20, 12.64
4.70, 13, white car, 1168.47, 510.07, 1193.00, 521.10, 1180.73, 515.59, 1168.47, 515.59, 1193.00, 515.59, 24.53, 11.03
4.73, 62, black car, 887.37, 517.88, 917.98, 531.13, 902.68, 524.51, 887.37, 524.51, 917.98, 524.51, 30.62, 13.25
4.73, 13, white car, 1164.40, 509.98, 1189.65, 521.34, 1177.03, 515.66, 1164.40, 515.66, 1189.65, 515.66, 25.25, 11.36
4.77, 62, black car, 885.20, 518.06, 915.32, 531.11, 900.26, 524.58, 885.20, 524.58, 915.32, 524.58, 30.11, 13.05
4.77, 13, white car, 1161.53, 510.02, 1186.13, 521.08, 1173.83, 515.55, 1161.53, 515.55, 1186.13, 515.55, 24.60, 11.06
4.80, 62, black car, 882.37, 518.25, 912.56, 531.35, 897.46, 524.80, 882.37, 524.80, 912.56, 524.80, 30.19, 13.10
4.80, 13, white car, 1158.42, 510.21, 1183.01, 521.25, 1170.71, 515.73, 1158.42, 515.73, 1183.01, 515.73, 24.59, 11.04
4.83, 62, black car, 879.81, 518.35, 909.86, 531.39, 894.83, 524.87, 879.81, 524.87, 909.86, 524.87, 30.05, 13.04
4.83, 13, white car, 1155.60, 510.33, 1180.42, 521.48, 1168.01, 515.91, 1155.60, 515.91, 1180.42, 515.91, 24.82, 11.15
4.87, 62, black car, 876.45, 518.31, 906.56, 531.33, 891.50, 524.82, 876.45, 524.82, 906.56, 524.82, 30.11, 13.02
4.87, 13, white car, 1152.55, 510.29, 1177.43, 521.46, 1164.99, 515.88, 1152.55, 515.88, 1177.43, 515.88, 24.87, 11.17
4.90, 62, black car, 873.70, 518.53, 903.79, 531.52, 888.75, 525.02, 873.70, 525.02, 903.79, 525.02, 30.09, 12.99
4.90, 13, white car, 1149.33, 510.23, 1174.13, 521.43, 1161.73, 515.83, 1149.33, 515.83, 1174.13, 515.83, 24.80, 11.21
4.93, 62, black car, 870.48, 518.44, 901.12, 531.62, 885.80, 525.03, 870.48, 525.03, 901.12, 525.03, 30.65, 13.18
4.93, 13, white car, 1146.70, 510.26, 1170.62, 521.06, 1158.66, 515.66, 1146.70, 515.66, 1170.62, 515.66, 23.93, 10.80
4.97, 62, black car, 867.60, 518.55, 898.55, 531.85, 883.07, 525.20, 867.60, 525.20, 898.55, 525.20, 30.95, 13.30
4.97, 13, white car, 1142.91, 510.25, 1167.72, 521.42, 1155.31, 515.83, 1142.91, 515.83, 1167.72, 515.83, 24.81, 11.17
5.00, 62, black car, 864.80, 518.75, 895.92, 532.11, 880.36, 525.43, 864.80, 525.43, 895.92, 525.43, 31.12, 13.36
5.00, 13, white car, 1139.54, 510.40, 1164.53, 521.66, 1152.03, 516.03, 1139.54, 516.03, 1164.53, 516.03, 24.99, 11.26
5.03, 62, black car, 862.53, 518.84, 893.59, 532.13, 878.06, 525.49, 862.53, 525.49, 893.59, 525.49, 31.06, 13.29
5.03, 13, white car, 1136.83, 510.48, 1161.79, 521.76, 1149.31, 516.12, 1136.83, 516.12, 1161.79, 516.12, 24.96, 11.27
5.07, 62, black car, 860.52, 518.81, 891.26, 531.96, 875.89, 525.39, 860.52, 525.39, 891.26, 525.39, 30.74, 13.15
5.07, 13, white car, 1133.59, 510.62, 1158.66, 521.98, 1146.13, 516.30, 1133.59, 516.30, 1158.66, 516.30, 25.07, 11.36
5.10, 62, black car, 857.84, 518.72, 888.49, 531.86, 873.16, 525.29, 857.84, 525.29, 888.49, 525.29, 30.65, 13.13
5.10, 13, white car, 1130.85, 510.83, 1155.27, 521.89, 1143.06, 516.36, 1130.85, 516.36, 1155.27, 516.36, 24.43, 11.07
5.13, 62, black car, 854.91, 518.69, 885.53, 531.90, 870.22, 525.30, 854.91, 525.30, 885.53, 525.30, 30.62, 13.20
5.13, 13, white car, 1127.74, 510.89, 1152.63, 522.19, 1140.19, 516.54, 1127.74, 516.54, 1152.63, 516.54, 24.89, 11.30
5.17, 62, black car, 852.68, 518.84, 882.53, 531.81, 867.61, 525.32, 852.68, 525.32, 882.53, 525.32, 29.85, 12.97
5.17, 13, white car, 1124.86, 511.18, 1149.15, 522.24, 1137.01, 516.71, 1124.86, 516.71, 1149.15, 516.71, 24.29, 11.06
5.20, 62, black car, 851.03, 518.82, 880.40, 531.67, 865.72, 525.24, 851.03, 525.24, 880.40, 525.24, 29.36, 12.85
5.20, 13, white car, 1122.35, 511.46, 1146.12, 522.34, 1134.23, 516.90, 1122.35, 516.90, 1146.12, 516.90, 23.77, 10.88
5.23, 62, black car, 847.82, 518.82, 876.98, 531.62, 862.40, 525.22, 847.82, 525.22, 876.98, 525.22, 29.17, 12.80
5.23, 13, white car, 1119.11, 511.44, 1143.42, 522.53, 1131.26, 516.98, 1119.11, 516.98, 1143.42, 516.98, 24.31, 11.10
5.27, 62, black car, 845.61, 519.06, 874.30, 531.67, 859.95, 525.37, 845.61, 525.37, 874.30, 525.37, 28.69, 12.61
5.27, 13, white car, 1115.59, 511.50, 1140.78, 522.99, 1128.19, 517.24, 1115.59, 517.24, 1140.78, 517.24, 25.20, 11.49
5.30, 62, black car, 843.18, 519.29, 871.23, 531.63, 857.21, 525.46, 843.18, 525.46, 871.23, 525.46, 28.04, 12.34
5.30, 13, white car, 1112.83, 511.76, 1137.83, 523.25, 1125.33, 517.51, 1112.83, 517.51, 1137.83, 517.51, 25.00, 11.49
5.33, 62, black car, 840.72, 519.27, 868.96, 531.70, 854.84, 525.48, 840.72, 525.48, 868.96, 525.48, 28.24, 12.43
5.33, 13, white car, 1109.66, 511.92, 1134.09, 523.17, 1121.88, 517.54, 1109.66, 517.54, 1134.09, 517.54, 24.43, 11.25
5.37, 62, black car, 838.28, 519.40, 866.06, 531.59, 852.17, 525.50, 838.28, 525.50, 866.06, 525.50, 27.78, 12.20
5.37, 13, white car, 1107.07, 512.10, 1130.65, 522.98, 1118.86, 517.54, 1107.07, 517.54, 1130.65, 517.54, 23.57, 10.88
5.40, 62, black car, 836.19, 519.33, 863.86, 531.48, 850.03, 525.41, 836.19, 525.41, 863.86, 525.41, 27.68, 12.15
5.40, 13, white car, 1104.02, 512.15, 1127.53, 522.98, 1115.78, 517.57, 1104.02, 517.57, 1127.53, 517.57, 23.51, 10.83
5.43, 13, white car, 1101.14, 512.26, 1124.77, 523.13, 1112.95, 517.70, 1101.14, 517.70, 1124.77, 517.70, 23.63, 10.88
5.47, 13, white car, 1098.01, 512.42, 1121.43, 523.20, 1109.72, 517.81, 1098.01, 517.81, 1121.43, 517.81, 23.42, 10.78
5.50, 13, white car, 1095.09, 512.56, 1118.21, 523.18, 1106.65, 517.87, 1095.09, 517.87, 1118.21, 517.87, 23.12, 10.62
5.50, 62, black car, 828.85, 519.69, 855.79, 531.52, 842.32, 525.60, 828.85, 525.60, 855.79, 525.60, 26.94, 11.83
5.53, 13, white car, 1091.88, 512.59, 1115.04, 523.23, 1103.46, 517.91, 1091.88, 517.91, 1115.04, 517.91, 23.15, 10.64
5.53, 62, black car, 826.66, 519.77, 853.00, 531.29, 839.83, 525.53, 826.66, 525.53, 853.00, 525.53, 26.34, 11.51
5.57, 13, white car, 1088.42, 512.31, 1112.48, 523.40, 1100.45, 517.85, 1088.42, 517.85, 1112.48, 517.85, 24.06, 11.09
5.57, 62, black car, 823.74, 519.63, 850.56, 531.27, 837.15, 525.45, 823.74, 525.45, 850.56, 525.45, 26.81, 11.64
5.60, 13, white car, 1085.24, 512.52, 1109.44, 523.73, 1097.34, 518.13, 1085.24, 518.13, 1109.44, 518.13, 24.20, 11.20
5.60, 62, black car, 820.39, 519.67, 848.15, 531.68, 834.27, 525.67, 820.39, 525.67, 848.15, 525.67, 27.76, 12.01
5.63, 13, white car, 1082.19, 512.80, 1105.62, 523.63, 1093.91, 518.22, 1082.19, 518.22, 1105.62, 518.22, 23.42, 10.83
5.63, 62, black car, 817.58, 519.76, 845.06, 531.62, 831.32, 525.69, 817.58, 525.69, 845.06, 525.69, 27.48, 11.85
5.67, 13, white car, 1079.58, 513.04, 1102.55, 523.68, 1091.07, 518.36, 1079.58, 518.36, 1102.55, 518.36, 22.97, 10.64
5.67, 62, black car, 814.92, 519.96, 842.40, 531.87, 828.66, 525.92, 814.92, 525.92, 842.40, 525.92, 27.49, 11.92
5.70, 13, white car, 1076.00, 513.02, 1098.98, 523.70, 1087.49, 518.36, 1076.00, 518.36, 1098.98, 518.36, 22.98, 10.67
5.70, 62, black car, 811.87, 519.91, 840.13, 532.22, 826.00, 526.06, 811.87, 526.06, 840.13, 526.06, 28.26, 12.31
5.73, 13, white car, 1072.96, 512.88, 1096.43, 523.81, 1084.70, 518.35, 1072.96, 518.35, 1096.43, 518.35, 23.47, 10.93
5.73, 62, black car, 809.51, 519.88, 837.75, 532.23, 823.63, 526.06, 809.51, 526.06, 837.75, 526.06, 28.24, 12.35
5.77, 13, white car, 1069.73, 513.13, 1092.99, 523.99, 1081.36, 518.56, 1069.73, 518.56, 1092.99, 518.56, 23.26, 10.86
5.77, 62, black car, 806.58, 519.77, 834.66, 532.05, 820.62, 525.91, 806.58, 525.91, 834.66, 525.91, 28.08, 12.28
5.80, 13, white car, 1066.55, 513.12, 1089.96, 524.07, 1078.26, 518.60, 1066.55, 518.60, 1089.96, 518.60, 23.41, 10.95
5.83, 13, white car, 1064.07, 513.38, 1086.88, 524.09, 1075.48, 518.74, 1064.07, 518.74, 1086.88, 518.74, 22.81, 10.70
5.83, 62, black car, 801.42, 519.81, 829.84, 532.22, 815.63, 526.01, 801.42, 526.01, 829.84, 526.01, 28.42, 12.41
5.87, 13, white car, 1060.84, 513.15, 1084.31, 524.20, 1072.57, 518.68, 1060.84, 518.68, 1084.31, 518.68, 23.47, 11.06
5.87, 62, black car, 798.12, 519.91, 827.00, 532.51, 812.56, 526.21, 798.12, 526.21, 827.00, 526.21, 28.88, 12.61
5.90, 13, white car, 1056.91, 513.05, 1081.54, 524.70, 1069.23, 518.87, 1056.91, 518.87, 1081.54, 518.87, 24.63, 11.65
5.90, 62, black car, 795.19, 520.08, 824.17, 532.72, 809.68, 526.40, 795.19, 526.40, 824.17, 526.40, 28.97, 12.65
5.93, 13, white car, 1053.36, 513.24, 1077.76, 524.79, 1065.56, 519.01, 1053.36, 519.01, 1077.76, 519.01, 24.40, 11.55
5.93, 62, black car, 793.02, 520.20, 821.46, 532.59, 807.24, 526.39, 793.02, 526.39, 821.46, 526.39, 28.44, 12.39
5.97, 13, white car, 1050.46, 513.48, 1074.28, 524.80, 1062.37, 519.14, 1050.46, 519.14, 1074.28, 519.14, 23.82, 11.32
5.97, 62, black car, 790.78, 519.88, 819.53, 532.37, 805.15, 526.13, 790.78, 526.13, 819.53, 526.13, 28.75, 12.50
6.00, 13, white car, 1047.52, 513.47, 1071.08, 524.69, 1059.30, 519.08, 1047.52, 519.08, 1071.08, 519.08, 23.56, 11.22
6.00, 62, black car, 788.77, 519.90, 816.75, 532.00, 802.76, 525.95, 788.77, 525.95, 816.75, 525.95, 27.98, 12.10
6.03, 13, white car, 1044.71, 513.51, 1068.46, 524.86, 1056.58, 519.18, 1044.71, 519.18, 1068.46, 519.18, 23.75, 11.35
6.03, 62, black car, 786.52, 519.94, 814.38, 531.95, 800.45, 525.94, 786.52, 525.94, 814.38, 525.94, 27.86, 12.01
6.07, 13, white car, 1041.63, 513.51, 1065.68, 525.10, 1053.66, 519.31, 1041.63, 519.31, 1065.68, 519.31, 24.05, 11.59
6.07, 62, black car, 783.91, 519.93, 812.39, 532.17, 798.15, 526.05, 783.91, 526.05, 812.39, 526.05, 28.48, 12.24
6.10, 13, white car, 1038.62, 513.65, 1062.24, 525.10, 1050.43, 519.38, 1038.62, 519.38, 1062.24, 519.38, 23.62, 11.45
6.10, 62, black car, 781.48, 520.01, 810.46, 532.44, 795.97, 526.22, 781.48, 526.22, 810.46, 526.22, 28.98, 12.43
6.13, 13, white car, 1035.90, 513.72, 1058.93, 524.96, 1047.42, 519.34, 1035.90, 519.34, 1058.93, 519.34, 23.03, 11.24
6.13, 62, black car, 779.14, 520.11, 807.82, 532.42, 793.48, 526.26, 779.14, 526.26, 807.82, 526.26, 28.68, 12.31
6.17, 13, white car, 1032.16, 513.53, 1056.09, 525.30, 1044.13, 519.41, 1032.16, 519.41, 1056.09, 519.41, 23.93, 11.78
6.20, 13, white car, 1028.80, 513.52, 1053.21, 525.59, 1041.01, 519.56, 1028.80, 519.56, 1053.21, 519.56, 24.41, 12.07
6.20, 62, black car, 774.14, 520.16, 802.40, 532.31, 788.27, 526.24, 774.14, 526.24, 802.40, 526.24, 28.26, 12.15
6.23, 13, white car, 1026.13, 513.83, 1050.11, 525.74, 1038.12, 519.79, 1026.13, 519.79, 1050.11, 519.79, 23.98, 11.91
6.23, 62, black car, 771.76, 519.99, 799.93, 532.18, 785.84, 526.09, 771.76, 526.09, 799.93, 526.09, 28.17, 12.18
6.27, 13, white car, 1022.49, 513.99, 1046.32, 525.83, 1034.41, 519.91, 1022.49, 519.91, 1046.32, 519.91, 23.84, 11.85
6.27, 62, black car, 769.72, 520.22, 797.46, 532.27, 783.59, 526.25, 769.72, 526.25, 797.46, 526.25, 27.74, 12.05
6.30, 13, white car, 1018.40, 513.75, 1042.46, 525.67, 1030.43, 519.71, 1018.40, 519.71, 1042.46, 519.71, 24.06, 11.92
6.30, 62, black car, 766.25, 520.26, 794.55, 532.50, 780.40, 526.38, 766.25, 526.38, 794.55, 526.38, 28.30, 12.25
6.30, 89, white car, 597.14, 519.86, 619.00, 530.32, 608.07, 525.09, 597.14, 525.09, 619.00, 525.09, 21.87, 10.46
6.33, 13, white car, 1015.43, 513.88, 1039.55, 525.86, 1027.49, 519.87, 1015.43, 519.87, 1039.55, 519.87, 24.11, 11.98
6.33, 62, black car, 762.84, 519.97, 792.07, 532.58, 777.46, 526.27, 762.84, 526.27, 792.07, 526.27, 29.23, 12.61
6.33, 89, white car, 595.05, 519.65, 617.08, 530.18, 606.06, 524.92, 595.05, 524.92, 617.08, 524.92, 22.03, 10.53
6.37, 13, white car, 1012.33, 513.96, 1036.33, 525.84, 1024.33, 519.90, 1012.33, 519.90, 1036.33, 519.90, 24.00, 11.89
6.37, 62, black car, 760.11, 519.92, 789.34, 532.47, 774.72, 526.20, 760.11, 526.20, 789.34, 526.20, 29.23, 12.55
6.37, 89, white car, 592.71, 519.52, 614.64, 530.00, 603.67, 524.76, 592.71, 524.76, 614.64, 524.76, 21.93, 10.47
6.40, 13, white car, 1009.23, 513.79, 1033.32, 525.73, 1021.28, 519.76, 1009.23, 519.76, 1033.32, 519.76, 24.09, 11.94
6.40, 62, black car, 757.13, 519.94, 786.24, 532.45, 771.68, 526.20, 757.13, 526.20, 786.24, 526.20, 29.11, 12.52
6.43, 13, white car, 1007.18, 513.90, 1031.05, 525.73, 1019.12, 519.81, 1007.18, 519.81, 1031.05, 519.81, 23.86, 11.83
6.43, 62, black car, 754.48, 520.20, 783.69, 532.81, 769.09, 526.51, 754.48, 526.51, 783.69, 526.51, 29.21, 12.61
6.47, 13, white car, 1004.42, 513.88, 1028.08, 525.55, 1016.25, 519.72, 1004.42, 519.72, 1028.08, 519.72, 23.67, 11.67
6.47, 62, black car, 752.28, 520.23, 781.56, 532.98, 766.92, 526.60, 752.28, 526.60, 781.56, 526.60, 29.29, 12.74
6.50, 13, white car, 1001.94, 513.95, 1025.15, 525.37, 1013.54, 519.66, 1001.94, 519.66, 1025.15, 519.66, 23.21, 11.42
6.53, 13, white car, 998.64, 514.26, 1022.20, 525.85, 1010.42, 520.05, 998.64, 520.05, 1022.20, 520.05, 23.56, 11.59
6.57, 13, white car, 995.61, 514.17, 1019.07, 525.72, 1007.34, 519.94, 995.61, 519.94, 1019.07, 519.94, 23.47, 11.55
6.57, 62, black car, 745.43, 520.19, 774.19, 532.69, 759.81, 526.44, 745.43, 526.44, 774.19, 526.44, 28.77, 12.49
6.60, 13, white car, 992.26, 514.07, 1015.69, 525.56, 1003.98, 519.81, 992.26, 519.81, 1015.69, 519.81, 23.43, 11.50
6.60, 62, black car, 742.64, 520.27, 770.55, 532.37, 756.59, 526.32, 742.64, 526.32, 770.55, 526.32, 27.91, 12.10
6.63, 13, white car, 989.27, 514.31, 1012.75, 525.85, 1001.01, 520.08, 989.27, 520.08, 1012.75, 520.08, 23.47, 11.53
6.63, 62, black car, 739.80, 520.41, 767.52, 532.42, 753.66, 526.42, 739.80, 526.42, 767.52, 526.42, 27.72, 12.01
6.67, 13, white car, 985.72, 514.54, 1009.00, 525.97, 997.36, 520.26, 985.72, 520.26, 1009.00, 520.26, 23.28, 11.42
6.67, 62, black car, 736.99, 520.25, 765.40, 532.52, 751.19, 526.38, 736.99, 526.38, 765.40, 526.38, 28.41, 12.27
6.70, 13, white car, 982.10, 514.77, 1005.72, 526.37, 993.91, 520.57, 982.10, 520.57, 1005.72, 520.57, 23.62, 11.60
6.70, 62, black car, 734.15, 520.02, 763.10, 532.47, 748.62, 526.25, 734.15, 526.25, 763.10, 526.25, 28.95, 12.45
6.73, 13, white car, 979.22, 514.80, 1002.26, 526.10, 990.74, 520.45, 979.22, 520.45, 1002.26, 520.45, 23.04, 11.31
6.73, 62, black car, 732.46, 520.09, 761.08, 532.33, 746.77, 526.21, 732.46, 526.21, 761.08, 526.21, 28.62, 12.23
6.77, 13, white car, 976.90, 515.10, 999.12, 525.96, 988.01, 520.53, 976.90, 520.53, 999.12, 520.53, 22.21, 10.85
6.77, 62, black car, 730.06, 520.16, 758.30, 532.13, 744.18, 526.15, 730.06, 526.15, 758.30, 526.15, 28.24, 11.97
6.80, 13, white car, 974.36, 515.27, 996.31, 525.96, 985.34, 520.61, 974.36, 520.61, 996.31, 520.61, 21.95, 10.70
6.80, 62, black car, 727.61, 520.53, 755.25, 532.18, 741.43, 526.35, 727.61, 526.35, 755.25, 526.35, 27.64, 11.66
6.83, 13, white car, 970.54, 515.39, 993.10, 526.34, 981.82, 520.87, 970.54, 520.87, 993.10, 520.87, 22.56, 10.95
6.83, 62, black car, 725.28, 520.65, 752.65, 532.15, 738.97, 526.40, 725.28, 526.40, 752.65, 526.40, 27.37, 11.50
6.87, 13, white car, 967.56, 515.79, 990.01, 526.64, 978.79, 521.21, 967.56, 521.21, 990.01, 521.21, 22.45, 10.85
6.90, 13, white car, 964.90, 515.89, 986.79, 526.44, 975.85, 521.16, 964.90, 521.16, 986.79, 521.16, 21.89, 10.54
6.93, 13, white car, 962.66, 516.02, 984.05, 526.28, 973.36, 521.15, 962.66, 521.15, 984.05, 521.15, 21.40, 10.26
6.97, 13, white car, 959.16, 515.92, 981.02, 526.38, 970.09, 521.15, 959.16, 521.15, 981.02, 521.15, 21.86, 10.46
6.97, 62, black car, 715.41, 519.73, 744.90, 532.23, 730.15, 525.98, 715.41, 525.98, 744.90, 525.98, 29.49, 12.50
7.00, 13, white car, 955.48, 515.78, 978.17, 526.63, 966.83, 521.20, 955.48, 521.20, 978.17, 521.20, 22.69, 10.85
7.00, 62, black car, 712.31, 519.17, 742.63, 532.11, 727.47, 525.64, 712.31, 525.64, 742.63, 525.64, 30.32, 12.94
7.03, 13, white car, 952.65, 515.99, 974.89, 526.66, 963.77, 521.32, 952.65, 521.32, 974.89, 521.32, 22.25, 10.67
7.03, 62, black car, 709.18, 518.92, 740.14, 532.25, 724.66, 525.59, 709.18, 525.59, 740.14, 525.59, 30.95, 13.32
7.07, 13, white car, 949.26, 516.00, 971.56, 526.73, 960.41, 521.36, 949.26, 521.36, 971.56, 521.36, 22.30, 10.73
7.07, 62, black car, 706.55, 518.74, 737.29, 532.04, 721.92, 525.39, 706.55, 525.39, 737.29, 525.39, 30.74, 13.30
7.10, 13, white car, 946.21, 516.05, 968.69, 526.85, 957.45, 521.45, 946.21, 521.45, 968.69, 521.45, 22.48, 10.80
7.10, 62, black car, 704.50, 518.87, 734.59, 531.94, 719.55, 525.41, 704.50, 525.41, 734.59, 525.41, 30.08, 13.07
7.13, 13, white car, 942.70, 516.19, 965.25, 526.96, 953.98, 521.58, 942.70, 521.58, 965.25, 521.58, 22.55, 10.76
7.13, 62, black car, 702.97, 518.84, 732.07, 531.56, 717.52, 525.20, 702.97, 525.20, 732.07, 525.20, 29.10, 12.72
7.17, 13, white car, 939.69, 516.48, 962.17, 527.15, 950.93, 521.81, 939.69, 521.81, 962.17, 521.81, 22.48, 10.67
7.17, 62, black car, 701.30, 518.98, 729.51, 531.40, 715.41, 525.19, 701.30, 525.19, 729.51, 525.19, 28.21, 12.42
7.20, 13, white car, 937.04, 516.45, 959.71, 527.21, 948.37, 521.83, 937.04, 521.83, 959.71, 521.83, 22.68, 10.77
7.20, 62, black car, 698.45, 519.02, 727.03, 531.68, 712.74, 525.35, 698.45, 525.35, 727.03, 525.35, 28.58, 12.66
7.23, 13, white car, 934.02, 516.42, 956.94, 527.27, 945.48, 521.84, 934.02, 521.84, 956.94, 521.84, 22.92, 10.86
7.27, 13, white car, 930.82, 516.61, 953.80, 527.48, 942.31, 522.04, 930.82, 522.04, 953.80, 522.04, 22.98, 10.87
7.27, 62, black car, 692.90, 518.73, 722.30, 531.80, 707.60, 525.26, 692.90, 525.26, 722.30, 525.26, 29.39, 13.07
7.30, 13, white car, 927.42, 516.70, 950.60, 527.66, 939.01, 522.18, 927.42, 522.18, 950.60, 522.18, 23.18, 10.96
7.33, 13, white car, 924.71, 516.75, 947.52, 527.53, 936.11, 522.14, 924.71, 522.14, 947.52, 522.14, 22.82, 10.78
7.37, 13, white car, 921.83, 516.87, 944.28, 527.45, 933.06, 522.16, 921.83, 522.16, 944.28, 522.16, 22.45, 10.58
7.40, 13, white car, 918.46, 516.82, 941.21, 527.47, 929.84, 522.14, 918.46, 522.14, 941.21, 522.14, 22.76, 10.65
7.43, 13, white car, 916.28, 517.24, 938.50, 527.60, 927.39, 522.42, 916.28, 522.42, 938.50, 522.42, 22.22, 10.36
7.47, 13, white car, 913.13, 517.41, 935.47, 527.74, 924.30, 522.57, 913.13, 522.57, 935.47, 522.57, 22.33, 10.33
7.50, 13, white car, 910.15, 517.45, 932.26, 527.64, 921.20, 522.54, 910.15, 522.54, 932.26, 522.54, 22.11, 10.19
7.53, 13, white car, 906.40, 517.45, 929.11, 527.84, 917.75, 522.65, 906.40, 522.65, 929.11, 522.65, 22.71, 10.39
7.57, 13, white car, 902.66, 517.40, 925.85, 527.97, 914.26, 522.68, 902.66, 522.68, 925.85, 522.68, 23.19, 10.57
7.60, 13, white car, 899.88, 517.52, 922.74, 527.90, 911.31, 522.71, 899.88, 522.71, 922.74, 522.71, 22.86, 10.38
7.63, 13, white car, 897.24, 517.55, 920.39, 528.03, 908.81, 522.79, 897.24, 522.79, 920.39, 522.79, 23.15, 10.48
7.67, 13, white car, 894.69, 517.52, 918.00, 528.03, 906.35, 522.78, 894.69, 522.78, 918.00, 522.78, 23.31, 10.51
7.70, 13, white car, 891.08, 517.49, 914.56, 528.00, 902.82, 522.75, 891.08, 522.75, 914.56, 522.75, 23.48, 10.51
7.73, 13, white car, 888.90, 517.74, 911.70, 527.92, 900.30, 522.83, 888.90, 522.83, 911.70, 522.83, 22.80, 10.18
7.77, 13, white car, 886.49, 517.88, 908.37, 527.62, 897.43, 522.75, 886.49, 522.75, 908.37, 522.75, 21.88, 9.74
7.77, 62, black car, 656.59, 518.45, 685.83, 531.62, 671.21, 525.03, 656.59, 525.03, 685.83, 525.03, 29.24, 13.17
7.80, 13, white car, 883.19, 517.80, 905.14, 527.57, 894.17, 522.68, 883.19, 522.68, 905.14, 522.68, 21.95, 9.76
7.83, 13, white car, 879.82, 517.49, 902.55, 527.60, 891.19, 522.54, 879.82, 522.54, 902.55, 522.54, 22.73, 10.11
7.83, 62, black car, 651.17, 518.32, 681.10, 531.72, 666.13, 525.02, 651.17, 525.02, 681.10, 525.02, 29.93, 13.40
7.87, 13, white car, 876.38, 517.42, 899.76, 527.81, 888.07, 522.61, 876.38, 522.61, 899.76, 522.61, 23.38, 10.39
7.87, 62, black car, 648.43, 518.37, 678.33, 531.66, 663.38, 525.01, 648.43, 525.01, 678.33, 525.01, 29.90, 13.28
7.90, 13, white car, 872.95, 517.74, 896.33, 528.14, 884.64, 522.94, 872.95, 522.94, 896.33, 522.94, 23.38, 10.39
7.93, 13, white car, 870.23, 517.88, 893.21, 528.08, 881.72, 522.98, 870.23, 522.98, 893.21, 522.98, 22.98, 10.20
7.93, 62, black car, 644.05, 518.31, 674.45, 531.79, 659.25, 525.05, 644.05, 525.05, 674.45, 525.05, 30.41, 13.48
7.97, 13, white car, 867.45, 517.78, 891.25, 528.42, 879.35, 523.10, 867.45, 523.10, 891.25, 523.10, 23.80, 10.64
7.97, 62, black car, 640.82, 518.17, 671.04, 531.62, 655.93, 524.89, 640.82, 524.89, 671.04, 524.89, 30.22, 13.45
8.00, 62, black car, 638.45, 518.25, 668.06, 531.49, 653.25, 524.87, 638.45, 524.87, 668.06, 524.87, 29.61, 13.24
8.03, 62, black car, 636.08, 518.15, 665.66, 531.40, 650.87, 524.77, 636.08, 524.77, 665.66, 524.77, 29.58, 13.24
8.07, 62, black car, 633.54, 517.97, 663.59, 531.47, 648.57, 524.72, 633.54, 524.72, 663.59, 524.72, 30.05, 13.50
8.07, 13, white car, 857.61, 517.51, 883.65, 529.27, 870.63, 523.39, 857.61, 523.39, 883.65, 523.39, 26.04, 11.75
8.10, 62, black car, 632.00, 518.19, 660.64, 531.10, 646.32, 524.65, 632.00, 524.65, 660.64, 524.65, 28.64, 12.91
8.10, 13, white car, 854.39, 517.63, 880.47, 529.49, 867.43, 523.56, 854.39, 523.56, 880.47, 523.56, 26.08, 11.86
8.13, 62, black car, 630.09, 518.08, 658.10, 530.75, 644.09, 524.41, 630.09, 524.41, 658.10, 524.41, 28.00, 12.67
8.13, 13, white car, 851.77, 517.76, 877.53, 529.59, 864.65, 523.67, 851.77, 523.67, 877.53, 523.67, 25.76, 11.83
8.17, 62, black car, 627.58, 518.00, 655.59, 530.70, 641.59, 524.35, 627.58, 524.35, 655.59, 524.35, 28.00, 12.70
8.17, 13, white car, 849.15, 517.79, 874.42, 529.46, 861.78, 523.62, 849.15, 523.62, 874.42, 523.62, 25.28, 11.67
8.20, 62, black car, 625.26, 517.93, 653.05, 530.57, 639.16, 524.25, 625.26, 524.25, 653.05, 524.25, 27.79, 12.64
8.20, 13, white car, 846.42, 518.04, 871.36, 529.61, 858.89, 523.82, 846.42, 523.82, 871.36, 523.82, 24.94, 11.57
8.23, 62, black car, 622.73, 517.70, 650.68, 530.40, 636.71, 524.05, 622.73, 524.05, 650.68, 524.05, 27.95, 12.71
8.23, 13, white car, 843.58, 518.18, 867.96, 529.49, 855.77, 523.83, 843.58, 523.83, 867.96, 523.83, 24.38, 11.30
8.27, 62, black car, 620.97, 517.83, 648.62, 530.38, 634.79, 524.11, 620.97, 524.11, 648.62, 524.11, 27.65, 12.55
8.27, 13, white car, 840.69, 518.56, 864.33, 529.50, 852.51, 524.03, 840.69, 524.03, 864.33, 524.03, 23.64, 10.94
8.30, 62, black car, 619.02, 517.82, 646.41, 530.23, 632.72, 524.02, 619.02, 524.02, 646.41, 524.02, 27.39, 12.40
8.33, 62, black car, 617.27, 517.90, 644.48, 530.23, 630.87, 524.06, 617.27, 524.06, 644.48, 524.06, 27.21, 12.33
8.37, 62, black car, 615.38, 518.16, 642.24, 530.32, 628.81, 524.24, 615.38, 524.24, 642.24, 524.24, 26.85, 12.16
8.40, 62, black car, 612.47, 517.96, 639.79, 530.32, 626.13, 524.14, 612.47, 524.14, 639.79, 524.14, 27.33, 12.37
8.40, 13, white car, 830.39, 518.57, 854.12, 529.55, 842.25, 524.06, 830.39, 524.06, 854.12, 524.06, 23.74, 10.99
8.43, 62, black car, 609.53, 517.82, 637.03, 530.23, 623.28, 524.03, 609.53, 524.03, 637.03, 524.03, 27.51, 12.40
8.43, 13, white car, 827.17, 518.77, 851.13, 529.83, 839.15, 524.30, 827.17, 524.30, 851.13, 524.30, 23.96, 11.06
8.47, 62, black car, 607.20, 517.64, 634.80, 530.05, 621.00, 523.84, 607.20, 523.84, 634.80, 523.84, 27.60, 12.42
8.47, 13, white car, 824.22, 518.78, 848.47, 529.95, 836.35, 524.36, 824.22, 524.36, 848.47, 524.36, 24.24, 11.17
8.50, 62, black car, 604.72, 517.42, 631.74, 529.60, 618.23, 523.51, 604.72, 523.51, 631.74, 523.51, 27.02, 12.17
8.50, 13, white car, 820.98, 518.96, 844.86, 529.96, 832.92, 524.46, 820.98, 524.46, 844.86, 524.46, 23.88, 11.00
8.53, 62, black car, 601.71, 517.39, 629.22, 529.76, 615.46, 523.57, 601.71, 523.57, 629.22, 523.57, 27.50, 12.38
8.53, 13, white car, 817.71, 519.06, 841.57, 530.09, 829.64, 524.57, 817.71, 524.57, 841.57, 524.57, 23.86, 11.03
8.57, 62, black car, 598.95, 517.23, 626.98, 529.86, 612.96, 523.55, 598.95, 523.55, 626.98, 523.55, 28.04, 12.63
8.57, 13, white car, 814.63, 518.98, 838.62, 530.10, 826.63, 524.54, 814.63, 524.54, 838.62, 524.54, 23.99, 11.12
8.60, 62, black car, 595.49, 516.88, 623.83, 529.67, 609.66, 523.28, 595.49, 523.28, 623.83, 523.28, 28.34, 12.79
8.60, 13, white car, 812.19, 519.10, 836.18, 530.27, 824.19, 524.69, 812.19, 524.69, 836.18, 524.69, 23.99, 11.17
8.63, 62, black car, 593.30, 517.06, 621.77, 529.90, 607.54, 523.48, 593.30, 523.48, 621.77, 523.48, 28.48, 12.84
8.67, 62, black car, 590.78, 516.91, 620.07, 530.15, 605.43, 523.53, 590.78, 523.53, 620.07, 523.53, 29.28, 13.24
8.70, 62, black car, 588.86, 516.84, 617.49, 529.81, 603.18, 523.33, 588.86, 523.33, 617.49, 523.33, 28.63, 12.97
8.70, 13, white car, 803.88, 519.54, 827.77, 530.62, 815.83, 525.08, 803.88, 525.08, 827.77, 525.08, 23.89, 11.08
8.73, 62, black car, 586.61, 516.76, 615.01, 529.64, 600.81, 523.20, 586.61, 523.20, 615.01, 523.20, 28.40, 12.88
8.73, 13, white car, 800.75, 519.38, 824.56, 530.40, 812.66, 524.89, 800.75, 524.89, 824.56, 524.89, 23.81, 11.02
8.77, 62, black car, 584.10, 516.55, 612.73, 529.55, 598.42, 523.05, 584.10, 523.05, 612.73, 523.05, 28.63, 13.00
8.77, 13, white car, 797.61, 519.41, 821.82, 530.60, 809.72, 525.01, 797.61, 525.01, 821.82, 525.01, 24.21, 11.19
8.80, 62, black car, 581.54, 516.60, 609.37, 529.22, 595.45, 522.91, 581.54, 522.91, 609.37, 522.91, 27.82, 12.62
8.80, 13, white car, 794.50, 519.35, 818.83, 530.59, 806.67, 524.97, 794.50, 524.97, 818.83, 524.97, 24.33, 11.24
8.83, 62, black car, 579.06, 516.53, 607.38, 529.34, 593.22, 522.94, 579.06, 522.94, 607.38, 522.94, 28.31, 12.81
8.83, 13, white car, 791.43, 519.57, 815.90, 530.88, 803.66, 525.22, 791.43, 525.22, 815.90, 525.22, 24.47, 11.31
8.87, 62, black car, 577.21, 516.44, 605.79, 529.35, 591.50, 522.89, 577.21, 522.89, 605.79, 522.89, 28.58, 12.92
8.87, 13, white car, 788.58, 519.61, 813.41, 531.11, 801.00, 525.36, 788.58, 525.36, 813.41, 525.36, 24.82, 11.50
8.90, 62, black car, 575.83, 516.36, 603.69, 528.98, 589.76, 522.67, 575.83, 522.67, 603.69, 522.67, 27.86, 12.62
8.90, 13, white car, 785.76, 519.53, 810.61, 531.02, 798.18, 525.27, 785.76, 525.27, 810.61, 525.27, 24.85, 11.49
8.93, 62, black car, 574.24, 516.53, 602.06, 529.20, 588.15, 522.86, 574.24, 522.86, 602.06, 522.86, 27.83, 12.67
8.93, 13, white car, 783.51, 519.67, 807.93, 530.95, 795.72, 525.31, 783.51, 525.31, 807.93, 525.31, 24.42, 11.28
8.97, 62, black car, 570.76, 516.40, 599.23, 529.37, 584.99, 522.88, 570.76, 522.88, 599.23, 522.88, 28.47, 12.97
9.00, 62, black car, 568.14, 516.46, 596.06, 529.18, 582.10, 522.82, 568.14, 522.82, 596.06, 522.82, 27.92, 12.72
9.03, 62, black car, 565.70, 516.50, 593.61, 529.18, 579.65, 522.84, 565.70, 522.84, 593.61, 522.84, 27.92, 12.68
9.07, 62, black car, 563.92, 516.20, 591.70, 528.78, 577.81, 522.49, 563.92, 522.49, 591.70, 522.49, 27.78, 12.58
9.07, 13, white car, 771.45, 518.92, 798.23, 531.45, 784.84, 525.19, 771.45, 525.19, 798.23, 525.19, 26.77, 12.54
9.10, 62, black car, 562.38, 516.16, 588.57, 528.01, 575.48, 522.08, 562.38, 522.08, 588.57, 522.08, 26.19, 11.85
9.10, 13, white car, 768.69, 519.00, 795.19, 531.52, 781.94, 525.26, 768.69, 525.26, 795.19, 525.26, 26.50, 12.52
9.13, 62, black car, 560.46, 516.20, 586.28, 527.89, 573.37, 522.04, 560.46, 522.04, 586.28, 522.04, 25.82, 11.69
9.13, 13, white car, 766.24, 519.10, 792.05, 531.37, 779.14, 525.24, 766.24, 525.24, 792.05, 525.24, 25.81, 12.27
9.17, 13, white car, 762.79, 519.25, 788.25, 531.41, 775.52, 525.33, 762.79, 525.33, 788.25, 525.33, 25.46, 12.16
9.20, 13, white car, 759.66, 519.20, 785.24, 531.48, 772.45, 525.34, 759.66, 525.34, 785.24, 525.34, 25.58, 12.28
9.20, 62, black car, 555.28, 515.79, 581.10, 527.53, 568.19, 521.66, 555.28, 521.66, 581.10, 521.66, 25.82, 11.73
9.23, 13, white car, 756.81, 519.19, 782.28, 531.47, 769.55, 525.33, 756.81, 525.33, 782.28, 525.33, 25.47, 12.28
9.23, 62, black car, 552.14, 515.55, 579.07, 527.81, 565.61, 521.68, 552.14, 521.68, 579.07, 521.68, 26.94, 12.25
9.27, 13, white car, 754.40, 519.21, 779.62, 531.43, 767.01, 525.32, 754.40, 525.32, 779.62, 525.32, 25.23, 12.22
9.27, 62, black car, 550.24, 515.47, 577.21, 527.74, 563.73, 521.60, 550.24, 521.60, 577.21, 521.60, 26.97, 12.27
9.30, 62, black car, 547.88, 515.39, 575.17, 527.80, 561.53, 521.59, 547.88, 521.59, 575.17, 521.59, 27.29, 12.41
9.33, 62, black car, 545.17, 515.13, 573.17, 527.88, 559.17, 521.50, 545.17, 521.50, 573.17, 521.50, 28.00, 12.75
9.37, 62, black car, 543.28, 515.15, 571.37, 527.93, 557.32, 521.54, 543.28, 521.54, 571.37, 521.54, 28.09, 12.78
9.37, 13, white car, 746.95, 519.69, 771.45, 531.55, 759.20, 525.62, 746.95, 525.62, 771.45, 525.62, 24.50, 11.86
9.40, 62, black car, 541.25, 515.23, 569.47, 528.06, 555.36, 521.65, 541.25, 521.65, 569.47, 521.65, 28.22, 12.83
9.40, 13, white car, 744.40, 519.74, 768.63, 531.55, 756.51, 525.65, 744.40, 525.65, 768.63, 525.65, 24.24, 11.80
9.43, 62, black car, 538.86, 515.17, 567.02, 527.94, 552.94, 521.55, 538.86, 521.55, 567.02, 521.55, 28.16, 12.78
9.43, 13, white car, 741.92, 519.81, 765.99, 531.56, 753.95, 525.69, 741.92, 525.69, 765.99, 525.69, 24.07, 11.75
9.47, 62, black car, 536.44, 515.19, 564.21, 527.74, 550.33, 521.46, 536.44, 521.46, 564.21, 521.46, 27.77, 12.55
9.47, 13, white car, 739.08, 519.74, 762.82, 531.33, 750.95, 525.54, 739.08, 525.54, 762.82, 525.54, 23.74, 11.60
9.50, 62, black car, 533.16, 514.96, 561.31, 527.65, 547.24, 521.31, 533.16, 521.31, 561.31, 521.31, 28.15, 12.69
9.50, 13, white car, 736.06, 520.04, 759.46, 531.45, 747.76, 525.75, 736.06, 525.75, 759.46, 525.75, 23.40, 11.41
9.53, 62, black car, 529.83, 514.59, 558.98, 527.72, 544.41, 521.16, 529.83, 521.16, 558.98, 521.16, 29.15, 13.13
9.53, 13, white car, 733.78, 520.26, 756.85, 531.48, 745.32, 525.87, 733.78, 525.87, 756.85, 525.87, 23.07, 11.22
9.57, 62, black car, 527.16, 514.56, 556.54, 527.76, 541.85, 521.16, 527.16, 521.16, 556.54, 521.16, 29.37, 13.20
9.57, 13, white car, 730.90, 520.34, 753.90, 531.50, 742.40, 525.92, 730.90, 525.92, 753.90, 525.92, 23.00, 11.16
9.60, 62, black car, 524.58, 514.63, 553.99, 527.86, 539.28, 521.24, 524.58, 521.24, 553.99, 521.24, 29.41, 13.23
9.60, 13, white car, 728.26, 520.25, 751.41, 531.47, 739.83, 525.86, 728.26, 525.86, 751.41, 525.86, 23.15, 11.23
9.63, 62, black car, 522.90, 514.60, 552.36, 527.87, 537.63, 521.23, 522.90, 521.23, 552.36, 521.23, 29.46, 13.27
9.67, 62, black car, 521.24, 514.53, 550.30, 527.60, 535.77, 521.07, 521.24, 521.07, 550.30, 521.07, 29.07, 13.07
9.70, 62, black car, 519.49, 514.56, 547.59, 527.21, 533.54, 520.89, 519.49, 520.89, 547.59, 520.89, 28.10, 12.65
9.73, 62, black car, 518.51, 514.61, 546.01, 527.00, 532.26, 520.80, 518.51, 520.80, 546.01, 520.80, 27.50, 12.39
9.73, 13, white car, 717.39, 520.08, 742.25, 532.24, 729.82, 526.16, 717.39, 526.16, 742.25, 526.16, 24.86, 12.15
9.77, 62, black car, 515.06, 514.49, 543.02, 527.03, 529.04, 520.76, 515.06, 520.76, 543.02, 520.76, 27.96, 12.54
9.80, 62, black car, 511.80, 514.46, 540.22, 527.20, 526.01, 520.83, 511.80, 520.83, 540.22, 520.83, 28.42, 12.73
9.80, 13, white car, 710.88, 520.07, 736.22, 532.52, 723.55, 526.30, 710.88, 526.30, 736.22, 526.30, 25.34, 12.44
9.83, 62, black car, 510.63, 514.24, 539.30, 527.05, 524.96, 520.65, 510.63, 520.65, 539.30, 520.65, 28.67, 12.81
9.87, 62, black car, 508.92, 514.24, 537.50, 526.98, 523.21, 520.61, 508.92, 520.61, 537.50, 520.61, 28.58, 12.74
9.87, 13, white car, 705.49, 520.09, 730.00, 532.22, 717.74, 526.15, 705.49, 526.15, 730.00, 526.15, 24.51, 12.13
9.90, 62, black car, 507.01, 514.45, 534.74, 526.85, 520.87, 520.65, 507.01, 520.65, 534.74, 520.65, 27.72, 12.41
9.93, 62, black car, 505.25, 514.15, 533.12, 526.69, 519.19, 520.42, 505.25, 520.42, 533.12, 520.42, 27.87, 12.54
9.97, 62, black car, 502.60, 513.60, 530.39, 526.13, 516.50, 519.86, 502.60, 519.86, 530.39, 519.86, 27.79, 12.54
9.97, 13, white car, 698.19, 520.40, 721.93, 532.22, 710.06, 526.31, 698.19, 526.31, 721.93, 526.31, 23.73, 11.82
