0.00, 5, white car, 753.97, 537.29, 783.88, 550.80, 768.92, 544.05, 753.97, 544.05, 783.88, 544.05, 29.91, 13.51
0.00, 13, black car, 199.09, 519.17, 229.55, 532.84, 214.32, 526.00, 199.09, 526.00, 229.55, 526.00, 30.46, 13.68
0.00, 21, black car, 1261.46, 523.39, 1293.77, 537.27, 1277.62, 530.33, 1261.46, 530.33, 1293.77, 530.33, 32.31, 13.88
0.03, 5, white car, 751.75, 537.51, 781.59, 550.99, 766.67, 544.25, 751.75, 544.25, 781.59, 544.25, 29.84, 13.47
0.03, 13, black car, 197.46, 518.70, 227.78, 532.31, 212.62, 525.51, 197.46, 525.51, 227.78, 525.51, 30.32, 13.61
0.03, 21, black car, 1258.56, 523.03, 1291.79, 537.29, 1275.17, 530.16, 1258.56, 530.16, 1291.79, 530.16, 33.23, 14.27
0.07, 5, white car, 748.89, 537.50, 778.59, 550.90, 763.74, 544.20, 748.89, 544.20, 778.59, 544.20, 29.70, 13.40
0.07, 13, black car, 195.49, 518.73, 225.48, 532.18, 210.49, 525.46, 195.49, 525.46, 225.48, 525.46, 30.00, 13.45
0.07, 21, black car, 1256.11, 522.76, 1289.90, 537.28, 1273.01, 530.02, 1256.11, 530.02, 1289.90, 530.02, 33.79, 14.52
0.10, 5, white car, 745.83, 537.34, 775.84, 550.88, 760.83, 544.11, 745.83, 544.11, 775.84, 544.11, 30.01, 13.54
0.10, 13, black car, 192.86, 518.99, 222.67, 532.30, 207.77, 525.65, 192.86, 525.65, 222.67, 525.65, 29.81, 13.32
0.10, 21, black car, 1252.11, 522.37, 1286.57, 537.18, 1269.34, 529.78, 1252.11, 529.78, 1286.57, 529.78, 34.46, 14.81
0.13, 5, white car, 743.00, 537.43, 772.81, 550.86, 757.91, 544.15, 743.00, 544.15, 772.81, 544.15, 29.81, 13.43
0.13, 13, black car, 190.16, 518.68, 219.96, 531.92, 205.06, 525.30, 190.16, 525.30, 219.96, 525.30, 29.80, 13.24
0.13, 21, black car, 1249.42, 522.60, 1283.07, 537.08, 1266.24, 529.84, 1249.42, 529.84, 1283.07, 529.84, 33.65, 14.48
0.17, 5, white car, 740.41, 537.51, 769.78, 550.74, 755.10, 544.12, 740.41, 544.12, 769.78, 544.12, 29.37, 13.23
0.17, 13, black car, 186.74, 518.67, 216.36, 531.79, 201.55, 525.23, 186.74, 525.23, 216.36, 525.23, 29.62, 13.12
0.17, 21, black car, 1246.91, 522.32, 1280.72, 536.91, 1263.81, 529.61, 1246.91, 529.61, 1280.72, 529.61, 33.81, 14.60
0.20, 5, white car, 737.69, 537.57, 767.03, 550.77, 752.36, 544.17, 737.69, 544.17, 767.03, 544.17, 29.33, 13.19
0.20, 13, black car, 184.92, 518.53, 214.65, 531.64, 199.79, 525.08, 184.92, 525.08, 214.65, 525.08, 29.73, 13.11
0.20, 21, black car, 1244.27, 522.24, 1278.94, 537.26, 1261.60, 529.75, 1244.27, 529.75, 1278.94, 529.75, 34.67, 15.02
0.23, 5, white car, 734.56, 537.31, 764.27, 550.67, 749.41, 543.99, 734.56, 543.99, 764.27, 543.99, 29.71, 13.36
0.23, 13, black car, 181.96, 518.33, 212.09, 531.52, 197.03, 524.92, 181.96, 524.92, 212.09, 524.92, 30.13, 13.19
0.23, 21, black car, 1241.34, 522.04, 1276.29, 537.25, 1258.81, 529.65, 1241.34, 529.65, 1276.29, 529.65, 34.95, 15.21
0.27, 5, white car, 731.84, 537.11, 761.70, 550.54, 746.77, 543.83, 731.84, 543.83, 761.70, 543.83, 29.86, 13.43
0.27, 13, black car, 178.82, 518.38, 208.74, 531.42, 193.78, 524.90, 178.82, 524.90, 208.74, 524.90, 29.93, 13.04
0.27, 21, black car, 1237.51, 521.98, 1272.32, 537.16, 1254.92, 529.57, 1237.51, 529.57, 1272.32, 529.57, 34.80, 15.18
0.30, 5, white car, 728.57, 536.83, 758.81, 550.41, 743.69, 543.62, 728.57, 543.62, 758.81, 543.62, 30.24, 13.58
0.30, 13, black car, 176.96, 518.44, 206.70, 531.36, 191.83, 524.90, 176.96, 524.90, 206.70, 524.90, 29.74, 12.92
0.30, 21, black car, 1235.50, 523.55, 1269.02, 538.13, 1252.26, 530.84, 1235.50, 530.84, 1269.02, 530.84, 33.52, 14.58
0.33, 5, white car, 725.43, 536.65, 756.27, 550.54, 740.85, 543.59, 725.43, 543.59, 756.27, 543.59, 30.84, 13.89
0.33, 13, black car, 173.72, 518.19, 203.63, 531.18, 188.68, 524.69, 173.72, 524.69, 203.63, 524.69, 29.90, 12.99
0.33, 21, black car, 1232.93, 524.54, 1265.99, 538.90, 1249.46, 531.72, 1232.93, 531.72, 1265.99, 531.72, 33.07, 14.36
0.37, 5, white car, 722.72, 536.57, 753.68, 550.52, 738.20, 543.54, 722.72, 543.54, 753.68, 543.54, 30.96, 13.95
0.37, 13, black car, 170.96, 517.99, 201.32, 531.14, 186.14, 524.57, 170.96, 524.57, 201.32, 524.57, 30.35, 13.16
0.37, 21, black car, 1230.27, 524.59, 1263.00, 538.79, 1246.63, 531.69, 1230.27, 531.69, 1263.00, 531.69, 32.73, 14.20
0.40, 5, white car, 719.89, 536.51, 750.98, 550.50, 735.43, 543.51, 719.89, 543.51, 750.98, 543.51, 31.09, 13.99
0.40, 13, black car, 169.49, 517.89, 200.32, 531.25, 184.90, 524.57, 169.49, 524.57, 200.32, 524.57, 30.83, 13.35
0.40, 21, black car, 1227.70, 524.61, 1260.17, 538.68, 1243.93, 531.64, 1227.70, 531.64, 1260.17, 531.64, 32.47, 14.07
0.43, 5, white car, 717.24, 536.55, 748.32, 550.56, 732.78, 543.56, 717.24, 543.56, 748.32, 543.56, 31.08, 14.01
0.43, 13, black car, 167.65, 517.63, 198.84, 531.11, 183.25, 524.37, 167.65, 524.37, 198.84, 524.37, 31.19, 13.48
0.43, 21, black car, 1224.58, 524.59, 1256.94, 538.59, 1240.76, 531.59, 1224.58, 531.59, 1256.94, 531.59, 32.36, 14.00
0.47, 5, white car, 714.28, 536.42, 745.54, 550.52, 729.91, 543.47, 714.28, 543.47, 745.54, 543.47, 31.26, 14.10
0.47, 13, black car, 164.87, 517.36, 196.28, 530.84, 180.58, 524.10, 164.87, 524.10, 196.28, 524.10, 31.41, 13.48
0.47, 21, black car, 1222.16, 524.99, 1253.85, 538.67, 1238.01, 531.83, 1222.16, 531.83, 1253.85, 531.83, 31.68, 13.68
0.50, 5, white car, 711.22, 536.36, 742.79, 550.66, 727.01, 543.51, 711.22, 543.51, 742.79, 543.51, 31.56, 14.30
0.50, 13, black car, 162.32, 517.31, 193.53, 530.59, 177.92, 523.95, 162.32, 523.95, 193.53, 523.95, 31.21, 13.28
0.50, 21, black car, 1219.40, 525.00, 1251.06, 538.67, 1235.23, 531.84, 1219.40, 531.84, 1251.06, 531.84, 31.66, 13.67
0.53, 5, white car, 708.92, 536.48, 739.70, 550.44, 724.31, 543.46, 708.92, 543.46, 739.70, 543.46, 30.78, 13.96
0.53, 13, black car, 159.94, 516.99, 190.85, 530.08, 175.40, 523.54, 159.94, 523.54, 190.85, 523.54, 30.91, 13.09
0.53, 21, black car, 1216.70, 524.90, 1248.13, 538.41, 1232.41, 531.66, 1216.70, 531.66, 1248.13, 531.66, 31.43, 13.51
0.57, 5, white car, 706.37, 536.84, 736.52, 550.49, 721.44, 543.66, 706.37, 543.66, 736.52, 543.66, 30.15, 13.65
0.57, 13, black car, 157.13, 516.52, 188.71, 529.88, 172.92, 523.20, 157.13, 523.20, 188.71, 523.20, 31.58, 13.36
0.57, 21, black car, 1214.30, 525.01, 1245.79, 538.50, 1230.05, 531.76, 1214.30, 531.76, 1245.79, 531.76, 31.49, 13.49
0.60, 5, white car, 704.21, 537.23, 733.53, 550.44, 718.87, 543.83, 704.21, 543.83, 733.53, 543.83, 29.32, 13.21
0.60, 13, black car, 155.20, 516.33, 187.20, 529.86, 171.20, 523.09, 155.20, 523.09, 187.20, 523.09, 32.00, 13.52
0.60, 21, black car, 1211.04, 524.97, 1242.96, 538.60, 1227.00, 531.78, 1211.04, 531.78, 1242.96, 531.78, 31.92, 13.62
0.63, 5, white car, 701.28, 537.40, 730.47, 550.45, 715.87, 543.92, 701.28, 543.92, 730.47, 543.92, 29.19, 13.05
0.63, 13, black car, 153.39, 516.10, 186.14, 529.99, 169.77, 523.05, 153.39, 523.05, 186.14, 523.05, 32.76, 13.90
0.63, 21, black car, 1208.15, 524.89, 1240.31, 538.58, 1224.23, 531.73, 1208.15, 531.73, 1240.31, 531.73, 32.15, 13.69
0.67, 5, white car, 698.14, 537.60, 727.23, 550.58, 712.68, 544.09, 698.14, 544.09, 727.23, 544.09, 29.09, 12.98
0.67, 13, black car, 150.72, 516.00, 183.58, 529.96, 167.15, 522.98, 150.72, 522.98, 183.58, 522.98, 32.86, 13.95
0.67, 21, black car, 1205.58, 524.71, 1238.11, 538.56, 1221.84, 531.63, 1205.58, 531.63, 1238.11, 531.63, 32.53, 13.85
0.70, 5, white car, 695.64, 537.64, 724.50, 550.44, 710.07, 544.04, 695.64, 544.04, 724.50, 544.04, 28.86, 12.80
0.70, 13, black car, 148.85, 516.02, 181.08, 529.76, 164.97, 522.89, 148.85, 522.89, 181.08, 522.89, 32.23, 13.74
0.70, 21, black car, 1202.94, 524.71, 1235.57, 538.58, 1219.25, 531.64, 1202.94, 531.64, 1235.57, 531.64, 32.63, 13.87
0.73, 5, white car, 692.81, 537.49, 721.82, 550.29, 707.32, 543.89, 692.81, 543.89, 721.82, 543.89, 29.01, 12.80
0.73, 13, black car, 146.05, 516.21, 177.27, 529.60, 161.66, 522.91, 146.05, 522.91, 177.27, 522.91, 31.21, 13.39
0.73, 21, black car, 1199.89, 524.97, 1232.79, 538.96, 1216.34, 531.97, 1199.89, 531.97, 1232.79, 531.97, 32.90, 13.99
0.77, 5, white car, 689.80, 537.35, 719.08, 550.27, 704.44, 543.81, 689.80, 543.81, 719.08, 543.81, 29.28, 12.92
0.77, 13, black car, 143.07, 516.11, 174.02, 529.48, 158.54, 522.80, 143.07, 522.80, 174.02, 522.80, 30.94, 13.37
0.77, 21, black car, 1195.99, 524.71, 1229.99, 539.21, 1212.99, 531.96, 1195.99, 531.96, 1229.99, 531.96, 34.00, 14.50
0.80, 5, white car, 687.02, 537.17, 716.23, 549.97, 701.62, 543.57, 687.02, 543.57, 716.23, 543.57, 29.21, 12.80
0.80, 13, black car, 140.25, 516.00, 172.05, 529.80, 156.15, 522.90, 140.25, 522.90, 172.05, 522.90, 31.80, 13.80
0.80, 21, black car, 1192.96, 524.71, 1227.31, 539.44, 1210.14, 532.08, 1192.96, 532.08, 1227.31, 532.08, 34.35, 14.73
0.83, 5, white car, 683.85, 536.95, 713.35, 549.90, 698.60, 543.43, 683.85, 543.43, 713.35, 543.43, 29.50, 12.94
0.83, 13, black car, 137.16, 516.00, 169.87, 530.25, 153.51, 523.13, 137.16, 523.13, 169.87, 523.13, 32.71, 14.25
0.83, 21, black car, 1190.31, 525.20, 1224.09, 539.76, 1207.20, 532.48, 1190.31, 532.48, 1224.09, 532.48, 33.78, 14.55
0.87, 5, white car, 680.84, 536.81, 710.68, 549.90, 695.76, 543.35, 680.84, 543.35, 710.68, 543.35, 29.84, 13.08
0.87, 13, black car, 134.13, 515.88, 166.98, 530.27, 150.55, 523.08, 134.13, 523.08, 166.98, 523.08, 32.85, 14.38
0.87, 21, black car, 1187.06, 525.35, 1220.84, 539.97, 1203.95, 532.66, 1187.06, 532.66, 1220.84, 532.66, 33.79, 14.62
0.90, 5, white car, 677.77, 536.52, 707.86, 549.70, 692.82, 543.11, 677.77, 543.11, 707.86, 543.11, 30.08, 13.19
0.90, 13, black car, 131.81, 515.75, 164.69, 530.25, 148.25, 523.00, 131.81, 523.00, 164.69, 523.00, 32.88, 14.50
0.90, 21, black car, 1184.33, 525.45, 1217.97, 540.05, 1201.15, 532.75, 1184.33, 532.75, 1217.97, 532.75, 33.65, 14.60
0.93, 5, white car, 675.10, 536.49, 705.12, 549.65, 690.11, 543.07, 675.10, 543.07, 705.12, 543.07, 30.01, 13.16
0.93, 13, black car, 130.20, 515.86, 162.25, 530.07, 146.23, 522.96, 130.20, 522.96, 162.25, 522.96, 32.05, 14.21
0.93, 21, black car, 1181.19, 525.78, 1214.94, 540.46, 1198.07, 533.12, 1181.19, 533.12, 1214.94, 533.12, 33.75, 14.68
0.97, 5, white car, 672.54, 536.59, 702.42, 549.65, 687.48, 543.12, 672.54, 543.12, 702.42, 543.12, 29.88, 13.06
0.97, 13, black car, 128.81, 515.68, 160.16, 529.57, 144.48, 522.62, 128.81, 522.62, 160.16, 522.62, 31.35, 13.89
0.97, 21, black car, 1178.68, 526.02, 1211.52, 540.33, 1195.10, 533.17, 1178.68, 533.17, 1211.52, 533.17, 32.84, 14.31
1.00, 5, white car, 669.65, 536.67, 699.78, 549.85, 684.72, 543.26, 669.65, 543.26, 699.78, 543.26, 30.13, 13.18
1.00, 13, black car, 127.32, 515.29, 158.20, 529.01, 142.76, 522.15, 127.32, 522.15, 158.20, 522.15, 30.88, 13.71
1.00, 21, black car, 1176.15, 526.08, 1208.72, 540.33, 1192.44, 533.21, 1176.15, 533.21, 1208.72, 533.21, 32.57, 14.25
1.03, 5, white car, 666.87, 536.89, 696.62, 549.87, 681.74, 543.38, 666.87, 543.38, 696.62, 543.38, 29.75, 12.98
1.03, 13, black car, 125.62, 515.45, 156.14, 529.06, 140.88, 522.26, 125.62, 522.26, 156.14, 522.26, 30.52, 13.61
1.03, 21, black car, 1173.02, 525.80, 1206.16, 540.36, 1189.59, 533.08, 1173.02, 533.08, 1206.16, 533.08, 33.14, 14.55
1.07, 5, white car, 664.05, 537.11, 693.46, 549.90, 678.76, 543.51, 664.05, 543.51, 693.46, 543.51, 29.40, 12.79
1.07, 13, black car, 122.86, 515.04, 153.32, 528.67, 138.09, 521.86, 122.86, 521.86, 153.32, 521.86, 30.46, 13.63
1.07, 21, black car, 1170.79, 526.03, 1203.40, 540.38, 1187.10, 533.21, 1170.79, 533.21, 1203.40, 533.21, 32.61, 14.35
1.10, 5, white car, 661.51, 537.07, 690.98, 549.88, 676.25, 543.48, 661.51, 543.48, 690.98, 543.48, 29.47, 12.81
1.10, 13, black car, 119.47, 514.34, 150.54, 528.29, 135.01, 521.31, 119.47, 521.31, 150.54, 521.31, 31.06, 13.95
1.10, 21, black car, 1167.67, 525.94, 1200.17, 540.21, 1183.92, 533.07, 1167.67, 533.07, 1200.17, 533.07, 32.50, 14.27
1.13, 5, white car, 658.36, 537.09, 688.35, 550.10, 673.35, 543.59, 658.36, 543.59, 688.35, 543.59, 29.99, 13.01
1.13, 13, black car, 117.41, 514.05, 148.36, 527.99, 132.89, 521.02, 117.41, 521.02, 148.36, 521.02, 30.95, 13.94
1.13, 21, black car, 1165.30, 525.92, 1197.47, 540.02, 1181.38, 532.97, 1165.30, 532.97, 1197.47, 532.97, 32.16, 14.11
1.17, 5, white car, 655.14, 536.90, 685.71, 550.19, 670.42, 543.55, 655.14, 543.55, 685.71, 543.55, 30.56, 13.29
1.17, 13, black car, 114.95, 513.61, 146.19, 527.76, 130.57, 520.69, 114.95, 520.69, 146.19, 520.69, 31.23, 14.15
1.17, 21, black car, 1162.51, 525.93, 1195.08, 540.24, 1178.80, 533.08, 1162.51, 533.08, 1195.08, 533.08, 32.57, 14.31
1.20, 5, white car, 652.36, 537.05, 682.58, 550.16, 667.47, 543.60, 652.36, 543.60, 682.58, 543.60, 30.22, 13.11
1.20, 13, black car, 112.92, 513.67, 143.95, 527.78, 128.44, 520.73, 112.92, 520.73, 143.95, 520.73, 31.03, 14.12
1.20, 21, black car, 1160.14, 526.10, 1192.90, 540.52, 1176.52, 533.31, 1160.14, 533.31, 1192.90, 533.31, 32.76, 14.42
1.23, 5, white car, 649.79, 537.04, 679.66, 549.97, 664.73, 543.50, 649.79, 543.50, 679.66, 543.50, 29.87, 12.93
1.23, 13, black car, 111.57, 513.70, 142.11, 527.71, 126.84, 520.70, 111.57, 520.70, 142.11, 520.70, 30.54, 14.01
1.23, 21, black car, 1157.65, 526.17, 1190.47, 540.64, 1174.06, 533.40, 1157.65, 533.40, 1190.47, 533.40, 32.82, 14.47
1.27, 5, white car, 647.48, 537.07, 676.85, 549.76, 662.16, 543.41, 647.48, 543.41, 676.85, 543.41, 29.37, 12.70
1.27, 13, black car, 109.17, 513.75, 139.43, 527.69, 124.30, 520.72, 109.17, 520.72, 139.43, 520.72, 30.26, 13.94
1.27, 21, black car, 1154.64, 526.52, 1187.39, 540.95, 1171.02, 533.73, 1154.64, 533.73, 1187.39, 533.73, 32.75, 14.43
1.30, 5, white car, 644.38, 536.97, 673.98, 549.72, 659.18, 543.34, 644.38, 543.34, 673.98, 543.34, 29.60, 12.76
1.30, 13, black car, 106.07, 514.03, 136.55, 528.05, 121.31, 521.04, 106.07, 521.04, 136.55, 521.04, 30.48, 14.02
1.30, 21, black car, 1151.38, 526.27, 1183.63, 540.50, 1167.50, 533.39, 1151.38, 533.39, 1183.63, 533.39, 32.25, 14.22
1.33, 5, white car, 641.25, 536.61, 671.49, 549.68, 656.37, 543.14, 641.25, 543.14, 671.49, 543.14, 30.24, 13.07
1.33, 13, black car, 103.48, 514.15, 133.79, 528.05, 118.64, 521.10, 103.48, 521.10, 133.79, 521.10, 30.31, 13.90
1.33, 21, black car, 1148.52, 526.38, 1180.50, 540.54, 1164.51, 533.46, 1148.52, 533.46, 1180.50, 533.46, 31.98, 14.16
1.37, 5, white car, 638.30, 536.59, 668.52, 549.64, 653.41, 543.11, 638.30, 543.11, 668.52, 543.11, 30.22, 13.05
1.37, 13, black car, 101.26, 514.39, 130.79, 527.92, 116.02, 521.16, 101.26, 521.16, 130.79, 521.16, 29.53, 13.53
1.37, 21, black car, 1145.92, 526.28, 1178.60, 540.80, 1162.26, 533.54, 1145.92, 533.54, 1178.60, 533.54, 32.68, 14.52
1.40, 5, white car, 635.26, 536.35, 665.74, 549.55, 650.50, 542.95, 635.26, 542.95, 665.74, 542.95, 30.48, 13.20
1.40, 13, black car, 98.91, 514.57, 128.33, 528.03, 113.62, 521.30, 98.91, 521.30, 128.33, 521.30, 29.42, 13.46
1.40, 21, black car, 1143.10, 526.61, 1175.37, 540.99, 1159.24, 533.80, 1143.10, 533.80, 1175.37, 533.80, 32.27, 14.38
1.43, 5, white car, 633.00, 536.38, 663.00, 549.39, 648.00, 542.88, 633.00, 542.88, 663.00, 542.88, 30.00, 13.01
1.43, 13, black car, 96.55, 514.40, 125.53, 527.65, 111.04, 521.02, 96.55, 521.02, 125.53, 521.02, 28.97, 13.25
1.43, 21, black car, 1140.44, 527.07, 1172.01, 541.19, 1156.23, 534.13, 1140.44, 534.13, 1172.01, 534.13, 31.57, 14.12
1.47, 5, white car, 630.18, 536.20, 660.69, 549.46, 645.44, 542.83, 630.18, 542.83, 660.69, 542.83, 30.51, 13.26
1.47, 13, black car, 93.91, 514.33, 122.70, 527.51, 108.31, 520.92, 93.91, 520.92, 122.70, 520.92, 28.79, 13.19
1.47, 21, black car, 1137.26, 527.04, 1169.23, 541.39, 1153.24, 534.21, 1137.26, 534.21, 1169.23, 534.21, 31.97, 14.35
1.50, 5, white car, 626.84, 535.85, 658.20, 549.57, 642.52, 542.71, 626.84, 542.71, 658.20, 542.71, 31.36, 13.71
1.50, 13, black car, 91.38, 514.46, 120.55, 527.80, 105.96, 521.13, 91.38, 521.13, 120.55, 521.13, 29.16, 13.34
1.50, 21, black car, 1134.64, 527.31, 1166.49, 541.67, 1150.56, 534.49, 1134.64, 534.49, 1166.49, 534.49, 31.85, 14.36
1.53, 5, white car, 623.83, 535.54, 655.48, 549.44, 639.66, 542.49, 623.83, 542.49, 655.48, 542.49, 31.65, 13.91
1.53, 13, black car, 88.77, 513.89, 118.14, 527.33, 103.45, 520.61, 88.77, 520.61, 118.14, 520.61, 29.36, 13.44
1.53, 21, black car, 1132.03, 527.40, 1163.65, 541.72, 1147.84, 534.56, 1132.03, 534.56, 1163.65, 534.56, 31.62, 14.32
1.57, 5, white car, 621.36, 535.53, 652.22, 549.13, 636.79, 542.33, 621.36, 542.33, 652.22, 542.33, 30.86, 13.60
1.57, 13, black car, 86.58, 512.90, 116.55, 526.62, 101.57, 519.76, 86.58, 519.76, 116.55, 519.76, 29.97, 13.72
1.57, 21, black car, 1129.76, 527.09, 1161.45, 541.53, 1145.61, 534.31, 1129.76, 534.31, 1161.45, 534.31, 31.69, 14.44
1.60, 5, white car, 618.91, 535.57, 649.09, 548.87, 634.00, 542.22, 618.91, 542.22, 649.09, 542.22, 30.18, 13.30
1.60, 13, black car, 84.03, 512.31, 114.44, 526.27, 99.23, 519.29, 84.03, 519.29, 114.44, 519.29, 30.41, 13.96
1.60, 21, black car, 1127.09, 526.81, 1159.47, 541.63, 1143.28, 534.22, 1127.09, 534.22, 1159.47, 534.22, 32.38, 14.82
1.63, 5, white car, 616.26, 535.66, 645.91, 548.69, 631.09, 542.18, 616.26, 542.18, 645.91, 542.18, 29.65, 13.02
1.63, 13, black car, 81.29, 511.94, 111.32, 525.72, 96.30, 518.83, 81.29, 518.83, 111.32, 518.83, 30.03, 13.78
1.63, 21, black car, 1124.44, 526.68, 1157.04, 541.65, 1140.74, 534.16, 1124.44, 534.16, 1157.04, 534.16, 32.60, 14.97
1.67, 5, white car, 612.98, 535.41, 643.34, 548.79, 628.16, 542.10, 612.98, 542.10, 643.34, 542.10, 30.36, 13.38
1.67, 13, black car, 78.26, 511.80, 107.75, 525.40, 93.00, 518.60, 78.26, 518.60, 107.75, 518.60, 29.49, 13.61
1.67, 21, black car, 1121.77, 526.94, 1153.37, 541.49, 1137.57, 534.22, 1121.77, 534.22, 1153.37, 534.22, 31.60, 14.55
1.70, 5, white car, 609.83, 535.28, 640.94, 549.02, 625.38, 542.15, 609.83, 542.15, 640.94, 542.15, 31.11, 13.74
1.70, 13, black car, 75.90, 511.98, 105.73, 525.84, 90.82, 518.91, 75.90, 518.91, 105.73, 518.91, 29.83, 13.86
1.70, 21, black car, 1119.57, 527.32, 1150.31, 541.49, 1134.94, 534.40, 1119.57, 534.40, 1150.31, 534.40, 30.75, 14.16
1.73, 5, white car, 607.25, 535.34, 637.88, 548.90, 622.57, 542.12, 607.25, 542.12, 637.88, 542.12, 30.62, 13.57
1.73, 13, black car, 73.54, 511.54, 103.66, 525.56, 88.60, 518.55, 73.54, 518.55, 103.66, 518.55, 30.12, 14.02
1.73, 21, black car, 1115.08, 527.44, 1146.56, 541.99, 1130.82, 534.72, 1115.08, 534.72, 1146.56, 534.72, 31.48, 14.55
1.77, 5, white car, 604.96, 535.29, 635.16, 548.70, 620.06, 542.00, 604.96, 542.00, 635.16, 542.00, 30.21, 13.41
1.77, 13, black car, 72.28, 511.32, 102.66, 525.49, 87.47, 518.41, 72.28, 518.41, 102.66, 518.41, 30.38, 14.17
1.77, 21, black car, 1111.40, 527.46, 1142.99, 542.08, 1127.20, 534.77, 1111.40, 534.77, 1142.99, 534.77, 31.59, 14.62
1.80, 5, white car, 602.03, 535.09, 632.28, 548.57, 617.15, 541.83, 602.03, 541.83, 632.28, 541.83, 30.25, 13.48
1.80, 13, black car, 70.35, 511.43, 101.33, 525.85, 85.84, 518.64, 70.35, 518.64, 101.33, 518.64, 30.98, 14.42
1.80, 21, black car, 1109.10, 527.30, 1140.17, 541.70, 1124.63, 534.50, 1109.10, 534.50, 1140.17, 534.50, 31.07, 14.39
1.83, 5, white car, 598.70, 534.63, 629.88, 548.61, 614.29, 541.62, 598.70, 541.62, 629.88, 541.62, 31.18, 13.97
1.83, 13, black car, 67.61, 511.55, 98.48, 525.88, 83.05, 518.72, 67.61, 518.72, 98.48, 518.72, 30.87, 14.33
1.83, 21, black car, 1106.44, 527.47, 1137.56, 541.91, 1122.00, 534.69, 1106.44, 534.69, 1137.56, 534.69, 31.11, 14.44
1.87, 5, white car, 595.60, 534.36, 627.44, 548.71, 611.52, 541.54, 595.60, 541.54, 627.44, 541.54, 31.84, 14.35
1.87, 13, black car, 65.44, 511.77, 95.74, 525.79, 80.59, 518.78, 65.44, 518.78, 95.74, 518.78, 30.30, 14.01
1.87, 21, black car, 1103.84, 527.62, 1135.27, 542.18, 1119.55, 534.90, 1103.84, 534.90, 1135.27, 534.90, 31.43, 14.57
1.90, 5, white car, 592.73, 534.25, 624.46, 548.64, 608.59, 541.45, 592.73, 541.45, 624.46, 541.45, 31.73, 14.40
1.90, 13, black car, 62.98, 511.74, 93.66, 525.88, 78.32, 518.81, 62.98, 518.81, 93.66, 518.81, 30.69, 14.13
1.90, 21, black car, 1100.75, 527.98, 1132.32, 542.60, 1116.53, 535.29, 1100.75, 535.29, 1132.32, 535.29, 31.57, 14.62
1.93, 5, white car, 589.89, 534.16, 621.58, 548.61, 605.74, 541.39, 589.89, 541.39, 621.58, 541.39, 31.70, 14.45
1.93, 13, black car, 60.62, 511.90, 91.51, 526.05, 76.06, 518.97, 60.62, 518.97, 91.51, 518.97, 30.90, 14.15
1.93, 21, black car, 1097.51, 528.18, 1129.48, 542.98, 1113.49, 535.58, 1097.51, 535.58, 1129.48, 535.58, 31.97, 14.80
1.97, 5, white car, 587.60, 534.21, 618.53, 548.34, 603.06, 541.28, 587.60, 541.28, 618.53, 541.28, 30.93, 14.13
1.97, 13, black car, 58.71, 511.80, 89.58, 525.95, 74.15, 518.88, 58.71, 518.88, 89.58, 518.88, 30.87, 14.14
1.97, 21, black car, 1095.07, 528.36, 1126.66, 542.99, 1110.87, 535.68, 1095.07, 535.68, 1126.66, 535.68, 31.59, 14.64
2.00, 5, white car, 585.10, 534.36, 615.29, 548.17, 600.19, 541.26, 585.10, 541.26, 615.29, 541.26, 30.19, 13.81
2.00, 13, black car, 55.92, 511.75, 87.12, 526.01, 71.52, 518.88, 55.92, 518.88, 87.12, 518.88, 31.20, 14.26
2.00, 21, black car, 1092.31, 528.64, 1123.53, 543.12, 1107.92, 535.88, 1092.31, 535.88, 1123.53, 535.88, 31.22, 14.48
2.03, 5, white car, 582.05, 534.33, 612.42, 548.23, 597.23, 541.28, 582.05, 541.28, 612.42, 541.28, 30.37, 13.90
2.03, 13, black car, 52.61, 511.40, 83.94, 525.68, 68.27, 518.54, 52.61, 518.54, 83.94, 518.54, 31.33, 14.28
2.03, 21, black car, 1090.04, 528.93, 1120.92, 543.26, 1105.48, 536.10, 1090.04, 536.10, 1120.92, 536.10, 30.88, 14.33
2.07, 5, white car, 579.11, 534.41, 609.20, 548.21, 594.15, 541.31, 579.11, 541.31, 609.20, 541.31, 30.09, 13.80
2.07, 13, black car, 50.40, 511.18, 81.65, 525.42, 66.02, 518.30, 50.40, 518.30, 81.65, 518.30, 31.25, 14.24
2.07, 21, black car, 1087.56, 529.18, 1117.50, 543.06, 1102.53, 536.12, 1087.56, 536.12, 1117.50, 536.12, 29.94, 13.88
2.10, 5, white car, 576.25, 534.30, 606.43, 548.19, 591.34, 541.25, 576.25, 541.25, 606.43, 541.25, 30.18, 13.89
2.10, 13, black car, 47.77, 511.18, 79.12, 525.46, 63.44, 518.32, 47.77, 518.32, 79.12, 518.32, 31.34, 14.28
2.10, 21, black car, 1085.41, 529.10, 1115.25, 542.92, 1100.33, 536.01, 1085.41, 536.01, 1115.25, 536.01, 29.84, 13.82
2.13, 5, white car, 573.47, 534.26, 603.53, 548.12, 588.50, 541.19, 573.47, 541.19, 603.53, 541.19, 30.07, 13.86
2.13, 13, black car, 45.33, 511.02, 76.85, 525.36, 61.09, 518.19, 45.33, 518.19, 76.85, 518.19, 31.52, 14.34
2.13, 21, black car, 1083.38, 529.34, 1112.55, 542.80, 1097.96, 536.07, 1083.38, 536.07, 1112.55, 536.07, 29.17, 13.46
2.17, 5, white car, 571.09, 534.36, 600.76, 548.05, 585.93, 541.21, 571.09, 541.21, 600.76, 541.21, 29.66, 13.69
2.17, 13, black car, 43.27, 510.83, 74.73, 525.18, 59.00, 518.01, 43.27, 518.01, 74.73, 518.01, 31.46, 14.35
2.17, 21, black car, 1079.88, 529.39, 1109.27, 542.91, 1094.58, 536.15, 1079.88, 536.15, 1109.27, 536.15, 29.39, 13.51
2.20, 5, white car, 567.91, 534.14, 597.97, 548.02, 582.94, 541.08, 567.91, 541.08, 597.97, 541.08, 30.05, 13.88
2.20, 13, black car, 41.04, 510.76, 72.68, 525.19, 56.86, 517.98, 41.04, 517.98, 72.68, 517.98, 31.64, 14.43
2.20, 21, black car, 1076.86, 529.39, 1106.43, 542.90, 1091.65, 536.15, 1076.86, 536.15, 1106.43, 536.15, 29.57, 13.51
2.23, 5, white car, 565.06, 533.94, 595.49, 548.04, 580.27, 540.99, 565.06, 540.99, 595.49, 540.99, 30.43, 14.10
2.23, 13, black car, 37.83, 510.60, 69.49, 524.99, 53.66, 517.80, 37.83, 517.80, 69.49, 517.80, 31.66, 14.39
2.23, 21, black car, 1073.46, 529.25, 1103.47, 542.93, 1088.46, 536.09, 1073.46, 536.09, 1103.47, 536.09, 30.01, 13.68
2.27, 5, white car, 562.70, 534.02, 592.77, 547.96, 577.74, 540.99, 562.70, 540.99, 592.77, 540.99, 30.07, 13.95
2.27, 13, black car, 35.43, 510.47, 67.22, 524.94, 51.33, 517.70, 35.43, 517.70, 67.22, 517.70, 31.79, 14.46
2.27, 21, black car, 1070.38, 529.02, 1100.95, 542.91, 1085.67, 535.97, 1070.38, 535.97, 1100.95, 535.97, 30.57, 13.90
2.30, 5, white car, 560.14, 534.04, 590.20, 547.98, 575.17, 541.01, 560.14, 541.01, 590.20, 541.01, 30.05, 13.95
2.30, 13, black car, 33.21, 510.36, 65.12, 524.92, 49.17, 517.64, 33.21, 517.64, 65.12, 517.64, 31.91, 14.56
2.30, 21, black car, 1067.39, 528.93, 1098.09, 542.90, 1082.74, 535.92, 1067.39, 535.92, 1098.09, 535.92, 30.70, 13.97
2.33, 5, white car, 557.11, 533.89, 587.42, 547.98, 572.26, 540.94, 557.11, 540.94, 587.42, 540.94, 30.31, 14.09
2.33, 13, black car, 30.98, 510.32, 62.69, 524.76, 46.84, 517.54, 30.98, 517.54, 62.69, 517.54, 31.71, 14.43
2.33, 21, black car, 1064.53, 528.62, 1095.35, 542.66, 1079.94, 535.64, 1064.53, 535.64, 1095.35, 535.64, 30.82, 14.04
2.37, 5, white car, 554.11, 533.66, 584.78, 547.93, 569.45, 540.79, 554.11, 540.79, 584.78, 540.79, 30.67, 14.28
2.37, 13, black car, 28.38, 509.76, 60.15, 524.25, 44.26, 517.01, 28.38, 517.01, 60.15, 517.01, 31.77, 14.49
2.37, 21, black car, 1062.27, 528.73, 1093.00, 542.71, 1077.63, 535.72, 1062.27, 535.72, 1093.00, 535.72, 30.73, 13.99
2.40, 5, white car, 551.45, 533.46, 582.30, 547.86, 566.88, 540.66, 551.45, 540.66, 582.30, 540.66, 30.85, 14.40
2.40, 13, black car, 26.53, 509.13, 58.36, 523.66, 42.45, 516.40, 26.53, 516.40, 58.36, 516.40, 31.83, 14.53
2.40, 21, black car, 1059.18, 529.06, 1089.59, 542.91, 1074.39, 535.98, 1059.18, 535.98, 1089.59, 535.98, 30.41, 13.84
2.43, 13, black car, 24.36, 508.66, 56.17, 523.17, 40.26, 515.92, 24.36, 515.92, 56.17, 515.92, 31.81, 14.51
2.43, 21, black car, 1057.12, 529.49, 1086.68, 542.96, 1071.90, 536.23, 1057.12, 536.23, 1086.68, 536.23, 29.56, 13.47
2.47, 13, black car, 21.71, 508.20, 54.10, 522.97, 37.90, 515.58, 21.71, 515.58, 54.10, 515.58, 32.39, 14.77
2.47, 21, black car, 1054.17, 529.72, 1084.02, 543.29, 1069.10, 536.51, 1054.17, 536.51, 1084.02, 536.51, 29.85, 13.57
2.50, 13, black car, 19.51, 508.29, 51.90, 523.05, 35.71, 515.67, 19.51, 515.67, 51.90, 515.67, 32.39, 14.76
2.50, 21, black car, 1051.18, 529.87, 1080.78, 543.32, 1065.98, 536.60, 1051.18, 536.60, 1080.78, 536.60, 29.60, 13.45
2.53, 13, black car, 17.22, 508.26, 49.98, 523.21, 33.60, 515.74, 17.22, 515.74, 49.98, 515.74, 32.76, 14.95
2.53, 21, black car, 1048.46, 530.07, 1077.72, 543.34, 1063.09, 536.71, 1048.46, 536.71, 1077.72, 536.71, 29.26, 13.27
2.57, 13, black car, 14.71, 508.48, 47.44, 523.40, 31.08, 515.94, 14.71, 515.94, 47.44, 515.94, 32.73, 14.92
2.57, 21, black car, 1045.33, 530.09, 1074.77, 543.42, 1060.05, 536.76, 1045.33, 536.76, 1074.77, 536.76, 29.44, 13.33
2.60, 13, black car, 12.31, 508.91, 44.11, 523.34, 28.21, 516.13, 12.31, 516.13, 44.11, 516.13, 31.80, 14.42
2.60, 21, black car, 1043.39, 530.20, 1072.79, 543.50, 1058.09, 536.85, 1043.39, 536.85, 1072.79, 536.85, 29.40, 13.29
2.63, 13, black car, 10.05, 508.92, 41.75, 523.20, 25.90, 516.06, 10.05, 516.06, 41.75, 516.06, 31.70, 14.29
2.63, 21, black car, 1040.78, 530.45, 1070.02, 543.56, 1055.40, 537.00, 1040.78, 537.00, 1070.02, 537.00, 29.25, 13.11
2.67, 13, black car, 7.72, 509.03, 39.12, 523.13, 23.42, 516.08, 7.72, 516.08, 39.12, 516.08, 31.40, 14.10
2.67, 21, black car, 1037.18, 530.20, 1066.94, 543.45, 1052.06, 536.83, 1037.18, 536.83, 1066.94, 536.83, 29.75, 13.26
2.70, 13, black car, 5.64, 509.08, 36.94, 523.14, 21.29, 516.11, 5.64, 516.11, 36.94, 516.11, 31.30, 14.06
2.70, 21, black car, 1034.60, 530.25, 1064.60, 543.58, 1049.60, 536.91, 1034.60, 536.91, 1064.60, 536.91, 30.00, 13.33
2.73, 13, black car, 2.81, 508.98, 34.67, 523.25, 18.74, 516.12, 2.81, 516.12, 34.67, 516.12, 31.86, 14.27
2.73, 21, black car, 1031.33, 530.11, 1061.84, 543.62, 1046.58, 536.86, 1031.33, 536.86, 1061.84, 536.86, 30.51, 13.51
2.77, 13, black car, 0.48, 508.69, 32.22, 522.95, 16.35, 515.82, 0.48, 515.82, 32.22, 515.82, 31.73, 14.26
2.77, 21, black car, 1028.73, 530.11, 1059.60, 543.77, 1044.17, 536.94, 1028.73, 536.94, 1059.60, 536.94, 30.87, 13.65
2.80, 13, black car, 0.00, 508.94, 30.50, 522.96, 15.25, 515.95, 0.00, 515.95, 30.50, 515.95, 30.50, 14.02
2.80, 21, black car, 1025.48, 530.14, 1056.91, 544.03, 1041.19, 537.08, 1025.48, 537.08, 1056.91, 537.08, 31.42, 13.89
2.83, 13, black car, 0.00, 509.06, 28.49, 523.03, 14.24, 516.05, 0.00, 516.05, 28.49, 516.05, 28.49, 13.98
2.83, 21, black car, 1022.42, 530.24, 1053.61, 544.07, 1038.02, 537.16, 1022.42, 537.16, 1053.61, 537.16, 31.19, 13.82
2.87, 13, black car, 0.00, 508.89, 26.64, 522.92, 13.32, 515.90, 0.00, 515.90, 26.64, 515.90, 26.64, 14.03
2.87, 21, black car, 1019.61, 530.53, 1050.84, 544.39, 1035.22, 537.46, 1019.61, 537.46, 1050.84, 537.46, 31.22, 13.87
2.87, 5, white car, 512.26, 532.40, 541.65, 546.05, 526.96, 539.23, 512.26, 539.23, 541.65, 539.23, 29.39, 13.65
2.90, 13, black car, 0.00, 508.93, 25.48, 523.05, 12.74, 515.99, 0.00, 515.99, 25.48, 515.99, 25.48, 14.13
2.90, 21, black car, 1017.16, 530.55, 1048.60, 544.55, 1032.88, 537.55, 1017.16, 537.55, 1048.60, 537.55, 31.44, 14.00
2.90, 5, white car, 509.40, 532.35, 539.10, 546.10, 524.25, 539.22, 509.40, 539.22, 539.10, 539.22, 29.70, 13.75
2.93, 13, black car, 0.00, 508.54, 24.20, 522.80, 12.10, 515.67, 0.00, 515.67, 24.20, 515.67, 24.20, 14.26
2.93, 21, black car, 1014.91, 530.77, 1046.21, 544.64, 1030.56, 537.71, 1014.91, 537.71, 1046.21, 537.71, 31.30, 13.87
2.97, 13, black car, 0.00, 507.87, 22.18, 521.94, 11.09, 514.90, 0.00, 514.90, 22.18, 514.90, 22.18, 14.07
2.97, 21, black car, 1011.37, 530.66, 1043.14, 544.75, 1027.25, 537.70, 1011.37, 537.70, 1043.14, 537.70, 31.77, 14.09
2.97, 5, white car, 503.96, 532.37, 532.89, 545.68, 518.42, 539.02, 503.96, 539.02, 532.89, 539.02, 28.93, 13.31
3.00, 13, black car, 0.00, 507.02, 20.69, 521.50, 10.34, 514.26, 0.00, 514.26, 20.69, 514.26, 20.69, 14.49
3.00, 21, black car, 1007.83, 531.12, 1039.40, 545.13, 1023.62, 538.12, 1007.83, 538.12, 1039.40, 538.12, 31.57, 14.01
3.03, 13, black car, 0.00, 506.01, 19.66, 521.15, 9.83, 513.58, 0.00, 513.58, 19.66, 513.58, 19.66, 15.14
3.03, 21, black car, 1004.89, 531.12, 1036.30, 545.04, 1020.59, 538.08, 1004.89, 538.08, 1036.30, 538.08, 31.42, 13.92
3.03, 5, white car, 498.34, 532.30, 527.75, 545.74, 513.05, 539.02, 498.34, 539.02, 527.75, 539.02, 29.41, 13.44
3.07, 13, black car, 0.00, 505.49, 18.41, 521.09, 9.21, 513.29, 0.00, 513.29, 18.41, 513.29, 18.41, 15.60
3.07, 21, black car, 1001.81, 531.08, 1034.03, 545.36, 1017.92, 538.22, 1001.81, 538.22, 1034.03, 538.22, 32.22, 14.28
3.07, 5, white car, 495.43, 532.32, 525.13, 545.83, 510.28, 539.07, 495.43, 539.07, 525.13, 539.07, 29.70, 13.51
3.10, 21, black car, 1000.02, 530.87, 1032.32, 545.22, 1016.17, 538.04, 1000.02, 538.04, 1032.32, 538.04, 32.30, 14.34
3.10, 5, white car, 492.58, 532.36, 522.06, 545.75, 507.32, 539.05, 492.58, 539.05, 522.06, 539.05, 29.48, 13.38
3.13, 21, black car, 997.54, 530.81, 1029.67, 545.05, 1013.61, 537.93, 997.54, 537.93, 1029.67, 537.93, 32.14, 14.24
3.13, 5, white car, 489.64, 532.31, 519.17, 545.65, 504.41, 538.98, 489.64, 538.98, 519.17, 538.98, 29.53, 13.34
3.17, 21, black car, 995.39, 530.91, 1027.03, 544.92, 1011.21, 537.91, 995.39, 537.91, 1027.03, 537.91, 31.64, 14.01
3.17, 5, white car, 486.67, 532.24, 516.32, 545.59, 501.49, 538.92, 486.67, 538.92, 516.32, 538.92, 29.64, 13.36
3.20, 21, black car, 991.91, 530.69, 1023.61, 544.66, 1007.76, 537.68, 991.91, 537.68, 1023.61, 537.68, 31.70, 13.97
3.20, 5, white car, 483.89, 532.10, 513.60, 545.41, 498.75, 538.76, 483.89, 538.76, 513.60, 538.76, 29.70, 13.31
3.23, 21, black car, 988.98, 530.71, 1020.75, 544.73, 1004.87, 537.72, 988.98, 537.72, 1020.75, 537.72, 31.77, 14.02
3.23, 5, white car, 481.25, 532.09, 511.15, 545.48, 496.20, 538.78, 481.25, 538.78, 511.15, 538.78, 29.91, 13.39
3.27, 21, black car, 986.64, 530.37, 1018.30, 544.36, 1002.47, 537.36, 986.64, 537.36, 1018.30, 537.36, 31.66, 13.99
3.27, 5, white car, 478.63, 532.04, 508.58, 545.44, 493.60, 538.74, 478.63, 538.74, 508.58, 538.74, 29.96, 13.39
3.30, 21, black car, 984.31, 530.59, 1015.23, 544.23, 999.77, 537.41, 984.31, 537.41, 1015.23, 537.41, 30.92, 13.64
3.30, 5, white car, 476.06, 532.04, 505.80, 545.31, 490.93, 538.67, 476.06, 538.67, 505.80, 538.67, 29.74, 13.26
3.33, 21, black car, 982.46, 530.80, 1012.80, 544.18, 997.63, 537.49, 982.46, 537.49, 1012.80, 537.49, 30.34, 13.38
3.33, 5, white car, 473.42, 532.03, 503.20, 545.28, 488.31, 538.65, 473.42, 538.65, 503.20, 538.65, 29.77, 13.25
3.37, 21, black car, 979.72, 530.67, 1010.22, 544.16, 994.97, 537.42, 979.72, 537.42, 1010.22, 537.42, 30.50, 13.49
3.37, 5, white car, 470.36, 531.94, 500.28, 545.24, 485.32, 538.59, 470.36, 538.59, 500.28, 538.59, 29.92, 13.29
3.40, 21, black car, 976.07, 530.61, 1007.00, 544.30, 991.54, 537.46, 976.07, 537.46, 1007.00, 537.46, 30.93, 13.68
3.40, 5, white car, 467.51, 531.79, 497.41, 545.10, 482.46, 538.44, 467.51, 538.44, 497.41, 538.44, 29.91, 13.31
3.43, 21, black car, 973.17, 530.89, 1003.83, 544.39, 988.50, 537.64, 973.17, 537.64, 1003.83, 537.64, 30.66, 13.50
3.43, 5, white car, 464.89, 531.77, 494.77, 545.06, 479.83, 538.41, 464.89, 538.41, 494.77, 538.41, 29.88, 13.29
3.47, 21, black car, 970.99, 531.52, 1000.93, 544.64, 985.96, 538.08, 970.99, 538.08, 1000.93, 538.08, 29.94, 13.12
3.47, 5, white car, 462.26, 531.69, 492.25, 545.02, 477.25, 538.35, 462.26, 538.35, 492.25, 538.35, 29.99, 13.33
3.50, 21, black car, 967.57, 531.61, 998.09, 544.96, 982.83, 538.28, 967.57, 538.28, 998.09, 538.28, 30.52, 13.35
3.50, 5, white car, 459.17, 531.22, 490.05, 544.96, 474.61, 538.09, 459.17, 538.09, 490.05, 538.09, 30.88, 13.74
3.53, 21, black car, 964.94, 531.96, 994.97, 545.07, 979.96, 538.52, 964.94, 538.52, 994.97, 538.52, 30.03, 13.11
3.53, 5, white car, 456.17, 531.06, 487.31, 544.94, 471.74, 538.00, 456.17, 538.00, 487.31, 538.00, 31.13, 13.88
3.57, 21, black car, 962.04, 532.11, 992.16, 545.21, 977.10, 538.66, 962.04, 538.66, 992.16, 538.66, 30.12, 13.10
3.57, 5, white car, 453.37, 530.99, 484.73, 545.02, 469.05, 538.01, 453.37, 538.01, 484.73, 538.01, 31.36, 14.03
3.60, 21, black car, 959.38, 532.05, 989.69, 545.21, 974.54, 538.63, 959.38, 538.63, 989.69, 538.63, 30.31, 13.16
3.60, 5, white car, 450.86, 530.79, 482.31, 544.92, 466.59, 537.85, 450.86, 537.85, 482.31, 537.85, 31.45, 14.13
3.60, 10, black car, 1342.74, 523.00, 1369.97, 533.92, 1356.36, 528.46, 1342.74, 528.46, 1369.97, 528.46, 27.23, 10.92
3.63, 21, black car, 957.07, 532.17, 987.37, 545.32, 972.22, 538.74, 957.07, 538.74, 987.37, 538.74, 30.30, 13.15
3.63, 5, white car, 448.23, 530.73, 479.39, 544.78, 463.81, 537.75, 448.23, 537.75, 479.39, 537.75, 31.17, 14.04
3.63, 10, black car, 1339.57, 522.99, 1366.98, 533.95, 1353.27, 528.47, 1339.57, 528.47, 1366.98, 528.47, 27.41, 10.96
3.67, 21, black car, 954.04, 531.98, 984.99, 545.43, 969.51, 538.70, 954.04, 538.70, 984.99, 538.70, 30.95, 13.45
3.67, 5, white car, 445.81, 530.59, 476.89, 544.61, 461.35, 537.60, 445.81, 537.60, 476.89, 537.60, 31.08, 14.02
3.67, 10, black car, 1336.27, 523.10, 1363.90, 534.08, 1350.09, 528.59, 1336.27, 528.59, 1363.90, 528.59, 27.62, 10.98
3.70, 21, black car, 951.13, 532.00, 982.42, 545.65, 966.77, 538.83, 951.13, 538.83, 982.42, 538.83, 31.28, 13.65
3.70, 5, white car, 443.01, 530.37, 474.01, 544.35, 458.51, 537.36, 443.01, 537.36, 474.01, 537.36, 31.00, 13.98
3.70, 10, black car, 1333.24, 522.93, 1361.16, 534.05, 1347.20, 528.49, 1333.24, 528.49, 1361.16, 528.49, 27.92, 11.12
3.73, 21, black car, 947.36, 532.16, 978.71, 545.80, 963.03, 538.98, 947.36, 538.98, 978.71, 538.98, 31.35, 13.65
3.73, 5, white car, 440.13, 530.28, 471.40, 544.38, 455.76, 537.33, 440.13, 537.33, 471.40, 537.33, 31.28, 14.10
3.73, 10, black car, 1330.44, 523.02, 1358.29, 534.19, 1344.37, 528.61, 1330.44, 528.61, 1358.29, 528.61, 27.85, 11.17
3.77, 21, black car, 945.28, 532.12, 976.66, 545.83, 960.97, 538.98, 945.28, 538.98, 976.66, 538.98, 31.37, 13.71
3.77, 5, white car, 437.54, 530.08, 469.10, 544.34, 453.32, 537.21, 437.54, 537.21, 469.10, 537.21, 31.55, 14.26
3.77, 10, black car, 1327.55, 522.93, 1355.31, 534.09, 1341.43, 528.51, 1327.55, 528.51, 1355.31, 528.51, 27.77, 11.16
3.80, 21, black car, 942.55, 531.95, 973.94, 545.67, 958.24, 538.81, 942.55, 538.81, 973.94, 538.81, 31.39, 13.72
3.80, 5, white car, 435.08, 529.92, 466.43, 544.11, 450.75, 537.01, 435.08, 537.01, 466.43, 537.01, 31.34, 14.19
3.80, 10, black car, 1324.12, 522.83, 1352.19, 534.10, 1338.15, 528.46, 1324.12, 528.46, 1352.19, 528.46, 28.07, 11.27
3.83, 21, black car, 939.73, 532.01, 970.99, 545.67, 955.36, 538.84, 939.73, 538.84, 970.99, 538.84, 31.26, 13.67
3.83, 5, white car, 432.53, 529.93, 463.68, 544.04, 448.10, 536.98, 432.53, 536.98, 463.68, 536.98, 31.14, 14.11
3.83, 10, black car, 1320.81, 522.83, 1349.29, 534.27, 1335.05, 528.55, 1320.81, 528.55, 1349.29, 528.55, 28.48, 11.44
3.87, 21, black car, 936.57, 531.86, 967.89, 545.56, 952.23, 538.71, 936.57, 538.71, 967.89, 538.71, 31.32, 13.70
3.87, 5, white car, 429.89, 529.86, 461.12, 544.06, 445.50, 536.96, 429.89, 536.96, 461.12, 536.96, 31.24, 14.20
3.87, 10, black car, 1317.69, 523.13, 1346.29, 534.61, 1331.99, 528.87, 1317.69, 528.87, 1346.29, 528.87, 28.60, 11.48
3.90, 21, black car, 933.23, 531.76, 964.75, 545.53, 948.99, 538.65, 933.23, 538.65, 964.75, 538.65, 31.52, 13.77
3.90, 5, white car, 427.15, 529.76, 458.32, 543.95, 442.73, 536.85, 427.15, 536.85, 458.32, 536.85, 31.17, 14.18
3.90, 10, black car, 1314.66, 523.44, 1343.34, 534.93, 1329.00, 529.19, 1314.66, 529.19, 1343.34, 529.19, 28.68, 11.50
3.93, 21, black car, 930.88, 531.78, 962.82, 545.75, 946.85, 538.76, 930.88, 538.76, 962.82, 538.76, 31.94, 13.97
3.93, 5, white car, 424.87, 529.66, 455.69, 543.71, 440.28, 536.68, 424.87, 536.68, 455.69, 536.68, 30.82, 14.04
3.93, 10, black car, 1312.10, 523.56, 1340.51, 534.92, 1326.31, 529.24, 1312.10, 529.24, 1340.51, 529.24, 28.42, 11.36
3.97, 21, black car, 927.96, 531.73, 960.87, 546.13, 944.42, 538.93, 927.96, 538.93, 960.87, 538.93, 32.92, 14.40
3.97, 5, white car, 422.24, 529.42, 453.00, 543.46, 437.62, 536.44, 422.24, 536.44, 453.00, 536.44, 30.76, 14.04
3.97, 10, black car, 1309.02, 523.64, 1337.38, 534.94, 1323.20, 529.29, 1309.02, 529.29, 1337.38, 529.29, 28.36, 11.30
4.00, 21, black car, 925.81, 531.92, 958.64, 546.32, 942.23, 539.12, 925.81, 539.12, 958.64, 539.12, 32.83, 14.40
4.00, 5, white car, 419.79, 529.37, 450.30, 543.30, 435.05, 536.33, 419.79, 536.33, 450.30, 536.33, 30.51, 13.93
4.00, 10, black car, 1306.67, 523.82, 1334.64, 534.95, 1320.66, 529.38, 1306.67, 529.38, 1334.64, 529.38, 27.97, 11.13
4.03, 21, black car, 923.08, 532.10, 955.16, 546.19, 939.12, 539.14, 923.08, 539.14, 955.16, 539.14, 32.07, 14.09
4.03, 5, white car, 417.13, 529.21, 448.05, 543.34, 432.59, 536.27, 417.13, 536.27, 448.05, 536.27, 30.92, 14.13
4.03, 10, black car, 1303.71, 523.83, 1331.74, 534.97, 1317.73, 529.40, 1303.71, 529.40, 1331.74, 529.40, 28.02, 11.14
4.07, 21, black car, 921.24, 532.22, 952.41, 545.97, 936.83, 539.09, 921.24, 539.09, 952.41, 539.09, 31.18, 13.75
4.07, 5, white car, 414.56, 529.08, 445.52, 543.25, 430.04, 536.16, 414.56, 536.16, 445.52, 536.16, 30.96, 14.17
4.07, 10, black car, 1300.84, 523.74, 1328.56, 534.72, 1314.70, 529.23, 1300.84, 529.23, 1328.56, 529.23, 27.72, 10.99
4.10, 21, black car, 918.43, 532.22, 949.53, 546.03, 933.98, 539.12, 918.43, 539.12, 949.53, 539.12, 31.11, 13.81
4.10, 5, white car, 412.30, 528.99, 443.00, 542.97, 427.65, 535.98, 412.30, 535.98, 443.00, 535.98, 30.69, 13.98
4.10, 10, black car, 1297.29, 523.56, 1325.98, 534.94, 1311.63, 529.25, 1297.29, 529.25, 1325.98, 529.25, 28.69, 11.38
4.13, 5, white car, 409.75, 529.01, 440.28, 542.90, 425.01, 535.95, 409.75, 535.95, 440.28, 535.95, 30.53, 13.88
4.13, 10, black car, 1293.62, 523.59, 1323.36, 535.42, 1308.49, 529.51, 1293.62, 529.51, 1323.36, 529.51, 29.73, 11.83
4.17, 5, white car, 407.07, 528.69, 438.27, 542.92, 422.67, 535.80, 407.07, 535.80, 438.27, 535.80, 31.19, 14.23
4.17, 10, black car, 1291.05, 523.75, 1320.35, 535.45, 1305.70, 529.60, 1291.05, 529.60, 1320.35, 529.60, 29.31, 11.70
4.17, 21, black car, 912.49, 532.16, 945.10, 546.73, 928.79, 539.45, 912.49, 539.45, 945.10, 539.45, 32.61, 14.57
4.20, 5, white car, 404.57, 528.40, 435.86, 542.71, 420.22, 535.55, 404.57, 535.55, 435.86, 535.55, 31.29, 14.31
4.20, 10, black car, 1287.96, 523.48, 1318.02, 535.54, 1302.99, 529.51, 1287.96, 529.51, 1318.02, 529.51, 30.06, 12.06
4.20, 21, black car, 910.28, 532.14, 942.42, 546.57, 926.35, 539.36, 910.28, 539.36, 942.42, 539.36, 32.14, 14.43
4.23, 5, white car, 401.80, 528.03, 433.20, 542.44, 417.50, 535.23, 401.80, 535.23, 433.20, 535.23, 31.40, 14.41
4.23, 10, black car, 1285.51, 523.34, 1315.29, 535.31, 1300.40, 529.33, 1285.51, 529.33, 1315.29, 529.33, 29.79, 11.97
4.23, 21, black car, 907.05, 532.23, 938.98, 546.57, 923.01, 539.40, 907.05, 539.40, 938.98, 539.40, 31.94, 14.34
4.27, 5, white car, 399.30, 527.94, 431.04, 542.57, 415.17, 535.25, 399.30, 535.25, 431.04, 535.25, 31.74, 14.63
4.27, 10, black car, 1283.02, 523.21, 1312.36, 534.97, 1297.69, 529.09, 1283.02, 529.09, 1312.36, 529.09, 29.34, 11.76
4.30, 5, white car, 397.05, 528.05, 428.47, 542.52, 412.76, 535.28, 397.05, 535.28, 428.47, 535.28, 31.43, 14.48
4.30, 10, black car, 1279.78, 523.72, 1309.62, 535.63, 1294.70, 529.68, 1279.78, 529.68, 1309.62, 529.68, 29.83, 11.91
4.30, 21, black car, 900.13, 532.02, 933.66, 547.10, 916.90, 539.56, 900.13, 539.56, 933.66, 539.56, 33.53, 15.08
4.33, 5, white car, 394.73, 527.88, 425.80, 542.22, 410.27, 535.05, 394.73, 535.05, 425.80, 535.05, 31.07, 14.34
4.33, 10, black car, 1276.19, 524.10, 1306.17, 536.04, 1291.18, 530.07, 1276.19, 530.07, 1306.17, 530.07, 29.98, 11.94
4.33, 21, black car, 897.54, 531.95, 930.80, 546.99, 914.17, 539.47, 897.54, 539.47, 930.80, 539.47, 33.26, 15.04
4.37, 5, white car, 392.29, 527.84, 423.35, 542.20, 407.82, 535.02, 392.29, 535.02, 423.35, 535.02, 31.05, 14.36
4.37, 10, black car, 1272.70, 524.19, 1302.65, 536.13, 1287.68, 530.16, 1272.70, 530.16, 1302.65, 530.16, 29.96, 11.93
4.37, 21, black car, 895.24, 531.95, 928.51, 547.10, 911.87, 539.53, 895.24, 539.53, 928.51, 539.53, 33.27, 15.15
4.40, 5, white car, 389.85, 527.76, 421.07, 542.21, 405.46, 534.99, 389.85, 534.99, 421.07, 534.99, 31.22, 14.45
4.40, 10, black car, 1269.76, 524.26, 1299.63, 536.17, 1284.70, 530.22, 1269.76, 530.22, 1299.63, 530.22, 29.87, 11.90
4.40, 21, black car, 892.96, 532.16, 925.65, 547.11, 909.30, 539.63, 892.96, 539.63, 925.65, 539.63, 32.68, 14.95
4.43, 5, white car, 387.27, 527.47, 418.96, 542.17, 403.11, 534.82, 387.27, 534.82, 418.96, 534.82, 31.69, 14.70
4.43, 10, black car, 1266.12, 524.07, 1296.84, 536.33, 1281.48, 530.20, 1266.12, 530.20, 1296.84, 530.20, 30.72, 12.26
4.47, 5, white car, 384.70, 527.43, 416.37, 542.13, 400.54, 534.78, 384.70, 534.78, 416.37, 534.78, 31.67, 14.70
4.47, 10, black car, 1263.80, 524.16, 1294.09, 536.25, 1278.95, 530.21, 1263.80, 530.21, 1294.09, 530.21, 30.28, 12.09
4.50, 5, white car, 382.29, 527.42, 413.69, 542.00, 397.99, 534.71, 382.29, 534.71, 413.69, 534.71, 31.40, 14.58
4.50, 10, black car, 1261.33, 524.53, 1291.24, 536.47, 1276.29, 530.50, 1261.33, 530.50, 1291.24, 530.50, 29.91, 11.94
4.50, 21, black car, 885.79, 532.15, 917.59, 546.75, 901.69, 539.45, 885.79, 539.45, 917.59, 539.45, 31.80, 14.60
4.53, 5, white car, 380.14, 527.30, 411.22, 541.75, 395.68, 534.53, 380.14, 534.53, 411.22, 534.53, 31.08, 14.45
4.53, 10, black car, 1258.98, 524.54, 1288.58, 536.34, 1273.78, 530.44, 1258.98, 530.44, 1288.58, 530.44, 29.60, 11.81
4.57, 5, white car, 377.60, 527.28, 408.58, 541.70, 393.09, 534.49, 377.60, 534.49, 408.58, 534.49, 30.98, 14.42
4.57, 10, black car, 1255.62, 524.78, 1285.14, 536.55, 1270.38, 530.67, 1255.62, 530.67, 1285.14, 530.67, 29.52, 11.77
4.57, 21, black car, 880.56, 533.31, 911.30, 547.47, 895.93, 540.39, 880.56, 540.39, 911.30, 540.39, 30.74, 14.17
4.60, 5, white car, 375.32, 527.20, 406.32, 541.66, 390.82, 534.43, 375.32, 534.43, 406.32, 534.43, 31.00, 14.46
4.60, 10, black car, 1252.13, 524.69, 1282.02, 536.63, 1267.07, 530.66, 1252.13, 530.66, 1282.02, 530.66, 29.89, 11.94
4.60, 21, black car, 877.76, 533.44, 908.70, 547.71, 893.23, 540.57, 877.76, 540.57, 908.70, 540.57, 30.94, 14.26
4.63, 5, white car, 373.03, 527.14, 404.21, 541.71, 388.62, 534.43, 373.03, 534.43, 404.21, 534.43, 31.18, 14.56
4.63, 10, black car, 1249.49, 524.82, 1279.28, 536.74, 1264.39, 530.78, 1249.49, 530.78, 1279.28, 530.78, 29.79, 11.93
4.63, 21, black car, 874.97, 533.49, 906.24, 547.93, 890.61, 540.71, 874.97, 540.71, 906.24, 540.71, 31.27, 14.44
4.67, 5, white car, 370.78, 527.02, 401.88, 541.57, 386.33, 534.29, 370.78, 534.29, 401.88, 534.29, 31.10, 14.55
4.67, 10, black car, 1246.71, 524.95, 1276.66, 536.99, 1261.69, 530.97, 1246.71, 530.97, 1276.66, 530.97, 29.96, 12.04
4.67, 21, black car, 872.31, 533.56, 903.61, 548.06, 887.96, 540.81, 872.31, 540.81, 903.61, 540.81, 31.30, 14.50
4.70, 5, white car, 368.68, 527.03, 399.59, 541.49, 384.14, 534.26, 368.68, 534.26, 399.59, 534.26, 30.90, 14.47
4.70, 10, black car, 1243.47, 524.62, 1273.33, 536.69, 1258.40, 530.66, 1243.47, 530.66, 1273.33, 530.66, 29.86, 12.08
4.70, 21, black car, 869.85, 533.71, 901.16, 548.25, 885.50, 540.98, 869.85, 540.98, 901.16, 540.98, 31.31, 14.54
4.73, 5, white car, 366.24, 526.97, 397.09, 541.41, 381.67, 534.19, 366.24, 534.19, 397.09, 534.19, 30.85, 14.44
4.73, 10, black car, 1239.65, 524.89, 1269.64, 537.03, 1254.65, 530.96, 1239.65, 530.96, 1269.64, 530.96, 29.99, 12.14
4.73, 21, black car, 867.64, 533.91, 898.52, 548.34, 883.08, 541.12, 867.64, 541.12, 898.52, 541.12, 30.88, 14.44
4.77, 5, white car, 364.13, 526.81, 394.73, 541.13, 379.43, 533.97, 364.13, 533.97, 394.73, 533.97, 30.60, 14.33
4.77, 10, black car, 1236.62, 525.33, 1266.31, 537.38, 1251.47, 531.35, 1236.62, 531.35, 1266.31, 531.35, 29.69, 12.05
4.77, 21, black car, 864.88, 533.54, 896.13, 548.22, 880.51, 540.88, 864.88, 540.88, 896.13, 540.88, 31.25, 14.68
4.80, 5, white car, 361.63, 526.81, 392.19, 541.13, 376.91, 533.97, 361.63, 533.97, 392.19, 533.97, 30.56, 14.32
4.80, 10, black car, 1234.99, 525.89, 1263.44, 537.43, 1249.21, 531.66, 1234.99, 531.66, 1263.44, 531.66, 28.45, 11.54
4.80, 21, black car, 862.16, 533.48, 893.67, 548.34, 877.92, 540.91, 862.16, 540.91, 893.67, 540.91, 31.52, 14.86
4.83, 5, white car, 359.10, 526.62, 389.66, 540.95, 374.38, 533.78, 359.10, 533.78, 389.66, 533.78, 30.56, 14.32
4.83, 10, black car, 1232.20, 526.11, 1260.12, 537.41, 1246.16, 531.76, 1232.20, 531.76, 1260.12, 531.76, 27.92, 11.30
4.83, 21, black car, 860.36, 533.92, 890.67, 548.18, 875.52, 541.05, 860.36, 541.05, 890.67, 541.05, 30.31, 14.26
4.87, 5, white car, 356.81, 526.36, 387.48, 540.74, 372.14, 533.55, 356.81, 533.55, 387.48, 533.55, 30.67, 14.38
4.87, 10, black car, 1229.21, 526.14, 1256.96, 537.33, 1243.08, 531.74, 1229.21, 531.74, 1256.96, 531.74, 27.75, 11.19
4.87, 21, black car, 857.64, 534.18, 887.38, 548.10, 872.51, 541.14, 857.64, 541.14, 887.38, 541.14, 29.74, 13.91
4.90, 5, white car, 354.59, 526.46, 385.00, 540.71, 369.79, 533.59, 354.59, 533.59, 385.00, 533.59, 30.41, 14.25
4.90, 10, black car, 1225.99, 526.71, 1253.31, 537.69, 1239.65, 532.20, 1225.99, 532.20, 1253.31, 532.20, 27.32, 10.99
4.90, 21, black car, 855.05, 534.30, 884.44, 548.07, 869.75, 541.18, 855.05, 541.18, 884.44, 541.18, 29.39, 13.77
4.93, 5, white car, 352.11, 526.30, 382.75, 540.66, 367.43, 533.48, 352.11, 533.48, 382.75, 533.48, 30.64, 14.36
4.93, 10, black car, 1222.78, 526.79, 1250.26, 537.80, 1236.52, 532.30, 1222.78, 532.30, 1250.26, 532.30, 27.48, 11.01
4.93, 21, black car, 852.57, 534.25, 882.25, 548.18, 867.41, 541.21, 852.57, 541.21, 882.25, 541.21, 29.68, 13.94
4.97, 5, white car, 349.82, 526.10, 380.34, 540.40, 365.08, 533.25, 349.82, 533.25, 380.34, 533.25, 30.52, 14.31
4.97, 10, black car, 1219.88, 526.71, 1248.34, 538.07, 1234.11, 532.39, 1219.88, 532.39, 1248.34, 532.39, 28.46, 11.36
4.97, 21, black car, 848.93, 533.75, 879.51, 548.12, 864.22, 540.93, 848.93, 540.93, 879.51, 540.93, 30.58, 14.37
5.00, 5, white car, 347.44, 526.05, 378.01, 540.38, 362.72, 533.21, 347.44, 533.21, 378.01, 533.21, 30.57, 14.33
5.00, 10, black car, 1216.85, 526.36, 1245.90, 537.97, 1231.38, 532.16, 1216.85, 532.16, 1245.90, 532.16, 29.05, 11.61
5.00, 21, black car, 845.97, 533.55, 877.08, 548.15, 861.52, 540.85, 845.97, 540.85, 877.08, 540.85, 31.11, 14.61
5.03, 5, white car, 345.35, 526.03, 375.70, 540.27, 360.53, 533.15, 345.35, 533.15, 375.70, 533.15, 30.34, 14.24
5.03, 10, black car, 1213.53, 526.11, 1243.16, 537.99, 1228.35, 532.05, 1213.53, 532.05, 1243.16, 532.05, 29.63, 11.88
5.03, 21, black car, 843.55, 533.47, 874.62, 548.07, 859.09, 540.77, 843.55, 540.77, 874.62, 540.77, 31.07, 14.59
5.07, 5, white car, 342.96, 526.02, 373.21, 540.21, 358.08, 533.12, 342.96, 533.12, 373.21, 533.12, 30.24, 14.19
5.07, 10, black car, 1210.12, 525.79, 1240.50, 538.04, 1225.31, 531.92, 1210.12, 531.92, 1240.50, 531.92, 30.38, 12.24
5.07, 21, black car, 841.00, 533.67, 871.72, 548.06, 856.36, 540.87, 841.00, 540.87, 871.72, 540.87, 30.72, 14.39
5.10, 5, white car, 340.84, 525.93, 370.92, 540.05, 355.88, 532.99, 340.84, 532.99, 370.92, 532.99, 30.08, 14.13
5.10, 10, black car, 1207.07, 525.63, 1237.85, 538.09, 1222.46, 531.86, 1207.07, 531.86, 1237.85, 531.86, 30.78, 12.46
5.10, 21, black car, 838.83, 534.05, 868.85, 548.11, 853.84, 541.08, 838.83, 541.08, 868.85, 541.08, 30.02, 14.06
5.13, 5, white car, 338.21, 525.72, 368.64, 540.04, 353.43, 532.88, 338.21, 532.88, 368.64, 532.88, 30.44, 14.32
5.13, 10, black car, 1204.19, 525.74, 1235.19, 538.31, 1219.69, 532.03, 1204.19, 532.03, 1235.19, 532.03, 31.00, 12.57
5.13, 21, black car, 836.46, 534.05, 866.97, 548.36, 851.72, 541.20, 836.46, 541.20, 866.97, 541.20, 30.51, 14.31
5.17, 5, white car, 335.49, 525.51, 366.33, 540.04, 350.91, 532.77, 335.49, 532.77, 366.33, 532.77, 30.84, 14.53
5.17, 10, black car, 1200.89, 525.86, 1231.95, 538.50, 1216.42, 532.18, 1200.89, 532.18, 1231.95, 532.18, 31.06, 12.64
5.17, 21, black car, 833.94, 534.16, 864.19, 548.38, 849.06, 541.27, 833.94, 541.27, 864.19, 541.27, 30.25, 14.22
5.20, 5, white car, 333.18, 525.37, 364.22, 540.01, 348.70, 532.69, 333.18, 532.69, 364.22, 532.69, 31.04, 14.64
5.20, 10, black car, 1197.77, 525.82, 1229.04, 538.60, 1213.40, 532.21, 1197.77, 532.21, 1229.04, 532.21, 31.28, 12.78
5.20, 21, black car, 831.32, 533.81, 862.16, 548.34, 846.74, 541.07, 831.32, 541.07, 862.16, 541.07, 30.84, 14.54
5.23, 5, white car, 330.91, 525.32, 361.82, 539.90, 346.36, 532.61, 330.91, 532.61, 361.82, 532.61, 30.92, 14.58
5.23, 10, black car, 1194.62, 525.72, 1226.07, 538.62, 1210.34, 532.17, 1194.62, 532.17, 1226.07, 532.17, 31.45, 12.90
5.23, 21, black car, 828.97, 534.18, 859.08, 548.31, 844.02, 541.24, 828.97, 541.24, 859.08, 541.24, 30.11, 14.14
5.27, 5, white car, 328.99, 525.30, 359.58, 539.70, 344.29, 532.50, 328.99, 532.50, 359.58, 532.50, 30.59, 14.41
5.27, 10, black car, 1191.62, 526.17, 1222.93, 539.08, 1207.28, 532.63, 1191.62, 532.63, 1222.93, 532.63, 31.31, 12.91
5.27, 21, black car, 826.59, 534.06, 856.79, 548.23, 841.69, 541.14, 826.59, 541.14, 856.79, 541.14, 30.20, 14.16
5.30, 5, white car, 326.80, 525.05, 357.48, 539.49, 342.14, 532.27, 326.80, 532.27, 357.48, 532.27, 30.68, 14.44
5.30, 10, black car, 1188.95, 526.44, 1220.07, 539.32, 1204.51, 532.88, 1188.95, 532.88, 1220.07, 532.88, 31.12, 12.89
5.30, 21, black car, 823.50, 533.82, 854.48, 548.34, 838.99, 541.08, 823.50, 541.08, 854.48, 541.08, 30.98, 14.53
5.33, 5, white car, 324.61, 525.09, 355.21, 539.49, 339.91, 532.29, 324.61, 532.29, 355.21, 532.29, 30.60, 14.40
5.33, 10, black car, 1186.38, 526.65, 1216.40, 539.14, 1201.39, 532.90, 1186.38, 532.90, 1216.40, 532.90, 30.02, 12.49
5.33, 21, black car, 819.99, 533.60, 851.83, 548.55, 835.91, 541.08, 819.99, 541.08, 851.83, 541.08, 31.84, 14.94
5.37, 5, white car, 322.79, 525.18, 352.86, 539.33, 337.82, 532.26, 322.79, 532.26, 352.86, 532.26, 30.08, 14.14
5.37, 10, black car, 1182.63, 526.68, 1213.10, 539.40, 1197.86, 533.04, 1182.63, 533.04, 1213.10, 533.04, 30.47, 12.72
5.37, 21, black car, 817.47, 533.43, 849.86, 548.64, 833.66, 541.03, 817.47, 541.03, 849.86, 541.03, 32.39, 15.21
5.40, 5, white car, 320.40, 525.03, 350.45, 539.15, 335.42, 532.09, 320.40, 532.09, 350.45, 532.09, 30.04, 14.12
5.40, 10, black car, 1179.55, 526.91, 1210.13, 539.74, 1194.84, 533.32, 1179.55, 533.32, 1210.13, 533.32, 30.58, 12.83
5.40, 21, black car, 814.92, 533.61, 846.64, 548.52, 830.78, 541.06, 814.92, 541.06, 846.64, 541.06, 31.72, 14.91
5.43, 5, white car, 318.07, 524.84, 348.18, 538.98, 333.12, 531.91, 318.07, 531.91, 348.18, 531.91, 30.11, 14.14
5.43, 10, black car, 1177.08, 527.08, 1207.64, 539.97, 1192.36, 533.53, 1177.08, 533.53, 1207.64, 533.53, 30.56, 12.89
5.43, 21, black car, 812.34, 533.52, 844.15, 548.51, 828.24, 541.01, 812.34, 541.01, 844.15, 541.01, 31.80, 14.99
5.47, 5, white car, 316.00, 524.76, 346.00, 538.84, 331.00, 531.80, 316.00, 531.80, 346.00, 531.80, 30.00, 14.09
5.47, 10, black car, 1174.43, 527.00, 1205.46, 540.13, 1189.94, 533.56, 1174.43, 533.56, 1205.46, 533.56, 31.02, 13.12
5.47, 21, black car, 810.69, 534.12, 840.98, 548.40, 825.83, 541.26, 810.69, 541.26, 840.98, 541.26, 30.28, 14.27
5.50, 5, white car, 314.03, 524.64, 344.03, 538.71, 329.03, 531.68, 314.03, 531.68, 344.03, 531.68, 30.00, 14.06
5.50, 10, black car, 1171.89, 527.25, 1202.90, 540.42, 1187.40, 533.83, 1171.89, 533.83, 1202.90, 533.83, 31.01, 13.16
5.50, 21, black car, 807.85, 534.53, 837.51, 548.45, 822.68, 541.49, 807.85, 541.49, 837.51, 541.49, 29.65, 13.92
5.53, 5, white car, 311.75, 524.32, 341.89, 538.44, 326.82, 531.38, 311.75, 531.38, 341.89, 531.38, 30.14, 14.12
5.53, 10, black car, 1169.03, 527.33, 1199.44, 540.30, 1184.23, 533.82, 1169.03, 533.82, 1199.44, 533.82, 30.41, 12.97
5.53, 21, black car, 805.36, 534.70, 835.13, 548.66, 820.24, 541.68, 805.36, 541.68, 835.13, 541.68, 29.77, 13.96
5.57, 5, white car, 309.25, 524.23, 339.50, 538.42, 324.38, 531.33, 309.25, 531.33, 339.50, 531.33, 30.25, 14.18
5.57, 10, black car, 1166.25, 527.44, 1196.51, 540.34, 1181.38, 533.89, 1166.25, 533.89, 1196.51, 533.89, 30.26, 12.90
5.57, 21, black car, 802.85, 534.71, 832.83, 548.74, 817.84, 541.73, 802.85, 541.73, 832.83, 541.73, 29.98, 14.02
5.60, 5, white car, 306.90, 524.17, 337.04, 538.33, 321.97, 531.25, 306.90, 531.25, 337.04, 531.25, 30.14, 14.16
5.60, 10, black car, 1163.81, 527.60, 1193.88, 540.42, 1178.85, 534.01, 1163.81, 534.01, 1193.88, 534.01, 30.07, 12.82
5.60, 21, black car, 800.16, 535.16, 829.99, 549.06, 815.08, 542.11, 800.16, 542.11, 829.99, 542.11, 29.83, 13.91
5.63, 5, white car, 304.62, 523.98, 335.01, 538.26, 319.82, 531.12, 304.62, 531.12, 335.01, 531.12, 30.38, 14.28
5.63, 10, black car, 1161.06, 527.69, 1190.58, 540.31, 1175.82, 534.00, 1161.06, 534.00, 1190.58, 534.00, 29.52, 12.62
5.63, 21, black car, 796.73, 535.31, 828.12, 549.94, 812.42, 542.62, 796.73, 542.62, 828.12, 542.62, 31.39, 14.63
5.67, 5, white car, 302.22, 523.97, 332.66, 538.29, 317.44, 531.13, 302.22, 531.13, 332.66, 531.13, 30.44, 14.32
5.67, 10, black car, 1157.88, 527.85, 1187.32, 540.43, 1172.60, 534.14, 1157.88, 534.14, 1187.32, 534.14, 29.44, 12.58
5.67, 21, black car, 793.97, 535.17, 825.56, 549.92, 809.76, 542.54, 793.97, 542.54, 825.56, 542.54, 31.60, 14.75
5.70, 5, white car, 300.12, 523.99, 330.40, 538.23, 315.26, 531.11, 300.12, 531.11, 330.40, 531.11, 30.28, 14.23
5.70, 10, black car, 1154.94, 527.82, 1184.62, 540.52, 1169.78, 534.17, 1154.94, 534.17, 1184.62, 534.17, 29.68, 12.70
5.70, 21, black car, 791.26, 534.99, 822.56, 549.61, 806.91, 542.30, 791.26, 542.30, 822.56, 542.30, 31.31, 14.63
5.73, 5, white car, 298.56, 523.99, 328.19, 537.89, 313.37, 530.94, 298.56, 530.94, 328.19, 530.94, 29.63, 13.89
5.73, 10, black car, 1151.98, 527.70, 1181.55, 540.37, 1166.76, 534.04, 1151.98, 534.04, 1181.55, 534.04, 29.57, 12.68
5.73, 7, white car, 928.75, 527.25, 958.21, 540.92, 943.48, 534.09, 928.75, 534.09, 958.21, 534.09, 29.45, 13.68
5.73, 21, black car, 789.01, 535.06, 820.11, 549.62, 804.56, 542.34, 789.01, 542.34, 820.11, 542.34, 31.10, 14.56
5.77, 5, white car, 296.33, 524.01, 326.08, 537.94, 311.20, 530.97, 296.33, 530.97, 326.08, 530.97, 29.75, 13.94
5.77, 10, black car, 1149.30, 528.02, 1178.37, 540.48, 1163.83, 534.25, 1149.30, 534.25, 1178.37, 534.25, 29.08, 12.47
5.77, 7, white car, 926.45, 527.45, 956.15, 541.25, 941.30, 534.35, 926.45, 534.35, 956.15, 534.35, 29.70, 13.80
5.77, 21, black car, 786.58, 535.11, 817.53, 549.64, 802.06, 542.37, 786.58, 542.37, 817.53, 542.37, 30.95, 14.52
5.80, 5, white car, 294.09, 523.58, 323.97, 537.59, 309.03, 530.59, 294.09, 530.59, 323.97, 530.59, 29.88, 14.02
5.80, 10, black car, 1146.82, 528.23, 1175.44, 540.51, 1161.13, 534.37, 1146.82, 534.37, 1175.44, 534.37, 28.61, 12.29
5.80, 7, white car, 923.92, 527.51, 953.51, 541.29, 938.71, 534.40, 923.92, 534.40, 953.51, 534.40, 29.60, 13.77
5.80, 21, black car, 783.94, 535.20, 814.98, 549.81, 799.46, 542.51, 783.94, 542.51, 814.98, 542.51, 31.03, 14.61
5.83, 5, white car, 291.68, 523.32, 321.33, 537.21, 306.51, 530.27, 291.68, 530.27, 321.33, 530.27, 29.65, 13.89
5.83, 10, black car, 1144.18, 528.57, 1172.00, 540.51, 1158.09, 534.54, 1144.18, 534.54, 1172.00, 534.54, 27.82, 11.94
5.83, 7, white car, 921.66, 527.64, 951.00, 541.28, 936.33, 534.46, 921.66, 534.46, 951.00, 534.46, 29.34, 13.65
5.83, 21, black car, 781.38, 535.24, 812.46, 549.92, 796.92, 542.58, 781.38, 542.58, 812.46, 542.58, 31.09, 14.68
5.87, 5, white car, 289.29, 523.49, 318.71, 537.26, 304.00, 530.38, 289.29, 530.38, 318.71, 530.38, 29.42, 13.77
5.87, 10, black car, 1141.33, 528.55, 1169.07, 540.45, 1155.20, 534.50, 1141.33, 534.50, 1169.07, 534.50, 27.74, 11.90
5.87, 7, white car, 919.58, 527.90, 948.15, 541.15, 933.86, 534.52, 919.58, 534.52, 948.15, 534.52, 28.57, 13.25
5.87, 21, black car, 778.78, 535.19, 809.63, 549.81, 794.21, 542.50, 778.78, 542.50, 809.63, 542.50, 30.86, 14.61
5.90, 5, white car, 286.81, 523.26, 316.46, 537.11, 301.63, 530.19, 286.81, 530.19, 316.46, 530.19, 29.64, 13.86
5.90, 10, black car, 1138.61, 528.60, 1165.80, 540.22, 1152.21, 534.41, 1138.61, 534.41, 1165.80, 534.41, 27.19, 11.62
5.90, 7, white car, 917.53, 528.16, 945.14, 540.92, 931.33, 534.54, 917.53, 534.54, 945.14, 534.54, 27.61, 12.76
5.90, 21, black car, 776.54, 535.07, 806.82, 549.42, 791.68, 542.25, 776.54, 542.25, 806.82, 542.25, 30.28, 14.35
5.93, 5, white car, 284.73, 523.19, 314.04, 536.86, 299.39, 530.03, 284.73, 530.03, 314.04, 530.03, 29.31, 13.67
5.93, 10, black car, 1135.47, 528.52, 1162.64, 540.08, 1149.06, 534.30, 1135.47, 534.30, 1162.64, 534.30, 27.17, 11.57
5.93, 7, white car, 915.18, 528.36, 942.84, 541.12, 929.01, 534.74, 915.18, 534.74, 942.84, 534.74, 27.66, 12.76
5.93, 21, black car, 773.10, 534.62, 803.69, 549.08, 788.40, 541.85, 773.10, 541.85, 803.69, 541.85, 30.59, 14.47
5.97, 5, white car, 282.63, 523.14, 311.70, 536.66, 297.16, 529.90, 282.63, 529.90, 311.70, 529.90, 29.08, 13.52
5.97, 10, black car, 1132.32, 528.38, 1159.85, 540.06, 1146.09, 534.22, 1132.32, 534.22, 1159.85, 534.22, 27.53, 11.68
5.97, 7, white car, 912.37, 528.45, 940.69, 541.46, 926.53, 534.95, 912.37, 534.95, 940.69, 534.95, 28.31, 13.01
5.97, 21, black car, 770.32, 534.63, 800.76, 549.00, 785.54, 541.81, 770.32, 541.81, 800.76, 541.81, 30.44, 14.37
6.00, 5, white car, 280.44, 522.98, 309.81, 536.62, 295.13, 529.80, 280.44, 529.80, 309.81, 529.80, 29.37, 13.64
6.00, 10, black car, 1129.34, 528.58, 1157.20, 540.37, 1143.27, 534.48, 1129.34, 534.48, 1157.20, 534.48, 27.87, 11.79
6.00, 7, white car, 909.49, 528.39, 938.69, 541.79, 924.09, 535.09, 909.49, 535.09, 938.69, 535.09, 29.20, 13.40
6.00, 21, black car, 767.58, 534.60, 798.89, 549.37, 783.23, 541.98, 767.58, 541.98, 798.89, 541.98, 31.32, 14.77
6.03, 5, white car, 278.42, 522.90, 307.68, 536.48, 293.05, 529.69, 278.42, 529.69, 307.68, 529.69, 29.26, 13.58
6.03, 10, black car, 1126.25, 528.77, 1154.62, 540.76, 1140.44, 534.76, 1126.25, 534.76, 1154.62, 534.76, 28.37, 11.99
6.03, 7, white car, 906.95, 528.51, 936.35, 542.02, 921.65, 535.27, 906.95, 535.27, 936.35, 535.27, 29.40, 13.51
6.03, 21, black car, 765.42, 534.52, 796.57, 549.21, 781.00, 541.87, 765.42, 541.87, 796.57, 541.87, 31.15, 14.69
6.07, 5, white car, 276.35, 522.88, 305.13, 536.23, 290.74, 529.56, 276.35, 529.56, 305.13, 529.56, 28.78, 13.35
6.07, 10, black car, 1123.97, 528.94, 1152.35, 540.92, 1138.16, 534.93, 1123.97, 534.93, 1152.35, 534.93, 28.38, 11.99
6.07, 7, white car, 904.36, 528.69, 933.39, 542.00, 918.87, 535.35, 904.36, 535.35, 933.39, 535.35, 29.03, 13.31
6.07, 21, black car, 763.77, 534.79, 793.51, 548.77, 778.64, 541.78, 763.77, 541.78, 793.51, 541.78, 29.74, 13.98
6.10, 5, white car, 274.21, 522.79, 303.03, 536.16, 288.62, 529.48, 274.21, 529.48, 303.03, 529.48, 28.82, 13.37
6.10, 10, black car, 1121.04, 528.82, 1149.99, 541.04, 1135.51, 534.93, 1121.04, 534.93, 1149.99, 534.93, 28.95, 12.22
6.10, 7, white car, 902.00, 528.87, 930.87, 542.09, 916.44, 535.48, 902.00, 535.48, 930.87, 535.48, 28.87, 13.21
6.10, 21, black car, 761.33, 534.96, 790.13, 548.38, 775.73, 541.67, 761.33, 541.67, 790.13, 541.67, 28.80, 13.42
6.13, 5, white car, 271.97, 522.55, 301.03, 536.03, 286.50, 529.29, 271.97, 529.29, 301.03, 529.29, 29.06, 13.47
6.13, 10, black car, 1117.51, 528.73, 1146.63, 541.08, 1132.07, 534.90, 1117.51, 534.90, 1146.63, 534.90, 29.12, 12.35
6.13, 7, white car, 899.70, 528.93, 928.59, 542.16, 914.15, 535.54, 899.70, 535.54, 928.59, 535.54, 28.89, 13.23
6.13, 21, black car, 758.55, 534.89, 787.25, 548.15, 772.90, 541.52, 758.55, 541.52, 787.25, 541.52, 28.70, 13.26
6.17, 5, white car, 268.82, 522.20, 298.77, 536.08, 283.80, 529.14, 268.82, 529.14, 298.77, 529.14, 29.95, 13.88
6.17, 10, black car, 1113.97, 528.95, 1143.44, 541.50, 1128.71, 535.22, 1113.97, 535.22, 1143.44, 535.22, 29.47, 12.55
6.17, 7, white car, 897.28, 529.08, 926.37, 542.41, 911.83, 535.75, 897.28, 535.75, 926.37, 535.75, 29.10, 13.33
6.17, 21, black car, 755.96, 534.74, 785.25, 548.26, 770.60, 541.50, 755.96, 541.50, 785.25, 541.50, 29.29, 13.52
6.20, 5, white car, 266.40, 521.91, 296.77, 536.01, 281.58, 528.96, 266.40, 528.96, 296.77, 528.96, 30.37, 14.10
6.20, 10, black car, 1110.65, 529.07, 1139.99, 541.61, 1125.32, 535.34, 1110.65, 535.34, 1139.99, 535.34, 29.34, 12.55
6.20, 7, white car, 894.80, 529.13, 924.35, 542.69, 909.58, 535.91, 894.80, 535.91, 924.35, 535.91, 29.55, 13.56
6.20, 21, black car, 753.47, 534.59, 783.12, 548.29, 768.29, 541.44, 753.47, 541.44, 783.12, 541.44, 29.65, 13.70
6.23, 5, white car, 264.45, 521.71, 294.76, 535.82, 279.60, 528.76, 264.45, 528.76, 294.76, 528.76, 30.30, 14.11
6.23, 10, black car, 1107.92, 529.02, 1137.20, 541.59, 1122.56, 535.30, 1107.92, 535.30, 1137.20, 535.30, 29.28, 12.57
6.23, 7, white car, 892.55, 529.26, 921.67, 542.60, 907.11, 535.93, 892.55, 535.93, 921.67, 535.93, 29.12, 13.33
6.23, 21, black car, 751.01, 534.59, 780.58, 548.25, 765.80, 541.42, 751.01, 541.42, 780.58, 541.42, 29.57, 13.66
6.27, 5, white car, 262.33, 521.45, 292.70, 535.57, 277.51, 528.51, 262.33, 528.51, 292.70, 528.51, 30.37, 14.12
6.27, 10, black car, 1105.22, 529.17, 1134.37, 541.76, 1119.79, 535.47, 1105.22, 535.47, 1134.37, 535.47, 29.15, 12.59
6.27, 7, white car, 890.29, 529.37, 919.05, 542.51, 904.67, 535.94, 890.29, 535.94, 919.05, 535.94, 28.76, 13.14
6.27, 21, black car, 747.76, 534.57, 777.95, 548.62, 762.85, 541.60, 747.76, 541.60, 777.95, 541.60, 30.18, 14.04
6.30, 5, white car, 259.97, 521.32, 290.43, 535.50, 275.20, 528.41, 259.97, 528.41, 290.43, 528.41, 30.46, 14.18
6.30, 10, black car, 1102.36, 529.20, 1132.20, 542.15, 1117.28, 535.68, 1102.36, 535.68, 1132.20, 535.68, 29.85, 12.95
6.30, 7, white car, 887.89, 529.44, 916.93, 542.67, 902.41, 536.05, 887.89, 536.05, 916.93, 536.05, 29.05, 13.23
6.30, 21, black car, 745.14, 534.39, 775.52, 548.58, 760.33, 541.49, 745.14, 541.49, 775.52, 541.49, 30.37, 14.19
6.33, 5, white car, 257.80, 521.33, 288.05, 535.42, 272.92, 528.37, 257.80, 528.37, 288.05, 528.37, 30.24, 14.09
6.33, 10, black car, 1099.18, 529.50, 1128.84, 542.39, 1114.01, 535.95, 1099.18, 535.95, 1128.84, 535.95, 29.66, 12.89
6.33, 7, white car, 885.44, 529.63, 914.75, 542.96, 900.09, 536.30, 885.44, 536.30, 914.75, 536.30, 29.31, 13.32
6.33, 21, black car, 742.74, 534.69, 772.48, 548.58, 757.61, 541.64, 742.74, 541.64, 772.48, 541.64, 29.74, 13.89
6.37, 5, white car, 255.74, 521.15, 285.65, 535.07, 270.69, 528.11, 255.74, 528.11, 285.65, 528.11, 29.91, 13.92
6.37, 10, black car, 1096.35, 529.52, 1126.05, 542.48, 1111.20, 536.00, 1096.35, 536.00, 1126.05, 536.00, 29.69, 12.97
6.37, 7, white car, 882.80, 529.65, 912.14, 542.97, 897.47, 536.31, 882.80, 536.31, 912.14, 536.31, 29.33, 13.33
6.37, 21, black car, 739.74, 534.30, 770.51, 548.73, 755.13, 541.51, 739.74, 541.51, 770.51, 541.51, 30.77, 14.43
6.40, 5, white car, 253.58, 521.17, 283.00, 534.84, 268.29, 528.00, 253.58, 528.00, 283.00, 528.00, 29.42, 13.67
6.40, 10, black car, 1093.85, 529.72, 1123.03, 542.53, 1108.44, 536.13, 1093.85, 536.13, 1123.03, 536.13, 29.18, 12.81
6.40, 7, white car, 880.09, 529.70, 909.63, 543.13, 894.86, 536.41, 880.09, 536.41, 909.63, 536.41, 29.54, 13.43
6.40, 21, black car, 736.65, 534.00, 768.23, 548.81, 752.44, 541.40, 736.65, 541.40, 768.23, 541.40, 31.58, 14.82
6.43, 5, white car, 251.39, 521.02, 280.68, 534.64, 266.04, 527.83, 251.39, 527.83, 280.68, 527.83, 29.29, 13.62
6.43, 10, black car, 1090.85, 529.70, 1120.21, 542.67, 1105.53, 536.19, 1090.85, 536.19, 1120.21, 536.19, 29.36, 12.97
6.43, 7, white car, 877.46, 529.86, 906.93, 543.22, 892.20, 536.54, 877.46, 536.54, 906.93, 536.54, 29.48, 13.36
6.43, 21, black car, 734.13, 533.89, 765.83, 548.80, 749.98, 541.34, 734.13, 541.34, 765.83, 541.34, 31.69, 14.91
6.47, 5, white car, 249.01, 520.73, 278.58, 534.46, 263.80, 527.59, 249.01, 527.59, 278.58, 527.59, 29.57, 13.73
6.47, 10, black car, 1089.21, 530.09, 1117.50, 542.64, 1103.36, 536.37, 1089.21, 536.37, 1117.50, 536.37, 28.29, 12.55
6.47, 7, white car, 875.51, 530.04, 904.60, 543.18, 890.05, 536.61, 875.51, 536.61, 904.60, 536.61, 29.09, 13.13
6.47, 21, black car, 732.65, 533.87, 763.74, 548.55, 748.19, 541.21, 732.65, 541.21, 763.74, 541.21, 31.09, 14.69
6.50, 5, white car, 246.53, 520.68, 276.55, 534.63, 261.54, 527.65, 246.53, 527.65, 276.55, 527.65, 30.01, 13.95
6.50, 10, black car, 1085.73, 529.77, 1114.87, 542.73, 1100.30, 536.25, 1085.73, 536.25, 1114.87, 536.25, 29.13, 12.96
6.50, 7, white car, 873.02, 530.07, 902.16, 543.23, 887.59, 536.65, 873.02, 536.65, 902.16, 536.65, 29.14, 13.16
6.50, 21, black car, 730.15, 534.05, 760.72, 548.50, 745.44, 541.28, 730.15, 541.28, 760.72, 541.28, 30.57, 14.45
6.53, 5, white car, 244.35, 520.58, 274.57, 534.62, 259.46, 527.60, 244.35, 527.60, 274.57, 527.60, 30.22, 14.04
6.53, 10, black car, 1083.06, 529.82, 1111.85, 542.66, 1097.46, 536.24, 1083.06, 536.24, 1111.85, 536.24, 28.80, 12.84
6.53, 7, white car, 870.65, 530.18, 900.22, 543.54, 885.44, 536.86, 870.65, 536.86, 900.22, 536.86, 29.56, 13.37
6.53, 21, black car, 727.30, 534.17, 757.72, 548.57, 742.51, 541.37, 727.30, 541.37, 757.72, 541.37, 30.42, 14.40
6.57, 5, white car, 242.16, 520.41, 272.45, 534.51, 257.31, 527.46, 242.16, 527.46, 272.45, 527.46, 30.29, 14.10
6.57, 10, black car, 1080.71, 529.84, 1109.18, 542.50, 1094.94, 536.17, 1080.71, 536.17, 1109.18, 536.17, 28.47, 12.66
6.57, 7, white car, 868.30, 530.22, 897.92, 543.62, 883.11, 536.92, 868.30, 536.92, 897.92, 536.92, 29.62, 13.40
6.57, 21, black car, 724.68, 534.12, 755.41, 548.68, 740.05, 541.40, 724.68, 541.40, 755.41, 541.40, 30.73, 14.57
6.60, 5, white car, 240.14, 520.20, 270.26, 534.23, 255.20, 527.21, 240.14, 527.21, 270.26, 527.21, 30.13, 14.04
6.60, 10, black car, 1076.79, 529.64, 1105.91, 542.64, 1091.35, 536.14, 1076.79, 536.14, 1105.91, 536.14, 29.12, 12.99
6.60, 7, white car, 865.66, 530.49, 895.24, 543.84, 880.45, 537.16, 865.66, 537.16, 895.24, 537.16, 29.57, 13.34
6.60, 21, black car, 722.26, 534.32, 752.64, 548.69, 737.45, 541.50, 722.26, 541.50, 752.64, 541.50, 30.38, 14.38
6.63, 5, white car, 237.92, 519.95, 268.08, 534.04, 253.00, 527.00, 237.92, 527.00, 268.08, 527.00, 30.16, 14.10
6.63, 10, black car, 1073.83, 529.53, 1103.11, 542.64, 1088.47, 536.09, 1073.83, 536.09, 1103.11, 536.09, 29.28, 13.11
6.63, 7, white car, 863.34, 530.67, 892.79, 543.90, 878.06, 537.28, 863.34, 537.28, 892.79, 537.28, 29.46, 13.23
6.63, 21, black car, 719.99, 534.55, 749.99, 548.69, 734.99, 541.62, 719.99, 541.62, 749.99, 541.62, 30.00, 14.14
6.67, 5, white car, 235.68, 519.94, 265.95, 534.09, 250.82, 527.02, 235.68, 527.02, 265.95, 527.02, 30.27, 14.16
6.67, 10, black car, 1070.78, 529.60, 1100.09, 542.77, 1085.43, 536.18, 1070.78, 536.18, 1100.09, 536.18, 29.31, 13.16
6.67, 7, white car, 861.05, 530.98, 889.72, 543.76, 875.38, 537.37, 861.05, 537.37, 889.72, 537.37, 28.67, 12.78
6.67, 21, black car, 718.04, 534.83, 747.15, 548.51, 732.60, 541.67, 718.04, 541.67, 747.15, 541.67, 29.11, 13.68
6.70, 5, white car, 233.94, 520.02, 264.00, 534.07, 248.97, 527.04, 233.94, 527.04, 264.00, 527.04, 30.07, 14.05
6.70, 10, black car, 1068.01, 529.78, 1097.12, 542.88, 1082.56, 536.33, 1068.01, 536.33, 1097.12, 536.33, 29.10, 13.10
6.70, 7, white car, 858.62, 531.10, 887.28, 543.84, 872.95, 537.47, 858.62, 537.47, 887.28, 537.47, 28.65, 12.74
6.70, 21, black car, 715.46, 534.70, 744.70, 548.41, 730.08, 541.55, 715.46, 541.55, 744.70, 541.55, 29.24, 13.71
6.73, 5, white car, 231.72, 519.93, 261.82, 534.00, 246.77, 526.97, 231.72, 526.97, 261.82, 526.97, 30.10, 14.07
6.73, 10, black car, 1066.18, 529.91, 1094.74, 542.77, 1080.46, 536.34, 1066.18, 536.34, 1094.74, 536.34, 28.56, 12.86
6.73, 7, white car, 856.82, 531.17, 885.63, 543.97, 871.22, 537.57, 856.82, 537.57, 885.63, 537.57, 28.81, 12.80
6.73, 21, black car, 713.25, 534.83, 742.39, 548.45, 727.82, 541.64, 713.25, 541.64, 742.39, 541.64, 29.14, 13.62
6.77, 5, white car, 229.29, 519.82, 259.57, 533.98, 244.43, 526.90, 229.29, 526.90, 259.57, 526.90, 30.28, 14.16
6.77, 10, black car, 1063.18, 529.79, 1092.14, 542.86, 1077.66, 536.33, 1063.18, 536.33, 1092.14, 536.33, 28.96, 13.06
6.77, 7, white car, 854.58, 531.24, 883.53, 544.14, 869.05, 537.69, 854.58, 537.69, 883.53, 537.69, 28.96, 12.90
6.77, 21, black car, 710.93, 534.63, 740.10, 548.29, 725.51, 541.46, 710.93, 541.46, 740.10, 541.46, 29.17, 13.67
6.80, 5, white car, 227.07, 519.72, 257.10, 533.76, 242.09, 526.74, 227.07, 526.74, 257.10, 526.74, 30.03, 14.04
6.80, 10, black car, 1060.31, 530.04, 1089.39, 543.22, 1074.85, 536.63, 1060.31, 536.63, 1089.39, 536.63, 29.08, 13.18
6.80, 7, white car, 851.94, 531.31, 881.09, 544.33, 866.51, 537.82, 851.94, 537.82, 881.09, 537.82, 29.15, 13.02
6.80, 21, black car, 708.00, 534.53, 737.25, 548.22, 722.62, 541.37, 708.00, 541.37, 737.25, 541.37, 29.25, 13.69
6.83, 5, white car, 224.86, 519.56, 254.64, 533.50, 239.75, 526.53, 224.86, 526.53, 254.64, 526.53, 29.78, 13.94
6.83, 10, black car, 1056.89, 530.18, 1086.40, 543.59, 1071.64, 536.89, 1056.89, 536.89, 1086.40, 536.89, 29.51, 13.41
6.83, 7, white car, 849.53, 531.25, 878.97, 544.38, 864.25, 537.82, 849.53, 537.82, 878.97, 537.82, 29.44, 13.14
6.83, 21, black car, 704.99, 534.25, 734.58, 548.14, 719.78, 541.19, 704.99, 541.19, 734.58, 541.19, 29.59, 13.88
6.87, 5, white car, 222.58, 519.54, 252.40, 533.50, 237.49, 526.52, 222.58, 526.52, 252.40, 526.52, 29.82, 13.96
6.87, 10, black car, 1053.39, 530.41, 1083.56, 544.21, 1068.47, 537.31, 1053.39, 537.31, 1083.56, 537.31, 30.18, 13.80
6.87, 7, white car, 847.14, 531.27, 876.40, 544.30, 861.77, 537.78, 847.14, 537.78, 876.40, 537.78, 29.26, 13.03
6.87, 21, black car, 702.83, 534.51, 732.11, 548.26, 717.47, 541.38, 702.83, 541.38, 732.11, 541.38, 29.28, 13.74
6.90, 5, white car, 220.66, 519.35, 250.52, 533.33, 235.59, 526.34, 220.66, 526.34, 250.52, 526.34, 29.86, 13.98
6.90, 10, black car, 1051.01, 530.51, 1081.17, 544.35, 1066.09, 537.43, 1051.01, 537.43, 1081.17, 537.43, 30.16, 13.84
6.90, 7, white car, 844.82, 531.41, 874.24, 544.49, 859.53, 537.95, 844.82, 537.95, 874.24, 537.95, 29.42, 13.08
6.90, 21, black car, 700.32, 534.28, 729.66, 548.11, 714.99, 541.20, 700.32, 541.20, 729.66, 541.20, 29.34, 13.82
6.93, 5, white car, 218.02, 519.28, 248.24, 533.44, 233.13, 526.36, 218.02, 526.36, 248.24, 526.36, 30.22, 14.16
6.93, 10, black car, 1047.65, 530.27, 1077.85, 544.21, 1062.75, 537.24, 1047.65, 537.24, 1077.85, 537.24, 30.20, 13.94
6.93, 7, white car, 842.53, 531.52, 872.35, 544.78, 857.44, 538.15, 842.53, 538.15, 872.35, 538.15, 29.82, 13.26
6.93, 21, black car, 697.80, 534.02, 727.17, 547.94, 712.49, 540.98, 697.80, 540.98, 727.17, 540.98, 29.37, 13.92
6.97, 5, white car, 215.76, 519.08, 246.20, 533.37, 230.98, 526.22, 215.76, 526.22, 246.20, 526.22, 30.44, 14.30
6.97, 10, black car, 1044.92, 530.16, 1075.21, 544.24, 1060.06, 537.20, 1044.92, 537.20, 1075.21, 537.20, 30.30, 14.07
6.97, 7, white car, 839.93, 531.35, 870.49, 545.01, 855.21, 538.18, 839.93, 538.18, 870.49, 538.18, 30.56, 13.66
6.97, 21, black car, 695.46, 534.02, 724.77, 547.94, 710.12, 540.98, 695.46, 540.98, 724.77, 540.98, 29.30, 13.92
7.00, 5, white car, 214.03, 519.05, 244.12, 533.20, 229.08, 526.12, 214.03, 526.12, 244.12, 526.12, 30.09, 14.15
7.00, 10, black car, 1042.43, 530.02, 1072.91, 544.21, 1057.67, 537.11, 1042.43, 537.11, 1072.91, 537.11, 30.47, 14.19
7.00, 7, white car, 837.42, 531.58, 867.79, 545.18, 852.61, 538.38, 837.42, 538.38, 867.79, 538.38, 30.37, 13.60
7.00, 21, black car, 693.40, 533.99, 722.46, 547.82, 707.93, 540.91, 693.40, 540.91, 722.46, 540.91, 29.06, 13.83
7.03, 5, white car, 211.97, 519.04, 241.75, 533.04, 226.86, 526.04, 211.97, 526.04, 241.75, 526.04, 29.78, 14.00
7.03, 10, black car, 1039.84, 530.14, 1069.95, 544.15, 1054.89, 537.14, 1039.84, 537.14, 1069.95, 537.14, 30.11, 14.01
7.03, 7, white car, 835.27, 531.81, 865.07, 545.13, 850.17, 538.47, 835.27, 538.47, 865.07, 538.47, 29.80, 13.32
7.03, 21, black car, 691.19, 534.17, 719.93, 547.82, 705.56, 541.00, 691.19, 541.00, 719.93, 541.00, 28.74, 13.66
7.07, 5, white car, 209.62, 518.65, 239.55, 532.72, 224.58, 525.69, 209.62, 525.69, 239.55, 525.69, 29.93, 14.07
7.07, 10, black car, 1037.62, 530.50, 1067.48, 544.38, 1052.55, 537.44, 1037.62, 537.44, 1067.48, 537.44, 29.86, 13.88
7.07, 7, white car, 833.08, 531.88, 861.96, 544.78, 847.52, 538.33, 833.08, 538.33, 861.96, 538.33, 28.88, 12.90
7.07, 21, black car, 688.22, 534.36, 716.72, 547.87, 702.47, 541.12, 688.22, 541.12, 716.72, 541.12, 28.50, 13.51
7.10, 5, white car, 207.43, 518.60, 237.08, 532.52, 222.26, 525.56, 207.43, 525.56, 237.08, 525.56, 29.64, 13.92
7.10, 10, black car, 1034.77, 530.35, 1064.60, 544.20, 1049.68, 537.28, 1034.77, 537.28, 1064.60, 537.28, 29.83, 13.85
7.10, 7, white car, 830.87, 531.94, 859.61, 544.76, 845.24, 538.35, 830.87, 538.35, 859.61, 538.35, 28.74, 12.82
7.10, 21, black car, 685.65, 534.45, 714.15, 547.97, 699.90, 541.21, 685.65, 541.21, 714.15, 541.21, 28.51, 13.52
7.13, 5, white car, 204.85, 518.44, 234.54, 532.37, 219.70, 525.40, 204.85, 525.40, 234.54, 525.40, 29.70, 13.92
7.13, 10, black car, 1031.68, 530.01, 1061.57, 543.87, 1046.63, 536.94, 1031.68, 536.94, 1061.57, 536.94, 29.89, 13.86
7.13, 7, white car, 828.67, 531.90, 857.47, 544.72, 843.07, 538.31, 828.67, 538.31, 857.47, 538.31, 28.80, 12.82
7.13, 21, black car, 682.61, 533.92, 711.89, 547.88, 697.25, 540.90, 682.61, 540.90, 711.89, 540.90, 29.27, 13.96
7.17, 5, white car, 202.69, 518.33, 232.59, 532.34, 217.64, 525.33, 202.69, 525.33, 232.59, 525.33, 29.89, 14.01
7.17, 10, black car, 1029.07, 529.85, 1058.96, 543.73, 1044.02, 536.79, 1029.07, 536.79, 1058.96, 536.79, 29.89, 13.88
7.17, 7, white car, 826.04, 531.82, 855.06, 544.74, 840.55, 538.28, 826.04, 538.28, 855.06, 538.28, 29.01, 12.92
7.17, 21, black car, 679.75, 533.68, 709.29, 547.84, 694.52, 540.76, 679.75, 540.76, 709.29, 540.76, 29.54, 14.15
7.20, 5, white car, 200.38, 518.09, 230.41, 532.17, 215.39, 525.13, 200.38, 525.13, 230.41, 525.13, 30.03, 14.07
7.20, 10, black car, 1026.10, 529.77, 1055.86, 543.62, 1040.98, 536.70, 1026.10, 536.70, 1055.86, 536.70, 29.77, 13.85
7.20, 7, white car, 823.86, 532.00, 852.71, 544.84, 838.28, 538.42, 823.86, 538.42, 852.71, 538.42, 28.85, 12.84
7.20, 21, black car, 676.92, 533.46, 706.83, 547.81, 691.87, 540.64, 676.92, 540.64, 706.83, 540.64, 29.91, 14.36
7.23, 5, white car, 198.31, 517.98, 228.32, 532.03, 213.32, 525.00, 198.31, 525.00, 228.32, 525.00, 30.01, 14.05
7.23, 10, black car, 1024.42, 529.95, 1053.34, 543.41, 1038.88, 536.68, 1024.42, 536.68, 1053.34, 536.68, 28.93, 13.47
7.23, 7, white car, 821.63, 532.15, 850.53, 544.97, 836.08, 538.56, 821.63, 538.56, 850.53, 538.56, 28.90, 12.82
7.27, 5, white car, 196.31, 518.09, 225.96, 531.95, 211.14, 525.02, 196.31, 525.02, 225.96, 525.02, 29.65, 13.86
7.27, 10, black car, 1020.33, 530.06, 1049.23, 543.51, 1034.78, 536.79, 1020.33, 536.79, 1049.23, 536.79, 28.90, 13.44
7.27, 7, white car, 818.94, 532.17, 847.73, 544.92, 833.34, 538.55, 818.94, 538.55, 847.73, 538.55, 28.79, 12.75
7.27, 21, black car, 672.33, 533.36, 702.30, 547.80, 687.32, 540.58, 672.33, 540.58, 702.30, 540.58, 29.97, 14.43
7.30, 5, white car, 194.15, 518.04, 223.72, 531.82, 208.93, 524.93, 194.15, 524.93, 223.72, 524.93, 29.57, 13.78
7.30, 10, black car, 1017.60, 530.45, 1046.06, 543.66, 1031.83, 537.05, 1017.60, 537.05, 1046.06, 537.05, 28.46, 13.20
7.30, 7, white car, 816.71, 532.22, 845.48, 544.96, 831.10, 538.59, 816.71, 538.59, 845.48, 538.59, 28.77, 12.74
7.30, 21, black car, 670.47, 533.49, 699.98, 547.73, 685.23, 540.61, 670.47, 540.61, 699.98, 540.61, 29.52, 14.24
7.33, 5, white car, 191.93, 518.01, 221.55, 531.77, 206.74, 524.89, 191.93, 524.89, 221.55, 524.89, 29.61, 13.76
7.33, 10, black car, 1015.13, 531.17, 1043.31, 544.19, 1029.22, 537.68, 1015.13, 537.68, 1043.31, 537.68, 28.18, 13.03
7.33, 7, white car, 814.72, 532.30, 843.46, 544.99, 829.09, 538.65, 814.72, 538.65, 843.46, 538.65, 28.74, 12.69
7.33, 21, black car, 668.28, 533.61, 697.43, 547.73, 682.86, 540.67, 668.28, 540.67, 697.43, 540.67, 29.14, 14.12
7.37, 5, white car, 189.37, 517.94, 219.45, 531.89, 204.41, 524.91, 189.37, 524.91, 219.45, 524.91, 30.08, 13.95
7.37, 10, black car, 1011.52, 531.49, 1039.45, 544.42, 1025.48, 537.96, 1011.52, 537.96, 1039.45, 537.96, 27.92, 12.94
7.37, 7, white car, 812.31, 532.36, 841.03, 545.04, 826.67, 538.70, 812.31, 538.70, 841.03, 538.70, 28.72, 12.67
7.37, 21, black car, 665.70, 533.85, 694.43, 547.76, 680.06, 540.80, 665.70, 540.80, 694.43, 540.80, 28.72, 13.91
7.40, 5, white car, 187.24, 517.79, 217.27, 531.72, 202.26, 524.76, 187.24, 524.76, 217.27, 524.76, 30.02, 13.93
7.40, 10, black car, 1009.28, 531.72, 1036.87, 544.48, 1023.07, 538.10, 1009.28, 538.10, 1036.87, 538.10, 27.60, 12.76
7.40, 7, white car, 810.14, 532.39, 838.65, 544.99, 824.40, 538.69, 810.14, 538.69, 838.65, 538.69, 28.51, 12.61
7.40, 21, black car, 663.70, 534.01, 692.10, 547.80, 677.90, 540.90, 663.70, 540.90, 692.10, 540.90, 28.40, 13.79
7.43, 5, white car, 184.67, 517.42, 215.17, 531.59, 199.92, 524.51, 184.67, 524.51, 215.17, 524.51, 30.50, 14.17
7.43, 10, black car, 1005.87, 531.56, 1033.74, 544.39, 1019.81, 537.98, 1005.87, 537.98, 1033.74, 537.98, 27.87, 12.84
7.43, 7, white car, 807.44, 532.33, 836.28, 545.07, 821.86, 538.70, 807.44, 538.70, 836.28, 538.70, 28.84, 12.74
7.43, 21, black car, 660.50, 534.08, 688.91, 547.82, 674.71, 540.95, 660.50, 540.95, 688.91, 540.95, 28.42, 13.74
7.47, 5, white car, 182.14, 517.21, 213.18, 531.68, 197.66, 524.45, 182.14, 524.45, 213.18, 524.45, 31.04, 14.46
7.47, 10, black car, 1002.95, 531.43, 1030.92, 544.24, 1016.93, 537.83, 1002.95, 537.83, 1030.92, 537.83, 27.97, 12.81
7.47, 7, white car, 804.85, 532.29, 833.87, 545.08, 819.36, 538.69, 804.85, 538.69, 833.87, 538.69, 29.02, 12.79
7.47, 21, black car, 657.54, 534.15, 686.01, 547.90, 671.78, 541.03, 657.54, 541.03, 686.01, 541.03, 28.47, 13.75
7.50, 5, white car, 179.90, 517.11, 211.05, 531.66, 195.48, 524.38, 179.90, 524.38, 211.05, 524.38, 31.14, 14.55
7.50, 10, black car, 1001.31, 531.70, 1029.36, 544.48, 1015.34, 538.09, 1001.31, 538.09, 1029.36, 538.09, 28.05, 12.79
7.50, 21, black car, 655.28, 534.27, 683.55, 547.91, 669.41, 541.09, 655.28, 541.09, 683.55, 541.09, 28.28, 13.63
7.53, 5, white car, 177.56, 516.93, 208.87, 531.59, 193.22, 524.26, 177.56, 524.26, 208.87, 524.26, 31.31, 14.66
7.53, 10, black car, 998.64, 531.60, 1026.75, 544.43, 1012.69, 538.01, 998.64, 538.01, 1026.75, 538.01, 28.11, 12.83
7.53, 21, black car, 652.19, 534.08, 680.85, 547.90, 666.52, 540.99, 652.19, 540.99, 680.85, 540.99, 28.66, 13.82
7.57, 5, white car, 175.30, 516.73, 206.80, 531.54, 191.05, 524.14, 175.30, 524.14, 206.80, 524.14, 31.50, 14.81
7.57, 10, black car, 996.99, 531.76, 1024.86, 544.49, 1010.93, 538.13, 996.99, 538.13, 1024.86, 538.13, 27.86, 12.73
7.57, 21, black car, 650.20, 533.98, 679.38, 548.01, 664.79, 540.99, 650.20, 540.99, 679.38, 540.99, 29.18, 14.03
7.60, 5, white car, 172.97, 516.69, 204.37, 531.51, 188.67, 524.10, 172.97, 524.10, 204.37, 524.10, 31.40, 14.82
7.60, 10, black car, 994.22, 531.70, 1022.26, 544.53, 1008.24, 538.12, 994.22, 538.12, 1022.26, 538.12, 28.03, 12.82
7.60, 21, black car, 648.02, 533.82, 677.48, 547.95, 662.75, 540.89, 648.02, 540.89, 677.48, 540.89, 29.46, 14.13
7.63, 5, white car, 171.07, 516.67, 202.13, 531.38, 186.60, 524.02, 171.07, 524.02, 202.13, 524.02, 31.06, 14.71
7.63, 10, black car, 991.62, 531.88, 1019.32, 544.54, 1005.47, 538.21, 991.62, 538.21, 1019.32, 538.21, 27.70, 12.65
7.63, 21, black car, 645.82, 534.15, 674.72, 547.89, 660.27, 541.02, 645.82, 541.02, 674.72, 541.02, 28.89, 13.75
7.67, 5, white car, 169.13, 516.75, 199.81, 531.33, 184.47, 524.04, 169.13, 524.04, 199.81, 524.04, 30.68, 14.59
7.67, 10, black car, 988.14, 532.00, 1016.68, 545.01, 1002.41, 538.50, 988.14, 538.50, 1016.68, 538.50, 28.54, 13.01
7.67, 21, black car, 643.11, 534.16, 672.24, 547.99, 657.68, 541.08, 643.11, 541.08, 672.24, 541.08, 29.13, 13.83
7.70, 5, white car, 166.55, 516.58, 197.31, 531.21, 181.93, 523.90, 166.55, 523.90, 197.31, 523.90, 30.75, 14.63
7.70, 10, black car, 984.56, 532.23, 1012.99, 545.18, 998.78, 538.70, 984.56, 538.70, 1012.99, 538.70, 28.44, 12.94
7.70, 21, black car, 639.84, 533.77, 669.43, 547.82, 654.64, 540.80, 639.84, 540.80, 669.43, 540.80, 29.59, 14.06
7.73, 5, white car, 164.42, 516.29, 195.30, 531.00, 179.86, 523.64, 164.42, 523.64, 195.30, 523.64, 30.88, 14.71
7.73, 10, black car, 981.51, 532.22, 1010.35, 545.39, 995.93, 538.80, 981.51, 538.80, 1010.35, 538.80, 28.84, 13.17
7.73, 21, black car, 636.82, 533.79, 666.30, 547.76, 651.56, 540.78, 636.82, 540.78, 666.30, 540.78, 29.48, 13.97
7.77, 5, white car, 162.15, 516.15, 192.97, 530.88, 177.56, 523.51, 162.15, 523.51, 192.97, 523.51, 30.82, 14.73
7.77, 10, black car, 978.20, 532.03, 1008.11, 545.68, 993.15, 538.86, 978.20, 538.86, 1008.11, 538.86, 29.90, 13.65
7.77, 21, black car, 634.47, 534.01, 663.69, 547.83, 649.08, 540.92, 634.47, 540.92, 663.69, 540.92, 29.22, 13.82
7.80, 5, white car, 159.68, 515.86, 191.01, 530.87, 175.35, 523.36, 159.68, 523.36, 191.01, 523.36, 31.33, 15.02
7.80, 10, black car, 975.74, 532.06, 1005.67, 545.72, 990.70, 538.89, 975.74, 538.89, 1005.67, 538.89, 29.93, 13.67
7.80, 21, black car, 631.94, 533.81, 661.58, 547.82, 646.76, 540.81, 631.94, 540.81, 661.58, 540.81, 29.64, 14.02
7.83, 5, white car, 157.74, 515.72, 189.02, 530.73, 173.38, 523.22, 157.74, 523.22, 189.02, 523.22, 31.29, 15.01
7.83, 10, black car, 972.91, 532.09, 1002.78, 545.71, 987.84, 538.90, 972.91, 538.90, 1002.78, 538.90, 29.87, 13.62
7.87, 5, white car, 155.44, 515.75, 186.39, 530.64, 170.91, 523.19, 155.44, 523.19, 186.39, 523.19, 30.95, 14.89
7.90, 5, white car, 153.36, 515.52, 184.33, 530.46, 168.85, 522.99, 153.36, 522.99, 184.33, 522.99, 30.97, 14.94
7.93, 5, white car, 151.57, 515.51, 181.90, 530.14, 166.73, 522.83, 151.57, 522.83, 181.90, 522.83, 30.33, 14.63
7.97, 5, white car, 149.32, 515.60, 179.66, 530.21, 164.49, 522.90, 149.32, 522.90, 179.66, 522.90, 30.34, 14.61
8.00, 5, white car, 147.12, 515.32, 177.41, 529.92, 162.26, 522.62, 147.12, 522.62, 177.41, 522.62, 30.29, 14.60
8.03, 5, white car, 144.72, 515.35, 174.77, 529.83, 159.75, 522.59, 144.72, 522.59, 174.77, 522.59, 30.04, 14.48
8.07, 5, white car, 142.47, 515.35, 172.24, 529.65, 157.35, 522.50, 142.47, 522.50, 172.24, 522.50, 29.77, 14.30
8.10, 5, white car, 140.32, 515.21, 169.88, 529.41, 155.10, 522.31, 140.32, 522.31, 169.88, 522.31, 29.56, 14.19
8.13, 5, white car, 138.04, 515.28, 167.51, 529.43, 152.78, 522.35, 138.04, 522.35, 167.51, 522.35, 29.48, 14.15
8.17, 5, white car, 136.17, 515.13, 165.46, 529.19, 150.81, 522.16, 136.17, 522.16, 165.46, 522.16, 29.29, 14.05
8.17, 21, black car, 605.89, 532.35, 635.45, 546.34, 620.67, 539.34, 605.89, 539.34, 635.45, 539.34, 29.56, 13.99
8.20, 5, white car, 133.10, 514.66, 163.22, 529.09, 148.16, 521.88, 133.10, 521.88, 163.22, 521.88, 30.11, 14.43
8.23, 5, white car, 131.03, 514.50, 161.08, 528.89, 146.06, 521.70, 131.03, 521.70, 161.08, 521.70, 30.05, 14.39
8.27, 5, white car, 129.29, 514.49, 158.62, 528.52, 143.96, 521.50, 129.29, 521.50, 158.62, 521.50, 29.33, 14.02
8.27, 21, black car, 597.41, 532.17, 626.87, 546.11, 612.14, 539.14, 597.41, 539.14, 626.87, 539.14, 29.46, 13.93
8.30, 5, white car, 127.15, 514.29, 156.42, 528.24, 141.78, 521.26, 127.15, 521.26, 156.42, 521.26, 29.26, 13.95
8.33, 5, white car, 124.88, 514.15, 154.49, 528.25, 139.68, 521.20, 124.88, 521.20, 154.49, 521.20, 29.60, 14.10
8.37, 5, white car, 122.64, 514.07, 151.90, 528.02, 137.27, 521.04, 122.64, 521.04, 151.90, 521.04, 29.26, 13.94
8.40, 5, white car, 119.84, 513.71, 149.74, 527.96, 134.79, 520.83, 119.84, 520.83, 149.74, 520.83, 29.90, 14.25
8.43, 5, white car, 117.66, 513.58, 147.55, 527.82, 132.61, 520.70, 117.66, 520.70, 147.55, 520.70, 29.88, 14.25
8.47, 5, white car, 115.85, 513.60, 145.16, 527.62, 130.51, 520.61, 115.85, 520.61, 145.16, 520.61, 29.31, 14.02
8.47, 21, black car, 582.95, 532.26, 612.15, 546.05, 597.55, 539.15, 582.95, 539.15, 612.15, 539.15, 29.20, 13.78
8.50, 5, white car, 113.10, 513.49, 142.46, 527.46, 127.78, 520.47, 113.10, 520.47, 142.46, 520.47, 29.35, 13.97
8.53, 5, white car, 110.87, 513.45, 140.25, 527.37, 125.56, 520.41, 110.87, 520.41, 140.25, 520.41, 29.39, 13.92
8.57, 5, white car, 108.54, 513.37, 137.95, 527.27, 123.25, 520.32, 108.54, 520.32, 137.95, 520.32, 29.41, 13.90
8.60, 5, white car, 105.57, 513.21, 135.56, 527.38, 120.57, 520.29, 105.57, 520.29, 135.56, 520.29, 29.99, 14.18
8.63, 5, white car, 103.08, 513.10, 133.43, 527.44, 118.25, 520.27, 103.08, 520.27, 133.43, 520.27, 30.36, 14.35
8.67, 5, white car, 101.13, 513.09, 131.25, 527.32, 116.19, 520.21, 101.13, 520.21, 131.25, 520.21, 30.12, 14.23
8.70, 5, white car, 99.01, 513.05, 128.60, 527.00, 113.81, 520.03, 99.01, 520.03, 128.60, 520.03, 29.59, 13.95
8.73, 5, white car, 97.16, 512.95, 126.56, 526.79, 111.86, 519.87, 97.16, 519.87, 126.56, 519.87, 29.41, 13.84
8.77, 5, white car, 94.66, 512.66, 124.39, 526.58, 109.52, 519.62, 94.66, 519.62, 124.39, 519.62, 29.73, 13.92
8.80, 5, white car, 92.16, 512.51, 121.88, 526.37, 107.02, 519.44, 92.16, 519.44, 121.88, 519.44, 29.72, 13.86
8.80, 21, black car, 559.60, 532.01, 587.81, 545.14, 573.71, 538.57, 559.60, 538.57, 587.81, 538.57, 28.21, 13.13
8.83, 5, white car, 89.56, 512.29, 119.66, 526.31, 104.61, 519.30, 89.56, 519.30, 119.66, 519.30, 30.10, 14.02
8.83, 21, black car, 557.08, 531.86, 585.20, 544.82, 571.14, 538.34, 557.08, 538.34, 585.20, 538.34, 28.12, 12.96
8.87, 5, white car, 87.45, 512.30, 116.96, 526.02, 102.21, 519.16, 87.45, 519.16, 116.96, 519.16, 29.51, 13.71
8.87, 21, black car, 554.46, 531.64, 582.32, 544.46, 568.39, 538.05, 554.46, 538.05, 582.32, 538.05, 27.86, 12.83
8.90, 5, white car, 85.11, 512.19, 114.98, 526.02, 100.05, 519.11, 85.11, 519.11, 114.98, 519.11, 29.87, 13.83
8.90, 21, black car, 551.63, 531.12, 580.59, 544.47, 566.11, 537.80, 551.63, 537.80, 580.59, 537.80, 28.96, 13.35
8.93, 5, white car, 82.93, 512.00, 113.31, 526.02, 98.12, 519.01, 82.93, 519.01, 113.31, 519.01, 30.38, 14.02
8.93, 21, black car, 549.57, 531.08, 578.43, 544.40, 564.00, 537.74, 549.57, 537.74, 578.43, 537.74, 28.86, 13.32
8.97, 5, white car, 80.69, 511.79, 111.63, 525.99, 96.16, 518.89, 80.69, 518.89, 111.63, 518.89, 30.94, 14.20
8.97, 21, black car, 547.15, 530.61, 575.90, 543.90, 561.52, 537.25, 547.15, 537.25, 575.90, 537.25, 28.75, 13.29
9.00, 5, white car, 78.04, 511.90, 108.34, 525.79, 93.19, 518.85, 78.04, 518.85, 108.34, 518.85, 30.30, 13.88
9.00, 21, black car, 544.67, 530.62, 573.43, 543.89, 559.05, 537.26, 544.67, 537.26, 573.43, 537.26, 28.75, 13.27
9.00, 77, black car, 878.34, 535.72, 906.10, 547.81, 892.22, 541.77, 878.34, 541.77, 906.10, 541.77, 27.77, 12.09
9.03, 5, white car, 75.51, 511.86, 105.75, 525.70, 90.63, 518.78, 75.51, 518.78, 105.75, 518.78, 30.24, 13.85
9.03, 21, black car, 542.51, 530.61, 571.21, 543.87, 556.86, 537.24, 542.51, 537.24, 571.21, 537.24, 28.70, 13.27
9.03, 77, black car, 875.32, 535.93, 902.55, 547.78, 888.93, 541.85, 875.32, 541.85, 902.55, 541.85, 27.23, 11.85
9.07, 5, white car, 73.29, 511.77, 103.47, 525.60, 88.38, 518.68, 73.29, 518.68, 103.47, 518.68, 30.19, 13.83
9.07, 21, black car, 539.86, 530.54, 568.91, 543.97, 554.38, 537.25, 539.86, 537.25, 568.91, 537.25, 29.06, 13.43
9.07, 77, black car, 873.11, 536.01, 900.41, 547.89, 886.76, 541.95, 873.11, 541.95, 900.41, 541.95, 27.30, 11.88
9.10, 5, white car, 70.87, 511.54, 101.41, 525.55, 86.14, 518.55, 70.87, 518.55, 101.41, 518.55, 30.54, 14.01
9.10, 21, black car, 537.60, 530.64, 567.21, 544.32, 552.40, 537.48, 537.60, 537.48, 567.21, 537.48, 29.61, 13.68
9.10, 77, black car, 870.71, 535.99, 898.68, 548.16, 884.69, 542.08, 870.71, 542.08, 898.68, 542.08, 27.97, 12.18
9.13, 5, white car, 68.58, 511.41, 99.33, 525.53, 83.95, 518.47, 68.58, 518.47, 99.33, 518.47, 30.74, 14.12
9.13, 21, black car, 535.70, 530.66, 565.33, 544.32, 550.51, 537.49, 535.70, 537.49, 565.33, 537.49, 29.63, 13.66
9.13, 77, black car, 868.21, 535.57, 896.87, 548.06, 882.54, 541.82, 868.21, 541.82, 896.87, 541.82, 28.66, 12.49
9.17, 5, white car, 66.44, 511.22, 97.14, 525.33, 81.79, 518.28, 66.44, 518.28, 97.14, 518.28, 30.70, 14.11
9.17, 21, black car, 532.97, 530.99, 562.17, 544.36, 547.57, 537.68, 532.97, 537.68, 562.17, 537.68, 29.19, 13.37
9.17, 77, black car, 865.69, 535.94, 894.72, 548.62, 880.21, 542.28, 865.69, 542.28, 894.72, 542.28, 29.03, 12.68
9.20, 5, white car, 64.16, 510.93, 95.00, 525.10, 79.58, 518.02, 64.16, 518.02, 95.00, 518.02, 30.83, 14.16
9.20, 21, black car, 529.30, 530.99, 559.02, 544.63, 544.16, 537.81, 529.30, 537.81, 559.02, 537.81, 29.72, 13.64
9.20, 77, black car, 863.07, 535.67, 891.98, 548.34, 877.53, 542.00, 863.07, 542.00, 891.98, 542.00, 28.91, 12.67
9.23, 5, white car, 62.20, 511.04, 92.60, 524.98, 77.40, 518.01, 62.20, 518.01, 92.60, 518.01, 30.40, 13.94
9.23, 21, black car, 526.14, 530.92, 555.78, 544.58, 540.96, 537.75, 526.14, 537.75, 555.78, 537.75, 29.64, 13.66
9.23, 77, black car, 860.04, 535.58, 888.83, 548.22, 874.43, 541.90, 860.04, 541.90, 888.83, 541.90, 28.79, 12.64
9.27, 5, white car, 59.99, 510.84, 90.16, 524.63, 75.08, 517.74, 59.99, 517.74, 90.16, 517.74, 30.17, 13.79
9.27, 21, black car, 523.34, 530.81, 553.52, 544.76, 538.43, 537.79, 523.34, 537.79, 553.52, 537.79, 30.18, 13.95
9.27, 77, black car, 857.02, 535.06, 886.60, 548.12, 871.81, 541.59, 857.02, 541.59, 886.60, 541.59, 29.58, 13.06
9.30, 5, white car, 57.80, 510.78, 87.69, 524.39, 72.74, 517.58, 57.80, 517.58, 87.69, 517.58, 29.89, 13.61
9.30, 21, black car, 521.50, 530.72, 551.75, 544.76, 536.62, 537.74, 521.50, 537.74, 551.75, 537.74, 30.26, 14.04
9.30, 77, black car, 853.79, 534.42, 884.43, 548.05, 869.11, 541.23, 853.79, 541.23, 884.43, 541.23, 30.65, 13.63
9.33, 5, white car, 55.42, 510.85, 85.43, 524.49, 70.42, 517.67, 55.42, 517.67, 85.43, 517.67, 30.02, 13.64
9.33, 21, black car, 520.19, 530.83, 549.91, 544.65, 535.05, 537.74, 520.19, 537.74, 549.91, 537.74, 29.73, 13.82
9.33, 77, black car, 851.67, 534.76, 881.46, 548.06, 866.56, 541.41, 851.67, 541.41, 881.46, 541.41, 29.80, 13.30
9.37, 5, white car, 52.78, 510.61, 82.99, 524.30, 67.89, 517.46, 52.78, 517.46, 82.99, 517.46, 30.20, 13.69
9.37, 21, black car, 518.39, 530.95, 547.49, 544.47, 532.94, 537.71, 518.39, 537.71, 547.49, 537.71, 29.10, 13.52
9.37, 77, black car, 848.88, 535.07, 877.87, 548.02, 863.38, 541.55, 848.88, 541.55, 877.87, 541.55, 28.99, 12.95
9.40, 5, white car, 50.43, 510.46, 80.93, 524.28, 65.68, 517.37, 50.43, 517.37, 80.93, 517.37, 30.51, 13.82
9.40, 21, black car, 516.07, 530.93, 545.09, 544.41, 530.58, 537.67, 516.07, 537.67, 545.09, 537.67, 29.02, 13.48
9.40, 77, black car, 845.70, 535.15, 874.64, 548.09, 860.17, 541.62, 845.70, 541.62, 874.64, 541.62, 28.95, 12.93
9.43, 5, white car, 48.02, 510.46, 78.68, 524.38, 63.35, 517.42, 48.02, 517.42, 78.68, 517.42, 30.66, 13.92
9.43, 21, black car, 513.49, 530.90, 542.15, 544.21, 527.82, 537.55, 513.49, 537.55, 542.15, 537.55, 28.67, 13.31
9.43, 77, black car, 843.08, 535.50, 871.45, 548.17, 857.26, 541.83, 843.08, 541.83, 871.45, 541.83, 28.37, 12.67
9.47, 5, white car, 45.72, 510.41, 76.25, 524.27, 60.99, 517.34, 45.72, 517.34, 76.25, 517.34, 30.53, 13.85
9.47, 21, black car, 511.05, 530.47, 539.65, 543.74, 525.35, 537.10, 511.05, 537.10, 539.65, 537.10, 28.60, 13.27
9.47, 77, black car, 840.29, 535.43, 868.85, 548.21, 854.57, 541.82, 840.29, 541.82, 868.85, 541.82, 28.56, 12.78
9.50, 5, white car, 43.65, 510.32, 73.90, 524.02, 58.78, 517.17, 43.65, 517.17, 73.90, 517.17, 30.25, 13.70
9.50, 21, black car, 508.53, 529.96, 537.51, 543.38, 523.02, 536.67, 508.53, 536.67, 537.51, 536.67, 28.98, 13.42
9.50, 77, black car, 837.30, 535.42, 866.09, 548.36, 851.69, 541.89, 837.30, 541.89, 866.09, 541.89, 28.80, 12.94
9.53, 5, white car, 41.31, 510.23, 71.85, 524.08, 56.58, 517.15, 41.31, 517.15, 71.85, 517.15, 30.54, 13.85
9.53, 21, black car, 506.29, 529.77, 535.34, 543.18, 520.82, 536.47, 506.29, 536.47, 535.34, 536.47, 29.06, 13.41
9.53, 77, black car, 835.55, 535.73, 863.53, 548.38, 849.54, 542.05, 835.55, 542.05, 863.53, 542.05, 27.98, 12.65
9.57, 5, white car, 38.73, 510.17, 69.26, 524.00, 53.99, 517.09, 38.73, 517.09, 69.26, 517.09, 30.54, 13.83
9.57, 21, black car, 504.71, 529.50, 532.99, 542.53, 518.85, 536.01, 504.71, 536.01, 532.99, 536.01, 28.28, 13.03
9.57, 77, black car, 833.77, 536.01, 861.06, 548.44, 847.42, 542.22, 833.77, 542.22, 861.06, 542.22, 27.29, 12.43
9.60, 5, white car, 36.06, 510.00, 67.15, 524.10, 51.60, 517.05, 36.06, 517.05, 67.15, 517.05, 31.09, 14.09
9.60, 21, black car, 502.29, 528.98, 530.70, 542.06, 516.49, 535.52, 502.29, 535.52, 530.70, 535.52, 28.41, 13.08
9.60, 77, black car, 831.41, 536.20, 858.22, 548.44, 844.82, 542.32, 831.41, 542.32, 858.22, 542.32, 26.80, 12.24
9.63, 5, white car, 33.55, 509.89, 65.01, 524.17, 49.28, 517.03, 33.55, 517.03, 65.01, 517.03, 31.46, 14.28
9.63, 21, black car, 499.86, 528.69, 528.74, 541.97, 514.30, 535.33, 499.86, 535.33, 528.74, 535.33, 28.87, 13.28
9.63, 77, black car, 827.86, 536.10, 855.13, 548.51, 841.49, 542.30, 827.86, 542.30, 855.13, 542.30, 27.26, 12.41
9.67, 5, white car, 31.46, 509.96, 62.59, 524.08, 47.02, 517.02, 31.46, 517.02, 62.59, 517.02, 31.13, 14.12
9.67, 21, black car, 497.57, 528.76, 526.58, 542.08, 512.07, 535.42, 497.57, 535.42, 526.58, 535.42, 29.02, 13.32
9.67, 77, black car, 824.63, 536.02, 852.57, 548.69, 838.60, 542.35, 824.63, 542.35, 852.57, 542.35, 27.95, 12.67
9.70, 5, white car, 29.14, 509.68, 60.22, 523.78, 44.68, 516.73, 29.14, 516.73, 60.22, 516.73, 31.08, 14.10
9.70, 21, black car, 495.55, 528.81, 525.04, 542.32, 510.30, 535.56, 495.55, 535.56, 525.04, 535.56, 29.49, 13.52
9.70, 77, black car, 821.93, 536.24, 850.30, 549.10, 836.12, 542.67, 821.93, 542.67, 850.30, 542.67, 28.36, 12.85
9.73, 5, white car, 26.93, 509.42, 58.23, 523.64, 42.58, 516.53, 26.93, 516.53, 58.23, 516.53, 31.29, 14.22
9.73, 21, black car, 493.34, 528.76, 523.19, 542.40, 508.27, 535.58, 493.34, 535.58, 523.19, 535.58, 29.85, 13.64
9.73, 77, black car, 819.26, 536.25, 847.51, 548.97, 833.38, 542.61, 819.26, 542.61, 847.51, 542.61, 28.25, 12.71
9.77, 5, white car, 24.39, 509.17, 55.58, 523.37, 39.98, 516.27, 24.39, 516.27, 55.58, 516.27, 31.18, 14.20
9.77, 21, black car, 490.66, 528.96, 519.82, 542.33, 505.24, 535.65, 490.66, 535.65, 519.82, 535.65, 29.17, 13.37
9.77, 77, black car, 816.39, 536.21, 844.67, 548.94, 830.53, 542.58, 816.39, 542.58, 844.67, 542.58, 28.28, 12.73
9.80, 5, white car, 22.10, 509.08, 53.32, 523.30, 37.71, 516.19, 22.10, 516.19, 53.32, 516.19, 31.22, 14.22
9.80, 21, black car, 487.54, 528.92, 516.54, 542.28, 502.04, 535.60, 487.54, 535.60, 516.54, 535.60, 29.01, 13.36
9.80, 77, black car, 813.99, 536.18, 841.96, 548.79, 827.97, 542.48, 813.99, 542.48, 841.96, 542.48, 27.97, 12.61
9.83, 5, white car, 19.95, 509.04, 50.98, 523.17, 35.47, 516.10, 19.95, 516.10, 50.98, 516.10, 31.03, 14.13
9.83, 21, black car, 484.49, 528.82, 513.78, 542.36, 499.14, 535.59, 484.49, 535.59, 513.78, 535.59, 29.29, 13.53
9.83, 77, black car, 811.72, 536.08, 839.82, 548.77, 825.77, 542.43, 811.72, 542.43, 839.82, 542.43, 28.10, 12.69
9.87, 5, white car, 17.84, 509.06, 48.11, 522.80, 32.98, 515.93, 17.84, 515.93, 48.11, 515.93, 30.27, 13.74
9.87, 21, black car, 481.86, 528.72, 511.25, 542.33, 496.56, 535.53, 481.86, 535.53, 511.25, 535.53, 29.39, 13.62
9.87, 77, black car, 809.60, 536.00, 837.58, 548.68, 823.59, 542.34, 809.60, 542.34, 837.58, 542.34, 27.99, 12.68
9.90, 5, white car, 15.74, 509.10, 45.58, 522.60, 30.66, 515.85, 15.74, 515.85, 45.58, 515.85, 29.84, 13.50
9.90, 21, black car, 479.59, 528.53, 509.73, 542.52, 494.66, 535.52, 479.59, 535.52, 509.73, 535.52, 30.14, 13.99
9.90, 77, black car, 807.04, 536.30, 834.87, 548.88, 820.96, 542.59, 807.04, 542.59, 834.87, 542.59, 27.82, 12.58
9.93, 5, white car, 13.64, 509.13, 43.38, 522.56, 28.51, 515.84, 13.64, 515.84, 43.38, 515.84, 29.74, 13.43
9.93, 21, black car, 477.56, 528.46, 507.95, 542.55, 492.75, 535.51, 477.56, 535.51, 507.95, 535.51, 30.39, 14.09
9.93, 77, black car, 804.07, 536.61, 831.68, 549.10, 817.88, 542.85, 804.07, 542.85, 831.68, 542.85, 27.62, 12.49
9.97, 5, white car, 11.53, 509.19, 40.73, 522.33, 26.13, 515.76, 11.53, 515.76, 40.73, 515.76, 29.19, 13.14
9.97, 21, black car, 475.22, 528.41, 505.30, 542.36, 490.26, 535.39, 475.22, 535.39, 505.30, 535.39, 30.07, 13.95
9.97, 77, black car, 800.69, 536.95, 828.67, 549.59, 814.68, 543.27, 800.69, 543.27, 828.67, 543.27, 27.98, 12.64
