0.00, 1, white car, 18.66, 495.69, 49.60, 509.36, 34.13, 502.53, 18.66, 502.53, 49.60, 502.53, 30.94, 13.67
0.03, 1, white car, 17.34, 495.55, 47.77, 508.99, 32.56, 502.27, 17.34, 502.27, 47.77, 502.27, 30.44, 13.45
0.07, 1, white car, 15.45, 495.20, 45.96, 508.67, 30.70, 501.94, 15.45, 501.94, 45.96, 501.94, 30.50, 13.47
0.10, 1, white car, 13.25, 495.19, 43.89, 508.72, 28.57, 501.95, 13.25, 501.95, 43.89, 501.95, 30.64, 13.53
0.13, 1, white car, 11.22, 495.13, 41.38, 508.43, 26.30, 501.78, 11.22, 501.78, 41.38, 501.78, 30.16, 13.30
0.17, 1, white car, 9.19, 494.78, 38.92, 507.87, 24.05, 501.32, 9.19, 501.32, 38.92, 501.32, 29.73, 13.09
0.20, 1, white car, 6.65, 494.42, 36.85, 507.73, 21.75, 501.08, 6.65, 501.08, 36.85, 501.08, 30.20, 13.31
0.23, 1, white car, 3.86, 494.33, 34.59, 507.86, 19.22, 501.10, 3.86, 501.10, 34.59, 501.10, 30.73, 13.53
0.27, 1, white car, 1.54, 494.29, 32.35, 507.86, 16.95, 501.08, 1.54, 501.08, 32.35, 501.08, 30.81, 13.57
0.30, 1, white car, 0.00, 494.17, 30.82, 507.97, 15.41, 501.07, 0.00, 501.07, 30.82, 501.07, 30.82, 13.80
0.33, 1, white car, 0.00, 493.75, 29.38, 507.57, 14.69, 500.66, 0.00, 500.66, 29.38, 500.66, 29.38, 13.82
0.37, 1, white car, 0.00, 493.89, 27.53, 506.99, 13.76, 500.44, 0.00, 500.44, 27.53, 500.44, 27.53, 13.10
0.40, 1, white car, 0.00, 493.87, 25.94, 506.73, 12.97, 500.30, 0.00, 500.30, 25.94, 500.30, 25.94, 12.85
0.43, 1, white car, 0.00, 493.89, 24.54, 506.52, 12.27, 500.21, 0.00, 500.21, 24.54, 500.21, 24.54, 12.63
0.47, 1, white car, 0.00, 494.13, 23.29, 506.81, 11.64, 500.47, 0.00, 500.47, 23.29, 500.47, 23.29, 12.67
0.50, 1, white car, 0.00, 494.03, 21.70, 506.67, 10.85, 500.35, 0.00, 500.35, 21.70, 500.35, 21.70, 12.64
0.53, 1, white car, 0.00, 493.90, 20.07, 506.64, 10.04, 500.27, 0.00, 500.27, 20.07, 500.27, 20.07, 12.74
0.57, 1, white car, 0.00, 493.78, 18.17, 506.61, 9.09, 500.20, 0.00, 500.20, 18.17, 500.20, 18.17, 12.83
0.60, 1, white car, 0.00, 493.93, 16.04, 506.52, 8.02, 500.23, 0.00, 500.23, 16.04, 500.23, 16.04, 12.58
1.00, 7, white car, 1320.27, 506.75, 1349.86, 519.54, 1335.06, 513.14, 1320.27, 513.14, 1349.86, 513.14, 29.60, 12.79
1.03, 7, white car, 1317.20, 506.68, 1347.04, 519.68, 1332.12, 513.18, 1317.20, 513.18, 1347.04, 513.18, 29.84, 13.00
1.07, 7, white car, 1313.87, 506.43, 1344.25, 519.76, 1329.06, 513.09, 1313.87, 513.09, 1344.25, 513.09, 30.38, 13.33
1.10, 7, white car, 1311.00, 506.27, 1341.47, 519.69, 1326.24, 512.98, 1311.00, 512.98, 1341.47, 512.98, 30.46, 13.43
1.13, 7, white car, 1308.23, 506.54, 1338.26, 519.82, 1323.24, 513.18, 1308.23, 513.18, 1338.26, 513.18, 30.03, 13.28
1.17, 7, white car, 1304.83, 506.53, 1335.14, 519.99, 1319.99, 513.26, 1304.83, 513.26, 1335.14, 513.26, 30.31, 13.46
1.20, 7, white car, 1301.87, 506.72, 1332.03, 520.11, 1316.95, 513.42, 1301.87, 513.42, 1332.03, 513.42, 30.16, 13.39
1.23, 7, white car, 1299.20, 506.87, 1328.66, 519.98, 1313.93, 513.43, 1299.20, 513.43, 1328.66, 513.43, 29.45, 13.11
1.27, 7, white car, 1296.21, 506.90, 1325.62, 519.99, 1310.92, 513.45, 1296.21, 513.45, 1325.62, 513.45, 29.41, 13.09
1.30, 7, white car, 1293.13, 507.01, 1322.73, 520.17, 1307.93, 513.59, 1293.13, 513.59, 1322.73, 513.59, 29.60, 13.15
1.33, 7, white car, 1289.96, 507.05, 1320.21, 520.51, 1305.08, 513.78, 1289.96, 513.78, 1320.21, 513.78, 30.25, 13.46
1.37, 7, white car, 1286.53, 507.20, 1317.03, 520.76, 1301.78, 513.98, 1286.53, 513.98, 1317.03, 513.98, 30.50, 13.56
1.40, 7, white car, 1283.68, 507.34, 1313.69, 520.65, 1298.69, 513.99, 1283.68, 513.99, 1313.69, 513.99, 30.00, 13.30
1.43, 7, white car, 1280.91, 507.44, 1310.56, 520.52, 1295.73, 513.98, 1280.91, 513.98, 1310.56, 513.98, 29.65, 13.08
1.47, 7, white car, 1277.51, 507.64, 1307.83, 521.05, 1292.67, 514.35, 1277.51, 514.35, 1307.83, 514.35, 30.31, 13.41
1.50, 7, white car, 1274.55, 507.66, 1305.15, 521.23, 1289.85, 514.45, 1274.55, 514.45, 1305.15, 514.45, 30.60, 13.57
1.53, 7, white car, 1271.38, 507.70, 1301.83, 521.20, 1286.60, 514.45, 1271.38, 514.45, 1301.83, 514.45, 30.45, 13.50
1.57, 7, white car, 1268.32, 507.86, 1298.63, 521.32, 1283.48, 514.59, 1268.32, 514.59, 1298.63, 514.59, 30.31, 13.46
1.60, 7, white car, 1265.34, 507.94, 1295.68, 521.42, 1280.51, 514.68, 1265.34, 514.68, 1295.68, 514.68, 30.34, 13.48
1.63, 7, white car, 1262.50, 508.11, 1292.60, 521.49, 1277.55, 514.80, 1262.50, 514.80, 1292.60, 514.80, 30.10, 13.38
1.67, 7, white car, 1259.52, 508.21, 1289.35, 521.48, 1274.43, 514.85, 1259.52, 514.85, 1289.35, 514.85, 29.83, 13.27
1.70, 7, white car, 1257.10, 508.28, 1286.07, 521.14, 1271.59, 514.71, 1257.10, 514.71, 1286.07, 514.71, 28.98, 12.85
1.73, 7, white car, 1254.28, 508.39, 1283.17, 521.19, 1268.73, 514.79, 1254.28, 514.79, 1283.17, 514.79, 28.89, 12.80
1.77, 7, white car, 1250.68, 508.53, 1280.37, 521.68, 1265.53, 515.10, 1250.68, 515.10, 1280.37, 515.10, 29.69, 13.15
1.80, 7, white car, 1247.22, 508.38, 1277.67, 521.89, 1262.44, 515.14, 1247.22, 515.14, 1277.67, 515.14, 30.45, 13.52
1.83, 7, white car, 1243.92, 508.51, 1274.66, 522.15, 1259.29, 515.33, 1243.92, 515.33, 1274.66, 515.33, 30.74, 13.65
1.87, 7, white car, 1240.94, 508.51, 1271.40, 522.03, 1256.17, 515.27, 1240.94, 515.27, 1271.40, 515.27, 30.45, 13.52
1.90, 7, white car, 1237.82, 508.57, 1268.57, 522.23, 1253.20, 515.40, 1237.82, 515.40, 1268.57, 515.40, 30.74, 13.66
1.93, 7, white car, 1234.82, 508.80, 1265.36, 522.39, 1250.09, 515.59, 1234.82, 515.59, 1265.36, 515.59, 30.55, 13.59
1.97, 7, white car, 1232.11, 508.98, 1262.13, 522.34, 1247.12, 515.66, 1232.11, 515.66, 1262.13, 515.66, 30.03, 13.37
2.00, 7, white car, 1228.93, 509.08, 1258.96, 522.46, 1243.95, 515.77, 1228.93, 515.77, 1258.96, 515.77, 30.03, 13.38
2.03, 7, white car, 1225.98, 509.05, 1256.14, 522.49, 1241.06, 515.77, 1225.98, 515.77, 1256.14, 515.77, 30.16, 13.44
2.07, 7, white car, 1222.75, 509.27, 1252.88, 522.68, 1237.81, 515.97, 1222.75, 515.97, 1252.88, 515.97, 30.13, 13.42
2.10, 7, white car, 1219.66, 509.62, 1249.89, 523.11, 1234.77, 516.37, 1219.66, 516.37, 1249.89, 516.37, 30.24, 13.49
2.10, 18, black car, 1341.50, 506.84, 1371.15, 520.01, 1356.32, 513.43, 1341.50, 513.43, 1371.15, 513.43, 29.64, 13.17
2.13, 7, white car, 1216.85, 509.76, 1246.72, 523.06, 1231.78, 516.41, 1216.85, 516.41, 1246.72, 516.41, 29.87, 13.31
2.13, 18, black car, 1338.13, 506.32, 1368.75, 519.97, 1353.44, 513.14, 1338.13, 513.14, 1368.75, 513.14, 30.62, 13.65
2.17, 7, white car, 1214.37, 509.99, 1243.54, 522.96, 1228.95, 516.47, 1214.37, 516.47, 1243.54, 516.47, 29.17, 12.97
2.17, 18, black car, 1334.97, 506.60, 1365.51, 520.23, 1350.24, 513.41, 1334.97, 513.41, 1365.51, 513.41, 30.54, 13.63
2.20, 7, white car, 1211.67, 510.07, 1240.40, 522.82, 1226.04, 516.44, 1211.67, 516.44, 1240.40, 516.44, 28.73, 12.75
2.20, 18, black car, 1332.34, 506.53, 1362.93, 520.22, 1347.63, 513.37, 1332.34, 513.37, 1362.93, 513.37, 30.59, 13.68
2.23, 7, white car, 1208.40, 510.11, 1237.58, 523.05, 1222.99, 516.58, 1208.40, 516.58, 1237.58, 516.58, 29.18, 12.94
2.23, 18, black car, 1329.66, 507.04, 1359.71, 520.50, 1344.68, 513.77, 1329.66, 513.77, 1359.71, 513.77, 30.05, 13.46
2.27, 7, white car, 1205.09, 510.35, 1234.66, 523.46, 1219.88, 516.90, 1205.09, 516.90, 1234.66, 516.90, 29.57, 13.12
2.27, 18, black car, 1326.36, 507.00, 1356.35, 520.41, 1341.35, 513.71, 1326.36, 513.71, 1356.35, 513.71, 29.98, 13.41
2.30, 7, white car, 1202.11, 510.36, 1231.78, 523.50, 1216.94, 516.93, 1202.11, 516.93, 1231.78, 516.93, 29.67, 13.14
2.30, 18, black car, 1323.64, 507.00, 1353.87, 520.50, 1338.75, 513.75, 1323.64, 513.75, 1353.87, 513.75, 30.23, 13.50
2.33, 7, white car, 1199.38, 510.47, 1228.48, 523.30, 1213.93, 516.89, 1199.38, 516.89, 1228.48, 516.89, 29.11, 12.84
2.33, 18, black car, 1321.19, 507.28, 1350.78, 520.43, 1335.98, 513.86, 1321.19, 513.86, 1350.78, 513.86, 29.59, 13.15
2.37, 7, white car, 1196.45, 510.43, 1225.87, 523.40, 1211.16, 516.92, 1196.45, 516.92, 1225.87, 516.92, 29.42, 12.97
2.37, 18, black car, 1318.36, 507.51, 1347.83, 520.57, 1333.10, 514.04, 1318.36, 514.04, 1347.83, 514.04, 29.46, 13.06
2.40, 7, white car, 1193.39, 510.49, 1223.29, 523.71, 1208.34, 517.10, 1193.39, 517.10, 1223.29, 517.10, 29.90, 13.22
2.40, 18, black car, 1315.56, 507.64, 1345.36, 520.83, 1330.46, 514.24, 1315.56, 514.24, 1345.36, 514.24, 29.80, 13.19
2.43, 7, white car, 1190.32, 510.73, 1220.08, 523.93, 1205.20, 517.33, 1190.32, 517.33, 1220.08, 517.33, 29.76, 13.20
2.43, 18, black car, 1312.29, 507.57, 1342.37, 520.86, 1327.33, 514.22, 1312.29, 514.22, 1342.37, 514.22, 30.08, 13.30
2.47, 7, white car, 1187.16, 510.70, 1217.03, 523.97, 1202.10, 517.33, 1187.16, 517.33, 1217.03, 517.33, 29.86, 13.26
2.47, 18, black car, 1309.29, 507.67, 1339.78, 521.15, 1324.53, 514.41, 1309.29, 514.41, 1339.78, 514.41, 30.49, 13.48
2.50, 7, white car, 1184.02, 510.87, 1213.86, 524.12, 1198.94, 517.50, 1184.02, 517.50, 1213.86, 517.50, 29.84, 13.25
2.50, 18, black car, 1306.51, 507.67, 1337.34, 521.29, 1321.92, 514.48, 1306.51, 514.48, 1337.34, 514.48, 30.83, 13.63
2.53, 7, white car, 1181.17, 511.10, 1210.75, 524.23, 1195.96, 517.66, 1181.17, 517.66, 1210.75, 517.66, 29.58, 13.14
2.53, 18, black car, 1303.06, 507.63, 1334.54, 521.54, 1318.80, 514.59, 1303.06, 514.59, 1334.54, 514.59, 31.48, 13.91
2.57, 7, white car, 1177.98, 511.04, 1207.94, 524.37, 1192.96, 517.70, 1177.98, 517.70, 1207.94, 517.70, 29.96, 13.33
2.57, 18, black car, 1300.20, 507.89, 1331.39, 521.61, 1315.80, 514.75, 1300.20, 514.75, 1331.39, 514.75, 31.19, 13.72
2.60, 7, white car, 1175.27, 511.29, 1204.79, 524.43, 1190.03, 517.86, 1175.27, 517.86, 1204.79, 517.86, 29.52, 13.14
2.60, 18, black car, 1297.15, 508.33, 1327.78, 521.75, 1312.46, 515.04, 1297.15, 515.04, 1327.78, 515.04, 30.63, 13.42
2.63, 7, white car, 1172.82, 511.58, 1201.83, 524.48, 1187.32, 518.03, 1172.82, 518.03, 1201.83, 518.03, 29.01, 12.90
2.63, 18, black car, 1293.69, 508.39, 1324.02, 521.63, 1308.85, 515.01, 1293.69, 515.01, 1324.02, 515.01, 30.33, 13.24
2.67, 7, white car, 1170.26, 511.77, 1198.48, 524.29, 1184.37, 518.03, 1170.26, 518.03, 1198.48, 518.03, 28.22, 12.51
2.67, 18, black car, 1290.51, 508.59, 1320.62, 521.70, 1305.56, 515.15, 1290.51, 515.15, 1320.62, 515.15, 30.11, 13.11
2.70, 7, white car, 1167.55, 511.83, 1195.49, 524.18, 1181.52, 518.01, 1167.55, 518.01, 1195.49, 518.01, 27.94, 12.35
2.70, 18, black car, 1288.35, 508.54, 1318.76, 521.79, 1303.55, 515.17, 1288.35, 515.17, 1318.76, 515.17, 30.41, 13.25
2.73, 7, white car, 1164.31, 511.63, 1193.16, 524.40, 1178.74, 518.01, 1164.31, 518.01, 1193.16, 518.01, 28.85, 12.76
2.73, 18, black car, 1285.79, 508.45, 1316.46, 521.80, 1301.13, 515.12, 1285.79, 515.12, 1316.46, 515.12, 30.67, 13.35
2.77, 7, white car, 1161.29, 511.82, 1190.05, 524.51, 1175.67, 518.16, 1161.29, 518.16, 1190.05, 518.16, 28.76, 12.69
2.77, 18, black car, 1282.62, 508.57, 1312.48, 521.56, 1297.55, 515.06, 1282.62, 515.06, 1312.48, 515.06, 29.87, 12.98
2.80, 7, white car, 1158.52, 512.08, 1187.16, 524.73, 1172.84, 518.41, 1158.52, 518.41, 1187.16, 518.41, 28.64, 12.64
2.80, 18, black car, 1279.62, 508.67, 1309.86, 521.80, 1294.74, 515.23, 1279.62, 515.23, 1309.86, 515.23, 30.24, 13.13
2.83, 7, white car, 1155.83, 512.01, 1184.58, 524.72, 1170.20, 518.36, 1155.83, 518.36, 1184.58, 518.36, 28.75, 12.71
2.83, 18, black car, 1277.33, 508.90, 1306.85, 521.71, 1292.09, 515.31, 1277.33, 515.31, 1306.85, 515.31, 29.52, 12.81
2.87, 7, white car, 1152.84, 512.17, 1181.96, 525.08, 1167.40, 518.63, 1152.84, 518.63, 1181.96, 518.63, 29.12, 12.91
2.87, 18, black car, 1274.14, 508.76, 1304.11, 521.75, 1289.13, 515.26, 1274.14, 515.26, 1304.11, 515.26, 29.97, 12.99
2.90, 7, white car, 1150.14, 512.24, 1179.26, 525.20, 1164.70, 518.72, 1150.14, 518.72, 1179.26, 518.72, 29.12, 12.97
2.90, 18, black car, 1270.68, 508.67, 1301.28, 521.86, 1285.98, 515.27, 1270.68, 515.27, 1301.28, 515.27, 30.60, 13.19
2.93, 7, white car, 1147.38, 512.42, 1176.16, 525.25, 1161.77, 518.83, 1147.38, 518.83, 1176.16, 518.83, 28.78, 12.83
2.93, 18, black car, 1268.18, 508.82, 1298.25, 521.72, 1283.21, 515.27, 1268.18, 515.27, 1298.25, 515.27, 30.07, 12.90
2.97, 7, white car, 1144.59, 512.39, 1172.88, 524.97, 1158.74, 518.68, 1144.59, 518.68, 1172.88, 518.68, 28.29, 12.58
2.97, 18, black car, 1264.93, 508.78, 1295.67, 521.91, 1280.30, 515.35, 1264.93, 515.35, 1295.67, 515.35, 30.74, 13.13
3.00, 7, white car, 1141.50, 512.17, 1170.09, 524.85, 1155.80, 518.51, 1141.50, 518.51, 1170.09, 518.51, 28.59, 12.68
3.00, 18, black car, 1261.91, 508.76, 1293.22, 522.09, 1277.56, 515.42, 1261.91, 515.42, 1293.22, 515.42, 31.32, 13.34
3.03, 7, white car, 1138.37, 511.99, 1167.62, 524.95, 1152.99, 518.47, 1138.37, 518.47, 1167.62, 518.47, 29.26, 12.97
3.03, 18, black car, 1259.69, 508.69, 1290.86, 521.94, 1275.27, 515.32, 1259.69, 515.32, 1290.86, 515.32, 31.17, 13.25
3.07, 7, white car, 1135.46, 512.13, 1165.05, 525.29, 1150.25, 518.71, 1135.46, 518.71, 1165.05, 518.71, 29.59, 13.17
3.07, 18, black car, 1256.50, 508.68, 1287.80, 521.98, 1272.15, 515.33, 1256.50, 515.33, 1287.80, 515.33, 31.30, 13.30
3.10, 7, white car, 1132.46, 512.36, 1161.84, 525.44, 1147.15, 518.90, 1132.46, 518.90, 1161.84, 518.90, 29.38, 13.08
3.10, 18, black car, 1252.92, 508.85, 1284.08, 522.08, 1268.50, 515.47, 1252.92, 515.47, 1284.08, 515.47, 31.15, 13.23
3.13, 18, black car, 1249.92, 508.96, 1281.31, 522.28, 1265.61, 515.62, 1249.92, 515.62, 1281.31, 515.62, 31.39, 13.32
3.17, 18, black car, 1246.89, 508.86, 1278.18, 522.17, 1262.54, 515.51, 1246.89, 515.51, 1278.18, 515.51, 31.29, 13.31
3.20, 18, black car, 1243.72, 508.97, 1274.91, 522.29, 1259.32, 515.63, 1243.72, 515.63, 1274.91, 515.63, 31.20, 13.32
3.20, 7, white car, 1124.76, 513.15, 1153.56, 525.95, 1139.16, 519.55, 1124.76, 519.55, 1153.56, 519.55, 28.80, 12.80
3.23, 18, black car, 1241.24, 509.29, 1271.63, 522.30, 1256.43, 515.80, 1241.24, 515.80, 1271.63, 515.80, 30.38, 13.01
3.27, 18, black car, 1238.44, 509.47, 1268.49, 522.34, 1253.46, 515.91, 1238.44, 515.91, 1268.49, 515.91, 30.05, 12.87
3.27, 7, white car, 1119.19, 513.53, 1147.59, 526.16, 1133.39, 519.85, 1119.19, 519.85, 1147.59, 519.85, 28.39, 12.63
3.30, 18, black car, 1236.09, 509.70, 1266.18, 522.58, 1251.14, 516.14, 1236.09, 516.14, 1266.18, 516.14, 30.10, 12.89
3.30, 7, white car, 1116.48, 513.96, 1144.65, 526.46, 1130.56, 520.21, 1116.48, 520.21, 1144.65, 520.21, 28.17, 12.50
3.33, 18, black car, 1233.13, 509.77, 1263.52, 522.81, 1248.32, 516.29, 1233.13, 516.29, 1263.52, 516.29, 30.39, 13.04
3.33, 7, white car, 1113.67, 513.64, 1142.47, 526.41, 1128.07, 520.03, 1113.67, 520.03, 1142.47, 520.03, 28.79, 12.77
3.37, 18, black car, 1229.86, 509.83, 1260.27, 522.92, 1245.07, 516.38, 1229.86, 516.38, 1260.27, 516.38, 30.41, 13.09
3.37, 7, white car, 1110.93, 513.79, 1139.81, 526.56, 1125.37, 520.18, 1110.93, 520.18, 1139.81, 520.18, 28.88, 12.77
3.40, 18, black car, 1226.44, 509.92, 1256.68, 522.95, 1241.56, 516.43, 1226.44, 516.43, 1256.68, 516.43, 30.24, 13.03
3.40, 7, white car, 1107.73, 513.78, 1136.88, 526.70, 1122.30, 520.24, 1107.73, 520.24, 1136.88, 520.24, 29.15, 12.92
3.43, 18, black car, 1223.29, 510.19, 1253.24, 523.08, 1238.26, 516.64, 1223.29, 516.64, 1253.24, 516.64, 29.96, 12.88
3.43, 7, white car, 1105.16, 514.10, 1133.67, 526.71, 1119.41, 520.40, 1105.16, 520.40, 1133.67, 520.40, 28.51, 12.61
3.47, 18, black car, 1220.68, 510.32, 1250.86, 523.29, 1235.77, 516.80, 1220.68, 516.80, 1250.86, 516.80, 30.18, 12.98
3.47, 7, white car, 1102.77, 514.56, 1130.40, 526.72, 1116.58, 520.64, 1102.77, 520.64, 1130.40, 520.64, 27.62, 12.16
3.50, 18, black car, 1217.45, 510.44, 1247.90, 523.53, 1232.67, 516.98, 1217.45, 516.98, 1247.90, 516.98, 30.45, 13.08
3.50, 7, white car, 1100.30, 514.58, 1127.93, 526.72, 1114.12, 520.65, 1100.30, 520.65, 1127.93, 520.65, 27.63, 12.13
3.53, 18, black car, 1214.36, 510.39, 1244.67, 523.41, 1229.51, 516.90, 1214.36, 516.90, 1244.67, 516.90, 30.32, 13.02
3.53, 7, white car, 1098.01, 514.93, 1125.19, 526.81, 1111.60, 520.87, 1098.01, 520.87, 1125.19, 520.87, 27.18, 11.88
3.57, 18, black car, 1211.89, 510.53, 1241.48, 523.20, 1226.68, 516.86, 1211.89, 516.86, 1241.48, 516.86, 29.59, 12.68
3.57, 7, white car, 1094.89, 514.93, 1122.33, 526.89, 1108.61, 520.91, 1094.89, 520.91, 1122.33, 520.91, 27.44, 11.97
3.60, 18, black car, 1208.87, 510.73, 1238.73, 523.50, 1223.80, 517.12, 1208.87, 517.12, 1238.73, 517.12, 29.86, 12.78
3.60, 7, white car, 1091.98, 514.81, 1119.91, 526.98, 1105.95, 520.90, 1091.98, 520.90, 1119.91, 520.90, 27.93, 12.17
3.63, 18, black car, 1205.73, 510.84, 1235.82, 523.70, 1220.77, 517.27, 1205.73, 517.27, 1235.82, 517.27, 30.08, 12.86
3.63, 7, white car, 1089.01, 514.94, 1116.93, 527.06, 1102.97, 521.00, 1089.01, 521.00, 1116.93, 521.00, 27.92, 12.12
3.67, 18, black car, 1202.69, 510.75, 1233.39, 523.91, 1218.04, 517.33, 1202.69, 517.33, 1233.39, 517.33, 30.70, 13.16
3.67, 7, white car, 1085.97, 514.93, 1114.72, 527.40, 1100.35, 521.17, 1085.97, 521.17, 1114.72, 521.17, 28.75, 12.47
3.70, 18, black car, 1199.26, 510.51, 1230.09, 523.69, 1214.67, 517.10, 1199.26, 517.10, 1230.09, 517.10, 30.83, 13.18
3.70, 7, white car, 1082.96, 514.95, 1112.40, 527.73, 1097.68, 521.34, 1082.96, 521.34, 1112.40, 521.34, 29.44, 12.78
3.73, 18, black car, 1196.34, 510.67, 1227.17, 523.86, 1211.76, 517.26, 1196.34, 517.26, 1227.17, 517.26, 30.83, 13.20
3.73, 7, white car, 1080.41, 515.30, 1109.87, 528.09, 1095.14, 521.69, 1080.41, 521.69, 1109.87, 521.69, 29.46, 12.79
3.77, 18, black car, 1193.97, 510.79, 1224.91, 524.03, 1209.44, 517.41, 1193.97, 517.41, 1224.91, 517.41, 30.94, 13.25
3.77, 7, white car, 1077.66, 515.43, 1107.04, 528.21, 1092.35, 521.82, 1077.66, 521.82, 1107.04, 521.82, 29.37, 12.78
3.80, 18, black car, 1191.00, 510.98, 1222.44, 524.48, 1206.72, 517.73, 1191.00, 517.73, 1222.44, 517.73, 31.44, 13.50
3.80, 7, white car, 1075.18, 515.73, 1103.85, 528.17, 1089.52, 521.95, 1075.18, 521.95, 1103.85, 521.95, 28.67, 12.44
3.83, 18, black car, 1188.22, 511.14, 1219.79, 524.74, 1204.01, 517.94, 1188.22, 517.94, 1219.79, 517.94, 31.57, 13.60
3.83, 7, white car, 1072.21, 515.91, 1100.92, 528.34, 1086.57, 522.12, 1072.21, 522.12, 1100.92, 522.12, 28.71, 12.43
3.87, 18, black car, 1185.44, 511.08, 1216.22, 524.38, 1200.83, 517.73, 1185.44, 517.73, 1216.22, 517.73, 30.78, 13.30
3.87, 7, white car, 1069.17, 516.16, 1098.39, 528.82, 1083.78, 522.49, 1069.17, 522.49, 1098.39, 522.49, 29.22, 12.66
3.90, 18, black car, 1182.18, 511.22, 1212.77, 524.46, 1197.48, 517.84, 1182.18, 517.84, 1212.77, 517.84, 30.59, 13.24
3.90, 7, white car, 1067.05, 516.41, 1095.77, 528.84, 1081.41, 522.62, 1067.05, 522.62, 1095.77, 522.62, 28.73, 12.43
3.93, 18, black car, 1178.80, 511.25, 1209.27, 524.46, 1194.04, 517.85, 1178.80, 517.85, 1209.27, 517.85, 30.48, 13.21
3.93, 7, white car, 1064.42, 516.50, 1092.99, 528.88, 1078.70, 522.69, 1064.42, 522.69, 1092.99, 522.69, 28.57, 12.38
3.97, 18, black car, 1175.77, 511.24, 1206.74, 524.66, 1191.26, 517.95, 1175.77, 517.95, 1206.74, 517.95, 30.97, 13.42
3.97, 7, white car, 1062.31, 516.82, 1090.11, 528.83, 1076.21, 522.83, 1062.31, 522.83, 1090.11, 522.83, 27.80, 12.02
4.00, 18, black car, 1172.75, 511.21, 1204.10, 524.80, 1188.42, 518.01, 1172.75, 518.01, 1204.10, 518.01, 31.35, 13.59
4.00, 7, white car, 1059.63, 517.11, 1086.87, 528.85, 1073.25, 522.98, 1059.63, 522.98, 1086.87, 522.98, 27.24, 11.74
4.03, 18, black car, 1170.24, 511.35, 1201.17, 524.74, 1185.70, 518.04, 1170.24, 518.04, 1201.17, 518.04, 30.93, 13.38
4.03, 7, white car, 1057.06, 517.53, 1084.42, 529.33, 1070.74, 523.43, 1057.06, 523.43, 1084.42, 523.43, 27.36, 11.80
4.07, 18, black car, 1168.20, 511.60, 1198.79, 524.85, 1183.50, 518.22, 1168.20, 518.22, 1198.79, 518.22, 30.59, 13.25
4.07, 7, white car, 1054.34, 517.60, 1082.21, 529.58, 1068.27, 523.59, 1054.34, 523.59, 1082.21, 523.59, 27.87, 11.99
4.10, 18, black car, 1165.56, 511.68, 1195.52, 524.67, 1180.54, 518.18, 1165.56, 518.18, 1195.52, 518.18, 29.96, 12.99
4.10, 7, white car, 1051.46, 517.66, 1079.61, 529.73, 1065.54, 523.70, 1051.46, 523.70, 1079.61, 523.70, 28.15, 12.08
4.13, 18, black car, 1161.77, 512.09, 1191.92, 525.14, 1176.85, 518.62, 1161.77, 518.62, 1191.92, 518.62, 30.15, 13.05
4.13, 7, white car, 1049.06, 517.82, 1077.16, 529.84, 1063.11, 523.83, 1049.06, 523.83, 1077.16, 523.83, 28.10, 12.02
4.17, 18, black car, 1158.21, 511.84, 1189.25, 525.28, 1173.73, 518.56, 1158.21, 518.56, 1189.25, 518.56, 31.04, 13.44
4.17, 7, white car, 1046.39, 517.93, 1074.52, 529.93, 1060.46, 523.93, 1046.39, 523.93, 1074.52, 523.93, 28.14, 12.00
4.20, 18, black car, 1154.85, 512.07, 1185.85, 525.54, 1170.35, 518.80, 1154.85, 518.80, 1185.85, 518.80, 31.00, 13.47
4.20, 7, white car, 1043.38, 518.10, 1071.38, 530.03, 1057.38, 524.06, 1043.38, 524.06, 1071.38, 524.06, 28.00, 11.93
4.23, 18, black car, 1152.46, 512.28, 1183.53, 525.88, 1167.99, 519.08, 1152.46, 519.08, 1183.53, 519.08, 31.08, 13.60
4.23, 7, white car, 1040.77, 518.44, 1069.03, 530.45, 1054.90, 524.44, 1040.77, 524.44, 1069.03, 524.44, 28.26, 12.01
4.27, 18, black car, 1150.39, 512.26, 1181.01, 525.74, 1165.70, 519.00, 1150.39, 519.00, 1181.01, 519.00, 30.62, 13.48
4.27, 7, white car, 1038.36, 518.58, 1066.85, 530.70, 1052.61, 524.64, 1038.36, 524.64, 1066.85, 524.64, 28.49, 12.12
4.30, 18, black car, 1147.97, 512.20, 1178.75, 525.81, 1163.36, 519.00, 1147.97, 519.00, 1178.75, 519.00, 30.78, 13.61
4.30, 7, white car, 1035.74, 518.66, 1064.32, 530.85, 1050.03, 524.75, 1035.74, 524.75, 1064.32, 524.75, 28.58, 12.19
4.33, 18, black car, 1143.68, 512.09, 1174.82, 525.86, 1159.25, 518.98, 1143.68, 518.98, 1174.82, 518.98, 31.14, 13.77
4.33, 7, white car, 1032.78, 518.82, 1061.71, 531.20, 1047.24, 525.01, 1032.78, 525.01, 1061.71, 525.01, 28.93, 12.38
4.37, 18, black car, 1140.50, 512.11, 1171.50, 525.80, 1156.00, 518.96, 1140.50, 518.96, 1171.50, 518.96, 31.00, 13.70
4.40, 18, black car, 1137.61, 512.01, 1169.10, 525.96, 1153.35, 518.98, 1137.61, 518.98, 1169.10, 518.98, 31.49, 13.95
4.40, 7, white car, 1028.13, 519.35, 1056.76, 531.61, 1042.45, 525.48, 1028.13, 525.48, 1056.76, 525.48, 28.64, 12.26
4.43, 18, black car, 1135.23, 512.12, 1166.69, 526.14, 1150.96, 519.13, 1135.23, 519.13, 1166.69, 519.13, 31.47, 14.03
4.43, 7, white car, 1025.27, 519.45, 1054.27, 531.87, 1039.77, 525.66, 1025.27, 525.66, 1054.27, 525.66, 29.01, 12.42
4.47, 18, black car, 1133.42, 512.16, 1164.49, 526.09, 1148.96, 519.13, 1133.42, 519.13, 1164.49, 519.13, 31.07, 13.93
4.47, 7, white car, 1021.81, 519.52, 1051.58, 532.24, 1036.70, 525.88, 1021.81, 525.88, 1051.58, 525.88, 29.77, 12.73
4.50, 18, black car, 1129.51, 512.16, 1161.06, 526.36, 1145.28, 519.26, 1129.51, 519.26, 1161.06, 519.26, 31.55, 14.20
4.50, 7, white car, 1019.28, 519.61, 1049.28, 532.43, 1034.28, 526.02, 1019.28, 526.02, 1049.28, 526.02, 29.99, 12.82
4.53, 18, black car, 1126.31, 512.59, 1157.26, 526.58, 1141.79, 519.58, 1126.31, 519.58, 1157.26, 519.58, 30.95, 13.99
4.53, 7, white car, 1016.71, 519.83, 1046.59, 532.60, 1031.65, 526.22, 1016.71, 526.22, 1046.59, 526.22, 29.88, 12.77
4.57, 18, black car, 1124.07, 513.23, 1154.47, 527.01, 1139.27, 520.12, 1124.07, 520.12, 1154.47, 520.12, 30.40, 13.78
4.57, 7, white car, 1014.39, 520.20, 1044.39, 532.97, 1029.39, 526.58, 1014.39, 526.58, 1044.39, 526.58, 30.00, 12.77
4.60, 18, black car, 1120.78, 513.72, 1150.77, 527.28, 1135.78, 520.50, 1120.78, 520.50, 1150.77, 520.50, 29.99, 13.56
4.60, 7, white car, 1012.36, 520.63, 1041.97, 533.24, 1027.17, 526.94, 1012.36, 526.94, 1041.97, 526.94, 29.62, 12.61
4.63, 18, black car, 1117.66, 514.42, 1147.47, 527.89, 1132.57, 521.15, 1117.66, 521.15, 1147.47, 521.15, 29.81, 13.47
4.63, 7, white car, 1009.92, 521.18, 1038.76, 533.49, 1024.34, 527.34, 1009.92, 527.34, 1038.76, 527.34, 28.84, 12.31
4.67, 18, black car, 1114.99, 514.21, 1144.61, 527.62, 1129.80, 520.91, 1114.99, 520.91, 1144.61, 520.91, 29.62, 13.40
4.67, 7, white car, 1007.71, 521.19, 1036.24, 533.39, 1021.97, 527.29, 1007.71, 527.29, 1036.24, 527.29, 28.53, 12.20
4.70, 18, black car, 1112.51, 513.94, 1142.85, 527.68, 1127.68, 520.81, 1112.51, 520.81, 1142.85, 520.81, 30.34, 13.75
4.70, 7, white car, 1004.80, 521.12, 1034.55, 533.93, 1019.68, 527.52, 1004.80, 527.52, 1034.55, 527.52, 29.75, 12.80
4.73, 18, black car, 1109.89, 513.92, 1140.65, 527.84, 1125.27, 520.88, 1109.89, 520.88, 1140.65, 520.88, 30.76, 13.92
4.73, 7, white car, 1002.12, 521.13, 1032.36, 534.22, 1017.24, 527.67, 1002.12, 527.67, 1032.36, 527.67, 30.24, 13.09
4.77, 18, black car, 1107.72, 514.31, 1137.93, 527.95, 1122.83, 521.13, 1107.72, 521.13, 1137.93, 521.13, 30.22, 13.64
4.77, 7, white car, 1000.20, 521.20, 1030.25, 534.23, 1015.23, 527.72, 1000.20, 527.72, 1030.25, 527.72, 30.05, 13.03
4.80, 18, black car, 1103.88, 514.53, 1133.87, 528.05, 1118.87, 521.29, 1103.88, 521.29, 1133.87, 521.29, 29.99, 13.52
4.80, 7, white car, 998.30, 521.62, 1028.08, 534.54, 1013.19, 528.08, 998.30, 528.08, 1028.08, 528.08, 29.78, 12.93
4.83, 18, black car, 1100.22, 514.69, 1129.88, 528.02, 1115.05, 521.35, 1100.22, 521.35, 1129.88, 521.35, 29.66, 13.33
4.83, 7, white car, 996.09, 522.08, 1025.19, 534.73, 1010.64, 528.41, 996.09, 528.41, 1025.19, 528.41, 29.10, 12.65
4.87, 18, black car, 1097.25, 514.72, 1126.09, 527.64, 1111.67, 521.18, 1097.25, 521.18, 1126.09, 521.18, 28.84, 12.92
4.87, 7, white car, 992.84, 522.14, 1022.59, 535.09, 1007.72, 528.61, 992.84, 528.61, 1022.59, 528.61, 29.75, 12.96
4.90, 18, black car, 1094.21, 514.41, 1124.18, 527.85, 1109.20, 521.13, 1094.21, 521.13, 1124.18, 521.13, 29.97, 13.44
4.90, 7, white car, 990.18, 522.45, 1019.88, 535.40, 1005.03, 528.93, 990.18, 528.93, 1019.88, 528.93, 29.70, 12.95
4.93, 18, black car, 1091.30, 514.24, 1122.27, 528.09, 1106.79, 521.16, 1091.30, 521.16, 1122.27, 521.16, 30.98, 13.85
4.93, 7, white car, 987.79, 522.64, 1017.45, 535.58, 1002.62, 529.11, 987.79, 529.11, 1017.45, 529.11, 29.66, 12.93
4.97, 18, black car, 1087.56, 513.62, 1119.09, 527.77, 1103.32, 520.69, 1087.56, 520.69, 1119.09, 520.69, 31.53, 14.15
4.97, 7, white car, 985.37, 522.58, 1015.85, 535.92, 1000.61, 529.25, 985.37, 529.25, 1015.85, 529.25, 30.48, 13.34
5.00, 18, black car, 1084.56, 513.26, 1116.15, 527.49, 1100.36, 520.37, 1084.56, 520.37, 1116.15, 520.37, 31.60, 14.22
5.00, 7, white car, 982.41, 522.62, 1013.34, 536.23, 997.87, 529.43, 982.41, 529.43, 1013.34, 529.43, 30.93, 13.61
5.03, 18, black car, 1081.13, 513.23, 1113.09, 527.62, 1097.11, 520.42, 1081.13, 520.42, 1113.09, 520.42, 31.96, 14.39
5.03, 7, white car, 980.01, 523.00, 1010.53, 536.53, 995.27, 529.77, 980.01, 529.77, 1010.53, 529.77, 30.53, 13.53
5.07, 18, black car, 1078.31, 513.35, 1110.53, 527.85, 1094.42, 520.60, 1078.31, 520.60, 1110.53, 520.60, 32.22, 14.50
5.07, 7, white car, 977.06, 523.24, 1007.84, 536.97, 992.45, 530.10, 977.06, 530.10, 1007.84, 530.10, 30.78, 13.73
5.10, 18, black car, 1076.08, 513.62, 1107.93, 527.96, 1092.01, 520.79, 1076.08, 520.79, 1107.93, 520.79, 31.85, 14.33
5.10, 7, white car, 974.64, 523.18, 1005.88, 537.18, 990.26, 530.18, 974.64, 530.18, 1005.88, 530.18, 31.24, 14.00
5.13, 18, black car, 1072.71, 514.14, 1104.08, 528.27, 1088.39, 521.20, 1072.71, 521.20, 1104.08, 521.20, 31.37, 14.13
5.13, 7, white car, 972.34, 523.49, 1003.54, 537.51, 987.94, 530.50, 972.34, 530.50, 1003.54, 530.50, 31.20, 14.02
5.17, 18, black car, 1069.14, 514.13, 1100.62, 528.35, 1084.88, 521.24, 1069.14, 521.24, 1100.62, 521.24, 31.48, 14.22
5.17, 7, white car, 969.95, 523.67, 1001.06, 537.69, 985.51, 530.68, 969.95, 530.68, 1001.06, 530.68, 31.11, 14.02
5.20, 18, black car, 1066.15, 514.18, 1098.55, 528.91, 1082.35, 521.54, 1066.15, 521.54, 1098.55, 521.54, 32.40, 14.73
5.20, 7, white car, 967.38, 523.95, 998.24, 537.93, 982.81, 530.94, 967.38, 530.94, 998.24, 530.94, 30.86, 13.97
5.23, 18, black car, 1063.70, 514.65, 1094.88, 528.86, 1079.29, 521.75, 1063.70, 521.75, 1094.88, 521.75, 31.18, 14.21
5.23, 7, white car, 964.78, 524.18, 995.39, 538.11, 980.08, 531.14, 964.78, 531.14, 995.39, 531.14, 30.61, 13.94
5.27, 18, black car, 1061.22, 514.96, 1091.46, 528.74, 1076.34, 521.85, 1061.22, 521.85, 1091.46, 521.85, 30.24, 13.78
5.27, 7, white car, 962.60, 524.53, 992.80, 538.31, 977.70, 531.42, 962.60, 531.42, 992.80, 531.42, 30.20, 13.78
5.30, 18, black car, 1058.32, 515.20, 1087.93, 528.69, 1073.13, 521.94, 1058.32, 521.94, 1087.93, 521.94, 29.61, 13.49
5.30, 7, white car, 960.28, 524.96, 990.13, 538.62, 975.20, 531.79, 960.28, 531.79, 990.13, 531.79, 29.85, 13.65
5.33, 18, black car, 1055.42, 515.41, 1085.21, 528.98, 1070.31, 522.19, 1055.42, 522.19, 1085.21, 522.19, 29.79, 13.57
5.33, 7, white car, 957.58, 525.28, 987.37, 538.95, 972.48, 532.12, 957.58, 532.12, 987.37, 532.12, 29.79, 13.67
5.37, 18, black car, 1052.15, 515.59, 1082.70, 529.46, 1067.42, 522.53, 1052.15, 522.53, 1082.70, 522.53, 30.55, 13.87
5.37, 7, white car, 955.55, 525.58, 985.15, 539.19, 970.35, 532.38, 955.55, 532.38, 985.15, 532.38, 29.60, 13.61
5.40, 18, black car, 1049.01, 515.79, 1079.58, 529.64, 1064.30, 522.72, 1049.01, 522.72, 1079.58, 522.72, 30.57, 13.85
5.40, 7, white car, 953.38, 525.87, 982.75, 539.39, 968.06, 532.63, 953.38, 532.63, 982.75, 532.63, 29.37, 13.52
5.43, 18, black car, 1046.59, 515.98, 1076.84, 529.70, 1061.71, 522.84, 1046.59, 522.84, 1076.84, 522.84, 30.24, 13.72
5.43, 7, white car, 950.67, 525.97, 980.11, 539.56, 965.39, 532.77, 950.67, 532.77, 980.11, 532.77, 29.44, 13.59
5.47, 18, black car, 1043.30, 515.99, 1073.07, 529.51, 1058.19, 522.75, 1043.30, 522.75, 1073.07, 522.75, 29.77, 13.52
5.47, 7, white car, 948.34, 526.18, 977.39, 539.58, 962.86, 532.88, 948.34, 532.88, 977.39, 532.88, 29.05, 13.40
5.50, 18, black car, 1040.27, 515.95, 1069.56, 529.27, 1054.92, 522.61, 1040.27, 522.61, 1069.56, 522.61, 29.29, 13.32
5.50, 7, white car, 945.71, 526.27, 974.81, 539.69, 960.26, 532.98, 945.71, 532.98, 974.81, 532.98, 29.10, 13.42
5.53, 18, black car, 1037.25, 516.07, 1066.48, 529.35, 1051.86, 522.71, 1037.25, 522.71, 1066.48, 522.71, 29.23, 13.28
5.53, 7, white car, 943.33, 526.35, 972.55, 539.84, 957.94, 533.09, 943.33, 533.09, 972.55, 533.09, 29.21, 13.50
5.57, 18, black car, 1033.46, 516.36, 1062.49, 529.55, 1047.97, 522.95, 1033.46, 522.95, 1062.49, 522.95, 29.03, 13.19
5.57, 7, white car, 940.87, 526.52, 970.48, 540.22, 955.67, 533.37, 940.87, 533.37, 970.48, 533.37, 29.61, 13.70
5.60, 18, black car, 1029.55, 516.10, 1060.24, 530.10, 1044.89, 523.10, 1029.55, 523.10, 1060.24, 523.10, 30.69, 14.00
5.60, 7, white car, 938.25, 526.60, 968.22, 540.52, 953.23, 533.56, 938.25, 533.56, 968.22, 533.56, 29.97, 13.91
5.63, 18, black car, 1027.18, 516.47, 1057.13, 530.16, 1042.16, 523.31, 1027.18, 523.31, 1057.13, 523.31, 29.95, 13.69
5.63, 7, white car, 935.99, 526.70, 965.77, 540.54, 950.88, 533.62, 935.99, 533.62, 965.77, 533.62, 29.78, 13.84
5.67, 18, black car, 1025.50, 516.78, 1054.84, 530.28, 1040.17, 523.53, 1025.50, 523.53, 1054.84, 523.53, 29.34, 13.50
5.67, 7, white car, 933.51, 526.95, 962.91, 540.62, 948.21, 533.78, 933.51, 533.78, 962.91, 533.78, 29.41, 13.67
5.70, 18, black car, 1023.20, 516.57, 1052.39, 530.09, 1037.79, 523.33, 1023.20, 523.33, 1052.39, 523.33, 29.20, 13.53
5.70, 7, white car, 931.13, 527.12, 960.35, 540.68, 945.74, 533.90, 931.13, 533.90, 960.35, 533.90, 29.22, 13.57
5.73, 18, black car, 1019.82, 516.45, 1049.75, 530.33, 1034.79, 523.39, 1019.82, 523.39, 1049.75, 523.39, 29.93, 13.89
5.77, 18, black car, 1017.05, 516.48, 1046.88, 530.34, 1031.97, 523.41, 1017.05, 523.41, 1046.88, 523.41, 29.83, 13.86
5.80, 18, black car, 1013.18, 516.49, 1043.40, 530.49, 1028.29, 523.49, 1013.18, 523.49, 1043.40, 523.49, 30.22, 14.00
5.83, 18, black car, 1008.90, 516.55, 1039.46, 530.68, 1024.18, 523.61, 1008.90, 523.61, 1039.46, 523.61, 30.55, 14.13
5.87, 18, black car, 1005.43, 516.74, 1035.71, 530.78, 1020.57, 523.76, 1005.43, 523.76, 1035.71, 523.76, 30.28, 14.04
5.90, 18, black car, 1002.40, 516.74, 1032.73, 530.87, 1017.57, 523.81, 1002.40, 523.81, 1032.73, 523.81, 30.33, 14.14
5.93, 18, black car, 1000.38, 517.20, 1029.77, 530.81, 1015.07, 524.01, 1000.38, 524.01, 1029.77, 524.01, 29.39, 13.61
5.97, 18, black car, 998.54, 517.04, 1027.90, 530.60, 1013.22, 523.82, 998.54, 523.82, 1027.90, 523.82, 29.36, 13.56
6.00, 18, black car, 995.46, 517.06, 1025.33, 530.81, 1010.40, 523.93, 995.46, 523.93, 1025.33, 523.93, 29.87, 13.75
6.03, 18, black car, 993.01, 517.07, 1023.63, 531.15, 1008.32, 524.11, 993.01, 524.11, 1023.63, 524.11, 30.62, 14.08
6.07, 18, black car, 990.00, 516.86, 1020.92, 531.06, 1005.46, 523.96, 990.00, 523.96, 1020.92, 523.96, 30.93, 14.20
6.10, 18, black car, 986.29, 516.95, 1016.83, 531.00, 1001.56, 523.98, 986.29, 523.98, 1016.83, 523.98, 30.53, 14.05
6.13, 18, black car, 982.84, 516.91, 1013.53, 531.06, 998.18, 523.98, 982.84, 523.98, 1013.53, 523.98, 30.68, 14.16
6.17, 18, black car, 979.53, 516.91, 1010.32, 531.16, 994.92, 524.04, 979.53, 524.04, 1010.32, 524.04, 30.80, 14.25
6.20, 18, black car, 976.18, 516.75, 1007.11, 531.10, 991.65, 523.92, 976.18, 523.92, 1007.11, 523.92, 30.94, 14.35
6.23, 18, black car, 974.01, 516.78, 1004.67, 531.00, 989.34, 523.89, 974.01, 523.89, 1004.67, 523.89, 30.65, 14.22
6.27, 18, black car, 971.26, 517.11, 1001.41, 531.16, 986.34, 524.13, 971.26, 524.13, 1001.41, 524.13, 30.14, 14.04
6.30, 18, black car, 967.51, 517.15, 997.96, 531.34, 982.73, 524.24, 967.51, 524.24, 997.96, 524.24, 30.45, 14.19
6.33, 18, black car, 963.45, 517.42, 993.80, 531.52, 978.62, 524.47, 963.45, 524.47, 993.80, 524.47, 30.36, 14.10
6.37, 18, black car, 960.24, 517.52, 990.01, 531.31, 975.13, 524.42, 960.24, 524.42, 990.01, 524.42, 29.77, 13.80
6.40, 18, black car, 957.87, 517.54, 987.45, 531.19, 972.66, 524.37, 957.87, 524.37, 987.45, 524.37, 29.58, 13.65
6.43, 18, black car, 955.86, 517.34, 985.51, 531.00, 970.68, 524.17, 955.86, 524.17, 985.51, 524.17, 29.65, 13.67
6.47, 18, black car, 952.70, 517.16, 982.41, 530.82, 967.55, 523.99, 952.70, 523.99, 982.41, 523.99, 29.71, 13.66
6.50, 18, black car, 949.23, 517.61, 978.62, 531.12, 963.92, 524.36, 949.23, 524.36, 978.62, 524.36, 29.39, 13.51
6.53, 18, black car, 945.58, 517.40, 975.43, 531.16, 960.51, 524.28, 945.58, 524.28, 975.43, 524.28, 29.85, 13.76
6.57, 18, black car, 942.65, 517.94, 972.15, 531.60, 957.40, 524.77, 942.65, 524.77, 972.15, 524.77, 29.50, 13.66
6.60, 18, black car, 938.45, 517.71, 968.47, 531.65, 953.46, 524.68, 938.45, 524.68, 968.47, 524.68, 30.02, 13.94
6.63, 18, black car, 935.50, 517.71, 965.48, 531.64, 950.49, 524.68, 935.50, 524.68, 965.48, 524.68, 29.99, 13.94
6.67, 18, black car, 932.84, 517.58, 962.65, 531.45, 947.74, 524.51, 932.84, 524.51, 962.65, 524.51, 29.81, 13.87
6.70, 18, black car, 930.80, 517.78, 960.47, 531.58, 945.63, 524.68, 930.80, 524.68, 960.47, 524.68, 29.67, 13.80
6.73, 18, black car, 928.34, 517.96, 957.62, 531.53, 942.98, 524.74, 928.34, 524.74, 957.62, 524.74, 29.28, 13.58
6.77, 18, black car, 924.69, 518.20, 953.58, 531.57, 939.13, 524.88, 924.69, 524.88, 953.58, 524.88, 28.89, 13.37
6.80, 18, black car, 922.00, 518.46, 950.68, 531.70, 936.34, 525.08, 922.00, 525.08, 950.68, 525.08, 28.68, 13.23
6.83, 18, black car, 917.86, 517.96, 947.58, 531.70, 932.72, 524.83, 917.86, 524.83, 947.58, 524.83, 29.73, 13.73
6.87, 18, black car, 914.90, 517.80, 945.07, 531.76, 929.98, 524.78, 914.90, 524.78, 945.07, 524.78, 30.18, 13.96
6.90, 18, black car, 912.54, 517.89, 942.03, 531.56, 927.28, 524.72, 912.54, 524.72, 942.03, 524.72, 29.49, 13.68
6.93, 18, black car, 909.84, 517.75, 939.34, 531.47, 924.59, 524.61, 909.84, 524.61, 939.34, 524.61, 29.50, 13.71
6.97, 18, black car, 907.01, 517.86, 937.11, 531.90, 922.06, 524.88, 907.01, 524.88, 937.11, 524.88, 30.10, 14.04
7.00, 18, black car, 901.81, 517.97, 932.58, 532.29, 917.19, 525.13, 901.81, 525.13, 932.58, 525.13, 30.77, 14.32
7.03, 18, black car, 898.80, 518.28, 929.03, 532.34, 913.92, 525.31, 898.80, 525.31, 929.03, 525.31, 30.22, 14.07
7.07, 18, black car, 894.96, 518.50, 925.25, 532.64, 910.10, 525.57, 894.96, 525.57, 925.25, 525.57, 30.29, 14.14
7.10, 18, black car, 892.78, 518.88, 922.42, 532.85, 907.60, 525.87, 892.78, 525.87, 922.42, 525.87, 29.64, 13.97
7.13, 18, black car, 889.87, 518.83, 919.87, 532.99, 904.87, 525.91, 889.87, 525.91, 919.87, 525.91, 29.99, 14.17
7.17, 18, black car, 887.17, 518.50, 917.89, 533.00, 902.53, 525.75, 887.17, 525.75, 917.89, 525.75, 30.71, 14.50
7.20, 18, black car, 884.50, 518.43, 914.82, 532.81, 899.66, 525.62, 884.50, 525.62, 914.82, 525.62, 30.32, 14.38
7.23, 18, black car, 881.86, 518.62, 912.07, 533.09, 896.96, 525.85, 881.86, 525.85, 912.07, 525.85, 30.20, 14.47
7.27, 18, black car, 878.45, 518.55, 908.64, 533.09, 893.55, 525.82, 878.45, 525.82, 908.64, 525.82, 30.19, 14.54
7.30, 18, black car, 875.49, 518.92, 904.97, 533.14, 890.23, 526.03, 875.49, 526.03, 904.97, 526.03, 29.48, 14.22
7.33, 18, black car, 872.45, 519.22, 901.25, 533.06, 886.85, 526.14, 872.45, 526.14, 901.25, 526.14, 28.80, 13.84
7.37, 18, black car, 869.90, 519.70, 898.20, 533.26, 884.05, 526.48, 869.90, 526.48, 898.20, 526.48, 28.30, 13.55
7.40, 18, black car, 867.42, 519.93, 895.14, 533.20, 881.28, 526.56, 867.42, 526.56, 895.14, 526.56, 27.72, 13.27
7.43, 18, black car, 864.31, 519.77, 891.88, 532.96, 878.10, 526.37, 864.31, 526.37, 891.88, 526.37, 27.57, 13.19
7.47, 18, black car, 860.13, 519.52, 888.47, 533.06, 874.30, 526.29, 860.13, 526.29, 888.47, 526.29, 28.35, 13.54
7.50, 18, black car, 857.18, 519.54, 885.22, 532.97, 871.20, 526.26, 857.18, 526.26, 885.22, 526.26, 28.04, 13.43
7.53, 18, black car, 853.56, 519.66, 881.37, 533.04, 867.47, 526.35, 853.56, 526.35, 881.37, 526.35, 27.81, 13.38
7.57, 18, black car, 850.15, 519.59, 878.12, 533.13, 864.13, 526.36, 850.15, 526.36, 878.12, 526.36, 27.97, 13.54
7.60, 18, black car, 847.48, 519.62, 875.60, 533.29, 861.54, 526.45, 847.48, 526.45, 875.60, 526.45, 28.12, 13.67
7.63, 18, black car, 843.78, 519.46, 872.30, 533.30, 858.04, 526.38, 843.78, 526.38, 872.30, 526.38, 28.52, 13.85
7.67, 18, black car, 840.00, 519.28, 869.03, 533.40, 854.51, 526.34, 840.00, 526.34, 869.03, 526.34, 29.03, 14.12
7.70, 18, black car, 836.88, 519.26, 865.97, 533.43, 851.43, 526.34, 836.88, 526.34, 865.97, 526.34, 29.09, 14.16
7.73, 18, black car, 834.31, 519.47, 863.02, 533.42, 848.66, 526.45, 834.31, 526.45, 863.02, 526.45, 28.71, 13.95
7.77, 18, black car, 832.27, 519.89, 860.61, 533.66, 846.44, 526.77, 832.27, 526.77, 860.61, 526.77, 28.34, 13.77
7.80, 18, black car, 829.53, 519.97, 857.47, 533.56, 843.50, 526.76, 829.53, 526.76, 857.47, 526.76, 27.94, 13.59
7.83, 18, black car, 825.68, 519.97, 853.90, 533.69, 839.79, 526.83, 825.68, 526.83, 853.90, 526.83, 28.22, 13.72
7.87, 18, black car, 822.23, 520.08, 850.94, 533.99, 836.58, 527.04, 822.23, 527.04, 850.94, 527.04, 28.71, 13.91
7.90, 18, black car, 818.29, 520.03, 847.36, 534.01, 832.82, 527.02, 818.29, 527.02, 847.36, 527.02, 29.07, 13.98
7.93, 18, black car, 815.09, 519.85, 844.32, 533.81, 829.71, 526.83, 815.09, 526.83, 844.32, 526.83, 29.23, 13.96
7.97, 18, black car, 812.19, 519.75, 841.22, 533.60, 826.70, 526.67, 812.19, 526.67, 841.22, 526.67, 29.03, 13.85
8.00, 18, black car, 809.38, 519.76, 838.83, 533.82, 824.11, 526.79, 809.38, 526.79, 838.83, 526.79, 29.46, 14.06
8.03, 18, black car, 805.46, 519.79, 835.28, 534.01, 820.37, 526.90, 805.46, 526.90, 835.28, 526.90, 29.82, 14.22
8.07, 18, black car, 802.97, 519.91, 832.59, 534.01, 817.78, 526.96, 802.97, 526.96, 832.59, 526.96, 29.62, 14.10
8.10, 18, black car, 800.09, 520.05, 829.23, 533.89, 814.66, 526.97, 800.09, 526.97, 829.23, 526.97, 29.14, 13.84
8.13, 18, black car, 796.37, 519.76, 825.83, 533.81, 811.10, 526.79, 796.37, 526.79, 825.83, 526.79, 29.46, 14.05
8.17, 18, black car, 793.11, 519.47, 823.10, 533.86, 808.10, 526.67, 793.11, 526.67, 823.10, 526.67, 29.99, 14.38
8.20, 18, black car, 790.90, 519.36, 820.44, 533.63, 805.67, 526.50, 790.90, 526.50, 820.44, 526.50, 29.54, 14.27
8.23, 18, black car, 788.06, 519.26, 817.29, 533.40, 802.68, 526.33, 788.06, 526.33, 817.29, 526.33, 29.23, 14.13
8.27, 18, black car, 785.42, 519.55, 813.79, 533.25, 799.61, 526.40, 785.42, 526.40, 813.79, 526.40, 28.36, 13.69
8.30, 18, black car, 782.81, 520.00, 811.01, 533.59, 796.91, 526.79, 782.81, 526.79, 811.01, 526.79, 28.19, 13.59
8.33, 18, black car, 780.45, 520.16, 807.97, 533.46, 794.21, 526.81, 780.45, 526.81, 807.97, 526.81, 27.52, 13.30
8.43, 18, black car, 770.17, 520.25, 797.14, 533.28, 783.66, 526.77, 770.17, 526.77, 797.14, 526.77, 26.97, 13.03
8.47, 18, black car, 767.12, 520.22, 793.98, 533.20, 780.55, 526.71, 767.12, 526.71, 793.98, 526.71, 26.86, 12.98
8.50, 18, black car, 763.18, 519.89, 790.50, 533.05, 776.84, 526.47, 763.18, 526.47, 790.50, 526.47, 27.33, 13.16
8.53, 18, black car, 759.85, 519.86, 787.44, 533.03, 773.65, 526.44, 759.85, 526.44, 787.44, 526.44, 27.58, 13.17
8.57, 18, black car, 756.39, 520.09, 783.64, 533.05, 770.01, 526.57, 756.39, 526.57, 783.64, 526.57, 27.25, 12.96
8.60, 18, black car, 753.82, 520.27, 780.45, 532.93, 767.13, 526.60, 753.82, 526.60, 780.45, 526.60, 26.63, 12.66
8.90, 18, black car, 725.91, 519.79, 752.44, 532.33, 739.18, 526.06, 725.91, 526.06, 752.44, 526.06, 26.53, 12.54
9.03, 18, black car, 712.53, 519.48, 739.03, 531.95, 725.78, 525.71, 712.53, 525.71, 739.03, 525.71, 26.50, 12.47
9.07, 18, black car, 709.20, 519.18, 736.09, 531.75, 722.65, 525.46, 709.20, 525.46, 736.09, 525.46, 26.89, 12.56
9.10, 18, black car, 707.02, 519.32, 733.66, 531.77, 720.34, 525.54, 707.02, 525.54, 733.66, 525.54, 26.64, 12.45
9.70, 18, black car, 648.77, 518.97, 676.12, 531.46, 662.44, 525.22, 648.77, 525.22, 676.12, 525.22, 27.36, 12.49
9.97, 18, black car, 623.33, 518.23, 650.86, 530.76, 637.10, 524.50, 623.33, 524.50, 650.86, 524.50, 27.53, 12.54
