0.00, 18, white car, 518.68, 497.56, 548.88, 510.58, 533.78, 504.07, 518.68, 504.07, 548.88, 504.07, 30.20, 13.02
0.00, 45, black car, 304.06, 482.67, 333.11, 496.14, 318.58, 489.41, 304.06, 489.41, 333.11, 489.41, 29.05, 13.47
0.03, 18, white car, 517.07, 497.67, 547.38, 510.74, 532.22, 504.20, 517.07, 504.20, 547.38, 504.20, 30.31, 13.07
0.03, 45, black car, 301.60, 482.58, 330.40, 495.93, 316.00, 489.25, 301.60, 489.25, 330.40, 489.25, 28.80, 13.35
0.07, 18, white car, 514.76, 497.62, 545.35, 510.83, 530.06, 504.23, 514.76, 504.23, 545.35, 504.23, 30.59, 13.20
0.07, 45, black car, 298.70, 482.18, 327.97, 495.75, 313.34, 488.97, 298.70, 488.97, 327.97, 488.97, 29.27, 13.57
0.07, 48, white car, 1407.60, 511.08, 1437.96, 524.03, 1422.78, 517.56, 1407.60, 517.56, 1437.96, 517.56, 30.36, 12.95
0.10, 18, white car, 512.22, 497.74, 542.84, 510.96, 527.53, 504.35, 512.22, 504.35, 542.84, 504.35, 30.62, 13.22
0.10, 45, black car, 298.34, 482.74, 326.53, 495.80, 312.44, 489.27, 298.34, 489.27, 326.53, 489.27, 28.19, 13.06
0.10, 48, white car, 1404.62, 511.24, 1435.09, 524.26, 1419.85, 517.75, 1404.62, 517.75, 1435.09, 517.75, 30.47, 13.02
0.13, 18, white car, 509.95, 497.53, 540.83, 510.86, 525.39, 504.20, 509.95, 504.20, 540.83, 504.20, 30.88, 13.33
0.13, 45, black car, 295.15, 482.32, 323.35, 495.40, 309.25, 488.86, 295.15, 488.86, 323.35, 488.86, 28.20, 13.08
0.13, 48, white car, 1401.05, 511.07, 1431.87, 524.25, 1416.46, 517.66, 1401.05, 517.66, 1431.87, 517.66, 30.82, 13.17
0.17, 18, white car, 507.31, 497.29, 538.22, 510.63, 522.77, 503.96, 507.31, 503.96, 538.22, 503.96, 30.91, 13.34
0.17, 45, black car, 292.46, 481.79, 321.25, 495.16, 306.86, 488.47, 292.46, 488.47, 321.25, 488.47, 28.79, 13.37
0.17, 48, white car, 1398.17, 511.31, 1428.45, 524.25, 1413.31, 517.78, 1398.17, 517.78, 1428.45, 517.78, 30.29, 12.94
0.20, 18, white car, 505.15, 497.10, 536.02, 510.43, 520.59, 503.76, 505.15, 503.76, 536.02, 503.76, 30.87, 13.32
0.20, 45, black car, 290.84, 482.00, 319.32, 495.24, 305.08, 488.62, 290.84, 488.62, 319.32, 488.62, 28.49, 13.24
0.20, 48, white car, 1395.75, 511.73, 1425.32, 524.38, 1410.53, 518.05, 1395.75, 518.05, 1425.32, 518.05, 29.57, 12.64
0.23, 18, white car, 502.91, 496.76, 533.54, 509.98, 518.22, 503.37, 502.91, 503.37, 533.54, 503.37, 30.64, 13.21
0.23, 45, black car, 289.83, 481.79, 317.87, 494.80, 303.85, 488.29, 289.83, 488.29, 317.87, 488.29, 28.03, 13.01
0.23, 48, white car, 1392.64, 512.10, 1421.45, 524.39, 1407.04, 518.24, 1392.64, 518.24, 1421.45, 518.24, 28.81, 12.29
0.23, 64, white car, 960.53, 512.14, 993.05, 524.68, 976.79, 518.41, 960.53, 518.41, 993.05, 518.41, 32.52, 12.54
0.27, 18, white car, 499.85, 496.45, 531.20, 510.01, 515.53, 503.23, 499.85, 503.23, 531.20, 503.23, 31.35, 13.56
0.27, 45, black car, 287.98, 481.98, 316.43, 495.15, 302.21, 488.56, 287.98, 488.56, 316.43, 488.56, 28.45, 13.17
0.27, 48, white car, 1390.04, 512.42, 1418.77, 524.66, 1404.40, 518.54, 1390.04, 518.54, 1418.77, 518.54, 28.73, 12.24
0.27, 64, white car, 957.36, 512.03, 990.59, 524.85, 973.98, 518.44, 957.36, 518.44, 990.59, 518.44, 33.23, 12.81
0.27, 65, white car, 654.95, 503.91, 684.37, 517.03, 669.66, 510.47, 654.95, 510.47, 684.37, 510.47, 29.41, 13.12
0.30, 18, white car, 497.55, 496.26, 529.00, 509.88, 513.27, 503.07, 497.55, 503.07, 529.00, 503.07, 31.45, 13.62
0.30, 45, black car, 284.94, 481.26, 314.41, 494.84, 299.68, 488.05, 284.94, 488.05, 314.41, 488.05, 29.46, 13.59
0.30, 48, white car, 1387.03, 512.51, 1415.77, 524.73, 1401.40, 518.62, 1387.03, 518.62, 1415.77, 518.62, 28.74, 12.22
0.30, 64, white car, 954.99, 512.07, 988.27, 524.90, 971.63, 518.48, 954.99, 518.48, 988.27, 518.48, 33.28, 12.84
0.30, 65, white car, 652.83, 503.93, 681.13, 516.55, 666.98, 510.24, 652.83, 510.24, 681.13, 510.24, 28.30, 12.62
0.33, 18, white car, 495.75, 496.25, 526.54, 509.60, 511.15, 502.92, 495.75, 502.92, 526.54, 502.92, 30.79, 13.35
0.33, 45, black car, 283.45, 480.66, 313.59, 494.51, 298.52, 487.58, 283.45, 487.58, 313.59, 487.58, 30.14, 13.85
0.33, 48, white car, 1384.04, 512.40, 1412.84, 524.60, 1398.44, 518.50, 1384.04, 518.50, 1412.84, 518.50, 28.80, 12.21
0.33, 64, white car, 952.04, 512.05, 985.79, 525.09, 968.92, 518.57, 952.04, 518.57, 985.79, 518.57, 33.74, 13.03
0.33, 65, white car, 650.14, 503.72, 678.74, 516.46, 664.44, 510.09, 650.14, 510.09, 678.74, 510.09, 28.61, 12.74
0.37, 18, white car, 493.24, 496.09, 523.99, 509.44, 508.61, 502.76, 493.24, 502.76, 523.99, 502.76, 30.75, 13.34
0.37, 45, black car, 281.51, 480.29, 310.97, 493.83, 296.24, 487.06, 281.51, 487.06, 310.97, 487.06, 29.46, 13.53
0.37, 48, white car, 1380.88, 512.26, 1410.28, 524.70, 1395.58, 518.48, 1380.88, 518.48, 1410.28, 518.48, 29.40, 12.44
0.37, 64, white car, 948.55, 511.85, 983.62, 525.41, 966.09, 518.63, 948.55, 518.63, 983.62, 518.63, 35.07, 13.56
0.37, 65, white car, 647.51, 503.63, 676.53, 516.55, 662.02, 510.09, 647.51, 510.09, 676.53, 510.09, 29.02, 12.92
0.40, 18, white car, 491.10, 495.87, 522.20, 509.38, 506.65, 502.62, 491.10, 502.62, 522.20, 502.62, 31.10, 13.50
0.40, 45, black car, 277.86, 480.33, 307.30, 493.89, 292.58, 487.11, 277.86, 487.11, 307.30, 487.11, 29.44, 13.57
0.40, 48, white car, 1377.56, 512.19, 1407.10, 524.68, 1392.33, 518.44, 1377.56, 518.44, 1407.10, 518.44, 29.54, 12.48
0.40, 64, white car, 945.63, 511.59, 981.12, 525.32, 963.37, 518.45, 945.63, 518.45, 981.12, 518.45, 35.49, 13.74
0.40, 65, white car, 644.56, 503.48, 674.03, 516.61, 659.30, 510.05, 644.56, 510.05, 674.03, 510.05, 29.47, 13.13
0.43, 18, white car, 488.95, 495.90, 519.83, 509.28, 504.39, 502.59, 488.95, 502.59, 519.83, 502.59, 30.88, 13.38
0.43, 45, black car, 276.42, 480.60, 304.41, 493.51, 290.41, 487.05, 276.42, 487.05, 304.41, 487.05, 28.00, 12.91
0.43, 48, white car, 1374.38, 512.08, 1404.68, 524.91, 1389.53, 518.50, 1374.38, 518.50, 1404.68, 518.50, 30.31, 12.83
0.43, 64, white car, 943.75, 511.52, 978.77, 525.09, 961.26, 518.30, 943.75, 518.30, 978.77, 518.30, 35.02, 13.56
0.43, 65, white car, 641.64, 503.26, 671.48, 516.56, 656.56, 509.91, 641.64, 509.91, 671.48, 509.91, 29.84, 13.31
0.47, 18, white car, 486.47, 495.96, 517.38, 509.38, 501.93, 502.67, 486.47, 502.67, 517.38, 502.67, 30.91, 13.42
0.47, 45, black car, 274.08, 480.56, 301.94, 493.43, 288.01, 486.99, 274.08, 486.99, 301.94, 486.99, 27.86, 12.87
0.47, 48, white car, 1371.24, 512.20, 1401.49, 525.01, 1386.37, 518.60, 1371.24, 518.60, 1401.49, 518.60, 30.25, 12.82
0.47, 65, white car, 639.31, 502.87, 669.16, 516.16, 654.24, 509.51, 639.31, 509.51, 669.16, 509.51, 29.84, 13.29
0.50, 18, white car, 483.70, 495.65, 514.85, 509.21, 499.27, 502.43, 483.70, 502.43, 514.85, 502.43, 31.15, 13.56
0.50, 45, black car, 271.64, 480.39, 299.73, 493.36, 285.68, 486.87, 271.64, 486.87, 299.73, 486.87, 28.09, 12.96
0.50, 48, white car, 1368.40, 512.13, 1398.45, 524.87, 1383.42, 518.50, 1368.40, 518.50, 1398.45, 518.50, 30.05, 12.74
0.50, 65, white car, 637.27, 502.77, 666.83, 515.92, 652.05, 509.34, 637.27, 509.34, 666.83, 509.34, 29.56, 13.16
0.53, 18, white car, 481.74, 495.37, 512.57, 508.81, 497.16, 502.09, 481.74, 502.09, 512.57, 502.09, 30.84, 13.44
0.53, 45, black car, 269.60, 480.13, 297.76, 493.10, 283.68, 486.61, 269.60, 486.61, 297.76, 486.61, 28.15, 12.97
0.53, 48, white car, 1365.48, 512.21, 1395.32, 524.88, 1380.40, 518.54, 1365.48, 518.54, 1395.32, 518.54, 29.84, 12.67
0.53, 65, white car, 634.68, 502.58, 664.08, 515.67, 649.38, 509.12, 634.68, 509.12, 664.08, 509.12, 29.41, 13.09
0.57, 18, white car, 479.32, 495.09, 510.23, 508.58, 494.77, 501.84, 479.32, 501.84, 510.23, 501.84, 30.92, 13.49
0.57, 45, black car, 267.54, 479.54, 296.46, 492.96, 282.00, 486.25, 267.54, 486.25, 296.46, 486.25, 28.91, 13.42
0.57, 48, white car, 1362.63, 512.30, 1392.25, 524.91, 1377.44, 518.60, 1362.63, 518.60, 1392.25, 518.60, 29.63, 12.62
0.57, 65, white car, 632.18, 502.61, 661.74, 515.76, 646.96, 509.18, 632.18, 509.18, 661.74, 509.18, 29.56, 13.15
0.57, 64, white car, 933.62, 511.35, 967.96, 524.70, 950.79, 518.02, 933.62, 518.02, 967.96, 518.02, 34.34, 13.34
0.60, 18, white car, 477.08, 494.81, 507.89, 508.29, 492.48, 501.55, 477.08, 501.55, 507.89, 501.55, 30.81, 13.48
0.60, 45, black car, 264.91, 478.84, 294.18, 492.47, 279.55, 485.66, 264.91, 485.66, 294.18, 485.66, 29.27, 13.63
0.60, 48, white car, 1359.60, 512.25, 1389.38, 524.93, 1374.49, 518.59, 1359.60, 518.59, 1389.38, 518.59, 29.78, 12.69
0.60, 65, white car, 629.64, 502.75, 659.13, 515.88, 644.39, 509.32, 629.64, 509.32, 659.13, 509.32, 29.49, 13.13
0.60, 64, white car, 931.62, 511.50, 965.38, 524.67, 948.50, 518.08, 931.62, 518.08, 965.38, 518.08, 33.76, 13.18
0.63, 18, white car, 474.78, 494.87, 505.21, 508.16, 490.00, 501.52, 474.78, 501.52, 505.21, 501.52, 30.44, 13.29
0.63, 45, black car, 262.46, 478.53, 291.90, 492.24, 277.18, 485.39, 262.46, 485.39, 291.90, 485.39, 29.44, 13.71
0.63, 48, white car, 1356.72, 512.32, 1386.33, 524.90, 1371.53, 518.61, 1356.72, 518.61, 1386.33, 518.61, 29.61, 12.59
0.63, 65, white car, 627.05, 502.63, 656.77, 515.87, 641.91, 509.25, 627.05, 509.25, 656.77, 509.25, 29.72, 13.24
0.63, 64, white car, 928.85, 511.47, 962.81, 524.77, 945.83, 518.12, 928.85, 518.12, 962.81, 518.12, 33.96, 13.30
0.67, 18, white car, 472.25, 494.82, 503.16, 508.35, 487.70, 501.58, 472.25, 501.58, 503.16, 501.58, 30.90, 13.53
0.67, 45, black car, 259.03, 478.53, 288.99, 492.51, 274.01, 485.52, 259.03, 485.52, 288.99, 485.52, 29.96, 13.98
0.67, 48, white car, 1354.09, 512.52, 1383.07, 524.84, 1368.58, 518.68, 1354.09, 518.68, 1383.07, 518.68, 28.98, 12.32
0.67, 65, white car, 624.78, 502.32, 654.35, 515.47, 639.56, 508.89, 624.78, 508.89, 654.35, 508.89, 29.56, 13.15
0.70, 18, white car, 470.06, 494.70, 500.80, 508.16, 485.43, 501.43, 470.06, 501.43, 500.80, 501.43, 30.73, 13.46
0.70, 45, black car, 256.97, 478.54, 286.40, 492.27, 271.68, 485.41, 256.97, 485.41, 286.40, 485.41, 29.43, 13.73
0.70, 48, white car, 1350.61, 512.40, 1380.54, 525.11, 1365.58, 518.76, 1350.61, 518.76, 1380.54, 518.76, 29.93, 12.71
0.70, 65, white car, 622.45, 502.33, 651.54, 515.25, 636.99, 508.79, 622.45, 508.79, 651.54, 508.79, 29.09, 12.92
0.73, 18, white car, 468.13, 494.63, 498.58, 507.95, 483.35, 501.29, 468.13, 501.29, 498.58, 501.29, 30.45, 13.32
0.73, 45, black car, 254.47, 478.99, 283.85, 492.68, 269.16, 485.83, 254.47, 485.83, 283.85, 485.83, 29.38, 13.69
0.73, 48, white car, 1347.64, 512.41, 1378.08, 525.38, 1362.86, 518.90, 1347.64, 518.90, 1378.08, 518.90, 30.44, 12.97
0.73, 65, white car, 620.35, 502.32, 649.40, 515.17, 634.87, 508.74, 620.35, 508.74, 649.40, 508.74, 29.05, 12.85
0.77, 18, white car, 465.54, 494.22, 496.77, 507.90, 481.16, 501.06, 465.54, 501.06, 496.77, 501.06, 31.23, 13.69
0.77, 45, black car, 252.11, 479.14, 280.89, 492.55, 266.50, 485.85, 252.11, 485.85, 280.89, 485.85, 28.79, 13.41
0.77, 48, white car, 1344.62, 512.37, 1375.35, 525.48, 1359.98, 518.93, 1344.62, 518.93, 1375.35, 518.93, 30.73, 13.11
0.77, 65, white car, 618.17, 502.09, 647.48, 515.05, 632.83, 508.57, 618.17, 508.57, 647.48, 508.57, 29.31, 12.96
0.77, 64, white car, 919.14, 511.06, 953.90, 524.74, 936.52, 517.90, 919.14, 517.90, 953.90, 517.90, 34.76, 13.68
0.80, 18, white car, 463.40, 493.95, 494.45, 507.60, 478.92, 500.77, 463.40, 500.77, 494.45, 500.77, 31.05, 13.65
0.80, 45, black car, 249.91, 478.66, 279.29, 492.36, 264.60, 485.51, 249.91, 485.51, 279.29, 485.51, 29.38, 13.70
0.80, 48, white car, 1341.67, 512.38, 1371.85, 525.27, 1356.76, 518.83, 1341.67, 518.83, 1371.85, 518.83, 30.18, 12.89
0.80, 65, white car, 616.02, 502.19, 644.85, 514.94, 630.43, 508.57, 616.02, 508.57, 644.85, 508.57, 28.83, 12.75
0.83, 18, white car, 461.07, 493.75, 491.99, 507.36, 476.53, 500.56, 461.07, 500.56, 491.99, 500.56, 30.92, 13.61
0.83, 45, black car, 247.79, 478.37, 277.40, 492.17, 262.60, 485.27, 247.79, 485.27, 277.40, 485.27, 29.60, 13.81
0.83, 48, white car, 1339.15, 512.37, 1369.24, 525.22, 1354.20, 518.79, 1339.15, 518.79, 1369.24, 518.79, 30.09, 12.85
0.83, 65, white car, 613.61, 501.94, 642.77, 514.82, 628.19, 508.38, 613.61, 508.38, 642.77, 508.38, 29.15, 12.88
0.87, 18, white car, 458.63, 493.28, 489.86, 507.06, 474.25, 500.17, 458.63, 500.17, 489.86, 500.17, 31.23, 13.78
0.87, 45, black car, 245.64, 478.37, 276.17, 492.69, 260.90, 485.53, 245.64, 485.53, 276.17, 485.53, 30.54, 14.32
0.87, 48, white car, 1336.01, 512.18, 1366.10, 525.02, 1351.05, 518.60, 1336.01, 518.60, 1366.10, 518.60, 30.08, 12.84
0.87, 65, white car, 611.42, 501.72, 640.40, 514.52, 625.91, 508.12, 611.42, 508.12, 640.40, 508.12, 28.98, 12.81
0.87, 64, white car, 911.96, 511.57, 945.12, 524.62, 928.54, 518.10, 911.96, 518.10, 945.12, 518.10, 33.16, 13.05
0.90, 18, white car, 456.06, 493.16, 487.39, 507.03, 471.73, 500.09, 456.06, 500.09, 487.39, 500.09, 31.33, 13.86
0.90, 45, black car, 244.68, 478.32, 274.78, 492.49, 259.73, 485.40, 244.68, 485.40, 274.78, 485.40, 30.11, 14.17
0.90, 48, white car, 1332.83, 512.10, 1362.75, 524.90, 1347.79, 518.50, 1332.83, 518.50, 1362.75, 518.50, 29.92, 12.80
0.90, 65, white car, 608.66, 501.65, 637.31, 514.33, 622.98, 507.99, 608.66, 507.99, 637.31, 507.99, 28.65, 12.68
0.90, 64, white car, 909.01, 511.59, 942.48, 524.83, 925.75, 518.21, 909.01, 518.21, 942.48, 518.21, 33.48, 13.24
0.93, 18, white car, 453.63, 493.04, 484.84, 506.84, 469.23, 499.94, 453.63, 499.94, 484.84, 499.94, 31.21, 13.80
0.93, 45, black car, 243.28, 478.39, 272.71, 492.22, 257.99, 485.30, 243.28, 485.30, 272.71, 485.30, 29.43, 13.83
0.93, 48, white car, 1329.83, 512.10, 1359.90, 524.94, 1344.87, 518.52, 1329.83, 518.52, 1359.90, 518.52, 30.07, 12.85
0.93, 65, white car, 606.18, 501.32, 635.51, 514.30, 620.85, 507.81, 606.18, 507.81, 635.51, 507.81, 29.33, 12.98
0.93, 64, white car, 905.84, 511.56, 940.11, 525.18, 922.98, 518.37, 905.84, 518.37, 940.11, 518.37, 34.27, 13.62
0.97, 18, white car, 451.41, 492.97, 482.09, 506.51, 466.75, 499.74, 451.41, 499.74, 482.09, 499.74, 30.69, 13.55
0.97, 45, black car, 241.42, 478.25, 270.66, 491.97, 256.04, 485.11, 241.42, 485.11, 270.66, 485.11, 29.24, 13.72
0.97, 48, white car, 1326.74, 512.01, 1356.96, 524.91, 1341.85, 518.46, 1326.74, 518.46, 1356.96, 518.46, 30.22, 12.91
0.97, 65, white car, 603.87, 501.24, 633.59, 514.39, 618.73, 507.82, 603.87, 507.82, 633.59, 507.82, 29.72, 13.15
0.97, 64, white car, 903.79, 511.47, 937.65, 524.98, 920.72, 518.23, 903.79, 518.23, 937.65, 518.23, 33.86, 13.50
1.00, 18, white car, 449.44, 492.83, 479.79, 506.21, 464.62, 499.52, 449.44, 499.52, 479.79, 499.52, 30.36, 13.38
1.00, 45, black car, 238.69, 478.04, 267.55, 491.69, 253.12, 484.87, 238.69, 484.87, 267.55, 484.87, 28.86, 13.65
1.00, 48, white car, 1323.94, 511.98, 1354.12, 524.87, 1339.03, 518.43, 1323.94, 518.43, 1354.12, 518.43, 30.18, 12.89
1.00, 65, white car, 601.23, 501.09, 631.06, 514.32, 616.14, 507.70, 601.23, 507.70, 631.06, 507.70, 29.83, 13.23
1.00, 64, white car, 901.78, 511.46, 935.18, 524.80, 918.48, 518.13, 901.78, 518.13, 935.18, 518.13, 33.40, 13.34
1.03, 18, white car, 447.64, 492.65, 477.55, 505.79, 462.60, 499.22, 447.64, 499.22, 477.55, 499.22, 29.91, 13.14
1.03, 45, black car, 234.67, 477.80, 263.76, 491.52, 249.22, 484.66, 234.67, 484.66, 263.76, 484.66, 29.09, 13.72
1.03, 48, white car, 1321.39, 512.06, 1351.45, 524.87, 1336.42, 518.46, 1321.39, 518.46, 1351.45, 518.46, 30.05, 12.80
1.03, 65, white car, 598.43, 500.56, 628.83, 514.05, 613.63, 507.30, 598.43, 507.30, 628.83, 507.30, 30.40, 13.48
1.03, 64, white car, 900.31, 511.66, 932.70, 524.53, 916.50, 518.10, 900.31, 518.10, 932.70, 518.10, 32.39, 12.87
1.07, 18, white car, 445.64, 492.50, 475.46, 505.59, 460.55, 499.04, 445.64, 499.04, 475.46, 499.04, 29.81, 13.08
1.07, 45, black car, 231.91, 477.51, 261.43, 491.43, 246.67, 484.47, 231.91, 484.47, 261.43, 484.47, 29.52, 13.92
1.07, 48, white car, 1318.41, 512.30, 1348.22, 525.01, 1333.32, 518.65, 1318.41, 518.65, 1348.22, 518.65, 29.81, 12.71
1.07, 65, white car, 596.24, 500.35, 626.82, 513.86, 611.53, 507.11, 596.24, 507.11, 626.82, 507.11, 30.58, 13.51
1.07, 64, white car, 897.95, 511.74, 930.22, 524.53, 914.08, 518.13, 897.95, 518.13, 930.22, 518.13, 32.26, 12.79
1.10, 18, white car, 443.09, 492.36, 473.30, 505.63, 458.19, 499.00, 443.09, 499.00, 473.30, 499.00, 30.21, 13.27
1.10, 45, black car, 229.45, 477.34, 259.27, 491.42, 244.36, 484.38, 229.45, 484.38, 259.27, 484.38, 29.82, 14.08
1.10, 48, white car, 1315.23, 512.42, 1344.99, 525.08, 1330.11, 518.75, 1315.23, 518.75, 1344.99, 518.75, 29.76, 12.67
1.10, 65, white car, 594.06, 500.51, 623.39, 513.44, 608.73, 506.98, 594.06, 506.98, 623.39, 506.98, 29.33, 12.94
1.10, 64, white car, 895.54, 511.66, 927.93, 524.53, 911.74, 518.09, 895.54, 518.09, 927.93, 518.09, 32.39, 12.87
1.13, 18, white car, 440.48, 492.26, 471.16, 505.73, 455.82, 499.00, 440.48, 499.00, 471.16, 499.00, 30.68, 13.47
1.13, 48, white car, 1312.45, 512.45, 1342.04, 525.02, 1327.25, 518.73, 1312.45, 518.73, 1342.04, 518.73, 29.58, 12.58
1.13, 65, white car, 591.84, 500.31, 620.90, 513.09, 606.37, 506.70, 591.84, 506.70, 620.90, 506.70, 29.06, 12.78
1.13, 64, white car, 892.91, 511.55, 925.50, 524.53, 909.20, 518.04, 892.91, 518.04, 925.50, 518.04, 32.59, 12.98
1.17, 18, white car, 438.00, 492.26, 468.47, 505.61, 453.24, 498.93, 438.00, 498.93, 468.47, 498.93, 30.46, 13.35
1.17, 48, white car, 1309.52, 512.49, 1338.95, 525.02, 1324.23, 518.76, 1309.52, 518.76, 1338.95, 518.76, 29.43, 12.52
1.17, 65, white car, 589.26, 500.25, 619.04, 513.34, 604.15, 506.80, 589.26, 506.80, 619.04, 506.80, 29.79, 13.09
1.17, 64, white car, 890.88, 511.64, 922.95, 524.42, 906.91, 518.03, 890.88, 518.03, 922.95, 518.03, 32.07, 12.78
1.17, 45, black car, 225.88, 477.18, 255.81, 491.28, 240.85, 484.23, 225.88, 484.23, 255.81, 484.23, 29.94, 14.10
1.20, 18, white car, 435.63, 491.98, 466.21, 505.40, 450.92, 498.69, 435.63, 498.69, 466.21, 498.69, 30.58, 13.42
1.20, 48, white car, 1306.54, 512.54, 1335.82, 525.00, 1321.18, 518.77, 1306.54, 518.77, 1335.82, 518.77, 29.28, 12.46
1.20, 65, white car, 586.68, 500.18, 616.73, 513.42, 601.71, 506.80, 586.68, 506.80, 616.73, 506.80, 30.05, 13.23
1.20, 64, white car, 888.48, 511.60, 920.46, 524.37, 904.47, 517.99, 888.48, 517.99, 920.46, 517.99, 31.98, 12.76
1.20, 45, black car, 224.05, 477.46, 253.25, 491.21, 238.65, 484.34, 224.05, 484.34, 253.25, 484.34, 29.21, 13.75
1.23, 18, white car, 433.14, 491.94, 463.75, 505.37, 448.45, 498.66, 433.14, 498.66, 463.75, 498.66, 30.61, 13.43
1.23, 48, white car, 1303.90, 512.56, 1333.57, 525.18, 1318.74, 518.87, 1303.90, 518.87, 1333.57, 518.87, 29.67, 12.61
1.23, 65, white car, 584.53, 499.75, 614.77, 513.10, 599.65, 506.42, 584.53, 506.42, 614.77, 506.42, 30.23, 13.35
1.23, 64, white car, 885.72, 511.66, 917.80, 524.46, 901.76, 518.06, 885.72, 518.06, 917.80, 518.06, 32.08, 12.80
1.27, 18, white car, 430.52, 491.78, 461.42, 505.37, 445.97, 498.58, 430.52, 498.58, 461.42, 498.58, 30.90, 13.59
1.27, 48, white car, 1301.05, 512.76, 1330.46, 525.24, 1315.75, 519.00, 1301.05, 519.00, 1330.46, 519.00, 29.41, 12.49
1.27, 65, white car, 582.49, 499.56, 612.70, 512.89, 597.60, 506.22, 582.49, 506.22, 612.70, 506.22, 30.21, 13.33
1.27, 64, white car, 882.99, 511.73, 915.19, 524.58, 899.09, 518.16, 882.99, 518.16, 915.19, 518.16, 32.20, 12.85
1.30, 18, white car, 428.31, 491.52, 458.82, 504.96, 443.57, 498.24, 428.31, 498.24, 458.82, 498.24, 30.51, 13.44
1.30, 48, white car, 1298.34, 512.65, 1327.61, 525.03, 1312.97, 518.84, 1298.34, 518.84, 1327.61, 518.84, 29.27, 12.39
1.30, 65, white car, 580.47, 499.61, 610.06, 512.66, 595.26, 506.14, 580.47, 506.14, 610.06, 506.14, 29.59, 13.04
1.30, 64, white car, 879.67, 511.66, 912.15, 524.61, 895.91, 518.14, 879.67, 518.14, 912.15, 518.14, 32.48, 12.95
1.33, 18, white car, 425.87, 491.33, 456.52, 504.83, 441.19, 498.08, 425.87, 498.08, 456.52, 498.08, 30.65, 13.50
1.33, 48, white car, 1295.23, 512.58, 1324.89, 525.11, 1310.06, 518.85, 1295.23, 518.85, 1324.89, 518.85, 29.67, 12.52
1.33, 65, white car, 578.08, 499.53, 607.00, 512.22, 592.54, 505.87, 578.08, 505.87, 607.00, 505.87, 28.92, 12.68
1.33, 64, white car, 877.37, 511.58, 909.99, 524.57, 893.68, 518.07, 877.37, 518.07, 909.99, 518.07, 32.62, 13.00
1.37, 18, white car, 423.41, 491.05, 454.14, 504.60, 438.78, 497.82, 423.41, 497.82, 454.14, 497.82, 30.73, 13.56
1.37, 48, white car, 1292.02, 512.52, 1321.72, 525.07, 1306.87, 518.80, 1292.02, 518.80, 1321.72, 518.80, 29.70, 12.55
1.37, 65, white car, 575.64, 499.73, 604.84, 512.51, 590.24, 506.12, 575.64, 506.12, 604.84, 506.12, 29.20, 12.77
1.37, 64, white car, 875.18, 511.53, 907.55, 524.39, 891.36, 517.96, 875.18, 517.96, 907.55, 517.96, 32.37, 12.86
1.40, 18, white car, 421.26, 490.96, 451.68, 504.39, 436.47, 497.68, 421.26, 497.68, 451.68, 497.68, 30.43, 13.43
1.40, 48, white car, 1289.39, 512.54, 1319.09, 525.10, 1304.24, 518.82, 1289.39, 518.82, 1319.09, 518.82, 29.71, 12.56
1.40, 65, white car, 573.40, 499.81, 602.48, 512.49, 587.94, 506.15, 573.40, 506.15, 602.48, 506.15, 29.08, 12.68
1.40, 64, white car, 872.41, 511.59, 905.22, 524.62, 888.81, 518.10, 872.41, 518.10, 905.22, 518.10, 32.81, 13.03
1.43, 18, white car, 419.04, 490.98, 449.06, 504.21, 434.05, 497.60, 419.04, 497.60, 449.06, 497.60, 30.03, 13.23
1.43, 48, white car, 1286.75, 512.67, 1316.14, 525.10, 1301.44, 518.88, 1286.75, 518.88, 1316.14, 518.88, 29.40, 12.43
1.43, 65, white car, 570.28, 499.34, 600.40, 512.51, 585.34, 505.92, 570.28, 505.92, 600.40, 505.92, 30.11, 13.17
1.43, 64, white car, 870.28, 511.64, 902.80, 524.57, 886.54, 518.11, 870.28, 518.11, 902.80, 518.11, 32.51, 12.93
1.47, 18, white car, 416.83, 491.00, 446.56, 504.11, 431.70, 497.56, 416.83, 497.56, 446.56, 497.56, 29.73, 13.12
1.47, 48, white car, 1283.82, 512.78, 1312.81, 525.00, 1298.31, 518.89, 1283.82, 518.89, 1312.81, 518.89, 28.99, 12.23
1.47, 65, white car, 567.78, 499.10, 598.17, 512.39, 582.97, 505.74, 567.78, 505.74, 598.17, 505.74, 30.39, 13.29
1.47, 64, white car, 867.77, 511.62, 900.40, 524.64, 884.08, 518.13, 867.77, 518.13, 900.40, 518.13, 32.63, 13.01
1.50, 18, white car, 414.74, 490.92, 444.46, 504.05, 429.60, 497.49, 414.74, 497.49, 444.46, 497.49, 29.72, 13.13
1.50, 48, white car, 1280.73, 512.86, 1310.05, 525.21, 1295.39, 519.03, 1280.73, 519.03, 1310.05, 519.03, 29.32, 12.35
1.50, 65, white car, 565.62, 499.12, 595.23, 512.05, 580.43, 505.58, 565.62, 505.58, 595.23, 505.58, 29.61, 12.93
1.50, 64, white car, 864.40, 511.50, 898.22, 525.03, 881.31, 518.26, 864.40, 518.26, 898.22, 518.26, 33.81, 13.53
1.50, 45, black car, 203.50, 476.49, 234.72, 491.23, 219.11, 483.86, 203.50, 483.86, 234.72, 483.86, 31.22, 14.74
1.53, 18, white car, 411.99, 490.71, 442.54, 504.23, 427.26, 497.47, 411.99, 497.47, 442.54, 497.47, 30.55, 13.52
1.53, 48, white car, 1277.74, 512.85, 1307.37, 525.36, 1292.56, 519.11, 1277.74, 519.11, 1307.37, 519.11, 29.63, 12.51
1.53, 65, white car, 563.60, 498.96, 592.77, 511.63, 578.18, 505.29, 563.60, 505.29, 592.77, 505.29, 29.17, 12.67
1.53, 64, white car, 862.67, 511.57, 895.87, 524.90, 879.27, 518.23, 862.67, 518.23, 895.87, 518.23, 33.20, 13.33
1.53, 45, black car, 201.10, 475.88, 232.59, 490.79, 216.84, 483.33, 201.10, 483.33, 232.59, 483.33, 31.49, 14.91
1.57, 18, white car, 409.60, 490.56, 439.96, 504.00, 424.78, 497.28, 409.60, 497.28, 439.96, 497.28, 30.36, 13.44
1.57, 48, white car, 1275.10, 512.92, 1304.56, 525.36, 1289.83, 519.14, 1275.10, 519.14, 1304.56, 519.14, 29.46, 12.44
1.57, 65, white car, 561.12, 498.71, 590.73, 511.55, 575.92, 505.13, 561.12, 505.13, 590.73, 505.13, 29.61, 12.83
1.57, 64, white car, 860.53, 511.53, 893.34, 524.71, 876.93, 518.12, 860.53, 518.12, 893.34, 518.12, 32.82, 13.18
1.57, 45, black car, 198.99, 475.48, 230.45, 490.39, 214.72, 482.94, 198.99, 482.94, 230.45, 482.94, 31.46, 14.91
1.60, 18, white car, 407.74, 490.52, 437.49, 503.68, 422.61, 497.10, 407.74, 497.10, 437.49, 497.10, 29.75, 13.16
1.60, 48, white car, 1272.25, 513.03, 1301.35, 525.30, 1286.80, 519.16, 1272.25, 519.16, 1301.35, 519.16, 29.10, 12.27
1.60, 65, white car, 558.32, 498.60, 588.59, 511.73, 573.45, 505.16, 558.32, 505.16, 588.59, 505.16, 30.26, 13.13
1.60, 45, black car, 197.56, 475.54, 228.49, 490.20, 213.03, 482.87, 197.56, 482.87, 228.49, 482.87, 30.93, 14.66
1.63, 18, white car, 405.82, 490.50, 435.18, 503.46, 420.50, 496.98, 405.82, 496.98, 435.18, 496.98, 29.37, 12.95
1.63, 48, white car, 1269.40, 513.19, 1298.42, 525.41, 1283.91, 519.30, 1269.40, 519.30, 1298.42, 519.30, 29.02, 12.22
1.63, 65, white car, 556.02, 498.35, 586.83, 511.79, 571.43, 505.07, 556.02, 505.07, 586.83, 505.07, 30.82, 13.44
1.63, 45, black car, 195.84, 475.61, 225.79, 489.77, 210.82, 482.69, 195.84, 482.69, 225.79, 482.69, 29.95, 14.16
1.63, 64, white car, 855.41, 511.39, 887.99, 524.49, 871.70, 517.94, 855.41, 517.94, 887.99, 517.94, 32.59, 13.10
1.67, 18, white car, 403.20, 490.39, 432.67, 503.34, 417.93, 496.86, 403.20, 496.86, 432.67, 496.86, 29.47, 12.95
1.67, 48, white car, 1266.42, 513.35, 1295.65, 525.67, 1281.04, 519.51, 1266.42, 519.51, 1295.65, 519.51, 29.23, 12.32
1.67, 65, white car, 553.66, 498.31, 584.72, 511.87, 569.19, 505.09, 553.66, 505.09, 584.72, 505.09, 31.05, 13.57
1.67, 45, black car, 192.74, 475.64, 222.35, 489.64, 207.55, 482.64, 192.74, 482.64, 222.35, 482.64, 29.61, 14.00
1.70, 18, white car, 401.06, 490.17, 430.34, 503.00, 415.70, 496.58, 401.06, 496.58, 430.34, 496.58, 29.28, 12.83
1.70, 48, white car, 1263.35, 513.31, 1293.16, 525.93, 1278.26, 519.62, 1263.35, 519.62, 1293.16, 519.62, 29.81, 12.62
1.70, 65, white car, 551.60, 498.34, 581.84, 511.50, 566.72, 504.92, 551.60, 504.92, 581.84, 504.92, 30.24, 13.15
1.70, 45, black car, 190.91, 475.65, 220.12, 489.44, 205.51, 482.54, 190.91, 482.54, 220.12, 482.54, 29.21, 13.80
1.70, 64, white car, 850.47, 511.43, 882.85, 524.46, 866.66, 517.95, 850.47, 517.95, 882.85, 517.95, 32.38, 13.03
1.73, 18, white car, 398.53, 490.12, 427.84, 502.92, 413.19, 496.52, 398.53, 496.52, 427.84, 496.52, 29.31, 12.80
1.73, 48, white car, 1260.62, 513.20, 1290.58, 525.92, 1275.60, 519.56, 1260.62, 519.56, 1290.58, 519.56, 29.96, 12.71
1.73, 65, white car, 549.48, 498.20, 579.14, 511.02, 564.31, 504.61, 549.48, 504.61, 579.14, 504.61, 29.66, 12.83
1.73, 45, black car, 187.79, 475.49, 217.77, 489.70, 202.78, 482.59, 187.79, 482.59, 217.77, 482.59, 29.99, 14.20
1.73, 64, white car, 848.37, 511.33, 880.48, 524.25, 864.43, 517.79, 848.37, 517.79, 880.48, 517.79, 32.11, 12.92
1.77, 18, white car, 395.96, 489.89, 425.52, 502.78, 410.74, 496.33, 395.96, 496.33, 425.52, 496.33, 29.56, 12.89
1.77, 48, white car, 1257.51, 513.32, 1287.39, 526.03, 1272.45, 519.67, 1257.51, 519.67, 1287.39, 519.67, 29.87, 12.71
1.77, 65, white car, 547.09, 497.99, 577.00, 510.89, 562.05, 504.44, 547.09, 504.44, 577.00, 504.44, 29.91, 12.89
1.77, 45, black car, 185.21, 475.21, 215.54, 489.57, 200.38, 482.39, 185.21, 482.39, 215.54, 482.39, 30.33, 14.35
1.77, 64, white car, 846.39, 511.33, 878.25, 524.15, 862.32, 517.74, 846.39, 517.74, 878.25, 517.74, 31.86, 12.82
1.80, 18, white car, 393.64, 489.73, 423.61, 502.80, 408.63, 496.26, 393.64, 496.26, 423.61, 496.26, 29.97, 13.06
1.80, 48, white car, 1254.72, 513.29, 1284.60, 526.04, 1269.66, 519.67, 1254.72, 519.67, 1284.60, 519.67, 29.89, 12.76
1.80, 65, white car, 544.59, 498.06, 574.47, 510.94, 559.53, 504.50, 544.59, 504.50, 574.47, 504.50, 29.88, 12.87
1.80, 45, black car, 183.77, 475.36, 213.42, 489.38, 198.59, 482.37, 183.77, 482.37, 213.42, 482.37, 29.64, 14.02
1.80, 64, white car, 843.74, 511.28, 876.04, 524.28, 859.89, 517.78, 843.74, 517.78, 876.04, 517.78, 32.30, 12.99
1.83, 18, white car, 391.21, 489.69, 421.10, 502.70, 406.16, 496.20, 391.21, 496.20, 421.10, 496.20, 29.89, 13.01
1.83, 48, white car, 1251.72, 513.13, 1281.50, 525.86, 1266.61, 519.49, 1251.72, 519.49, 1281.50, 519.49, 29.78, 12.73
1.83, 65, white car, 542.15, 497.79, 572.89, 511.07, 557.52, 504.43, 542.15, 504.43, 572.89, 504.43, 30.75, 13.28
1.83, 45, black car, 181.10, 475.47, 210.18, 489.26, 195.64, 482.37, 181.10, 482.37, 210.18, 482.37, 29.08, 13.79
1.83, 64, white car, 841.38, 511.06, 873.47, 523.96, 857.43, 517.51, 841.38, 517.51, 873.47, 517.51, 32.09, 12.90
1.87, 18, white car, 388.37, 489.61, 418.69, 502.79, 403.53, 496.20, 388.37, 496.20, 418.69, 496.20, 30.32, 13.18
1.87, 48, white car, 1248.83, 513.08, 1278.71, 525.91, 1263.77, 519.50, 1248.83, 519.50, 1278.71, 519.50, 29.88, 12.83
1.87, 65, white car, 539.90, 497.74, 570.72, 511.05, 555.31, 504.39, 539.90, 504.39, 570.72, 504.39, 30.83, 13.31
1.87, 45, black car, 179.37, 475.27, 207.57, 488.65, 193.47, 481.96, 179.37, 481.96, 207.57, 481.96, 28.20, 13.38
1.87, 64, white car, 838.85, 510.83, 871.56, 524.03, 855.21, 517.43, 838.85, 517.43, 871.56, 517.43, 32.70, 13.19
1.90, 18, white car, 386.07, 489.23, 417.20, 502.81, 401.63, 496.02, 386.07, 496.02, 417.20, 496.02, 31.13, 13.58
1.90, 48, white car, 1246.15, 513.00, 1275.76, 525.73, 1260.96, 519.37, 1246.15, 519.37, 1275.76, 519.37, 29.61, 12.73
1.90, 65, white car, 537.78, 497.78, 567.84, 510.70, 552.81, 504.24, 537.78, 504.24, 567.84, 504.24, 30.06, 12.92
1.90, 45, black car, 177.64, 474.99, 205.47, 488.20, 191.55, 481.60, 177.64, 481.60, 205.47, 481.60, 27.83, 13.20
1.90, 64, white car, 835.56, 510.36, 869.14, 523.96, 852.35, 517.16, 835.56, 517.16, 869.14, 517.16, 33.58, 13.60
1.93, 18, white car, 383.45, 489.01, 414.95, 502.80, 399.20, 495.91, 383.45, 495.91, 414.95, 495.91, 31.50, 13.79
1.93, 48, white car, 1243.35, 513.04, 1272.45, 525.55, 1257.90, 519.29, 1243.35, 519.29, 1272.45, 519.29, 29.11, 12.50
1.93, 65, white car, 535.71, 497.73, 565.17, 510.30, 550.44, 504.02, 535.71, 504.02, 565.17, 504.02, 29.46, 12.57
1.93, 45, black car, 174.82, 474.87, 202.84, 488.18, 188.83, 481.53, 174.82, 481.53, 202.84, 481.53, 28.02, 13.31
1.93, 64, white car, 833.52, 510.39, 866.76, 523.89, 850.14, 517.14, 833.52, 517.14, 866.76, 517.14, 33.24, 13.50
1.97, 18, white car, 381.00, 488.57, 412.89, 502.58, 396.94, 495.57, 381.00, 495.57, 412.89, 495.57, 31.89, 14.01
1.97, 48, white car, 1240.62, 513.00, 1269.58, 525.42, 1255.10, 519.21, 1240.62, 519.21, 1269.58, 519.21, 28.96, 12.42
1.97, 65, white car, 533.19, 497.52, 562.77, 510.06, 547.98, 503.79, 533.19, 503.79, 562.77, 503.79, 29.58, 12.53
1.97, 45, black car, 171.75, 474.51, 200.54, 488.21, 186.15, 481.36, 171.75, 481.36, 200.54, 481.36, 28.79, 13.70
2.00, 18, white car, 378.79, 488.22, 410.95, 502.40, 394.87, 495.31, 378.79, 495.31, 410.95, 495.31, 32.15, 14.18
2.00, 48, white car, 1237.94, 512.90, 1266.93, 525.30, 1252.44, 519.10, 1237.94, 519.10, 1266.93, 519.10, 28.99, 12.41
2.00, 65, white car, 530.57, 497.47, 560.37, 510.07, 545.47, 503.77, 530.57, 503.77, 560.37, 503.77, 29.80, 12.60
2.00, 45, black car, 170.38, 474.08, 199.66, 488.06, 185.02, 481.07, 170.38, 481.07, 199.66, 481.07, 29.29, 13.98
2.03, 18, white car, 376.63, 487.99, 408.69, 502.22, 392.66, 495.11, 376.63, 495.11, 408.69, 495.11, 32.06, 14.22
2.03, 48, white car, 1234.84, 512.92, 1264.31, 525.58, 1249.58, 519.25, 1234.84, 519.25, 1264.31, 519.25, 29.47, 12.65
2.03, 65, white car, 528.32, 497.23, 558.51, 510.03, 543.41, 503.63, 528.32, 503.63, 558.51, 503.63, 30.18, 12.80
2.03, 45, black car, 168.88, 474.00, 197.97, 487.91, 183.42, 480.96, 168.88, 480.96, 197.97, 480.96, 29.09, 13.91
2.03, 64, white car, 826.01, 510.21, 859.27, 523.74, 842.64, 516.97, 826.01, 516.97, 859.27, 516.97, 33.26, 13.53
2.07, 18, white car, 374.52, 487.82, 406.31, 501.93, 390.42, 494.88, 374.52, 494.88, 406.31, 494.88, 31.78, 14.11
2.07, 48, white car, 1231.88, 513.04, 1261.67, 525.85, 1246.78, 519.44, 1231.88, 519.44, 1261.67, 519.44, 29.79, 12.81
2.07, 65, white car, 525.85, 496.79, 556.60, 509.83, 541.23, 503.31, 525.85, 503.31, 556.60, 503.31, 30.76, 13.05
2.07, 45, black car, 165.56, 473.75, 194.95, 487.79, 180.26, 480.77, 165.56, 480.77, 194.95, 480.77, 29.39, 14.04
2.07, 64, white car, 823.38, 510.05, 856.96, 523.80, 840.17, 516.93, 823.38, 516.93, 856.96, 516.93, 33.58, 13.75
2.10, 18, white car, 372.35, 487.60, 403.82, 501.58, 388.09, 494.59, 372.35, 494.59, 403.82, 494.59, 31.48, 13.98
2.10, 48, white car, 1229.10, 513.21, 1258.52, 525.85, 1243.81, 519.53, 1229.10, 519.53, 1258.52, 519.53, 29.42, 12.64
2.10, 65, white car, 523.15, 496.98, 553.05, 509.66, 538.10, 503.32, 523.15, 503.32, 553.05, 503.32, 29.91, 12.68
2.10, 45, black car, 163.32, 473.67, 192.88, 487.74, 178.10, 480.70, 163.32, 480.70, 192.88, 480.70, 29.56, 14.08
2.10, 64, white car, 820.66, 509.90, 854.38, 523.73, 837.52, 516.82, 820.66, 516.82, 854.38, 516.82, 33.72, 13.82
2.13, 18, white car, 370.28, 487.68, 400.88, 501.26, 385.58, 494.47, 370.28, 494.47, 400.88, 494.47, 30.61, 13.58
2.13, 48, white car, 1226.62, 513.41, 1255.59, 525.82, 1241.10, 519.61, 1226.62, 519.61, 1255.59, 519.61, 28.96, 12.41
2.13, 65, white car, 520.54, 496.56, 550.72, 509.32, 535.63, 502.94, 520.54, 502.94, 550.72, 502.94, 30.17, 12.75
2.13, 45, black car, 162.30, 473.60, 191.40, 487.47, 176.85, 480.53, 162.30, 480.53, 191.40, 480.53, 29.09, 13.87
2.17, 18, white car, 367.51, 487.42, 398.44, 501.16, 382.97, 494.29, 367.51, 494.29, 398.44, 494.29, 30.93, 13.74
2.17, 48, white car, 1223.27, 513.10, 1252.78, 525.74, 1238.03, 519.42, 1223.27, 519.42, 1252.78, 519.42, 29.51, 12.63
2.17, 65, white car, 518.07, 495.96, 549.05, 509.06, 533.56, 502.51, 518.07, 502.51, 549.05, 502.51, 30.97, 13.09
2.17, 45, black car, 160.67, 473.54, 189.64, 487.38, 175.16, 480.46, 160.67, 480.46, 189.64, 480.46, 28.97, 13.85
2.17, 64, white car, 816.20, 509.78, 849.92, 523.69, 833.06, 516.73, 816.20, 516.73, 849.92, 516.73, 33.72, 13.91
2.20, 18, white car, 365.36, 487.25, 396.03, 500.88, 380.70, 494.06, 365.36, 494.06, 396.03, 494.06, 30.68, 13.63
2.20, 48, white car, 1220.12, 513.09, 1250.21, 526.03, 1235.17, 519.56, 1220.12, 519.56, 1250.21, 519.56, 30.09, 12.94
2.20, 65, white car, 516.23, 496.23, 546.30, 508.93, 531.27, 502.58, 516.23, 502.58, 546.30, 502.58, 30.07, 12.70
2.20, 45, black car, 157.16, 473.11, 186.97, 487.34, 172.06, 480.23, 157.16, 480.23, 186.97, 480.23, 29.81, 14.23
2.23, 18, white car, 363.41, 487.21, 393.69, 500.70, 378.55, 493.95, 363.41, 493.95, 393.69, 493.95, 30.29, 13.48
2.23, 48, white car, 1217.39, 513.22, 1247.43, 526.16, 1232.41, 519.69, 1217.39, 519.69, 1247.43, 519.69, 30.04, 12.95
2.23, 65, white car, 514.07, 496.27, 544.22, 509.04, 529.15, 502.66, 514.07, 502.66, 544.22, 502.66, 30.15, 12.77
2.23, 45, black car, 154.20, 472.80, 184.60, 487.26, 169.40, 480.03, 154.20, 480.03, 184.60, 480.03, 30.40, 14.46
2.27, 18, white car, 360.97, 487.12, 391.10, 500.53, 376.03, 493.82, 360.97, 493.82, 391.10, 493.82, 30.14, 13.41
2.27, 48, white car, 1214.94, 513.45, 1244.32, 526.12, 1229.63, 519.78, 1214.94, 519.78, 1244.32, 519.78, 29.38, 12.67
2.27, 65, white car, 511.92, 496.17, 542.04, 508.93, 526.98, 502.55, 511.92, 502.55, 542.04, 502.55, 30.12, 12.76
2.27, 45, black car, 152.65, 472.52, 183.19, 487.02, 167.92, 479.77, 152.65, 479.77, 183.19, 479.77, 30.54, 14.50
2.27, 64, white car, 809.94, 509.67, 843.01, 523.42, 826.48, 516.55, 809.94, 516.55, 843.01, 516.55, 33.07, 13.75
2.30, 18, white car, 358.24, 486.96, 388.44, 500.39, 373.34, 493.68, 358.24, 493.68, 388.44, 493.68, 30.20, 13.43
2.30, 48, white car, 1212.43, 513.57, 1241.66, 526.15, 1227.05, 519.86, 1212.43, 519.86, 1241.66, 519.86, 29.23, 12.58
2.30, 65, white car, 509.41, 495.97, 539.26, 508.62, 524.34, 502.30, 509.41, 502.30, 539.26, 502.30, 29.84, 12.65
2.30, 45, black car, 149.93, 472.20, 180.16, 486.59, 165.05, 479.39, 149.93, 479.39, 180.16, 479.39, 30.23, 14.38
2.30, 64, white car, 807.14, 509.58, 840.30, 523.39, 823.72, 516.49, 807.14, 516.49, 840.30, 516.49, 33.16, 13.81
2.33, 18, white car, 355.84, 486.78, 386.25, 500.29, 371.05, 493.54, 355.84, 493.54, 386.25, 493.54, 30.41, 13.52
2.33, 48, white car, 1209.39, 513.61, 1238.93, 526.30, 1224.16, 519.95, 1209.39, 519.95, 1238.93, 519.95, 29.54, 12.69
2.33, 65, white car, 507.06, 495.64, 536.96, 508.30, 522.01, 501.97, 507.06, 501.97, 536.96, 501.97, 29.90, 12.65
2.33, 45, black car, 147.76, 471.99, 178.41, 486.58, 163.08, 479.28, 147.76, 479.28, 178.41, 479.28, 30.65, 14.58
2.33, 64, white car, 805.05, 509.59, 837.55, 523.16, 821.30, 516.37, 805.05, 516.37, 837.55, 516.37, 32.50, 13.57
2.37, 18, white car, 352.99, 486.43, 383.85, 500.18, 368.42, 493.30, 352.99, 493.30, 383.85, 493.30, 30.86, 13.75
2.37, 48, white car, 1206.06, 513.54, 1235.83, 526.33, 1220.94, 519.93, 1206.06, 519.93, 1235.83, 519.93, 29.77, 12.80
2.37, 65, white car, 505.01, 495.51, 534.59, 507.96, 519.80, 501.73, 505.01, 501.73, 534.59, 501.73, 29.58, 12.45
2.37, 45, black car, 146.08, 471.94, 176.51, 486.40, 161.30, 479.17, 146.08, 479.17, 176.51, 479.17, 30.43, 14.45
2.37, 64, white car, 802.85, 509.62, 834.94, 523.03, 818.90, 516.33, 802.85, 516.33, 834.94, 516.33, 32.10, 13.41
2.40, 18, white car, 350.57, 486.13, 381.75, 500.05, 366.16, 493.09, 350.57, 493.09, 381.75, 493.09, 31.18, 13.92
2.40, 48, white car, 1203.31, 513.67, 1232.81, 526.32, 1218.06, 520.00, 1203.31, 520.00, 1232.81, 520.00, 29.50, 12.65
2.40, 65, white car, 502.72, 495.73, 531.83, 507.93, 517.27, 501.83, 502.72, 501.83, 531.83, 501.83, 29.11, 12.20
2.40, 45, black car, 143.71, 471.95, 173.93, 486.24, 158.82, 479.10, 143.71, 479.10, 173.93, 479.10, 30.21, 14.29
2.43, 18, white car, 348.56, 485.94, 379.57, 499.84, 364.07, 492.89, 348.56, 492.89, 379.57, 492.89, 31.01, 13.90
2.43, 48, white car, 1200.65, 513.80, 1229.50, 526.15, 1215.07, 519.97, 1200.65, 519.97, 1229.50, 519.97, 28.85, 12.35
2.43, 65, white car, 500.23, 495.37, 529.69, 507.72, 514.96, 501.54, 500.23, 501.54, 529.69, 501.54, 29.46, 12.34
2.43, 45, black car, 141.31, 472.12, 171.05, 486.16, 156.18, 479.14, 141.31, 479.14, 171.05, 479.14, 29.74, 14.04
2.47, 18, white car, 346.59, 485.67, 377.24, 499.45, 361.92, 492.56, 346.59, 492.56, 377.24, 492.56, 30.65, 13.77
2.47, 48, white car, 1198.51, 513.80, 1227.01, 525.99, 1212.76, 519.90, 1198.51, 519.90, 1227.01, 519.90, 28.50, 12.19
2.47, 65, white car, 497.87, 495.06, 527.43, 507.43, 512.65, 501.25, 497.87, 501.25, 527.43, 501.25, 29.56, 12.37
2.47, 45, black car, 139.25, 472.14, 168.72, 486.07, 153.98, 479.10, 139.25, 479.10, 168.72, 479.10, 29.47, 13.93
2.47, 64, white car, 794.99, 509.45, 827.35, 522.95, 811.17, 516.20, 794.99, 516.20, 827.35, 516.20, 32.36, 13.50
2.50, 18, white car, 344.55, 485.52, 374.91, 499.23, 359.73, 492.38, 344.55, 492.38, 374.91, 492.38, 30.37, 13.70
2.50, 48, white car, 1195.73, 514.06, 1224.26, 526.23, 1209.99, 520.15, 1195.73, 520.15, 1224.26, 520.15, 28.53, 12.17
2.50, 65, white car, 495.31, 495.10, 525.08, 507.53, 510.20, 501.31, 495.31, 501.31, 525.08, 501.31, 29.77, 12.43
2.50, 45, black car, 137.00, 472.01, 166.09, 485.81, 151.54, 478.91, 137.00, 478.91, 166.09, 478.91, 29.09, 13.80
2.50, 64, white car, 792.63, 509.38, 825.16, 522.94, 808.90, 516.16, 792.63, 516.16, 825.16, 516.16, 32.53, 13.56
2.53, 18, white car, 342.55, 485.40, 372.52, 498.93, 357.53, 492.16, 342.55, 492.16, 372.52, 492.16, 29.96, 13.52
2.53, 48, white car, 1192.66, 514.09, 1221.60, 526.43, 1207.13, 520.26, 1192.66, 520.26, 1221.60, 520.26, 28.94, 12.34
2.53, 65, white car, 492.80, 494.51, 523.45, 507.33, 508.13, 500.92, 492.80, 500.92, 523.45, 500.92, 30.65, 12.82
2.53, 45, black car, 135.24, 471.90, 163.91, 485.54, 149.58, 478.72, 135.24, 478.72, 163.91, 478.72, 28.67, 13.65
2.53, 64, white car, 790.69, 509.31, 822.79, 522.71, 806.74, 516.01, 790.69, 516.01, 822.79, 516.01, 32.10, 13.41
2.57, 18, white car, 340.25, 485.38, 369.93, 498.75, 355.09, 492.06, 340.25, 492.06, 369.93, 492.06, 29.68, 13.38
2.57, 48, white car, 1189.85, 514.27, 1218.73, 526.54, 1204.29, 520.40, 1189.85, 520.40, 1218.73, 520.40, 28.88, 12.27
2.57, 65, white car, 490.96, 494.23, 521.66, 507.03, 506.31, 500.63, 490.96, 500.63, 521.66, 500.63, 30.70, 12.80
2.57, 45, black car, 133.00, 471.73, 161.87, 485.50, 147.43, 478.62, 133.00, 478.62, 161.87, 478.62, 28.87, 13.77
2.60, 18, white car, 337.86, 485.33, 367.90, 498.87, 352.88, 492.10, 337.86, 492.10, 367.90, 492.10, 30.04, 13.53
2.60, 65, white car, 488.56, 494.32, 519.19, 507.02, 503.88, 500.67, 488.56, 500.67, 519.19, 500.67, 30.62, 12.71
2.60, 45, black car, 130.82, 471.74, 159.55, 485.42, 145.18, 478.58, 130.82, 478.58, 159.55, 478.58, 28.73, 13.68
2.63, 18, white car, 335.81, 485.20, 365.80, 498.75, 350.80, 491.97, 335.81, 491.97, 365.80, 491.97, 29.99, 13.55
2.63, 65, white car, 485.96, 493.95, 516.87, 506.79, 501.42, 500.37, 485.96, 500.37, 516.87, 500.37, 30.92, 12.83
2.63, 45, black car, 128.78, 471.77, 156.83, 485.12, 142.81, 478.45, 128.78, 478.45, 156.83, 478.45, 28.04, 13.35
2.67, 18, white car, 333.12, 485.00, 363.41, 498.74, 348.27, 491.87, 333.12, 491.87, 363.41, 491.87, 30.29, 13.73
2.67, 65, white car, 482.92, 493.79, 513.84, 506.64, 498.38, 500.21, 482.92, 500.21, 513.84, 500.21, 30.92, 12.85
2.67, 45, black car, 125.74, 471.64, 153.93, 485.10, 139.84, 478.37, 125.74, 478.37, 153.93, 478.37, 28.19, 13.46
2.67, 48, white car, 1181.34, 514.29, 1210.29, 526.56, 1195.81, 520.43, 1181.34, 520.43, 1210.29, 520.43, 28.95, 12.27
2.70, 18, white car, 330.58, 484.76, 361.09, 498.64, 345.83, 491.70, 330.58, 491.70, 361.09, 491.70, 30.51, 13.89
2.70, 65, white car, 480.29, 493.87, 510.74, 506.52, 495.52, 500.20, 480.29, 500.20, 510.74, 500.20, 30.46, 12.66
2.70, 45, black car, 123.04, 471.50, 151.70, 485.18, 137.37, 478.34, 123.04, 478.34, 151.70, 478.34, 28.65, 13.69
2.70, 48, white car, 1178.26, 514.10, 1207.52, 526.53, 1192.89, 520.32, 1178.26, 520.32, 1207.52, 520.32, 29.27, 12.43
2.73, 18, white car, 328.48, 484.64, 358.90, 498.55, 343.69, 491.60, 328.48, 491.60, 358.90, 491.60, 30.42, 13.91
2.73, 65, white car, 478.21, 493.81, 508.42, 506.36, 493.32, 500.08, 478.21, 500.08, 508.42, 500.08, 30.20, 12.55
2.73, 45, black car, 120.53, 471.00, 150.14, 485.17, 135.34, 478.09, 120.53, 478.09, 150.14, 478.09, 29.60, 14.16
2.73, 48, white car, 1175.47, 514.08, 1204.63, 526.48, 1190.05, 520.28, 1175.47, 520.28, 1204.63, 520.28, 29.16, 12.40
2.77, 18, white car, 325.56, 484.58, 355.74, 498.35, 340.65, 491.47, 325.56, 491.47, 355.74, 491.47, 30.18, 13.77
2.77, 65, white car, 475.73, 493.58, 506.46, 506.35, 491.10, 499.96, 475.73, 499.96, 506.46, 499.96, 30.73, 12.77
2.77, 45, black car, 117.87, 471.03, 148.02, 485.45, 132.94, 478.24, 117.87, 478.24, 148.02, 478.24, 30.16, 14.42
2.77, 48, white car, 1172.77, 514.24, 1201.83, 526.62, 1187.30, 520.43, 1172.77, 520.43, 1201.83, 520.43, 29.06, 12.37
2.80, 18, white car, 323.04, 484.38, 353.31, 498.20, 338.18, 491.29, 323.04, 491.29, 353.31, 491.29, 30.27, 13.82
2.80, 65, white car, 473.17, 493.55, 504.08, 506.37, 488.62, 499.96, 473.17, 499.96, 504.08, 499.96, 30.92, 12.82
2.80, 45, black car, 116.24, 470.98, 146.15, 485.25, 131.19, 478.12, 116.24, 478.12, 146.15, 478.12, 29.91, 14.28
2.80, 48, white car, 1169.96, 514.26, 1199.52, 526.84, 1184.74, 520.55, 1169.96, 520.55, 1199.52, 520.55, 29.56, 12.59
2.80, 73, white car, 208.83, 475.44, 229.95, 486.80, 219.39, 481.12, 208.83, 481.12, 229.95, 481.12, 21.12, 11.36
2.83, 18, white car, 320.62, 484.17, 350.63, 497.90, 335.62, 491.03, 320.62, 491.03, 350.63, 491.03, 30.01, 13.73
2.83, 65, white car, 470.48, 493.37, 501.88, 506.42, 486.18, 499.90, 470.48, 499.90, 501.88, 499.90, 31.40, 13.04
2.83, 45, black car, 114.55, 470.88, 144.42, 485.13, 129.49, 478.00, 114.55, 478.00, 144.42, 478.00, 29.87, 14.24
2.83, 48, white car, 1166.91, 514.30, 1196.31, 526.82, 1181.61, 520.56, 1166.91, 520.56, 1196.31, 520.56, 29.39, 12.51
2.83, 73, white car, 206.61, 475.31, 227.35, 486.47, 216.98, 480.89, 206.61, 480.89, 227.35, 480.89, 20.74, 11.15
2.83, 64, white car, 770.33, 509.30, 801.69, 522.34, 786.01, 515.82, 770.33, 515.82, 801.69, 515.82, 31.36, 13.04
2.87, 18, white car, 318.24, 484.02, 348.36, 497.80, 333.30, 490.91, 318.24, 490.91, 348.36, 490.91, 30.11, 13.77
2.87, 65, white car, 468.06, 493.28, 499.42, 506.30, 483.74, 499.79, 468.06, 499.79, 499.42, 499.79, 31.37, 13.01
2.87, 45, black car, 112.99, 470.83, 142.75, 484.96, 127.87, 477.90, 112.99, 477.90, 142.75, 477.90, 29.76, 14.13
2.87, 48, white car, 1163.91, 514.21, 1193.60, 526.89, 1178.76, 520.55, 1163.91, 520.55, 1193.60, 520.55, 29.69, 12.68
2.87, 73, white car, 204.63, 475.32, 225.57, 486.58, 215.10, 480.95, 204.63, 480.95, 225.57, 480.95, 20.95, 11.26
2.87, 64, white car, 767.01, 509.26, 799.48, 522.66, 783.24, 515.96, 767.01, 515.96, 799.48, 515.96, 32.47, 13.40
2.90, 18, white car, 316.28, 483.85, 346.25, 497.58, 331.26, 490.71, 316.28, 490.71, 346.25, 490.71, 29.97, 13.73
2.90, 65, white car, 465.59, 493.19, 496.83, 506.14, 481.21, 499.66, 465.59, 499.66, 496.83, 499.66, 31.24, 12.96
2.90, 45, black car, 111.46, 470.72, 140.87, 484.67, 126.16, 477.70, 111.46, 477.70, 140.87, 477.70, 29.40, 13.95
2.90, 48, white car, 1161.37, 514.24, 1191.11, 526.93, 1176.24, 520.59, 1161.37, 520.59, 1191.11, 520.59, 29.74, 12.70
2.90, 73, white car, 202.28, 475.13, 223.41, 486.48, 212.84, 480.81, 202.28, 480.81, 223.41, 480.81, 21.13, 11.35
2.90, 64, white car, 764.38, 509.01, 797.07, 522.51, 780.72, 515.76, 764.38, 515.76, 797.07, 515.76, 32.69, 13.50
2.93, 18, white car, 314.49, 483.76, 344.19, 497.36, 329.34, 490.56, 314.49, 490.56, 344.19, 490.56, 29.71, 13.60
2.93, 65, white car, 463.37, 493.11, 494.24, 505.93, 478.80, 499.52, 463.37, 499.52, 494.24, 499.52, 30.87, 12.82
2.93, 45, black car, 108.24, 470.46, 137.47, 484.34, 122.85, 477.40, 108.24, 477.40, 137.47, 477.40, 29.23, 13.88
2.93, 48, white car, 1158.68, 514.55, 1187.73, 526.95, 1173.21, 520.75, 1158.68, 520.75, 1187.73, 520.75, 29.05, 12.39
2.93, 73, white car, 199.53, 474.70, 221.19, 486.36, 210.36, 480.53, 199.53, 480.53, 221.19, 480.53, 21.66, 11.66
2.93, 64, white car, 762.05, 509.05, 794.36, 522.40, 778.20, 515.73, 762.05, 515.73, 794.36, 515.73, 32.31, 13.35
2.97, 18, white car, 312.36, 483.67, 342.24, 497.30, 327.30, 490.49, 312.36, 490.49, 342.24, 490.49, 29.87, 13.63
2.97, 65, white car, 461.27, 492.77, 492.42, 505.73, 476.85, 499.25, 461.27, 499.25, 492.42, 499.25, 31.15, 12.95
2.97, 45, black car, 104.56, 470.19, 134.58, 484.43, 119.57, 477.31, 104.56, 477.31, 134.58, 477.31, 30.01, 14.24
2.97, 48, white car, 1156.25, 514.66, 1185.28, 527.04, 1170.77, 520.85, 1156.25, 520.85, 1185.28, 520.85, 29.03, 12.38
3.00, 18, white car, 309.78, 483.61, 339.15, 496.98, 324.46, 490.30, 309.78, 490.30, 339.15, 490.30, 29.37, 13.37
3.00, 65, white car, 458.40, 492.22, 490.16, 505.45, 474.28, 498.84, 458.40, 498.84, 490.16, 498.84, 31.76, 13.24
3.00, 45, black car, 102.18, 469.98, 132.44, 484.34, 117.31, 477.16, 102.18, 477.16, 132.44, 477.16, 30.25, 14.37
3.00, 48, white car, 1153.39, 514.61, 1182.42, 526.97, 1167.91, 520.79, 1153.39, 520.79, 1182.42, 520.79, 29.02, 12.36
3.03, 18, white car, 307.15, 483.40, 336.81, 496.91, 321.98, 490.16, 307.15, 490.16, 336.81, 490.16, 29.66, 13.51
3.03, 65, white car, 456.18, 492.17, 487.51, 505.28, 471.85, 498.72, 456.18, 498.72, 487.51, 498.72, 31.33, 13.12
3.03, 45, black car, 99.68, 469.73, 130.33, 484.27, 115.00, 477.00, 99.68, 477.00, 130.33, 477.00, 30.64, 14.53
3.03, 48, white car, 1150.60, 514.69, 1179.28, 526.90, 1164.94, 520.79, 1150.60, 520.79, 1179.28, 520.79, 28.68, 12.21
3.03, 73, white car, 191.81, 474.38, 213.25, 485.95, 202.53, 480.16, 191.81, 480.16, 213.25, 480.16, 21.45, 11.57
3.07, 18, white car, 304.42, 483.06, 334.39, 496.73, 319.41, 489.89, 304.42, 489.89, 334.39, 489.89, 29.97, 13.67
3.07, 65, white car, 454.00, 491.95, 485.07, 504.99, 469.53, 498.47, 454.00, 498.47, 485.07, 498.47, 31.07, 13.04
3.07, 45, black car, 97.22, 469.70, 127.97, 484.23, 112.59, 476.96, 97.22, 476.96, 127.97, 476.96, 30.75, 14.53
3.07, 48, white car, 1147.62, 514.83, 1176.53, 527.10, 1162.07, 520.96, 1147.62, 520.96, 1176.53, 520.96, 28.91, 12.27
3.07, 73, white car, 189.97, 474.42, 211.36, 485.98, 200.67, 480.20, 189.97, 480.20, 211.36, 480.20, 21.39, 11.56
3.10, 18, white car, 301.76, 482.92, 331.58, 496.55, 316.67, 489.74, 301.76, 489.74, 331.58, 489.74, 29.82, 13.63
3.10, 65, white car, 451.22, 491.62, 482.46, 504.76, 466.84, 498.19, 451.22, 498.19, 482.46, 498.19, 31.24, 13.14
3.10, 45, black car, 94.59, 469.74, 124.97, 484.06, 109.78, 476.90, 94.59, 476.90, 124.97, 476.90, 30.38, 14.32
3.10, 48, white car, 1144.74, 514.99, 1173.42, 527.14, 1159.08, 521.06, 1144.74, 521.06, 1173.42, 521.06, 28.67, 12.16
3.10, 64, white car, 750.64, 508.60, 782.64, 521.88, 766.64, 515.24, 750.64, 515.24, 782.64, 515.24, 32.01, 13.29
3.13, 18, white car, 299.33, 482.72, 329.06, 496.26, 314.20, 489.49, 299.33, 489.49, 329.06, 489.49, 29.73, 13.53
3.13, 65, white car, 449.11, 491.53, 479.86, 504.50, 464.48, 498.02, 449.11, 498.02, 479.86, 498.02, 30.75, 12.97
3.13, 45, black car, 91.98, 469.32, 122.51, 483.72, 107.25, 476.52, 91.98, 476.52, 122.51, 476.52, 30.54, 14.40
3.13, 48, white car, 1142.00, 515.11, 1171.17, 527.48, 1156.58, 521.29, 1142.00, 521.29, 1171.17, 521.29, 29.17, 12.37
3.17, 18, white car, 296.65, 482.41, 326.87, 496.13, 311.76, 489.27, 296.65, 489.27, 326.87, 489.27, 30.22, 13.72
3.17, 65, white car, 447.22, 491.49, 477.91, 504.43, 462.57, 497.96, 447.22, 497.96, 477.91, 497.96, 30.69, 12.94
3.17, 45, black car, 89.60, 468.90, 120.62, 483.53, 105.11, 476.21, 89.60, 476.21, 120.62, 476.21, 31.02, 14.63
3.17, 48, white car, 1139.22, 515.33, 1168.12, 527.58, 1153.67, 521.45, 1139.22, 521.45, 1168.12, 521.45, 28.91, 12.25
3.17, 74, black car, 21.72, 463.55, 46.30, 476.13, 34.01, 469.84, 21.72, 469.84, 46.30, 469.84, 24.58, 12.59
3.20, 18, white car, 294.35, 482.55, 324.40, 496.12, 309.38, 489.34, 294.35, 489.34, 324.40, 489.34, 30.05, 13.57
3.20, 65, white car, 444.65, 491.48, 475.46, 504.51, 460.06, 498.00, 444.65, 498.00, 475.46, 498.00, 30.81, 13.03
3.20, 45, black car, 87.52, 468.63, 118.76, 483.38, 103.14, 476.01, 87.52, 476.01, 118.76, 476.01, 31.24, 14.75
3.20, 48, white car, 1136.71, 515.52, 1165.21, 527.58, 1150.96, 521.55, 1136.71, 521.55, 1165.21, 521.55, 28.50, 12.05
3.20, 74, black car, 20.29, 463.18, 44.89, 475.78, 32.59, 469.48, 20.29, 469.48, 44.89, 469.48, 24.59, 12.60
3.23, 18, white car, 292.09, 482.26, 322.58, 496.07, 307.33, 489.17, 292.09, 489.17, 322.58, 489.17, 30.48, 13.81
3.23, 65, white car, 442.07, 491.55, 472.80, 504.62, 457.43, 498.09, 442.07, 498.09, 472.80, 498.09, 30.74, 13.08
3.23, 45, black car, 85.63, 468.32, 117.27, 483.26, 101.45, 475.79, 85.63, 475.79, 117.27, 475.79, 31.64, 14.94
3.23, 48, white car, 1133.49, 515.72, 1162.34, 527.91, 1147.92, 521.82, 1133.49, 521.82, 1162.34, 521.82, 28.85, 12.18
3.27, 18, white car, 289.78, 482.07, 320.28, 495.91, 305.03, 488.99, 289.78, 488.99, 320.28, 488.99, 30.50, 13.84
3.27, 65, white car, 439.97, 491.43, 470.78, 504.57, 455.38, 498.00, 439.97, 498.00, 470.78, 498.00, 30.81, 13.13
3.27, 45, black car, 83.72, 468.28, 115.18, 483.10, 99.45, 475.69, 83.72, 475.69, 115.18, 475.69, 31.46, 14.82
3.27, 48, white car, 1130.90, 515.77, 1159.64, 527.89, 1145.27, 521.83, 1130.90, 521.83, 1159.64, 521.83, 28.74, 12.12
3.27, 73, white car, 176.56, 473.24, 197.69, 484.62, 187.13, 478.93, 176.56, 478.93, 197.69, 478.93, 21.13, 11.39
3.27, 64, white car, 738.87, 508.80, 769.99, 521.68, 754.43, 515.24, 738.87, 515.24, 769.99, 515.24, 31.13, 12.88
3.30, 18, white car, 287.39, 482.01, 317.53, 495.71, 302.46, 488.86, 287.39, 488.86, 317.53, 488.86, 30.14, 13.70
3.30, 65, white car, 437.50, 491.14, 468.75, 504.47, 453.12, 497.81, 437.50, 497.81, 468.75, 497.81, 31.25, 13.33
3.30, 45, black car, 81.26, 468.20, 112.50, 482.97, 96.88, 475.59, 81.26, 475.59, 112.50, 475.59, 31.24, 14.76
3.30, 48, white car, 1127.90, 515.71, 1157.28, 528.10, 1142.59, 521.90, 1127.90, 521.90, 1157.28, 521.90, 29.38, 12.40
3.30, 73, white car, 174.82, 473.20, 195.99, 484.62, 185.41, 478.91, 174.82, 478.91, 195.99, 478.91, 21.17, 11.41
3.30, 64, white car, 736.30, 508.49, 767.79, 521.56, 752.05, 515.03, 736.30, 515.03, 767.79, 515.03, 31.49, 13.06
3.33, 18, white car, 285.12, 481.88, 314.61, 495.28, 299.86, 488.58, 285.12, 488.58, 314.61, 488.58, 29.50, 13.40
3.33, 65, white car, 435.35, 491.06, 465.78, 504.03, 450.57, 497.54, 435.35, 497.54, 465.78, 497.54, 30.42, 12.96
3.33, 45, black car, 78.36, 468.02, 109.89, 482.98, 94.12, 475.50, 78.36, 475.50, 109.89, 475.50, 31.53, 14.95
3.33, 48, white car, 1125.29, 516.03, 1154.41, 528.33, 1139.85, 522.18, 1125.29, 522.18, 1154.41, 522.18, 29.12, 12.30
3.37, 18, white car, 282.66, 481.64, 312.44, 495.16, 297.55, 488.40, 282.66, 488.40, 312.44, 488.40, 29.78, 13.53
3.37, 65, white car, 432.97, 490.95, 463.26, 503.83, 448.11, 497.39, 432.97, 497.39, 463.26, 497.39, 30.29, 12.88
3.37, 45, black car, 76.30, 467.82, 107.89, 482.88, 92.10, 475.35, 76.30, 475.35, 107.89, 475.35, 31.58, 15.06
3.37, 48, white car, 1122.66, 516.10, 1151.57, 528.34, 1137.12, 522.22, 1122.66, 522.22, 1151.57, 522.22, 28.91, 12.24
3.40, 18, white car, 279.87, 481.32, 309.99, 495.02, 294.93, 488.17, 279.87, 488.17, 309.99, 488.17, 30.12, 13.70
3.40, 65, white car, 429.91, 490.73, 460.87, 503.94, 445.39, 497.34, 429.91, 497.34, 460.87, 497.34, 30.96, 13.21
3.40, 45, black car, 73.06, 467.70, 104.95, 482.92, 89.01, 475.31, 73.06, 475.31, 104.95, 475.31, 31.89, 15.22
3.40, 48, white car, 1119.65, 516.15, 1148.75, 528.49, 1134.20, 522.32, 1119.65, 522.32, 1148.75, 522.32, 29.10, 12.34
3.43, 18, white car, 277.12, 480.85, 307.98, 494.98, 292.55, 487.91, 277.12, 487.91, 307.98, 487.91, 30.87, 14.13
3.43, 65, white car, 427.94, 490.54, 458.80, 503.73, 443.37, 497.14, 427.94, 497.14, 458.80, 497.14, 30.87, 13.19
3.43, 45, black car, 69.37, 467.08, 102.05, 482.63, 85.71, 474.86, 69.37, 474.86, 102.05, 474.86, 32.68, 15.55
3.43, 48, white car, 1117.48, 516.29, 1145.62, 528.20, 1131.55, 522.24, 1117.48, 522.24, 1145.62, 522.24, 28.15, 11.92
3.47, 18, white car, 274.70, 480.56, 305.77, 494.85, 290.23, 487.71, 274.70, 487.71, 305.77, 487.71, 31.07, 14.30
3.47, 65, white car, 425.65, 490.48, 456.63, 503.73, 441.14, 497.10, 425.65, 497.10, 456.63, 497.10, 30.98, 13.25
3.47, 45, black car, 66.79, 466.73, 100.22, 482.61, 83.51, 474.67, 66.79, 474.67, 100.22, 474.67, 33.42, 15.88
3.47, 48, white car, 1114.65, 516.25, 1142.68, 528.11, 1128.67, 522.18, 1114.65, 522.18, 1142.68, 522.18, 28.03, 11.86
3.47, 73, white car, 162.75, 472.44, 184.47, 484.10, 173.61, 478.27, 162.75, 478.27, 184.47, 478.27, 21.73, 11.66
3.50, 18, white car, 272.65, 480.35, 303.52, 494.58, 288.08, 487.47, 272.65, 487.47, 303.52, 487.47, 30.87, 14.23
3.50, 65, white car, 423.03, 490.30, 453.96, 503.54, 438.50, 496.92, 423.03, 496.92, 453.96, 496.92, 30.93, 13.24
3.50, 45, black car, 65.66, 467.06, 98.82, 482.82, 82.24, 474.94, 65.66, 474.94, 98.82, 474.94, 33.16, 15.76
3.50, 48, white car, 1111.75, 516.41, 1139.90, 528.33, 1125.83, 522.37, 1111.75, 522.37, 1139.90, 522.37, 28.15, 11.92
3.50, 73, white car, 160.58, 472.51, 182.52, 484.29, 171.55, 478.40, 160.58, 478.40, 182.52, 478.40, 21.94, 11.78
3.53, 18, white car, 270.89, 480.08, 301.07, 494.01, 285.98, 487.05, 270.89, 487.05, 301.07, 487.05, 30.18, 13.93
3.53, 65, white car, 420.94, 490.20, 451.31, 503.20, 436.12, 496.70, 420.94, 496.70, 451.31, 496.70, 30.36, 12.99
3.53, 45, black car, 64.52, 466.92, 97.49, 482.62, 81.01, 474.77, 64.52, 474.77, 97.49, 474.77, 32.98, 15.70
3.53, 48, white car, 1108.81, 516.30, 1137.14, 528.29, 1122.97, 522.30, 1108.81, 522.30, 1137.14, 522.30, 28.33, 11.99
3.57, 18, white car, 268.38, 479.96, 298.36, 493.78, 283.37, 486.87, 268.38, 486.87, 298.36, 486.87, 29.98, 13.83
3.57, 65, white car, 418.40, 490.25, 448.43, 503.11, 433.41, 496.68, 418.40, 496.68, 448.43, 496.68, 30.04, 12.85
3.57, 45, black car, 63.30, 466.65, 95.49, 482.02, 79.39, 474.33, 63.30, 474.33, 95.49, 474.33, 32.19, 15.37
3.57, 48, white car, 1105.65, 516.37, 1134.32, 528.49, 1119.98, 522.43, 1105.65, 522.43, 1134.32, 522.43, 28.68, 12.13
3.60, 18, white car, 266.40, 479.82, 296.23, 493.53, 281.32, 486.68, 266.40, 486.68, 296.23, 486.68, 29.83, 13.71
3.60, 65, white car, 415.65, 490.00, 445.85, 502.94, 430.75, 496.47, 415.65, 496.47, 445.85, 496.47, 30.20, 12.94
3.60, 45, black car, 62.45, 466.68, 93.47, 481.54, 77.96, 474.11, 62.45, 474.11, 93.47, 474.11, 31.03, 14.86
3.60, 48, white car, 1103.10, 516.66, 1131.45, 528.61, 1117.27, 522.64, 1103.10, 522.64, 1131.45, 522.64, 28.36, 11.95
3.63, 18, white car, 264.21, 479.57, 293.91, 493.17, 279.06, 486.37, 264.21, 486.37, 293.91, 486.37, 29.71, 13.60
3.63, 65, white car, 413.14, 489.74, 443.46, 502.78, 428.30, 496.26, 413.14, 496.26, 443.46, 496.26, 30.32, 13.05
3.63, 45, black car, 61.88, 466.88, 91.37, 481.08, 76.62, 473.98, 61.88, 473.98, 91.37, 473.98, 29.49, 14.20
3.63, 48, white car, 1100.11, 516.70, 1128.59, 528.71, 1114.35, 522.70, 1100.11, 522.70, 1128.59, 522.70, 28.48, 12.01
3.67, 18, white car, 260.87, 479.14, 291.38, 493.17, 276.13, 486.15, 260.87, 486.15, 291.38, 486.15, 30.50, 14.02
3.67, 65, white car, 410.49, 489.78, 440.85, 502.85, 425.67, 496.32, 410.49, 496.32, 440.85, 496.32, 30.36, 13.07
3.67, 45, black car, 59.54, 466.70, 88.93, 480.90, 74.23, 473.80, 59.54, 473.80, 88.93, 473.80, 29.39, 14.20
3.67, 48, white car, 1097.67, 517.10, 1125.91, 529.02, 1111.79, 523.06, 1097.67, 523.06, 1125.91, 523.06, 28.24, 11.92
3.70, 18, white car, 258.24, 479.03, 288.80, 493.11, 273.52, 486.07, 258.24, 486.07, 288.80, 486.07, 30.55, 14.08
3.70, 65, white car, 408.29, 489.42, 439.25, 502.75, 423.77, 496.08, 408.29, 496.08, 439.25, 496.08, 30.96, 13.33
3.70, 45, black car, 57.05, 466.35, 87.08, 480.89, 72.07, 473.62, 57.05, 473.62, 87.08, 473.62, 30.03, 14.54
3.70, 48, white car, 1095.12, 517.47, 1123.38, 529.36, 1109.25, 523.42, 1095.12, 523.42, 1123.38, 523.42, 28.25, 11.89
3.70, 73, white car, 147.38, 471.32, 169.16, 483.04, 158.27, 477.18, 147.38, 477.18, 169.16, 477.18, 21.78, 11.72
3.73, 18, white car, 256.17, 478.86, 286.45, 492.84, 271.31, 485.85, 256.17, 485.85, 286.45, 485.85, 30.28, 13.98
3.73, 65, white car, 406.02, 489.10, 436.78, 502.34, 421.40, 495.72, 406.02, 495.72, 436.78, 495.72, 30.76, 13.24
3.73, 45, black car, 54.90, 465.88, 85.49, 480.73, 70.19, 473.30, 54.90, 473.30, 85.49, 473.30, 30.59, 14.84
3.73, 48, white car, 1092.21, 517.56, 1120.57, 529.49, 1106.39, 523.53, 1092.21, 523.53, 1120.57, 523.53, 28.37, 11.94
3.77, 18, white car, 253.67, 478.76, 283.66, 492.61, 268.67, 485.69, 253.67, 485.69, 283.66, 485.69, 29.99, 13.85
3.77, 65, white car, 403.96, 489.17, 433.66, 501.96, 418.81, 495.57, 403.96, 495.57, 433.66, 495.57, 29.70, 12.79
3.77, 45, black car, 51.50, 465.61, 82.12, 480.48, 66.81, 473.05, 51.50, 473.05, 82.12, 473.05, 30.62, 14.87
3.77, 48, white car, 1089.47, 517.80, 1117.62, 529.62, 1103.55, 523.71, 1089.47, 523.71, 1117.62, 523.71, 28.15, 11.82
3.80, 18, white car, 251.16, 478.59, 280.99, 492.36, 266.08, 485.47, 251.16, 485.47, 280.99, 485.47, 29.83, 13.77
3.80, 65, white car, 400.93, 488.80, 431.75, 502.14, 416.34, 495.47, 400.93, 495.47, 431.75, 495.47, 30.82, 13.34
3.80, 45, black car, 48.79, 465.42, 79.40, 480.34, 64.10, 472.88, 48.79, 472.88, 79.40, 472.88, 30.61, 14.91
3.80, 48, white car, 1086.68, 517.80, 1114.84, 529.60, 1100.76, 523.70, 1086.68, 523.70, 1114.84, 523.70, 28.16, 11.81
3.83, 18, white car, 248.82, 478.27, 278.76, 492.08, 263.79, 485.17, 248.82, 485.17, 278.76, 485.17, 29.94, 13.81
3.83, 65, white car, 398.58, 488.49, 428.96, 501.63, 413.77, 495.06, 398.58, 495.06, 428.96, 495.06, 30.38, 13.14
3.83, 45, black car, 46.71, 465.00, 77.26, 479.91, 61.99, 472.45, 46.71, 472.45, 77.26, 472.45, 30.56, 14.91
3.83, 48, white car, 1084.27, 518.18, 1112.20, 529.87, 1098.23, 524.03, 1084.27, 524.03, 1112.20, 524.03, 27.93, 11.69
3.87, 18, white car, 246.15, 477.82, 276.51, 491.86, 261.33, 484.84, 246.15, 484.84, 276.51, 484.84, 30.35, 14.04
3.87, 65, white car, 396.40, 488.51, 426.36, 501.46, 411.38, 494.98, 396.40, 494.98, 426.36, 494.98, 29.96, 12.95
3.87, 45, black car, 44.16, 464.64, 74.81, 479.61, 59.48, 472.13, 44.16, 472.13, 74.81, 472.13, 30.65, 14.98
3.87, 48, white car, 1081.27, 518.35, 1109.32, 530.05, 1095.29, 524.20, 1081.27, 524.20, 1109.32, 524.20, 28.05, 11.69
3.90, 18, white car, 244.19, 477.66, 274.41, 491.63, 259.30, 484.65, 244.19, 484.65, 274.41, 484.65, 30.22, 13.98
3.90, 65, white car, 394.16, 488.34, 424.58, 501.49, 409.37, 494.91, 394.16, 494.91, 424.58, 494.91, 30.42, 13.16
3.90, 45, black car, 41.74, 464.37, 72.26, 479.28, 57.00, 471.83, 41.74, 471.83, 72.26, 471.83, 30.52, 14.91
3.90, 48, white car, 1078.32, 518.35, 1106.67, 530.14, 1092.49, 524.25, 1078.32, 524.25, 1106.67, 524.25, 28.35, 11.80
3.93, 18, white car, 242.22, 477.54, 272.44, 491.56, 257.33, 484.55, 242.22, 484.55, 272.44, 484.55, 30.21, 14.02
3.93, 65, white car, 391.97, 488.27, 422.27, 501.37, 407.12, 494.82, 391.97, 494.82, 422.27, 494.82, 30.29, 13.10
3.93, 45, black car, 39.43, 464.02, 70.19, 479.05, 54.81, 471.53, 39.43, 471.53, 70.19, 471.53, 30.75, 15.03
3.93, 48, white car, 1075.27, 518.35, 1103.96, 530.26, 1089.61, 524.31, 1075.27, 524.31, 1103.96, 524.31, 28.69, 11.91
3.93, 64, white car, 690.67, 505.39, 724.83, 519.75, 707.75, 512.57, 690.67, 512.57, 724.83, 512.57, 34.16, 14.36
3.97, 18, white car, 239.55, 477.48, 269.51, 491.39, 254.53, 484.44, 239.55, 484.44, 269.51, 484.44, 29.97, 13.91
3.97, 65, white car, 389.65, 488.33, 419.41, 501.19, 404.53, 494.76, 389.65, 494.76, 419.41, 494.76, 29.75, 12.87
3.97, 45, black car, 36.87, 463.77, 67.86, 478.84, 52.37, 471.31, 36.87, 471.31, 67.86, 471.31, 30.99, 15.08
3.97, 48, white car, 1072.25, 518.44, 1101.24, 530.45, 1086.74, 524.44, 1072.25, 524.44, 1101.24, 524.44, 28.98, 12.01
4.00, 18, white car, 236.83, 477.27, 266.98, 491.30, 251.91, 484.29, 236.83, 484.29, 266.98, 484.29, 30.15, 14.03
4.00, 65, white car, 386.64, 487.82, 416.97, 500.98, 401.80, 494.40, 386.64, 494.40, 416.97, 494.40, 30.33, 13.16
4.00, 45, black car, 34.95, 463.65, 66.03, 478.74, 50.49, 471.19, 34.95, 471.19, 66.03, 471.19, 31.09, 15.09
4.00, 48, white car, 1069.43, 518.50, 1098.14, 530.37, 1083.78, 524.43, 1069.43, 524.43, 1098.14, 524.43, 28.71, 11.87
4.03, 18, white car, 234.36, 477.11, 264.67, 491.25, 249.52, 484.18, 234.36, 484.18, 264.67, 484.18, 30.31, 14.14
4.03, 65, white car, 384.30, 487.61, 414.69, 500.80, 399.49, 494.20, 384.30, 494.20, 414.69, 494.20, 30.39, 13.18
4.03, 45, black car, 32.63, 463.83, 63.88, 478.98, 48.26, 471.41, 32.63, 471.41, 63.88, 471.41, 31.25, 15.15
4.03, 48, white car, 1066.81, 518.63, 1095.55, 530.50, 1081.18, 524.57, 1066.81, 524.57, 1095.55, 524.57, 28.74, 11.87
4.07, 65, white car, 381.99, 487.39, 412.06, 500.42, 397.02, 493.90, 381.99, 493.90, 412.06, 493.90, 30.07, 13.03
4.07, 45, black car, 30.24, 463.96, 61.22, 478.94, 45.73, 471.45, 30.24, 471.45, 61.22, 471.45, 30.98, 14.98
4.07, 48, white car, 1063.92, 518.68, 1092.86, 530.64, 1078.39, 524.66, 1063.92, 524.66, 1092.86, 524.66, 28.94, 11.97
4.10, 65, white car, 379.73, 487.12, 410.47, 500.46, 395.10, 493.79, 379.73, 493.79, 410.47, 493.79, 30.74, 13.35
4.10, 45, black car, 28.73, 464.31, 58.87, 478.81, 43.80, 471.56, 28.73, 471.56, 58.87, 471.56, 30.13, 14.50
4.10, 48, white car, 1061.39, 518.75, 1089.96, 530.54, 1075.68, 524.64, 1061.39, 524.64, 1089.96, 524.64, 28.57, 11.79
4.13, 65, white car, 377.96, 487.15, 408.38, 500.32, 393.17, 493.74, 377.96, 493.74, 408.38, 493.74, 30.42, 13.17
4.13, 45, black car, 26.29, 464.44, 56.60, 478.96, 41.44, 471.70, 26.29, 471.70, 56.60, 471.70, 30.31, 14.51
4.13, 48, white car, 1059.07, 518.89, 1087.53, 530.61, 1073.30, 524.75, 1059.07, 524.75, 1087.53, 524.75, 28.46, 11.72
4.17, 65, white car, 375.36, 486.94, 405.82, 500.13, 390.59, 493.53, 375.36, 493.53, 405.82, 493.53, 30.46, 13.19
4.17, 45, black car, 23.89, 464.16, 54.47, 478.80, 39.18, 471.48, 23.89, 471.48, 54.47, 471.48, 30.58, 14.63
4.17, 48, white car, 1056.95, 519.17, 1085.00, 530.67, 1070.97, 524.92, 1056.95, 524.92, 1085.00, 524.92, 28.05, 11.49
4.20, 65, white car, 372.29, 486.54, 403.24, 499.96, 387.77, 493.25, 372.29, 493.25, 403.24, 493.25, 30.95, 13.42
4.20, 45, black car, 21.46, 463.81, 52.28, 478.53, 36.87, 471.17, 21.46, 471.17, 52.28, 471.17, 30.82, 14.72
4.20, 48, white car, 1054.41, 519.44, 1082.48, 530.85, 1068.45, 525.15, 1054.41, 525.15, 1082.48, 525.15, 28.07, 11.41
4.23, 65, white car, 370.13, 486.64, 400.54, 499.77, 385.33, 493.20, 370.13, 493.20, 400.54, 493.20, 30.40, 13.13
4.23, 45, black car, 19.39, 463.71, 50.69, 478.62, 35.04, 471.17, 19.39, 471.17, 50.69, 471.17, 31.31, 14.91
4.23, 48, white car, 1050.96, 519.69, 1079.58, 531.25, 1065.27, 525.47, 1050.96, 525.47, 1079.58, 525.47, 28.62, 11.56
4.27, 65, white car, 367.63, 486.44, 398.09, 499.61, 382.86, 493.02, 367.63, 493.02, 398.09, 493.02, 30.46, 13.17
4.27, 45, black car, 17.06, 463.44, 49.11, 478.64, 33.09, 471.04, 17.06, 471.04, 49.11, 471.04, 32.05, 15.20
4.27, 48, white car, 1047.44, 519.79, 1076.17, 531.35, 1061.80, 525.57, 1047.44, 525.57, 1076.17, 525.57, 28.73, 11.56
4.30, 65, white car, 365.39, 486.12, 396.64, 499.70, 381.02, 492.91, 365.39, 492.91, 396.64, 492.91, 31.25, 13.58
4.30, 45, black car, 13.98, 463.19, 46.01, 478.34, 29.99, 470.77, 13.98, 470.77, 46.01, 470.77, 32.02, 15.14
4.30, 48, white car, 1044.68, 519.76, 1073.57, 531.34, 1059.12, 525.55, 1044.68, 525.55, 1073.57, 525.55, 28.89, 11.58
4.30, 18, white car, 213.89, 475.57, 244.74, 490.05, 229.32, 482.81, 213.89, 482.81, 244.74, 482.81, 30.86, 14.49
4.33, 65, white car, 363.36, 486.14, 394.14, 499.55, 378.75, 492.84, 363.36, 492.84, 394.14, 492.84, 30.78, 13.41
4.33, 45, black car, 12.48, 463.25, 43.86, 478.05, 28.17, 470.65, 12.48, 470.65, 43.86, 470.65, 31.38, 14.81
4.33, 48, white car, 1042.31, 519.89, 1071.03, 531.35, 1056.67, 525.62, 1042.31, 525.62, 1071.03, 525.62, 28.72, 11.45
4.33, 18, white car, 212.12, 475.52, 241.96, 489.50, 227.04, 482.51, 212.12, 482.51, 241.96, 482.51, 29.84, 13.98
4.37, 65, white car, 361.06, 486.00, 391.22, 499.18, 376.14, 492.59, 361.06, 492.59, 391.22, 492.59, 30.16, 13.18
4.37, 45, black car, 10.50, 463.09, 41.31, 477.62, 25.91, 470.35, 10.50, 470.35, 41.31, 470.35, 30.81, 14.53
4.37, 48, white car, 1040.03, 519.86, 1068.82, 531.29, 1054.42, 525.57, 1040.03, 525.57, 1068.82, 525.57, 28.79, 11.43
4.37, 18, white car, 209.91, 475.48, 239.49, 489.26, 224.70, 482.37, 209.91, 482.37, 239.49, 482.37, 29.58, 13.78
4.40, 65, white car, 358.16, 485.74, 388.47, 499.03, 373.32, 492.39, 358.16, 492.39, 388.47, 492.39, 30.31, 13.28
4.40, 45, black car, 8.07, 462.87, 39.15, 477.48, 23.61, 470.18, 8.07, 470.18, 39.15, 470.18, 31.08, 14.61
4.40, 48, white car, 1037.15, 520.18, 1065.96, 531.61, 1051.55, 525.89, 1037.15, 525.89, 1065.96, 525.89, 28.81, 11.43
4.40, 18, white car, 207.35, 475.46, 237.00, 489.21, 222.17, 482.33, 207.35, 482.33, 237.00, 482.33, 29.65, 13.74
4.43, 65, white car, 356.14, 485.73, 386.34, 498.97, 371.24, 492.35, 356.14, 492.35, 386.34, 492.35, 30.20, 13.24
4.43, 45, black car, 6.39, 462.57, 37.46, 477.18, 21.93, 469.87, 6.39, 469.87, 37.46, 469.87, 31.07, 14.61
4.43, 48, white car, 1034.49, 520.24, 1063.32, 531.68, 1048.91, 525.96, 1034.49, 525.96, 1063.32, 525.96, 28.83, 11.45
4.43, 18, white car, 204.98, 475.52, 234.55, 489.13, 219.76, 482.32, 204.98, 482.32, 234.55, 482.32, 29.57, 13.61
4.47, 65, white car, 353.95, 485.45, 384.05, 498.66, 369.00, 492.05, 353.95, 492.05, 384.05, 492.05, 30.10, 13.21
4.47, 45, black car, 4.58, 462.32, 35.56, 476.92, 20.07, 469.62, 4.58, 469.62, 35.56, 469.62, 30.98, 14.60
4.47, 18, white car, 202.29, 475.37, 232.16, 489.06, 217.23, 482.21, 202.29, 482.21, 232.16, 482.21, 29.87, 13.69
4.47, 73, white car, 94.82, 467.39, 117.79, 479.37, 106.30, 473.38, 94.82, 473.38, 117.79, 473.38, 22.97, 11.98
4.50, 65, white car, 351.55, 485.10, 381.93, 498.43, 366.74, 491.77, 351.55, 491.77, 381.93, 491.77, 30.38, 13.33
4.50, 45, black car, 2.46, 462.00, 33.88, 476.87, 18.17, 469.44, 2.46, 469.44, 33.88, 469.44, 31.42, 14.87
4.50, 18, white car, 199.75, 475.10, 229.89, 488.92, 214.82, 482.01, 199.75, 482.01, 229.89, 482.01, 30.14, 13.81
4.50, 73, white car, 92.47, 467.26, 115.80, 479.30, 104.13, 473.28, 92.47, 473.28, 115.80, 473.28, 23.33, 12.05
4.53, 65, white car, 348.99, 484.69, 379.94, 498.30, 364.46, 491.49, 348.99, 491.49, 379.94, 491.49, 30.95, 13.61
4.53, 45, black car, 0.71, 461.79, 32.27, 476.80, 16.49, 469.30, 0.71, 469.30, 32.27, 469.30, 31.56, 15.00
4.53, 18, white car, 196.80, 474.68, 227.42, 488.71, 212.11, 481.69, 196.80, 481.69, 227.42, 481.69, 30.62, 14.04
4.53, 64, white car, 650.31, 503.80, 681.23, 516.83, 665.77, 510.32, 650.31, 510.32, 681.23, 510.32, 30.92, 13.02
4.57, 65, white car, 346.39, 484.29, 377.78, 498.15, 362.08, 491.22, 346.39, 491.22, 377.78, 491.22, 31.39, 13.87
4.57, 45, black car, 0.00, 461.80, 30.42, 476.71, 15.21, 469.25, 0.00, 469.25, 30.42, 469.25, 30.42, 14.90
4.57, 18, white car, 194.20, 474.41, 225.23, 488.65, 209.71, 481.53, 194.20, 481.53, 225.23, 481.53, 31.03, 14.24
4.57, 64, white car, 647.97, 503.84, 678.82, 516.79, 663.39, 510.32, 647.97, 510.32, 678.82, 510.32, 30.86, 12.96
4.60, 65, white car, 344.08, 484.25, 375.12, 498.02, 359.60, 491.14, 344.08, 491.14, 375.12, 491.14, 31.04, 13.77
4.60, 45, black car, 0.00, 461.95, 28.27, 476.36, 14.14, 469.15, 0.00, 469.15, 28.27, 469.15, 28.27, 14.40
4.60, 18, white car, 191.64, 474.48, 222.30, 488.55, 206.97, 481.51, 191.64, 481.51, 222.30, 481.51, 30.66, 14.07
4.60, 64, white car, 645.18, 503.77, 676.42, 516.86, 660.80, 510.31, 645.18, 510.31, 676.42, 510.31, 31.24, 13.09
4.63, 65, white car, 342.10, 484.23, 372.85, 497.91, 357.47, 491.07, 342.10, 491.07, 372.85, 491.07, 30.75, 13.67
4.63, 45, black car, 0.00, 462.05, 26.37, 476.05, 13.19, 469.05, 0.00, 469.05, 26.37, 469.05, 26.37, 13.99
4.63, 18, white car, 189.06, 474.37, 219.47, 488.34, 204.27, 481.35, 189.06, 481.35, 219.47, 481.35, 30.40, 13.97
4.63, 64, white car, 643.07, 503.64, 674.14, 516.67, 658.61, 510.16, 643.07, 510.16, 674.14, 510.16, 31.07, 13.03
4.67, 65, white car, 339.71, 483.94, 370.40, 497.64, 355.05, 490.79, 339.71, 490.79, 370.40, 490.79, 30.68, 13.70
4.67, 45, black car, 0.00, 461.97, 25.28, 475.88, 12.64, 468.92, 0.00, 468.92, 25.28, 468.92, 25.28, 13.92
4.67, 18, white car, 186.99, 474.42, 216.98, 488.22, 201.98, 481.32, 186.99, 481.32, 216.98, 481.32, 29.99, 13.81
4.70, 65, white car, 337.09, 483.85, 367.77, 497.61, 352.43, 490.73, 337.09, 490.73, 367.77, 490.73, 30.68, 13.76
4.70, 45, black car, 0.00, 462.03, 23.24, 475.65, 11.62, 468.84, 0.00, 468.84, 23.24, 468.84, 23.24, 13.63
4.70, 18, white car, 184.24, 474.15, 214.10, 487.85, 199.17, 481.00, 184.24, 481.00, 214.10, 481.00, 29.85, 13.70
4.73, 65, white car, 334.51, 483.54, 365.34, 497.46, 349.92, 490.50, 334.51, 490.50, 365.34, 490.50, 30.83, 13.92
4.73, 45, black car, 0.00, 462.04, 21.48, 475.52, 10.74, 468.78, 0.00, 468.78, 21.48, 468.78, 21.48, 13.48
4.73, 18, white car, 181.63, 473.83, 212.29, 487.92, 196.96, 480.87, 181.63, 480.87, 212.29, 480.87, 30.66, 14.09
4.77, 65, white car, 332.28, 483.48, 362.92, 497.37, 347.60, 490.42, 332.28, 490.42, 362.92, 490.42, 30.64, 13.89
4.77, 45, black car, 0.00, 462.10, 20.15, 475.48, 10.07, 468.79, 0.00, 468.79, 20.15, 468.79, 20.15, 13.38
4.77, 18, white car, 179.44, 473.76, 209.78, 487.76, 194.61, 480.76, 179.44, 480.76, 209.78, 480.76, 30.33, 14.00
4.80, 65, white car, 329.78, 483.55, 360.15, 497.37, 344.97, 490.46, 329.78, 490.46, 360.15, 490.46, 30.37, 13.82
4.80, 18, white car, 176.73, 473.61, 207.38, 487.79, 192.06, 480.70, 176.73, 480.70, 207.38, 480.70, 30.65, 14.18
4.83, 65, white car, 328.10, 483.53, 358.04, 497.19, 343.07, 490.36, 328.10, 490.36, 358.04, 490.36, 29.94, 13.66
4.83, 18, white car, 174.27, 473.56, 204.95, 487.74, 189.61, 480.65, 174.27, 480.65, 204.95, 480.65, 30.68, 14.18
4.87, 65, white car, 325.13, 483.31, 355.43, 497.11, 340.28, 490.21, 325.13, 490.21, 355.43, 490.21, 30.30, 13.80
4.87, 18, white car, 171.89, 473.54, 201.70, 487.31, 186.80, 480.43, 171.89, 480.43, 201.70, 480.43, 29.81, 13.77
4.87, 73, white car, 67.30, 464.92, 91.20, 477.21, 79.25, 471.06, 67.30, 471.06, 91.20, 471.06, 23.90, 12.29
4.90, 65, white car, 322.56, 483.18, 353.11, 497.10, 337.83, 490.14, 322.56, 490.14, 353.11, 490.14, 30.55, 13.92
4.90, 18, white car, 169.09, 473.32, 199.04, 487.12, 184.07, 480.22, 169.09, 480.22, 199.04, 480.22, 29.96, 13.79
4.93, 65, white car, 320.26, 482.86, 351.09, 496.90, 335.67, 489.88, 320.26, 489.88, 351.09, 489.88, 30.83, 14.04
4.93, 18, white car, 166.74, 473.07, 196.67, 486.87, 181.71, 479.97, 166.74, 479.97, 196.67, 479.97, 29.93, 13.80
4.93, 73, white car, 63.39, 464.66, 86.87, 476.81, 75.13, 470.74, 63.39, 470.74, 86.87, 470.74, 23.48, 12.15
4.97, 65, white car, 317.98, 482.50, 349.39, 496.80, 333.69, 489.65, 317.98, 489.65, 349.39, 489.65, 31.41, 14.29
4.97, 18, white car, 164.71, 472.88, 194.73, 486.77, 179.72, 479.83, 164.71, 479.83, 194.73, 479.83, 30.02, 13.89
4.97, 73, white car, 62.04, 464.64, 85.04, 476.60, 73.54, 470.62, 62.04, 470.62, 85.04, 470.62, 23.00, 11.96
5.00, 65, white car, 315.79, 482.48, 346.89, 496.64, 331.34, 489.56, 315.79, 489.56, 346.89, 489.56, 31.10, 14.16
5.00, 18, white car, 161.76, 472.46, 192.23, 486.60, 176.99, 479.53, 161.76, 479.53, 192.23, 479.53, 30.47, 14.14
5.03, 65, white car, 313.75, 482.23, 344.62, 496.25, 329.19, 489.24, 313.75, 489.24, 344.62, 489.24, 30.87, 14.02
5.03, 18, white car, 159.51, 472.33, 189.60, 486.30, 174.56, 479.31, 159.51, 479.31, 189.60, 479.31, 30.08, 13.97
5.07, 65, white car, 311.58, 482.09, 341.68, 495.70, 326.63, 488.90, 311.58, 488.90, 341.68, 488.90, 30.10, 13.62
5.07, 18, white car, 156.40, 472.37, 186.89, 486.50, 171.64, 479.43, 156.40, 479.43, 186.89, 479.43, 30.48, 14.13
5.07, 73, white car, 54.76, 464.24, 76.84, 475.59, 65.80, 469.92, 54.76, 469.92, 76.84, 469.92, 22.08, 11.35
5.10, 65, white car, 309.44, 481.79, 338.76, 495.01, 324.10, 488.40, 309.44, 488.40, 338.76, 488.40, 29.32, 13.22
5.10, 18, white car, 153.93, 472.16, 184.18, 486.14, 169.06, 479.15, 153.93, 479.15, 184.18, 479.15, 30.25, 13.98
5.10, 64, white car, 611.88, 501.51, 642.78, 514.43, 627.33, 507.97, 611.88, 507.97, 642.78, 507.97, 30.90, 12.92
5.13, 65, white car, 306.75, 481.57, 336.22, 494.82, 321.49, 488.19, 306.75, 488.19, 336.22, 488.19, 29.48, 13.25
5.13, 18, white car, 151.72, 471.95, 181.49, 485.70, 166.60, 478.83, 151.72, 478.83, 181.49, 478.83, 29.76, 13.75
5.13, 64, white car, 609.74, 501.54, 640.31, 514.25, 625.02, 507.89, 609.74, 507.89, 640.31, 507.89, 30.57, 12.71
5.17, 65, white car, 304.30, 481.35, 334.27, 494.78, 319.29, 488.07, 304.30, 488.07, 334.27, 488.07, 29.96, 13.43
5.17, 18, white car, 149.49, 471.75, 179.17, 485.43, 164.33, 478.59, 149.49, 478.59, 179.17, 478.59, 29.68, 13.68
5.17, 64, white car, 607.52, 501.61, 637.85, 514.15, 622.69, 507.88, 607.52, 507.88, 637.85, 507.88, 30.33, 12.54
5.20, 65, white car, 301.77, 481.23, 331.72, 494.59, 316.74, 487.91, 301.77, 487.91, 331.72, 487.91, 29.95, 13.36
5.20, 18, white car, 147.33, 471.49, 177.08, 485.20, 162.20, 478.34, 147.33, 478.34, 177.08, 478.34, 29.75, 13.70
5.23, 65, white car, 299.12, 481.08, 329.07, 494.39, 314.09, 487.73, 299.12, 487.73, 329.07, 487.73, 29.95, 13.31
5.23, 18, white car, 144.65, 471.30, 174.75, 485.19, 159.70, 478.25, 144.65, 478.25, 174.75, 478.25, 30.10, 13.89
5.23, 64, white car, 601.94, 501.17, 632.94, 513.94, 617.44, 507.56, 601.94, 507.56, 632.94, 507.56, 31.00, 12.77
5.27, 65, white car, 296.34, 481.05, 326.47, 494.40, 311.41, 487.73, 296.34, 487.73, 326.47, 487.73, 30.13, 13.35
5.27, 18, white car, 141.30, 471.28, 172.03, 485.46, 156.67, 478.37, 141.30, 478.37, 172.03, 478.37, 30.73, 14.17
5.27, 64, white car, 599.68, 501.00, 630.91, 513.84, 615.30, 507.42, 599.68, 507.42, 630.91, 507.42, 31.23, 12.84
5.30, 65, white car, 293.79, 480.99, 324.54, 494.62, 309.16, 487.81, 293.79, 487.81, 324.54, 487.81, 30.76, 13.63
5.30, 18, white car, 138.97, 471.26, 169.06, 485.15, 154.01, 478.20, 138.97, 478.20, 169.06, 478.20, 30.10, 13.89
5.30, 64, white car, 596.87, 500.78, 628.84, 513.94, 612.86, 507.36, 596.87, 507.36, 628.84, 507.36, 31.97, 13.15
5.33, 65, white car, 291.60, 480.87, 322.64, 494.67, 307.12, 487.77, 291.60, 487.77, 322.64, 487.77, 31.04, 13.80
5.33, 18, white car, 136.58, 471.02, 166.71, 484.94, 151.65, 477.98, 136.58, 477.98, 166.71, 477.98, 30.12, 13.92
5.37, 65, white car, 289.39, 480.74, 320.62, 494.66, 305.01, 487.70, 289.39, 487.70, 320.62, 487.70, 31.23, 13.92
5.37, 18, white car, 134.07, 470.73, 164.10, 484.64, 149.09, 477.69, 134.07, 477.69, 164.10, 477.69, 30.03, 13.91
5.40, 65, white car, 287.31, 480.67, 317.84, 494.33, 302.57, 487.50, 287.31, 487.50, 317.84, 487.50, 30.53, 13.66
5.40, 18, white car, 132.03, 470.57, 162.08, 484.50, 147.06, 477.53, 132.03, 477.53, 162.08, 477.53, 30.04, 13.93
5.43, 65, white car, 285.13, 480.57, 315.61, 494.22, 300.37, 487.40, 285.13, 487.40, 315.61, 487.40, 30.48, 13.65
5.43, 18, white car, 129.51, 470.56, 159.93, 484.69, 144.72, 477.63, 129.51, 477.63, 159.93, 477.63, 30.42, 14.13
5.47, 65, white car, 282.80, 480.14, 313.68, 493.97, 298.24, 487.05, 282.80, 487.05, 313.68, 487.05, 30.88, 13.83
5.47, 18, white car, 126.49, 470.46, 157.07, 484.67, 141.78, 477.56, 126.49, 477.56, 157.07, 477.56, 30.58, 14.21
5.50, 65, white car, 280.50, 479.97, 311.32, 493.78, 295.91, 486.88, 280.50, 486.88, 311.32, 486.88, 30.81, 13.81
5.50, 18, white car, 123.96, 470.34, 154.01, 484.31, 138.99, 477.32, 123.96, 477.32, 154.01, 477.32, 30.05, 13.97
5.53, 65, white car, 278.03, 479.86, 308.91, 493.69, 293.47, 486.77, 278.03, 486.77, 308.91, 486.77, 30.88, 13.83
5.53, 18, white car, 121.22, 469.98, 151.38, 484.00, 136.30, 476.99, 121.22, 476.99, 151.38, 476.99, 30.16, 14.02
5.57, 65, white car, 275.42, 479.52, 306.60, 493.50, 291.01, 486.51, 275.42, 486.51, 306.60, 486.51, 31.19, 13.98
5.57, 18, white car, 119.11, 469.82, 149.01, 483.74, 134.06, 476.78, 119.11, 476.78, 149.01, 476.78, 29.91, 13.92
5.60, 65, white car, 272.83, 479.11, 304.33, 493.29, 288.58, 486.20, 272.83, 486.20, 304.33, 486.20, 31.50, 14.18
5.60, 18, white car, 116.32, 469.80, 146.30, 483.72, 131.31, 476.76, 116.32, 476.76, 146.30, 476.76, 29.98, 13.92
5.63, 65, white car, 270.37, 478.83, 302.25, 493.21, 286.31, 486.02, 270.37, 486.02, 302.25, 486.02, 31.88, 14.39
5.63, 18, white car, 113.38, 469.71, 143.31, 483.54, 128.35, 476.63, 113.38, 476.63, 143.31, 476.63, 29.93, 13.82
5.67, 65, white car, 267.85, 478.69, 299.61, 493.07, 283.73, 485.88, 267.85, 485.88, 299.61, 485.88, 31.76, 14.38
5.67, 18, white car, 110.70, 469.57, 140.99, 483.54, 125.84, 476.56, 110.70, 476.56, 140.99, 476.56, 30.29, 13.97
5.70, 65, white car, 265.93, 478.61, 297.76, 493.05, 281.84, 485.83, 265.93, 485.83, 297.76, 485.83, 31.84, 14.44
5.70, 18, white car, 107.91, 469.50, 138.35, 483.52, 123.13, 476.51, 107.91, 476.51, 138.35, 476.51, 30.44, 14.03
5.73, 65, white car, 263.37, 478.60, 295.19, 493.02, 279.28, 485.81, 263.37, 485.81, 295.19, 485.81, 31.82, 14.42
5.73, 18, white car, 105.58, 469.46, 135.94, 483.47, 120.76, 476.47, 105.58, 476.47, 135.94, 476.47, 30.36, 14.01
5.77, 65, white car, 260.55, 478.40, 292.40, 492.90, 276.47, 485.65, 260.55, 485.65, 292.40, 485.65, 31.85, 14.51
5.77, 18, white car, 103.71, 469.31, 134.00, 483.32, 118.85, 476.32, 103.71, 476.32, 134.00, 476.32, 30.29, 14.01
5.80, 65, white car, 258.09, 478.20, 289.75, 492.70, 273.92, 485.45, 258.09, 485.45, 289.75, 485.45, 31.66, 14.50
5.80, 18, white car, 101.45, 469.33, 131.53, 483.23, 116.49, 476.28, 101.45, 476.28, 131.53, 476.28, 30.08, 13.90
5.83, 65, white car, 255.99, 478.04, 287.12, 492.35, 271.55, 485.19, 255.99, 485.19, 287.12, 485.19, 31.13, 14.32
5.83, 18, white car, 98.64, 469.21, 128.64, 483.05, 113.64, 476.13, 98.64, 476.13, 128.64, 476.13, 30.00, 13.84
5.87, 65, white car, 253.64, 477.76, 284.39, 491.93, 269.02, 484.85, 253.64, 484.85, 284.39, 484.85, 30.75, 14.17
5.87, 18, white car, 95.67, 469.08, 125.88, 483.00, 110.77, 476.04, 95.67, 476.04, 125.88, 476.04, 30.21, 13.91
5.90, 65, white car, 251.71, 477.71, 281.80, 491.58, 266.76, 484.65, 251.71, 484.65, 281.80, 484.65, 30.08, 13.87
5.90, 18, white car, 93.01, 468.90, 123.17, 482.79, 108.09, 475.85, 93.01, 475.85, 123.17, 475.85, 30.16, 13.89
5.93, 65, white car, 249.31, 477.44, 279.87, 491.49, 264.59, 484.47, 249.31, 484.47, 279.87, 484.47, 30.55, 14.06
5.93, 18, white car, 90.78, 468.55, 121.03, 482.52, 105.90, 475.54, 90.78, 475.54, 121.03, 475.54, 30.25, 13.97
5.97, 65, white car, 246.62, 477.27, 277.40, 491.48, 262.01, 484.37, 246.62, 484.37, 277.40, 484.37, 30.77, 14.21
5.97, 18, white car, 88.39, 468.38, 118.87, 482.47, 103.63, 475.43, 88.39, 475.43, 118.87, 475.43, 30.48, 14.10
5.97, 73, white car, 0.00, 460.06, 18.90, 472.36, 9.45, 466.21, 0.00, 466.21, 18.90, 466.21, 18.90, 12.30
6.00, 65, white car, 244.17, 477.03, 275.42, 491.52, 259.79, 484.27, 244.17, 484.27, 275.42, 484.27, 31.25, 14.48
6.00, 18, white car, 85.87, 468.38, 116.00, 482.31, 100.94, 475.35, 85.87, 475.35, 116.00, 475.35, 30.13, 13.93
6.03, 65, white car, 242.24, 476.81, 273.67, 491.37, 257.95, 484.09, 242.24, 484.09, 273.67, 484.09, 31.42, 14.57
6.03, 18, white car, 83.13, 468.06, 113.42, 482.05, 98.28, 475.06, 83.13, 475.06, 113.42, 475.06, 30.30, 13.98
6.07, 65, white car, 239.86, 476.72, 271.41, 491.35, 255.64, 484.03, 239.86, 484.03, 271.41, 484.03, 31.54, 14.63
6.07, 18, white car, 80.28, 467.81, 110.91, 481.95, 95.60, 474.88, 80.28, 474.88, 110.91, 474.88, 30.63, 14.14
6.10, 65, white car, 237.38, 476.56, 268.96, 491.22, 253.17, 483.89, 237.38, 483.89, 268.96, 483.89, 31.58, 14.65
6.10, 18, white car, 77.80, 467.80, 108.30, 481.90, 93.05, 474.85, 77.80, 474.85, 108.30, 474.85, 30.51, 14.10
6.13, 65, white car, 234.89, 476.60, 266.27, 491.14, 250.58, 483.87, 234.89, 483.87, 266.27, 483.87, 31.39, 14.55
6.13, 18, white car, 75.16, 467.66, 105.84, 481.85, 90.50, 474.75, 75.16, 474.75, 105.84, 474.75, 30.68, 14.18
6.17, 65, white car, 232.21, 476.53, 263.68, 491.15, 247.94, 483.84, 232.21, 483.84, 263.68, 483.84, 31.47, 14.62
6.17, 18, white car, 72.81, 467.58, 103.23, 481.61, 88.02, 474.60, 72.81, 474.60, 103.23, 474.60, 30.41, 14.03
6.20, 65, white car, 229.73, 476.04, 261.35, 490.78, 245.54, 483.41, 229.73, 483.41, 261.35, 483.41, 31.63, 14.74
6.20, 18, white car, 70.55, 467.54, 100.71, 481.41, 85.63, 474.47, 70.55, 474.47, 100.71, 474.47, 30.15, 13.87
6.23, 65, white car, 227.72, 475.91, 258.75, 490.39, 243.24, 483.15, 227.72, 483.15, 258.75, 483.15, 31.03, 14.48
6.23, 18, white car, 68.26, 467.30, 98.39, 481.14, 83.33, 474.22, 68.26, 474.22, 98.39, 474.22, 30.13, 13.84
6.27, 65, white car, 225.27, 475.79, 256.14, 490.17, 240.70, 482.98, 225.27, 482.98, 256.14, 482.98, 30.87, 14.38
6.27, 18, white car, 65.90, 467.21, 95.76, 480.89, 80.83, 474.05, 65.90, 474.05, 95.76, 474.05, 29.86, 13.68
6.30, 65, white car, 223.71, 475.86, 253.79, 489.79, 238.75, 482.82, 223.71, 482.82, 253.79, 482.82, 30.08, 13.94
6.30, 18, white car, 63.52, 467.13, 93.26, 480.74, 78.39, 473.93, 63.52, 473.93, 93.26, 473.93, 29.74, 13.61
6.33, 18, white car, 61.11, 466.98, 90.97, 480.61, 76.04, 473.79, 61.11, 473.79, 90.97, 473.79, 29.86, 13.63
6.37, 18, white car, 58.64, 466.91, 88.32, 480.39, 73.48, 473.65, 58.64, 473.65, 88.32, 473.65, 29.68, 13.48
6.37, 65, white car, 218.39, 475.79, 248.29, 489.67, 233.34, 482.73, 218.39, 482.73, 248.29, 482.73, 29.90, 13.88
6.40, 18, white car, 56.09, 466.61, 85.91, 480.11, 71.00, 473.36, 56.09, 473.36, 85.91, 473.36, 29.83, 13.51
6.40, 65, white car, 216.14, 475.67, 246.07, 489.57, 231.10, 482.62, 216.14, 482.62, 246.07, 482.62, 29.93, 13.91
6.43, 18, white car, 53.36, 466.46, 83.45, 480.05, 68.40, 473.26, 53.36, 473.26, 83.45, 473.26, 30.09, 13.58
6.43, 65, white car, 213.81, 475.61, 243.57, 489.41, 228.69, 482.51, 213.81, 482.51, 243.57, 482.51, 29.76, 13.81
6.47, 18, white car, 50.69, 466.32, 81.12, 480.02, 65.90, 473.17, 50.69, 473.17, 81.12, 473.17, 30.43, 13.71
6.47, 65, white car, 211.30, 475.42, 241.34, 489.29, 226.32, 482.35, 211.30, 482.35, 241.34, 482.35, 30.03, 13.88
6.50, 18, white car, 48.16, 466.27, 78.67, 480.02, 63.41, 473.14, 48.16, 473.14, 78.67, 473.14, 30.51, 13.74
6.50, 65, white car, 209.42, 475.38, 239.40, 489.16, 224.41, 482.27, 209.42, 482.27, 239.40, 482.27, 29.98, 13.78
6.53, 18, white car, 45.84, 465.96, 76.54, 479.77, 61.19, 472.87, 45.84, 472.87, 76.54, 472.87, 30.70, 13.82
6.53, 65, white car, 206.99, 475.54, 236.37, 488.95, 221.68, 482.24, 206.99, 482.24, 236.37, 482.24, 29.37, 13.42
6.57, 18, white car, 43.50, 466.00, 73.98, 479.68, 58.74, 472.84, 43.50, 472.84, 73.98, 472.84, 30.48, 13.68
6.57, 65, white car, 204.05, 475.20, 233.74, 488.79, 218.89, 481.99, 204.05, 481.99, 233.74, 481.99, 29.70, 13.59
6.60, 18, white car, 41.52, 465.91, 71.69, 479.42, 56.61, 472.67, 41.52, 472.67, 71.69, 472.67, 30.18, 13.51
6.60, 65, white car, 201.69, 474.96, 231.28, 488.49, 216.48, 481.73, 201.69, 481.73, 231.28, 481.73, 29.58, 13.53
6.63, 18, white car, 38.92, 465.74, 69.24, 479.27, 54.08, 472.51, 38.92, 472.51, 69.24, 472.51, 30.32, 13.53
6.63, 65, white car, 199.31, 474.88, 228.62, 488.25, 213.96, 481.57, 199.31, 481.57, 228.62, 481.57, 29.30, 13.37
6.67, 18, white car, 36.45, 465.53, 66.86, 479.06, 51.65, 472.29, 36.45, 472.29, 66.86, 472.29, 30.41, 13.53
6.67, 65, white car, 196.91, 474.73, 226.50, 488.20, 211.70, 481.46, 196.91, 481.46, 226.50, 481.46, 29.59, 13.47
6.70, 18, white car, 33.40, 465.42, 64.47, 479.26, 48.94, 472.34, 33.40, 472.34, 64.47, 472.34, 31.07, 13.84
6.70, 65, white car, 194.89, 474.74, 224.45, 488.13, 209.67, 481.44, 194.89, 481.44, 224.45, 481.44, 29.57, 13.39
6.73, 18, white car, 30.59, 465.19, 62.45, 479.40, 46.52, 472.30, 30.59, 472.30, 62.45, 472.30, 31.86, 14.22
6.73, 65, white car, 192.08, 474.66, 221.49, 487.95, 206.79, 481.30, 192.08, 481.30, 221.49, 481.30, 29.41, 13.29
6.77, 18, white car, 27.98, 464.89, 59.85, 479.10, 43.91, 472.00, 27.98, 472.00, 59.85, 472.00, 31.87, 14.22
6.77, 65, white car, 189.66, 474.38, 218.83, 487.57, 204.25, 480.98, 189.66, 480.98, 218.83, 480.98, 29.17, 13.18
6.80, 18, white car, 26.02, 464.60, 57.34, 478.54, 41.68, 471.57, 26.02, 471.57, 57.34, 471.57, 31.33, 13.95
6.80, 65, white car, 187.66, 474.36, 216.66, 487.45, 202.16, 480.90, 187.66, 480.90, 216.66, 480.90, 29.00, 13.09
6.83, 18, white car, 23.51, 464.37, 54.91, 478.36, 39.21, 471.37, 23.51, 471.37, 54.91, 471.37, 31.40, 13.99
6.83, 65, white car, 184.69, 474.13, 214.15, 487.40, 199.42, 480.77, 184.69, 480.77, 214.15, 480.77, 29.45, 13.27
6.87, 18, white car, 21.01, 464.06, 52.56, 478.13, 36.79, 471.09, 21.01, 471.09, 52.56, 471.09, 31.55, 14.07
6.87, 65, white car, 182.43, 473.87, 211.95, 487.13, 197.19, 480.50, 182.43, 480.50, 211.95, 480.50, 29.52, 13.26
6.90, 18, white car, 18.05, 463.94, 50.11, 478.25, 34.08, 471.10, 18.05, 471.10, 50.11, 471.10, 32.07, 14.31
6.90, 65, white car, 180.60, 473.92, 209.63, 486.88, 195.12, 480.40, 180.60, 480.40, 209.63, 480.40, 29.03, 12.96
6.93, 18, white car, 15.64, 463.88, 47.66, 478.17, 31.65, 471.02, 15.64, 471.02, 47.66, 471.02, 32.02, 14.28
6.93, 65, white car, 177.72, 473.69, 206.79, 486.63, 192.26, 480.16, 177.72, 480.16, 206.79, 480.16, 29.07, 12.94
6.97, 18, white car, 13.58, 463.73, 45.60, 477.98, 29.59, 470.86, 13.58, 470.86, 45.60, 470.86, 32.02, 14.26
6.97, 65, white car, 175.26, 473.53, 203.96, 486.26, 189.61, 479.90, 175.26, 479.90, 203.96, 479.90, 28.70, 12.72
7.00, 18, white car, 11.69, 463.55, 43.43, 477.71, 27.56, 470.63, 11.69, 470.63, 43.43, 470.63, 31.74, 14.16
7.00, 65, white car, 172.66, 473.36, 201.47, 486.11, 187.07, 479.73, 172.66, 479.73, 201.47, 479.73, 28.82, 12.75
7.03, 18, white car, 9.40, 463.38, 41.23, 477.64, 25.31, 470.51, 9.40, 470.51, 41.23, 470.51, 31.83, 14.26
7.03, 65, white car, 169.71, 472.89, 199.23, 485.92, 184.47, 479.41, 169.71, 479.41, 199.23, 479.41, 29.52, 13.03
7.07, 18, white car, 6.62, 463.20, 38.53, 477.57, 22.57, 470.38, 6.62, 470.38, 38.53, 470.38, 31.92, 14.37
7.07, 65, white car, 167.63, 472.77, 197.49, 485.90, 182.56, 479.34, 167.63, 479.34, 197.49, 479.34, 29.86, 13.13
7.10, 18, white car, 3.57, 463.05, 35.79, 477.59, 19.68, 470.32, 3.57, 470.32, 35.79, 470.32, 32.22, 14.54
7.10, 65, white car, 165.46, 472.58, 195.45, 485.75, 180.46, 479.17, 165.46, 479.17, 195.45, 479.17, 29.98, 13.17
7.13, 18, white car, 1.22, 462.91, 33.95, 477.72, 17.59, 470.31, 1.22, 470.31, 33.95, 470.31, 32.74, 14.81
7.13, 65, white car, 162.64, 472.34, 192.97, 485.69, 177.81, 479.02, 162.64, 479.02, 192.97, 479.02, 30.32, 13.35
7.17, 18, white car, 0.00, 462.81, 32.26, 477.78, 16.13, 470.30, 0.00, 470.30, 32.26, 470.30, 32.26, 14.97
7.17, 65, white car, 159.84, 472.22, 190.71, 485.84, 175.28, 479.03, 159.84, 479.03, 190.71, 479.03, 30.86, 13.61
7.20, 18, white car, 0.00, 462.72, 30.73, 477.70, 15.37, 470.21, 0.00, 470.21, 30.73, 470.21, 30.73, 14.98
7.20, 65, white car, 157.29, 472.23, 188.13, 485.83, 172.71, 479.03, 157.29, 479.03, 188.13, 479.03, 30.84, 13.60
7.23, 18, white car, 0.00, 462.94, 29.03, 477.68, 14.51, 470.31, 0.00, 470.31, 29.03, 470.31, 29.03, 14.75
7.23, 65, white car, 154.61, 471.92, 185.24, 485.38, 169.92, 478.65, 154.61, 478.65, 185.24, 478.65, 30.62, 13.45
7.27, 18, white car, 0.00, 462.89, 26.99, 477.36, 13.50, 470.12, 0.00, 470.12, 26.99, 470.12, 26.99, 14.47
7.27, 65, white car, 152.63, 471.80, 182.92, 485.09, 167.78, 478.45, 152.63, 478.45, 182.92, 478.45, 30.29, 13.29
7.30, 18, white car, 0.00, 462.85, 25.44, 477.05, 12.72, 469.95, 0.00, 469.95, 25.44, 469.95, 25.44, 14.19
7.30, 65, white car, 150.47, 471.57, 180.68, 484.80, 165.58, 478.19, 150.47, 478.19, 180.68, 478.19, 30.21, 13.24
7.33, 18, white car, 0.00, 462.83, 23.53, 476.66, 11.76, 469.74, 0.00, 469.74, 23.53, 469.74, 23.53, 13.82
7.33, 65, white car, 147.60, 471.17, 178.47, 484.72, 163.03, 477.94, 147.60, 477.94, 178.47, 477.94, 30.88, 13.55
7.37, 18, white car, 0.00, 463.07, 21.12, 476.28, 10.56, 469.67, 0.00, 469.67, 21.12, 469.67, 21.12, 13.22
7.37, 65, white car, 145.58, 471.28, 176.36, 484.78, 160.97, 478.03, 145.58, 478.03, 176.36, 478.03, 30.78, 13.51
7.40, 18, white car, 0.00, 463.07, 19.74, 476.22, 9.87, 469.64, 0.00, 469.64, 19.74, 469.64, 19.74, 13.16
7.40, 65, white car, 143.32, 471.18, 174.00, 484.64, 158.66, 477.91, 143.32, 477.91, 174.00, 477.91, 30.69, 13.47
7.43, 65, white car, 140.54, 471.06, 170.52, 484.21, 155.53, 477.63, 140.54, 477.63, 170.52, 477.63, 29.98, 13.15
7.47, 65, white car, 137.96, 470.85, 167.92, 484.01, 152.94, 477.43, 137.96, 477.43, 167.92, 477.43, 29.96, 13.16
7.50, 65, white car, 135.26, 470.30, 165.85, 483.73, 150.55, 477.01, 135.26, 477.01, 165.85, 477.01, 30.58, 13.43
7.53, 65, white car, 132.74, 470.19, 163.11, 483.56, 147.93, 476.87, 132.74, 476.87, 163.11, 476.87, 30.37, 13.37
7.53, 86, white car, 441.39, 491.79, 473.57, 504.76, 457.48, 498.27, 441.39, 498.27, 473.57, 498.27, 32.18, 12.97
7.57, 65, white car, 130.99, 470.08, 161.21, 483.36, 146.10, 476.72, 130.99, 476.72, 161.21, 476.72, 30.23, 13.28
7.57, 86, white car, 438.98, 491.61, 471.58, 504.75, 455.28, 498.18, 438.98, 498.18, 471.58, 498.18, 32.60, 13.14
7.60, 65, white car, 128.83, 469.88, 158.70, 482.99, 143.76, 476.44, 128.83, 476.44, 158.70, 476.44, 29.87, 13.11
7.63, 65, white car, 126.20, 469.78, 155.85, 482.79, 141.03, 476.29, 126.20, 476.29, 155.85, 476.29, 29.65, 13.01
7.67, 65, white car, 123.50, 469.45, 152.93, 482.37, 138.22, 475.91, 123.50, 475.91, 152.93, 475.91, 29.43, 12.92
7.70, 65, white car, 120.63, 469.23, 150.19, 482.21, 135.41, 475.72, 120.63, 475.72, 150.19, 475.72, 29.56, 12.97
7.73, 65, white car, 118.23, 469.06, 148.13, 482.17, 133.18, 475.62, 118.23, 475.62, 148.13, 475.62, 29.90, 13.12
7.73, 86, white car, 426.13, 490.59, 459.80, 504.20, 442.96, 497.40, 426.13, 497.40, 459.80, 497.40, 33.67, 13.61
7.77, 65, white car, 115.86, 469.02, 146.33, 482.36, 131.10, 475.69, 115.86, 475.69, 146.33, 475.69, 30.48, 13.34
7.77, 86, white car, 424.06, 490.57, 457.30, 504.02, 440.68, 497.29, 424.06, 497.29, 457.30, 497.29, 33.24, 13.46
7.80, 65, white car, 113.55, 469.01, 143.78, 482.19, 128.66, 475.60, 113.55, 475.60, 143.78, 475.60, 30.23, 13.18
7.83, 65, white car, 110.71, 468.81, 141.33, 482.14, 126.02, 475.47, 110.71, 475.47, 141.33, 475.47, 30.62, 13.34
7.87, 65, white car, 107.81, 468.39, 138.56, 481.74, 123.19, 475.06, 107.81, 475.06, 138.56, 475.06, 30.75, 13.35
7.87, 86, white car, 417.10, 490.11, 449.26, 503.12, 433.18, 496.61, 417.10, 496.61, 449.26, 496.61, 32.16, 13.01
7.90, 65, white car, 105.37, 468.11, 136.28, 481.52, 120.82, 474.82, 105.37, 474.82, 136.28, 474.82, 30.91, 13.41
7.93, 65, white car, 102.80, 467.81, 134.15, 481.40, 118.48, 474.61, 102.80, 474.61, 134.15, 474.61, 31.35, 13.60
7.93, 86, white car, 412.35, 489.78, 444.21, 502.66, 428.28, 496.22, 412.35, 496.22, 444.21, 496.22, 31.86, 12.89
7.97, 65, white car, 100.59, 467.66, 131.92, 481.23, 116.26, 474.45, 100.59, 474.45, 131.92, 474.45, 31.33, 13.57
7.97, 86, white car, 409.49, 489.56, 441.63, 502.60, 425.56, 496.08, 409.49, 496.08, 441.63, 496.08, 32.15, 13.03
8.00, 65, white car, 97.99, 467.37, 129.54, 481.04, 113.76, 474.21, 97.99, 474.21, 129.54, 474.21, 31.55, 13.67
8.00, 86, white car, 407.32, 489.36, 439.39, 502.36, 423.36, 495.86, 407.32, 495.86, 439.39, 495.86, 32.08, 13.00
8.03, 65, white car, 95.38, 466.98, 127.25, 480.81, 111.31, 473.90, 95.38, 473.90, 127.25, 473.90, 31.88, 13.83
8.03, 86, white car, 405.68, 489.24, 437.28, 502.03, 421.48, 495.64, 405.68, 495.64, 437.28, 495.64, 31.60, 12.80
8.07, 65, white car, 92.94, 466.85, 124.79, 480.67, 108.86, 473.76, 92.94, 473.76, 124.79, 473.76, 31.85, 13.82
8.07, 86, white car, 403.46, 489.21, 434.15, 501.63, 418.80, 495.42, 403.46, 495.42, 434.15, 495.42, 30.69, 12.43
8.10, 65, white car, 90.37, 466.68, 122.35, 480.59, 106.36, 473.63, 90.37, 473.63, 122.35, 473.63, 31.98, 13.90
8.10, 86, white car, 401.10, 489.05, 431.62, 501.39, 416.36, 495.22, 401.10, 495.22, 431.62, 495.22, 30.52, 12.34
8.13, 65, white car, 88.16, 466.58, 119.79, 480.35, 103.98, 473.47, 88.16, 473.47, 119.79, 473.47, 31.63, 13.77
8.13, 86, white car, 398.64, 489.07, 429.24, 501.41, 413.94, 495.24, 398.64, 495.24, 429.24, 495.24, 30.60, 12.33
8.17, 65, white car, 85.83, 466.44, 117.31, 480.13, 101.57, 473.29, 85.83, 473.29, 117.31, 473.29, 31.48, 13.69
8.17, 86, white car, 396.33, 488.91, 427.10, 501.29, 411.72, 495.10, 396.33, 495.10, 427.10, 495.10, 30.78, 12.37
8.20, 65, white car, 83.39, 466.35, 114.47, 479.86, 98.93, 473.11, 83.39, 473.11, 114.47, 473.11, 31.08, 13.51
8.23, 65, white car, 80.87, 466.19, 111.68, 479.54, 96.27, 472.86, 80.87, 472.86, 111.68, 472.86, 30.81, 13.35
8.27, 65, white car, 78.15, 466.14, 109.12, 479.52, 93.64, 472.83, 78.15, 472.83, 109.12, 472.83, 30.97, 13.38
8.30, 65, white car, 75.15, 465.87, 106.48, 479.40, 90.82, 472.63, 75.15, 472.63, 106.48, 472.63, 31.33, 13.53
8.33, 65, white car, 72.01, 465.42, 104.42, 479.42, 88.21, 472.42, 72.01, 472.42, 104.42, 472.42, 32.41, 14.00
8.33, 86, white car, 382.27, 488.08, 414.77, 501.15, 398.52, 494.61, 382.27, 494.61, 414.77, 494.61, 32.50, 13.07
8.37, 65, white car, 69.62, 465.37, 102.13, 479.41, 85.87, 472.39, 69.62, 472.39, 102.13, 472.39, 32.52, 14.05
8.37, 86, white car, 380.59, 487.75, 412.96, 500.75, 396.77, 494.25, 380.59, 494.25, 412.96, 494.25, 32.36, 13.00
8.40, 65, white car, 67.41, 465.24, 99.69, 479.20, 83.55, 472.22, 67.41, 472.22, 99.69, 472.22, 32.28, 13.96
8.40, 86, white car, 378.65, 487.68, 410.65, 500.52, 394.65, 494.10, 378.65, 494.10, 410.65, 494.10, 32.00, 12.84
8.43, 65, white car, 65.06, 465.00, 97.36, 478.97, 81.21, 471.98, 65.06, 471.98, 97.36, 471.98, 32.30, 13.97
8.43, 86, white car, 376.99, 487.32, 408.76, 500.03, 392.87, 493.68, 376.99, 493.68, 408.76, 493.68, 31.76, 12.71
8.47, 65, white car, 62.61, 464.76, 94.72, 478.69, 78.67, 471.72, 62.61, 471.72, 94.72, 471.72, 32.11, 13.93
8.50, 65, white car, 60.28, 464.54, 92.36, 478.53, 76.32, 471.54, 60.28, 471.54, 92.36, 471.54, 32.08, 13.99
8.50, 86, white car, 372.08, 487.31, 402.97, 499.65, 387.53, 493.48, 372.08, 493.48, 402.97, 493.48, 30.89, 12.33
8.53, 65, white car, 58.04, 464.48, 89.72, 478.30, 73.88, 471.39, 58.04, 471.39, 89.72, 471.39, 31.68, 13.82
8.53, 86, white car, 369.87, 487.44, 400.64, 499.67, 385.26, 493.56, 369.87, 493.56, 400.64, 493.56, 30.77, 12.23
8.57, 65, white car, 55.80, 464.37, 86.92, 477.92, 71.36, 471.14, 55.80, 471.14, 86.92, 471.14, 31.12, 13.55
8.57, 86, white car, 367.25, 487.10, 398.77, 499.59, 383.01, 493.35, 367.25, 493.35, 398.77, 493.35, 31.52, 12.50
8.60, 65, white car, 53.14, 464.01, 84.15, 477.48, 68.65, 470.74, 53.14, 470.74, 84.15, 470.74, 31.01, 13.47
8.60, 86, white car, 364.44, 486.99, 396.36, 499.62, 380.40, 493.31, 364.44, 493.31, 396.36, 493.31, 31.92, 12.63
8.63, 65, white car, 50.83, 463.78, 81.87, 477.23, 66.35, 470.51, 50.83, 470.51, 81.87, 470.51, 31.04, 13.44
8.67, 65, white car, 48.33, 463.74, 79.35, 477.18, 63.84, 470.46, 48.33, 470.46, 79.35, 470.46, 31.02, 13.44
8.70, 65, white car, 45.76, 463.52, 76.94, 477.05, 61.35, 470.29, 45.76, 470.29, 76.94, 470.29, 31.19, 13.53
8.70, 86, white car, 356.91, 487.09, 388.23, 499.53, 372.57, 493.31, 356.91, 493.31, 388.23, 493.31, 31.32, 12.44
8.73, 65, white car, 43.50, 463.49, 74.83, 477.09, 59.16, 470.29, 43.50, 470.29, 74.83, 470.29, 31.33, 13.60
8.73, 86, white car, 354.50, 486.88, 386.07, 499.44, 370.29, 493.16, 354.50, 493.16, 386.07, 493.16, 31.57, 12.56
8.77, 65, white car, 41.19, 463.39, 72.24, 476.89, 56.72, 470.14, 41.19, 470.14, 72.24, 470.14, 31.06, 13.50
8.77, 86, white car, 351.78, 486.12, 384.32, 499.18, 368.05, 492.65, 351.78, 492.65, 384.32, 492.65, 32.55, 13.06
8.80, 65, white car, 39.37, 463.12, 70.75, 476.72, 55.06, 469.92, 39.37, 469.92, 70.75, 469.92, 31.39, 13.60
8.83, 65, white car, 36.41, 462.70, 68.43, 476.49, 52.42, 469.59, 36.41, 469.59, 68.43, 469.59, 32.02, 13.80
8.87, 65, white car, 33.52, 462.50, 65.75, 476.42, 49.63, 469.46, 33.52, 469.46, 65.75, 469.46, 32.23, 13.92
8.90, 65, white car, 30.88, 462.35, 63.37, 476.40, 47.12, 469.37, 30.88, 469.37, 63.37, 469.37, 32.49, 14.06
8.93, 65, white car, 28.21, 462.11, 60.16, 475.96, 44.19, 469.03, 28.21, 469.03, 60.16, 469.03, 31.95, 13.85
8.97, 65, white car, 25.85, 461.95, 57.62, 475.75, 41.73, 468.85, 25.85, 468.85, 57.62, 468.85, 31.77, 13.80
9.00, 65, white car, 23.64, 461.85, 55.41, 475.67, 39.53, 468.76, 23.64, 468.76, 55.41, 468.76, 31.77, 13.82
9.03, 65, white car, 20.94, 461.80, 52.95, 475.76, 36.95, 468.78, 20.94, 468.78, 52.95, 468.78, 32.01, 13.96
9.07, 65, white car, 18.30, 461.67, 50.74, 475.85, 34.52, 468.76, 18.30, 468.76, 50.74, 468.76, 32.44, 14.18
9.10, 65, white car, 15.66, 461.56, 48.31, 475.87, 31.98, 468.72, 15.66, 468.72, 48.31, 468.72, 32.65, 14.30
9.13, 65, white car, 13.27, 461.44, 45.57, 475.63, 29.42, 468.54, 13.27, 468.54, 45.57, 468.54, 32.31, 14.19
9.17, 65, white car, 11.27, 461.32, 43.10, 475.32, 27.18, 468.32, 11.27, 468.32, 43.10, 468.32, 31.83, 14.00
9.20, 65, white car, 9.36, 461.47, 40.85, 475.31, 25.10, 468.39, 9.36, 468.39, 40.85, 468.39, 31.49, 13.84
9.23, 65, white car, 6.83, 461.35, 37.87, 474.94, 22.35, 468.15, 6.83, 468.15, 37.87, 468.15, 31.05, 13.59
9.27, 65, white car, 4.36, 461.09, 35.32, 474.65, 19.84, 467.87, 4.36, 467.87, 35.32, 467.87, 30.96, 13.56
9.30, 65, white car, 1.32, 460.78, 32.60, 474.48, 16.96, 467.63, 1.32, 467.63, 32.60, 467.63, 31.27, 13.70
9.33, 65, white car, 0.00, 460.49, 30.31, 474.29, 15.15, 467.39, 0.00, 467.39, 30.31, 467.39, 30.31, 13.80
9.37, 65, white car, 0.00, 460.32, 28.70, 474.04, 14.35, 467.18, 0.00, 467.18, 28.70, 467.18, 28.70, 13.71
9.40, 65, white car, 0.00, 460.24, 26.88, 473.62, 13.44, 466.93, 0.00, 466.93, 26.88, 466.93, 26.88, 13.37
9.47, 65, white car, 0.00, 460.18, 24.23, 473.31, 12.11, 466.74, 0.00, 466.74, 24.23, 466.74, 24.23, 13.13
9.53, 65, white car, 0.00, 460.08, 20.69, 473.08, 10.34, 466.58, 0.00, 466.58, 20.69, 466.58, 20.69, 13.00
