0.00, 22, white car, 1315.24, 556.60, 1349.72, 572.26, 1332.48, 564.43, 1315.24, 564.43, 1349.72, 564.43, 34.48, 15.66
0.00, 42, black car, 446.28, 505.60, 475.90, 519.70, 461.09, 512.65, 446.28, 512.65, 475.90, 512.65, 29.62, 14.10
0.03, 22, white car, 1313.30, 556.81, 1347.27, 572.24, 1330.28, 564.52, 1313.30, 564.52, 1347.27, 564.52, 33.96, 15.42
0.03, 42, black car, 443.65, 505.16, 473.91, 519.58, 458.78, 512.37, 443.65, 512.37, 473.91, 512.37, 30.26, 14.42
0.07, 22, white car, 1311.00, 556.75, 1344.89, 572.15, 1327.95, 564.45, 1311.00, 564.45, 1344.89, 564.45, 33.88, 15.40
0.10, 22, white car, 1308.58, 556.81, 1342.12, 572.06, 1325.35, 564.44, 1308.58, 564.44, 1342.12, 564.44, 33.54, 15.25
0.13, 22, white car, 1305.83, 556.44, 1339.78, 571.87, 1322.80, 564.16, 1305.83, 564.16, 1339.78, 564.16, 33.95, 15.43
0.17, 22, white car, 1303.20, 556.29, 1337.33, 571.80, 1320.26, 564.05, 1303.20, 564.05, 1337.33, 564.05, 34.13, 15.51
0.20, 22, white car, 1299.97, 556.27, 1334.31, 571.87, 1317.14, 564.07, 1299.97, 564.07, 1334.31, 564.07, 34.34, 15.61
0.23, 22, white car, 1297.44, 556.22, 1331.47, 571.70, 1314.46, 563.96, 1297.44, 563.96, 1331.47, 563.96, 34.04, 15.48
0.23, 42, black car, 428.31, 503.81, 457.84, 517.82, 443.07, 510.82, 428.31, 510.82, 457.84, 510.82, 29.53, 14.01
0.27, 22, white car, 1295.15, 556.17, 1329.35, 571.75, 1312.25, 563.96, 1295.15, 563.96, 1329.35, 563.96, 34.20, 15.59
0.27, 42, black car, 425.73, 503.49, 455.42, 517.52, 440.58, 510.50, 425.73, 510.50, 455.42, 510.50, 29.68, 14.03
0.30, 22, white car, 1292.65, 555.93, 1327.07, 571.62, 1309.86, 563.78, 1292.65, 563.78, 1327.07, 563.78, 34.42, 15.69
0.30, 42, black car, 423.49, 503.03, 453.12, 516.98, 438.31, 510.00, 423.49, 510.00, 453.12, 510.00, 29.64, 13.95
0.33, 22, white car, 1289.89, 555.44, 1324.69, 571.33, 1307.29, 563.38, 1289.89, 563.38, 1324.69, 563.38, 34.81, 15.89
0.33, 42, black car, 421.09, 502.53, 450.87, 516.48, 435.98, 509.51, 421.09, 509.51, 450.87, 509.51, 29.78, 13.95
0.37, 22, white car, 1286.83, 555.24, 1321.74, 571.21, 1304.29, 563.22, 1286.83, 563.22, 1321.74, 563.22, 34.91, 15.97
0.37, 42, black car, 418.72, 502.79, 447.74, 516.30, 433.23, 509.54, 418.72, 509.54, 447.74, 509.54, 29.02, 13.51
0.40, 22, white car, 1284.48, 555.26, 1318.86, 571.00, 1301.67, 563.13, 1284.48, 563.13, 1318.86, 563.13, 34.38, 15.74
0.40, 42, black car, 416.04, 502.72, 444.95, 516.10, 430.49, 509.41, 416.04, 509.41, 444.95, 509.41, 28.91, 13.39
0.43, 22, white car, 1282.13, 555.33, 1316.14, 570.90, 1299.14, 563.11, 1282.13, 563.11, 1316.14, 563.11, 34.00, 15.57
0.43, 42, black car, 413.24, 502.61, 442.25, 516.02, 427.74, 509.32, 413.24, 509.32, 442.25, 509.32, 29.01, 13.41
0.47, 22, white car, 1279.98, 555.25, 1313.66, 570.65, 1296.82, 562.95, 1279.98, 562.95, 1313.66, 562.95, 33.68, 15.40
0.47, 42, black car, 410.05, 502.24, 439.67, 515.93, 424.86, 509.08, 410.05, 509.08, 439.67, 509.08, 29.62, 13.68
0.50, 22, white car, 1277.46, 555.32, 1310.83, 570.56, 1294.14, 562.94, 1277.46, 562.94, 1310.83, 562.94, 33.37, 15.24
0.50, 42, black car, 407.30, 501.65, 437.31, 515.50, 422.31, 508.58, 407.30, 508.58, 437.31, 508.58, 30.01, 13.84
0.53, 22, white car, 1274.88, 555.29, 1308.00, 570.39, 1291.44, 562.84, 1274.88, 562.84, 1308.00, 562.84, 33.12, 15.10
0.53, 42, black car, 404.08, 501.21, 434.56, 515.26, 419.32, 508.24, 404.08, 508.24, 434.56, 508.24, 30.48, 14.05
0.57, 22, white car, 1271.84, 555.16, 1305.17, 570.34, 1288.51, 562.75, 1271.84, 562.75, 1305.17, 562.75, 33.33, 15.18
0.57, 42, black car, 401.48, 500.90, 431.72, 514.86, 416.60, 507.88, 401.48, 507.88, 431.72, 507.88, 30.24, 13.96
0.60, 22, white car, 1269.88, 555.56, 1302.18, 570.21, 1286.03, 562.88, 1269.88, 562.88, 1302.18, 562.88, 32.30, 14.65
0.60, 42, black car, 398.68, 500.55, 429.37, 514.72, 414.03, 507.64, 398.68, 507.64, 429.37, 507.64, 30.69, 14.17
0.63, 22, white car, 1267.26, 555.52, 1300.19, 570.45, 1283.72, 562.99, 1267.26, 562.99, 1300.19, 562.99, 32.93, 14.93
0.63, 42, black car, 396.10, 500.16, 426.86, 514.34, 411.48, 507.25, 396.10, 507.25, 426.86, 507.25, 30.77, 14.18
0.67, 22, white car, 1264.91, 555.46, 1297.68, 570.30, 1281.30, 562.88, 1264.91, 562.88, 1297.68, 562.88, 32.78, 14.84
0.67, 42, black car, 393.26, 499.73, 424.18, 513.96, 408.72, 506.85, 393.26, 506.85, 424.18, 506.85, 30.93, 14.23
0.70, 22, white car, 1262.06, 555.53, 1295.03, 570.40, 1278.54, 562.96, 1262.06, 562.96, 1295.03, 562.96, 32.97, 14.87
0.70, 42, black car, 390.88, 499.59, 421.41, 513.62, 406.14, 506.61, 390.88, 506.61, 421.41, 506.61, 30.53, 14.03
0.73, 22, white car, 1259.06, 555.35, 1292.19, 570.24, 1275.63, 562.80, 1259.06, 562.80, 1292.19, 562.80, 33.13, 14.89
0.73, 42, black car, 388.27, 499.44, 418.73, 513.44, 403.50, 506.44, 388.27, 506.44, 418.73, 506.44, 30.46, 14.00
0.77, 22, white car, 1256.74, 555.41, 1289.47, 570.07, 1273.10, 562.74, 1256.74, 562.74, 1289.47, 562.74, 32.72, 14.65
0.77, 42, black car, 385.44, 499.09, 416.08, 513.17, 400.76, 506.13, 385.44, 506.13, 416.08, 506.13, 30.64, 14.08
0.80, 22, white car, 1254.42, 555.44, 1286.78, 569.87, 1270.60, 562.65, 1254.42, 562.65, 1286.78, 562.65, 32.37, 14.43
0.80, 42, black car, 383.06, 498.94, 413.30, 512.86, 398.18, 505.90, 383.06, 505.90, 413.30, 505.90, 30.24, 13.91
0.80, 46, white car, 103.40, 467.46, 134.03, 481.20, 118.71, 474.33, 103.40, 474.33, 134.03, 474.33, 30.63, 13.74
0.83, 22, white car, 1251.60, 555.37, 1284.34, 569.91, 1267.97, 562.64, 1251.60, 562.64, 1284.34, 562.64, 32.73, 14.54
0.83, 42, black car, 380.67, 498.69, 410.81, 512.56, 395.74, 505.63, 380.67, 505.63, 410.81, 505.63, 30.15, 13.87
0.87, 22, white car, 1248.39, 555.15, 1282.09, 570.09, 1265.24, 562.62, 1248.39, 562.62, 1282.09, 562.62, 33.70, 14.95
0.87, 42, black car, 377.89, 498.35, 408.21, 512.30, 393.05, 505.32, 377.89, 505.32, 408.21, 505.32, 30.32, 13.95
0.90, 22, white car, 1245.94, 555.12, 1279.76, 570.09, 1262.85, 562.60, 1245.94, 562.60, 1279.76, 562.60, 33.81, 14.98
0.90, 42, black car, 375.23, 498.18, 405.22, 511.97, 390.23, 505.07, 375.23, 505.07, 405.22, 505.07, 29.98, 13.78
0.93, 22, white car, 1243.22, 555.01, 1277.12, 570.00, 1260.17, 562.51, 1243.22, 562.51, 1277.12, 562.51, 33.91, 14.99
0.93, 42, black car, 372.98, 498.11, 402.92, 511.89, 387.95, 505.00, 372.98, 505.00, 402.92, 505.00, 29.94, 13.78
0.97, 22, white car, 1241.16, 555.24, 1274.50, 569.96, 1257.83, 562.60, 1241.16, 562.60, 1274.50, 562.60, 33.34, 14.72
0.97, 42, black car, 370.32, 497.88, 400.56, 511.82, 385.44, 504.85, 370.32, 504.85, 400.56, 504.85, 30.24, 13.94
1.00, 22, white car, 1238.08, 555.03, 1272.08, 570.04, 1255.08, 562.54, 1238.08, 562.54, 1272.08, 562.54, 34.00, 15.01
1.00, 42, black car, 367.47, 497.52, 397.80, 511.47, 382.63, 504.50, 367.47, 504.50, 397.80, 504.50, 30.33, 13.95
1.03, 22, white car, 1235.37, 554.82, 1269.78, 570.02, 1252.57, 562.42, 1235.37, 562.42, 1269.78, 562.42, 34.41, 15.20
1.03, 42, black car, 365.02, 497.12, 395.65, 511.24, 380.34, 504.18, 365.02, 504.18, 395.65, 504.18, 30.62, 14.12
1.07, 22, white car, 1232.60, 554.69, 1267.32, 570.04, 1249.96, 562.36, 1232.60, 562.36, 1267.32, 562.36, 34.72, 15.35
1.07, 42, black car, 363.06, 497.16, 392.88, 510.92, 377.97, 504.04, 363.06, 504.04, 392.88, 504.04, 29.81, 13.76
1.10, 22, white car, 1230.02, 554.49, 1264.64, 569.78, 1247.33, 562.13, 1230.02, 562.13, 1264.64, 562.13, 34.62, 15.29
1.10, 42, black car, 361.39, 497.08, 390.75, 510.66, 376.07, 503.87, 361.39, 503.87, 390.75, 503.87, 29.36, 13.58
1.13, 22, white car, 1227.80, 554.50, 1261.87, 569.53, 1244.84, 562.01, 1227.80, 562.01, 1261.87, 562.01, 34.07, 15.03
1.13, 42, black car, 359.07, 496.43, 388.60, 510.17, 373.84, 503.30, 359.07, 503.30, 388.60, 503.30, 29.52, 13.74
1.17, 22, white car, 1225.18, 554.32, 1259.33, 569.36, 1242.26, 561.84, 1225.18, 561.84, 1259.33, 561.84, 34.15, 15.04
1.17, 42, black car, 356.39, 496.12, 385.64, 509.83, 371.02, 502.97, 356.39, 502.97, 385.64, 502.97, 29.25, 13.71
1.20, 22, white car, 1222.68, 554.16, 1257.04, 569.29, 1239.86, 561.72, 1222.68, 561.72, 1257.04, 561.72, 34.36, 15.13
1.20, 42, black car, 354.14, 495.90, 382.97, 509.51, 368.56, 502.70, 354.14, 502.70, 382.97, 502.70, 28.82, 13.61
1.23, 22, white car, 1220.33, 554.13, 1254.35, 569.11, 1237.34, 561.62, 1220.33, 561.62, 1254.35, 561.62, 34.02, 14.98
1.23, 42, black car, 350.69, 495.15, 380.11, 509.03, 365.40, 502.09, 350.69, 502.09, 380.11, 502.09, 29.42, 13.88
1.27, 22, white car, 1217.55, 554.12, 1251.46, 569.06, 1234.50, 561.59, 1217.55, 561.59, 1251.46, 561.59, 33.91, 14.93
1.27, 42, black car, 347.24, 495.03, 377.05, 509.07, 362.14, 502.05, 347.24, 502.05, 377.05, 502.05, 29.81, 14.04
1.30, 22, white car, 1214.78, 554.16, 1248.14, 568.83, 1231.46, 561.50, 1214.78, 561.50, 1248.14, 561.50, 33.36, 14.67
1.30, 42, black car, 345.00, 495.08, 374.65, 509.02, 359.83, 502.05, 345.00, 502.05, 374.65, 502.05, 29.65, 13.94
1.33, 22, white car, 1212.13, 554.04, 1245.61, 568.76, 1228.87, 561.40, 1212.13, 561.40, 1245.61, 561.40, 33.48, 14.72
1.33, 42, black car, 342.22, 494.88, 371.89, 508.81, 357.06, 501.84, 342.22, 501.84, 371.89, 501.84, 29.67, 13.94
1.37, 22, white car, 1210.02, 554.00, 1243.21, 568.58, 1226.61, 561.29, 1210.02, 561.29, 1243.21, 561.29, 33.18, 14.57
1.37, 42, black car, 339.33, 494.53, 369.10, 508.49, 354.21, 501.51, 339.33, 501.51, 369.10, 501.51, 29.77, 13.96
1.40, 22, white car, 1207.35, 554.04, 1240.48, 568.59, 1223.92, 561.31, 1207.35, 561.31, 1240.48, 561.31, 33.13, 14.55
1.40, 42, black car, 337.31, 493.88, 367.09, 507.87, 352.20, 500.87, 337.31, 500.87, 367.09, 500.87, 29.77, 13.99
1.43, 22, white car, 1204.79, 554.07, 1237.92, 568.62, 1221.35, 561.34, 1204.79, 561.34, 1237.92, 561.34, 33.13, 14.55
1.43, 42, black car, 335.60, 493.47, 365.51, 507.51, 350.55, 500.49, 335.60, 500.49, 365.51, 500.49, 29.90, 14.04
1.43, 51, white car, 63.47, 462.69, 95.35, 476.35, 79.41, 469.52, 63.47, 469.52, 95.35, 469.52, 31.88, 13.65
1.47, 22, white car, 1201.57, 553.85, 1235.12, 568.56, 1218.34, 561.21, 1201.57, 561.21, 1235.12, 561.21, 33.55, 14.71
1.47, 42, black car, 332.59, 493.10, 362.53, 507.12, 347.56, 500.11, 332.59, 500.11, 362.53, 500.11, 29.94, 14.02
1.47, 51, white car, 61.67, 462.38, 93.94, 476.21, 77.80, 469.30, 61.67, 469.30, 93.94, 469.30, 32.28, 13.82
1.50, 22, white car, 1198.89, 553.71, 1232.42, 568.39, 1215.65, 561.05, 1198.89, 561.05, 1232.42, 561.05, 33.54, 14.68
1.50, 42, black car, 331.41, 493.44, 360.04, 506.82, 345.73, 500.13, 331.41, 500.13, 360.04, 500.13, 28.63, 13.37
1.50, 51, white car, 59.45, 462.03, 91.69, 475.84, 75.57, 468.94, 59.45, 468.94, 91.69, 468.94, 32.24, 13.80
1.53, 22, white car, 1196.89, 553.80, 1230.13, 568.35, 1213.51, 561.08, 1196.89, 561.08, 1230.13, 561.08, 33.24, 14.55
1.53, 42, black car, 330.29, 493.03, 358.82, 506.37, 344.56, 499.70, 330.29, 499.70, 358.82, 499.70, 28.54, 13.33
1.53, 51, white car, 57.50, 461.66, 90.09, 475.62, 73.80, 468.64, 57.50, 468.64, 90.09, 468.64, 32.59, 13.95
1.57, 22, white car, 1194.47, 553.86, 1227.31, 568.24, 1210.89, 561.05, 1194.47, 561.05, 1227.31, 561.05, 32.84, 14.38
1.57, 42, black car, 327.36, 493.09, 354.98, 506.14, 341.17, 499.61, 327.36, 499.61, 354.98, 499.61, 27.62, 13.05
1.57, 51, white car, 56.00, 461.68, 88.18, 475.43, 72.09, 468.55, 56.00, 468.55, 88.18, 468.55, 32.18, 13.75
1.60, 22, white car, 1191.81, 553.88, 1224.63, 568.27, 1208.22, 561.07, 1191.81, 561.07, 1224.63, 561.07, 32.83, 14.39
1.63, 22, white car, 1188.83, 553.76, 1221.77, 568.23, 1205.30, 560.99, 1188.83, 560.99, 1221.77, 560.99, 32.94, 14.46
1.63, 42, black car, 320.23, 492.89, 347.81, 505.88, 334.02, 499.38, 320.23, 499.38, 347.81, 499.38, 27.58, 12.99
1.67, 22, white car, 1186.49, 553.59, 1219.50, 568.10, 1202.99, 560.84, 1186.49, 560.84, 1219.50, 560.84, 33.00, 14.51
1.67, 42, black car, 316.98, 492.44, 344.96, 505.61, 330.97, 499.02, 316.98, 499.02, 344.96, 499.02, 27.98, 13.17
1.70, 22, white car, 1183.85, 553.39, 1217.10, 568.04, 1200.48, 560.71, 1183.85, 560.71, 1217.10, 560.71, 33.26, 14.64
1.70, 42, black car, 314.57, 491.99, 343.03, 505.36, 328.80, 498.68, 314.57, 498.68, 343.03, 498.68, 28.46, 13.37
1.73, 22, white car, 1181.35, 553.42, 1214.59, 568.05, 1197.97, 560.73, 1181.35, 560.73, 1214.59, 560.73, 33.24, 14.62
1.73, 42, black car, 312.14, 491.54, 341.62, 505.28, 326.88, 498.41, 312.14, 498.41, 341.62, 498.41, 29.47, 13.74
1.73, 51, white car, 45.82, 461.17, 78.11, 474.98, 61.97, 468.08, 45.82, 468.08, 78.11, 468.08, 32.29, 13.81
1.77, 22, white car, 1178.65, 553.51, 1211.48, 567.90, 1195.07, 560.70, 1178.65, 560.70, 1211.48, 560.70, 32.83, 14.39
1.77, 42, black car, 308.86, 491.39, 338.10, 505.00, 323.48, 498.20, 308.86, 498.20, 338.10, 498.20, 29.25, 13.61
1.77, 51, white car, 44.31, 461.06, 76.80, 474.94, 60.56, 468.00, 44.31, 468.00, 76.80, 468.00, 32.49, 13.88
1.80, 22, white car, 1176.17, 553.52, 1208.82, 567.85, 1192.50, 560.69, 1176.17, 560.69, 1208.82, 560.69, 32.65, 14.33
1.80, 42, black car, 306.97, 491.13, 335.70, 504.50, 321.34, 497.82, 306.97, 497.82, 335.70, 497.82, 28.74, 13.37
1.80, 51, white car, 42.35, 460.98, 74.58, 474.76, 58.46, 467.87, 42.35, 467.87, 74.58, 467.87, 32.23, 13.78
1.83, 22, white car, 1173.51, 553.29, 1206.30, 567.69, 1189.91, 560.49, 1173.51, 560.49, 1206.30, 560.49, 32.80, 14.40
1.83, 42, black car, 304.44, 491.04, 333.33, 504.45, 318.88, 497.74, 304.44, 497.74, 333.33, 497.74, 28.89, 13.40
1.87, 22, white car, 1170.86, 553.24, 1203.63, 567.62, 1187.24, 560.43, 1170.86, 560.43, 1203.63, 560.43, 32.76, 14.38
1.87, 42, black car, 301.72, 490.87, 330.28, 504.07, 316.00, 497.47, 301.72, 497.47, 330.28, 497.47, 28.56, 13.21
1.90, 22, white car, 1168.31, 553.25, 1201.21, 567.69, 1184.76, 560.47, 1168.31, 560.47, 1201.21, 560.47, 32.91, 14.44
1.90, 42, black car, 299.17, 490.61, 328.09, 503.92, 313.63, 497.27, 299.17, 497.27, 328.09, 497.27, 28.92, 13.31
1.93, 22, white car, 1165.70, 553.23, 1198.56, 567.63, 1182.13, 560.43, 1165.70, 560.43, 1198.56, 560.43, 32.86, 14.39
1.93, 42, black car, 296.83, 489.78, 325.85, 503.10, 311.34, 496.44, 296.83, 496.44, 325.85, 496.44, 29.01, 13.31
1.93, 51, white car, 33.76, 459.88, 67.22, 474.23, 50.49, 467.06, 33.76, 467.06, 67.22, 467.06, 33.46, 14.35
1.97, 22, white car, 1163.13, 553.11, 1196.26, 567.63, 1179.70, 560.37, 1163.13, 560.37, 1196.26, 560.37, 33.13, 14.52
1.97, 42, black car, 294.70, 489.62, 323.01, 502.53, 308.85, 496.08, 294.70, 496.08, 323.01, 496.08, 28.31, 12.91
1.97, 51, white car, 31.73, 459.96, 64.83, 474.18, 48.28, 467.07, 31.73, 467.07, 64.83, 467.07, 33.11, 14.22
2.00, 22, white car, 1160.38, 552.93, 1193.42, 567.41, 1176.90, 560.17, 1160.38, 560.17, 1193.42, 560.17, 33.03, 14.48
2.00, 42, black car, 291.74, 489.12, 320.61, 502.32, 306.18, 495.72, 291.74, 495.72, 320.61, 495.72, 28.87, 13.19
2.03, 22, white car, 1157.45, 552.75, 1190.70, 567.34, 1174.08, 560.05, 1157.45, 560.05, 1190.70, 560.05, 33.25, 14.59
2.03, 42, black car, 289.32, 488.93, 318.00, 502.03, 303.66, 495.48, 289.32, 495.48, 318.00, 495.48, 28.68, 13.10
2.07, 22, white car, 1155.00, 552.79, 1188.00, 567.25, 1171.50, 560.02, 1155.00, 560.02, 1188.00, 560.02, 32.99, 14.46
2.07, 42, black car, 286.97, 489.12, 315.27, 502.03, 301.12, 495.57, 286.97, 495.57, 315.27, 495.57, 28.30, 12.91
2.10, 22, white car, 1152.25, 552.63, 1185.31, 567.12, 1168.78, 559.88, 1152.25, 559.88, 1185.31, 559.88, 33.06, 14.49
2.10, 42, black car, 284.53, 488.98, 313.42, 502.14, 298.98, 495.56, 284.53, 495.56, 313.42, 495.56, 28.89, 13.16
2.13, 22, white car, 1149.86, 552.54, 1182.50, 566.86, 1166.18, 559.70, 1149.86, 559.70, 1182.50, 559.70, 32.63, 14.32
2.13, 42, black car, 282.05, 488.61, 311.08, 501.83, 296.57, 495.22, 282.05, 495.22, 311.08, 495.22, 29.03, 13.22
2.17, 22, white car, 1147.32, 552.58, 1180.06, 566.97, 1163.69, 559.77, 1147.32, 559.77, 1180.06, 559.77, 32.73, 14.39
2.17, 42, black car, 279.53, 488.19, 308.96, 501.56, 294.24, 494.87, 279.53, 494.87, 308.96, 494.87, 29.43, 13.37
2.20, 22, white car, 1144.43, 552.27, 1177.45, 566.80, 1160.94, 559.54, 1144.43, 559.54, 1177.45, 559.54, 33.02, 14.53
2.20, 42, black car, 276.32, 487.75, 306.13, 501.30, 291.23, 494.53, 276.32, 494.53, 306.13, 494.53, 29.81, 13.55
2.23, 22, white car, 1141.83, 552.28, 1174.95, 566.86, 1158.39, 559.57, 1141.83, 559.57, 1174.95, 559.57, 33.12, 14.57
2.23, 42, black car, 273.85, 487.61, 303.70, 501.21, 288.77, 494.41, 273.85, 494.41, 303.70, 494.41, 29.86, 13.59
2.27, 22, white car, 1139.36, 552.28, 1172.28, 566.74, 1155.82, 559.51, 1139.36, 559.51, 1172.28, 559.51, 32.92, 14.46
2.27, 42, black car, 271.21, 487.29, 301.29, 501.03, 286.25, 494.16, 271.21, 494.16, 301.29, 494.16, 30.07, 13.73
2.30, 22, white car, 1136.48, 551.94, 1169.77, 566.60, 1153.12, 559.27, 1136.48, 559.27, 1169.77, 559.27, 33.29, 14.66
2.30, 42, black car, 268.69, 486.83, 299.18, 500.83, 283.94, 493.83, 268.69, 493.83, 299.18, 493.83, 30.49, 13.99
2.33, 22, white car, 1133.67, 551.93, 1167.00, 566.66, 1150.34, 559.30, 1133.67, 559.30, 1167.00, 559.30, 33.33, 14.73
2.33, 42, black car, 266.14, 486.46, 296.67, 500.51, 281.41, 493.48, 266.14, 493.48, 296.67, 493.48, 30.53, 14.05
2.37, 22, white car, 1130.57, 551.83, 1164.17, 566.70, 1147.37, 559.26, 1130.57, 559.26, 1164.17, 559.26, 33.60, 14.87
2.37, 42, black car, 264.05, 486.16, 294.36, 500.17, 279.20, 493.17, 264.05, 493.17, 294.36, 493.17, 30.31, 14.01
2.40, 22, white car, 1128.19, 551.75, 1161.57, 566.53, 1144.88, 559.14, 1128.19, 559.14, 1161.57, 559.14, 33.38, 14.77
2.40, 42, black car, 261.83, 485.87, 292.00, 499.88, 276.92, 492.87, 261.83, 492.87, 292.00, 492.87, 30.16, 14.02
2.43, 22, white car, 1126.06, 551.67, 1159.36, 566.43, 1142.71, 559.05, 1126.06, 559.05, 1159.36, 559.05, 33.30, 14.76
2.43, 42, black car, 258.74, 485.47, 289.48, 499.80, 274.11, 492.63, 258.74, 492.63, 289.48, 492.63, 30.74, 14.33
2.47, 22, white car, 1123.42, 551.58, 1156.68, 566.29, 1140.05, 558.93, 1123.42, 558.93, 1156.68, 558.93, 33.26, 14.72
2.47, 42, black car, 256.25, 485.20, 287.04, 499.59, 271.64, 492.39, 256.25, 492.39, 287.04, 492.39, 30.79, 14.39
2.50, 22, white car, 1121.00, 551.71, 1153.89, 566.24, 1137.45, 558.97, 1121.00, 558.97, 1153.89, 558.97, 32.89, 14.53
2.50, 42, black car, 254.18, 484.90, 284.78, 499.21, 269.48, 492.06, 254.18, 492.06, 284.78, 492.06, 30.60, 14.31
2.53, 22, white car, 1118.10, 551.60, 1151.32, 566.28, 1134.71, 558.94, 1118.10, 558.94, 1151.32, 558.94, 33.22, 14.68
2.53, 42, black car, 251.91, 484.43, 282.71, 498.84, 267.31, 491.64, 251.91, 491.64, 282.71, 491.64, 30.80, 14.41
2.57, 22, white car, 1115.23, 551.38, 1148.76, 566.23, 1132.00, 558.80, 1115.23, 558.80, 1148.76, 558.80, 33.53, 14.85
2.57, 42, black car, 249.89, 484.15, 280.39, 498.41, 265.14, 491.28, 249.89, 491.28, 280.39, 491.28, 30.50, 14.27
2.60, 22, white car, 1112.94, 551.44, 1146.25, 566.19, 1129.60, 558.81, 1112.94, 558.81, 1146.25, 558.81, 33.31, 14.76
2.60, 42, black car, 247.74, 483.92, 278.09, 498.13, 262.91, 491.02, 247.74, 491.02, 278.09, 491.02, 30.35, 14.21
2.63, 22, white car, 1110.28, 551.21, 1143.62, 565.97, 1126.95, 558.59, 1110.28, 558.59, 1143.62, 558.59, 33.34, 14.77
2.63, 42, black car, 245.80, 483.86, 275.95, 498.00, 260.88, 490.93, 245.80, 490.93, 275.95, 490.93, 30.15, 14.14
2.67, 22, white car, 1107.72, 551.04, 1140.88, 565.72, 1124.30, 558.38, 1107.72, 558.38, 1140.88, 558.38, 33.16, 14.68
2.67, 42, black car, 243.14, 483.57, 273.38, 497.76, 258.26, 490.66, 243.14, 490.66, 273.38, 490.66, 30.24, 14.19
2.70, 22, white car, 1105.10, 550.88, 1138.70, 565.80, 1121.90, 558.34, 1105.10, 558.34, 1138.70, 558.34, 33.60, 14.93
2.70, 42, black car, 240.53, 483.41, 270.60, 497.52, 255.57, 490.47, 240.53, 490.47, 270.60, 490.47, 30.07, 14.11
2.73, 22, white car, 1102.22, 550.75, 1135.50, 565.57, 1118.86, 558.16, 1102.22, 558.16, 1135.50, 558.16, 33.28, 14.81
2.73, 42, black car, 238.00, 483.00, 268.53, 497.34, 253.26, 490.17, 238.00, 490.17, 268.53, 490.17, 30.53, 14.34
2.77, 22, white car, 1100.16, 550.98, 1132.64, 565.41, 1116.40, 558.20, 1100.16, 558.20, 1132.64, 558.20, 32.47, 14.43
2.77, 42, black car, 235.61, 482.78, 265.91, 497.04, 250.76, 489.91, 235.61, 489.91, 265.91, 489.91, 30.30, 14.25
2.80, 22, white car, 1097.93, 550.93, 1129.97, 565.14, 1113.95, 558.03, 1097.93, 558.03, 1129.97, 558.03, 32.04, 14.21
2.80, 42, black car, 233.97, 482.85, 263.35, 496.69, 248.66, 489.77, 233.97, 489.77, 263.35, 489.77, 29.38, 13.84
2.83, 22, white car, 1095.00, 550.67, 1127.32, 564.98, 1111.16, 557.82, 1095.00, 557.82, 1127.32, 557.82, 32.31, 14.32
2.83, 42, black car, 231.21, 482.33, 261.35, 496.56, 246.28, 489.44, 231.21, 489.44, 261.35, 489.44, 30.15, 14.22
2.87, 22, white car, 1092.69, 550.77, 1124.84, 564.99, 1108.76, 557.88, 1092.69, 557.88, 1124.84, 557.88, 32.15, 14.21
2.87, 42, black car, 228.89, 481.81, 259.07, 496.09, 243.98, 488.95, 228.89, 488.95, 259.07, 488.95, 30.19, 14.27
2.90, 22, white car, 1090.09, 550.89, 1121.90, 564.94, 1106.00, 557.91, 1090.09, 557.91, 1121.90, 557.91, 31.81, 14.05
2.90, 42, black car, 226.61, 481.72, 256.37, 495.76, 241.49, 488.74, 226.61, 488.74, 256.37, 488.74, 29.76, 14.05
2.93, 22, white car, 1087.84, 551.01, 1119.03, 564.74, 1103.43, 557.88, 1087.84, 557.88, 1119.03, 557.88, 31.19, 13.72
2.93, 42, black car, 223.37, 480.90, 254.17, 495.40, 238.77, 488.15, 223.37, 488.15, 254.17, 488.15, 30.80, 14.51
2.97, 22, white car, 1085.36, 550.97, 1116.24, 564.51, 1100.80, 557.74, 1085.36, 557.74, 1116.24, 557.74, 30.88, 13.55
2.97, 42, black car, 221.19, 480.50, 251.76, 494.87, 236.47, 487.69, 221.19, 487.69, 251.76, 487.69, 30.57, 14.37
3.00, 22, white car, 1082.21, 550.79, 1113.54, 564.49, 1097.88, 557.64, 1082.21, 557.64, 1113.54, 557.64, 31.33, 13.70
3.00, 42, black car, 219.35, 480.59, 249.34, 494.67, 234.34, 487.63, 219.35, 487.63, 249.34, 487.63, 29.98, 14.08
3.03, 22, white car, 1079.48, 550.61, 1111.43, 564.55, 1095.46, 557.58, 1079.48, 557.58, 1111.43, 557.58, 31.95, 13.94
3.03, 42, black car, 217.51, 480.60, 247.45, 494.64, 232.48, 487.62, 217.51, 487.62, 247.45, 487.62, 29.94, 14.04
3.07, 22, white car, 1076.70, 550.59, 1108.55, 564.47, 1092.63, 557.53, 1076.70, 557.53, 1108.55, 557.53, 31.85, 13.88
3.07, 42, black car, 215.53, 480.25, 245.47, 494.26, 230.50, 487.25, 215.53, 487.25, 245.47, 487.25, 29.94, 14.01
3.10, 22, white car, 1074.05, 550.53, 1105.86, 564.37, 1089.96, 557.45, 1074.05, 557.45, 1105.86, 557.45, 31.81, 13.84
3.10, 42, black car, 213.21, 480.07, 242.87, 493.91, 228.04, 486.99, 213.21, 486.99, 242.87, 486.99, 29.66, 13.84
3.13, 22, white car, 1071.42, 550.32, 1103.52, 564.29, 1087.47, 557.30, 1071.42, 557.30, 1103.52, 557.30, 32.10, 13.97
3.13, 42, black car, 210.89, 479.76, 240.82, 493.74, 225.85, 486.75, 210.89, 486.75, 240.82, 486.75, 29.93, 13.98
3.17, 22, white car, 1068.33, 549.91, 1101.25, 564.28, 1084.79, 557.09, 1068.33, 557.09, 1101.25, 557.09, 32.92, 14.37
3.17, 42, black car, 208.45, 479.54, 238.33, 493.53, 223.39, 486.54, 208.45, 486.54, 238.33, 486.54, 29.88, 13.99
3.20, 22, white car, 1065.49, 549.70, 1098.66, 564.20, 1082.08, 556.95, 1065.49, 556.95, 1098.66, 556.95, 33.17, 14.50
3.20, 42, black car, 205.99, 479.35, 235.64, 493.34, 220.82, 486.35, 205.99, 486.35, 235.64, 486.35, 29.65, 13.98
3.23, 22, white car, 1062.72, 549.51, 1095.90, 564.07, 1079.31, 556.79, 1062.72, 556.79, 1095.90, 556.79, 33.18, 14.56
3.23, 42, black car, 203.51, 479.13, 233.33, 493.27, 218.42, 486.20, 203.51, 486.20, 233.33, 486.20, 29.82, 14.14
3.27, 22, white car, 1060.10, 549.46, 1093.03, 563.94, 1076.56, 556.70, 1060.10, 556.70, 1093.03, 556.70, 32.93, 14.48
3.27, 42, black car, 201.86, 479.01, 231.08, 492.92, 216.47, 485.96, 201.86, 485.96, 231.08, 485.96, 29.23, 13.92
3.30, 22, white car, 1057.66, 549.47, 1090.35, 563.85, 1074.00, 556.66, 1057.66, 556.66, 1090.35, 556.66, 32.70, 14.38
3.30, 42, black car, 200.25, 478.89, 229.13, 492.68, 214.69, 485.79, 200.25, 485.79, 229.13, 485.79, 28.88, 13.79
3.33, 22, white car, 1055.69, 549.35, 1088.26, 563.67, 1071.97, 556.51, 1055.69, 556.51, 1088.26, 556.51, 32.57, 14.32
3.33, 42, black car, 198.48, 478.75, 226.88, 492.30, 212.68, 485.52, 198.48, 485.52, 226.88, 485.52, 28.40, 13.55
3.37, 22, white car, 1053.07, 549.09, 1085.39, 563.27, 1069.23, 556.18, 1053.07, 556.18, 1085.39, 556.18, 32.33, 14.18
3.37, 42, black car, 195.81, 478.29, 224.71, 492.08, 210.26, 485.18, 195.81, 485.18, 224.71, 485.18, 28.90, 13.79
3.40, 22, white car, 1050.26, 549.00, 1082.39, 563.07, 1066.32, 556.04, 1050.26, 556.04, 1082.39, 556.04, 32.13, 14.07
3.40, 42, black car, 193.30, 478.21, 222.14, 491.93, 207.72, 485.07, 193.30, 485.07, 222.14, 485.07, 28.84, 13.72
3.43, 22, white car, 1047.57, 549.17, 1079.12, 562.97, 1063.34, 556.07, 1047.57, 556.07, 1079.12, 556.07, 31.54, 13.80
3.43, 42, black car, 190.74, 478.07, 219.62, 491.81, 205.18, 484.94, 190.74, 484.94, 219.62, 484.94, 28.87, 13.73
3.47, 22, white car, 1044.93, 549.32, 1076.00, 562.87, 1060.47, 556.10, 1044.93, 556.10, 1076.00, 556.10, 31.06, 13.55
3.47, 42, black car, 188.65, 478.14, 217.17, 491.73, 202.91, 484.93, 188.65, 484.93, 217.17, 484.93, 28.53, 13.60
3.50, 22, white car, 1042.44, 549.33, 1073.51, 562.87, 1057.97, 556.10, 1042.44, 556.10, 1073.51, 556.10, 31.07, 13.54
3.53, 22, white car, 1039.77, 549.26, 1071.24, 562.92, 1055.51, 556.09, 1039.77, 556.09, 1071.24, 556.09, 31.47, 13.66
3.57, 22, white car, 1037.22, 549.32, 1068.65, 562.92, 1052.93, 556.12, 1037.22, 556.12, 1068.65, 556.12, 31.43, 13.60
3.60, 22, white car, 1034.51, 549.27, 1066.04, 562.89, 1050.27, 556.08, 1034.51, 556.08, 1066.04, 556.08, 31.54, 13.62
3.63, 22, white car, 1031.67, 549.30, 1063.25, 562.95, 1047.46, 556.12, 1031.67, 556.12, 1063.25, 556.12, 31.58, 13.65
3.67, 22, white car, 1029.10, 549.18, 1060.41, 562.71, 1044.76, 555.94, 1029.10, 555.94, 1060.41, 555.94, 31.31, 13.53
3.70, 22, white car, 1026.29, 548.87, 1057.72, 562.42, 1042.00, 555.64, 1026.29, 555.64, 1057.72, 555.64, 31.44, 13.55
3.70, 42, black car, 174.13, 475.11, 202.62, 488.77, 188.38, 481.94, 174.13, 481.94, 202.62, 481.94, 28.49, 13.66
3.73, 22, white car, 1023.72, 548.65, 1055.24, 562.22, 1039.48, 555.43, 1023.72, 555.43, 1055.24, 555.43, 31.52, 13.56
3.77, 22, white car, 1021.15, 548.54, 1052.70, 562.14, 1036.93, 555.34, 1021.15, 555.34, 1052.70, 555.34, 31.55, 13.60
3.80, 22, white car, 1018.48, 548.43, 1050.29, 562.16, 1034.38, 555.29, 1018.48, 555.29, 1050.29, 555.29, 31.81, 13.73
3.83, 22, white car, 1015.86, 548.44, 1047.32, 561.99, 1031.59, 555.21, 1015.86, 555.21, 1047.32, 555.21, 31.46, 13.56
3.87, 22, white car, 1013.00, 548.03, 1044.80, 561.71, 1028.90, 554.87, 1013.00, 554.87, 1044.80, 554.87, 31.80, 13.68
3.90, 22, white car, 1010.27, 547.80, 1042.21, 561.49, 1026.24, 554.64, 1010.27, 554.64, 1042.21, 554.64, 31.94, 13.69
3.93, 22, white car, 1007.72, 547.75, 1039.44, 561.34, 1023.58, 554.55, 1007.72, 554.55, 1039.44, 554.55, 31.72, 13.59
3.93, 42, black car, 156.68, 473.71, 184.83, 487.16, 170.75, 480.43, 156.68, 480.43, 184.83, 480.43, 28.15, 13.45
3.97, 22, white car, 1004.60, 547.81, 1036.72, 561.59, 1020.66, 554.70, 1004.60, 554.70, 1036.72, 554.70, 32.12, 13.77
3.97, 42, black car, 154.41, 473.45, 182.85, 486.97, 168.63, 480.21, 154.41, 480.21, 182.85, 480.21, 28.44, 13.52
4.00, 22, white car, 1002.13, 547.84, 1034.09, 561.55, 1018.11, 554.69, 1002.13, 554.69, 1034.09, 554.69, 31.95, 13.71
4.00, 42, black car, 151.86, 473.30, 180.67, 486.99, 166.27, 480.14, 151.86, 480.14, 180.67, 480.14, 28.81, 13.69
4.03, 22, white car, 999.93, 547.59, 1031.54, 561.15, 1015.73, 554.37, 999.93, 554.37, 1031.54, 554.37, 31.61, 13.55
4.03, 42, black car, 149.52, 473.20, 178.69, 487.03, 164.11, 480.11, 149.52, 480.11, 178.69, 480.11, 29.17, 13.82
4.07, 22, white car, 997.60, 547.66, 1028.77, 561.00, 1013.19, 554.33, 997.60, 554.33, 1028.77, 554.33, 31.17, 13.33
4.07, 42, black car, 147.35, 473.10, 176.74, 487.03, 162.05, 480.07, 147.35, 480.07, 176.74, 480.07, 29.39, 13.93
4.10, 22, white car, 994.85, 547.60, 1025.86, 560.87, 1010.35, 554.23, 994.85, 554.23, 1025.86, 554.23, 31.01, 13.27
4.10, 42, black car, 145.46, 473.25, 174.65, 487.12, 160.06, 480.18, 145.46, 480.18, 174.65, 480.18, 29.19, 13.87
4.13, 22, white car, 992.08, 547.55, 1023.04, 560.81, 1007.56, 554.18, 992.08, 554.18, 1023.04, 554.18, 30.96, 13.26
4.13, 42, black car, 142.24, 473.09, 171.52, 487.01, 156.88, 480.05, 142.24, 480.05, 171.52, 480.05, 29.28, 13.92
4.17, 22, white car, 989.62, 547.50, 1020.42, 560.67, 1005.02, 554.08, 989.62, 554.08, 1020.42, 554.08, 30.81, 13.17
4.17, 42, black car, 139.49, 472.71, 168.73, 486.63, 154.11, 479.67, 139.49, 479.67, 168.73, 479.67, 29.24, 13.92
4.20, 22, white car, 986.99, 547.50, 1017.88, 560.70, 1002.44, 554.10, 986.99, 554.10, 1017.88, 554.10, 30.89, 13.20
4.20, 42, black car, 136.70, 472.16, 165.59, 485.97, 151.14, 479.07, 136.70, 479.07, 165.59, 479.07, 28.89, 13.81
4.23, 22, white car, 984.22, 547.29, 1015.43, 560.61, 999.83, 553.95, 984.22, 553.95, 1015.43, 553.95, 31.21, 13.32
4.23, 42, black car, 134.78, 471.90, 163.63, 485.70, 149.20, 478.80, 134.78, 478.80, 163.63, 478.80, 28.85, 13.80
4.27, 22, white car, 981.26, 547.27, 1012.76, 560.71, 997.01, 553.99, 981.26, 553.99, 1012.76, 553.99, 31.50, 13.44
4.27, 42, black car, 132.63, 471.44, 161.64, 485.36, 147.13, 478.40, 132.63, 478.40, 161.64, 478.40, 29.01, 13.92
4.30, 22, white car, 978.66, 547.46, 1009.65, 560.70, 994.16, 554.08, 978.66, 554.08, 1009.65, 554.08, 30.98, 13.24
4.30, 42, black car, 130.58, 470.83, 159.95, 484.93, 145.27, 477.88, 130.58, 477.88, 159.95, 477.88, 29.37, 14.09
4.33, 22, white car, 975.68, 547.46, 1006.87, 560.79, 991.27, 554.13, 975.68, 554.13, 1006.87, 554.13, 31.19, 13.33
4.33, 42, black car, 128.34, 470.77, 156.20, 484.13, 142.27, 477.45, 128.34, 477.45, 156.20, 477.45, 27.86, 13.35
4.37, 22, white car, 972.91, 547.25, 1004.31, 560.69, 988.61, 553.97, 972.91, 553.97, 1004.31, 553.97, 31.40, 13.44
4.37, 42, black car, 125.88, 470.53, 153.78, 483.90, 139.83, 477.22, 125.88, 477.22, 153.78, 477.22, 27.90, 13.38
4.40, 22, white car, 970.57, 547.05, 1001.66, 560.31, 986.12, 553.68, 970.57, 553.68, 1001.66, 553.68, 31.08, 13.27
4.43, 22, white car, 967.98, 546.96, 999.03, 560.19, 983.51, 553.57, 967.98, 553.57, 999.03, 553.57, 31.05, 13.23
4.43, 42, black car, 121.05, 469.71, 149.76, 483.48, 135.41, 476.59, 121.05, 476.59, 149.76, 476.59, 28.71, 13.76
4.47, 22, white car, 965.40, 546.90, 996.80, 560.28, 981.10, 553.59, 965.40, 553.59, 996.80, 553.59, 31.40, 13.38
4.47, 42, black car, 118.36, 469.32, 147.74, 483.42, 133.05, 476.37, 118.36, 476.37, 147.74, 476.37, 29.39, 14.10
4.50, 22, white car, 962.57, 546.86, 994.00, 560.25, 978.29, 553.55, 962.57, 553.55, 994.00, 553.55, 31.44, 13.39
4.50, 42, black car, 115.77, 469.08, 145.57, 483.40, 130.67, 476.24, 115.77, 476.24, 145.57, 476.24, 29.80, 14.32
4.53, 22, white car, 959.73, 546.87, 991.06, 560.22, 975.39, 553.54, 959.73, 553.54, 991.06, 553.54, 31.34, 13.35
4.53, 42, black car, 113.89, 468.72, 143.69, 483.08, 128.79, 475.90, 113.89, 475.90, 143.69, 475.90, 29.80, 14.36
4.57, 22, white car, 957.12, 546.66, 988.64, 560.09, 972.88, 553.37, 957.12, 553.37, 988.64, 553.37, 31.51, 13.44
4.57, 42, black car, 112.00, 468.64, 141.32, 482.71, 126.66, 475.67, 112.00, 475.67, 141.32, 475.67, 29.32, 14.07
4.60, 22, white car, 954.74, 546.41, 986.58, 559.98, 970.66, 553.19, 954.74, 553.19, 986.58, 553.19, 31.84, 13.57
4.60, 42, black car, 109.65, 468.21, 139.37, 482.43, 124.51, 475.32, 109.65, 475.32, 139.37, 475.32, 29.72, 14.22
4.63, 22, white car, 952.00, 546.35, 983.67, 559.85, 967.84, 553.10, 952.00, 553.10, 983.67, 553.10, 31.67, 13.50
4.63, 42, black car, 107.84, 467.82, 137.97, 482.23, 122.90, 475.02, 107.84, 475.02, 137.97, 475.02, 30.14, 14.41
4.67, 22, white car, 948.77, 546.31, 980.51, 559.83, 964.64, 553.07, 948.77, 553.07, 980.51, 553.07, 31.73, 13.52
4.67, 42, black car, 106.10, 467.65, 136.12, 481.98, 121.11, 474.82, 106.10, 474.82, 136.12, 474.82, 30.03, 14.34
4.70, 22, white car, 946.55, 546.33, 977.47, 559.49, 962.01, 552.91, 946.55, 552.91, 977.47, 552.91, 30.92, 13.15
4.70, 42, black car, 103.82, 467.47, 133.98, 481.81, 118.90, 474.64, 103.82, 474.64, 133.98, 474.64, 30.16, 14.34
4.73, 22, white car, 943.89, 546.05, 974.93, 559.28, 959.41, 552.66, 943.89, 552.66, 974.93, 552.66, 31.05, 13.23
4.73, 42, black car, 101.63, 467.17, 131.70, 481.46, 116.66, 474.32, 101.63, 474.32, 131.70, 474.32, 30.08, 14.29
4.77, 22, white car, 941.36, 545.92, 972.36, 559.12, 956.86, 552.52, 941.36, 552.52, 972.36, 552.52, 31.00, 13.19
4.77, 42, black car, 98.70, 466.91, 129.05, 481.30, 113.88, 474.10, 98.70, 474.10, 129.05, 474.10, 30.36, 14.38
4.80, 22, white car, 938.53, 545.72, 970.05, 559.15, 954.29, 552.43, 938.53, 552.43, 970.05, 552.43, 31.52, 13.42
4.80, 42, black car, 95.98, 466.41, 126.97, 481.05, 111.47, 473.73, 95.98, 473.73, 126.97, 473.73, 30.99, 14.64
4.83, 22, white car, 935.81, 545.50, 967.58, 559.06, 951.70, 552.28, 935.81, 552.28, 967.58, 552.28, 31.77, 13.55
4.83, 42, black car, 93.99, 466.25, 124.60, 480.67, 109.29, 473.46, 93.99, 473.46, 124.60, 473.46, 30.61, 14.43
4.87, 22, white car, 932.90, 545.32, 964.58, 558.85, 948.74, 552.08, 932.90, 552.08, 964.58, 552.08, 31.68, 13.53
4.87, 42, black car, 92.40, 466.30, 122.20, 480.32, 107.30, 473.31, 92.40, 473.31, 122.20, 473.31, 29.80, 14.02
4.90, 22, white car, 930.55, 545.27, 961.82, 558.65, 946.18, 551.96, 930.55, 551.96, 961.82, 551.96, 31.27, 13.38
4.90, 42, black car, 90.14, 466.14, 120.17, 480.24, 105.15, 473.19, 90.14, 473.19, 120.17, 473.19, 30.03, 14.10
4.93, 22, white car, 927.49, 545.11, 959.07, 558.65, 943.28, 551.88, 927.49, 551.88, 959.07, 551.88, 31.58, 13.54
4.93, 42, black car, 87.87, 465.69, 118.22, 479.94, 103.04, 472.81, 87.87, 472.81, 118.22, 472.81, 30.34, 14.25
4.97, 22, white car, 924.71, 544.81, 956.88, 558.65, 940.80, 551.73, 924.71, 551.73, 956.88, 551.73, 32.17, 13.84
4.97, 42, black car, 85.83, 465.66, 116.15, 479.89, 100.99, 472.77, 85.83, 472.77, 116.15, 472.77, 30.32, 14.23
5.00, 22, white car, 921.58, 544.45, 954.69, 558.75, 938.13, 551.60, 921.58, 551.60, 954.69, 551.60, 33.11, 14.29
5.00, 42, black car, 83.21, 465.46, 113.77, 479.86, 98.49, 472.66, 83.21, 472.66, 113.77, 472.66, 30.56, 14.39
5.03, 22, white car, 918.91, 544.36, 951.72, 558.54, 935.32, 551.45, 918.91, 551.45, 951.72, 551.45, 32.81, 14.18
5.03, 42, black car, 81.00, 465.21, 111.56, 479.64, 96.28, 472.42, 81.00, 472.42, 111.56, 472.42, 30.56, 14.43
5.07, 22, white car, 916.74, 544.43, 948.67, 558.21, 932.71, 551.32, 916.74, 551.32, 948.67, 551.32, 31.92, 13.78
5.07, 42, black car, 79.09, 464.97, 109.65, 479.41, 94.37, 472.19, 79.09, 472.19, 109.65, 472.19, 30.55, 14.45
5.10, 22, white car, 914.16, 544.41, 945.95, 558.14, 930.05, 551.27, 914.16, 551.27, 945.95, 551.27, 31.78, 13.73
5.10, 42, black car, 77.02, 464.76, 107.52, 479.20, 92.27, 471.98, 77.02, 471.98, 107.52, 471.98, 30.49, 14.45
5.13, 22, white car, 911.74, 544.37, 943.38, 558.03, 927.56, 551.20, 911.74, 551.20, 943.38, 551.20, 31.64, 13.66
5.13, 42, black car, 74.11, 464.13, 105.20, 478.86, 89.65, 471.50, 74.11, 471.50, 105.20, 471.50, 31.09, 14.73
5.17, 22, white car, 908.92, 544.16, 941.12, 558.09, 925.02, 551.13, 908.92, 551.13, 941.12, 551.13, 32.20, 13.93
5.17, 42, black car, 71.73, 463.86, 102.96, 478.70, 87.34, 471.28, 71.73, 471.28, 102.96, 471.28, 31.23, 14.84
5.20, 22, white car, 905.73, 544.03, 937.98, 558.00, 921.85, 551.02, 905.73, 551.02, 937.98, 551.02, 32.25, 13.97
5.20, 42, black car, 69.84, 463.68, 100.96, 478.48, 85.40, 471.08, 69.84, 471.08, 100.96, 471.08, 31.12, 14.80
5.23, 22, white car, 902.98, 543.81, 935.21, 557.78, 919.09, 550.80, 902.98, 550.80, 935.21, 550.80, 32.23, 13.97
5.23, 42, black car, 67.54, 463.12, 98.99, 478.04, 83.26, 470.58, 67.54, 470.58, 98.99, 470.58, 31.45, 14.92
5.27, 22, white car, 900.78, 543.93, 932.45, 557.69, 916.62, 550.81, 900.78, 550.81, 932.45, 550.81, 31.67, 13.76
5.27, 42, black car, 65.84, 462.80, 96.62, 477.39, 81.23, 470.10, 65.84, 470.10, 96.62, 470.10, 30.77, 14.59
5.30, 22, white car, 898.02, 543.85, 930.00, 557.74, 914.01, 550.80, 898.02, 550.80, 930.00, 550.80, 31.97, 13.89
5.30, 42, black car, 63.95, 462.72, 94.16, 477.06, 79.06, 469.89, 63.95, 469.89, 94.16, 469.89, 30.21, 14.34
5.33, 22, white car, 895.16, 543.67, 927.47, 557.74, 911.32, 550.70, 895.16, 550.70, 927.47, 550.70, 32.31, 14.07
5.33, 42, black car, 62.05, 462.60, 92.10, 476.89, 77.08, 469.75, 62.05, 469.75, 92.10, 469.75, 30.05, 14.29
5.37, 22, white car, 892.15, 543.39, 924.84, 557.65, 908.49, 550.52, 892.15, 550.52, 924.84, 550.52, 32.68, 14.26
5.37, 42, black car, 60.49, 462.40, 90.51, 476.72, 75.50, 469.56, 60.49, 469.56, 90.51, 469.56, 30.03, 14.31
5.40, 22, white car, 889.47, 543.05, 921.95, 557.24, 905.71, 550.14, 889.47, 550.14, 921.95, 550.14, 32.48, 14.19
5.40, 42, black car, 58.42, 462.34, 88.51, 476.70, 73.47, 469.52, 58.42, 469.52, 88.51, 469.52, 30.10, 14.36
5.43, 22, white car, 887.16, 543.04, 919.43, 557.16, 903.29, 550.10, 887.16, 550.10, 919.43, 550.10, 32.27, 14.12
5.43, 42, black car, 56.02, 462.13, 86.25, 476.51, 71.14, 469.32, 56.02, 469.32, 86.25, 469.32, 30.23, 14.38
5.47, 22, white car, 884.56, 543.06, 916.92, 557.24, 900.74, 550.15, 884.56, 550.15, 916.92, 550.15, 32.36, 14.17
5.47, 42, black car, 53.79, 461.90, 84.10, 476.21, 68.95, 469.05, 53.79, 469.05, 84.10, 469.05, 30.31, 14.30
5.50, 22, white car, 881.54, 542.60, 914.81, 557.23, 898.17, 549.92, 881.54, 549.92, 914.81, 549.92, 33.27, 14.63
5.50, 42, black car, 51.45, 461.61, 82.04, 475.99, 66.74, 468.80, 51.45, 468.80, 82.04, 468.80, 30.59, 14.38
5.53, 22, white car, 878.90, 542.27, 912.04, 556.92, 895.47, 549.59, 878.90, 549.59, 912.04, 549.59, 33.13, 14.65
5.53, 42, black car, 49.27, 461.29, 79.76, 475.59, 64.52, 468.44, 49.27, 468.44, 79.76, 468.44, 30.49, 14.30
5.57, 22, white car, 876.20, 542.19, 908.61, 556.55, 892.41, 549.37, 876.20, 549.37, 908.61, 549.37, 32.41, 14.36
5.57, 42, black car, 47.02, 461.01, 77.63, 475.36, 62.32, 468.19, 47.02, 468.19, 77.63, 468.19, 30.61, 14.35
5.60, 22, white car, 873.85, 542.28, 905.68, 556.42, 889.76, 549.35, 873.85, 549.35, 905.68, 549.35, 31.83, 14.13
5.60, 42, black car, 44.52, 460.82, 75.26, 475.22, 59.89, 468.02, 44.52, 468.02, 75.26, 468.02, 30.75, 14.40
5.63, 22, white car, 871.65, 542.42, 902.80, 556.26, 887.22, 549.34, 871.65, 549.34, 902.80, 549.34, 31.15, 13.83
5.63, 42, black car, 40.76, 459.98, 73.16, 475.23, 56.96, 467.60, 40.76, 467.60, 73.16, 467.60, 32.41, 15.24
5.67, 22, white car, 868.90, 542.26, 900.35, 556.25, 884.63, 549.25, 868.90, 549.25, 900.35, 549.25, 31.46, 13.99
5.67, 42, black car, 39.00, 459.54, 71.59, 474.92, 55.29, 467.23, 39.00, 467.23, 71.59, 467.23, 32.59, 15.38
5.70, 22, white car, 865.77, 541.89, 897.94, 556.25, 881.86, 549.07, 865.77, 549.07, 897.94, 549.07, 32.17, 14.37
5.70, 42, black car, 38.00, 459.59, 69.92, 474.68, 53.96, 467.13, 38.00, 467.13, 69.92, 467.13, 31.92, 15.09
5.73, 22, white car, 862.95, 541.71, 894.93, 556.01, 878.94, 548.86, 862.95, 548.86, 894.93, 548.86, 31.98, 14.31
5.73, 42, black car, 36.28, 459.42, 67.81, 474.37, 52.05, 466.89, 36.28, 466.89, 67.81, 466.89, 31.52, 14.95
5.77, 22, white car, 860.60, 541.83, 892.06, 555.91, 876.33, 548.87, 860.60, 548.87, 892.06, 548.87, 31.46, 14.08
5.77, 42, black car, 33.42, 459.05, 65.39, 474.26, 49.41, 466.66, 33.42, 466.66, 65.39, 466.66, 31.98, 15.22
5.80, 22, white car, 857.52, 541.64, 889.58, 556.01, 873.55, 548.83, 857.52, 548.83, 889.58, 548.83, 32.06, 14.37
5.80, 42, black car, 32.01, 458.95, 63.46, 473.99, 47.73, 466.47, 32.01, 466.47, 63.46, 466.47, 31.45, 15.04
5.83, 22, white car, 854.84, 541.48, 887.35, 556.10, 871.09, 548.79, 854.84, 548.79, 887.35, 548.79, 32.51, 14.62
5.83, 42, black car, 29.47, 458.80, 60.78, 473.85, 45.12, 466.32, 29.47, 466.32, 60.78, 466.32, 31.31, 15.05
5.87, 22, white car, 851.92, 541.30, 884.80, 556.11, 868.36, 548.70, 851.92, 548.70, 884.80, 548.70, 32.88, 14.81
5.87, 42, black car, 29.21, 459.17, 59.43, 473.69, 44.32, 466.43, 29.21, 466.43, 59.43, 466.43, 30.23, 14.53
5.90, 22, white car, 849.19, 541.17, 881.86, 555.91, 865.53, 548.54, 849.19, 548.54, 881.86, 548.54, 32.66, 14.74
5.90, 42, black car, 26.85, 458.78, 57.59, 473.63, 42.22, 466.21, 26.85, 466.21, 57.59, 466.21, 30.75, 14.86
5.93, 22, white car, 846.86, 541.14, 879.21, 555.76, 863.04, 548.45, 846.86, 548.45, 879.21, 548.45, 32.35, 14.62
5.93, 42, black car, 25.06, 458.65, 55.46, 473.42, 40.26, 466.04, 25.06, 466.04, 55.46, 466.04, 30.40, 14.77
5.97, 22, white car, 844.34, 540.91, 876.58, 555.51, 860.46, 548.21, 844.34, 548.21, 876.58, 548.21, 32.24, 14.60
5.97, 42, black car, 22.20, 458.26, 52.75, 473.13, 37.47, 465.70, 22.20, 465.70, 52.75, 465.70, 30.55, 14.87
6.00, 22, white car, 841.74, 540.66, 874.06, 555.29, 857.90, 547.98, 841.74, 547.98, 874.06, 547.98, 32.32, 14.64
6.00, 24, white car, 1213.80, 547.74, 1244.89, 559.51, 1229.34, 553.62, 1213.80, 553.62, 1244.89, 553.62, 31.09, 11.77
6.00, 42, black car, 20.63, 458.25, 50.29, 472.74, 35.46, 465.50, 20.63, 465.50, 50.29, 465.50, 29.67, 14.49
6.03, 22, white car, 839.01, 540.59, 871.35, 555.24, 855.18, 547.91, 839.01, 547.91, 871.35, 547.91, 32.34, 14.65
6.03, 24, white car, 1211.23, 547.80, 1242.46, 559.65, 1226.84, 553.72, 1211.23, 553.72, 1242.46, 553.72, 31.23, 11.86
6.03, 42, black car, 19.78, 458.51, 48.14, 472.35, 33.96, 465.43, 19.78, 465.43, 48.14, 465.43, 28.36, 13.84
6.07, 22, white car, 836.41, 540.49, 868.45, 554.99, 852.43, 547.74, 836.41, 547.74, 868.45, 547.74, 32.04, 14.50
6.07, 24, white car, 1208.33, 547.83, 1239.88, 559.83, 1224.10, 553.83, 1208.33, 553.83, 1239.88, 553.83, 31.55, 12.00
6.07, 42, black car, 17.35, 457.98, 45.75, 471.87, 31.55, 464.92, 17.35, 464.92, 45.75, 464.92, 28.40, 13.89
6.10, 22, white car, 833.97, 540.28, 865.67, 554.60, 849.82, 547.44, 833.97, 547.44, 865.67, 547.44, 31.70, 14.31
6.10, 24, white car, 1205.64, 548.07, 1237.21, 560.11, 1221.43, 554.09, 1205.64, 554.09, 1237.21, 554.09, 31.57, 12.04
6.10, 42, black car, 15.95, 457.38, 44.64, 471.48, 30.30, 464.43, 15.95, 464.43, 44.64, 464.43, 28.69, 14.10
6.13, 22, white car, 831.41, 540.19, 862.99, 554.43, 847.20, 547.31, 831.41, 547.31, 862.99, 547.31, 31.58, 14.24
6.13, 24, white car, 1202.75, 548.04, 1234.48, 560.15, 1218.61, 554.09, 1202.75, 554.09, 1234.48, 554.09, 31.72, 12.11
6.17, 22, white car, 828.82, 540.02, 860.33, 554.23, 844.57, 547.12, 828.82, 547.12, 860.33, 547.12, 31.51, 14.21
6.17, 24, white car, 1200.02, 548.08, 1231.65, 560.17, 1215.83, 554.12, 1200.02, 554.12, 1231.65, 554.12, 31.63, 12.09
6.20, 22, white car, 825.68, 539.80, 857.63, 554.22, 841.65, 547.01, 825.68, 547.01, 857.63, 547.01, 31.94, 14.41
6.20, 24, white car, 1197.72, 548.26, 1228.63, 560.10, 1213.17, 554.18, 1197.72, 554.18, 1228.63, 554.18, 30.92, 11.84
6.23, 22, white car, 822.80, 539.76, 854.69, 554.16, 838.75, 546.96, 822.80, 546.96, 854.69, 546.96, 31.89, 14.40
6.23, 24, white car, 1195.31, 548.55, 1225.63, 560.15, 1210.47, 554.35, 1195.31, 554.35, 1225.63, 554.35, 30.32, 11.60
6.27, 22, white car, 820.11, 539.64, 852.16, 554.12, 836.14, 546.88, 820.11, 546.88, 852.16, 546.88, 32.05, 14.48
6.27, 24, white car, 1192.34, 548.56, 1222.97, 560.29, 1207.65, 554.42, 1192.34, 554.42, 1222.97, 554.42, 30.63, 11.74
6.30, 22, white car, 817.45, 539.49, 849.69, 554.08, 833.57, 546.79, 817.45, 546.79, 849.69, 546.79, 32.23, 14.59
6.30, 24, white car, 1189.45, 548.72, 1220.10, 560.46, 1204.77, 554.59, 1189.45, 554.59, 1220.10, 554.59, 30.64, 11.73
6.33, 22, white car, 814.46, 539.26, 847.14, 554.07, 830.80, 546.67, 814.46, 546.67, 847.14, 546.67, 32.68, 14.81
6.33, 24, white car, 1186.86, 548.71, 1217.70, 560.51, 1202.28, 554.61, 1186.86, 554.61, 1217.70, 554.61, 30.84, 11.80
6.37, 22, white car, 811.66, 538.92, 844.56, 553.89, 828.11, 546.40, 811.66, 546.40, 844.56, 546.40, 32.90, 14.97
6.37, 24, white car, 1184.31, 548.72, 1215.60, 560.69, 1199.96, 554.70, 1184.31, 554.70, 1215.60, 554.70, 31.29, 11.97
6.40, 22, white car, 809.15, 538.70, 841.92, 553.64, 825.54, 546.17, 809.15, 546.17, 841.92, 546.17, 32.77, 14.94
6.40, 24, white car, 1181.36, 548.90, 1212.67, 560.87, 1197.02, 554.88, 1181.36, 554.88, 1212.67, 554.88, 31.31, 11.97
6.43, 22, white car, 806.29, 538.46, 839.18, 553.47, 822.74, 545.97, 806.29, 545.97, 839.18, 545.97, 32.89, 15.01
6.43, 24, white car, 1178.60, 549.19, 1209.92, 561.17, 1194.26, 555.18, 1178.60, 555.18, 1209.92, 555.18, 31.31, 11.98
6.47, 22, white car, 804.08, 538.29, 836.42, 553.04, 820.25, 545.67, 804.08, 545.67, 836.42, 545.67, 32.35, 14.75
6.47, 24, white car, 1176.05, 549.52, 1206.92, 561.35, 1191.48, 555.44, 1176.05, 555.44, 1206.92, 555.44, 30.86, 11.83
6.50, 22, white car, 801.74, 537.98, 834.10, 552.75, 817.92, 545.37, 801.74, 545.37, 834.10, 545.37, 32.36, 14.77
6.50, 24, white car, 1173.36, 549.65, 1204.32, 561.51, 1188.84, 555.58, 1173.36, 555.58, 1204.32, 555.58, 30.96, 11.86
6.53, 22, white car, 798.84, 537.65, 831.26, 552.49, 815.05, 545.07, 798.84, 545.07, 831.26, 545.07, 32.42, 14.83
6.53, 24, white car, 1170.52, 549.56, 1202.13, 561.71, 1186.33, 555.63, 1170.52, 555.63, 1202.13, 555.63, 31.60, 12.15
6.57, 22, white car, 796.17, 537.74, 828.58, 552.61, 812.37, 545.18, 796.17, 545.18, 828.58, 545.18, 32.41, 14.88
6.57, 24, white car, 1167.82, 549.69, 1198.86, 561.63, 1183.34, 555.66, 1167.82, 555.66, 1198.86, 555.66, 31.03, 11.93
6.60, 22, white car, 793.26, 537.61, 825.60, 552.47, 809.43, 545.04, 793.26, 545.04, 825.60, 545.04, 32.34, 14.86
6.60, 24, white car, 1165.01, 549.75, 1196.00, 561.67, 1180.50, 555.71, 1165.01, 555.71, 1196.00, 555.71, 30.99, 11.91
6.63, 22, white car, 790.77, 537.58, 822.75, 552.26, 806.76, 544.92, 790.77, 544.92, 822.75, 544.92, 31.98, 14.68
6.63, 24, white car, 1162.41, 549.93, 1193.35, 561.83, 1177.88, 555.88, 1162.41, 555.88, 1193.35, 555.88, 30.93, 11.90
6.67, 22, white car, 788.53, 537.26, 820.47, 551.91, 804.50, 544.59, 788.53, 544.59, 820.47, 544.59, 31.94, 14.65
6.67, 24, white car, 1159.79, 550.07, 1190.58, 561.88, 1175.18, 555.98, 1159.79, 555.98, 1190.58, 555.98, 30.79, 11.81
6.70, 22, white car, 785.98, 537.14, 817.55, 551.62, 801.77, 544.38, 785.98, 544.38, 817.55, 544.38, 31.58, 14.48
6.70, 24, white car, 1156.74, 550.33, 1187.29, 562.03, 1172.02, 556.18, 1156.74, 556.18, 1187.29, 556.18, 30.55, 11.70
6.73, 22, white car, 783.77, 537.04, 814.83, 551.28, 799.30, 544.16, 783.77, 544.16, 814.83, 544.16, 31.07, 14.24
6.73, 24, white car, 1153.72, 550.37, 1184.39, 562.12, 1169.06, 556.25, 1153.72, 556.25, 1184.39, 556.25, 30.66, 11.75
6.77, 22, white car, 781.00, 537.07, 811.55, 551.04, 796.28, 544.05, 781.00, 544.05, 811.55, 544.05, 30.55, 13.97
6.77, 24, white car, 1150.93, 550.26, 1181.95, 562.15, 1166.44, 556.21, 1150.93, 556.21, 1181.95, 556.21, 31.01, 11.89
6.80, 22, white car, 778.68, 536.99, 808.74, 550.69, 793.71, 543.84, 778.68, 543.84, 808.74, 543.84, 30.06, 13.70
6.80, 24, white car, 1148.27, 550.26, 1179.30, 562.19, 1163.78, 556.23, 1148.27, 556.23, 1179.30, 556.23, 31.03, 11.93
6.83, 22, white car, 776.21, 536.96, 805.96, 550.47, 791.09, 543.72, 776.21, 543.72, 805.96, 543.72, 29.75, 13.51
6.83, 24, white car, 1145.35, 550.23, 1176.56, 562.25, 1160.95, 556.24, 1145.35, 556.24, 1176.56, 556.24, 31.21, 12.01
6.87, 22, white car, 773.21, 536.57, 803.37, 550.26, 788.29, 543.41, 773.21, 543.41, 803.37, 543.41, 30.16, 13.68
6.87, 24, white car, 1142.65, 550.43, 1173.68, 562.37, 1158.17, 556.40, 1142.65, 556.40, 1173.68, 556.40, 31.02, 11.94
6.90, 22, white car, 770.50, 536.22, 801.26, 550.17, 785.88, 543.19, 770.50, 543.19, 801.26, 543.19, 30.76, 13.94
6.90, 24, white car, 1140.00, 550.41, 1170.88, 562.32, 1155.44, 556.37, 1140.00, 556.37, 1170.88, 556.37, 30.88, 11.90
6.93, 22, white car, 767.56, 535.88, 798.61, 549.99, 783.08, 542.93, 767.56, 542.93, 798.61, 542.93, 31.06, 14.11
6.93, 24, white car, 1137.29, 550.43, 1168.01, 562.26, 1152.65, 556.34, 1137.29, 556.34, 1168.01, 556.34, 30.72, 11.83
6.97, 22, white car, 764.52, 535.42, 796.10, 549.81, 780.31, 542.62, 764.52, 542.62, 796.10, 542.62, 31.58, 14.38
6.97, 24, white car, 1134.59, 550.51, 1165.04, 562.25, 1149.81, 556.38, 1134.59, 556.38, 1165.04, 556.38, 30.45, 11.74
7.00, 22, white car, 761.76, 535.14, 793.61, 549.67, 777.69, 542.40, 761.76, 542.40, 793.61, 542.40, 31.85, 14.54
7.00, 24, white car, 1131.29, 550.52, 1162.06, 562.37, 1146.68, 556.44, 1131.29, 556.44, 1162.06, 556.44, 30.77, 11.85
7.03, 22, white car, 759.12, 535.02, 790.89, 549.53, 775.00, 542.27, 759.12, 542.27, 790.89, 542.27, 31.77, 14.50
7.03, 24, white car, 1128.17, 550.56, 1159.11, 562.47, 1143.64, 556.52, 1128.17, 556.52, 1159.11, 556.52, 30.94, 11.92
7.07, 22, white car, 756.82, 534.93, 787.96, 549.14, 772.39, 542.04, 756.82, 542.04, 787.96, 542.04, 31.14, 14.21
7.07, 24, white car, 1125.31, 550.65, 1156.31, 562.58, 1140.81, 556.62, 1125.31, 556.62, 1156.31, 556.62, 31.00, 11.92
7.10, 22, white car, 754.46, 534.80, 785.04, 548.74, 769.75, 541.77, 754.46, 541.77, 785.04, 541.77, 30.58, 13.93
7.10, 24, white car, 1122.70, 550.58, 1153.77, 562.51, 1138.23, 556.55, 1122.70, 556.55, 1153.77, 556.55, 31.07, 11.93
7.13, 22, white car, 751.63, 534.76, 782.02, 548.60, 766.83, 541.68, 751.63, 541.68, 782.02, 541.68, 30.40, 13.84
7.13, 24, white car, 1119.59, 550.59, 1150.91, 562.64, 1135.25, 556.62, 1119.59, 556.62, 1150.91, 556.62, 31.33, 12.05
7.17, 22, white car, 748.87, 534.53, 779.51, 548.45, 764.19, 541.49, 748.87, 541.49, 779.51, 541.49, 30.64, 13.92
7.17, 24, white car, 1116.56, 550.63, 1147.98, 562.73, 1132.27, 556.68, 1116.56, 556.68, 1147.98, 556.68, 31.43, 12.10
7.20, 22, white car, 746.12, 534.06, 777.04, 548.11, 761.58, 541.09, 746.12, 541.09, 777.04, 541.09, 30.91, 14.05
7.20, 24, white car, 1113.61, 550.68, 1145.44, 562.93, 1129.52, 556.80, 1113.61, 556.80, 1145.44, 556.80, 31.83, 12.25
7.23, 22, white car, 743.65, 534.00, 774.38, 547.92, 759.01, 540.96, 743.65, 540.96, 774.38, 540.96, 30.72, 13.92
7.23, 24, white car, 1110.90, 550.53, 1142.71, 562.80, 1126.80, 556.66, 1110.90, 556.66, 1142.71, 556.66, 31.81, 12.27
7.27, 22, white car, 740.98, 533.77, 772.05, 547.84, 756.51, 540.80, 740.98, 540.80, 772.05, 540.80, 31.07, 14.07
7.27, 24, white car, 1107.99, 550.31, 1140.04, 562.71, 1124.02, 556.51, 1107.99, 556.51, 1140.04, 556.51, 32.05, 12.40
7.30, 22, white car, 738.21, 533.64, 769.38, 547.76, 753.80, 540.70, 738.21, 540.70, 769.38, 540.70, 31.18, 14.12
7.30, 24, white car, 1104.91, 550.31, 1137.02, 562.78, 1120.96, 556.55, 1104.91, 556.55, 1137.02, 556.55, 32.11, 12.47
7.33, 24, white car, 1101.67, 550.25, 1134.33, 562.99, 1118.00, 556.62, 1101.67, 556.62, 1134.33, 556.62, 32.66, 12.74
7.37, 24, white car, 1099.37, 550.51, 1131.36, 562.96, 1115.37, 556.73, 1099.37, 556.73, 1131.36, 556.73, 31.99, 12.45
7.40, 24, white car, 1096.66, 550.46, 1128.34, 562.80, 1112.50, 556.63, 1096.66, 556.63, 1128.34, 556.63, 31.69, 12.35
7.43, 24, white car, 1093.66, 550.40, 1125.27, 562.75, 1109.47, 556.58, 1093.66, 556.58, 1125.27, 556.58, 31.60, 12.34
7.47, 24, white car, 1090.77, 550.39, 1122.47, 562.80, 1106.62, 556.59, 1090.77, 556.59, 1122.47, 556.59, 31.70, 12.41
7.47, 22, white car, 724.99, 532.38, 757.20, 547.06, 741.10, 539.72, 724.99, 539.72, 757.20, 539.72, 32.21, 14.68
7.50, 24, white car, 1087.97, 550.63, 1119.32, 562.91, 1103.65, 556.77, 1087.97, 556.77, 1119.32, 556.77, 31.35, 12.27
7.50, 22, white car, 722.02, 532.07, 754.46, 546.94, 738.24, 539.51, 722.02, 539.51, 754.46, 539.51, 32.44, 14.87
7.53, 24, white car, 1085.56, 550.81, 1116.44, 562.87, 1101.00, 556.84, 1085.56, 556.84, 1116.44, 556.84, 30.88, 12.06
7.53, 22, white car, 719.38, 531.76, 751.64, 546.56, 735.51, 539.16, 719.38, 539.16, 751.64, 539.16, 32.25, 14.80
7.57, 24, white car, 1082.32, 550.84, 1113.14, 562.88, 1097.73, 556.86, 1082.32, 556.86, 1113.14, 556.86, 30.82, 12.03
7.57, 22, white car, 716.88, 531.54, 749.04, 546.34, 732.96, 538.94, 716.88, 538.94, 749.04, 538.94, 32.16, 14.81
7.60, 24, white car, 1079.48, 550.70, 1110.73, 562.93, 1095.10, 556.81, 1079.48, 556.81, 1110.73, 556.81, 31.25, 12.23
7.60, 22, white car, 714.57, 531.26, 746.43, 545.94, 730.50, 538.60, 714.57, 538.60, 746.43, 538.60, 31.87, 14.68
7.63, 24, white car, 1076.52, 550.65, 1107.98, 562.99, 1092.25, 556.82, 1076.52, 556.82, 1107.98, 556.82, 31.46, 12.34
7.63, 22, white car, 712.30, 531.09, 744.22, 545.85, 728.26, 538.47, 712.30, 538.47, 744.22, 538.47, 31.92, 14.76
7.67, 24, white car, 1073.42, 550.71, 1104.89, 563.07, 1089.16, 556.89, 1073.42, 556.89, 1104.89, 556.89, 31.47, 12.37
7.67, 22, white car, 709.56, 530.73, 741.60, 545.60, 725.58, 538.16, 709.56, 538.16, 741.60, 538.16, 32.04, 14.87
7.70, 24, white car, 1070.86, 550.41, 1102.19, 562.75, 1086.53, 556.58, 1070.86, 556.58, 1102.19, 556.58, 31.33, 12.34
7.70, 22, white car, 707.10, 530.31, 738.79, 545.05, 722.95, 537.68, 707.10, 537.68, 738.79, 537.68, 31.69, 14.74
7.73, 24, white car, 1067.35, 550.14, 1099.07, 562.66, 1083.21, 556.40, 1067.35, 556.40, 1099.07, 556.40, 31.72, 12.51
7.73, 22, white car, 704.48, 530.18, 736.00, 544.87, 720.24, 537.53, 704.48, 537.53, 736.00, 537.53, 31.52, 14.69
7.77, 24, white car, 1064.71, 550.07, 1096.75, 562.76, 1080.73, 556.41, 1064.71, 556.41, 1096.75, 556.41, 32.04, 12.68
7.77, 22, white car, 701.79, 530.03, 733.43, 544.80, 717.61, 537.41, 701.79, 537.41, 733.43, 537.41, 31.64, 14.77
7.80, 24, white car, 1061.66, 550.04, 1093.94, 562.88, 1077.80, 556.46, 1061.66, 556.46, 1093.94, 556.46, 32.27, 12.84
7.80, 22, white car, 699.29, 529.87, 730.95, 544.67, 715.12, 537.27, 699.29, 537.27, 730.95, 537.27, 31.66, 14.80
7.83, 24, white car, 1058.66, 550.25, 1090.73, 563.01, 1074.70, 556.63, 1058.66, 556.63, 1090.73, 556.63, 32.07, 12.76
7.83, 22, white car, 696.43, 529.58, 728.37, 544.50, 712.40, 537.04, 696.43, 537.04, 728.37, 537.04, 31.94, 14.92
7.87, 24, white car, 1056.19, 550.02, 1087.96, 562.67, 1072.08, 556.34, 1056.19, 556.34, 1087.96, 556.34, 31.77, 12.65
7.87, 22, white car, 693.74, 529.43, 725.51, 544.25, 709.63, 536.84, 693.74, 536.84, 725.51, 536.84, 31.77, 14.83
7.90, 24, white car, 1053.34, 549.87, 1084.90, 562.43, 1069.12, 556.15, 1053.34, 556.15, 1084.90, 556.15, 31.57, 12.56
7.90, 22, white car, 691.16, 529.03, 723.11, 543.95, 707.13, 536.49, 691.16, 536.49, 723.11, 536.49, 31.95, 14.92
7.93, 24, white car, 1050.36, 549.91, 1082.04, 562.54, 1066.20, 556.22, 1050.36, 556.22, 1082.04, 556.22, 31.68, 12.64
7.93, 22, white car, 689.14, 529.05, 720.67, 543.78, 704.90, 536.41, 689.14, 536.41, 720.67, 536.41, 31.53, 14.73
7.97, 24, white car, 1047.46, 550.00, 1078.96, 562.59, 1063.21, 556.30, 1047.46, 556.30, 1078.96, 556.30, 31.50, 12.60
7.97, 22, white car, 686.97, 528.94, 718.17, 543.52, 702.57, 536.23, 686.97, 536.23, 718.17, 536.23, 31.20, 14.58
8.00, 24, white car, 1044.76, 550.26, 1075.99, 562.73, 1060.38, 556.50, 1044.76, 556.50, 1075.99, 556.50, 31.22, 12.47
8.00, 22, white car, 684.05, 528.45, 716.14, 543.52, 700.10, 535.99, 684.05, 535.99, 716.14, 535.99, 32.09, 15.07
8.03, 24, white car, 1042.52, 550.20, 1073.50, 562.55, 1058.01, 556.38, 1042.52, 556.38, 1073.50, 556.38, 30.98, 12.34
8.03, 22, white car, 681.16, 528.17, 713.29, 543.29, 697.22, 535.73, 681.16, 535.73, 713.29, 535.73, 32.13, 15.13
8.07, 24, white car, 1038.88, 550.18, 1069.96, 562.53, 1054.42, 556.35, 1038.88, 556.35, 1069.96, 556.35, 31.08, 12.35
8.07, 22, white car, 678.90, 527.95, 710.49, 542.85, 694.69, 535.40, 678.90, 535.40, 710.49, 535.40, 31.59, 14.90
8.10, 24, white car, 1035.90, 550.07, 1066.91, 562.43, 1051.41, 556.25, 1035.90, 556.25, 1066.91, 556.25, 31.02, 12.36
8.10, 22, white car, 676.38, 527.78, 707.65, 542.57, 692.02, 535.17, 676.38, 535.17, 707.65, 535.17, 31.28, 14.79
8.13, 24, white car, 1032.62, 549.81, 1064.42, 562.51, 1048.52, 556.16, 1032.62, 556.16, 1064.42, 556.16, 31.80, 12.69
8.13, 22, white car, 673.80, 527.68, 704.96, 542.43, 689.38, 535.06, 673.80, 535.06, 704.96, 535.06, 31.16, 14.74
8.17, 24, white car, 1030.14, 549.98, 1061.27, 562.40, 1045.71, 556.19, 1030.14, 556.19, 1061.27, 556.19, 31.13, 12.42
8.17, 22, white car, 671.06, 527.37, 702.81, 542.44, 686.94, 534.90, 671.06, 534.90, 702.81, 534.90, 31.75, 15.07
8.20, 24, white car, 1027.68, 549.74, 1058.66, 562.10, 1043.17, 555.92, 1027.68, 555.92, 1058.66, 555.92, 30.97, 12.36
8.20, 22, white car, 668.52, 527.00, 700.48, 542.18, 684.50, 534.59, 668.52, 534.59, 700.48, 534.59, 31.95, 15.18
8.23, 24, white car, 1024.01, 549.50, 1055.35, 562.01, 1039.68, 555.76, 1024.01, 555.76, 1055.35, 555.76, 31.33, 12.51
8.23, 22, white car, 665.91, 526.69, 697.81, 541.90, 681.86, 534.29, 665.91, 534.29, 697.81, 534.29, 31.91, 15.21
8.27, 24, white car, 1021.55, 549.74, 1051.99, 561.84, 1036.77, 555.79, 1021.55, 555.79, 1051.99, 555.79, 30.44, 12.11
8.27, 22, white car, 663.57, 526.52, 695.29, 541.67, 679.43, 534.09, 663.57, 534.09, 695.29, 534.09, 31.72, 15.15
8.30, 24, white car, 1018.95, 549.86, 1048.93, 561.75, 1033.94, 555.80, 1018.95, 555.80, 1048.93, 555.80, 29.98, 11.89
8.30, 22, white car, 661.35, 526.36, 692.80, 541.39, 677.08, 533.88, 661.35, 533.88, 692.80, 533.88, 31.45, 15.03
8.33, 24, white car, 1016.08, 549.91, 1045.98, 561.71, 1031.03, 555.81, 1016.08, 555.81, 1045.98, 555.81, 29.90, 11.81
8.33, 22, white car, 659.06, 526.21, 690.02, 540.99, 674.54, 533.60, 659.06, 533.60, 690.02, 533.60, 30.96, 14.78
8.37, 24, white car, 1012.23, 549.68, 1042.96, 561.78, 1027.60, 555.73, 1012.23, 555.73, 1042.96, 555.73, 30.74, 12.09
8.37, 22, white car, 656.67, 525.97, 687.65, 540.79, 672.16, 533.38, 656.67, 533.38, 687.65, 533.38, 30.98, 14.82
8.40, 24, white car, 1009.03, 549.70, 1040.12, 561.90, 1024.57, 555.80, 1009.03, 555.80, 1040.12, 555.80, 31.08, 12.20
8.40, 22, white car, 654.29, 525.90, 684.64, 540.42, 669.46, 533.16, 654.29, 533.16, 684.64, 533.16, 30.36, 14.52
8.43, 24, white car, 1006.07, 549.64, 1037.72, 562.07, 1021.90, 555.85, 1006.07, 555.85, 1037.72, 555.85, 31.65, 12.43
8.43, 22, white car, 651.85, 525.71, 681.95, 540.11, 666.90, 532.91, 651.85, 532.91, 681.95, 532.91, 30.10, 14.40
8.47, 24, white car, 1003.35, 549.80, 1034.59, 562.09, 1018.97, 555.95, 1003.35, 555.95, 1034.59, 555.95, 31.24, 12.29
8.47, 22, white car, 649.40, 525.59, 679.33, 539.91, 664.37, 532.75, 649.40, 532.75, 679.33, 532.75, 29.93, 14.32
8.50, 24, white car, 1000.28, 549.28, 1032.00, 561.81, 1016.14, 555.54, 1000.28, 555.54, 1032.00, 555.54, 31.72, 12.53
8.50, 22, white car, 646.90, 525.46, 676.70, 539.70, 661.80, 532.58, 646.90, 532.58, 676.70, 532.58, 29.80, 14.25
8.53, 24, white car, 997.58, 549.08, 1028.96, 561.46, 1013.27, 555.27, 997.58, 555.27, 1028.96, 555.27, 31.38, 12.38
8.53, 22, white car, 644.08, 524.80, 674.61, 539.44, 659.34, 532.12, 644.08, 532.12, 674.61, 532.12, 30.53, 14.64
8.57, 24, white car, 994.48, 549.14, 1025.25, 561.28, 1009.87, 555.21, 994.48, 555.21, 1025.25, 555.21, 30.77, 12.14
8.57, 22, white car, 641.49, 524.63, 672.24, 539.44, 656.86, 532.03, 641.49, 532.03, 672.24, 532.03, 30.76, 14.81
8.60, 24, white car, 991.14, 549.05, 1022.07, 561.25, 1006.60, 555.15, 991.14, 555.15, 1022.07, 555.15, 30.93, 12.20
8.60, 22, white car, 638.78, 524.41, 669.45, 539.19, 654.11, 531.80, 638.78, 531.80, 669.45, 531.80, 30.67, 14.79
8.63, 24, white car, 988.54, 548.88, 1019.71, 561.18, 1004.12, 555.03, 988.54, 555.03, 1019.71, 555.03, 31.17, 12.30
8.63, 22, white car, 636.69, 524.25, 666.94, 538.85, 651.82, 531.55, 636.69, 531.55, 666.94, 531.55, 30.25, 14.59
8.67, 24, white car, 985.47, 548.40, 1017.01, 560.89, 1001.24, 554.65, 985.47, 554.65, 1017.01, 554.65, 31.54, 12.49
8.67, 22, white car, 634.37, 523.94, 664.78, 538.62, 649.58, 531.28, 634.37, 531.28, 664.78, 531.28, 30.40, 14.68
8.70, 24, white car, 981.97, 548.27, 1013.83, 560.88, 997.90, 554.57, 981.97, 554.57, 1013.83, 554.57, 31.86, 12.61
8.70, 22, white car, 631.64, 523.70, 662.18, 538.46, 646.91, 531.08, 631.64, 531.08, 662.18, 531.08, 30.54, 14.76
8.73, 24, white car, 979.03, 548.19, 1010.89, 560.82, 994.96, 554.50, 979.03, 554.50, 1010.89, 554.50, 31.86, 12.63
8.73, 22, white car, 628.95, 523.27, 659.91, 538.28, 644.43, 530.78, 628.95, 530.78, 659.91, 530.78, 30.97, 15.02
8.77, 24, white car, 975.74, 547.86, 1008.07, 560.74, 991.90, 554.30, 975.74, 554.30, 1008.07, 554.30, 32.33, 12.87
8.77, 22, white car, 626.50, 523.04, 657.83, 538.28, 642.17, 530.66, 626.50, 530.66, 657.83, 530.66, 31.33, 15.24
8.80, 24, white car, 972.18, 547.58, 1005.37, 560.94, 988.78, 554.26, 972.18, 554.26, 1005.37, 554.26, 33.19, 13.36
8.80, 22, white car, 623.72, 522.75, 654.97, 538.01, 639.35, 530.38, 623.72, 530.38, 654.97, 530.38, 31.26, 15.26
8.83, 24, white car, 970.09, 547.48, 1002.37, 560.50, 986.23, 553.99, 970.09, 553.99, 1002.37, 553.99, 32.29, 13.01
8.83, 22, white car, 621.35, 522.43, 652.42, 537.61, 636.88, 530.02, 621.35, 530.02, 652.42, 530.02, 31.07, 15.18
8.87, 24, white car, 967.05, 547.39, 998.97, 560.28, 983.01, 553.83, 967.05, 553.83, 998.97, 553.83, 31.92, 12.89
8.87, 22, white car, 619.00, 522.14, 649.97, 537.30, 634.49, 529.72, 619.00, 529.72, 649.97, 529.72, 30.97, 15.17
8.90, 24, white car, 963.83, 547.42, 995.55, 560.29, 979.69, 553.86, 963.83, 553.86, 995.55, 553.86, 31.72, 12.87
8.90, 22, white car, 616.62, 521.89, 647.07, 536.78, 631.85, 529.33, 616.62, 529.33, 647.07, 529.33, 30.45, 14.88
8.93, 24, white car, 960.85, 547.44, 992.80, 560.43, 976.83, 553.93, 960.85, 553.93, 992.80, 553.93, 31.95, 12.99
8.93, 22, white car, 614.39, 521.65, 645.06, 536.65, 629.72, 529.15, 614.39, 529.15, 645.06, 529.15, 30.67, 15.00
8.97, 24, white car, 958.37, 547.50, 990.16, 560.47, 974.26, 553.98, 958.37, 553.98, 990.16, 553.98, 31.79, 12.97
8.97, 22, white car, 611.80, 521.55, 642.12, 536.36, 626.96, 528.96, 611.80, 528.96, 642.12, 528.96, 30.32, 14.81
9.00, 24, white car, 955.79, 547.33, 987.19, 560.16, 971.49, 553.75, 955.79, 553.75, 987.19, 553.75, 31.40, 12.83
9.00, 22, white car, 609.60, 521.37, 639.53, 535.93, 624.56, 528.65, 609.60, 528.65, 639.53, 528.65, 29.92, 14.56
9.03, 24, white car, 952.15, 547.33, 983.93, 560.36, 968.04, 553.85, 952.15, 553.85, 983.93, 553.85, 31.78, 13.04
9.03, 22, white car, 607.00, 521.24, 637.07, 535.85, 622.04, 528.55, 607.00, 528.55, 637.07, 528.55, 30.08, 14.61
9.07, 24, white car, 948.89, 547.00, 981.14, 560.30, 965.01, 553.65, 948.89, 553.65, 981.14, 553.65, 32.24, 13.30
9.07, 22, white car, 604.58, 521.04, 634.79, 535.68, 619.68, 528.36, 604.58, 528.36, 634.79, 528.36, 30.21, 14.64
9.10, 24, white car, 945.79, 546.87, 978.12, 560.27, 961.95, 553.57, 945.79, 553.57, 978.12, 553.57, 32.33, 13.40
9.10, 22, white car, 602.21, 520.84, 632.30, 535.41, 617.26, 528.13, 602.21, 528.13, 632.30, 528.13, 30.09, 14.57
9.13, 24, white car, 943.55, 547.03, 974.82, 560.00, 959.19, 553.52, 943.55, 553.52, 974.82, 553.52, 31.28, 12.97
9.13, 22, white car, 600.01, 520.62, 630.02, 535.18, 615.01, 527.90, 600.01, 527.90, 630.02, 527.90, 30.01, 14.56
9.17, 24, white car, 941.08, 547.03, 971.64, 559.67, 956.36, 553.35, 941.08, 553.35, 971.64, 553.35, 30.56, 12.64
9.17, 22, white car, 597.22, 520.39, 627.21, 534.94, 612.21, 527.67, 597.22, 527.67, 627.21, 527.67, 29.99, 14.55
9.20, 24, white car, 937.82, 546.91, 968.32, 559.53, 953.07, 553.22, 937.82, 553.22, 968.32, 553.22, 30.50, 12.62
9.20, 22, white car, 594.57, 520.11, 624.99, 534.87, 609.78, 527.49, 594.57, 527.49, 624.99, 527.49, 30.43, 14.77
9.23, 24, white car, 934.30, 546.70, 965.09, 559.46, 949.70, 553.08, 934.30, 553.08, 965.09, 553.08, 30.79, 12.76
9.23, 22, white car, 592.52, 519.91, 622.33, 534.34, 607.43, 527.13, 592.52, 527.13, 622.33, 527.13, 29.81, 14.43
9.27, 24, white car, 931.60, 546.65, 962.14, 559.32, 946.87, 552.98, 931.60, 552.98, 962.14, 552.98, 30.54, 12.66
9.27, 22, white car, 590.09, 519.60, 620.09, 534.10, 605.09, 526.85, 590.09, 526.85, 620.09, 526.85, 30.01, 14.50
9.30, 24, white car, 928.91, 546.54, 959.64, 559.30, 944.27, 552.92, 928.91, 552.92, 959.64, 552.92, 30.73, 12.76
9.30, 22, white car, 587.46, 519.46, 617.71, 534.05, 602.59, 526.76, 587.46, 526.76, 617.71, 526.76, 30.24, 14.59
9.33, 24, white car, 925.66, 546.53, 956.56, 559.40, 941.11, 552.97, 925.66, 552.97, 956.56, 552.97, 30.90, 12.87
9.33, 22, white car, 585.06, 519.37, 615.15, 533.84, 600.11, 526.61, 585.06, 526.61, 615.15, 526.61, 30.09, 14.47
9.37, 24, white car, 922.49, 546.40, 953.35, 559.32, 937.92, 552.86, 922.49, 552.86, 953.35, 552.86, 30.87, 12.92
9.37, 22, white car, 582.41, 519.12, 612.50, 533.57, 597.46, 526.35, 582.41, 526.35, 612.50, 526.35, 30.09, 14.45
9.40, 24, white car, 919.68, 546.17, 950.18, 558.93, 934.93, 552.55, 919.68, 552.55, 950.18, 552.55, 30.50, 12.76
9.40, 22, white car, 579.80, 518.98, 609.97, 533.42, 594.88, 526.20, 579.80, 526.20, 609.97, 526.20, 30.16, 14.44
9.43, 24, white car, 916.41, 545.97, 947.23, 558.88, 931.82, 552.42, 916.41, 552.42, 947.23, 552.42, 30.82, 12.92
9.43, 22, white car, 577.81, 518.69, 607.55, 532.85, 592.68, 525.77, 577.81, 525.77, 607.55, 525.77, 29.74, 14.15
9.47, 24, white car, 913.60, 545.99, 944.11, 558.77, 928.85, 552.38, 913.60, 552.38, 944.11, 552.38, 30.51, 12.79
9.47, 22, white car, 575.61, 518.48, 605.26, 532.51, 590.43, 525.49, 575.61, 525.49, 605.26, 525.49, 29.65, 14.02
9.50, 24, white car, 910.33, 545.99, 940.80, 558.77, 925.57, 552.38, 910.33, 552.38, 940.80, 552.38, 30.46, 12.78
9.50, 22, white car, 573.06, 518.31, 603.23, 532.51, 588.14, 525.41, 573.06, 525.41, 603.23, 525.41, 30.17, 14.20
9.53, 24, white car, 907.39, 545.99, 937.76, 558.74, 922.57, 552.36, 907.39, 552.36, 937.76, 552.36, 30.37, 12.75
9.53, 22, white car, 570.47, 518.06, 601.01, 532.41, 585.74, 525.24, 570.47, 525.24, 601.01, 525.24, 30.54, 14.35
9.57, 24, white car, 904.55, 545.91, 934.61, 558.49, 919.58, 552.20, 904.55, 552.20, 934.61, 552.20, 30.06, 12.59
9.57, 22, white car, 567.82, 517.85, 598.73, 532.36, 583.27, 525.11, 567.82, 525.11, 598.73, 525.11, 30.91, 14.51
9.60, 24, white car, 901.26, 545.58, 932.13, 558.54, 916.69, 552.06, 901.26, 552.06, 932.13, 552.06, 30.87, 12.95
9.60, 22, white car, 565.34, 517.60, 596.23, 532.09, 580.78, 524.84, 565.34, 524.84, 596.23, 524.84, 30.89, 14.49
9.63, 24, white car, 898.21, 545.26, 929.21, 558.33, 913.71, 551.80, 898.21, 551.80, 929.21, 551.80, 31.01, 13.07
9.63, 22, white car, 562.87, 517.29, 593.83, 531.80, 578.35, 524.55, 562.87, 524.55, 593.83, 524.55, 30.96, 14.50
9.67, 24, white car, 895.28, 545.13, 926.48, 558.34, 910.88, 551.73, 895.28, 551.73, 926.48, 551.73, 31.20, 13.22
9.67, 22, white car, 560.67, 517.10, 591.42, 531.49, 576.04, 524.29, 560.67, 524.29, 591.42, 524.29, 30.75, 14.39
9.70, 24, white car, 892.22, 544.91, 923.59, 558.23, 907.91, 551.57, 892.22, 551.57, 923.59, 551.57, 31.37, 13.32
9.70, 22, white car, 558.55, 516.94, 589.21, 531.28, 573.88, 524.11, 558.55, 524.11, 589.21, 524.11, 30.66, 14.34
9.73, 24, white car, 888.94, 544.47, 920.82, 558.07, 904.88, 551.27, 888.94, 551.27, 920.82, 551.27, 31.89, 13.60
9.73, 22, white car, 555.54, 516.60, 587.07, 531.40, 571.30, 524.00, 555.54, 524.00, 587.07, 524.00, 31.53, 14.80
9.77, 24, white car, 886.05, 544.33, 917.66, 557.88, 901.86, 551.10, 886.05, 551.10, 917.66, 551.10, 31.62, 13.55
9.77, 22, white car, 552.93, 516.34, 584.52, 531.21, 568.73, 523.78, 552.93, 523.78, 584.52, 523.78, 31.59, 14.87
9.80, 24, white car, 883.36, 544.37, 914.42, 557.75, 898.89, 551.06, 883.36, 551.06, 914.42, 551.06, 31.06, 13.38
9.80, 22, white car, 550.86, 516.12, 582.04, 530.80, 566.45, 523.46, 550.86, 523.46, 582.04, 523.46, 31.19, 14.68
9.83, 24, white car, 880.47, 544.37, 911.45, 557.76, 895.96, 551.07, 880.47, 551.07, 911.45, 551.07, 30.98, 13.39
9.83, 22, white car, 548.64, 515.87, 579.72, 530.53, 564.18, 523.20, 548.64, 523.20, 579.72, 523.20, 31.09, 14.66
9.87, 24, white car, 877.12, 544.15, 908.27, 557.68, 892.69, 550.91, 877.12, 550.91, 908.27, 550.91, 31.15, 13.53
9.87, 22, white car, 546.56, 515.62, 577.22, 530.09, 561.89, 522.85, 546.56, 522.85, 577.22, 522.85, 30.66, 14.47
9.90, 24, white car, 873.79, 543.89, 905.17, 557.58, 889.48, 550.74, 873.79, 550.74, 905.17, 550.74, 31.38, 13.69
9.90, 22, white car, 544.35, 515.44, 574.92, 529.87, 559.63, 522.66, 544.35, 522.66, 574.92, 522.66, 30.57, 14.43
9.93, 24, white car, 870.81, 543.78, 902.10, 557.49, 886.45, 550.64, 870.81, 550.64, 902.10, 550.64, 31.29, 13.71
9.93, 22, white car, 541.49, 515.00, 572.65, 529.73, 557.07, 522.36, 541.49, 522.36, 572.65, 522.36, 31.16, 14.73
9.97, 24, white car, 867.99, 543.72, 898.94, 557.32, 883.47, 550.52, 867.99, 550.52, 898.94, 550.52, 30.96, 13.59
9.97, 22, white car, 539.17, 514.76, 569.92, 529.31, 554.55, 522.03, 539.17, 522.03, 569.92, 522.03, 30.75, 14.55
