0.00, 7, white car, 864.28, 514.69, 889.04, 525.80, 876.66, 520.24, 864.28, 520.24, 889.04, 520.24, 24.75, 11.11
0.00, 9, white car, 209.00, 444.58, 240.33, 458.67, 224.67, 451.62, 209.00, 451.62, 240.33, 451.62, 31.33, 14.09
0.00, 10, black car, 61.51, 427.99, 88.15, 440.92, 74.83, 434.46, 61.51, 434.46, 88.15, 434.46, 26.64, 12.92
0.03, 7, white car, 862.10, 514.57, 886.65, 525.59, 874.38, 520.08, 862.10, 520.08, 886.65, 520.08, 24.54, 11.01
0.03, 9, white car, 207.46, 444.29, 238.77, 458.37, 223.12, 451.33, 207.46, 451.33, 238.77, 451.33, 31.31, 14.08
0.03, 10, black car, 60.01, 427.79, 86.77, 440.78, 73.39, 434.29, 60.01, 434.29, 86.77, 434.29, 26.76, 12.99
0.07, 7, white car, 860.08, 514.34, 884.98, 525.52, 872.53, 519.93, 860.08, 519.93, 884.98, 519.93, 24.91, 11.18
0.07, 9, white car, 205.64, 444.03, 237.26, 458.27, 221.45, 451.15, 205.64, 451.15, 237.26, 451.15, 31.62, 14.23
0.07, 10, black car, 57.67, 427.35, 84.09, 440.19, 70.88, 433.77, 57.67, 433.77, 84.09, 433.77, 26.42, 12.84
0.10, 7, white car, 858.09, 514.30, 882.37, 525.19, 870.23, 519.74, 858.09, 519.74, 882.37, 519.74, 24.28, 10.89
0.10, 9, white car, 203.62, 443.71, 235.62, 458.14, 219.62, 450.92, 203.62, 450.92, 235.62, 450.92, 32.01, 14.43
0.10, 10, black car, 54.83, 426.74, 81.87, 439.89, 68.35, 433.32, 54.83, 433.32, 81.87, 433.32, 27.04, 13.15
0.13, 7, white car, 855.44, 514.12, 879.41, 524.88, 867.43, 519.50, 855.44, 519.50, 879.41, 519.50, 23.97, 10.75
0.13, 9, white car, 202.26, 443.61, 233.81, 457.84, 218.04, 450.73, 202.26, 450.73, 233.81, 450.73, 31.55, 14.24
0.13, 10, black car, 52.30, 426.58, 80.03, 440.07, 66.17, 433.32, 52.30, 433.32, 80.03, 433.32, 27.73, 13.50
0.17, 7, white car, 853.02, 513.87, 877.25, 524.75, 865.14, 519.31, 853.02, 519.31, 877.25, 519.31, 24.23, 10.88
0.17, 9, white car, 201.00, 443.44, 232.20, 457.52, 216.60, 450.48, 201.00, 450.48, 232.20, 450.48, 31.20, 14.08
0.17, 10, black car, 50.89, 426.43, 78.53, 439.89, 64.71, 433.16, 50.89, 433.16, 78.53, 433.16, 27.64, 13.47
0.20, 7, white car, 851.01, 513.68, 875.19, 524.53, 863.10, 519.11, 851.01, 519.11, 875.19, 519.11, 24.18, 10.85
0.20, 9, white car, 199.45, 443.34, 230.65, 457.43, 215.05, 450.38, 199.45, 450.38, 230.65, 450.38, 31.20, 14.09
0.20, 10, black car, 49.04, 426.26, 77.19, 439.97, 63.11, 433.11, 49.04, 433.11, 77.19, 433.11, 28.14, 13.71
0.23, 7, white car, 848.44, 513.71, 872.39, 524.45, 860.41, 519.08, 848.44, 519.08, 872.39, 519.08, 23.96, 10.74
0.23, 9, white car, 197.74, 443.05, 228.85, 457.11, 213.30, 450.08, 197.74, 450.08, 228.85, 450.08, 31.11, 14.06
0.23, 10, black car, 47.79, 426.03, 76.11, 439.80, 61.95, 432.92, 47.79, 432.92, 76.11, 432.92, 28.32, 13.77
0.27, 7, white car, 845.97, 513.45, 870.28, 524.34, 858.12, 518.89, 845.97, 518.89, 870.28, 518.89, 24.31, 10.89
0.27, 9, white car, 196.21, 442.92, 227.22, 456.94, 211.71, 449.93, 196.21, 449.93, 227.22, 449.93, 31.01, 14.02
0.27, 10, black car, 45.46, 425.99, 73.60, 439.63, 59.53, 432.81, 45.46, 432.81, 73.60, 432.81, 28.14, 13.63
0.30, 7, white car, 843.80, 513.17, 867.84, 523.93, 855.82, 518.55, 843.80, 518.55, 867.84, 518.55, 24.04, 10.76
0.30, 9, white car, 195.11, 442.81, 225.57, 456.58, 210.34, 449.70, 195.11, 449.70, 225.57, 449.70, 30.46, 13.76
0.30, 10, black car, 43.13, 425.73, 71.30, 439.31, 57.21, 432.52, 43.13, 432.52, 71.30, 432.52, 28.17, 13.58
0.33, 7, white car, 841.48, 513.20, 865.27, 523.83, 853.37, 518.52, 841.48, 518.52, 865.27, 518.52, 23.80, 10.64
0.33, 9, white car, 193.79, 442.74, 224.12, 456.44, 208.96, 449.59, 193.79, 449.59, 224.12, 449.59, 30.33, 13.70
0.33, 10, black car, 40.15, 425.78, 67.55, 438.98, 53.85, 432.38, 40.15, 432.38, 67.55, 432.38, 27.40, 13.20
0.37, 7, white car, 839.20, 512.85, 863.27, 523.61, 851.23, 518.23, 839.20, 518.23, 863.27, 518.23, 24.07, 10.76
0.37, 9, white car, 191.81, 442.45, 222.62, 456.35, 207.22, 449.40, 191.81, 449.40, 222.62, 449.40, 30.81, 13.91
0.37, 10, black car, 38.24, 425.72, 65.36, 438.80, 51.80, 432.26, 38.24, 432.26, 65.36, 432.26, 27.12, 13.08
0.37, 38, white car, 488.02, 479.09, 519.69, 492.29, 503.85, 485.69, 488.02, 485.69, 519.69, 485.69, 31.67, 13.20
0.40, 7, white car, 837.35, 512.61, 861.17, 523.24, 849.26, 517.92, 837.35, 517.92, 861.17, 517.92, 23.82, 10.63
0.40, 9, white car, 189.88, 442.19, 221.14, 456.30, 205.51, 449.24, 189.88, 449.24, 221.14, 449.24, 31.26, 14.11
0.40, 10, black car, 36.71, 425.68, 63.72, 438.74, 50.21, 432.21, 36.71, 432.21, 63.72, 432.21, 27.01, 13.06
0.43, 7, white car, 835.30, 512.58, 858.58, 522.91, 846.94, 517.74, 835.30, 517.74, 858.58, 517.74, 23.29, 10.33
0.43, 9, white car, 188.38, 442.02, 219.54, 456.08, 203.96, 449.05, 188.38, 449.05, 219.54, 449.05, 31.15, 14.06
0.43, 10, black car, 34.22, 425.32, 61.33, 438.52, 47.77, 431.92, 34.22, 431.92, 61.33, 431.92, 27.10, 13.19
0.43, 39, white car, 248.09, 450.34, 281.16, 465.39, 264.63, 457.87, 248.09, 457.87, 281.16, 457.87, 33.07, 15.06
0.47, 7, white car, 832.89, 512.55, 856.27, 522.88, 844.58, 517.71, 832.89, 517.71, 856.27, 517.71, 23.38, 10.33
0.47, 9, white car, 186.89, 441.92, 217.93, 455.90, 202.41, 448.91, 186.89, 448.91, 217.93, 448.91, 31.03, 13.98
0.47, 10, black car, 32.79, 425.05, 59.31, 438.01, 46.05, 431.53, 32.79, 431.53, 59.31, 431.53, 26.52, 12.96
0.47, 39, white car, 246.54, 450.08, 279.77, 465.22, 263.16, 457.65, 246.54, 457.65, 279.77, 457.65, 33.22, 15.14
0.47, 38, white car, 484.04, 478.86, 515.56, 492.01, 499.80, 485.44, 484.04, 485.44, 515.56, 485.44, 31.52, 13.14
0.50, 7, white car, 830.78, 512.47, 854.47, 522.91, 842.62, 517.69, 830.78, 517.69, 854.47, 517.69, 23.68, 10.44
0.50, 9, white car, 185.62, 441.79, 216.47, 455.69, 201.05, 448.74, 185.62, 448.74, 216.47, 448.74, 30.85, 13.90
0.50, 10, black car, 30.39, 424.83, 56.80, 437.73, 43.60, 431.28, 30.39, 431.28, 56.80, 431.28, 26.41, 12.90
0.50, 39, white car, 244.17, 449.94, 278.11, 465.43, 261.14, 457.69, 244.17, 457.69, 278.11, 457.69, 33.94, 15.49
0.50, 38, white car, 482.80, 478.72, 514.27, 491.84, 498.53, 485.28, 482.80, 485.28, 514.27, 485.28, 31.47, 13.13
0.53, 7, white car, 828.08, 512.28, 852.25, 522.90, 840.16, 517.59, 828.08, 517.59, 852.25, 517.59, 24.16, 10.62
0.53, 9, white car, 184.22, 441.69, 214.74, 455.45, 199.48, 448.57, 184.22, 448.57, 214.74, 448.57, 30.53, 13.76
0.53, 10, black car, 28.15, 424.36, 54.86, 437.44, 41.50, 430.90, 28.15, 430.90, 54.86, 430.90, 26.70, 13.08
0.53, 39, white car, 242.29, 449.63, 276.54, 465.28, 259.42, 457.46, 242.29, 457.46, 276.54, 457.46, 34.25, 15.66
0.53, 38, white car, 481.64, 478.64, 513.16, 491.80, 497.40, 485.22, 481.64, 485.22, 513.16, 485.22, 31.52, 13.16
0.57, 7, white car, 825.15, 512.23, 849.71, 523.05, 837.43, 517.64, 825.15, 517.64, 849.71, 517.64, 24.57, 10.81
0.57, 9, white car, 182.60, 441.72, 212.74, 455.30, 197.67, 448.51, 182.60, 448.51, 212.74, 448.51, 30.15, 13.58
0.57, 10, black car, 26.31, 423.95, 53.03, 437.06, 39.67, 430.51, 26.31, 430.51, 53.03, 430.51, 26.72, 13.11
0.57, 39, white car, 240.73, 449.32, 275.16, 465.09, 257.94, 457.21, 240.73, 457.21, 275.16, 457.21, 34.43, 15.77
0.57, 38, white car, 480.61, 478.57, 512.22, 491.77, 496.42, 485.17, 480.61, 485.17, 512.22, 485.17, 31.61, 13.20
0.60, 7, white car, 823.15, 512.02, 847.48, 522.73, 835.32, 517.38, 823.15, 517.38, 847.48, 517.38, 24.33, 10.71
0.60, 9, white car, 180.88, 441.49, 211.13, 455.12, 196.00, 448.31, 180.88, 448.31, 211.13, 448.31, 30.25, 13.63
0.60, 10, black car, 23.16, 423.42, 50.40, 436.79, 36.78, 430.11, 23.16, 430.11, 50.40, 430.11, 27.24, 13.37
0.60, 39, white car, 239.52, 449.16, 273.50, 464.75, 256.51, 456.96, 239.52, 456.96, 273.50, 456.96, 33.98, 15.59
0.60, 38, white car, 479.89, 478.57, 511.34, 491.71, 495.62, 485.14, 479.89, 485.14, 511.34, 485.14, 31.46, 13.15
0.63, 7, white car, 820.88, 511.76, 845.20, 522.42, 833.04, 517.09, 820.88, 517.09, 845.20, 517.09, 24.32, 10.65
0.63, 9, white car, 179.34, 441.11, 209.84, 454.89, 194.59, 448.00, 179.34, 448.00, 209.84, 448.00, 30.50, 13.78
0.63, 10, black car, 19.83, 423.04, 47.48, 436.63, 33.66, 429.83, 19.83, 429.83, 47.48, 429.83, 27.65, 13.59
0.63, 39, white car, 238.57, 449.17, 271.90, 464.48, 255.23, 456.82, 238.57, 456.82, 271.90, 456.82, 33.33, 15.31
0.63, 38, white car, 478.79, 478.46, 510.10, 491.55, 494.44, 485.01, 478.79, 485.01, 510.10, 485.01, 31.31, 13.10
0.67, 7, white car, 818.71, 511.80, 842.66, 522.26, 830.69, 517.03, 818.71, 517.03, 842.66, 517.03, 23.95, 10.47
0.67, 9, white car, 177.71, 440.93, 208.14, 454.67, 192.92, 447.80, 177.71, 447.80, 208.14, 447.80, 30.43, 13.74
0.67, 10, black car, 17.72, 422.78, 45.66, 436.50, 31.69, 429.64, 17.72, 429.64, 45.66, 429.64, 27.94, 13.73
0.67, 39, white car, 237.25, 449.14, 269.67, 464.04, 253.46, 456.59, 237.25, 456.59, 269.67, 456.59, 32.42, 14.90
0.67, 38, white car, 477.47, 478.27, 508.93, 491.44, 493.20, 484.86, 477.47, 484.86, 508.93, 484.86, 31.46, 13.18
0.70, 7, white car, 816.72, 511.71, 840.45, 522.07, 828.59, 516.89, 816.72, 516.89, 840.45, 516.89, 23.73, 10.36
0.70, 9, white car, 175.87, 440.77, 206.42, 454.54, 191.14, 447.66, 175.87, 447.66, 206.42, 447.66, 30.55, 13.77
0.70, 10, black car, 16.17, 422.55, 43.60, 435.95, 29.89, 429.25, 16.17, 429.25, 43.60, 429.25, 27.44, 13.40
0.70, 39, white car, 235.83, 448.93, 267.97, 463.68, 251.90, 456.31, 235.83, 456.31, 267.97, 456.31, 32.14, 14.75
0.70, 41, black car, 1365.75, 531.94, 1398.08, 545.39, 1381.92, 538.66, 1365.75, 538.66, 1398.08, 538.66, 32.33, 13.45
0.73, 7, white car, 814.53, 511.42, 838.30, 521.79, 826.41, 516.61, 814.53, 516.61, 838.30, 516.61, 23.77, 10.37
0.73, 9, white car, 174.28, 440.73, 204.76, 454.43, 189.52, 447.58, 174.28, 447.58, 204.76, 447.58, 30.47, 13.70
0.73, 10, black car, 14.84, 422.71, 41.50, 435.67, 28.17, 429.19, 14.84, 429.19, 41.50, 429.19, 26.66, 12.96
0.73, 39, white car, 234.45, 448.73, 266.37, 463.37, 250.41, 456.05, 234.45, 456.05, 266.37, 456.05, 31.92, 14.64
0.73, 41, black car, 1363.04, 532.06, 1394.62, 545.19, 1378.83, 538.63, 1363.04, 538.63, 1394.62, 538.63, 31.58, 13.14
0.73, 38, white car, 475.30, 478.05, 506.89, 491.30, 491.09, 484.67, 475.30, 484.67, 506.89, 484.67, 31.59, 13.25
0.77, 7, white car, 812.36, 511.06, 836.44, 521.55, 824.40, 516.30, 812.36, 516.30, 836.44, 516.30, 24.07, 10.48
0.77, 9, white car, 172.59, 440.52, 203.17, 454.22, 187.88, 447.37, 172.59, 447.37, 203.17, 447.37, 30.58, 13.70
0.77, 10, black car, 12.93, 422.52, 39.38, 435.36, 26.15, 428.94, 12.93, 428.94, 39.38, 428.94, 26.45, 12.84
0.77, 39, white car, 233.15, 448.57, 265.00, 463.16, 249.08, 455.86, 233.15, 455.86, 265.00, 455.86, 31.85, 14.60
0.77, 41, black car, 1360.02, 532.07, 1391.97, 545.36, 1376.00, 538.72, 1360.02, 538.72, 1391.97, 538.72, 31.94, 13.29
0.77, 38, white car, 474.26, 477.99, 505.79, 491.24, 490.02, 484.61, 474.26, 484.61, 505.79, 484.61, 31.53, 13.25
0.80, 7, white car, 810.36, 510.92, 834.13, 521.26, 822.24, 516.09, 810.36, 516.09, 834.13, 516.09, 23.76, 10.34
0.80, 9, white car, 171.24, 440.52, 201.59, 454.09, 186.42, 447.30, 171.24, 447.30, 201.59, 447.30, 30.35, 13.57
0.80, 10, black car, 10.01, 421.87, 36.99, 434.94, 23.50, 428.40, 10.01, 428.40, 36.99, 428.40, 26.97, 13.07
0.80, 41, black car, 1356.72, 532.05, 1388.06, 545.08, 1372.39, 538.57, 1356.72, 538.57, 1388.06, 538.57, 31.34, 13.03
0.80, 38, white car, 473.47, 477.94, 504.94, 491.19, 489.21, 484.57, 473.47, 484.57, 504.94, 484.57, 31.48, 13.26
0.83, 7, white car, 808.31, 510.79, 831.66, 520.92, 819.98, 515.86, 808.31, 515.86, 831.66, 515.86, 23.35, 10.13
0.83, 9, white car, 169.51, 440.41, 199.75, 453.89, 184.63, 447.15, 169.51, 447.15, 199.75, 447.15, 30.24, 13.49
0.83, 10, black car, 7.82, 421.47, 35.24, 434.73, 21.53, 428.10, 7.82, 428.10, 35.24, 428.10, 27.42, 13.27
0.83, 41, black car, 1353.91, 531.96, 1385.44, 545.06, 1369.68, 538.51, 1353.91, 538.51, 1385.44, 538.51, 31.53, 13.10
0.83, 38, white car, 472.16, 477.83, 503.79, 491.18, 487.97, 484.51, 472.16, 484.51, 503.79, 484.51, 31.63, 13.35
0.83, 39, white car, 229.56, 448.33, 261.63, 463.02, 245.59, 455.67, 229.56, 455.67, 261.63, 455.67, 32.07, 14.70
0.87, 7, white car, 806.09, 510.47, 830.19, 520.91, 818.14, 515.69, 806.09, 515.69, 830.19, 515.69, 24.10, 10.44
0.87, 9, white car, 167.66, 440.17, 198.22, 453.81, 182.94, 446.99, 167.66, 446.99, 198.22, 446.99, 30.56, 13.64
0.87, 10, black car, 5.25, 421.14, 33.22, 434.65, 19.24, 427.90, 5.25, 427.90, 33.22, 427.90, 27.96, 13.51
0.87, 41, black car, 1350.93, 531.91, 1382.60, 545.04, 1366.76, 538.47, 1350.93, 538.47, 1382.60, 538.47, 31.66, 13.13
0.87, 38, white car, 470.82, 477.71, 502.67, 491.20, 486.75, 484.46, 470.82, 484.46, 502.67, 484.46, 31.85, 13.49
0.87, 39, white car, 228.06, 448.25, 260.17, 462.97, 244.12, 455.61, 228.06, 455.61, 260.17, 455.61, 32.11, 14.72
0.90, 7, white car, 803.96, 510.34, 828.21, 520.83, 816.09, 515.58, 803.96, 515.58, 828.21, 515.58, 24.26, 10.50
0.90, 9, white car, 165.72, 439.84, 196.82, 453.75, 181.27, 446.79, 165.72, 446.79, 196.82, 446.79, 31.10, 13.91
0.90, 41, black car, 1348.05, 531.89, 1380.02, 545.13, 1364.04, 538.51, 1348.05, 538.51, 1380.02, 538.51, 31.97, 13.24
0.90, 38, white car, 469.36, 477.48, 501.77, 491.25, 485.56, 484.36, 469.36, 484.36, 501.77, 484.36, 32.42, 13.77
0.90, 39, white car, 226.62, 448.21, 258.76, 462.96, 242.69, 455.58, 226.62, 455.58, 258.76, 455.58, 32.14, 14.75
0.93, 7, white car, 801.92, 510.37, 825.50, 520.57, 813.71, 515.47, 801.92, 515.47, 825.50, 515.47, 23.58, 10.20
0.93, 9, white car, 164.01, 439.55, 195.26, 453.55, 179.63, 446.55, 164.01, 446.55, 195.26, 446.55, 31.25, 14.00
0.93, 41, black car, 1345.22, 531.65, 1377.10, 544.83, 1361.16, 538.24, 1345.22, 538.24, 1377.10, 538.24, 31.88, 13.18
0.93, 38, white car, 468.24, 477.41, 500.69, 491.25, 484.47, 484.33, 468.24, 484.33, 500.69, 484.33, 32.46, 13.84
0.93, 10, black car, 0.91, 420.76, 29.73, 434.74, 15.32, 427.75, 0.91, 427.75, 29.73, 427.75, 28.81, 13.98
0.97, 7, white car, 799.56, 510.30, 823.23, 520.52, 811.40, 515.41, 799.56, 515.41, 823.23, 515.41, 23.67, 10.22
0.97, 9, white car, 162.24, 439.29, 193.96, 453.53, 178.10, 446.41, 162.24, 446.41, 193.96, 446.41, 31.72, 14.24
0.97, 41, black car, 1343.19, 531.58, 1375.19, 544.78, 1359.19, 538.18, 1343.19, 538.18, 1375.19, 538.18, 32.00, 13.20
0.97, 38, white car, 467.05, 477.33, 499.63, 491.28, 483.34, 484.31, 467.05, 484.31, 499.63, 484.31, 32.59, 13.96
0.97, 42, blue car, 324.05, 460.29, 354.54, 473.30, 339.29, 466.80, 324.05, 466.80, 354.54, 466.80, 30.50, 13.01
0.97, 10, black car, 0.00, 420.72, 28.04, 434.74, 14.02, 427.73, 0.00, 427.73, 28.04, 427.73, 28.04, 14.02
0.97, 39, white car, 223.20, 447.61, 255.14, 462.25, 239.17, 454.93, 223.20, 454.93, 255.14, 454.93, 31.94, 14.64
1.00, 7, white car, 797.27, 510.14, 821.13, 520.40, 809.20, 515.27, 797.27, 515.27, 821.13, 515.27, 23.85, 10.26
1.00, 9, white car, 160.11, 439.00, 192.08, 453.42, 176.10, 446.21, 160.11, 446.21, 192.08, 446.21, 31.98, 14.41
1.00, 41, black car, 1340.14, 531.53, 1372.65, 544.94, 1356.39, 538.23, 1340.14, 538.23, 1372.65, 538.23, 32.51, 13.42
1.00, 38, white car, 466.23, 477.28, 498.72, 491.26, 482.48, 484.27, 466.23, 484.27, 498.72, 484.27, 32.50, 13.98
1.00, 39, white car, 221.40, 447.43, 253.29, 462.02, 237.35, 454.73, 221.40, 454.73, 253.29, 454.73, 31.89, 14.60
1.03, 7, white car, 795.13, 509.91, 818.86, 520.08, 806.99, 515.00, 795.13, 515.00, 818.86, 515.00, 23.73, 10.17
1.03, 9, white car, 158.46, 438.86, 190.45, 453.32, 174.45, 446.09, 158.46, 446.09, 190.45, 446.09, 31.99, 14.46
1.03, 41, black car, 1337.56, 531.46, 1369.55, 544.67, 1353.55, 538.06, 1337.56, 538.06, 1369.55, 538.06, 31.99, 13.21
1.03, 39, white car, 220.06, 447.33, 251.81, 461.85, 235.94, 454.59, 220.06, 454.59, 251.81, 454.59, 31.75, 14.52
1.07, 7, white car, 792.90, 509.71, 816.80, 519.93, 804.85, 514.82, 792.90, 514.82, 816.80, 514.82, 23.90, 10.22
1.07, 9, white car, 157.14, 438.72, 188.76, 453.02, 172.95, 445.87, 157.14, 445.87, 188.76, 445.87, 31.61, 14.30
1.07, 41, black car, 1335.03, 531.47, 1366.60, 544.49, 1350.82, 537.98, 1335.03, 537.98, 1366.60, 537.98, 31.57, 13.01
1.07, 39, white car, 218.52, 447.29, 250.26, 461.79, 234.39, 454.54, 218.52, 454.54, 250.26, 454.54, 31.73, 14.50
1.07, 42, blue car, 319.73, 460.12, 349.63, 472.86, 334.68, 466.49, 319.73, 466.49, 349.63, 466.49, 29.89, 12.74
1.10, 7, white car, 790.59, 509.28, 814.88, 519.66, 802.73, 514.47, 790.59, 514.47, 814.88, 514.47, 24.30, 10.38
1.10, 9, white car, 155.71, 438.45, 186.71, 452.46, 171.21, 445.46, 155.71, 445.46, 186.71, 445.46, 31.00, 14.01
1.10, 41, black car, 1331.90, 531.20, 1364.19, 544.51, 1348.04, 537.85, 1331.90, 537.85, 1364.19, 537.85, 32.28, 13.31
1.10, 39, white car, 216.93, 447.17, 248.73, 461.69, 232.83, 454.43, 216.93, 454.43, 248.73, 454.43, 31.80, 14.52
1.10, 42, blue car, 317.79, 459.66, 347.81, 472.44, 332.80, 466.05, 317.79, 466.05, 347.81, 466.05, 30.01, 12.78
1.13, 7, white car, 788.33, 509.18, 812.48, 519.52, 800.40, 514.35, 788.33, 514.35, 812.48, 514.35, 24.15, 10.34
1.13, 9, white car, 154.08, 438.30, 184.92, 452.26, 169.50, 445.28, 154.08, 445.28, 184.92, 445.28, 30.84, 13.97
1.13, 41, black car, 1328.90, 531.12, 1361.76, 544.66, 1345.33, 537.89, 1328.90, 537.89, 1361.76, 537.89, 32.85, 13.54
1.13, 39, white car, 215.18, 447.00, 247.19, 461.61, 231.19, 454.30, 215.18, 454.30, 247.19, 454.30, 32.01, 14.60
1.17, 7, white car, 785.94, 509.09, 810.09, 519.43, 798.02, 514.26, 785.94, 514.26, 810.09, 514.26, 24.15, 10.34
1.17, 9, white car, 152.50, 438.14, 183.14, 452.01, 167.82, 445.08, 152.50, 445.08, 183.14, 445.08, 30.65, 13.87
1.17, 41, black car, 1326.35, 531.38, 1358.90, 544.78, 1342.62, 538.08, 1326.35, 538.08, 1358.90, 538.08, 32.54, 13.39
1.17, 39, white car, 213.67, 446.82, 245.78, 461.46, 229.73, 454.14, 213.67, 454.14, 245.78, 454.14, 32.12, 14.64
1.20, 7, white car, 783.59, 508.84, 808.26, 519.42, 795.93, 514.13, 783.59, 514.13, 808.26, 514.13, 24.67, 10.59
1.20, 9, white car, 150.98, 437.95, 181.19, 451.58, 166.09, 444.77, 150.98, 444.77, 181.19, 444.77, 30.21, 13.63
1.20, 41, black car, 1323.49, 531.09, 1356.31, 544.58, 1339.90, 537.83, 1323.49, 537.83, 1356.31, 537.83, 32.82, 13.50
1.20, 39, white car, 212.02, 446.56, 244.03, 461.15, 228.02, 453.85, 212.02, 453.85, 244.03, 453.85, 32.01, 14.59
1.20, 38, white car, 459.96, 476.02, 491.58, 489.64, 475.77, 482.83, 459.96, 482.83, 491.58, 482.83, 31.62, 13.62
1.20, 42, blue car, 312.74, 459.13, 341.95, 471.55, 327.34, 465.34, 312.74, 465.34, 341.95, 465.34, 29.20, 12.42
1.23, 7, white car, 781.40, 508.40, 806.81, 519.36, 794.10, 513.88, 781.40, 513.88, 806.81, 513.88, 25.41, 10.96
1.23, 9, white car, 149.20, 437.71, 179.70, 451.43, 164.45, 444.57, 149.20, 444.57, 179.70, 444.57, 30.50, 13.72
1.23, 41, black car, 1320.18, 530.89, 1353.62, 544.62, 1336.90, 537.76, 1320.18, 537.76, 1353.62, 537.76, 33.44, 13.74
1.23, 39, white car, 210.49, 446.18, 242.61, 460.83, 226.55, 453.51, 210.49, 453.51, 242.61, 453.51, 32.12, 14.66
1.23, 38, white car, 459.02, 475.89, 490.30, 489.40, 474.66, 482.65, 459.02, 482.65, 490.30, 482.65, 31.28, 13.51
1.27, 7, white car, 779.33, 508.29, 804.72, 519.30, 792.02, 513.80, 779.33, 513.80, 804.72, 513.80, 25.40, 11.01
1.27, 9, white car, 147.33, 437.29, 178.19, 451.17, 162.76, 444.23, 147.33, 444.23, 178.19, 444.23, 30.86, 13.88
1.27, 41, black car, 1318.29, 531.19, 1350.50, 544.38, 1334.39, 537.79, 1318.29, 537.79, 1350.50, 537.79, 32.20, 13.19
1.27, 39, white car, 208.66, 445.74, 241.36, 460.68, 225.01, 453.21, 208.66, 453.21, 241.36, 453.21, 32.70, 14.94
1.27, 38, white car, 457.79, 475.74, 489.14, 489.32, 473.46, 482.53, 457.79, 482.53, 489.14, 482.53, 31.36, 13.58
1.30, 7, white car, 777.09, 508.03, 802.78, 519.22, 789.94, 513.62, 777.09, 513.62, 802.78, 513.62, 25.69, 11.19
1.30, 9, white car, 145.39, 437.15, 176.47, 451.13, 160.93, 444.14, 145.39, 444.14, 176.47, 444.14, 31.08, 13.99
1.30, 41, black car, 1315.37, 531.03, 1346.96, 543.93, 1331.16, 537.48, 1315.37, 537.48, 1346.96, 537.48, 31.59, 12.90
1.30, 39, white car, 207.22, 445.44, 240.27, 460.57, 223.75, 453.00, 207.22, 453.00, 240.27, 453.00, 33.05, 15.13
1.30, 38, white car, 456.48, 475.66, 487.98, 489.32, 472.23, 482.49, 456.48, 482.49, 487.98, 482.49, 31.49, 13.66
1.33, 9, white car, 143.75, 436.79, 174.94, 450.81, 159.34, 443.80, 143.75, 443.80, 174.94, 443.80, 31.19, 14.03
1.33, 41, black car, 1312.69, 530.92, 1343.99, 543.69, 1328.34, 537.30, 1312.69, 537.30, 1343.99, 537.30, 31.30, 12.77
1.33, 39, white car, 205.67, 445.29, 238.57, 460.37, 222.12, 452.83, 205.67, 452.83, 238.57, 452.83, 32.90, 15.08
1.33, 38, white car, 455.25, 475.50, 487.02, 489.29, 471.13, 482.40, 455.25, 482.40, 487.02, 482.40, 31.77, 13.79
1.37, 9, white car, 142.25, 436.65, 172.99, 450.42, 157.62, 443.54, 142.25, 443.54, 172.99, 443.54, 30.74, 13.78
1.37, 41, black car, 1309.97, 530.80, 1341.06, 543.48, 1325.52, 537.14, 1309.97, 537.14, 1341.06, 537.14, 31.10, 12.69
1.37, 39, white car, 203.88, 445.13, 236.64, 460.19, 220.26, 452.66, 203.88, 452.66, 236.64, 452.66, 32.75, 15.06
1.37, 38, white car, 454.25, 475.42, 486.00, 489.19, 470.12, 482.30, 454.25, 482.30, 486.00, 482.30, 31.75, 13.77
1.40, 9, white car, 140.79, 436.53, 170.86, 449.97, 155.82, 443.25, 140.79, 443.25, 170.86, 443.25, 30.07, 13.44
1.40, 41, black car, 1306.79, 530.63, 1338.14, 543.41, 1322.46, 537.02, 1306.79, 537.02, 1338.14, 537.02, 31.35, 12.79
1.40, 39, white car, 202.11, 445.00, 235.11, 460.22, 218.61, 452.61, 202.11, 452.61, 235.11, 452.61, 33.00, 15.21
1.40, 38, white car, 453.08, 475.31, 484.67, 489.02, 468.88, 482.17, 453.08, 482.17, 484.67, 482.17, 31.59, 13.71
1.43, 9, white car, 139.19, 436.42, 169.37, 449.90, 154.28, 443.16, 139.19, 443.16, 169.37, 443.16, 30.18, 13.48
1.43, 41, black car, 1304.15, 530.63, 1335.25, 543.34, 1319.70, 536.98, 1304.15, 536.98, 1335.25, 536.98, 31.10, 12.71
1.43, 39, white car, 200.66, 444.86, 233.76, 460.16, 217.21, 452.51, 200.66, 452.51, 233.76, 452.51, 33.11, 15.30
1.43, 38, white car, 452.22, 475.24, 483.54, 488.84, 467.88, 482.04, 452.22, 482.04, 483.54, 482.04, 31.32, 13.61
1.47, 9, white car, 137.63, 436.25, 167.52, 449.58, 152.58, 442.92, 137.63, 442.92, 167.52, 442.92, 29.89, 13.33
1.47, 41, black car, 1301.21, 530.38, 1332.72, 543.23, 1316.96, 536.80, 1301.21, 536.80, 1332.72, 536.80, 31.50, 12.85
1.47, 39, white car, 199.30, 444.62, 232.14, 459.81, 215.72, 452.22, 199.30, 452.22, 232.14, 452.22, 32.84, 15.19
1.47, 38, white car, 451.20, 475.07, 482.46, 488.67, 466.83, 481.87, 451.20, 481.87, 482.46, 481.87, 31.26, 13.59
1.50, 9, white car, 136.05, 436.03, 166.21, 449.43, 151.13, 442.73, 136.05, 442.73, 166.21, 442.73, 30.16, 13.40
1.50, 41, black car, 1298.46, 530.21, 1329.72, 542.97, 1314.09, 536.59, 1298.46, 536.59, 1329.72, 536.59, 31.27, 12.77
1.50, 39, white car, 197.56, 444.33, 230.13, 459.41, 213.84, 451.87, 197.56, 451.87, 230.13, 451.87, 32.57, 15.07
1.50, 38, white car, 450.34, 475.03, 480.99, 488.33, 465.66, 481.68, 450.34, 481.68, 480.99, 481.68, 30.65, 13.30
1.53, 9, white car, 134.42, 435.82, 164.85, 449.32, 149.63, 442.57, 134.42, 442.57, 164.85, 442.57, 30.43, 13.50
1.53, 41, black car, 1295.66, 530.12, 1326.53, 542.73, 1311.10, 536.43, 1295.66, 536.43, 1326.53, 536.43, 30.87, 12.61
1.53, 38, white car, 449.43, 474.97, 479.94, 488.18, 464.68, 481.57, 449.43, 481.57, 479.94, 481.57, 30.51, 13.21
1.57, 9, white car, 132.38, 435.72, 162.82, 449.24, 147.60, 442.48, 132.38, 442.48, 162.82, 442.48, 30.44, 13.52
1.57, 41, black car, 1293.23, 529.98, 1324.10, 542.58, 1308.67, 536.28, 1293.23, 536.28, 1324.10, 536.28, 30.87, 12.60
1.57, 38, white car, 448.40, 474.97, 478.79, 488.12, 463.60, 481.54, 448.40, 481.54, 478.79, 481.54, 30.39, 13.15
1.60, 9, white car, 130.36, 435.68, 160.99, 449.29, 145.67, 442.48, 130.36, 442.48, 160.99, 442.48, 30.63, 13.61
1.60, 41, black car, 1290.39, 530.04, 1321.00, 542.57, 1305.70, 536.31, 1290.39, 536.31, 1321.00, 536.31, 30.61, 12.53
1.60, 38, white car, 447.15, 475.01, 477.22, 488.01, 462.19, 481.51, 447.15, 481.51, 477.22, 481.51, 30.07, 13.00
1.60, 42, blue car, 291.11, 456.62, 322.50, 470.04, 306.80, 463.33, 291.11, 463.33, 322.50, 463.33, 31.39, 13.42
1.63, 9, white car, 128.50, 435.49, 159.29, 449.18, 143.89, 442.34, 128.50, 442.34, 159.29, 442.34, 30.79, 13.69
1.63, 41, black car, 1288.08, 529.97, 1319.06, 542.67, 1303.57, 536.32, 1288.08, 536.32, 1319.06, 536.32, 30.98, 12.70
1.63, 38, white car, 445.95, 474.87, 476.18, 487.96, 461.07, 481.41, 445.95, 481.41, 476.18, 481.41, 30.23, 13.09
1.63, 42, blue car, 289.55, 456.38, 321.07, 469.93, 305.31, 463.16, 289.55, 463.16, 321.07, 463.16, 31.52, 13.55
1.67, 9, white car, 126.72, 435.39, 157.28, 449.00, 142.00, 442.20, 126.72, 442.20, 157.28, 442.20, 30.56, 13.61
1.67, 41, black car, 1285.36, 529.92, 1316.77, 542.82, 1301.06, 536.37, 1285.36, 536.37, 1316.77, 536.37, 31.41, 12.90
1.67, 38, white car, 444.48, 474.57, 475.25, 487.92, 459.87, 481.24, 444.48, 481.24, 475.25, 481.24, 30.77, 13.35
1.67, 39, white car, 190.08, 443.63, 221.95, 458.34, 206.01, 450.98, 190.08, 450.98, 221.95, 450.98, 31.87, 14.71
1.70, 9, white car, 125.20, 435.18, 155.66, 448.77, 140.43, 441.98, 125.20, 441.98, 155.66, 441.98, 30.46, 13.59
1.70, 41, black car, 1282.85, 529.83, 1314.26, 542.73, 1298.56, 536.28, 1282.85, 536.28, 1314.26, 536.28, 31.41, 12.91
1.70, 38, white car, 442.49, 474.08, 474.32, 487.95, 458.41, 481.02, 442.49, 481.02, 474.32, 481.02, 31.83, 13.88
1.70, 13, white car, 642.24, 501.21, 670.10, 514.18, 656.17, 507.69, 642.24, 507.69, 670.10, 507.69, 27.86, 12.97
1.70, 39, white car, 188.58, 443.40, 220.66, 458.20, 204.62, 450.80, 188.58, 450.80, 220.66, 450.80, 32.07, 14.80
1.70, 42, blue car, 286.35, 455.34, 317.22, 468.62, 301.79, 461.98, 286.35, 461.98, 317.22, 461.98, 30.87, 13.28
1.73, 9, white car, 123.55, 435.14, 153.74, 448.63, 138.65, 441.88, 123.55, 441.88, 153.74, 441.88, 30.20, 13.48
1.73, 41, black car, 1279.40, 529.61, 1311.32, 542.72, 1295.36, 536.16, 1279.40, 536.16, 1311.32, 536.16, 31.91, 13.11
1.73, 38, white car, 441.15, 473.73, 473.23, 487.76, 457.19, 480.74, 441.15, 480.74, 473.23, 480.74, 32.08, 14.03
1.73, 13, white car, 639.24, 500.77, 667.25, 513.83, 653.25, 507.30, 639.24, 507.30, 667.25, 507.30, 28.01, 13.06
1.73, 42, blue car, 284.55, 455.00, 315.22, 468.20, 299.88, 461.60, 284.55, 461.60, 315.22, 461.60, 30.67, 13.20
1.77, 9, white car, 121.87, 435.11, 151.79, 448.47, 136.83, 441.79, 121.87, 441.79, 151.79, 441.79, 29.92, 13.36
1.77, 41, black car, 1276.79, 529.45, 1308.85, 542.61, 1292.82, 536.03, 1276.79, 536.03, 1308.85, 536.03, 32.07, 13.16
1.77, 38, white car, 439.87, 473.49, 472.00, 487.56, 455.94, 480.52, 439.87, 480.52, 472.00, 480.52, 32.13, 14.07
1.77, 13, white car, 636.61, 500.43, 664.31, 513.36, 650.46, 506.89, 636.61, 506.89, 664.31, 506.89, 27.70, 12.92
1.77, 42, blue car, 282.78, 454.73, 313.25, 467.85, 298.01, 461.29, 282.78, 461.29, 313.25, 461.29, 30.47, 13.12
1.80, 9, white car, 120.21, 434.94, 150.22, 448.32, 135.22, 441.63, 120.21, 441.63, 150.22, 441.63, 30.00, 13.38
1.80, 41, black car, 1274.45, 529.43, 1306.44, 542.55, 1290.45, 535.99, 1274.45, 535.99, 1306.44, 535.99, 31.99, 13.12
1.80, 38, white car, 438.54, 473.32, 470.53, 487.36, 454.54, 480.34, 438.54, 480.34, 470.53, 480.34, 31.99, 14.03
1.80, 13, white car, 634.07, 500.01, 661.76, 512.93, 647.91, 506.47, 634.07, 506.47, 661.76, 506.47, 27.68, 12.92
1.83, 9, white car, 118.48, 434.65, 148.61, 448.07, 133.54, 441.36, 118.48, 441.36, 148.61, 441.36, 30.14, 13.43
1.83, 41, black car, 1271.54, 529.34, 1303.46, 542.44, 1287.50, 535.89, 1271.54, 535.89, 1303.46, 535.89, 31.92, 13.09
1.83, 38, white car, 437.28, 473.25, 469.19, 487.25, 453.24, 480.25, 437.28, 480.25, 469.19, 480.25, 31.92, 14.00
1.83, 13, white car, 631.62, 499.51, 659.12, 512.33, 645.37, 505.92, 631.62, 505.92, 659.12, 505.92, 27.50, 12.82
1.87, 9, white car, 116.45, 434.49, 146.73, 447.94, 131.59, 441.22, 116.45, 441.22, 146.73, 441.22, 30.27, 13.44
1.87, 41, black car, 1268.78, 529.32, 1300.41, 542.30, 1284.60, 535.81, 1268.78, 535.81, 1300.41, 535.81, 31.63, 12.97
1.87, 38, white car, 436.40, 473.30, 467.74, 487.04, 452.07, 480.17, 436.40, 480.17, 467.74, 480.17, 31.34, 13.75
1.87, 13, white car, 628.85, 499.06, 655.99, 511.70, 642.42, 505.38, 628.85, 505.38, 655.99, 505.38, 27.14, 12.64
1.90, 9, white car, 114.74, 434.33, 144.90, 447.66, 129.82, 441.00, 114.74, 441.00, 144.90, 441.00, 30.16, 13.33
1.90, 41, black car, 1265.40, 529.00, 1297.50, 542.17, 1281.45, 535.59, 1265.40, 535.59, 1297.50, 535.59, 32.10, 13.16
1.90, 38, white car, 435.30, 473.22, 466.35, 486.82, 450.82, 480.02, 435.30, 480.02, 466.35, 480.02, 31.05, 13.60
1.90, 13, white car, 625.98, 498.64, 653.60, 511.50, 639.79, 505.07, 625.98, 505.07, 653.60, 505.07, 27.62, 12.86
1.93, 9, white car, 112.91, 434.12, 143.14, 447.45, 128.03, 440.78, 112.91, 440.78, 143.14, 440.78, 30.23, 13.33
1.93, 41, black car, 1262.71, 528.95, 1294.84, 542.16, 1278.77, 535.55, 1262.71, 535.55, 1294.84, 535.55, 32.14, 13.21
1.93, 38, white car, 434.09, 473.17, 465.16, 486.74, 449.63, 479.96, 434.09, 479.96, 465.16, 479.96, 31.07, 13.58
1.93, 13, white car, 623.24, 498.44, 650.61, 511.19, 636.93, 504.82, 623.24, 504.82, 650.61, 504.82, 27.37, 12.75
1.97, 9, white car, 111.10, 433.80, 141.33, 447.11, 126.21, 440.45, 111.10, 440.45, 141.33, 440.45, 30.23, 13.30
1.97, 41, black car, 1259.72, 528.91, 1291.61, 542.01, 1275.66, 535.46, 1259.72, 535.46, 1291.61, 535.46, 31.89, 13.10
1.97, 38, white car, 432.62, 473.03, 463.75, 486.63, 448.19, 479.83, 432.62, 479.83, 463.75, 479.83, 31.13, 13.60
1.97, 13, white car, 620.55, 498.06, 647.83, 510.73, 634.19, 504.40, 620.55, 504.40, 647.83, 504.40, 27.28, 12.67
2.00, 9, white car, 109.28, 433.72, 139.13, 446.82, 124.20, 440.27, 109.28, 440.27, 139.13, 440.27, 29.85, 13.10
2.00, 41, black car, 1257.22, 528.95, 1288.55, 541.82, 1272.88, 535.39, 1257.22, 535.39, 1288.55, 535.39, 31.34, 12.88
2.00, 38, white car, 431.17, 472.87, 462.50, 486.58, 446.84, 479.72, 431.17, 479.72, 462.50, 479.72, 31.33, 13.71
2.00, 13, white car, 617.99, 497.54, 645.14, 510.12, 631.57, 503.83, 617.99, 503.83, 645.14, 503.83, 27.15, 12.57
2.03, 9, white car, 107.40, 433.67, 136.96, 446.61, 122.18, 440.14, 107.40, 440.14, 136.96, 440.14, 29.55, 12.94
2.03, 21, white car, 1411.13, 535.85, 1444.23, 549.52, 1427.68, 542.68, 1411.13, 542.68, 1444.23, 542.68, 33.09, 13.67
2.03, 41, black car, 1254.53, 528.77, 1285.47, 541.51, 1270.00, 535.14, 1254.53, 535.14, 1285.47, 535.14, 30.94, 12.74
2.03, 38, white car, 429.88, 472.71, 461.21, 486.46, 445.54, 479.58, 429.88, 479.58, 461.21, 479.58, 31.33, 13.75
2.03, 13, white car, 615.27, 497.08, 642.56, 509.69, 628.92, 503.39, 615.27, 503.39, 642.56, 503.39, 27.29, 12.61
2.07, 9, white car, 105.42, 433.56, 135.10, 446.54, 120.26, 440.05, 105.42, 440.05, 135.10, 440.05, 29.69, 12.99
2.07, 21, white car, 1408.64, 535.79, 1440.97, 549.09, 1424.81, 542.44, 1408.64, 542.44, 1440.97, 542.44, 32.34, 13.31
2.07, 41, black car, 1251.64, 528.55, 1283.10, 541.53, 1267.37, 535.04, 1251.64, 535.04, 1283.10, 535.04, 31.46, 12.98
2.07, 38, white car, 428.10, 472.41, 459.86, 486.39, 443.98, 479.40, 428.10, 479.40, 459.86, 479.40, 31.76, 13.98
2.07, 13, white car, 612.21, 496.76, 639.92, 509.54, 626.06, 503.15, 612.21, 503.15, 639.92, 503.15, 27.71, 12.79
2.07, 7, white car, 729.68, 504.07, 754.17, 514.94, 741.93, 509.50, 729.68, 509.50, 754.17, 509.50, 24.49, 10.87
2.10, 9, white car, 103.51, 433.19, 133.67, 446.39, 118.59, 439.79, 103.51, 439.79, 133.67, 439.79, 30.16, 13.20
2.10, 21, white car, 1405.92, 535.68, 1437.89, 548.80, 1421.91, 542.24, 1405.92, 542.24, 1437.89, 542.24, 31.98, 13.12
2.10, 41, black car, 1249.19, 528.36, 1280.99, 541.52, 1265.09, 534.94, 1249.19, 534.94, 1280.99, 534.94, 31.79, 13.15
2.10, 38, white car, 426.74, 472.26, 458.77, 486.41, 442.75, 479.34, 426.74, 479.34, 458.77, 479.34, 32.03, 14.15
2.10, 13, white car, 609.45, 496.20, 637.59, 509.17, 623.52, 502.68, 609.45, 502.68, 637.59, 502.68, 28.15, 12.97
2.10, 7, white car, 727.93, 504.02, 752.28, 514.92, 740.11, 509.47, 727.93, 509.47, 752.28, 509.47, 24.35, 10.90
2.13, 9, white car, 101.64, 432.88, 132.28, 446.31, 116.96, 439.59, 101.64, 439.59, 132.28, 439.59, 30.65, 13.43
2.13, 21, white car, 1402.63, 535.57, 1435.28, 548.95, 1418.95, 542.26, 1402.63, 542.26, 1435.28, 542.26, 32.64, 13.37
2.13, 41, black car, 1246.58, 528.16, 1278.78, 541.48, 1262.68, 534.82, 1246.58, 534.82, 1278.78, 534.82, 32.19, 13.32
2.13, 38, white car, 425.55, 471.91, 457.60, 486.12, 441.58, 479.01, 425.55, 479.01, 457.60, 479.01, 32.05, 14.21
2.13, 13, white car, 606.75, 495.65, 634.92, 508.64, 620.83, 502.15, 606.75, 502.15, 634.92, 502.15, 28.18, 12.99
2.13, 7, white car, 726.00, 503.87, 750.50, 514.84, 738.25, 509.35, 726.00, 509.35, 750.50, 509.35, 24.50, 10.96
2.17, 9, white car, 99.63, 432.44, 130.78, 446.09, 115.20, 439.26, 99.63, 439.26, 130.78, 439.26, 31.15, 13.65
2.17, 21, white car, 1399.66, 535.37, 1432.61, 548.88, 1416.14, 542.12, 1399.66, 542.12, 1432.61, 542.12, 32.95, 13.51
2.17, 41, black car, 1243.94, 528.15, 1275.83, 541.36, 1259.88, 534.76, 1243.94, 534.76, 1275.83, 534.76, 31.89, 13.21
2.17, 38, white car, 424.25, 471.75, 456.16, 485.95, 440.20, 478.85, 424.25, 478.85, 456.16, 478.85, 31.91, 14.20
2.17, 13, white car, 604.11, 495.24, 631.93, 508.07, 618.02, 501.65, 604.11, 501.65, 631.93, 501.65, 27.82, 12.83
2.17, 7, white car, 724.04, 503.77, 748.41, 514.67, 736.23, 509.22, 724.04, 509.22, 748.41, 509.22, 24.37, 10.90
2.20, 9, white car, 97.79, 432.19, 129.01, 445.89, 113.40, 439.04, 97.79, 439.04, 129.01, 439.04, 31.21, 13.71
2.20, 21, white car, 1396.72, 535.31, 1429.69, 548.81, 1413.20, 542.06, 1396.72, 542.06, 1429.69, 542.06, 32.98, 13.50
2.20, 41, black car, 1241.44, 528.16, 1273.08, 541.26, 1257.26, 534.71, 1241.44, 534.71, 1273.08, 534.71, 31.63, 13.10
2.20, 38, white car, 423.09, 471.67, 454.56, 485.71, 438.82, 478.69, 423.09, 478.69, 454.56, 478.69, 31.47, 14.04
2.20, 13, white car, 601.63, 495.08, 629.11, 507.72, 615.37, 501.40, 601.63, 501.40, 629.11, 501.40, 27.48, 12.64
2.20, 7, white car, 722.32, 503.53, 746.26, 514.22, 734.29, 508.88, 722.32, 508.88, 746.26, 508.88, 23.93, 10.68
2.20, 45, white car, 1034.30, 518.92, 1081.14, 536.29, 1057.72, 527.60, 1034.30, 527.60, 1081.14, 527.60, 46.85, 17.37
2.23, 9, white car, 96.25, 432.03, 127.21, 445.62, 111.73, 438.82, 96.25, 438.82, 127.21, 438.82, 30.96, 13.59
2.23, 21, white car, 1394.01, 535.11, 1426.93, 548.57, 1410.47, 541.84, 1394.01, 541.84, 1426.93, 541.84, 32.92, 13.46
2.23, 41, black car, 1239.32, 528.43, 1270.02, 541.17, 1254.67, 534.80, 1239.32, 534.80, 1270.02, 534.80, 30.70, 12.74
2.23, 13, white car, 599.02, 494.63, 627.04, 507.54, 613.03, 501.09, 599.02, 501.09, 627.04, 501.09, 28.02, 12.92
2.23, 7, white car, 720.17, 503.35, 743.81, 513.92, 731.99, 508.64, 720.17, 508.64, 743.81, 508.64, 23.63, 10.57
2.27, 9, white car, 94.73, 431.88, 125.09, 445.18, 109.91, 438.53, 94.73, 438.53, 125.09, 438.53, 30.36, 13.30
2.27, 21, white car, 1391.34, 535.19, 1423.85, 548.49, 1407.60, 541.84, 1391.34, 541.84, 1423.85, 541.84, 32.51, 13.30
2.27, 41, black car, 1236.53, 528.10, 1267.89, 541.13, 1252.21, 534.61, 1236.53, 534.61, 1267.89, 534.61, 31.36, 13.03
2.27, 13, white car, 596.57, 494.19, 624.40, 507.02, 610.48, 500.61, 596.57, 500.61, 624.40, 500.61, 27.83, 12.83
2.27, 7, white car, 718.28, 503.32, 741.80, 513.88, 730.04, 508.60, 718.28, 508.60, 741.80, 508.60, 23.52, 10.56
2.27, 45, white car, 1031.27, 518.98, 1076.21, 535.64, 1053.74, 527.31, 1031.27, 527.31, 1076.21, 527.31, 44.94, 16.66
2.30, 9, white car, 92.80, 431.70, 123.07, 444.92, 107.94, 438.31, 92.80, 438.31, 123.07, 438.31, 30.28, 13.22
2.30, 21, white car, 1388.19, 535.16, 1421.00, 548.57, 1404.60, 541.86, 1388.19, 541.86, 1421.00, 541.86, 32.80, 13.41
2.30, 41, black car, 1233.59, 527.69, 1265.76, 541.07, 1249.68, 534.38, 1233.59, 534.38, 1265.76, 534.38, 32.17, 13.38
2.30, 13, white car, 593.94, 493.66, 621.46, 506.32, 607.70, 499.99, 593.94, 499.99, 621.46, 499.99, 27.52, 12.67
2.30, 7, white car, 715.97, 503.00, 739.87, 513.82, 727.92, 508.41, 715.97, 508.41, 739.87, 508.41, 23.90, 10.81
2.30, 45, white car, 1028.09, 519.06, 1073.20, 535.79, 1050.65, 527.42, 1028.09, 527.42, 1073.20, 527.42, 45.11, 16.72
2.33, 9, white car, 90.65, 431.34, 121.27, 444.71, 105.96, 438.02, 90.65, 438.02, 121.27, 438.02, 30.62, 13.37
2.33, 21, white car, 1385.63, 535.01, 1418.37, 548.39, 1402.00, 541.70, 1385.63, 541.70, 1418.37, 541.70, 32.73, 13.38
2.33, 41, black car, 1231.12, 527.40, 1263.73, 540.94, 1247.42, 534.17, 1231.12, 534.17, 1263.73, 534.17, 32.61, 13.54
2.33, 13, white car, 591.00, 493.30, 618.60, 506.00, 604.80, 499.65, 591.00, 499.65, 618.60, 499.65, 27.60, 12.70
2.33, 7, white car, 713.65, 502.62, 738.29, 513.83, 725.97, 508.23, 713.65, 508.23, 738.29, 508.23, 24.64, 11.20
2.33, 45, white car, 1025.47, 518.96, 1070.82, 535.79, 1048.15, 527.37, 1025.47, 527.37, 1070.82, 527.37, 45.35, 16.82
2.37, 9, white car, 88.85, 431.00, 119.50, 444.37, 104.17, 437.68, 88.85, 437.68, 119.50, 437.68, 30.65, 13.36
2.37, 21, white car, 1382.61, 534.92, 1415.64, 548.42, 1399.12, 541.67, 1382.61, 541.67, 1415.64, 541.67, 33.03, 13.50
2.37, 41, black car, 1228.80, 527.39, 1260.67, 540.60, 1244.74, 533.99, 1228.80, 533.99, 1260.67, 533.99, 31.87, 13.21
2.37, 13, white car, 588.20, 492.84, 615.91, 505.57, 602.05, 499.20, 588.20, 499.20, 615.91, 499.20, 27.72, 12.73
2.37, 7, white car, 711.67, 502.29, 736.89, 513.77, 724.28, 508.03, 711.67, 508.03, 736.89, 508.03, 25.21, 11.48
2.37, 45, white car, 1023.33, 518.93, 1068.47, 535.70, 1045.90, 527.31, 1023.33, 527.31, 1068.47, 527.31, 45.15, 16.77
2.40, 9, white car, 86.90, 430.54, 117.67, 443.97, 102.29, 437.26, 86.90, 437.26, 117.67, 437.26, 30.77, 13.43
2.40, 21, white car, 1379.89, 534.81, 1412.62, 548.18, 1396.25, 541.49, 1379.89, 541.49, 1412.62, 541.49, 32.74, 13.37
2.40, 41, black car, 1225.31, 527.12, 1256.97, 540.24, 1241.14, 533.68, 1225.31, 533.68, 1256.97, 533.68, 31.66, 13.12
2.40, 13, white car, 585.46, 492.37, 613.47, 505.23, 599.47, 498.80, 585.46, 498.80, 613.47, 498.80, 28.00, 12.86
2.40, 7, white car, 709.74, 502.13, 734.60, 513.43, 722.17, 507.78, 709.74, 507.78, 734.60, 507.78, 24.86, 11.30
2.43, 9, white car, 85.03, 430.29, 116.11, 443.84, 100.57, 437.06, 85.03, 437.06, 116.11, 437.06, 31.08, 13.55
2.43, 21, white car, 1377.61, 534.93, 1409.56, 547.94, 1393.59, 541.43, 1377.61, 541.43, 1409.56, 541.43, 31.95, 13.00
2.43, 41, black car, 1222.70, 527.05, 1254.08, 540.06, 1238.39, 533.56, 1222.70, 533.56, 1254.08, 533.56, 31.38, 13.01
2.43, 13, white car, 583.07, 492.09, 611.12, 504.96, 597.10, 498.53, 583.07, 498.53, 611.12, 498.53, 28.04, 12.87
2.43, 7, white car, 707.78, 502.15, 732.53, 513.40, 720.16, 507.77, 707.78, 507.77, 732.53, 507.77, 24.75, 11.25
2.43, 38, white car, 413.13, 470.29, 444.59, 484.35, 428.86, 477.32, 413.13, 477.32, 444.59, 477.32, 31.46, 14.06
2.47, 9, white car, 83.35, 430.22, 114.09, 443.61, 98.72, 436.91, 83.35, 436.91, 114.09, 436.91, 30.74, 13.38
2.47, 21, white car, 1374.72, 534.89, 1406.75, 547.88, 1390.74, 541.39, 1374.72, 541.39, 1406.75, 541.39, 32.03, 12.99
2.47, 41, black car, 1219.88, 527.01, 1251.45, 540.10, 1235.66, 533.55, 1219.88, 533.55, 1251.45, 533.55, 31.57, 13.09
2.47, 13, white car, 580.61, 491.87, 608.69, 504.75, 594.65, 498.31, 580.61, 498.31, 608.69, 498.31, 28.08, 12.87
2.47, 7, white car, 705.93, 502.00, 730.50, 513.17, 718.22, 507.58, 705.93, 507.58, 730.50, 507.58, 24.57, 11.17
2.47, 38, white car, 411.97, 470.13, 443.15, 484.05, 427.56, 477.09, 411.97, 477.09, 443.15, 477.09, 31.18, 13.92
2.50, 9, white car, 81.57, 430.11, 111.84, 443.25, 96.71, 436.68, 81.57, 436.68, 111.84, 436.68, 30.27, 13.13
2.50, 21, white car, 1371.76, 534.67, 1404.27, 547.84, 1388.02, 541.25, 1371.76, 541.25, 1404.27, 541.25, 32.51, 13.17
2.50, 41, black car, 1217.60, 527.00, 1249.03, 540.03, 1233.32, 533.52, 1217.60, 533.52, 1249.03, 533.52, 31.43, 13.02
2.50, 13, white car, 578.25, 491.47, 605.96, 504.11, 592.11, 497.79, 578.25, 497.79, 605.96, 497.79, 27.70, 12.64
2.50, 7, white car, 704.07, 501.73, 728.35, 512.80, 716.21, 507.26, 704.07, 507.26, 728.35, 507.26, 24.27, 11.07
2.50, 38, white car, 410.85, 470.10, 441.77, 483.88, 426.31, 476.99, 410.85, 476.99, 441.77, 476.99, 30.92, 13.78
2.53, 9, white car, 79.43, 429.93, 110.07, 443.19, 94.75, 436.56, 79.43, 436.56, 110.07, 436.56, 30.64, 13.26
2.53, 21, white car, 1368.51, 534.34, 1401.67, 547.79, 1385.09, 541.07, 1368.51, 541.07, 1401.67, 541.07, 33.16, 13.45
2.53, 41, black car, 1214.84, 526.98, 1246.01, 539.90, 1230.43, 533.44, 1214.84, 533.44, 1246.01, 533.44, 31.17, 12.93
2.53, 13, white car, 575.68, 491.21, 602.97, 503.62, 589.33, 497.42, 575.68, 497.42, 602.97, 497.42, 27.29, 12.41
2.53, 7, white car, 701.91, 501.48, 726.35, 512.63, 714.13, 507.05, 701.91, 507.05, 726.35, 507.05, 24.43, 11.16
2.53, 38, white car, 409.35, 469.96, 440.30, 483.71, 424.83, 476.83, 409.35, 476.83, 440.30, 476.83, 30.95, 13.76
2.57, 9, white car, 76.64, 429.12, 108.53, 442.92, 92.58, 436.02, 76.64, 436.02, 108.53, 436.02, 31.89, 13.80
2.57, 21, white car, 1365.54, 534.27, 1398.77, 547.74, 1382.15, 541.00, 1365.54, 541.00, 1398.77, 541.00, 33.23, 13.47
2.57, 41, black car, 1212.46, 527.03, 1243.50, 539.90, 1227.98, 533.47, 1212.46, 533.47, 1243.50, 533.47, 31.03, 12.87
2.57, 13, white car, 573.37, 490.80, 600.42, 503.07, 586.90, 496.93, 573.37, 496.93, 600.42, 496.93, 27.05, 12.27
2.57, 7, white car, 700.27, 501.23, 724.46, 512.24, 712.37, 506.74, 700.27, 506.74, 724.46, 506.74, 24.19, 11.01
2.57, 38, white car, 407.76, 469.77, 438.87, 483.55, 423.31, 476.66, 407.76, 476.66, 438.87, 476.66, 31.10, 13.78
2.57, 45, white car, 1010.21, 518.15, 1053.25, 534.10, 1031.73, 526.13, 1010.21, 526.13, 1053.25, 526.13, 43.04, 15.94
2.60, 9, white car, 74.94, 428.78, 106.90, 442.64, 90.92, 435.71, 74.94, 435.71, 106.90, 435.71, 31.96, 13.86
2.60, 21, white car, 1362.97, 534.26, 1396.14, 547.71, 1379.56, 540.99, 1362.97, 540.99, 1396.14, 540.99, 33.17, 13.45
2.60, 41, black car, 1209.05, 526.88, 1240.23, 539.85, 1224.64, 533.37, 1209.05, 533.37, 1240.23, 533.37, 31.18, 12.97
2.60, 13, white car, 570.68, 490.54, 597.96, 502.90, 584.32, 496.72, 570.68, 496.72, 597.96, 496.72, 27.28, 12.35
2.60, 7, white car, 698.20, 501.11, 722.32, 512.07, 710.26, 506.59, 698.20, 506.59, 722.32, 506.59, 24.12, 10.96
2.60, 38, white car, 406.31, 469.67, 437.48, 483.45, 421.90, 476.56, 406.31, 476.56, 437.48, 476.56, 31.16, 13.78
2.63, 9, white car, 73.51, 428.56, 105.56, 442.47, 89.54, 435.52, 73.51, 435.52, 105.56, 435.52, 32.04, 13.91
2.63, 21, white car, 1359.74, 534.03, 1393.15, 547.63, 1376.45, 540.83, 1359.74, 540.83, 1393.15, 540.83, 33.41, 13.59
2.63, 41, black car, 1205.77, 526.66, 1237.72, 539.96, 1221.75, 533.31, 1205.77, 533.31, 1237.72, 533.31, 31.95, 13.30
2.63, 13, white car, 567.72, 490.27, 595.47, 502.81, 581.59, 496.54, 567.72, 496.54, 595.47, 496.54, 27.76, 12.54
2.63, 7, white car, 696.31, 500.96, 720.75, 512.06, 708.53, 506.51, 696.31, 506.51, 720.75, 506.51, 24.44, 11.09
2.63, 38, white car, 404.96, 469.39, 436.13, 483.16, 420.55, 476.27, 404.96, 476.27, 436.13, 476.27, 31.16, 13.76
2.67, 9, white car, 72.09, 428.50, 103.76, 442.27, 87.93, 435.39, 72.09, 435.39, 103.76, 435.39, 31.67, 13.77
2.67, 21, white car, 1356.61, 533.71, 1390.59, 547.61, 1373.60, 540.66, 1356.61, 540.66, 1390.59, 540.66, 33.98, 13.90
2.67, 41, black car, 1203.10, 526.60, 1235.31, 540.01, 1219.21, 533.30, 1203.10, 533.30, 1235.31, 533.30, 32.21, 13.40
2.67, 13, white car, 564.94, 489.98, 593.08, 502.69, 579.01, 496.34, 564.94, 496.34, 593.08, 496.34, 28.13, 12.71
2.67, 7, white car, 693.90, 500.63, 718.99, 511.98, 706.44, 506.30, 693.90, 506.30, 718.99, 506.30, 25.09, 11.35
2.67, 38, white car, 403.57, 469.16, 434.58, 482.85, 419.07, 476.00, 403.57, 476.00, 434.58, 476.00, 31.01, 13.69
2.70, 9, white car, 70.44, 428.52, 101.75, 442.13, 86.10, 435.33, 70.44, 435.33, 101.75, 435.33, 31.31, 13.61
2.70, 21, white car, 1353.45, 533.59, 1387.68, 547.63, 1370.57, 540.61, 1353.45, 540.61, 1387.68, 540.61, 34.24, 14.04
2.70, 41, black car, 1200.50, 526.41, 1232.82, 539.86, 1216.66, 533.14, 1200.50, 533.14, 1232.82, 533.14, 32.32, 13.45
2.70, 13, white car, 562.67, 489.57, 590.70, 502.21, 576.68, 495.89, 562.67, 495.89, 590.70, 495.89, 28.03, 12.64
2.70, 7, white car, 691.49, 500.38, 716.80, 511.81, 704.15, 506.10, 691.49, 506.10, 716.80, 506.10, 25.31, 11.43
2.70, 38, white car, 402.14, 468.94, 432.96, 482.55, 417.55, 475.74, 402.14, 475.74, 432.96, 475.74, 30.82, 13.61
2.73, 9, white car, 68.71, 428.51, 99.29, 441.79, 84.00, 435.15, 68.71, 435.15, 99.29, 435.15, 30.57, 13.29
2.73, 41, black car, 1197.97, 526.27, 1230.42, 539.80, 1214.20, 533.04, 1197.97, 533.04, 1230.42, 533.04, 32.45, 13.53
2.73, 13, white car, 560.52, 489.04, 588.67, 501.74, 574.59, 495.39, 560.52, 495.39, 588.67, 495.39, 28.16, 12.71
2.73, 7, white car, 689.37, 500.26, 714.67, 511.71, 702.02, 505.98, 689.37, 505.98, 714.67, 505.98, 25.30, 11.45
2.77, 9, white car, 66.76, 428.27, 97.44, 441.60, 82.10, 434.94, 66.76, 434.94, 97.44, 434.94, 30.68, 13.33
2.77, 41, black car, 1195.58, 526.14, 1227.76, 539.59, 1211.67, 532.87, 1195.58, 532.87, 1227.76, 532.87, 32.17, 13.45
2.77, 13, white car, 557.59, 488.77, 586.16, 501.70, 571.87, 495.23, 557.59, 495.23, 586.16, 495.23, 28.57, 12.94
2.77, 7, white car, 687.49, 500.34, 712.58, 511.71, 700.03, 506.02, 687.49, 506.02, 712.58, 506.02, 25.09, 11.37
2.77, 38, white car, 398.70, 468.40, 429.80, 482.17, 414.25, 475.29, 398.70, 475.29, 429.80, 475.29, 31.10, 13.76
2.80, 9, white car, 64.51, 427.98, 95.52, 441.45, 80.01, 434.71, 64.51, 434.71, 95.52, 434.71, 31.02, 13.47
2.80, 41, black car, 1193.03, 526.20, 1225.00, 539.59, 1209.02, 532.89, 1193.03, 532.89, 1225.00, 532.89, 31.97, 13.39
2.80, 13, white car, 554.83, 488.41, 583.76, 501.52, 569.29, 494.96, 554.83, 494.96, 583.76, 494.96, 28.93, 13.11
2.80, 7, white car, 685.90, 500.12, 711.18, 511.58, 698.54, 505.85, 685.90, 505.85, 711.18, 505.85, 25.28, 11.46
2.80, 38, white car, 397.23, 468.18, 428.39, 481.97, 412.81, 475.08, 397.23, 475.08, 428.39, 475.08, 31.17, 13.79
2.83, 9, white car, 62.67, 427.73, 94.02, 441.33, 78.35, 434.53, 62.67, 434.53, 94.02, 434.53, 31.34, 13.60
2.83, 41, black car, 1189.99, 526.02, 1222.75, 539.73, 1206.37, 532.88, 1189.99, 532.88, 1222.75, 532.88, 32.75, 13.71
2.83, 13, white car, 552.59, 487.98, 581.62, 501.15, 567.10, 494.57, 552.59, 494.57, 581.62, 494.57, 29.03, 13.17
2.83, 7, white car, 684.08, 499.80, 709.18, 511.21, 696.63, 505.50, 684.08, 505.50, 709.18, 505.50, 25.10, 11.41
2.83, 38, white car, 395.45, 468.07, 426.77, 481.90, 411.11, 474.99, 395.45, 474.99, 426.77, 474.99, 31.32, 13.84
2.87, 9, white car, 60.66, 427.47, 92.12, 441.12, 76.39, 434.29, 60.66, 434.29, 92.12, 434.29, 31.46, 13.65
2.87, 41, black car, 1187.33, 526.11, 1219.39, 539.52, 1203.36, 532.82, 1187.33, 532.82, 1219.39, 532.82, 32.05, 13.41
2.87, 13, white car, 549.75, 487.53, 578.96, 500.82, 564.36, 494.18, 549.75, 494.18, 578.96, 494.18, 29.21, 13.29
2.87, 7, white car, 682.19, 499.57, 707.30, 511.01, 694.75, 505.29, 682.19, 505.29, 707.30, 505.29, 25.11, 11.44
2.87, 38, white car, 393.72, 467.88, 425.38, 481.87, 409.55, 474.87, 393.72, 474.87, 425.38, 474.87, 31.66, 13.99
2.90, 9, white car, 58.90, 427.33, 90.13, 440.87, 74.51, 434.10, 58.90, 434.10, 90.13, 434.10, 31.24, 13.54
2.90, 41, black car, 1185.39, 526.30, 1216.89, 539.47, 1201.14, 532.89, 1185.39, 532.89, 1216.89, 532.89, 31.50, 13.17
2.90, 13, white car, 547.51, 487.26, 576.38, 500.40, 561.95, 493.83, 547.51, 493.83, 576.38, 493.83, 28.87, 13.14
2.90, 7, white car, 680.33, 499.27, 705.26, 510.67, 692.80, 504.97, 680.33, 504.97, 705.26, 504.97, 24.93, 11.40
2.90, 38, white car, 392.15, 467.80, 423.60, 481.70, 407.88, 474.75, 392.15, 474.75, 423.60, 474.75, 31.45, 13.90
2.93, 9, white car, 57.14, 427.29, 88.28, 440.78, 72.71, 434.04, 57.14, 434.04, 88.28, 434.04, 31.13, 13.49
2.93, 41, black car, 1182.65, 526.00, 1214.18, 539.20, 1198.42, 532.60, 1182.65, 532.60, 1214.18, 532.60, 31.52, 13.20
2.93, 13, white car, 545.15, 486.92, 573.51, 499.80, 559.33, 493.36, 545.15, 493.36, 573.51, 493.36, 28.36, 12.88
2.93, 7, white car, 678.20, 499.02, 703.07, 510.42, 690.63, 504.72, 678.20, 504.72, 703.07, 504.72, 24.87, 11.41
2.93, 45, white car, 984.32, 516.98, 1027.24, 532.86, 1005.78, 524.92, 984.32, 524.92, 1027.24, 524.92, 42.92, 15.88
2.97, 9, white car, 55.13, 427.02, 86.41, 440.59, 70.77, 433.80, 55.13, 433.80, 86.41, 433.80, 31.28, 13.57
2.97, 41, black car, 1180.05, 525.87, 1211.60, 539.11, 1195.82, 532.49, 1180.05, 532.49, 1211.60, 532.49, 31.55, 13.23
2.97, 13, white car, 542.49, 486.31, 571.34, 499.43, 556.92, 492.87, 542.49, 492.87, 571.34, 492.87, 28.85, 13.13
2.97, 7, white car, 676.29, 498.82, 701.23, 510.26, 688.76, 504.54, 676.29, 504.54, 701.23, 504.54, 24.94, 11.45
2.97, 45, white car, 981.59, 516.67, 1025.43, 532.90, 1003.51, 524.79, 981.59, 524.79, 1025.43, 524.79, 43.84, 16.23
2.97, 38, white car, 389.38, 467.35, 421.04, 481.37, 405.21, 474.36, 389.38, 474.36, 421.04, 474.36, 31.66, 14.02
3.00, 9, white car, 53.15, 426.76, 84.43, 440.33, 68.79, 433.54, 53.15, 433.54, 84.43, 433.54, 31.27, 13.57
3.00, 41, black car, 1177.37, 525.59, 1208.35, 538.61, 1192.86, 532.10, 1177.37, 532.10, 1208.35, 532.10, 30.99, 13.01
3.00, 13, white car, 540.22, 486.05, 568.90, 499.11, 554.56, 492.58, 540.22, 492.58, 568.90, 492.58, 28.67, 13.06
3.00, 7, white car, 674.48, 498.73, 699.33, 510.18, 686.90, 504.45, 674.48, 504.45, 699.33, 504.45, 24.85, 11.45
3.00, 38, white car, 387.87, 467.21, 419.48, 481.26, 403.68, 474.23, 387.87, 474.23, 419.48, 474.23, 31.61, 14.05
3.03, 9, white car, 51.27, 426.41, 82.70, 440.05, 66.98, 433.23, 51.27, 433.23, 82.70, 433.23, 31.43, 13.64
3.03, 41, black car, 1174.59, 525.21, 1205.78, 538.31, 1190.19, 531.76, 1174.59, 531.76, 1205.78, 531.76, 31.19, 13.10
3.03, 13, white car, 537.87, 485.76, 565.87, 498.48, 551.87, 492.12, 537.87, 492.12, 565.87, 492.12, 28.00, 12.73
3.03, 7, white car, 672.67, 498.58, 697.59, 510.08, 685.13, 504.33, 672.67, 504.33, 697.59, 504.33, 24.92, 11.50
3.03, 38, white car, 386.14, 467.05, 417.81, 481.15, 401.98, 474.10, 386.14, 474.10, 417.81, 474.10, 31.68, 14.10
3.03, 47, white car, 123.76, 435.76, 153.81, 449.11, 138.79, 442.44, 123.76, 442.44, 153.81, 442.44, 30.05, 13.35
3.07, 9, white car, 49.44, 426.19, 80.91, 439.89, 65.17, 433.04, 49.44, 433.04, 80.91, 433.04, 31.46, 13.70
3.07, 41, black car, 1172.04, 524.55, 1203.43, 537.71, 1187.74, 531.13, 1172.04, 531.13, 1203.43, 531.13, 31.40, 13.16
3.07, 13, white car, 535.36, 485.28, 563.42, 498.04, 549.39, 491.66, 535.36, 491.66, 563.42, 491.66, 28.06, 12.76
3.07, 7, white car, 670.50, 498.44, 695.39, 509.95, 682.94, 504.20, 670.50, 504.20, 695.39, 504.20, 24.89, 11.51
3.07, 38, white car, 384.37, 467.07, 415.98, 481.15, 400.17, 474.11, 384.37, 474.11, 415.98, 474.11, 31.62, 14.09
3.07, 47, white car, 121.80, 435.46, 152.25, 448.99, 137.02, 442.22, 121.80, 442.22, 152.25, 442.22, 30.45, 13.53
3.07, 48, blue car, 219.27, 447.11, 249.67, 459.80, 234.47, 453.45, 219.27, 453.45, 249.67, 453.45, 30.41, 12.69
3.07, 21, white car, 1324.14, 532.41, 1356.02, 545.44, 1340.08, 538.93, 1324.14, 538.93, 1356.02, 538.93, 31.88, 13.03
3.10, 9, white car, 47.27, 425.96, 78.90, 439.78, 63.08, 432.87, 47.27, 432.87, 78.90, 432.87, 31.63, 13.82
3.10, 41, black car, 1169.22, 524.67, 1201.24, 538.05, 1185.23, 531.36, 1169.22, 531.36, 1201.24, 531.36, 32.02, 13.38
3.10, 13, white car, 533.14, 484.96, 560.91, 497.59, 547.02, 491.27, 533.14, 491.27, 560.91, 491.27, 27.77, 12.63
3.10, 7, white car, 668.41, 498.24, 693.12, 509.69, 680.77, 503.96, 668.41, 503.96, 693.12, 503.96, 24.71, 11.45
3.10, 38, white car, 383.06, 466.82, 414.59, 480.88, 398.83, 473.85, 383.06, 473.85, 414.59, 473.85, 31.53, 14.06
3.10, 47, white car, 119.56, 435.15, 150.51, 448.89, 135.04, 442.02, 119.56, 442.02, 150.51, 442.02, 30.95, 13.74
3.13, 9, white car, 45.49, 425.68, 77.27, 439.58, 61.38, 432.63, 45.49, 432.63, 77.27, 432.63, 31.78, 13.90
3.13, 41, black car, 1166.92, 524.87, 1197.98, 537.80, 1182.45, 531.34, 1166.92, 531.34, 1197.98, 531.34, 31.06, 12.93
3.13, 13, white car, 530.69, 484.71, 558.39, 497.29, 544.54, 491.00, 530.69, 491.00, 558.39, 491.00, 27.70, 12.59
3.13, 7, white car, 666.79, 498.19, 691.20, 509.51, 678.99, 503.85, 666.79, 503.85, 691.20, 503.85, 24.41, 11.32
3.13, 38, white car, 381.65, 466.60, 413.05, 480.59, 397.35, 473.59, 381.65, 473.59, 413.05, 473.59, 31.39, 13.99
3.13, 47, white car, 117.69, 434.88, 148.64, 448.60, 133.16, 441.74, 117.69, 441.74, 148.64, 441.74, 30.95, 13.72
3.13, 48, blue car, 215.50, 446.53, 246.93, 459.65, 231.21, 453.09, 215.50, 453.09, 246.93, 453.09, 31.43, 13.12
3.17, 9, white car, 43.94, 425.45, 75.73, 439.33, 59.84, 432.39, 43.94, 432.39, 75.73, 432.39, 31.79, 13.88
3.17, 41, black car, 1164.28, 525.05, 1194.91, 537.85, 1179.60, 531.45, 1164.28, 531.45, 1194.91, 531.45, 30.63, 12.80
3.17, 13, white car, 528.03, 484.50, 556.36, 497.39, 542.20, 490.94, 528.03, 490.94, 556.36, 490.94, 28.34, 12.89
3.17, 7, white car, 664.98, 498.28, 689.25, 509.52, 677.12, 503.90, 664.98, 503.90, 689.25, 503.90, 24.27, 11.24
3.17, 38, white car, 380.11, 466.40, 411.48, 480.38, 395.80, 473.39, 380.11, 473.39, 411.48, 473.39, 31.37, 13.98
3.17, 47, white car, 116.00, 434.72, 146.74, 448.33, 131.37, 441.52, 116.00, 441.52, 146.74, 441.52, 30.74, 13.61
3.17, 48, blue car, 213.41, 446.34, 244.76, 459.43, 229.09, 452.89, 213.41, 452.89, 244.76, 452.89, 31.35, 13.09
3.17, 21, white car, 1315.02, 532.30, 1348.16, 545.87, 1331.59, 539.08, 1315.02, 539.08, 1348.16, 539.08, 33.13, 13.57
3.20, 9, white car, 42.14, 425.23, 74.18, 439.22, 58.16, 432.22, 42.14, 432.22, 74.18, 432.22, 32.04, 13.99
3.20, 41, black car, 1161.31, 524.88, 1192.32, 537.89, 1176.81, 531.38, 1161.31, 531.38, 1192.32, 531.38, 31.01, 13.01
3.20, 13, white car, 525.64, 484.36, 554.01, 497.25, 539.83, 490.80, 525.64, 490.80, 554.01, 490.80, 28.37, 12.90
3.20, 7, white car, 663.05, 498.06, 687.32, 509.30, 675.18, 503.68, 663.05, 503.68, 687.32, 503.68, 24.27, 11.24
3.20, 38, white car, 378.47, 466.05, 410.09, 480.15, 394.28, 473.10, 378.47, 473.10, 410.09, 473.10, 31.62, 14.10
3.20, 47, white car, 114.38, 434.70, 145.14, 448.29, 129.76, 441.50, 114.38, 441.50, 145.14, 441.50, 30.75, 13.59
3.20, 48, blue car, 211.52, 446.33, 242.90, 459.43, 227.21, 452.88, 211.52, 452.88, 242.90, 452.88, 31.39, 13.11
3.20, 21, white car, 1311.88, 532.23, 1344.93, 545.83, 1328.41, 539.03, 1311.88, 539.03, 1344.93, 539.03, 33.05, 13.60
3.23, 9, white car, 39.97, 424.94, 72.05, 438.95, 56.01, 431.95, 39.97, 431.95, 72.05, 431.95, 32.08, 14.00
3.23, 41, black car, 1159.18, 525.07, 1189.76, 537.93, 1174.47, 531.50, 1159.18, 531.50, 1189.76, 531.50, 30.58, 12.86
3.23, 13, white car, 523.20, 484.08, 551.34, 496.87, 537.27, 490.48, 523.20, 490.48, 551.34, 490.48, 28.15, 12.79
3.23, 7, white car, 661.25, 497.89, 685.51, 509.15, 673.38, 503.52, 661.25, 503.52, 685.51, 503.52, 24.26, 11.26
3.23, 38, white car, 377.86, 466.11, 408.07, 479.50, 392.96, 472.81, 377.86, 472.81, 408.07, 472.81, 30.21, 13.39
3.23, 47, white car, 112.36, 434.45, 142.86, 447.91, 127.61, 441.18, 112.36, 441.18, 142.86, 441.18, 30.50, 13.46
3.23, 48, blue car, 209.93, 446.11, 241.48, 459.32, 225.70, 452.72, 209.93, 452.72, 241.48, 452.72, 31.55, 13.20
3.23, 21, white car, 1309.17, 532.22, 1342.11, 545.83, 1325.64, 539.02, 1309.17, 539.02, 1342.11, 539.02, 32.94, 13.60
3.27, 9, white car, 38.19, 424.80, 69.80, 438.59, 54.00, 431.70, 38.19, 431.70, 69.80, 431.70, 31.61, 13.79
3.27, 41, black car, 1156.58, 524.89, 1187.06, 537.71, 1171.82, 531.30, 1156.58, 531.30, 1187.06, 531.30, 30.48, 12.82
3.27, 13, white car, 521.10, 483.46, 549.58, 496.45, 535.34, 489.95, 521.10, 489.95, 549.58, 489.95, 28.48, 12.99
3.27, 7, white car, 659.05, 497.55, 683.39, 508.82, 671.22, 503.19, 659.05, 503.19, 683.39, 503.19, 24.34, 11.27
3.27, 38, white car, 375.68, 465.73, 406.56, 479.39, 391.12, 472.56, 375.68, 472.56, 406.56, 472.56, 30.88, 13.66
3.27, 47, white car, 110.30, 434.08, 140.78, 447.50, 125.54, 440.79, 110.30, 440.79, 140.78, 440.79, 30.48, 13.42
3.27, 21, white car, 1306.19, 532.22, 1338.54, 545.58, 1322.36, 538.90, 1306.19, 538.90, 1338.54, 538.90, 32.35, 13.36
3.30, 9, white car, 36.18, 424.59, 67.35, 438.18, 51.77, 431.39, 36.18, 431.39, 67.35, 431.39, 31.16, 13.59
3.30, 41, black car, 1153.80, 524.64, 1185.00, 537.72, 1169.40, 531.18, 1153.80, 531.18, 1185.00, 531.18, 31.20, 13.09
3.30, 13, white car, 518.84, 483.14, 547.55, 496.28, 533.19, 489.71, 518.84, 489.71, 547.55, 489.71, 28.71, 13.14
3.30, 7, white car, 657.19, 497.59, 681.00, 508.61, 669.09, 503.10, 657.19, 503.10, 681.00, 503.10, 23.81, 11.02
3.30, 38, white car, 373.84, 465.47, 405.08, 479.31, 389.46, 472.39, 373.84, 472.39, 405.08, 472.39, 31.24, 13.84
3.30, 47, white car, 108.18, 433.89, 138.41, 447.16, 123.29, 440.52, 108.18, 440.52, 138.41, 440.52, 30.23, 13.27
3.30, 21, white car, 1303.07, 532.05, 1336.02, 545.70, 1319.55, 538.87, 1303.07, 538.87, 1336.02, 538.87, 32.95, 13.65
3.33, 9, white car, 34.09, 424.46, 65.23, 438.07, 49.66, 431.27, 34.09, 431.27, 65.23, 431.27, 31.13, 13.61
3.33, 41, black car, 1150.88, 524.62, 1182.76, 537.98, 1166.82, 531.30, 1150.88, 531.30, 1182.76, 531.30, 31.88, 13.36
3.33, 13, white car, 516.12, 482.86, 545.12, 496.18, 530.62, 489.52, 516.12, 489.52, 545.12, 489.52, 29.01, 13.32
3.33, 7, white car, 654.92, 497.39, 679.00, 508.56, 666.96, 502.98, 654.92, 502.98, 679.00, 502.98, 24.08, 11.17
3.33, 38, white car, 371.86, 465.21, 403.36, 479.19, 387.61, 472.20, 371.86, 472.20, 403.36, 472.20, 31.50, 13.98
3.33, 47, white car, 105.88, 433.73, 136.34, 447.08, 121.11, 440.40, 105.88, 440.40, 136.34, 440.40, 30.46, 13.35
3.33, 21, white car, 1300.00, 531.93, 1333.58, 545.89, 1316.79, 538.91, 1300.00, 538.91, 1333.58, 538.91, 33.58, 13.97
3.33, 48, blue car, 204.90, 445.80, 236.74, 459.16, 220.82, 452.48, 204.90, 452.48, 236.74, 452.48, 31.84, 13.36
3.37, 9, white car, 32.43, 424.24, 63.54, 437.86, 47.99, 431.05, 32.43, 431.05, 63.54, 431.05, 31.11, 13.62
3.37, 41, black car, 1148.47, 524.41, 1180.93, 538.04, 1164.70, 531.23, 1148.47, 531.23, 1180.93, 531.23, 32.47, 13.62
3.37, 13, white car, 513.86, 482.89, 542.97, 496.29, 528.42, 489.59, 513.86, 489.59, 542.97, 489.59, 29.11, 13.40
3.37, 7, white car, 653.08, 497.05, 677.13, 508.20, 665.10, 502.62, 653.08, 502.62, 677.13, 502.62, 24.05, 11.15
3.37, 38, white car, 370.53, 465.03, 401.90, 478.96, 386.21, 472.00, 370.53, 472.00, 401.90, 472.00, 31.37, 13.93
3.37, 47, white car, 103.74, 433.53, 134.66, 447.07, 119.20, 440.30, 103.74, 440.30, 134.66, 440.30, 30.91, 13.54
3.37, 21, white car, 1297.29, 531.77, 1330.95, 545.80, 1314.12, 538.79, 1297.29, 538.79, 1330.95, 538.79, 33.66, 14.04
3.37, 48, blue car, 203.53, 445.57, 235.12, 458.85, 219.33, 452.21, 203.53, 452.21, 235.12, 452.21, 31.58, 13.28
3.40, 9, white car, 30.48, 423.67, 61.88, 437.43, 46.18, 430.55, 30.48, 430.55, 61.88, 430.55, 31.40, 13.76
3.40, 41, black car, 1145.65, 524.52, 1178.16, 538.14, 1161.91, 531.33, 1145.65, 531.33, 1178.16, 531.33, 32.51, 13.63
3.40, 13, white car, 511.67, 482.68, 540.48, 495.97, 526.07, 489.33, 511.67, 489.33, 540.48, 489.33, 28.81, 13.29
3.40, 7, white car, 651.45, 496.76, 675.27, 507.80, 663.36, 502.28, 651.45, 502.28, 675.27, 502.28, 23.82, 11.04
3.40, 38, white car, 369.13, 464.76, 400.19, 478.54, 384.66, 471.65, 369.13, 471.65, 400.19, 471.65, 31.06, 13.78
3.40, 47, white car, 102.04, 433.46, 132.79, 446.88, 117.41, 440.17, 102.04, 440.17, 132.79, 440.17, 30.75, 13.43
3.40, 21, white car, 1294.71, 531.67, 1328.17, 545.67, 1311.44, 538.67, 1294.71, 538.67, 1328.17, 538.67, 33.46, 14.00
3.43, 9, white car, 28.47, 423.31, 60.05, 437.15, 44.26, 430.23, 28.47, 430.23, 60.05, 430.23, 31.58, 13.84
3.43, 41, black car, 1143.37, 524.71, 1175.62, 538.20, 1159.49, 531.46, 1143.37, 531.46, 1175.62, 531.46, 32.25, 13.49
3.43, 13, white car, 509.36, 482.46, 537.76, 495.55, 523.56, 489.00, 509.36, 489.00, 537.76, 489.00, 28.41, 13.09
3.43, 7, white car, 649.50, 496.42, 673.04, 507.26, 661.27, 501.84, 649.50, 501.84, 673.04, 501.84, 23.54, 10.84
3.43, 38, white car, 367.77, 464.81, 398.31, 478.32, 383.04, 471.57, 367.77, 471.57, 398.31, 471.57, 30.54, 13.51
3.43, 47, white car, 100.39, 433.37, 130.91, 446.64, 115.65, 440.01, 100.39, 440.01, 130.91, 440.01, 30.52, 13.27
3.43, 21, white car, 1292.41, 531.59, 1324.79, 545.11, 1308.60, 538.35, 1292.41, 538.35, 1324.79, 538.35, 32.39, 13.51
3.47, 9, white car, 26.54, 423.07, 58.00, 436.88, 42.27, 429.97, 26.54, 429.97, 58.00, 429.97, 31.46, 13.81
3.47, 41, black car, 1140.13, 524.52, 1172.36, 537.94, 1156.24, 531.23, 1140.13, 531.23, 1172.36, 531.23, 32.23, 13.42
3.47, 13, white car, 507.00, 482.07, 535.27, 495.10, 521.13, 488.59, 507.00, 488.59, 535.27, 488.59, 28.27, 13.03
3.47, 7, white car, 647.91, 496.09, 671.46, 506.87, 659.69, 501.48, 647.91, 501.48, 671.46, 501.48, 23.54, 10.78
3.47, 38, white car, 366.75, 465.04, 396.17, 477.94, 381.46, 471.49, 366.75, 471.49, 396.17, 471.49, 29.42, 12.90
3.47, 47, white car, 98.18, 432.84, 129.18, 446.31, 113.68, 439.58, 98.18, 439.58, 129.18, 439.58, 31.01, 13.47
3.47, 21, white car, 1289.39, 531.33, 1321.96, 544.96, 1305.68, 538.14, 1289.39, 538.14, 1321.96, 538.14, 32.57, 13.62
3.50, 9, white car, 24.49, 422.69, 56.28, 436.70, 40.39, 429.70, 24.49, 429.70, 56.28, 429.70, 31.79, 14.00
3.50, 41, black car, 1137.86, 524.49, 1170.22, 537.92, 1154.04, 531.21, 1137.86, 531.21, 1170.22, 531.21, 32.36, 13.43
3.50, 13, white car, 504.70, 481.79, 532.78, 494.72, 518.74, 488.26, 504.70, 488.26, 532.78, 488.26, 28.08, 12.93
3.50, 7, white car, 646.20, 495.98, 669.56, 506.62, 657.88, 501.30, 646.20, 501.30, 669.56, 501.30, 23.36, 10.64
3.50, 38, white car, 365.17, 464.94, 394.53, 477.72, 379.85, 471.33, 365.17, 471.33, 394.53, 471.33, 29.36, 12.78
3.50, 47, white car, 96.75, 432.68, 127.12, 445.87, 111.94, 439.27, 96.75, 439.27, 127.12, 439.27, 30.37, 13.18
3.50, 21, white car, 1286.70, 531.25, 1319.35, 544.91, 1303.03, 538.08, 1286.70, 538.08, 1319.35, 538.08, 32.65, 13.66
3.53, 9, white car, 22.53, 422.36, 53.98, 436.22, 38.25, 429.29, 22.53, 429.29, 53.98, 429.29, 31.45, 13.86
3.53, 41, black car, 1134.94, 524.49, 1167.33, 537.94, 1151.13, 531.22, 1134.94, 531.22, 1167.33, 531.22, 32.39, 13.46
3.53, 13, white car, 502.25, 481.56, 530.27, 494.44, 516.26, 488.00, 502.25, 488.00, 530.27, 488.00, 28.02, 12.88
3.53, 7, white car, 644.24, 495.90, 667.34, 506.34, 655.79, 501.12, 644.24, 501.12, 667.34, 501.12, 23.11, 10.45
3.53, 38, white car, 363.52, 464.71, 392.83, 477.39, 378.18, 471.05, 363.52, 471.05, 392.83, 471.05, 29.32, 12.68
3.53, 47, white car, 95.35, 432.48, 125.50, 445.56, 110.43, 439.02, 95.35, 439.02, 125.50, 439.02, 30.15, 13.08
3.53, 21, white car, 1284.16, 531.10, 1316.54, 544.64, 1300.35, 537.87, 1284.16, 537.87, 1316.54, 537.87, 32.38, 13.53
3.57, 9, white car, 20.70, 422.20, 51.89, 435.93, 36.30, 429.06, 20.70, 429.06, 51.89, 429.06, 31.19, 13.74
3.57, 41, black car, 1132.40, 524.50, 1164.80, 537.97, 1148.60, 531.23, 1132.40, 531.23, 1164.80, 531.23, 32.40, 13.48
3.57, 13, white car, 499.83, 481.08, 528.24, 494.15, 514.04, 487.61, 499.83, 487.61, 528.24, 487.61, 28.41, 13.06
3.57, 7, white car, 642.15, 495.78, 665.71, 506.39, 653.93, 501.09, 642.15, 501.09, 665.71, 501.09, 23.55, 10.61
3.57, 38, white car, 361.92, 464.57, 391.31, 477.22, 376.62, 470.89, 361.92, 470.89, 391.31, 470.89, 29.39, 12.65
3.57, 47, white car, 93.35, 432.34, 123.48, 445.37, 108.41, 438.86, 93.35, 438.86, 123.48, 438.86, 30.12, 13.03
3.57, 21, white car, 1281.58, 531.09, 1313.55, 544.43, 1297.56, 537.76, 1281.58, 537.76, 1313.55, 537.76, 31.97, 13.35
3.60, 9, white car, 18.68, 422.02, 49.89, 435.76, 34.28, 428.89, 18.68, 428.89, 49.89, 428.89, 31.21, 13.74
3.60, 41, black car, 1129.54, 524.54, 1161.83, 537.96, 1145.69, 531.25, 1129.54, 531.25, 1161.83, 531.25, 32.29, 13.43
3.60, 13, white car, 497.69, 480.97, 526.08, 494.02, 511.88, 487.50, 497.69, 487.50, 526.08, 487.50, 28.39, 13.05
3.60, 7, white car, 640.14, 495.69, 663.52, 506.19, 651.83, 500.94, 640.14, 500.94, 663.52, 500.94, 23.38, 10.50
3.60, 38, white car, 360.14, 464.34, 389.77, 477.04, 374.96, 470.69, 360.14, 470.69, 389.77, 470.69, 29.64, 12.71
3.60, 47, white car, 90.88, 432.00, 121.56, 445.23, 106.22, 438.62, 90.88, 438.62, 121.56, 438.62, 30.68, 13.23
3.60, 21, white car, 1278.63, 531.02, 1310.63, 544.35, 1294.63, 537.68, 1278.63, 537.68, 1310.63, 537.68, 32.00, 13.33
3.63, 9, white car, 16.88, 421.86, 48.11, 435.61, 32.50, 428.73, 16.88, 428.73, 48.11, 428.73, 31.23, 13.75
3.63, 41, black car, 1127.25, 524.19, 1159.48, 537.63, 1143.36, 530.91, 1127.25, 530.91, 1159.48, 530.91, 32.24, 13.44
3.63, 13, white car, 495.87, 480.83, 523.98, 493.70, 509.93, 487.27, 495.87, 487.27, 523.98, 487.27, 28.11, 12.86
3.63, 7, white car, 638.29, 495.71, 661.21, 505.96, 649.75, 500.83, 638.29, 500.83, 661.21, 500.83, 22.93, 10.25
3.63, 38, white car, 357.62, 464.02, 388.07, 477.07, 372.84, 470.55, 357.62, 470.55, 388.07, 470.55, 30.45, 13.06
3.63, 47, white car, 88.48, 431.70, 120.02, 445.28, 104.25, 438.49, 88.48, 438.49, 120.02, 438.49, 31.54, 13.58
3.63, 21, white car, 1275.39, 530.80, 1308.16, 544.48, 1291.77, 537.64, 1275.39, 537.64, 1308.16, 537.64, 32.77, 13.68
3.67, 9, white car, 15.18, 421.69, 46.25, 435.36, 30.72, 428.53, 15.18, 428.53, 46.25, 428.53, 31.07, 13.67
3.67, 41, black car, 1124.35, 524.27, 1156.31, 537.59, 1140.33, 530.93, 1124.35, 530.93, 1156.31, 530.93, 31.96, 13.33
3.67, 13, white car, 493.59, 480.29, 521.85, 493.22, 507.72, 486.75, 493.59, 486.75, 521.85, 486.75, 28.26, 12.93
3.67, 7, white car, 636.14, 495.42, 659.48, 505.84, 647.81, 500.63, 636.14, 500.63, 659.48, 500.63, 23.35, 10.43
3.67, 38, white car, 355.83, 463.83, 386.30, 476.90, 371.07, 470.37, 355.83, 470.37, 386.30, 470.37, 30.47, 13.07
3.67, 47, white car, 86.50, 431.49, 118.02, 445.05, 102.26, 438.27, 86.50, 438.27, 118.02, 438.27, 31.52, 13.56
3.67, 21, white car, 1272.69, 530.81, 1305.46, 544.51, 1289.08, 537.66, 1272.69, 537.66, 1305.46, 537.66, 32.77, 13.70
3.70, 9, white car, 13.32, 421.66, 44.02, 435.17, 28.67, 428.41, 13.32, 428.41, 44.02, 428.41, 30.70, 13.51
3.70, 41, black car, 1122.48, 524.29, 1154.08, 537.47, 1138.28, 530.88, 1122.48, 530.88, 1154.08, 530.88, 31.60, 13.18
3.70, 13, white car, 490.98, 479.91, 519.38, 492.88, 505.18, 486.39, 490.98, 486.39, 519.38, 486.39, 28.40, 12.98
3.70, 7, white car, 634.07, 495.19, 657.98, 505.87, 646.03, 500.53, 634.07, 500.53, 657.98, 500.53, 23.92, 10.68
3.70, 38, white car, 354.07, 463.74, 384.69, 476.86, 369.38, 470.30, 354.07, 470.30, 384.69, 470.30, 30.62, 13.11
3.70, 47, white car, 84.16, 431.15, 116.01, 444.87, 100.08, 438.01, 84.16, 438.01, 116.01, 438.01, 31.85, 13.72
3.70, 21, white car, 1269.96, 530.69, 1302.77, 544.45, 1286.36, 537.57, 1269.96, 537.57, 1302.77, 537.57, 32.81, 13.76
3.73, 9, white car, 11.42, 421.46, 42.21, 435.04, 26.82, 428.25, 11.42, 428.25, 42.21, 428.25, 30.80, 13.57
3.73, 41, black car, 1119.53, 524.06, 1151.34, 537.36, 1135.43, 530.71, 1119.53, 530.71, 1151.34, 530.71, 31.80, 13.30
3.73, 13, white car, 488.43, 479.41, 516.98, 492.43, 502.71, 485.92, 488.43, 485.92, 516.98, 485.92, 28.55, 13.02
3.73, 7, white car, 632.58, 494.98, 656.34, 505.61, 644.46, 500.29, 632.58, 500.29, 656.34, 500.29, 23.76, 10.63
3.73, 38, white car, 352.43, 463.58, 383.20, 476.74, 367.81, 470.16, 352.43, 470.16, 383.20, 470.16, 30.77, 13.16
3.73, 47, white car, 82.33, 430.90, 114.28, 444.68, 98.30, 437.79, 82.33, 437.79, 114.28, 437.79, 31.95, 13.78
3.73, 21, white car, 1267.36, 530.83, 1299.73, 544.40, 1283.54, 537.62, 1267.36, 537.62, 1299.73, 537.62, 32.37, 13.57
3.77, 9, white car, 9.38, 421.19, 40.29, 434.84, 24.83, 428.02, 9.38, 428.02, 40.29, 428.02, 30.90, 13.66
3.77, 41, black car, 1117.50, 523.96, 1149.03, 537.15, 1133.26, 530.55, 1117.50, 530.55, 1149.03, 530.55, 31.53, 13.19
3.77, 13, white car, 486.04, 479.07, 514.96, 492.30, 500.50, 485.68, 486.04, 485.68, 514.96, 485.68, 28.93, 13.22
3.77, 7, white car, 630.30, 494.88, 654.22, 505.57, 642.26, 500.22, 630.30, 500.22, 654.22, 500.22, 23.92, 10.69
3.77, 38, white car, 351.12, 463.26, 381.80, 476.33, 366.46, 469.80, 351.12, 469.80, 381.80, 469.80, 30.68, 13.07
3.77, 21, white car, 1264.60, 530.89, 1296.64, 544.31, 1280.62, 537.60, 1264.60, 537.60, 1296.64, 537.60, 32.04, 13.42
3.80, 9, white car, 7.68, 421.11, 38.54, 434.74, 23.11, 427.93, 7.68, 427.93, 38.54, 427.93, 30.86, 13.64
3.80, 41, black car, 1114.45, 523.89, 1145.94, 537.05, 1130.20, 530.47, 1114.45, 530.47, 1145.94, 530.47, 31.49, 13.15
3.80, 13, white car, 483.63, 478.92, 512.81, 492.31, 498.22, 485.62, 483.63, 485.62, 512.81, 485.62, 29.18, 13.39
3.80, 7, white car, 628.11, 494.56, 652.07, 505.24, 640.09, 499.90, 628.11, 499.90, 652.07, 499.90, 23.96, 10.69
3.80, 38, white car, 349.67, 463.05, 379.93, 475.92, 364.80, 469.48, 349.67, 469.48, 379.93, 469.48, 30.26, 12.86
3.80, 21, white car, 1261.30, 530.71, 1294.01, 544.45, 1277.66, 537.58, 1261.30, 537.58, 1294.01, 537.58, 32.71, 13.74
3.83, 9, white car, 5.56, 420.80, 36.82, 434.64, 21.19, 427.72, 5.56, 427.72, 36.82, 427.72, 31.26, 13.84
3.83, 41, black car, 1111.73, 523.57, 1143.20, 536.68, 1127.47, 530.13, 1111.73, 530.13, 1143.20, 530.13, 31.46, 13.11
3.83, 13, white car, 481.28, 478.78, 510.30, 492.11, 495.79, 485.44, 481.28, 485.44, 510.30, 485.44, 29.02, 13.33
3.83, 7, white car, 626.12, 494.24, 649.96, 504.87, 638.04, 499.55, 626.12, 499.55, 649.96, 499.55, 23.84, 10.64
3.83, 38, white car, 347.82, 462.80, 377.96, 475.58, 362.89, 469.19, 347.82, 469.19, 377.96, 469.19, 30.13, 12.78
3.83, 21, white car, 1258.25, 530.56, 1291.10, 544.41, 1274.67, 537.48, 1258.25, 537.48, 1291.10, 537.48, 32.85, 13.85
3.87, 9, white car, 2.26, 420.36, 34.62, 434.67, 18.44, 427.51, 2.26, 427.51, 34.62, 427.51, 32.36, 14.31
3.87, 41, black car, 1109.41, 523.53, 1140.54, 536.47, 1124.97, 530.00, 1109.41, 530.00, 1140.54, 530.00, 31.13, 12.93
3.87, 13, white car, 478.99, 478.40, 508.30, 491.91, 493.65, 485.15, 478.99, 485.15, 508.30, 485.15, 29.30, 13.51
3.87, 7, white car, 624.01, 494.17, 647.86, 504.81, 635.94, 499.49, 624.01, 499.49, 647.86, 499.49, 23.85, 10.64
3.87, 38, white car, 345.93, 462.65, 376.04, 475.41, 360.99, 469.03, 345.93, 469.03, 376.04, 469.03, 30.11, 12.76
3.87, 21, white car, 1255.60, 530.41, 1288.45, 544.33, 1272.03, 537.37, 1255.60, 537.37, 1288.45, 537.37, 32.85, 13.92
3.90, 9, white car, 0.00, 420.08, 32.78, 434.66, 16.39, 427.37, 0.00, 427.37, 32.78, 427.37, 32.78, 14.58
3.90, 41, black car, 1106.68, 523.27, 1138.17, 536.33, 1122.43, 529.80, 1106.68, 529.80, 1138.17, 529.80, 31.49, 13.06
3.90, 13, white car, 476.78, 478.15, 505.87, 491.58, 491.33, 484.87, 476.78, 484.87, 505.87, 484.87, 29.10, 13.43
3.90, 7, white car, 622.05, 494.00, 645.93, 504.64, 633.99, 499.32, 622.05, 499.32, 645.93, 499.32, 23.87, 10.64
3.90, 38, white car, 344.23, 462.45, 374.39, 475.22, 359.31, 468.83, 344.23, 468.83, 374.39, 468.83, 30.16, 12.77
3.90, 21, white car, 1252.88, 530.33, 1285.74, 544.29, 1269.31, 537.31, 1252.88, 537.31, 1285.74, 537.31, 32.86, 13.96
3.93, 41, black car, 1104.22, 523.26, 1135.63, 536.28, 1119.93, 529.77, 1104.22, 529.77, 1135.63, 529.77, 31.42, 13.02
3.93, 13, white car, 474.44, 478.04, 503.16, 491.28, 488.80, 484.66, 474.44, 484.66, 503.16, 484.66, 28.72, 13.25
3.93, 7, white car, 620.05, 493.82, 643.84, 504.43, 631.94, 499.13, 620.05, 499.13, 643.84, 499.13, 23.79, 10.61
3.93, 38, white car, 342.85, 462.35, 372.66, 474.93, 357.76, 468.64, 342.85, 468.64, 372.66, 468.64, 29.81, 12.58
3.93, 21, white car, 1250.30, 530.35, 1283.05, 544.28, 1266.67, 537.32, 1250.30, 537.32, 1283.05, 537.32, 32.75, 13.93
3.97, 41, black car, 1101.46, 522.98, 1132.83, 535.99, 1117.15, 529.49, 1101.46, 529.49, 1132.83, 529.49, 31.37, 13.01
3.97, 13, white car, 471.94, 477.68, 501.19, 491.23, 486.57, 484.46, 471.94, 484.46, 501.19, 484.46, 29.25, 13.55
3.97, 7, white car, 618.27, 493.84, 642.09, 504.47, 630.18, 499.16, 618.27, 499.16, 642.09, 499.16, 23.82, 10.63
3.97, 38, white car, 341.47, 462.29, 371.06, 474.75, 356.27, 468.52, 341.47, 468.52, 371.06, 468.52, 29.59, 12.46
3.97, 21, white car, 1247.43, 530.18, 1280.20, 544.13, 1263.82, 537.16, 1247.43, 537.16, 1280.20, 537.16, 32.77, 13.95
4.00, 41, black car, 1099.51, 522.92, 1130.46, 535.78, 1114.98, 529.35, 1099.51, 529.35, 1130.46, 529.35, 30.95, 12.86
4.00, 13, white car, 469.61, 477.45, 499.28, 491.28, 484.45, 484.36, 469.61, 484.36, 499.28, 484.36, 29.67, 13.82
4.00, 7, white car, 616.64, 493.91, 640.37, 504.50, 628.51, 499.20, 616.64, 499.20, 640.37, 499.20, 23.73, 10.59
4.00, 38, white car, 339.02, 462.04, 369.23, 474.73, 354.12, 468.39, 339.02, 468.39, 369.23, 468.39, 30.21, 12.69
4.00, 21, white car, 1244.65, 530.08, 1277.43, 544.08, 1261.04, 537.08, 1244.65, 537.08, 1277.43, 537.08, 32.78, 14.00
4.00, 45, white car, 910.18, 513.22, 953.34, 529.16, 931.76, 521.19, 910.18, 521.19, 953.34, 521.19, 43.15, 15.93
4.00, 9, white car, 0.00, 419.25, 28.25, 433.40, 14.13, 426.32, 0.00, 426.32, 28.25, 426.32, 28.25, 14.15
4.03, 41, black car, 1096.09, 522.88, 1127.42, 535.88, 1111.76, 529.38, 1096.09, 529.38, 1127.42, 529.38, 31.33, 13.00
4.03, 13, white car, 467.37, 477.27, 497.14, 491.20, 482.25, 484.24, 467.37, 484.24, 497.14, 484.24, 29.77, 13.94
4.03, 7, white car, 614.37, 493.63, 638.16, 504.24, 626.26, 498.93, 614.37, 498.93, 638.16, 498.93, 23.78, 10.62
4.03, 38, white car, 336.96, 461.78, 367.35, 474.52, 352.16, 468.15, 336.96, 468.15, 367.35, 468.15, 30.39, 12.74
4.03, 21, white car, 1242.17, 529.85, 1274.71, 543.79, 1258.44, 536.82, 1242.17, 536.82, 1274.71, 536.82, 32.53, 13.94
4.03, 47, white car, 66.39, 429.16, 96.67, 442.23, 81.53, 435.69, 66.39, 435.69, 96.67, 435.69, 30.28, 13.06
4.07, 41, black car, 1092.64, 522.78, 1124.87, 536.16, 1108.76, 529.47, 1092.64, 529.47, 1124.87, 529.47, 32.23, 13.38
4.07, 7, white car, 612.28, 493.35, 636.33, 504.11, 624.31, 498.73, 612.28, 498.73, 636.33, 498.73, 24.06, 10.75
4.07, 38, white car, 335.70, 461.66, 365.77, 474.23, 350.73, 467.94, 335.70, 467.94, 365.77, 467.94, 30.07, 12.58
4.07, 21, white car, 1239.61, 529.82, 1271.91, 543.68, 1255.76, 536.75, 1239.61, 536.75, 1271.91, 536.75, 32.30, 13.85
4.07, 45, white car, 906.58, 512.83, 949.66, 528.88, 928.12, 520.85, 906.58, 520.85, 949.66, 520.85, 43.09, 16.05
4.10, 41, black car, 1089.67, 522.90, 1122.17, 536.39, 1105.92, 529.64, 1089.67, 529.64, 1122.17, 529.64, 32.50, 13.49
4.10, 38, white car, 334.33, 461.54, 363.92, 473.90, 349.13, 467.72, 334.33, 467.72, 363.92, 467.72, 29.59, 12.36
4.10, 21, white car, 1237.05, 529.76, 1268.91, 543.40, 1252.98, 536.58, 1237.05, 536.58, 1268.91, 536.58, 31.85, 13.64
4.10, 45, white car, 903.98, 512.50, 947.17, 528.71, 925.57, 520.61, 903.98, 520.61, 947.17, 520.61, 43.20, 16.20
4.13, 41, black car, 1087.88, 523.09, 1119.57, 536.26, 1103.72, 529.68, 1087.88, 529.68, 1119.57, 529.68, 31.68, 13.17
4.13, 38, white car, 332.26, 461.40, 362.05, 473.81, 347.16, 467.61, 332.26, 467.61, 362.05, 467.61, 29.79, 12.41
4.13, 21, white car, 1234.10, 529.59, 1265.99, 543.22, 1250.04, 536.41, 1234.10, 536.41, 1265.99, 536.41, 31.89, 13.63
4.13, 45, white car, 900.37, 512.25, 944.27, 528.76, 922.32, 520.51, 900.37, 520.51, 944.27, 520.51, 43.89, 16.50
4.17, 41, black car, 1086.25, 523.33, 1116.99, 536.15, 1101.62, 529.74, 1086.25, 529.74, 1116.99, 529.74, 30.74, 12.82
4.17, 38, white car, 330.31, 461.08, 360.33, 473.58, 345.32, 467.33, 330.31, 467.33, 360.33, 467.33, 30.02, 12.50
4.17, 21, white car, 1231.20, 529.58, 1263.34, 543.31, 1247.27, 536.45, 1231.20, 536.45, 1263.34, 536.45, 32.14, 13.73
4.17, 45, white car, 897.88, 512.39, 942.14, 529.13, 920.01, 520.76, 897.88, 520.76, 942.14, 520.76, 44.27, 16.74
4.17, 13, white car, 458.46, 475.98, 487.29, 489.50, 472.88, 482.74, 458.46, 482.74, 487.29, 482.74, 28.83, 13.52
4.20, 41, black car, 1084.26, 523.27, 1114.90, 536.06, 1099.58, 529.66, 1084.26, 529.66, 1114.90, 529.66, 30.63, 12.80
4.20, 38, white car, 328.71, 460.79, 358.79, 473.31, 343.75, 467.05, 328.71, 467.05, 358.79, 467.05, 30.09, 12.52
4.20, 21, white car, 1228.70, 529.37, 1260.83, 543.08, 1244.77, 536.23, 1228.70, 536.23, 1260.83, 536.23, 32.14, 13.72
4.20, 45, white car, 895.86, 512.56, 939.79, 529.19, 917.83, 520.88, 895.86, 520.88, 939.79, 520.88, 43.94, 16.63
4.20, 13, white car, 456.43, 475.78, 485.10, 489.24, 470.77, 482.51, 456.43, 482.51, 485.10, 482.51, 28.68, 13.46
4.20, 9, white car, 0.00, 418.52, 19.61, 430.95, 9.80, 424.74, 0.00, 424.74, 19.61, 424.74, 19.61, 12.43
4.20, 7, white car, 605.18, 492.55, 629.07, 503.30, 617.13, 497.93, 605.18, 497.93, 629.07, 497.93, 23.90, 10.76
4.23, 41, black car, 1082.45, 523.25, 1112.56, 535.86, 1097.50, 529.55, 1082.45, 529.55, 1112.56, 529.55, 30.11, 12.61
4.23, 38, white car, 326.43, 460.26, 357.59, 473.25, 342.01, 466.75, 326.43, 466.75, 357.59, 466.75, 31.16, 12.99
4.23, 21, white car, 1225.69, 529.22, 1257.98, 543.01, 1241.84, 536.11, 1225.69, 536.11, 1257.98, 536.11, 32.29, 13.79
4.23, 45, white car, 893.84, 512.69, 937.43, 529.25, 915.63, 520.97, 893.84, 520.97, 937.43, 520.97, 43.59, 16.57
4.23, 13, white car, 454.37, 475.64, 482.88, 489.00, 468.63, 482.32, 454.37, 482.32, 482.88, 482.32, 28.51, 13.36
4.23, 9, white car, 0.00, 418.33, 17.77, 430.60, 8.89, 424.47, 0.00, 424.47, 17.77, 424.47, 17.77, 12.27
4.23, 7, white car, 603.93, 492.39, 627.63, 503.12, 615.78, 497.76, 603.93, 497.76, 627.63, 497.76, 23.70, 10.74
4.27, 41, black car, 1079.37, 522.73, 1109.85, 535.54, 1094.61, 529.13, 1079.37, 529.13, 1109.85, 529.13, 30.47, 12.81
4.27, 38, white car, 324.00, 459.79, 356.03, 473.16, 340.01, 466.48, 324.00, 466.48, 356.03, 466.48, 32.03, 13.37
4.27, 21, white car, 1222.71, 529.24, 1255.02, 543.05, 1238.87, 536.15, 1222.71, 536.15, 1255.02, 536.15, 32.31, 13.81
4.27, 45, white car, 892.27, 512.71, 935.09, 529.07, 913.68, 520.89, 892.27, 520.89, 935.09, 520.89, 42.82, 16.36
4.27, 13, white car, 451.96, 475.39, 480.44, 488.71, 466.20, 482.05, 451.96, 482.05, 480.44, 482.05, 28.49, 13.32
4.27, 9, white car, 0.00, 418.11, 15.84, 430.67, 7.92, 424.39, 0.00, 424.39, 15.84, 424.39, 15.84, 12.56
4.27, 7, white car, 601.52, 492.22, 625.35, 503.04, 613.43, 497.63, 601.52, 497.63, 625.35, 497.63, 23.83, 10.82
4.30, 41, black car, 1076.07, 522.40, 1107.72, 535.72, 1091.90, 529.06, 1076.07, 529.06, 1107.72, 529.06, 31.66, 13.32
4.30, 38, white car, 322.15, 459.49, 354.43, 473.00, 338.29, 466.24, 322.15, 466.24, 354.43, 466.24, 32.28, 13.51
4.30, 21, white car, 1219.89, 529.16, 1252.28, 543.03, 1236.09, 536.10, 1219.89, 536.10, 1252.28, 536.10, 32.38, 13.87
4.30, 45, white car, 889.54, 512.48, 932.70, 528.99, 911.12, 520.74, 889.54, 520.74, 932.70, 520.74, 43.16, 16.51
4.30, 13, white car, 449.83, 475.31, 477.95, 488.41, 463.89, 481.86, 449.83, 481.86, 477.95, 481.86, 28.12, 13.10
4.30, 7, white car, 599.00, 491.95, 623.18, 502.94, 611.09, 497.44, 599.00, 497.44, 623.18, 497.44, 24.17, 10.99
4.33, 41, black car, 1073.40, 522.08, 1105.71, 535.69, 1089.55, 528.89, 1073.40, 528.89, 1105.71, 528.89, 32.31, 13.61
4.33, 38, white car, 320.69, 459.20, 352.83, 472.67, 336.76, 465.93, 320.69, 465.93, 352.83, 465.93, 32.13, 13.47
4.33, 21, white car, 1217.11, 529.00, 1249.46, 542.91, 1233.29, 535.96, 1217.11, 535.96, 1249.46, 535.96, 32.35, 13.92
4.33, 45, white car, 887.11, 512.17, 930.45, 528.75, 908.78, 520.46, 887.11, 520.46, 930.45, 520.46, 43.34, 16.58
4.33, 13, white car, 447.87, 475.15, 475.70, 488.06, 461.78, 481.61, 447.87, 481.61, 475.70, 481.61, 27.83, 12.91
4.33, 7, white car, 597.24, 491.78, 621.15, 502.70, 609.19, 497.24, 597.24, 497.24, 621.15, 497.24, 23.91, 10.91
4.37, 41, black car, 1071.33, 522.20, 1103.36, 535.70, 1087.34, 528.95, 1071.33, 528.95, 1103.36, 528.95, 32.03, 13.50
4.37, 38, white car, 318.79, 458.89, 350.86, 472.37, 334.82, 465.63, 318.79, 465.63, 350.86, 465.63, 32.07, 13.48
4.37, 21, white car, 1214.60, 528.97, 1246.46, 542.72, 1230.53, 535.85, 1214.60, 535.85, 1246.46, 535.85, 31.86, 13.75
4.37, 45, white car, 885.46, 512.42, 928.09, 528.70, 906.77, 520.56, 885.46, 520.56, 928.09, 520.56, 42.63, 16.28
4.37, 13, white car, 445.29, 474.94, 473.43, 487.98, 459.36, 481.46, 445.29, 481.46, 473.43, 481.46, 28.14, 13.04
4.37, 7, white car, 595.28, 491.63, 619.20, 502.55, 607.24, 497.09, 595.28, 497.09, 619.20, 497.09, 23.91, 10.92
4.40, 41, black car, 1068.34, 522.15, 1100.19, 535.51, 1084.26, 528.83, 1068.34, 528.83, 1100.19, 528.83, 31.85, 13.36
4.40, 38, white car, 316.65, 458.55, 349.26, 472.30, 332.96, 465.43, 316.65, 465.43, 349.26, 465.43, 32.61, 13.75
4.40, 21, white car, 1212.16, 529.01, 1243.77, 542.67, 1227.97, 535.84, 1212.16, 535.84, 1243.77, 535.84, 31.61, 13.66
4.40, 45, white car, 883.79, 512.47, 926.11, 528.64, 904.95, 520.56, 883.79, 520.56, 926.11, 520.56, 42.32, 16.17
4.40, 13, white car, 442.57, 474.52, 471.29, 487.84, 456.93, 481.18, 442.57, 481.18, 471.29, 481.18, 28.72, 13.32
4.40, 7, white car, 593.15, 491.60, 616.96, 502.50, 605.06, 497.05, 593.15, 497.05, 616.96, 497.05, 23.80, 10.89
4.43, 41, black car, 1065.95, 522.27, 1097.92, 535.67, 1081.94, 528.97, 1065.95, 528.97, 1097.92, 528.97, 31.97, 13.41
4.43, 38, white car, 314.66, 458.22, 347.51, 472.14, 331.08, 465.18, 314.66, 465.18, 347.51, 465.18, 32.85, 13.91
4.43, 21, white car, 1209.42, 528.89, 1241.03, 542.59, 1225.22, 535.74, 1209.42, 535.74, 1241.03, 535.74, 31.61, 13.70
4.43, 45, white car, 882.53, 512.46, 923.58, 528.12, 903.05, 520.29, 882.53, 520.29, 923.58, 520.29, 41.05, 15.66
4.43, 13, white car, 440.50, 474.29, 469.22, 487.61, 454.86, 480.95, 440.50, 480.95, 469.22, 480.95, 28.72, 13.32
4.43, 7, white car, 591.52, 491.58, 615.10, 502.38, 603.31, 496.98, 591.52, 496.98, 615.10, 496.98, 23.57, 10.79
4.47, 41, black car, 1063.14, 522.13, 1094.95, 535.45, 1079.05, 528.79, 1063.14, 528.79, 1094.95, 528.79, 31.81, 13.32
4.47, 38, white car, 313.28, 458.02, 345.98, 471.91, 329.63, 464.97, 313.28, 464.97, 345.98, 464.97, 32.71, 13.89
4.47, 21, white car, 1206.68, 528.88, 1238.10, 542.48, 1222.39, 535.68, 1206.68, 535.68, 1238.10, 535.68, 31.42, 13.60
4.47, 45, white car, 880.60, 512.18, 921.69, 527.86, 901.14, 520.02, 880.60, 520.02, 921.69, 520.02, 41.09, 15.69
4.47, 13, white car, 438.18, 474.03, 466.88, 487.32, 452.53, 480.67, 438.18, 480.67, 466.88, 480.67, 28.69, 13.28
4.47, 7, white car, 590.21, 491.60, 613.31, 502.17, 601.76, 496.89, 590.21, 496.89, 613.31, 496.89, 23.09, 10.57
4.50, 41, black car, 1060.23, 521.99, 1092.18, 535.40, 1076.21, 528.69, 1060.23, 528.69, 1092.18, 528.69, 31.95, 13.41
4.50, 38, white car, 311.72, 457.80, 344.12, 471.60, 327.92, 464.70, 311.72, 464.70, 344.12, 464.70, 32.40, 13.80
4.50, 21, white car, 1203.73, 528.64, 1235.58, 542.43, 1219.65, 535.53, 1203.73, 535.53, 1235.58, 535.53, 31.85, 13.79
4.50, 13, white car, 435.82, 473.72, 464.60, 487.08, 450.21, 480.40, 435.82, 480.40, 464.60, 480.40, 28.78, 13.36
4.50, 7, white car, 588.30, 491.38, 611.12, 501.77, 599.71, 496.57, 588.30, 496.57, 611.12, 496.57, 22.83, 10.40
4.53, 41, black car, 1058.09, 521.89, 1089.64, 535.14, 1073.87, 528.52, 1058.09, 528.52, 1089.64, 528.52, 31.56, 13.25
4.53, 38, white car, 310.38, 457.52, 342.07, 471.03, 326.22, 464.28, 310.38, 464.28, 342.07, 464.28, 31.69, 13.51
4.53, 21, white car, 1201.64, 528.55, 1232.93, 542.09, 1217.28, 535.32, 1201.64, 535.32, 1232.93, 535.32, 31.28, 13.54
4.53, 13, white car, 433.57, 473.49, 462.37, 486.88, 447.97, 480.18, 433.57, 480.18, 462.37, 480.18, 28.80, 13.39
4.53, 7, white car, 585.94, 491.32, 609.09, 501.82, 597.52, 496.57, 585.94, 496.57, 609.09, 496.57, 23.15, 10.49
4.57, 41, black car, 1055.87, 521.77, 1087.69, 535.15, 1071.78, 528.46, 1055.87, 528.46, 1087.69, 528.46, 31.82, 13.38
4.57, 38, white car, 308.37, 457.24, 339.72, 470.62, 324.05, 463.93, 308.37, 463.93, 339.72, 463.93, 31.35, 13.38
4.57, 21, white car, 1199.10, 528.50, 1230.11, 541.93, 1214.60, 535.21, 1199.10, 535.21, 1230.11, 535.21, 31.01, 13.43
4.57, 13, white car, 431.18, 473.06, 460.32, 486.64, 445.75, 479.85, 431.18, 479.85, 460.32, 479.85, 29.13, 13.58
4.57, 7, white car, 584.26, 491.27, 607.43, 501.72, 595.84, 496.50, 584.26, 496.50, 607.43, 496.50, 23.17, 10.44
4.60, 41, black car, 1053.45, 521.75, 1085.09, 535.08, 1069.27, 528.41, 1053.45, 528.41, 1085.09, 528.41, 31.64, 13.33
4.60, 38, white car, 306.71, 457.14, 337.86, 470.43, 322.28, 463.78, 306.71, 463.78, 337.86, 463.78, 31.15, 13.29
4.60, 21, white car, 1196.13, 528.29, 1227.45, 541.83, 1211.79, 535.06, 1196.13, 535.06, 1227.45, 535.06, 31.33, 13.54
4.60, 13, white car, 428.72, 472.70, 458.19, 486.48, 443.45, 479.59, 428.72, 479.59, 458.19, 479.59, 29.48, 13.78
4.63, 41, black car, 1050.41, 521.38, 1081.76, 534.57, 1066.08, 527.97, 1050.41, 527.97, 1081.76, 527.97, 31.35, 13.19
4.63, 38, white car, 304.52, 456.74, 336.06, 470.25, 320.29, 463.49, 304.52, 463.49, 336.06, 463.49, 31.55, 13.50
4.63, 21, white car, 1193.19, 528.12, 1224.40, 541.59, 1208.79, 534.85, 1193.19, 534.85, 1224.40, 534.85, 31.21, 13.47
4.63, 13, white car, 426.54, 472.32, 456.17, 486.17, 441.35, 479.25, 426.54, 479.25, 456.17, 479.25, 29.63, 13.86
4.67, 41, black car, 1048.11, 521.41, 1078.91, 534.35, 1063.51, 527.88, 1048.11, 527.88, 1078.91, 527.88, 30.80, 12.94
4.67, 38, white car, 302.07, 456.24, 334.46, 470.16, 318.27, 463.20, 302.07, 463.20, 334.46, 463.20, 32.39, 13.92
4.67, 21, white car, 1190.39, 528.04, 1221.71, 541.52, 1206.05, 534.78, 1190.39, 534.78, 1221.71, 534.78, 31.32, 13.48
4.67, 13, white car, 424.38, 472.03, 453.81, 485.79, 439.09, 478.91, 424.38, 478.91, 453.81, 478.91, 29.43, 13.77
4.67, 45, white car, 865.34, 511.07, 908.64, 527.65, 886.99, 519.36, 865.34, 519.36, 908.64, 519.36, 43.30, 16.58
4.67, 7, white car, 577.93, 490.84, 602.04, 501.73, 589.99, 496.29, 577.93, 496.29, 602.04, 496.29, 24.12, 10.89
4.70, 41, black car, 1045.61, 521.47, 1076.32, 534.37, 1060.96, 527.92, 1045.61, 527.92, 1076.32, 527.92, 30.71, 12.90
4.70, 38, white car, 299.95, 455.95, 333.03, 470.22, 316.49, 463.08, 299.95, 463.08, 333.03, 463.08, 33.08, 14.27
4.70, 21, white car, 1188.16, 528.21, 1218.77, 541.38, 1203.46, 534.79, 1188.16, 534.79, 1218.77, 534.79, 30.61, 13.17
4.70, 13, white car, 422.24, 471.69, 451.81, 485.55, 437.02, 478.62, 422.24, 478.62, 451.81, 478.62, 29.57, 13.86
4.70, 7, white car, 576.52, 490.82, 600.42, 501.64, 588.47, 496.23, 576.52, 496.23, 600.42, 496.23, 23.91, 10.83
4.73, 41, black car, 1043.36, 521.43, 1073.97, 534.31, 1058.66, 527.87, 1043.36, 527.87, 1073.97, 527.87, 30.61, 12.89
4.73, 38, white car, 298.65, 455.99, 331.35, 470.10, 315.00, 463.04, 298.65, 463.04, 331.35, 463.04, 32.70, 14.11
4.73, 21, white car, 1185.54, 528.18, 1215.95, 541.27, 1200.74, 534.72, 1185.54, 534.72, 1215.95, 534.72, 30.41, 13.09
4.73, 13, white car, 419.95, 471.61, 449.17, 485.33, 434.56, 478.47, 419.95, 478.47, 449.17, 478.47, 29.21, 13.72
4.73, 7, white car, 574.81, 490.73, 598.36, 501.41, 586.58, 496.07, 574.81, 496.07, 598.36, 496.07, 23.55, 10.68
4.73, 45, white car, 859.88, 510.97, 903.10, 527.46, 881.49, 519.21, 859.88, 519.21, 903.10, 519.21, 43.23, 16.49
4.77, 41, black car, 1040.85, 521.25, 1071.50, 534.16, 1056.17, 527.71, 1040.85, 527.71, 1071.50, 527.71, 30.64, 12.91
4.77, 38, white car, 297.45, 456.14, 330.05, 470.22, 313.75, 463.18, 297.45, 463.18, 330.05, 463.18, 32.60, 14.09
4.77, 21, white car, 1182.56, 528.02, 1213.29, 541.23, 1197.93, 534.62, 1182.56, 534.62, 1213.29, 534.62, 30.73, 13.21
4.77, 13, white car, 417.73, 471.29, 446.90, 484.98, 432.31, 478.14, 417.73, 478.14, 446.90, 478.14, 29.17, 13.69
4.77, 7, white car, 572.65, 490.74, 596.06, 501.38, 584.36, 496.06, 572.65, 496.06, 596.06, 496.06, 23.41, 10.64
4.77, 45, white car, 857.45, 511.08, 900.49, 527.43, 878.97, 519.25, 857.45, 519.25, 900.49, 519.25, 43.04, 16.34
4.77, 47, white car, 18.76, 422.72, 53.99, 438.42, 36.38, 430.57, 18.76, 430.57, 53.99, 430.57, 35.23, 15.70
4.80, 41, black car, 1038.58, 521.08, 1069.44, 534.11, 1054.01, 527.60, 1038.58, 527.60, 1069.44, 527.60, 30.86, 13.02
4.80, 38, white car, 295.72, 455.97, 328.30, 470.07, 312.01, 463.02, 295.72, 463.02, 328.30, 463.02, 32.58, 14.11
4.80, 21, white car, 1179.26, 527.76, 1210.36, 541.14, 1194.81, 534.45, 1179.26, 534.45, 1210.36, 534.45, 31.11, 13.38
4.80, 13, white car, 415.47, 470.90, 444.80, 484.69, 430.14, 477.80, 415.47, 477.80, 444.80, 477.80, 29.33, 13.79
4.80, 7, white car, 570.85, 490.57, 594.31, 501.22, 582.58, 495.90, 570.85, 495.90, 594.31, 495.90, 23.46, 10.65
4.80, 45, white car, 855.30, 510.94, 898.70, 527.40, 877.00, 519.17, 855.30, 519.17, 898.70, 519.17, 43.40, 16.47
4.80, 47, white car, 16.46, 422.46, 51.46, 438.26, 33.96, 430.36, 16.46, 430.36, 51.46, 430.36, 35.00, 15.80
4.83, 41, black car, 1036.14, 521.31, 1067.10, 534.39, 1051.62, 527.85, 1036.14, 527.85, 1067.10, 527.85, 30.96, 13.08
4.83, 38, white car, 293.74, 455.78, 325.92, 469.77, 309.83, 462.77, 293.74, 462.77, 325.92, 462.77, 32.18, 13.99
4.83, 21, white car, 1176.24, 527.43, 1207.97, 541.12, 1192.11, 534.28, 1176.24, 534.28, 1207.97, 534.28, 31.74, 13.69
4.83, 13, white car, 413.24, 470.69, 442.35, 484.38, 427.80, 477.54, 413.24, 477.54, 442.35, 477.54, 29.11, 13.68
4.83, 7, white car, 569.21, 490.48, 592.54, 501.07, 580.87, 495.78, 569.21, 495.78, 592.54, 495.78, 23.34, 10.59
4.83, 45, white car, 852.77, 510.65, 896.82, 527.40, 874.79, 519.02, 852.77, 519.02, 896.82, 519.02, 44.04, 16.75
4.83, 47, white car, 14.70, 422.22, 49.38, 437.97, 32.04, 430.10, 14.70, 430.10, 49.38, 430.10, 34.67, 15.74
4.87, 41, black car, 1032.79, 520.97, 1064.32, 534.30, 1048.56, 527.63, 1032.79, 527.63, 1064.32, 527.63, 31.53, 13.33
4.87, 38, white car, 291.68, 455.43, 323.93, 469.53, 307.81, 462.48, 291.68, 462.48, 323.93, 462.48, 32.25, 14.10
4.87, 21, white car, 1173.68, 527.30, 1205.61, 541.12, 1189.65, 534.21, 1173.68, 534.21, 1205.61, 534.21, 31.93, 13.81
4.87, 13, white car, 411.26, 470.49, 440.12, 484.02, 425.69, 477.25, 411.26, 477.25, 440.12, 477.25, 28.86, 13.53
4.87, 7, white car, 567.18, 490.37, 590.46, 500.93, 578.82, 495.65, 567.18, 495.65, 590.46, 495.65, 23.28, 10.56
4.87, 45, white car, 850.15, 510.40, 894.66, 527.34, 872.40, 518.87, 850.15, 518.87, 894.66, 518.87, 44.51, 16.94
4.87, 47, white car, 13.14, 421.86, 47.15, 437.41, 30.15, 429.64, 13.14, 429.64, 47.15, 429.64, 34.00, 15.55
4.90, 41, black car, 1030.76, 520.78, 1062.31, 534.13, 1046.54, 527.46, 1030.76, 527.46, 1062.31, 527.46, 31.55, 13.35
4.90, 38, white car, 290.12, 454.99, 322.18, 469.03, 306.15, 462.01, 290.12, 462.01, 322.18, 462.01, 32.06, 14.04
4.90, 21, white car, 1170.80, 527.00, 1203.19, 541.07, 1187.00, 534.03, 1170.80, 534.03, 1203.19, 534.03, 32.39, 14.07
4.90, 13, white car, 409.16, 470.25, 437.91, 483.72, 423.54, 476.99, 409.16, 476.99, 437.91, 476.99, 28.75, 13.47
4.90, 7, white car, 565.01, 490.45, 588.41, 501.06, 576.71, 495.76, 565.01, 495.76, 588.41, 495.76, 23.40, 10.61
4.90, 47, white car, 11.47, 421.52, 45.32, 437.09, 28.39, 429.30, 11.47, 429.30, 45.32, 429.30, 33.85, 15.56
4.93, 41, black car, 1027.66, 520.56, 1059.14, 533.88, 1043.40, 527.22, 1027.66, 527.22, 1059.14, 527.22, 31.47, 13.32
4.93, 38, white car, 288.20, 454.61, 320.63, 468.86, 304.41, 461.73, 288.20, 461.73, 320.63, 461.73, 32.44, 14.25
4.93, 21, white car, 1168.16, 526.96, 1200.33, 540.97, 1184.24, 533.97, 1168.16, 533.97, 1200.33, 533.97, 32.17, 14.01
4.93, 13, white car, 406.90, 469.98, 435.68, 483.50, 421.29, 476.74, 406.90, 476.74, 435.68, 476.74, 28.78, 13.51
4.93, 7, white car, 563.30, 490.34, 586.62, 500.91, 574.96, 495.63, 563.30, 495.63, 586.62, 495.63, 23.33, 10.57
4.93, 47, white car, 9.39, 421.20, 43.41, 436.93, 26.40, 429.06, 9.39, 429.06, 43.41, 429.06, 34.02, 15.73
4.93, 45, white car, 846.19, 510.11, 889.49, 526.53, 867.84, 518.32, 846.19, 518.32, 889.49, 518.32, 43.31, 16.42
4.97, 41, black car, 1024.89, 520.27, 1056.37, 533.62, 1040.63, 526.94, 1024.89, 526.94, 1056.37, 526.94, 31.48, 13.35
4.97, 38, white car, 286.57, 454.35, 318.64, 468.44, 302.60, 461.39, 286.57, 461.39, 318.64, 461.39, 32.08, 14.10
4.97, 21, white car, 1165.41, 526.92, 1197.23, 540.80, 1181.32, 533.86, 1165.41, 533.86, 1197.23, 533.86, 31.82, 13.88
4.97, 13, white car, 404.70, 469.79, 433.49, 483.30, 419.09, 476.55, 404.70, 476.55, 433.49, 476.55, 28.80, 13.50
4.97, 7, white car, 561.75, 490.18, 584.86, 500.65, 573.30, 495.41, 561.75, 495.41, 584.86, 495.41, 23.12, 10.48
4.97, 45, white car, 843.75, 510.12, 886.53, 526.28, 865.14, 518.20, 843.75, 518.20, 886.53, 518.20, 42.78, 16.16
