0.00, 5, white car, 138.61, 453.94, 167.58, 467.49, 153.09, 460.72, 138.61, 460.72, 167.58, 460.72, 28.97, 13.55
0.00, 13, white car, 787.80, 520.76, 817.74, 534.36, 802.77, 527.56, 787.80, 527.56, 817.74, 527.56, 29.94, 13.60
0.00, 14, black car, 1267.08, 547.75, 1298.48, 560.19, 1282.78, 553.97, 1267.08, 553.97, 1298.48, 553.97, 31.40, 12.45
0.00, 18, white car, 393.89, 484.38, 422.21, 496.81, 408.05, 490.60, 393.89, 490.60, 422.21, 490.60, 28.32, 12.43
0.00, 20, black car, 247.42, 468.69, 275.17, 481.11, 261.30, 474.90, 247.42, 474.90, 275.17, 474.90, 27.75, 12.42
0.00, 23, white car, 55.62, 444.64, 81.57, 457.12, 68.60, 450.88, 55.62, 450.88, 81.57, 450.88, 25.96, 12.48
0.03, 5, white car, 137.19, 453.62, 166.32, 467.24, 151.75, 460.43, 137.19, 460.43, 166.32, 460.43, 29.13, 13.62
0.03, 13, white car, 785.13, 520.59, 814.48, 533.91, 799.81, 527.25, 785.13, 527.25, 814.48, 527.25, 29.34, 13.32
0.03, 14, black car, 1264.27, 547.82, 1294.95, 559.98, 1279.61, 553.90, 1264.27, 553.90, 1294.95, 553.90, 30.68, 12.16
0.03, 18, white car, 393.49, 484.32, 421.71, 496.71, 407.60, 490.51, 393.49, 490.51, 421.71, 490.51, 28.23, 12.38
0.03, 20, black car, 246.86, 468.64, 274.47, 480.99, 260.66, 474.81, 246.86, 474.81, 274.47, 474.81, 27.61, 12.36
0.03, 23, white car, 53.91, 444.36, 80.04, 456.93, 66.98, 450.64, 53.91, 450.64, 80.04, 450.64, 26.13, 12.57
0.07, 5, white car, 135.80, 453.49, 165.17, 467.23, 150.48, 460.36, 135.80, 460.36, 165.17, 460.36, 29.38, 13.73
0.07, 13, white car, 782.14, 520.29, 812.03, 533.85, 797.08, 527.07, 782.14, 527.07, 812.03, 527.07, 29.89, 13.56
0.07, 14, black car, 1261.15, 547.70, 1291.93, 559.89, 1276.54, 553.80, 1261.15, 553.80, 1291.93, 553.80, 30.78, 12.19
0.07, 18, white car, 392.83, 484.22, 421.11, 496.64, 406.97, 490.43, 392.83, 490.43, 421.11, 490.43, 28.28, 12.41
0.07, 20, black car, 245.68, 468.21, 273.89, 480.82, 259.79, 474.51, 245.68, 474.51, 273.89, 474.51, 28.21, 12.61
0.07, 23, white car, 52.07, 444.23, 78.00, 456.71, 65.04, 450.47, 52.07, 450.47, 78.00, 450.47, 25.93, 12.48
0.07, 30, white car, 925.52, 532.21, 955.44, 545.05, 940.48, 538.63, 925.52, 538.63, 955.44, 538.63, 29.93, 12.84
0.10, 5, white car, 134.47, 453.27, 163.92, 467.04, 149.19, 460.16, 134.47, 460.16, 163.92, 460.16, 29.45, 13.77
0.10, 13, white car, 778.94, 519.86, 809.60, 533.78, 794.27, 526.82, 778.94, 526.82, 809.60, 526.82, 30.66, 13.92
0.10, 14, black car, 1258.63, 547.58, 1289.15, 559.66, 1273.89, 553.62, 1258.63, 553.62, 1289.15, 553.62, 30.52, 12.08
0.10, 18, white car, 391.93, 483.98, 420.50, 496.52, 406.21, 490.25, 391.93, 490.25, 420.50, 490.25, 28.57, 12.54
0.10, 20, black car, 244.34, 468.07, 272.28, 480.55, 258.31, 474.31, 244.34, 474.31, 272.28, 474.31, 27.94, 12.48
0.10, 30, white car, 922.27, 531.98, 952.33, 544.89, 937.30, 538.43, 922.27, 538.43, 952.33, 538.43, 30.06, 12.91
0.13, 5, white car, 132.73, 453.18, 162.34, 467.03, 147.54, 460.10, 132.73, 460.10, 162.34, 460.10, 29.60, 13.85
0.13, 13, white car, 776.09, 519.45, 806.77, 533.40, 791.43, 526.43, 776.09, 526.43, 806.77, 526.43, 30.68, 13.95
0.13, 14, black car, 1255.91, 547.82, 1286.47, 559.91, 1271.19, 553.86, 1255.91, 553.86, 1286.47, 553.86, 30.56, 12.10
0.13, 18, white car, 390.84, 483.94, 419.17, 496.36, 405.00, 490.15, 390.84, 490.15, 419.17, 490.15, 28.33, 12.42
0.13, 20, black car, 242.61, 467.81, 270.98, 480.47, 256.79, 474.14, 242.61, 474.14, 270.98, 474.14, 28.38, 12.66
0.13, 30, white car, 918.47, 531.93, 948.52, 544.84, 933.50, 538.38, 918.47, 538.38, 948.52, 538.38, 30.05, 12.92
0.17, 5, white car, 131.16, 453.11, 160.51, 466.85, 145.84, 459.98, 131.16, 459.98, 160.51, 459.98, 29.35, 13.74
0.17, 13, white car, 773.89, 518.93, 803.26, 532.26, 788.57, 525.60, 773.89, 525.60, 803.26, 525.60, 29.36, 13.33
0.17, 14, black car, 1252.20, 547.67, 1282.71, 559.74, 1267.45, 553.70, 1252.20, 553.70, 1282.71, 553.70, 30.52, 12.07
0.17, 18, white car, 389.91, 483.92, 418.10, 496.27, 404.00, 490.09, 389.91, 490.09, 418.10, 490.09, 28.19, 12.35
0.17, 20, black car, 241.18, 467.73, 269.56, 480.36, 255.37, 474.05, 241.18, 474.05, 269.56, 474.05, 28.39, 12.64
0.17, 30, white car, 915.23, 531.75, 945.21, 544.65, 930.22, 538.20, 915.23, 538.20, 945.21, 538.20, 29.98, 12.90
0.17, 23, white car, 47.25, 443.62, 73.20, 456.12, 60.23, 449.87, 47.25, 449.87, 73.20, 449.87, 25.95, 12.50
0.20, 5, white car, 129.72, 452.69, 158.75, 466.28, 144.24, 459.48, 129.72, 459.48, 158.75, 459.48, 29.02, 13.58
0.20, 13, white car, 771.01, 518.77, 799.77, 531.80, 785.39, 525.29, 771.01, 525.29, 799.77, 525.29, 28.76, 13.03
0.20, 14, black car, 1249.08, 547.77, 1279.65, 559.86, 1264.36, 553.82, 1249.08, 553.82, 1279.65, 553.82, 30.57, 12.09
0.20, 18, white car, 389.00, 483.85, 417.26, 496.20, 403.13, 490.03, 389.00, 490.03, 417.26, 490.03, 28.25, 12.35
0.20, 20, black car, 239.80, 467.61, 267.90, 480.10, 253.85, 473.86, 239.80, 473.86, 267.90, 473.86, 28.10, 12.49
0.20, 30, white car, 912.00, 531.66, 941.82, 544.50, 926.91, 538.08, 912.00, 538.08, 941.82, 538.08, 29.82, 12.84
0.20, 23, white car, 45.17, 443.26, 71.24, 455.79, 58.21, 449.53, 45.17, 449.53, 71.24, 449.53, 26.07, 12.53
0.23, 5, white car, 128.10, 452.49, 157.10, 466.05, 142.60, 459.27, 128.10, 459.27, 157.10, 459.27, 29.00, 13.56
0.23, 13, white car, 768.42, 518.76, 796.53, 531.45, 782.47, 525.11, 768.42, 525.11, 796.53, 525.11, 28.11, 12.69
0.23, 14, black car, 1245.09, 547.58, 1276.24, 559.88, 1260.67, 553.73, 1245.09, 553.73, 1276.24, 553.73, 31.15, 12.30
0.23, 18, white car, 388.05, 483.70, 416.39, 496.08, 402.22, 489.89, 388.05, 489.89, 416.39, 489.89, 28.34, 12.38
0.23, 20, black car, 237.72, 467.36, 265.96, 479.89, 251.84, 473.62, 237.72, 473.62, 265.96, 473.62, 28.24, 12.53
0.23, 30, white car, 908.73, 531.58, 938.39, 544.37, 923.56, 537.98, 908.73, 537.98, 938.39, 537.98, 29.66, 12.79
0.23, 23, white car, 43.51, 442.95, 69.90, 455.61, 56.71, 449.28, 43.51, 449.28, 69.90, 449.28, 26.39, 12.66
0.27, 5, white car, 126.65, 452.30, 155.56, 465.82, 141.10, 459.06, 126.65, 459.06, 155.56, 459.06, 28.91, 13.52
0.27, 13, white car, 765.40, 518.47, 793.70, 531.20, 779.55, 524.84, 765.40, 524.84, 793.70, 524.84, 28.30, 12.73
0.27, 14, black car, 1241.94, 547.44, 1273.48, 559.89, 1257.71, 553.67, 1241.94, 553.67, 1273.48, 553.67, 31.54, 12.45
0.27, 18, white car, 387.21, 483.52, 415.57, 495.90, 401.39, 489.71, 387.21, 489.71, 415.57, 489.71, 28.37, 12.38
0.27, 20, black car, 235.84, 467.11, 264.47, 479.81, 250.16, 473.46, 235.84, 473.46, 264.47, 473.46, 28.64, 12.70
0.27, 30, white car, 905.35, 531.35, 935.28, 544.29, 920.32, 537.82, 905.35, 537.82, 935.28, 537.82, 29.94, 12.94
0.27, 23, white car, 41.99, 442.68, 68.45, 455.36, 55.22, 449.02, 41.99, 449.02, 68.45, 449.02, 26.47, 12.68
0.30, 5, white car, 124.70, 451.90, 153.91, 465.58, 139.31, 458.74, 124.70, 458.74, 153.91, 458.74, 29.21, 13.68
0.30, 13, white car, 762.10, 518.08, 790.79, 530.96, 776.44, 524.52, 762.10, 524.52, 790.79, 524.52, 28.69, 12.88
0.30, 14, black car, 1239.08, 547.17, 1270.37, 559.52, 1254.72, 553.35, 1239.08, 553.35, 1270.37, 553.35, 31.29, 12.35
0.30, 18, white car, 386.28, 483.40, 414.88, 495.88, 400.58, 489.64, 386.28, 489.64, 414.88, 489.64, 28.59, 12.47
0.30, 20, black car, 234.25, 466.87, 263.16, 479.70, 248.70, 473.28, 234.25, 473.28, 263.16, 473.28, 28.90, 12.82
0.30, 30, white car, 902.16, 531.06, 932.34, 544.14, 917.25, 537.60, 902.16, 537.60, 932.34, 537.60, 30.19, 13.08
0.30, 23, white car, 40.22, 442.43, 66.86, 455.21, 53.54, 448.82, 40.22, 448.82, 66.86, 448.82, 26.63, 12.78
0.33, 5, white car, 123.05, 451.60, 152.40, 465.36, 137.73, 458.48, 123.05, 458.48, 152.40, 458.48, 29.35, 13.76
0.33, 13, white car, 759.33, 517.71, 787.69, 530.40, 773.51, 524.05, 759.33, 524.05, 787.69, 524.05, 28.36, 12.69
0.33, 14, black car, 1236.19, 547.27, 1266.89, 559.38, 1251.54, 553.33, 1236.19, 553.33, 1266.89, 553.33, 30.70, 12.11
0.33, 18, white car, 385.06, 483.13, 414.13, 495.84, 399.60, 489.49, 385.06, 489.49, 414.13, 489.49, 29.07, 12.71
0.33, 20, black car, 232.99, 466.91, 262.05, 479.80, 247.52, 473.35, 232.99, 473.35, 262.05, 473.35, 29.06, 12.89
0.33, 30, white car, 899.13, 531.04, 928.90, 543.97, 914.02, 537.51, 899.13, 537.51, 928.90, 537.51, 29.78, 12.93
0.33, 23, white car, 38.78, 442.29, 64.84, 454.83, 51.81, 448.56, 38.78, 448.56, 64.84, 448.56, 26.06, 12.55
0.37, 5, white car, 121.44, 451.52, 150.91, 465.34, 136.18, 458.43, 121.44, 458.43, 150.91, 458.43, 29.47, 13.83
0.37, 13, white car, 756.29, 517.35, 784.60, 530.00, 770.44, 523.67, 756.29, 523.67, 784.60, 523.67, 28.30, 12.65
0.37, 14, black car, 1232.95, 546.98, 1263.40, 558.98, 1248.17, 552.98, 1232.95, 552.98, 1263.40, 552.98, 30.45, 12.00
0.37, 18, white car, 384.36, 483.11, 413.44, 495.85, 398.90, 489.48, 384.36, 489.48, 413.44, 489.48, 29.08, 12.73
0.37, 20, black car, 232.14, 466.90, 261.28, 479.83, 246.71, 473.36, 232.14, 473.36, 261.28, 473.36, 29.14, 12.93
0.37, 30, white car, 896.16, 530.80, 925.99, 543.78, 911.08, 537.29, 896.16, 537.29, 925.99, 537.29, 29.82, 12.98
0.37, 23, white car, 37.20, 441.92, 63.00, 454.37, 50.10, 448.14, 37.20, 448.14, 63.00, 448.14, 25.80, 12.45
0.40, 5, white car, 119.73, 451.25, 149.61, 465.30, 134.67, 458.28, 119.73, 458.28, 149.61, 458.28, 29.88, 14.05
0.40, 13, white car, 753.16, 516.72, 781.81, 529.56, 767.48, 523.14, 753.16, 523.14, 781.81, 523.14, 28.65, 12.85
0.40, 14, black car, 1230.49, 546.93, 1260.03, 558.52, 1245.26, 552.73, 1230.49, 552.73, 1260.03, 552.73, 29.54, 11.58
0.40, 18, white car, 383.70, 483.02, 412.67, 495.73, 398.19, 489.38, 383.70, 489.38, 412.67, 489.38, 28.97, 12.71
0.40, 20, black car, 231.25, 466.77, 260.77, 479.84, 246.01, 473.30, 231.25, 473.30, 260.77, 473.30, 29.51, 13.07
0.40, 30, white car, 893.04, 530.74, 922.44, 543.53, 907.74, 537.13, 893.04, 537.13, 922.44, 537.13, 29.40, 12.80
0.40, 23, white car, 35.85, 441.66, 61.71, 454.17, 48.78, 447.91, 35.85, 447.91, 61.71, 447.91, 25.86, 12.50
0.43, 5, white car, 118.34, 451.00, 148.35, 465.13, 133.34, 458.06, 118.34, 458.06, 148.35, 458.06, 30.01, 14.13
0.43, 13, white car, 750.29, 516.40, 779.09, 529.33, 764.69, 522.86, 750.29, 522.86, 779.09, 522.86, 28.80, 12.93
0.43, 14, black car, 1227.83, 546.78, 1257.39, 558.32, 1242.61, 552.55, 1227.83, 552.55, 1257.39, 552.55, 29.55, 11.54
0.43, 18, white car, 383.25, 483.09, 412.06, 495.73, 397.66, 489.41, 383.25, 489.41, 412.06, 489.41, 28.82, 12.65
0.43, 20, black car, 230.13, 466.52, 259.67, 479.54, 244.90, 473.03, 230.13, 473.03, 259.67, 473.03, 29.53, 13.03
0.43, 30, white car, 890.20, 530.44, 919.40, 543.16, 904.80, 536.80, 890.20, 536.80, 919.40, 536.80, 29.20, 12.72
0.43, 23, white car, 34.06, 441.31, 60.18, 453.97, 47.12, 447.64, 34.06, 447.64, 60.18, 447.64, 26.12, 12.66
0.47, 5, white car, 116.84, 450.80, 146.89, 464.99, 131.87, 457.90, 116.84, 457.90, 146.89, 457.90, 30.05, 14.19
0.47, 13, white car, 746.97, 515.80, 776.35, 529.02, 761.66, 522.41, 746.97, 522.41, 776.35, 522.41, 29.37, 13.22
0.47, 14, black car, 1224.45, 546.64, 1254.33, 558.29, 1239.39, 552.46, 1224.45, 552.46, 1254.33, 552.46, 29.88, 11.65
0.47, 18, white car, 382.54, 482.98, 411.38, 495.61, 396.96, 489.30, 382.54, 489.30, 411.38, 489.30, 28.84, 12.63
0.47, 20, black car, 228.37, 466.32, 258.25, 479.50, 243.31, 472.91, 228.37, 472.91, 258.25, 472.91, 29.89, 13.18
0.47, 30, white car, 887.03, 530.34, 916.14, 543.02, 901.59, 536.68, 887.03, 536.68, 916.14, 536.68, 29.10, 12.68
0.47, 23, white car, 32.45, 440.96, 58.61, 453.69, 45.53, 447.32, 32.45, 447.32, 58.61, 447.32, 26.17, 12.73
0.50, 5, white car, 115.41, 450.67, 145.24, 464.76, 130.33, 457.71, 115.41, 457.71, 145.24, 457.71, 29.83, 14.09
0.50, 13, white car, 744.30, 515.58, 773.39, 528.67, 758.84, 522.13, 744.30, 522.13, 773.39, 522.13, 29.09, 13.09
0.50, 14, black car, 1221.40, 546.51, 1251.42, 558.21, 1236.41, 552.36, 1221.40, 552.36, 1251.42, 552.36, 30.02, 11.69
0.50, 18, white car, 381.79, 482.89, 410.34, 495.34, 396.06, 489.11, 381.79, 489.11, 410.34, 489.11, 28.55, 12.45
0.50, 20, black car, 226.63, 465.97, 256.61, 479.17, 241.62, 472.57, 226.63, 472.57, 256.61, 472.57, 29.98, 13.21
0.50, 30, white car, 883.72, 530.26, 912.94, 542.99, 898.33, 536.63, 883.72, 536.63, 912.94, 536.63, 29.21, 12.73
0.50, 23, white car, 30.56, 440.73, 57.13, 453.68, 43.85, 447.20, 30.56, 447.20, 57.13, 447.20, 26.57, 12.94
0.53, 5, white car, 113.93, 450.59, 143.46, 464.54, 128.69, 457.57, 113.93, 457.57, 143.46, 457.57, 29.53, 13.95
0.53, 13, white car, 741.45, 515.00, 770.59, 528.13, 756.02, 521.57, 741.45, 521.57, 770.59, 521.57, 29.14, 13.13
0.53, 14, black car, 1218.23, 546.16, 1248.56, 557.97, 1233.39, 552.07, 1218.23, 552.07, 1248.56, 552.07, 30.33, 11.81
0.53, 18, white car, 381.18, 482.80, 409.46, 495.08, 395.32, 488.94, 381.18, 488.94, 409.46, 488.94, 28.28, 12.28
0.53, 20, black car, 225.46, 465.71, 255.53, 478.98, 240.50, 472.35, 225.46, 472.35, 255.53, 472.35, 30.07, 13.27
0.53, 30, white car, 880.52, 530.15, 909.79, 542.90, 895.16, 536.52, 880.52, 536.52, 909.79, 536.52, 29.27, 12.75
0.53, 23, white car, 29.31, 440.68, 55.48, 453.42, 42.39, 447.05, 29.31, 447.05, 55.48, 447.05, 26.17, 12.74
0.57, 5, white car, 112.69, 450.43, 141.98, 464.24, 127.34, 457.33, 112.69, 457.33, 141.98, 457.33, 29.28, 13.82
0.57, 13, white car, 738.30, 514.57, 767.64, 527.81, 752.97, 521.19, 738.30, 521.19, 767.64, 521.19, 29.35, 13.25
0.57, 14, black car, 1214.94, 545.89, 1245.58, 557.81, 1230.26, 551.85, 1214.94, 551.85, 1245.58, 551.85, 30.64, 11.93
0.57, 18, white car, 380.14, 482.79, 408.63, 495.12, 394.39, 488.96, 380.14, 488.96, 408.63, 488.96, 28.49, 12.33
0.57, 20, black car, 224.06, 465.60, 254.35, 479.01, 239.20, 472.31, 224.06, 472.31, 254.35, 472.31, 30.29, 13.41
0.57, 30, white car, 877.30, 529.94, 906.48, 542.67, 891.89, 536.30, 877.30, 536.30, 906.48, 536.30, 29.19, 12.73
0.57, 23, white car, 27.64, 440.96, 53.06, 453.32, 40.35, 447.14, 27.64, 447.14, 53.06, 447.14, 25.41, 12.37
0.60, 5, white car, 111.26, 450.26, 140.33, 463.95, 125.79, 457.11, 111.26, 457.11, 140.33, 457.11, 29.08, 13.69
0.60, 13, white car, 735.68, 514.35, 764.38, 527.29, 750.03, 520.82, 735.68, 520.82, 764.38, 520.82, 28.69, 12.94
0.60, 14, black car, 1211.64, 545.70, 1242.69, 557.78, 1227.17, 551.74, 1211.64, 551.74, 1242.69, 551.74, 31.05, 12.08
0.60, 18, white car, 378.51, 482.63, 407.49, 495.15, 393.00, 488.89, 378.51, 488.89, 407.49, 488.89, 28.99, 12.52
0.60, 20, black car, 222.66, 465.38, 252.91, 478.84, 237.78, 472.11, 222.66, 472.11, 252.91, 472.11, 30.25, 13.46
0.60, 30, white car, 874.04, 529.66, 903.35, 542.48, 888.70, 536.07, 874.04, 536.07, 903.35, 536.07, 29.31, 12.82
0.60, 23, white car, 26.05, 440.94, 51.42, 453.28, 38.73, 447.11, 26.05, 447.11, 51.42, 447.11, 25.37, 12.34
0.63, 5, white car, 109.66, 450.15, 138.58, 463.76, 124.12, 456.95, 109.66, 456.95, 138.58, 456.95, 28.92, 13.61
0.63, 13, white car, 732.81, 514.00, 761.54, 526.99, 747.17, 520.50, 732.81, 520.50, 761.54, 520.50, 28.73, 12.98
0.63, 14, black car, 1208.87, 545.77, 1239.66, 557.75, 1224.27, 551.76, 1208.87, 551.76, 1239.66, 551.76, 30.79, 11.97
0.63, 18, white car, 377.62, 482.65, 406.34, 495.05, 391.98, 488.85, 377.62, 488.85, 406.34, 488.85, 28.72, 12.40
0.63, 20, black car, 221.73, 465.10, 251.76, 478.50, 236.75, 471.80, 221.73, 471.80, 251.76, 471.80, 30.03, 13.40
0.63, 30, white car, 871.14, 529.55, 900.14, 542.24, 885.64, 535.89, 871.14, 535.89, 900.14, 535.89, 28.99, 12.69
0.63, 23, white car, 24.10, 440.87, 49.52, 453.21, 36.81, 447.04, 24.10, 447.04, 49.52, 447.04, 25.42, 12.34
0.67, 5, white car, 108.30, 450.03, 137.08, 463.55, 122.69, 456.79, 108.30, 456.79, 137.08, 456.79, 28.78, 13.52
0.67, 13, white car, 730.02, 513.71, 758.64, 526.66, 744.33, 520.18, 730.02, 520.18, 758.64, 520.18, 28.62, 12.94
0.67, 14, black car, 1205.58, 545.78, 1236.25, 557.70, 1220.91, 551.74, 1205.58, 551.74, 1236.25, 551.74, 30.67, 11.93
0.67, 18, white car, 376.47, 482.51, 405.09, 494.89, 390.78, 488.70, 376.47, 488.70, 405.09, 488.70, 28.62, 12.37
0.67, 20, black car, 221.00, 464.90, 250.62, 478.12, 235.81, 471.51, 221.00, 471.51, 250.62, 471.51, 29.63, 13.22
0.67, 30, white car, 868.10, 529.25, 897.31, 542.06, 882.71, 535.65, 868.10, 535.65, 897.31, 535.65, 29.22, 12.80
0.67, 23, white car, 22.14, 440.37, 47.93, 452.89, 35.04, 446.63, 22.14, 446.63, 47.93, 446.63, 25.79, 12.52
0.70, 5, white car, 106.57, 449.93, 135.39, 463.47, 120.98, 456.70, 106.57, 456.70, 135.39, 456.70, 28.82, 13.54
0.70, 13, white car, 727.23, 513.38, 755.89, 526.35, 741.56, 519.87, 727.23, 519.87, 755.89, 519.87, 28.66, 12.97
0.70, 14, black car, 1202.08, 545.84, 1232.48, 557.63, 1217.28, 551.74, 1202.08, 551.74, 1232.48, 551.74, 30.41, 11.79
0.70, 18, white car, 375.24, 482.37, 404.17, 494.92, 389.71, 488.64, 375.24, 488.64, 404.17, 488.64, 28.93, 12.54
0.70, 20, black car, 219.72, 464.55, 249.42, 477.84, 234.57, 471.20, 219.72, 471.20, 249.42, 471.20, 29.71, 13.28
0.70, 30, white car, 864.74, 529.17, 894.15, 542.09, 879.45, 535.63, 864.74, 535.63, 894.15, 535.63, 29.41, 12.91
0.70, 23, white car, 20.27, 440.11, 46.27, 452.74, 33.27, 446.42, 20.27, 446.42, 46.27, 446.42, 26.00, 12.63
0.70, 40, white car, 288.22, 473.71, 314.85, 485.43, 301.54, 479.57, 288.22, 479.57, 314.85, 479.57, 26.63, 11.72
0.73, 5, white car, 104.86, 449.79, 133.88, 463.42, 119.37, 456.61, 104.86, 456.61, 133.88, 456.61, 29.03, 13.63
0.73, 13, white car, 724.59, 513.03, 753.73, 526.19, 739.16, 519.61, 724.59, 519.61, 753.73, 519.61, 29.14, 13.15
0.73, 14, black car, 1198.41, 545.47, 1229.75, 557.62, 1214.08, 551.54, 1198.41, 551.54, 1229.75, 551.54, 31.34, 12.16
0.73, 18, white car, 374.41, 482.31, 403.34, 494.89, 388.87, 488.60, 374.41, 488.60, 403.34, 488.60, 28.93, 12.58
0.73, 20, black car, 217.89, 464.29, 248.05, 477.83, 232.97, 471.06, 217.89, 471.06, 248.05, 471.06, 30.16, 13.53
0.73, 30, white car, 861.87, 528.94, 890.79, 541.62, 876.33, 535.28, 861.87, 535.28, 890.79, 535.28, 28.92, 12.68
0.73, 23, white car, 18.33, 439.83, 44.29, 452.46, 31.31, 446.14, 18.33, 446.14, 44.29, 446.14, 25.96, 12.64
0.77, 5, white car, 102.93, 449.59, 132.45, 463.45, 117.69, 456.52, 102.93, 456.52, 132.45, 456.52, 29.52, 13.87
0.77, 13, white car, 721.67, 512.63, 750.10, 525.46, 735.89, 519.05, 721.67, 519.05, 750.10, 519.05, 28.42, 12.83
0.77, 14, black car, 1195.68, 545.48, 1226.73, 557.55, 1211.20, 551.51, 1195.68, 551.51, 1226.73, 551.51, 31.05, 12.07
0.77, 18, white car, 373.78, 482.29, 402.46, 494.79, 388.12, 488.54, 373.78, 488.54, 402.46, 488.54, 28.67, 12.50
0.77, 20, black car, 215.74, 464.52, 245.72, 478.01, 230.73, 471.26, 215.74, 471.26, 245.72, 471.26, 29.98, 13.49
0.77, 30, white car, 859.00, 528.94, 887.62, 541.48, 873.31, 535.21, 859.00, 535.21, 887.62, 535.21, 28.62, 12.55
0.77, 23, white car, 16.32, 439.60, 42.37, 452.31, 29.35, 445.96, 16.32, 445.96, 42.37, 445.96, 26.06, 12.71
0.80, 5, white car, 101.25, 449.37, 131.07, 463.37, 116.16, 456.37, 101.25, 456.37, 131.07, 456.37, 29.81, 14.01
0.80, 13, white car, 718.52, 512.29, 746.84, 525.12, 732.68, 518.70, 718.52, 518.70, 746.84, 518.70, 28.33, 12.83
0.80, 14, black car, 1192.28, 545.23, 1223.38, 557.33, 1207.83, 551.28, 1192.28, 551.28, 1223.38, 551.28, 31.10, 12.10
0.80, 18, white car, 372.93, 482.19, 401.57, 494.71, 387.25, 488.45, 372.93, 488.45, 401.57, 488.45, 28.63, 12.52
0.80, 20, black car, 214.50, 464.62, 243.53, 477.70, 229.02, 471.16, 214.50, 471.16, 243.53, 471.16, 29.03, 13.08
0.80, 30, white car, 855.96, 528.92, 884.30, 541.32, 870.13, 535.12, 855.96, 535.12, 884.30, 535.12, 28.35, 12.41
0.80, 23, white car, 15.23, 439.75, 40.56, 452.11, 27.89, 445.93, 15.23, 445.93, 40.56, 445.93, 25.33, 12.36
0.83, 5, white car, 99.68, 449.28, 129.46, 463.27, 114.57, 456.28, 99.68, 456.28, 129.46, 456.28, 29.79, 13.99
0.83, 13, white car, 715.68, 511.70, 744.16, 524.62, 729.92, 518.16, 715.68, 518.16, 744.16, 518.16, 28.48, 12.92
0.83, 14, black car, 1189.31, 545.02, 1220.38, 557.14, 1204.85, 551.08, 1189.31, 551.08, 1220.38, 551.08, 31.07, 12.12
0.83, 18, white car, 371.76, 482.00, 400.52, 494.60, 386.14, 488.30, 371.76, 488.30, 400.52, 488.30, 28.76, 12.60
0.83, 20, black car, 212.82, 464.48, 241.72, 477.50, 227.27, 470.99, 212.82, 470.99, 241.72, 470.99, 28.90, 13.01
0.83, 30, white car, 852.55, 528.67, 881.13, 541.20, 866.84, 534.93, 852.55, 534.93, 881.13, 534.93, 28.59, 12.53
0.83, 23, white car, 13.63, 439.80, 38.60, 452.01, 26.12, 445.90, 13.63, 445.90, 38.60, 445.90, 24.98, 12.20
0.87, 5, white car, 98.06, 449.09, 127.79, 463.06, 112.93, 456.07, 98.06, 456.07, 127.79, 456.07, 29.72, 13.97
0.87, 13, white car, 712.98, 511.57, 741.14, 524.35, 727.06, 517.96, 712.98, 517.96, 741.14, 517.96, 28.16, 12.78
0.87, 14, black car, 1186.08, 544.65, 1217.16, 556.78, 1201.62, 550.71, 1186.08, 550.71, 1217.16, 550.71, 31.08, 12.13
0.87, 18, white car, 371.14, 481.97, 399.57, 494.44, 385.36, 488.20, 371.14, 488.20, 399.57, 488.20, 28.43, 12.47
0.87, 20, black car, 211.56, 464.17, 241.11, 477.49, 226.33, 470.83, 211.56, 470.83, 241.11, 470.83, 29.55, 13.33
0.87, 30, white car, 849.41, 528.53, 877.67, 540.92, 863.54, 534.73, 849.41, 534.73, 877.67, 534.73, 28.27, 12.39
0.87, 23, white car, 11.59, 439.39, 37.21, 451.96, 24.40, 445.68, 11.59, 445.68, 37.21, 445.68, 25.61, 12.57
0.90, 5, white car, 96.19, 448.86, 126.12, 462.94, 111.15, 455.90, 96.19, 455.90, 126.12, 455.90, 29.93, 14.08
0.90, 13, white car, 709.92, 511.05, 738.63, 524.11, 724.27, 517.58, 709.92, 517.58, 738.63, 517.58, 28.71, 13.06
0.90, 14, black car, 1183.01, 544.51, 1214.10, 556.66, 1198.55, 550.59, 1183.01, 550.59, 1214.10, 550.59, 31.09, 12.15
0.90, 18, white car, 369.95, 481.80, 398.73, 494.47, 384.34, 488.13, 369.95, 488.13, 398.73, 488.13, 28.78, 12.67
0.90, 20, black car, 210.44, 464.07, 239.96, 477.42, 225.20, 470.75, 210.44, 470.75, 239.96, 470.75, 29.52, 13.35
0.90, 30, white car, 846.55, 528.59, 874.51, 540.84, 860.53, 534.72, 846.55, 534.72, 874.51, 534.72, 27.97, 12.25
0.90, 23, white car, 9.61, 438.97, 35.62, 451.73, 22.61, 445.35, 9.61, 445.35, 35.62, 445.35, 26.01, 12.76
0.93, 13, white car, 707.31, 510.55, 736.02, 523.61, 721.66, 517.08, 707.31, 517.08, 736.02, 517.08, 28.71, 13.06
0.93, 14, black car, 1179.80, 544.29, 1211.03, 556.53, 1195.41, 550.41, 1179.80, 550.41, 1211.03, 550.41, 31.22, 12.23
0.93, 18, white car, 369.02, 481.70, 397.82, 494.41, 383.42, 488.05, 369.02, 488.05, 397.82, 488.05, 28.81, 12.71
0.93, 20, black car, 209.75, 464.22, 238.75, 477.40, 224.25, 470.81, 209.75, 470.81, 238.75, 470.81, 29.00, 13.18
0.93, 30, white car, 843.81, 528.55, 871.82, 540.82, 857.82, 534.69, 843.81, 534.69, 871.82, 534.69, 28.01, 12.27
0.93, 23, white car, 8.16, 438.76, 34.28, 451.59, 21.22, 445.18, 8.16, 445.18, 34.28, 445.18, 26.12, 12.83
0.97, 13, white car, 704.24, 510.11, 732.51, 522.99, 718.37, 516.55, 704.24, 516.55, 732.51, 516.55, 28.27, 12.88
0.97, 14, black car, 1176.64, 544.27, 1207.93, 556.54, 1192.29, 550.41, 1176.64, 550.41, 1207.93, 550.41, 31.29, 12.27
0.97, 18, white car, 368.14, 481.48, 396.86, 494.16, 382.50, 487.82, 368.14, 487.82, 396.86, 487.82, 28.72, 12.68
0.97, 20, black car, 209.04, 463.94, 237.21, 476.76, 223.12, 470.35, 209.04, 470.35, 237.21, 470.35, 28.18, 12.82
0.97, 30, white car, 840.29, 528.17, 868.83, 540.70, 854.56, 534.44, 840.29, 534.44, 868.83, 534.44, 28.54, 12.53
0.97, 23, white car, 6.19, 438.38, 32.96, 451.59, 19.58, 444.99, 6.19, 444.99, 32.96, 444.99, 26.77, 13.21
1.00, 13, white car, 701.22, 509.69, 729.41, 522.51, 715.32, 516.10, 701.22, 516.10, 729.41, 516.10, 28.19, 12.82
1.00, 14, black car, 1173.90, 544.15, 1204.52, 556.12, 1189.21, 550.14, 1173.90, 550.14, 1204.52, 550.14, 30.62, 11.97
1.00, 18, white car, 367.31, 481.35, 395.82, 493.92, 381.57, 487.63, 367.31, 487.63, 395.82, 487.63, 28.51, 12.57
1.00, 20, black car, 207.82, 463.67, 235.90, 476.46, 221.86, 470.06, 207.82, 470.06, 235.90, 470.06, 28.08, 12.79
1.00, 30, white car, 836.97, 528.00, 865.86, 540.73, 851.42, 534.36, 836.97, 534.36, 865.86, 534.36, 28.89, 12.73
1.00, 23, white car, 3.72, 438.15, 30.55, 451.36, 17.14, 444.75, 3.72, 444.75, 30.55, 444.75, 26.83, 13.21
1.03, 13, white car, 698.12, 509.38, 726.59, 522.32, 712.35, 515.85, 698.12, 515.85, 726.59, 515.85, 28.47, 12.94
1.03, 14, black car, 1170.85, 543.90, 1201.82, 556.01, 1186.33, 549.96, 1170.85, 549.96, 1201.82, 549.96, 30.97, 12.11
1.03, 18, white car, 366.41, 481.16, 394.67, 493.60, 380.54, 487.38, 366.41, 487.38, 394.67, 487.38, 28.26, 12.44
1.03, 20, black car, 206.46, 463.40, 234.75, 476.30, 220.61, 469.85, 206.46, 469.85, 234.75, 469.85, 28.29, 12.89
1.03, 30, white car, 834.14, 527.82, 863.13, 540.63, 848.64, 534.22, 834.14, 534.22, 863.13, 534.22, 28.99, 12.81
1.03, 23, white car, 1.61, 437.81, 28.78, 451.20, 15.19, 444.50, 1.61, 444.50, 28.78, 444.50, 27.17, 13.39
1.07, 13, white car, 695.36, 509.14, 723.78, 522.08, 709.57, 515.61, 695.36, 515.61, 723.78, 515.61, 28.42, 12.94
1.07, 14, black car, 1167.75, 543.86, 1198.84, 556.04, 1183.29, 549.95, 1167.75, 549.95, 1198.84, 549.95, 31.08, 12.18
1.07, 18, white car, 365.23, 480.99, 393.55, 493.46, 379.39, 487.23, 365.23, 487.23, 393.55, 487.23, 28.32, 12.46
1.07, 20, black car, 204.81, 463.36, 233.30, 476.38, 219.06, 469.87, 204.81, 469.87, 233.30, 469.87, 28.49, 13.02
1.07, 30, white car, 831.11, 527.68, 859.94, 540.46, 845.53, 534.07, 831.11, 534.07, 859.94, 534.07, 28.83, 12.78
1.07, 23, white car, 0.29, 437.93, 27.17, 451.20, 13.73, 444.56, 0.29, 444.56, 27.17, 444.56, 26.88, 13.26
1.07, 5, white car, 87.96, 447.52, 117.91, 461.60, 102.94, 454.56, 87.96, 454.56, 117.91, 454.56, 29.95, 14.07
1.10, 13, white car, 692.58, 508.67, 721.06, 521.65, 706.82, 515.16, 692.58, 515.16, 721.06, 515.16, 28.48, 12.98
1.10, 14, black car, 1165.05, 543.71, 1196.00, 555.86, 1180.53, 549.79, 1165.05, 549.79, 1196.00, 549.79, 30.95, 12.15
1.10, 18, white car, 364.34, 480.89, 392.58, 493.34, 378.46, 487.11, 364.34, 487.11, 392.58, 487.11, 28.24, 12.44
1.10, 20, black car, 204.14, 463.33, 231.87, 476.03, 218.01, 469.68, 204.14, 469.68, 231.87, 469.68, 27.73, 12.70
1.10, 30, white car, 827.87, 527.29, 856.88, 540.16, 842.38, 533.72, 827.87, 533.72, 856.88, 533.72, 29.00, 12.87
1.10, 23, white car, 0.00, 437.61, 26.05, 451.24, 13.03, 444.42, 0.00, 444.42, 26.05, 444.42, 26.05, 13.63
1.10, 5, white car, 86.61, 447.33, 116.25, 461.25, 101.43, 454.29, 86.61, 454.29, 116.25, 454.29, 29.64, 13.92
1.13, 13, white car, 689.63, 508.03, 718.09, 521.03, 703.86, 514.53, 689.63, 514.53, 718.09, 514.53, 28.46, 13.00
1.13, 14, black car, 1161.72, 543.65, 1192.72, 555.83, 1177.22, 549.74, 1161.72, 549.74, 1192.72, 549.74, 31.00, 12.18
1.13, 18, white car, 363.20, 480.84, 391.35, 493.26, 377.28, 487.05, 363.20, 487.05, 391.35, 487.05, 28.15, 12.42
1.13, 20, black car, 202.55, 463.06, 230.07, 475.68, 216.31, 469.37, 202.55, 469.37, 230.07, 469.37, 27.52, 12.62
1.13, 30, white car, 824.99, 527.05, 853.99, 539.94, 839.49, 533.49, 824.99, 533.49, 853.99, 533.49, 29.00, 12.88
1.13, 23, white car, 0.00, 437.31, 25.03, 451.18, 12.51, 444.24, 0.00, 444.24, 25.03, 444.24, 25.03, 13.87
1.13, 5, white car, 85.01, 447.19, 114.71, 461.15, 99.86, 454.17, 85.01, 454.17, 114.71, 454.17, 29.70, 13.96
1.17, 13, white car, 686.80, 507.54, 715.41, 520.61, 701.10, 514.08, 686.80, 514.08, 715.41, 514.08, 28.61, 13.07
1.17, 14, black car, 1158.35, 543.45, 1189.33, 555.64, 1173.84, 549.55, 1158.35, 549.55, 1189.33, 549.55, 30.97, 12.19
1.17, 18, white car, 362.23, 480.76, 390.57, 493.32, 376.40, 487.04, 362.23, 487.04, 390.57, 487.04, 28.34, 12.56
1.17, 20, black car, 201.80, 462.90, 228.73, 475.24, 215.27, 469.07, 201.80, 469.07, 228.73, 469.07, 26.92, 12.35
1.17, 30, white car, 821.95, 526.90, 850.58, 539.60, 836.27, 533.25, 821.95, 533.25, 850.58, 533.25, 28.63, 12.70
1.17, 23, white car, 0.00, 436.97, 23.50, 450.53, 11.75, 443.75, 0.00, 443.75, 23.50, 443.75, 23.50, 13.56
1.17, 5, white car, 83.56, 447.25, 112.77, 460.94, 98.16, 454.10, 83.56, 454.10, 112.77, 454.10, 29.21, 13.69
1.20, 13, white car, 683.69, 506.99, 712.85, 520.32, 698.27, 513.66, 683.69, 513.66, 712.85, 513.66, 29.15, 13.33
1.20, 14, black car, 1155.20, 543.18, 1186.33, 555.47, 1170.77, 549.33, 1155.20, 549.33, 1186.33, 549.33, 31.13, 12.29
1.20, 18, white car, 361.13, 480.64, 389.65, 493.31, 375.39, 486.97, 361.13, 486.97, 389.65, 486.97, 28.53, 12.67
1.20, 20, black car, 200.55, 462.81, 227.58, 475.22, 214.06, 469.01, 200.55, 469.01, 227.58, 469.01, 27.03, 12.40
1.20, 30, white car, 819.01, 526.81, 847.45, 539.37, 833.23, 533.09, 819.01, 533.09, 847.45, 533.09, 28.45, 12.57
1.20, 23, white car, 0.00, 436.86, 22.13, 450.06, 11.06, 443.46, 0.00, 443.46, 22.13, 443.46, 22.13, 13.20
1.20, 5, white car, 82.06, 447.09, 111.17, 460.70, 96.62, 453.89, 82.06, 453.89, 111.17, 453.89, 29.11, 13.61
1.23, 13, white car, 680.85, 506.76, 710.30, 520.27, 695.57, 513.52, 680.85, 513.52, 710.30, 513.52, 29.45, 13.50
1.23, 14, black car, 1151.78, 542.88, 1183.54, 555.45, 1167.66, 549.17, 1151.78, 549.17, 1183.54, 549.17, 31.76, 12.57
1.23, 18, white car, 359.94, 480.48, 388.79, 493.36, 374.37, 486.92, 359.94, 486.92, 388.79, 486.92, 28.85, 12.88
1.23, 20, black car, 198.50, 462.63, 225.69, 475.08, 212.09, 468.85, 198.50, 468.85, 225.69, 468.85, 27.19, 12.45
1.23, 30, white car, 816.38, 526.66, 844.70, 539.16, 830.54, 532.91, 816.38, 532.91, 844.70, 532.91, 28.32, 12.51
1.23, 5, white car, 80.65, 446.88, 109.61, 460.40, 95.13, 453.64, 80.65, 453.64, 109.61, 453.64, 28.96, 13.53
1.27, 13, white car, 678.02, 506.38, 707.15, 519.74, 692.59, 513.06, 678.02, 513.06, 707.15, 513.06, 29.13, 13.36
1.27, 14, black car, 1148.52, 542.76, 1180.33, 555.37, 1164.42, 549.07, 1148.52, 549.07, 1180.33, 549.07, 31.81, 12.62
1.27, 18, white car, 358.38, 480.21, 387.52, 493.27, 372.95, 486.74, 358.38, 486.74, 387.52, 486.74, 29.14, 13.07
1.27, 20, black car, 196.58, 462.42, 223.61, 474.74, 210.09, 468.58, 196.58, 468.58, 223.61, 468.58, 27.03, 12.32
1.27, 30, white car, 813.29, 526.66, 841.44, 539.08, 827.36, 532.87, 813.29, 532.87, 841.44, 532.87, 28.15, 12.43
1.27, 5, white car, 79.01, 446.72, 108.01, 460.22, 93.51, 453.47, 79.01, 453.47, 108.01, 453.47, 28.99, 13.51
1.30, 13, white car, 675.45, 506.23, 704.28, 519.47, 689.87, 512.85, 675.45, 512.85, 704.28, 512.85, 28.83, 13.24
1.30, 14, black car, 1145.47, 542.82, 1176.91, 555.32, 1161.19, 549.07, 1145.47, 549.07, 1176.91, 549.07, 31.44, 12.50
1.30, 18, white car, 356.96, 480.01, 386.50, 493.33, 371.73, 486.67, 356.96, 486.67, 386.50, 486.67, 29.54, 13.32
1.30, 20, black car, 195.02, 462.16, 222.12, 474.49, 208.57, 468.32, 195.02, 468.32, 222.12, 468.32, 27.09, 12.33
1.30, 30, white car, 810.43, 526.69, 838.54, 539.08, 824.49, 532.89, 810.43, 532.89, 838.54, 532.89, 28.11, 12.39
1.30, 5, white car, 77.09, 446.38, 106.32, 460.02, 91.70, 453.20, 77.09, 453.20, 106.32, 453.20, 29.24, 13.63
1.33, 14, black car, 1142.90, 542.66, 1174.33, 555.18, 1158.61, 548.92, 1142.90, 548.92, 1174.33, 548.92, 31.43, 12.52
1.33, 18, white car, 355.97, 479.85, 385.71, 493.32, 370.84, 486.58, 355.97, 486.58, 385.71, 486.58, 29.74, 13.47
1.33, 20, black car, 194.17, 462.10, 221.38, 474.49, 207.78, 468.29, 194.17, 468.29, 221.38, 468.29, 27.20, 12.39
1.33, 30, white car, 807.22, 526.47, 835.52, 538.93, 821.37, 532.70, 807.22, 532.70, 835.52, 532.70, 28.30, 12.45
1.33, 5, white car, 75.15, 446.09, 104.67, 459.85, 89.91, 452.97, 75.15, 452.97, 104.67, 452.97, 29.52, 13.76
1.37, 14, black car, 1139.65, 542.43, 1171.03, 554.93, 1155.34, 548.68, 1139.65, 548.68, 1171.03, 548.68, 31.38, 12.50
1.37, 18, white car, 355.02, 479.71, 384.59, 493.16, 369.80, 486.43, 355.02, 486.43, 384.59, 486.43, 29.57, 13.45
1.37, 20, black car, 193.16, 462.02, 220.50, 474.46, 206.83, 468.24, 193.16, 468.24, 220.50, 468.24, 27.34, 12.44
1.37, 30, white car, 804.18, 526.32, 832.77, 538.89, 818.48, 532.61, 804.18, 532.61, 832.77, 532.61, 28.59, 12.57
1.37, 5, white car, 73.62, 445.97, 103.02, 459.66, 88.32, 452.82, 73.62, 452.82, 103.02, 452.82, 29.40, 13.69
1.40, 14, black car, 1136.28, 542.17, 1167.87, 554.78, 1152.08, 548.47, 1136.28, 548.47, 1167.87, 548.47, 31.59, 12.61
1.40, 18, white car, 353.89, 479.52, 383.52, 493.06, 368.71, 486.29, 353.89, 486.29, 383.52, 486.29, 29.63, 13.54
1.40, 20, black car, 191.76, 462.06, 218.80, 474.39, 205.28, 468.23, 191.76, 468.23, 218.80, 468.23, 27.05, 12.33
1.40, 30, white car, 801.24, 526.02, 829.98, 538.68, 815.61, 532.35, 801.24, 532.35, 829.98, 532.35, 28.74, 12.67
1.40, 5, white car, 71.74, 445.75, 101.60, 459.66, 86.67, 452.70, 71.74, 452.70, 101.60, 452.70, 29.85, 13.91
1.43, 14, black car, 1133.29, 542.05, 1164.98, 554.72, 1149.14, 548.38, 1133.29, 548.38, 1164.98, 548.38, 31.70, 12.66
1.43, 18, white car, 352.84, 479.37, 382.28, 492.86, 367.56, 486.11, 352.84, 486.11, 382.28, 486.11, 29.44, 13.48
1.43, 20, black car, 190.02, 462.05, 216.95, 474.36, 203.48, 468.21, 190.02, 468.21, 216.95, 468.21, 26.93, 12.30
1.43, 30, white car, 798.24, 525.85, 826.93, 538.50, 812.58, 532.17, 798.24, 532.17, 826.93, 532.17, 28.69, 12.65
1.43, 5, white car, 70.23, 445.55, 100.26, 459.55, 85.25, 452.55, 70.23, 452.55, 100.26, 452.55, 30.02, 14.00
1.43, 13, white car, 664.22, 504.11, 693.03, 517.37, 678.63, 510.74, 664.22, 510.74, 693.03, 510.74, 28.81, 13.26
1.47, 14, black car, 1130.01, 542.04, 1161.97, 554.82, 1145.99, 548.43, 1130.01, 548.43, 1161.97, 548.43, 31.96, 12.78
1.47, 18, white car, 352.08, 479.33, 380.95, 492.57, 366.52, 485.95, 352.08, 485.95, 380.95, 485.95, 28.88, 13.23
1.47, 20, black car, 188.18, 462.02, 215.06, 474.34, 201.62, 468.18, 188.18, 468.18, 215.06, 468.18, 26.89, 12.32
1.47, 30, white car, 795.36, 525.63, 823.94, 538.24, 809.65, 531.93, 795.36, 531.93, 823.94, 531.93, 28.58, 12.61
1.47, 5, white car, 68.77, 445.36, 98.78, 459.33, 83.78, 452.35, 68.77, 452.35, 98.78, 452.35, 30.01, 13.97
1.47, 13, white car, 661.69, 503.84, 689.96, 516.86, 675.82, 510.35, 661.69, 510.35, 689.96, 510.35, 28.27, 13.03
1.50, 14, black car, 1127.37, 542.04, 1158.98, 554.70, 1143.17, 548.37, 1127.37, 548.37, 1158.98, 548.37, 31.61, 12.66
1.50, 18, white car, 351.72, 479.37, 379.52, 492.06, 365.62, 485.71, 351.72, 485.71, 379.52, 485.71, 27.80, 12.69
1.50, 20, black car, 185.59, 461.44, 213.15, 474.09, 199.37, 467.76, 185.59, 467.76, 213.15, 467.76, 27.56, 12.66
1.50, 30, white car, 792.94, 525.35, 820.94, 537.67, 806.94, 531.51, 792.94, 531.51, 820.94, 531.51, 27.99, 12.32
1.50, 5, white car, 67.01, 445.11, 97.02, 459.07, 82.01, 452.09, 67.01, 452.09, 97.02, 452.09, 30.00, 13.95
1.50, 13, white car, 658.96, 503.67, 686.68, 516.43, 672.82, 510.05, 658.96, 510.05, 686.68, 510.05, 27.72, 12.76
1.53, 14, black car, 1123.86, 541.81, 1155.85, 554.65, 1139.86, 548.23, 1123.86, 548.23, 1155.85, 548.23, 32.00, 12.84
1.53, 18, white car, 350.87, 479.25, 378.43, 491.81, 364.65, 485.53, 350.87, 485.53, 378.43, 485.53, 27.56, 12.56
1.53, 20, black car, 184.64, 461.35, 212.23, 474.10, 198.44, 467.72, 184.64, 467.72, 212.23, 467.72, 27.59, 12.74
1.53, 30, white car, 790.16, 525.03, 818.18, 537.33, 804.17, 531.18, 790.16, 531.18, 818.18, 531.18, 28.03, 12.30
1.53, 5, white car, 65.23, 445.07, 95.34, 459.06, 80.29, 452.06, 65.23, 452.06, 95.34, 452.06, 30.11, 14.00
1.53, 13, white car, 655.94, 503.51, 683.78, 516.34, 669.86, 509.92, 655.94, 509.92, 683.78, 509.92, 27.84, 12.83
1.57, 14, black car, 1120.59, 541.70, 1152.64, 554.60, 1136.61, 548.15, 1120.59, 548.15, 1152.64, 548.15, 32.05, 12.90
1.57, 18, white car, 349.84, 479.18, 377.23, 491.66, 363.54, 485.42, 349.84, 485.42, 377.23, 485.42, 27.39, 12.48
1.57, 20, black car, 183.58, 461.26, 210.98, 473.95, 197.28, 467.60, 183.58, 467.60, 210.98, 467.60, 27.39, 12.69
1.57, 30, white car, 786.81, 524.69, 814.92, 537.04, 800.87, 530.87, 786.81, 530.87, 814.92, 530.87, 28.11, 12.35
1.57, 5, white car, 63.48, 444.88, 93.79, 459.00, 78.63, 451.94, 63.48, 451.94, 93.79, 451.94, 30.31, 14.12
1.57, 13, white car, 653.13, 502.95, 681.18, 515.90, 667.16, 509.42, 653.13, 509.42, 681.18, 509.42, 28.06, 12.95
1.60, 14, black car, 1117.72, 541.96, 1149.06, 554.62, 1133.39, 548.29, 1117.72, 548.29, 1149.06, 548.29, 31.34, 12.66
1.60, 18, white car, 348.72, 479.09, 376.26, 491.66, 362.49, 485.38, 348.72, 485.38, 376.26, 485.38, 27.54, 12.57
1.60, 20, black car, 182.95, 461.19, 209.95, 473.75, 196.45, 467.47, 182.95, 467.47, 209.95, 467.47, 27.00, 12.56
1.60, 30, white car, 783.68, 524.64, 811.96, 537.06, 797.82, 530.85, 783.68, 530.85, 811.96, 530.85, 28.27, 12.43
1.60, 5, white car, 61.75, 444.64, 92.18, 458.84, 76.96, 451.74, 61.75, 451.74, 92.18, 451.74, 30.43, 14.20
1.60, 13, white car, 650.18, 502.35, 678.77, 515.58, 664.48, 508.97, 650.18, 508.97, 678.77, 508.97, 28.58, 13.23
1.63, 14, black car, 1114.66, 541.89, 1146.42, 554.77, 1130.54, 548.33, 1114.66, 548.33, 1146.42, 548.33, 31.76, 12.88
1.63, 18, white car, 347.50, 478.93, 375.12, 491.56, 361.31, 485.24, 347.50, 485.24, 375.12, 485.24, 27.63, 12.63
1.63, 20, black car, 181.18, 461.04, 208.49, 473.78, 194.83, 467.41, 181.18, 467.41, 208.49, 467.41, 27.31, 12.74
1.63, 30, white car, 780.48, 524.50, 808.99, 537.03, 794.73, 530.77, 780.48, 530.77, 808.99, 530.77, 28.51, 12.53
1.63, 5, white car, 60.00, 444.40, 90.38, 458.62, 75.19, 451.51, 60.00, 451.51, 90.38, 451.51, 30.37, 14.22
1.63, 13, white car, 647.55, 501.90, 675.91, 515.07, 661.73, 508.49, 647.55, 508.49, 675.91, 508.49, 28.36, 13.18
1.67, 14, black car, 1111.39, 541.65, 1143.30, 554.62, 1127.35, 548.14, 1111.39, 548.14, 1143.30, 548.14, 31.92, 12.97
1.67, 18, white car, 346.53, 478.84, 374.00, 491.44, 360.26, 485.14, 346.53, 485.14, 374.00, 485.14, 27.47, 12.61
1.67, 20, black car, 180.27, 461.07, 206.93, 473.46, 193.60, 467.27, 180.27, 467.27, 206.93, 467.27, 26.66, 12.39
1.67, 30, white car, 777.62, 524.10, 806.25, 536.67, 791.94, 530.38, 777.62, 530.38, 806.25, 530.38, 28.63, 12.57
1.67, 5, white car, 58.39, 444.26, 88.72, 458.48, 73.55, 451.37, 58.39, 451.37, 88.72, 451.37, 30.32, 14.22
1.67, 13, white car, 645.07, 501.64, 673.17, 514.70, 659.12, 508.17, 645.07, 508.17, 673.17, 508.17, 28.10, 13.07
1.70, 14, black car, 1108.33, 541.58, 1140.24, 554.57, 1124.28, 548.08, 1108.33, 548.08, 1140.24, 548.08, 31.92, 12.99
1.70, 18, white car, 345.39, 478.61, 373.10, 491.37, 359.24, 484.99, 345.39, 484.99, 373.10, 484.99, 27.71, 12.75
1.70, 20, black car, 178.91, 460.85, 205.72, 473.25, 192.32, 467.05, 178.91, 467.05, 205.72, 467.05, 26.82, 12.40
1.70, 30, white car, 775.09, 523.83, 803.43, 536.27, 789.26, 530.05, 775.09, 530.05, 803.43, 530.05, 28.33, 12.45
1.70, 5, white car, 56.73, 443.96, 86.96, 458.15, 71.84, 451.05, 56.73, 451.05, 86.96, 451.05, 30.23, 14.19
1.73, 14, black car, 1105.25, 541.57, 1137.06, 554.56, 1121.15, 548.07, 1105.25, 548.07, 1137.06, 548.07, 31.80, 13.00
1.73, 18, white car, 343.99, 478.43, 371.76, 491.26, 357.88, 484.84, 343.99, 484.84, 371.76, 484.84, 27.77, 12.83
1.73, 20, black car, 178.22, 460.66, 205.06, 473.01, 191.64, 466.84, 178.22, 466.84, 205.06, 466.84, 26.83, 12.35
1.73, 30, white car, 771.96, 523.65, 800.52, 536.18, 786.24, 529.91, 771.96, 529.91, 800.52, 529.91, 28.56, 12.53
1.73, 5, white car, 55.33, 443.81, 85.19, 457.82, 70.26, 450.82, 55.33, 450.82, 85.19, 450.82, 29.86, 14.00
1.77, 14, black car, 1102.71, 541.56, 1134.13, 554.41, 1118.42, 547.99, 1102.71, 547.99, 1134.13, 547.99, 31.42, 12.85
1.77, 18, white car, 342.95, 478.42, 370.54, 491.19, 356.74, 484.81, 342.95, 484.81, 370.54, 484.81, 27.59, 12.76
1.77, 20, black car, 176.70, 460.50, 203.20, 472.76, 189.95, 466.63, 176.70, 466.63, 203.20, 466.63, 26.50, 12.26
1.77, 30, white car, 768.76, 523.54, 797.62, 536.22, 783.19, 529.88, 768.76, 529.88, 797.62, 529.88, 28.86, 12.67
1.77, 5, white car, 53.49, 443.60, 83.29, 457.57, 68.39, 450.59, 53.49, 450.59, 83.29, 450.59, 29.80, 13.97
1.80, 14, black car, 1099.64, 541.32, 1131.12, 554.19, 1115.38, 547.76, 1099.64, 547.76, 1131.12, 547.76, 31.48, 12.87
1.80, 18, white car, 341.54, 478.28, 369.34, 491.14, 355.44, 484.71, 341.54, 484.71, 369.34, 484.71, 27.80, 12.86
1.80, 20, black car, 174.88, 460.29, 201.11, 472.51, 187.99, 466.40, 174.88, 466.40, 201.11, 466.40, 26.23, 12.22
1.80, 30, white car, 765.70, 523.35, 794.56, 536.02, 780.13, 529.68, 765.70, 529.68, 794.56, 529.68, 28.86, 12.67
1.80, 5, white car, 51.81, 443.35, 81.71, 457.35, 66.76, 450.35, 51.81, 450.35, 81.71, 450.35, 29.89, 14.00
1.83, 14, black car, 1096.10, 541.10, 1127.72, 554.03, 1111.91, 547.57, 1096.10, 547.57, 1127.72, 547.57, 31.62, 12.93
1.83, 20, black car, 171.93, 459.79, 198.94, 472.35, 185.43, 466.07, 171.93, 466.07, 198.94, 466.07, 27.01, 12.56
1.83, 30, white car, 762.68, 522.84, 792.19, 535.80, 777.44, 529.32, 762.68, 529.32, 792.19, 529.32, 29.51, 12.96
1.83, 5, white car, 50.13, 443.09, 80.18, 457.17, 65.16, 450.13, 50.13, 450.13, 80.18, 450.13, 30.05, 14.08
1.87, 14, black car, 1093.31, 541.18, 1124.35, 553.88, 1108.83, 547.53, 1093.31, 547.53, 1124.35, 547.53, 31.03, 12.70
1.87, 20, black car, 170.47, 459.57, 197.46, 472.12, 183.96, 465.85, 170.47, 465.85, 197.46, 465.85, 27.00, 12.55
1.87, 30, white car, 759.68, 522.52, 789.16, 535.52, 774.42, 529.02, 759.68, 529.02, 789.16, 529.02, 29.48, 13.00
1.87, 5, white car, 48.49, 442.85, 78.49, 456.92, 63.49, 449.88, 48.49, 449.88, 78.49, 449.88, 30.00, 14.07
1.90, 14, black car, 1089.95, 541.04, 1120.85, 553.71, 1105.40, 547.37, 1089.95, 547.37, 1120.85, 547.37, 30.90, 12.67
1.90, 20, black car, 168.50, 459.15, 195.85, 471.89, 182.17, 465.52, 168.50, 465.52, 195.85, 465.52, 27.35, 12.74
1.90, 30, white car, 756.81, 522.37, 786.27, 535.38, 771.54, 528.88, 756.81, 528.88, 786.27, 528.88, 29.46, 13.01
1.90, 5, white car, 46.83, 442.62, 76.89, 456.73, 61.86, 449.68, 46.83, 449.68, 76.89, 449.68, 30.06, 14.11
1.93, 14, black car, 1086.94, 540.87, 1118.14, 553.65, 1102.54, 547.26, 1086.94, 547.26, 1118.14, 547.26, 31.20, 12.77
1.93, 20, black car, 166.51, 458.67, 194.31, 471.64, 180.41, 465.15, 166.51, 465.15, 194.31, 465.15, 27.80, 12.96
1.93, 30, white car, 753.70, 522.30, 783.14, 535.36, 768.42, 528.83, 753.70, 528.83, 783.14, 528.83, 29.43, 13.05
1.93, 5, white car, 45.24, 442.52, 75.03, 456.52, 60.14, 449.52, 45.24, 449.52, 75.03, 449.52, 29.80, 14.00
1.97, 14, black car, 1083.92, 540.72, 1115.45, 553.61, 1099.69, 547.16, 1083.92, 547.16, 1115.45, 547.16, 31.52, 12.89
1.97, 20, black car, 164.53, 458.12, 192.70, 471.28, 178.61, 464.70, 164.53, 464.70, 192.70, 464.70, 28.17, 13.15
1.97, 30, white car, 750.50, 522.04, 780.42, 535.36, 765.46, 528.70, 750.50, 528.70, 780.42, 528.70, 29.91, 13.32
1.97, 5, white car, 43.51, 442.40, 73.17, 456.33, 58.34, 449.36, 43.51, 449.36, 73.17, 449.36, 29.67, 13.93
2.00, 14, black car, 1080.86, 540.65, 1112.35, 553.52, 1096.61, 547.09, 1080.86, 547.09, 1112.35, 547.09, 31.50, 12.87
2.00, 20, black car, 162.76, 457.97, 191.01, 471.17, 176.88, 464.57, 162.76, 464.57, 191.01, 464.57, 28.26, 13.20
2.00, 30, white car, 747.63, 521.71, 777.63, 535.11, 762.63, 528.41, 747.63, 528.41, 777.63, 528.41, 29.99, 13.40
2.00, 5, white car, 42.02, 442.38, 71.21, 456.06, 56.61, 449.22, 42.02, 449.22, 71.21, 449.22, 29.19, 13.67
2.03, 14, black car, 1077.67, 540.66, 1109.14, 553.56, 1093.40, 547.11, 1077.67, 547.11, 1109.14, 547.11, 31.47, 12.90
2.03, 20, black car, 160.69, 457.76, 189.46, 471.23, 175.07, 464.50, 160.69, 464.50, 189.46, 464.50, 28.77, 13.47
2.03, 30, white car, 745.26, 521.52, 774.59, 534.63, 759.92, 528.08, 745.26, 528.08, 774.59, 528.08, 29.34, 13.11
2.03, 5, white car, 40.19, 442.16, 69.37, 455.83, 54.78, 449.00, 40.19, 449.00, 69.37, 449.00, 29.18, 13.67
2.07, 14, black car, 1074.40, 540.40, 1105.91, 553.32, 1090.16, 546.86, 1074.40, 546.86, 1105.91, 546.86, 31.51, 12.92
2.07, 20, black car, 158.77, 457.53, 188.00, 471.23, 173.39, 464.38, 158.77, 464.38, 188.00, 464.38, 29.23, 13.70
2.07, 30, white car, 742.51, 521.32, 771.65, 534.36, 757.08, 527.84, 742.51, 527.84, 771.65, 527.84, 29.14, 13.04
2.07, 5, white car, 38.65, 441.87, 67.82, 455.54, 53.23, 448.70, 38.65, 448.70, 67.82, 448.70, 29.17, 13.67
2.10, 14, black car, 1071.25, 540.19, 1102.94, 553.19, 1087.10, 546.69, 1071.25, 546.69, 1102.94, 546.69, 31.69, 13.00
2.10, 20, black car, 156.75, 457.33, 186.33, 471.17, 171.54, 464.25, 156.75, 464.25, 186.33, 464.25, 29.58, 13.84
2.10, 30, white car, 739.71, 521.02, 768.80, 534.07, 754.25, 527.54, 739.71, 527.54, 768.80, 527.54, 29.08, 13.05
2.10, 5, white car, 37.21, 441.86, 66.06, 455.35, 51.63, 448.60, 37.21, 448.60, 66.06, 448.60, 28.85, 13.49
2.13, 14, black car, 1067.62, 540.16, 1099.54, 553.31, 1083.58, 546.74, 1067.62, 546.74, 1099.54, 546.74, 31.92, 13.15
2.13, 20, black car, 156.52, 457.38, 185.29, 470.87, 170.91, 464.12, 156.52, 464.12, 185.29, 464.12, 28.77, 13.49
2.13, 30, white car, 736.85, 520.67, 765.88, 533.73, 751.36, 527.20, 736.85, 527.20, 765.88, 527.20, 29.03, 13.05
2.13, 5, white car, 35.58, 441.56, 64.39, 455.03, 49.99, 448.29, 35.58, 448.29, 64.39, 448.29, 28.81, 13.46
2.13, 44, white car, 233.10, 467.07, 259.93, 478.96, 246.52, 473.01, 233.10, 473.01, 259.93, 473.01, 26.82, 11.89
2.17, 14, black car, 1064.44, 540.11, 1096.48, 553.40, 1080.46, 546.75, 1064.44, 546.75, 1096.48, 546.75, 32.04, 13.29
2.17, 20, black car, 155.99, 457.35, 184.05, 470.54, 170.02, 463.95, 155.99, 463.95, 184.05, 463.95, 28.06, 13.19
2.17, 30, white car, 733.45, 520.11, 762.87, 533.39, 748.16, 526.75, 733.45, 526.75, 762.87, 526.75, 29.42, 13.27
2.17, 5, white car, 33.62, 441.27, 62.65, 454.82, 48.14, 448.04, 33.62, 448.04, 62.65, 448.04, 29.03, 13.55
2.20, 14, black car, 1061.17, 539.86, 1093.52, 553.38, 1077.34, 546.62, 1061.17, 546.62, 1093.52, 546.62, 32.35, 13.52
2.20, 20, black car, 154.58, 457.12, 182.18, 470.11, 168.38, 463.62, 154.58, 463.62, 182.18, 463.62, 27.60, 12.99
2.20, 30, white car, 730.47, 519.86, 759.90, 533.19, 745.19, 526.53, 730.47, 526.53, 759.90, 526.53, 29.43, 13.33
2.20, 5, white car, 31.66, 440.91, 61.07, 454.64, 46.36, 447.78, 31.66, 447.78, 61.07, 447.78, 29.40, 13.73
2.23, 14, black car, 1058.47, 539.92, 1090.38, 553.24, 1074.43, 546.58, 1058.47, 546.58, 1090.38, 546.58, 31.91, 13.32
2.23, 20, black car, 152.65, 456.52, 180.12, 469.40, 166.38, 462.96, 152.65, 462.96, 180.12, 462.96, 27.47, 12.87
2.23, 30, white car, 727.69, 519.89, 756.72, 533.05, 742.21, 526.47, 727.69, 526.47, 756.72, 526.47, 29.03, 13.15
2.23, 5, white car, 30.57, 440.92, 59.46, 454.40, 45.01, 447.66, 30.57, 447.66, 59.46, 447.66, 28.89, 13.48
2.23, 44, white car, 229.27, 466.31, 255.70, 478.01, 242.49, 472.16, 229.27, 472.16, 255.70, 472.16, 26.44, 11.70
2.27, 14, black car, 1055.69, 539.75, 1087.25, 552.91, 1071.47, 546.33, 1055.69, 546.33, 1087.25, 546.33, 31.56, 13.16
2.27, 20, black car, 151.21, 456.04, 179.20, 469.09, 165.20, 462.56, 151.21, 462.56, 179.20, 462.56, 27.98, 13.05
2.27, 30, white car, 725.09, 519.76, 754.02, 532.89, 739.56, 526.32, 725.09, 526.32, 754.02, 526.32, 28.94, 13.13
2.27, 5, white car, 28.68, 440.65, 57.89, 454.28, 43.29, 447.46, 28.68, 447.46, 57.89, 447.46, 29.21, 13.63
2.27, 18, white car, 324.37, 475.98, 352.77, 489.12, 338.57, 482.55, 324.37, 482.55, 352.77, 482.55, 28.40, 13.14
2.30, 14, black car, 1053.07, 539.70, 1084.45, 552.81, 1068.76, 546.25, 1053.07, 546.25, 1084.45, 546.25, 31.38, 13.11
2.30, 20, black car, 149.50, 455.74, 178.13, 469.05, 163.81, 462.40, 149.50, 462.40, 178.13, 462.40, 28.63, 13.31
2.30, 30, white car, 722.32, 519.77, 750.94, 532.76, 736.63, 526.26, 722.32, 526.26, 750.94, 526.26, 28.62, 12.98
2.30, 5, white car, 26.71, 440.39, 56.47, 454.30, 41.59, 447.34, 26.71, 447.34, 56.47, 447.34, 29.76, 13.91
2.30, 18, white car, 323.31, 475.88, 351.93, 489.07, 337.62, 482.48, 323.31, 482.48, 351.93, 482.48, 28.62, 13.20
2.30, 44, white car, 226.63, 466.01, 252.94, 477.61, 239.79, 471.81, 226.63, 471.81, 252.94, 471.81, 26.31, 11.60
2.33, 14, black car, 1049.91, 539.50, 1081.20, 552.61, 1065.56, 546.05, 1049.91, 546.05, 1081.20, 546.05, 31.29, 13.11
2.33, 20, black car, 147.98, 455.56, 177.11, 469.04, 162.54, 462.30, 147.98, 462.30, 177.11, 462.30, 29.13, 13.48
2.33, 30, white car, 719.87, 519.56, 748.76, 532.66, 734.31, 526.11, 719.87, 526.11, 748.76, 526.11, 28.89, 13.10
2.33, 5, white car, 24.83, 439.95, 55.03, 454.09, 39.93, 447.02, 24.83, 447.02, 55.03, 447.02, 30.20, 14.14
2.33, 18, white car, 322.12, 475.88, 350.50, 488.95, 336.31, 482.41, 322.12, 482.41, 350.50, 482.41, 28.38, 13.07
2.37, 14, black car, 1047.03, 539.10, 1078.10, 552.13, 1062.57, 545.62, 1047.03, 545.62, 1078.10, 545.62, 31.07, 13.03
2.37, 20, black car, 145.82, 455.38, 174.94, 468.81, 160.38, 462.10, 145.82, 462.10, 174.94, 462.10, 29.12, 13.43
2.37, 30, white car, 717.44, 519.39, 745.73, 532.19, 731.58, 525.79, 717.44, 525.79, 745.73, 525.79, 28.28, 12.80
2.37, 5, white car, 23.15, 439.73, 53.21, 453.84, 38.18, 446.78, 23.15, 446.78, 53.21, 446.78, 30.07, 14.11
2.37, 18, white car, 320.87, 475.92, 348.83, 488.82, 334.85, 482.37, 320.87, 482.37, 348.83, 482.37, 27.96, 12.89
2.40, 14, black car, 1044.42, 539.06, 1075.15, 551.94, 1059.79, 545.50, 1044.42, 545.50, 1075.15, 545.50, 30.73, 12.87
2.40, 20, black car, 143.91, 455.11, 173.11, 468.58, 158.51, 461.85, 143.91, 461.85, 173.11, 461.85, 29.20, 13.47
2.40, 30, white car, 714.40, 519.25, 743.02, 532.22, 728.71, 525.73, 714.40, 525.73, 743.02, 525.73, 28.62, 12.97
2.40, 5, white car, 21.17, 439.46, 51.28, 453.65, 36.22, 446.56, 21.17, 446.56, 51.28, 446.56, 30.11, 14.19
2.40, 18, white car, 319.69, 475.92, 347.49, 488.74, 333.59, 482.33, 319.69, 482.33, 347.49, 482.33, 27.80, 12.82
2.40, 44, white car, 222.06, 465.34, 248.90, 477.13, 235.48, 471.23, 222.06, 471.23, 248.90, 471.23, 26.84, 11.79
2.43, 14, black car, 1041.12, 539.23, 1071.80, 552.08, 1056.46, 545.65, 1041.12, 545.65, 1071.80, 545.65, 30.68, 12.85
2.43, 20, black car, 143.23, 455.09, 172.21, 468.46, 157.72, 461.78, 143.23, 461.78, 172.21, 461.78, 28.98, 13.37
2.43, 30, white car, 711.47, 518.97, 740.59, 532.20, 726.03, 525.58, 711.47, 525.58, 740.59, 525.58, 29.12, 13.23
2.43, 5, white car, 19.34, 439.22, 49.60, 453.49, 34.47, 446.35, 19.34, 446.35, 49.60, 446.35, 30.26, 14.28
2.43, 18, white car, 318.46, 475.78, 346.30, 488.64, 332.38, 482.21, 318.46, 482.21, 346.30, 482.21, 27.85, 12.86
2.47, 14, black car, 1037.60, 538.98, 1068.48, 551.93, 1053.04, 545.46, 1037.60, 545.46, 1068.48, 545.46, 30.88, 12.95
2.47, 20, black car, 141.76, 455.07, 170.52, 468.36, 156.14, 461.72, 141.76, 461.72, 170.52, 461.72, 28.76, 13.29
2.47, 30, white car, 708.66, 518.75, 737.71, 531.96, 723.19, 525.36, 708.66, 525.36, 737.71, 525.36, 29.06, 13.21
2.47, 5, white car, 17.93, 439.11, 47.61, 453.09, 32.77, 446.10, 17.93, 446.10, 47.61, 446.10, 29.68, 13.98
2.47, 18, white car, 317.12, 475.62, 345.12, 488.56, 331.12, 482.09, 317.12, 482.09, 345.12, 482.09, 27.99, 12.95
2.50, 14, black car, 1034.24, 538.72, 1065.59, 551.88, 1049.92, 545.30, 1034.24, 545.30, 1065.59, 545.30, 31.35, 13.16
2.50, 20, black car, 139.41, 454.71, 167.80, 467.86, 153.61, 461.29, 139.41, 461.29, 167.80, 461.29, 28.39, 13.15
2.50, 30, white car, 706.10, 518.47, 735.11, 531.66, 720.60, 525.07, 706.10, 525.07, 735.11, 525.07, 29.01, 13.19
2.50, 5, white car, 16.73, 438.95, 45.92, 452.66, 31.33, 445.81, 16.73, 445.81, 45.92, 445.81, 29.19, 13.71
2.50, 18, white car, 315.82, 475.42, 343.88, 488.36, 329.85, 481.89, 315.82, 481.89, 343.88, 481.89, 28.06, 12.94
2.53, 14, black car, 1031.71, 538.78, 1062.47, 551.67, 1047.09, 545.23, 1031.71, 545.23, 1062.47, 545.23, 30.76, 12.89
2.53, 20, black car, 137.89, 454.38, 166.36, 467.50, 152.12, 460.94, 137.89, 460.94, 166.36, 460.94, 28.47, 13.12
2.53, 30, white car, 703.60, 518.26, 732.28, 531.28, 717.94, 524.77, 703.60, 524.77, 732.28, 524.77, 28.68, 13.02
2.53, 5, white car, 14.88, 438.67, 44.51, 452.59, 29.70, 445.63, 14.88, 445.63, 44.51, 445.63, 29.62, 13.92
2.53, 18, white car, 314.79, 475.12, 343.15, 488.14, 328.97, 481.63, 314.79, 481.63, 343.15, 481.63, 28.35, 13.02
2.57, 14, black car, 1028.73, 538.62, 1059.49, 551.51, 1044.11, 545.06, 1028.73, 545.06, 1059.49, 545.06, 30.76, 12.89
2.57, 20, black car, 136.67, 454.40, 164.56, 467.18, 150.62, 460.79, 136.67, 460.79, 164.56, 460.79, 27.90, 12.78
2.57, 30, white car, 701.27, 518.10, 729.45, 530.88, 715.36, 524.49, 701.27, 524.49, 729.45, 524.49, 28.18, 12.79
2.57, 5, white car, 13.41, 438.42, 43.06, 452.36, 28.23, 445.39, 13.41, 445.39, 43.06, 445.39, 29.65, 13.94
2.57, 18, white car, 313.74, 474.94, 342.01, 487.89, 327.87, 481.42, 313.74, 481.42, 342.01, 481.42, 28.27, 12.96
2.60, 14, black car, 1025.13, 538.68, 1056.03, 551.61, 1040.58, 545.15, 1025.13, 545.15, 1056.03, 545.15, 30.90, 12.93
2.60, 20, black car, 135.54, 454.50, 162.95, 467.02, 149.24, 460.76, 135.54, 460.76, 162.95, 460.76, 27.41, 12.52
2.60, 30, white car, 698.01, 517.56, 726.26, 530.41, 712.13, 523.98, 698.01, 523.98, 726.26, 523.98, 28.26, 12.84
2.60, 5, white car, 11.35, 438.09, 41.42, 452.24, 26.39, 445.17, 11.35, 445.17, 41.42, 445.17, 30.07, 14.16
2.60, 18, white car, 312.46, 474.66, 340.63, 487.54, 326.55, 481.10, 312.46, 481.10, 340.63, 481.10, 28.17, 12.88
2.63, 14, black car, 1021.35, 538.45, 1053.07, 551.77, 1037.21, 545.11, 1021.35, 545.11, 1053.07, 545.11, 31.71, 13.32
2.63, 20, black car, 133.31, 454.59, 159.95, 466.78, 146.63, 460.68, 133.31, 460.68, 159.95, 460.68, 26.65, 12.19
2.63, 30, white car, 694.73, 517.10, 723.39, 530.14, 709.06, 523.62, 694.73, 523.62, 723.39, 523.62, 28.67, 13.04
2.63, 5, white car, 9.54, 437.95, 39.55, 452.13, 24.55, 445.04, 9.54, 445.04, 39.55, 445.04, 30.01, 14.18
2.63, 18, white car, 311.39, 474.51, 339.59, 487.38, 325.49, 480.95, 311.39, 480.95, 339.59, 480.95, 28.20, 12.87
2.67, 14, black car, 1018.34, 538.02, 1050.34, 551.52, 1034.34, 544.77, 1018.34, 544.77, 1050.34, 544.77, 32.01, 13.49
2.67, 20, black car, 131.14, 454.33, 157.58, 466.41, 144.36, 460.37, 131.14, 460.37, 157.58, 460.37, 26.44, 12.08
2.67, 30, white car, 692.00, 516.70, 720.88, 529.83, 706.44, 523.27, 692.00, 523.27, 720.88, 523.27, 28.87, 13.13
2.67, 5, white car, 7.36, 437.60, 37.76, 452.05, 22.56, 444.83, 7.36, 444.83, 37.76, 444.83, 30.40, 14.45
2.67, 18, white car, 310.05, 474.48, 337.76, 487.13, 323.91, 480.80, 310.05, 480.80, 337.76, 480.80, 27.71, 12.65
2.70, 14, black car, 1015.79, 537.78, 1047.29, 551.08, 1031.54, 544.43, 1015.79, 544.43, 1047.29, 544.43, 31.49, 13.31
2.70, 20, black car, 129.40, 454.33, 155.72, 466.34, 142.56, 460.33, 129.40, 460.33, 155.72, 460.33, 26.33, 12.01
2.70, 30, white car, 689.45, 516.44, 718.32, 529.56, 703.88, 523.00, 689.45, 523.00, 718.32, 523.00, 28.87, 13.12
2.70, 5, white car, 5.90, 437.24, 36.29, 451.78, 21.10, 444.51, 5.90, 444.51, 36.29, 444.51, 30.39, 14.54
2.70, 18, white car, 308.60, 474.33, 336.17, 486.92, 322.38, 480.62, 308.60, 480.62, 336.17, 480.62, 27.57, 12.60
2.70, 44, white car, 209.41, 463.34, 235.27, 474.70, 222.34, 469.02, 209.41, 469.02, 235.27, 469.02, 25.86, 11.36
2.73, 14, black car, 1013.18, 537.71, 1044.10, 550.79, 1028.64, 544.25, 1013.18, 544.25, 1044.10, 544.25, 30.92, 13.09
2.73, 20, black car, 127.98, 454.08, 153.74, 465.80, 140.86, 459.94, 127.98, 459.94, 153.74, 459.94, 25.76, 11.72
2.73, 30, white car, 686.95, 516.28, 715.78, 529.40, 701.37, 522.84, 686.95, 522.84, 715.78, 522.84, 28.83, 13.12
2.73, 5, white car, 3.96, 436.84, 34.40, 451.46, 19.18, 444.15, 3.96, 444.15, 34.40, 444.15, 30.43, 14.63
2.73, 18, white car, 307.27, 474.23, 334.67, 486.74, 320.97, 480.48, 307.27, 480.48, 334.67, 480.48, 27.40, 12.51
2.77, 14, black car, 1009.63, 537.72, 1041.05, 551.01, 1025.34, 544.37, 1009.63, 544.37, 1041.05, 544.37, 31.42, 13.28
2.77, 20, black car, 126.63, 453.85, 152.49, 465.56, 139.56, 459.71, 126.63, 459.71, 152.49, 459.71, 25.86, 11.72
2.77, 30, white car, 684.16, 516.11, 712.81, 529.14, 698.48, 522.62, 684.16, 522.62, 712.81, 522.62, 28.65, 13.03
2.77, 5, white car, 1.94, 436.71, 32.21, 451.28, 17.08, 444.00, 1.94, 444.00, 32.21, 444.00, 30.27, 14.56
2.77, 18, white car, 305.84, 474.15, 333.33, 486.70, 319.58, 480.43, 305.84, 480.43, 333.33, 480.43, 27.50, 12.55
2.80, 14, black car, 1006.56, 537.43, 1038.30, 550.87, 1022.43, 544.15, 1006.56, 544.15, 1038.30, 544.15, 31.74, 13.44
2.80, 20, black car, 124.82, 453.55, 151.11, 465.47, 137.96, 459.51, 124.82, 459.51, 151.11, 459.51, 26.29, 11.92
2.80, 30, white car, 681.16, 515.89, 710.03, 528.99, 695.60, 522.44, 681.16, 522.44, 710.03, 522.44, 28.87, 13.10
2.80, 5, white car, 0.02, 436.52, 30.33, 451.18, 15.18, 443.85, 0.02, 443.85, 30.33, 443.85, 30.31, 14.67
2.80, 18, white car, 304.21, 473.75, 332.31, 486.59, 318.26, 480.17, 304.21, 480.17, 332.31, 480.17, 28.10, 12.84
2.83, 14, black car, 1003.20, 537.05, 1035.40, 550.74, 1019.30, 543.89, 1003.20, 543.89, 1035.40, 543.89, 32.20, 13.69
2.83, 20, black car, 122.39, 453.18, 149.79, 465.59, 136.09, 459.38, 122.39, 459.38, 149.79, 459.38, 27.40, 12.42
2.83, 30, white car, 678.63, 515.54, 707.58, 528.66, 693.11, 522.10, 678.63, 522.10, 707.58, 522.10, 28.95, 13.12
2.83, 5, white car, 0.00, 436.35, 28.83, 450.84, 14.41, 443.60, 0.00, 443.60, 28.83, 443.60, 28.83, 14.49
2.83, 18, white car, 302.43, 473.41, 330.52, 486.30, 316.47, 479.85, 302.43, 479.85, 330.52, 479.85, 28.10, 12.90
2.87, 14, black car, 1000.40, 536.71, 1032.50, 550.41, 1016.45, 543.56, 1000.40, 543.56, 1032.50, 543.56, 32.10, 13.70
2.87, 20, black car, 120.72, 453.09, 148.76, 465.76, 134.74, 459.42, 120.72, 459.42, 148.76, 459.42, 28.04, 12.67
2.87, 30, white car, 675.83, 515.23, 705.05, 528.49, 690.44, 521.86, 675.83, 521.86, 705.05, 521.86, 29.22, 13.26
2.87, 5, white car, 0.00, 436.28, 27.70, 450.56, 13.85, 443.42, 0.00, 443.42, 27.70, 443.42, 27.70, 14.28
2.87, 18, white car, 300.98, 473.27, 329.02, 486.17, 315.00, 479.72, 300.98, 479.72, 329.02, 479.72, 28.04, 12.90
2.90, 14, black car, 997.74, 536.85, 1029.15, 550.26, 1013.44, 543.55, 997.74, 543.55, 1029.15, 543.55, 31.41, 13.41
2.90, 20, black car, 118.50, 452.81, 147.44, 465.87, 132.97, 459.34, 118.50, 459.34, 147.44, 459.34, 28.94, 13.06
2.90, 30, white car, 672.88, 515.05, 702.42, 528.44, 687.65, 521.75, 672.88, 521.75, 702.42, 521.75, 29.54, 13.40
2.90, 5, white car, 0.00, 436.36, 26.17, 450.27, 13.08, 443.31, 0.00, 443.31, 26.17, 443.31, 26.17, 13.92
2.90, 18, white car, 299.76, 473.07, 328.03, 486.09, 313.90, 479.58, 299.76, 479.58, 328.03, 479.58, 28.27, 13.01
2.93, 14, black car, 995.01, 537.09, 1026.03, 550.30, 1010.52, 543.69, 995.01, 543.69, 1026.03, 543.69, 31.02, 13.20
2.93, 20, black car, 116.88, 452.54, 146.28, 465.83, 131.58, 459.19, 116.88, 459.19, 146.28, 459.19, 29.40, 13.29
2.93, 30, white car, 670.08, 514.83, 699.98, 528.41, 685.03, 521.62, 670.08, 521.62, 699.98, 521.62, 29.90, 13.58
2.93, 5, white car, 0.00, 436.53, 25.09, 450.33, 12.55, 443.43, 0.00, 443.43, 25.09, 443.43, 25.09, 13.80
2.93, 18, white car, 298.75, 472.79, 326.89, 485.73, 312.82, 479.26, 298.75, 479.26, 326.89, 479.26, 28.14, 12.94
2.97, 14, black car, 991.49, 536.72, 1023.60, 550.42, 1007.54, 543.57, 991.49, 543.57, 1023.60, 543.57, 32.11, 13.69
2.97, 20, black car, 115.13, 452.03, 144.87, 465.51, 130.00, 458.77, 115.13, 458.77, 144.87, 458.77, 29.74, 13.48
2.97, 30, white car, 667.11, 514.65, 696.82, 528.16, 681.97, 521.41, 667.11, 521.41, 696.82, 521.41, 29.71, 13.51
2.97, 5, white car, 0.00, 436.40, 23.94, 450.13, 11.97, 443.27, 0.00, 443.27, 23.94, 443.27, 23.94, 13.73
2.97, 18, white car, 297.51, 472.47, 325.93, 485.52, 311.72, 479.00, 297.51, 479.00, 325.93, 479.00, 28.42, 13.05
3.00, 14, black car, 989.01, 536.59, 1020.89, 550.18, 1004.95, 543.39, 989.01, 543.39, 1020.89, 543.39, 31.89, 13.59
3.00, 20, black car, 113.59, 451.71, 142.90, 465.00, 128.24, 458.36, 113.59, 458.36, 142.90, 458.36, 29.31, 13.29
3.00, 30, white car, 664.69, 514.47, 694.15, 527.86, 679.42, 521.17, 664.69, 521.17, 694.15, 521.17, 29.46, 13.39
3.00, 5, white car, 0.00, 436.20, 22.75, 450.07, 11.38, 443.14, 0.00, 443.14, 22.75, 443.14, 22.75, 13.86
3.00, 18, white car, 295.96, 472.36, 324.22, 485.37, 310.09, 478.87, 295.96, 478.87, 324.22, 478.87, 28.26, 13.01
3.03, 14, black car, 986.45, 536.44, 1018.01, 549.91, 1002.23, 543.17, 986.45, 543.17, 1018.01, 543.17, 31.57, 13.48
3.03, 20, black car, 112.53, 451.54, 140.66, 464.29, 126.59, 457.92, 112.53, 457.92, 140.66, 457.92, 28.13, 12.75
3.03, 30, white car, 662.34, 514.30, 691.37, 527.52, 676.86, 520.91, 662.34, 520.91, 691.37, 520.91, 29.02, 13.22
3.03, 5, white car, 0.00, 436.22, 21.21, 449.84, 10.61, 443.03, 0.00, 443.03, 21.21, 443.03, 21.21, 13.62
3.03, 18, white car, 294.96, 472.36, 322.95, 485.26, 308.96, 478.81, 294.96, 478.81, 322.95, 478.81, 27.99, 12.90
3.07, 14, black car, 983.17, 536.06, 1014.02, 549.18, 998.59, 542.62, 983.17, 542.62, 1014.02, 542.62, 30.85, 13.12
3.07, 20, black car, 111.29, 451.49, 138.82, 463.92, 125.05, 457.70, 111.29, 457.70, 138.82, 457.70, 27.53, 12.42
3.07, 30, white car, 659.77, 513.75, 689.03, 527.09, 674.40, 520.42, 659.77, 520.42, 689.03, 520.42, 29.26, 13.34
3.07, 5, white car, 0.00, 436.16, 19.76, 449.64, 9.88, 442.90, 0.00, 442.90, 19.76, 442.90, 19.76, 13.48
3.07, 18, white car, 293.54, 472.26, 321.66, 485.27, 307.60, 478.76, 293.54, 478.76, 321.66, 478.76, 28.12, 13.01
3.10, 14, black car, 979.13, 535.59, 1010.18, 548.75, 994.65, 542.17, 979.13, 542.17, 1010.18, 542.17, 31.05, 13.16
3.10, 20, black car, 109.56, 451.32, 136.99, 463.63, 123.27, 457.48, 109.56, 457.48, 136.99, 457.48, 27.42, 12.30
3.10, 30, white car, 657.08, 513.40, 685.99, 526.59, 671.53, 520.00, 657.08, 520.00, 685.99, 520.00, 28.91, 13.20
3.10, 5, white car, 0.00, 436.03, 18.44, 449.30, 9.22, 442.66, 0.00, 442.66, 18.44, 442.66, 18.44, 13.26
3.10, 18, white car, 292.25, 472.15, 320.09, 485.08, 306.17, 478.61, 292.25, 478.61, 320.09, 478.61, 27.84, 12.93
3.13, 14, black car, 976.30, 535.86, 1007.47, 549.01, 991.88, 542.43, 976.30, 542.43, 1007.47, 542.43, 31.17, 13.15
3.13, 20, black car, 107.92, 451.15, 135.69, 463.61, 121.80, 457.38, 107.92, 457.38, 135.69, 457.38, 27.77, 12.47
3.13, 30, white car, 654.21, 512.98, 683.48, 526.37, 668.85, 519.68, 654.21, 519.68, 683.48, 519.68, 29.27, 13.39
3.13, 5, white car, 0.00, 435.94, 17.21, 449.18, 8.61, 442.56, 0.00, 442.56, 17.21, 442.56, 17.21, 13.24
3.13, 18, white car, 290.75, 471.87, 319.01, 485.05, 304.88, 478.46, 290.75, 478.46, 319.01, 478.46, 28.26, 13.18
3.17, 14, black car, 973.45, 535.57, 1004.77, 548.75, 989.11, 542.16, 973.45, 542.16, 1004.77, 542.16, 31.32, 13.18
3.17, 20, black car, 105.88, 450.91, 134.01, 463.56, 119.94, 457.24, 105.88, 457.24, 134.01, 457.24, 28.13, 12.65
3.17, 30, white car, 651.36, 512.67, 680.87, 526.20, 666.11, 519.44, 651.36, 519.44, 680.87, 519.44, 29.51, 13.53
3.17, 18, white car, 289.41, 471.58, 317.78, 484.86, 303.60, 478.22, 289.41, 478.22, 317.78, 478.22, 28.37, 13.28
3.20, 14, black car, 970.58, 535.49, 1001.29, 548.41, 985.93, 541.95, 970.58, 541.95, 1001.29, 541.95, 30.71, 12.92
3.20, 20, black car, 104.18, 450.73, 132.62, 463.53, 118.40, 457.13, 104.18, 457.13, 132.62, 457.13, 28.44, 12.79
3.20, 30, white car, 648.78, 512.45, 678.35, 526.02, 663.57, 519.23, 648.78, 519.23, 678.35, 519.23, 29.57, 13.57
3.20, 18, white car, 288.14, 471.41, 316.49, 484.73, 302.31, 478.07, 288.14, 478.07, 316.49, 478.07, 28.35, 13.32
3.23, 14, black car, 967.39, 535.24, 998.40, 548.29, 982.89, 541.76, 967.39, 541.76, 998.40, 541.76, 31.00, 13.05
3.23, 20, black car, 102.63, 450.50, 131.12, 463.31, 116.88, 456.90, 102.63, 456.90, 131.12, 456.90, 28.50, 12.81
3.23, 30, white car, 646.65, 512.34, 675.87, 525.76, 661.26, 519.05, 646.65, 519.05, 675.87, 519.05, 29.22, 13.42
3.23, 18, white car, 286.88, 471.29, 315.13, 484.59, 301.00, 477.94, 286.88, 477.94, 315.13, 477.94, 28.24, 13.31
3.27, 14, black car, 964.46, 535.06, 995.68, 548.17, 980.07, 541.62, 964.46, 541.62, 995.68, 541.62, 31.22, 13.11
3.27, 20, black car, 100.78, 450.38, 129.26, 463.17, 115.02, 456.77, 100.78, 456.77, 129.26, 456.77, 28.48, 12.79
3.27, 30, white car, 644.31, 512.18, 673.27, 525.45, 658.79, 518.81, 644.31, 518.81, 673.27, 518.81, 28.96, 13.28
3.27, 18, white car, 285.84, 471.25, 313.81, 484.42, 299.82, 477.84, 285.84, 477.84, 313.81, 477.84, 27.97, 13.17
3.30, 14, black car, 961.77, 535.19, 992.49, 548.04, 977.13, 541.61, 961.77, 541.61, 992.49, 541.61, 30.72, 12.85
3.30, 20, black car, 99.58, 450.38, 127.74, 463.03, 113.66, 456.71, 99.58, 456.71, 127.74, 456.71, 28.16, 12.65
3.30, 30, white car, 641.88, 512.04, 670.24, 525.02, 656.06, 518.53, 641.88, 518.53, 670.24, 518.53, 28.36, 12.98
3.30, 18, white car, 284.65, 471.16, 312.60, 484.31, 298.63, 477.73, 284.65, 477.73, 312.60, 477.73, 27.95, 13.14
3.33, 14, black car, 958.66, 534.95, 989.65, 547.92, 974.16, 541.43, 958.66, 541.43, 989.65, 541.43, 30.99, 12.97
3.33, 20, black car, 98.07, 450.35, 126.16, 462.98, 112.12, 456.67, 98.07, 456.67, 126.16, 456.67, 28.10, 12.63
3.33, 30, white car, 639.01, 511.80, 667.58, 524.83, 653.29, 518.32, 639.01, 518.32, 667.58, 518.32, 28.57, 13.03
3.33, 18, white car, 283.34, 470.98, 311.30, 484.10, 297.32, 477.54, 283.34, 477.54, 311.30, 477.54, 27.96, 13.11
3.33, 44, black car, 181.81, 460.88, 207.94, 472.40, 194.88, 466.64, 181.81, 466.64, 207.94, 466.64, 26.13, 11.52
3.37, 14, black car, 955.47, 534.90, 986.74, 548.03, 971.10, 541.47, 955.47, 541.47, 986.74, 541.47, 31.27, 13.13
3.37, 20, black car, 96.32, 450.08, 124.75, 462.91, 110.54, 456.50, 96.32, 456.50, 124.75, 456.50, 28.43, 12.83
3.37, 30, white car, 636.50, 511.54, 665.03, 524.55, 650.76, 518.05, 636.50, 518.05, 665.03, 518.05, 28.52, 13.00
3.37, 18, white car, 282.07, 470.86, 310.10, 484.00, 296.09, 477.43, 282.07, 477.43, 310.10, 477.43, 28.03, 13.14
3.37, 44, black car, 180.66, 460.77, 206.56, 472.22, 193.61, 466.49, 180.66, 466.49, 206.56, 466.49, 25.89, 11.45
3.40, 14, black car, 952.16, 534.61, 983.95, 547.98, 968.06, 541.30, 952.16, 541.30, 983.95, 541.30, 31.79, 13.37
3.40, 20, black car, 94.48, 449.59, 123.74, 462.85, 109.11, 456.22, 94.48, 456.22, 123.74, 456.22, 29.26, 13.27
3.40, 30, white car, 634.05, 511.36, 662.53, 524.31, 648.29, 517.84, 634.05, 517.84, 662.53, 517.84, 28.48, 12.95
3.40, 18, white car, 280.91, 470.77, 308.88, 483.85, 294.89, 477.31, 280.91, 477.31, 308.88, 477.31, 27.98, 13.08
3.43, 14, black car, 948.28, 534.17, 980.77, 547.88, 964.52, 541.03, 948.28, 541.03, 980.77, 541.03, 32.49, 13.71
3.43, 30, white car, 631.62, 511.19, 659.77, 523.97, 645.69, 517.58, 631.62, 517.58, 659.77, 517.58, 28.14, 12.78
3.43, 18, white car, 279.78, 470.74, 307.65, 483.72, 293.71, 477.23, 279.78, 477.23, 307.65, 477.23, 27.87, 12.98
3.47, 14, black car, 945.41, 534.18, 977.62, 547.82, 961.52, 541.00, 945.41, 541.00, 977.62, 541.00, 32.21, 13.64
3.47, 30, white car, 629.27, 510.96, 657.30, 523.64, 643.29, 517.30, 629.27, 517.30, 657.30, 517.30, 28.03, 12.68
3.47, 18, white car, 278.01, 470.49, 306.17, 483.62, 292.09, 477.05, 278.01, 477.05, 306.17, 477.05, 28.16, 13.12
3.47, 44, black car, 177.32, 459.95, 203.11, 471.37, 190.21, 465.66, 177.32, 465.66, 203.11, 465.66, 25.79, 11.43
3.50, 14, black car, 943.15, 534.32, 974.85, 547.78, 959.00, 541.05, 943.15, 541.05, 974.85, 541.05, 31.70, 13.45
3.50, 30, white car, 626.67, 510.71, 654.66, 523.30, 640.67, 517.00, 626.67, 517.00, 654.66, 517.00, 27.99, 12.59
3.50, 18, white car, 276.42, 470.31, 304.67, 483.50, 290.55, 476.90, 276.42, 476.90, 304.67, 476.90, 28.25, 13.18
3.53, 30, white car, 623.49, 510.34, 652.08, 523.20, 637.79, 516.77, 623.49, 516.77, 652.08, 516.77, 28.60, 12.85
3.53, 18, white car, 274.98, 470.28, 303.23, 483.50, 289.11, 476.89, 274.98, 476.89, 303.23, 476.89, 28.25, 13.22
3.57, 30, white car, 620.56, 509.95, 650.14, 523.29, 635.35, 516.62, 620.56, 516.62, 650.14, 516.62, 29.58, 13.34
3.57, 18, white car, 273.67, 470.13, 301.97, 483.40, 287.82, 476.77, 273.67, 476.77, 301.97, 476.77, 28.31, 13.26
3.60, 30, white car, 617.97, 509.55, 647.98, 523.16, 632.98, 516.36, 617.97, 516.36, 647.98, 516.36, 30.01, 13.60
3.60, 18, white car, 272.18, 469.99, 300.66, 483.34, 286.42, 476.66, 272.18, 476.66, 300.66, 476.66, 28.48, 13.35
3.60, 44, black car, 170.37, 458.90, 196.05, 470.29, 183.21, 464.59, 170.37, 464.59, 196.05, 464.59, 25.68, 11.39
3.63, 30, white car, 615.41, 509.33, 645.05, 522.81, 630.23, 516.07, 615.41, 516.07, 645.05, 516.07, 29.64, 13.48
3.63, 18, white car, 270.71, 469.89, 299.09, 483.21, 284.90, 476.55, 270.71, 476.55, 299.09, 476.55, 28.37, 13.32
3.63, 44, black car, 168.06, 458.74, 193.78, 470.15, 180.92, 464.44, 168.06, 464.44, 193.78, 464.44, 25.72, 11.41
3.67, 30, white car, 613.41, 509.35, 642.39, 522.54, 627.90, 515.94, 613.41, 515.94, 642.39, 515.94, 28.97, 13.19
3.67, 18, white car, 269.66, 469.74, 297.72, 482.91, 283.69, 476.33, 269.66, 476.33, 297.72, 476.33, 28.06, 13.18
3.70, 30, white car, 610.84, 509.12, 639.70, 522.24, 625.27, 515.68, 610.84, 515.68, 639.70, 515.68, 28.86, 13.13
3.70, 18, white car, 268.58, 469.56, 296.58, 482.70, 282.58, 476.13, 268.58, 476.13, 296.58, 476.13, 28.00, 13.14
3.73, 30, white car, 608.24, 508.69, 637.28, 521.92, 622.76, 515.30, 608.24, 515.30, 637.28, 515.30, 29.04, 13.22
3.73, 18, white car, 267.35, 469.31, 295.43, 482.47, 281.39, 475.89, 267.35, 475.89, 295.43, 475.89, 28.08, 13.16
3.77, 30, white car, 605.87, 508.32, 634.94, 521.56, 620.40, 514.94, 605.87, 514.94, 634.94, 514.94, 29.07, 13.24
3.77, 18, white car, 265.97, 469.11, 294.13, 482.30, 280.05, 475.70, 265.97, 475.70, 294.13, 475.70, 28.16, 13.19
3.80, 30, white car, 603.31, 507.87, 632.39, 521.11, 617.85, 514.49, 603.31, 514.49, 632.39, 514.49, 29.08, 13.24
3.80, 18, white car, 264.43, 468.93, 292.57, 482.10, 278.50, 475.51, 264.43, 475.51, 292.57, 475.51, 28.14, 13.17
3.83, 30, white car, 600.90, 507.61, 629.70, 520.69, 615.30, 514.15, 600.90, 514.15, 629.70, 514.15, 28.80, 13.08
3.83, 18, white car, 263.00, 468.74, 291.26, 481.95, 277.13, 475.34, 263.00, 475.34, 291.26, 475.34, 28.26, 13.21
3.87, 30, white car, 598.32, 507.34, 626.94, 520.30, 612.63, 513.82, 598.32, 513.82, 626.94, 513.82, 28.62, 12.96
3.87, 18, white car, 261.54, 468.51, 289.98, 481.81, 275.76, 475.16, 261.54, 475.16, 289.98, 475.16, 28.45, 13.30
3.87, 20, black car, 70.36, 447.07, 97.73, 459.49, 84.04, 453.28, 70.36, 453.28, 97.73, 453.28, 27.36, 12.41
3.90, 30, white car, 595.75, 507.17, 624.28, 520.07, 610.01, 513.62, 595.75, 513.62, 624.28, 513.62, 28.53, 12.91
3.90, 18, white car, 260.29, 468.51, 288.54, 481.69, 274.41, 475.10, 260.29, 475.10, 288.54, 475.10, 28.26, 13.18
3.90, 20, black car, 68.66, 446.96, 95.69, 459.27, 82.18, 453.12, 68.66, 453.12, 95.69, 453.12, 27.03, 12.31
3.90, 14, black car, 906.82, 532.03, 937.34, 544.99, 922.08, 538.51, 906.82, 538.51, 937.34, 538.51, 30.52, 12.96
3.93, 30, white car, 593.49, 506.94, 621.82, 519.72, 607.66, 513.33, 593.49, 513.33, 621.82, 513.33, 28.33, 12.77
3.93, 18, white car, 258.59, 468.34, 286.85, 481.50, 272.72, 474.92, 258.59, 474.92, 286.85, 474.92, 28.26, 13.16
3.93, 20, black car, 66.39, 446.75, 94.03, 459.32, 80.21, 453.04, 66.39, 453.04, 94.03, 453.04, 27.64, 12.57
3.93, 14, black car, 904.19, 531.99, 934.57, 544.87, 919.38, 538.43, 904.19, 538.43, 934.57, 538.43, 30.37, 12.88
3.97, 30, white car, 591.03, 506.87, 619.06, 519.52, 605.04, 513.19, 591.03, 513.19, 619.06, 513.19, 28.03, 12.64
3.97, 18, white car, 257.10, 468.10, 285.41, 481.30, 271.25, 474.70, 257.10, 474.70, 285.41, 474.70, 28.32, 13.21
3.97, 20, black car, 64.02, 446.35, 92.50, 459.29, 78.26, 452.82, 64.02, 452.82, 92.50, 452.82, 28.48, 12.93
3.97, 14, black car, 901.85, 531.91, 932.44, 544.93, 917.15, 538.42, 901.85, 538.42, 932.44, 538.42, 30.60, 13.03
3.97, 44, black car, 150.64, 456.04, 177.79, 468.03, 164.22, 462.04, 150.64, 462.04, 177.79, 462.04, 27.15, 11.99
4.00, 30, white car, 588.53, 506.69, 616.75, 519.41, 602.64, 513.05, 588.53, 513.05, 616.75, 513.05, 28.21, 12.72
4.00, 18, white car, 255.71, 467.92, 284.07, 481.15, 269.89, 474.54, 255.71, 474.54, 284.07, 474.54, 28.36, 13.22
4.00, 20, black car, 61.33, 446.09, 90.46, 459.31, 75.90, 452.70, 61.33, 452.70, 90.46, 452.70, 29.13, 13.23
4.00, 14, black car, 898.97, 531.99, 928.90, 544.68, 913.94, 538.33, 898.97, 538.33, 928.90, 538.33, 29.94, 12.70
4.00, 44, black car, 149.18, 455.90, 176.98, 468.18, 163.08, 462.04, 149.18, 462.04, 176.98, 462.04, 27.80, 12.28
4.03, 30, white car, 585.95, 506.42, 614.58, 519.33, 600.27, 512.87, 585.95, 512.87, 614.58, 512.87, 28.63, 12.91
4.03, 18, white car, 254.47, 467.81, 282.73, 480.94, 268.60, 474.38, 254.47, 474.38, 282.73, 474.38, 28.26, 13.13
4.03, 20, black car, 58.70, 445.92, 88.17, 459.29, 73.43, 452.61, 58.70, 452.61, 88.17, 452.61, 29.48, 13.36
4.03, 14, black car, 896.05, 532.02, 925.44, 544.45, 910.74, 538.23, 896.05, 538.23, 925.44, 538.23, 29.39, 12.43
4.03, 44, black car, 147.50, 455.79, 175.24, 468.06, 161.37, 461.93, 147.50, 461.93, 175.24, 461.93, 27.74, 12.26
4.07, 30, white car, 583.21, 506.06, 612.59, 519.34, 597.90, 512.70, 583.21, 512.70, 612.59, 512.70, 29.38, 13.28
4.07, 18, white car, 253.16, 467.57, 281.38, 480.64, 267.27, 474.11, 253.16, 474.11, 281.38, 474.11, 28.22, 13.06
4.07, 20, black car, 56.86, 445.86, 86.57, 459.30, 71.72, 452.58, 56.86, 452.58, 86.57, 452.58, 29.71, 13.44
4.07, 14, black car, 892.86, 531.84, 922.32, 544.28, 907.59, 538.06, 892.86, 538.06, 922.32, 538.06, 29.46, 12.44
4.10, 18, white car, 251.54, 467.12, 279.85, 480.23, 265.70, 473.67, 251.54, 473.67, 279.85, 473.67, 28.31, 13.11
4.10, 20, black car, 55.86, 445.62, 85.48, 459.00, 70.67, 452.31, 55.86, 452.31, 85.48, 452.31, 29.62, 13.39
4.10, 14, black car, 889.40, 531.67, 919.58, 544.42, 904.49, 538.04, 889.40, 538.04, 919.58, 538.04, 30.18, 12.76
4.13, 18, white car, 249.94, 467.05, 278.24, 480.15, 264.09, 473.60, 249.94, 473.60, 278.24, 473.60, 28.30, 13.10
4.13, 20, black car, 55.06, 445.54, 84.09, 458.62, 69.57, 452.08, 55.06, 452.08, 84.09, 452.08, 29.03, 13.08
4.13, 14, black car, 886.32, 531.53, 916.89, 544.48, 901.61, 538.01, 886.32, 538.01, 916.89, 538.01, 30.57, 12.95
4.17, 18, white car, 248.58, 467.13, 276.59, 480.08, 262.58, 473.60, 248.58, 473.60, 276.59, 473.60, 28.01, 12.95
4.17, 20, black car, 53.38, 445.27, 81.83, 458.06, 67.61, 451.67, 53.38, 451.67, 81.83, 451.67, 28.45, 12.79
4.17, 14, black car, 883.29, 531.32, 913.86, 544.29, 898.58, 537.80, 883.29, 537.80, 913.86, 537.80, 30.57, 12.97
4.20, 18, white car, 247.40, 467.11, 275.32, 480.01, 261.36, 473.56, 247.40, 473.56, 275.32, 473.56, 27.92, 12.90
4.20, 20, black car, 51.41, 444.82, 79.58, 457.51, 65.49, 451.17, 51.41, 451.17, 79.58, 451.17, 28.17, 12.69
4.20, 14, black car, 880.18, 530.88, 911.26, 544.09, 895.72, 537.48, 880.18, 537.48, 911.26, 537.48, 31.08, 13.21
4.20, 44, black car, 137.57, 455.08, 164.43, 466.96, 151.00, 461.02, 137.57, 461.02, 164.43, 461.02, 26.86, 11.88
4.23, 18, white car, 245.88, 466.95, 273.81, 479.84, 259.84, 473.40, 245.88, 473.40, 273.81, 473.40, 27.92, 12.88
4.23, 20, black car, 49.14, 444.46, 77.36, 457.22, 63.25, 450.84, 49.14, 450.84, 77.36, 450.84, 28.22, 12.75
4.23, 14, black car, 877.39, 530.64, 907.84, 543.60, 892.61, 537.12, 877.39, 537.12, 907.84, 537.12, 30.45, 12.95
4.23, 44, black car, 136.48, 454.78, 164.02, 466.92, 150.25, 460.85, 136.48, 460.85, 164.02, 460.85, 27.54, 12.14
4.27, 18, white car, 244.31, 466.66, 272.53, 479.68, 258.42, 473.17, 244.31, 473.17, 272.53, 473.17, 28.22, 13.02
4.27, 20, black car, 46.50, 444.20, 75.09, 457.10, 60.79, 450.65, 46.50, 450.65, 75.09, 450.65, 28.59, 12.90
4.27, 14, black car, 874.74, 530.53, 905.07, 543.44, 889.91, 536.99, 874.74, 536.99, 905.07, 536.99, 30.34, 12.91
4.27, 30, white car, 568.51, 504.04, 598.38, 517.58, 583.44, 510.81, 568.51, 510.81, 598.38, 510.81, 29.88, 13.54
4.30, 18, white car, 243.01, 466.53, 271.04, 479.43, 257.02, 472.98, 243.01, 472.98, 271.04, 472.98, 28.04, 12.90
4.30, 20, black car, 44.63, 443.91, 73.46, 456.87, 59.04, 450.39, 44.63, 450.39, 73.46, 450.39, 28.83, 12.96
4.30, 14, black car, 871.67, 530.38, 901.90, 543.23, 886.78, 536.80, 871.67, 536.80, 901.90, 536.80, 30.23, 12.85
4.30, 30, white car, 566.28, 503.80, 595.90, 517.26, 581.09, 510.53, 566.28, 510.53, 595.90, 510.53, 29.61, 13.46
4.33, 18, white car, 241.46, 466.32, 269.84, 479.34, 255.65, 472.83, 241.46, 472.83, 269.84, 472.83, 28.38, 13.02
4.33, 20, black car, 43.15, 443.72, 72.19, 456.74, 57.67, 450.23, 43.15, 450.23, 72.19, 450.23, 29.04, 13.03
4.33, 14, black car, 868.91, 530.24, 898.91, 543.02, 883.91, 536.63, 868.91, 536.63, 898.91, 536.63, 30.01, 12.78
4.33, 30, white car, 564.08, 503.49, 593.22, 516.76, 578.65, 510.12, 564.08, 510.12, 593.22, 510.12, 29.14, 13.28
4.37, 18, white car, 239.90, 466.16, 268.49, 479.28, 254.19, 472.72, 239.90, 472.72, 268.49, 472.72, 28.60, 13.12
4.37, 20, black car, 41.60, 443.61, 70.75, 456.68, 56.18, 450.14, 41.60, 450.14, 70.75, 450.14, 29.15, 13.07
4.37, 14, black car, 866.08, 529.86, 896.71, 542.92, 881.39, 536.39, 866.08, 536.39, 896.71, 536.39, 30.63, 13.06
4.37, 30, white car, 561.89, 503.45, 590.21, 516.33, 576.05, 509.89, 561.89, 509.89, 590.21, 509.89, 28.32, 12.89
4.40, 18, white car, 238.32, 465.91, 266.97, 479.05, 252.64, 472.48, 238.32, 472.48, 266.97, 472.48, 28.65, 13.14
4.40, 20, black car, 39.63, 443.36, 68.47, 456.33, 54.05, 449.84, 39.63, 449.84, 68.47, 449.84, 28.85, 12.97
4.40, 14, black car, 863.16, 529.52, 893.80, 542.57, 878.48, 536.05, 863.16, 536.05, 893.80, 536.05, 30.64, 13.05
4.40, 30, white car, 559.58, 503.30, 587.86, 516.17, 573.72, 509.74, 559.58, 509.74, 587.86, 509.74, 28.28, 12.87
4.40, 44, white car, 127.00, 453.33, 153.64, 465.19, 140.32, 459.26, 127.00, 459.26, 153.64, 459.26, 26.64, 11.86
4.43, 18, white car, 236.92, 465.65, 265.73, 478.89, 251.33, 472.27, 236.92, 472.27, 265.73, 472.27, 28.81, 13.23
4.43, 20, black car, 37.64, 442.81, 67.27, 456.19, 52.45, 449.50, 37.64, 449.50, 67.27, 449.50, 29.63, 13.37
4.43, 14, black car, 860.17, 529.12, 890.65, 542.11, 875.41, 535.62, 860.17, 535.62, 890.65, 535.62, 30.48, 13.00
4.43, 30, white car, 557.38, 503.22, 585.64, 516.09, 571.51, 509.66, 557.38, 509.66, 585.64, 509.66, 28.27, 12.88
4.47, 18, white car, 235.44, 465.36, 264.38, 478.66, 249.91, 472.01, 235.44, 472.01, 264.38, 472.01, 28.94, 13.30
4.47, 20, black car, 36.41, 442.53, 66.10, 455.98, 51.26, 449.25, 36.41, 449.25, 66.10, 449.25, 29.69, 13.45
4.47, 14, black car, 857.33, 528.92, 888.03, 542.01, 872.68, 535.46, 857.33, 535.46, 888.03, 535.46, 30.71, 13.09
4.47, 30, white car, 554.43, 502.75, 583.31, 515.89, 568.87, 509.32, 554.43, 509.32, 583.31, 509.32, 28.88, 13.14
4.50, 18, white car, 233.70, 465.23, 262.78, 478.62, 248.24, 471.92, 233.70, 471.92, 262.78, 471.92, 29.08, 13.39
4.50, 20, black car, 34.63, 442.08, 64.20, 455.54, 49.41, 448.81, 34.63, 448.81, 64.20, 448.81, 29.58, 13.46
4.50, 14, black car, 854.88, 529.11, 884.89, 541.90, 869.88, 535.50, 854.88, 535.50, 884.89, 535.50, 30.00, 12.79
4.50, 30, white car, 551.96, 502.44, 581.26, 515.79, 566.61, 509.11, 551.96, 509.11, 581.26, 509.11, 29.29, 13.35
4.53, 18, white car, 232.17, 465.15, 261.26, 478.63, 246.71, 471.89, 232.17, 471.89, 261.26, 471.89, 29.09, 13.47
4.53, 20, black car, 32.67, 441.82, 61.99, 455.16, 47.33, 448.49, 32.67, 448.49, 61.99, 448.49, 29.32, 13.34
4.53, 14, black car, 851.44, 529.07, 881.40, 541.83, 866.42, 535.45, 851.44, 535.45, 881.40, 535.45, 29.96, 12.76
4.53, 30, white car, 549.79, 502.16, 579.05, 515.50, 564.42, 508.83, 549.79, 508.83, 579.05, 508.83, 29.26, 13.34
4.57, 18, white car, 230.70, 465.04, 259.60, 478.47, 245.15, 471.75, 230.70, 471.75, 259.60, 471.75, 28.90, 13.43
4.57, 20, black car, 30.48, 441.39, 60.33, 454.96, 45.41, 448.17, 30.48, 448.17, 60.33, 448.17, 29.85, 13.57
4.57, 14, black car, 848.42, 528.94, 878.68, 541.82, 863.55, 535.38, 848.42, 535.38, 878.68, 535.38, 30.26, 12.88
4.57, 30, white car, 547.77, 501.97, 576.58, 515.09, 562.17, 508.53, 547.77, 508.53, 576.58, 508.53, 28.80, 13.13
4.60, 18, white car, 229.47, 464.87, 258.14, 478.22, 243.80, 471.55, 229.47, 471.55, 258.14, 471.55, 28.67, 13.36
4.60, 20, black car, 28.68, 441.09, 58.78, 454.77, 43.73, 447.93, 28.68, 447.93, 58.78, 447.93, 30.10, 13.68
4.60, 14, black car, 845.51, 528.88, 876.19, 541.93, 860.85, 535.41, 845.51, 535.41, 876.19, 535.41, 30.69, 13.05
4.60, 30, white car, 545.31, 501.77, 574.09, 514.86, 559.70, 508.31, 545.31, 508.31, 574.09, 508.31, 28.78, 13.09
4.63, 18, white car, 227.95, 464.62, 256.77, 478.06, 242.36, 471.34, 227.95, 471.34, 256.77, 471.34, 28.81, 13.43
4.63, 20, black car, 27.27, 441.09, 56.71, 454.46, 41.99, 447.77, 27.27, 447.77, 56.71, 447.77, 29.44, 13.37
4.63, 14, black car, 842.59, 528.87, 872.99, 541.79, 857.79, 535.33, 842.59, 535.33, 872.99, 535.33, 30.40, 12.91
4.63, 30, white car, 542.71, 501.51, 571.63, 514.65, 557.17, 508.08, 542.71, 508.08, 571.63, 508.08, 28.91, 13.14
4.67, 18, white car, 226.44, 464.32, 255.33, 477.78, 240.89, 471.05, 226.44, 471.05, 255.33, 471.05, 28.89, 13.46
4.67, 20, black car, 25.54, 440.96, 54.54, 454.13, 40.04, 447.54, 25.54, 447.54, 54.54, 447.54, 29.00, 13.17
4.67, 14, black car, 840.17, 528.81, 870.04, 541.52, 855.11, 535.16, 840.17, 535.16, 870.04, 535.16, 29.87, 12.71
4.67, 30, white car, 540.21, 501.08, 569.34, 514.28, 554.77, 507.68, 540.21, 507.68, 569.34, 507.68, 29.13, 13.20
4.70, 18, white car, 224.98, 464.19, 253.70, 477.58, 239.34, 470.88, 224.98, 470.88, 253.70, 470.88, 28.73, 13.39
4.70, 20, black car, 24.16, 441.01, 52.20, 453.82, 38.18, 447.42, 24.16, 447.42, 52.20, 447.42, 28.04, 12.81
4.70, 14, black car, 836.85, 528.39, 867.46, 541.39, 852.16, 534.89, 836.85, 534.89, 867.46, 534.89, 30.61, 13.00
4.70, 30, white car, 537.86, 500.86, 567.04, 514.06, 552.45, 507.46, 537.86, 507.46, 567.04, 507.46, 29.18, 13.20
4.73, 18, white car, 223.43, 464.14, 251.84, 477.36, 237.63, 470.75, 223.43, 470.75, 251.84, 470.75, 28.41, 13.22
4.73, 20, black car, 21.91, 440.74, 50.07, 453.63, 35.99, 447.19, 21.91, 447.19, 50.07, 447.19, 28.16, 12.88
4.73, 14, black car, 833.91, 528.40, 863.87, 541.12, 848.89, 534.76, 833.91, 534.76, 863.87, 534.76, 29.96, 12.72
4.73, 30, white car, 535.48, 500.71, 564.52, 513.85, 550.00, 507.28, 535.48, 507.28, 564.52, 507.28, 29.04, 13.14
4.77, 18, white car, 222.11, 464.09, 250.28, 477.15, 236.19, 470.62, 222.11, 470.62, 250.28, 470.62, 28.17, 13.06
4.77, 20, black car, 20.33, 440.65, 48.36, 453.48, 34.34, 447.06, 20.33, 447.06, 48.36, 447.06, 28.03, 12.84
4.77, 14, black car, 831.43, 528.36, 860.62, 540.71, 846.02, 534.54, 831.43, 534.54, 860.62, 534.54, 29.19, 12.35
4.77, 30, white car, 533.04, 500.32, 562.32, 513.59, 547.68, 506.95, 533.04, 506.95, 562.32, 506.95, 29.29, 13.28
4.80, 18, white car, 220.67, 464.02, 248.86, 477.08, 234.76, 470.55, 220.67, 470.55, 248.86, 470.55, 28.19, 13.05
4.80, 20, black car, 17.69, 440.33, 46.20, 453.37, 31.95, 446.85, 17.69, 446.85, 46.20, 446.85, 28.51, 13.04
4.80, 14, black car, 827.81, 528.01, 857.79, 540.70, 842.80, 534.36, 827.81, 534.36, 857.79, 534.36, 29.98, 12.68
4.80, 30, white car, 530.67, 500.00, 560.02, 513.32, 545.35, 506.66, 530.67, 506.66, 560.02, 506.66, 29.35, 13.31
4.83, 18, white car, 219.10, 463.80, 247.58, 477.01, 233.34, 470.40, 219.10, 470.40, 247.58, 470.40, 28.48, 13.20
4.83, 20, black car, 16.79, 440.33, 45.10, 453.30, 30.94, 446.81, 16.79, 446.81, 45.10, 446.81, 28.30, 12.97
4.83, 14, black car, 824.65, 527.43, 855.13, 540.37, 839.89, 533.90, 824.65, 533.90, 855.13, 533.90, 30.48, 12.94
4.83, 30, white car, 528.15, 499.53, 557.72, 512.97, 542.94, 506.25, 528.15, 506.25, 557.72, 506.25, 29.57, 13.44
4.87, 18, white car, 217.16, 463.57, 245.86, 476.92, 231.51, 470.25, 217.16, 470.25, 245.86, 470.25, 28.70, 13.35
4.87, 20, black car, 14.90, 439.81, 43.20, 452.87, 29.05, 446.34, 14.90, 446.34, 43.20, 446.34, 28.30, 13.05
4.87, 14, black car, 821.67, 527.26, 852.68, 540.46, 837.17, 533.86, 821.67, 533.86, 852.68, 533.86, 31.01, 13.20
4.87, 30, white car, 525.90, 499.20, 555.14, 512.50, 540.52, 505.85, 525.90, 505.85, 555.14, 505.85, 29.24, 13.30
4.90, 18, white car, 215.55, 463.32, 244.29, 476.72, 229.92, 470.02, 215.55, 470.02, 244.29, 470.02, 28.74, 13.40
4.90, 20, black car, 12.24, 439.47, 40.65, 452.65, 26.45, 446.06, 12.24, 446.06, 40.65, 446.06, 28.40, 13.18
4.90, 14, black car, 818.77, 527.09, 849.78, 540.31, 834.27, 533.70, 818.77, 533.70, 849.78, 533.70, 31.01, 13.23
4.90, 30, white car, 523.73, 498.86, 552.96, 512.14, 538.35, 505.50, 523.73, 505.50, 552.96, 505.50, 29.23, 13.28
4.93, 18, white car, 213.81, 463.22, 242.65, 476.71, 228.23, 469.97, 213.81, 469.97, 242.65, 469.97, 28.84, 13.48
4.93, 20, black car, 9.12, 439.16, 38.17, 452.69, 23.65, 445.93, 9.12, 445.93, 38.17, 445.93, 29.05, 13.53
4.93, 14, black car, 816.06, 526.89, 846.40, 539.86, 831.23, 533.37, 816.06, 533.37, 846.40, 533.37, 30.34, 12.96
4.93, 30, white car, 521.56, 498.70, 550.63, 511.94, 536.09, 505.32, 521.56, 505.32, 550.63, 505.32, 29.07, 13.24
4.97, 18, white car, 212.36, 463.03, 241.35, 476.59, 226.85, 469.81, 212.36, 469.81, 241.35, 469.81, 28.99, 13.56
4.97, 20, black car, 7.50, 438.94, 36.84, 452.62, 22.17, 445.78, 7.50, 445.78, 36.84, 445.78, 29.34, 13.68
4.97, 14, black car, 813.38, 526.54, 843.77, 539.54, 828.58, 533.04, 813.38, 533.04, 843.77, 533.04, 30.40, 13.01
4.97, 30, white car, 519.20, 498.47, 548.36, 511.77, 533.78, 505.12, 519.20, 505.12, 548.36, 505.12, 29.16, 13.31
