0.00, 18, white car, 774.99, 538.92, 805.56, 552.51, 790.28, 545.71, 774.99, 545.71, 805.56, 545.71, 30.57, 13.60
0.00, 30, black car, 479.56, 509.50, 507.41, 522.18, 493.49, 515.84, 479.56, 515.84, 507.41, 515.84, 27.85, 12.68
0.00, 43, white car, 1092.16, 551.37, 1122.15, 565.12, 1107.16, 558.25, 1092.16, 558.25, 1122.15, 558.25, 29.99, 13.75
0.00, 44, black car, 299.99, 488.69, 326.87, 501.75, 313.43, 495.22, 299.99, 495.22, 326.87, 495.22, 26.88, 13.06
0.03, 18, white car, 772.54, 538.52, 803.19, 552.15, 787.86, 545.33, 772.54, 545.33, 803.19, 545.33, 30.65, 13.63
0.03, 30, black car, 476.58, 509.32, 504.90, 522.22, 490.74, 515.77, 476.58, 515.77, 504.90, 515.77, 28.32, 12.90
0.03, 43, white car, 1090.07, 551.28, 1120.13, 565.06, 1105.10, 558.17, 1090.07, 558.17, 1120.13, 558.17, 30.05, 13.78
0.03, 44, black car, 298.32, 488.43, 324.81, 501.29, 311.56, 494.86, 298.32, 494.86, 324.81, 494.86, 26.49, 12.86
0.07, 18, white car, 770.02, 538.54, 800.93, 552.30, 785.48, 545.42, 770.02, 545.42, 800.93, 545.42, 30.91, 13.76
0.07, 43, white car, 1087.53, 551.15, 1117.80, 565.02, 1102.67, 558.09, 1087.53, 558.09, 1117.80, 558.09, 30.27, 13.87
0.07, 44, black car, 296.86, 488.12, 323.70, 501.15, 310.28, 494.64, 296.86, 494.64, 323.70, 494.64, 26.84, 13.03
0.10, 18, white car, 766.79, 538.36, 798.14, 552.34, 782.46, 545.35, 766.79, 545.35, 798.14, 545.35, 31.35, 13.97
0.10, 43, white car, 1085.11, 551.18, 1115.00, 564.86, 1100.05, 558.02, 1085.11, 558.02, 1115.00, 558.02, 29.90, 13.68
0.10, 44, black car, 294.40, 487.73, 321.88, 501.07, 308.14, 494.40, 294.40, 494.40, 321.88, 494.40, 27.47, 13.34
0.13, 18, white car, 764.59, 538.11, 795.57, 551.93, 780.08, 545.02, 764.59, 545.02, 795.57, 545.02, 30.98, 13.82
0.13, 43, white car, 1081.89, 551.17, 1112.12, 564.98, 1097.00, 558.08, 1081.89, 558.08, 1112.12, 558.08, 30.23, 13.81
0.13, 44, black car, 292.40, 487.08, 321.05, 501.00, 306.73, 494.04, 292.40, 494.04, 321.05, 494.04, 28.65, 13.92
0.17, 18, white car, 762.15, 537.95, 792.56, 551.53, 777.35, 544.74, 762.15, 544.74, 792.56, 544.74, 30.41, 13.58
0.17, 43, white car, 1079.43, 551.32, 1109.08, 564.83, 1094.25, 558.07, 1079.43, 558.07, 1109.08, 558.07, 29.65, 13.51
0.17, 44, black car, 290.36, 487.36, 317.97, 500.76, 304.16, 494.06, 290.36, 494.06, 317.97, 494.06, 27.61, 13.40
0.20, 18, white car, 759.77, 537.74, 789.75, 551.12, 774.76, 544.43, 759.77, 544.43, 789.75, 544.43, 29.97, 13.38
0.20, 44, black car, 287.36, 487.52, 314.60, 500.74, 300.98, 494.13, 287.36, 494.13, 314.60, 494.13, 27.24, 13.22
0.20, 30, black car, 464.22, 507.73, 492.82, 520.75, 478.52, 514.24, 464.22, 514.24, 492.82, 514.24, 28.60, 13.02
0.23, 18, white car, 757.06, 537.42, 786.87, 550.72, 771.96, 544.07, 757.06, 544.07, 786.87, 544.07, 29.81, 13.30
0.23, 44, black car, 284.69, 486.99, 312.03, 500.27, 298.36, 493.63, 284.69, 493.63, 312.03, 493.63, 27.35, 13.28
0.23, 30, black car, 461.74, 507.16, 490.96, 520.47, 476.35, 513.81, 461.74, 513.81, 490.96, 513.81, 29.23, 13.32
0.23, 43, white car, 1074.10, 550.98, 1103.59, 564.37, 1088.85, 557.67, 1074.10, 557.67, 1103.59, 557.67, 29.49, 13.38
0.27, 18, white car, 754.14, 537.25, 784.33, 550.73, 769.23, 543.99, 754.14, 543.99, 784.33, 543.99, 30.19, 13.48
0.27, 44, black car, 282.09, 486.86, 308.94, 499.93, 295.52, 493.40, 282.09, 493.40, 308.94, 493.40, 26.85, 13.07
0.27, 30, black car, 459.27, 506.97, 488.26, 520.22, 473.76, 513.59, 459.27, 513.59, 488.26, 513.59, 28.99, 13.25
0.27, 43, white car, 1071.73, 550.93, 1100.80, 564.09, 1086.26, 557.51, 1071.73, 557.51, 1100.80, 557.51, 29.07, 13.16
0.30, 18, white car, 751.18, 536.79, 781.97, 550.57, 766.58, 543.68, 751.18, 543.68, 781.97, 543.68, 30.79, 13.77
0.30, 44, black car, 279.72, 486.61, 306.80, 499.84, 293.26, 493.22, 279.72, 493.22, 306.80, 493.22, 27.08, 13.23
0.30, 30, black car, 456.27, 506.84, 485.37, 520.16, 470.82, 513.50, 456.27, 513.50, 485.37, 513.50, 29.10, 13.32
0.30, 43, white car, 1068.50, 550.42, 1098.33, 563.90, 1083.42, 557.16, 1068.50, 557.16, 1098.33, 557.16, 29.83, 13.47
0.33, 18, white car, 748.41, 536.36, 779.92, 550.49, 764.16, 543.42, 748.41, 543.42, 779.92, 543.42, 31.51, 14.13
0.33, 44, black car, 277.82, 486.36, 305.23, 499.81, 291.53, 493.08, 277.82, 493.08, 305.23, 493.08, 27.41, 13.45
0.33, 43, white car, 1065.94, 550.09, 1096.01, 563.64, 1080.97, 556.87, 1065.94, 556.87, 1096.01, 556.87, 30.06, 13.54
0.37, 44, black car, 275.59, 485.82, 303.42, 499.49, 289.50, 492.66, 275.59, 492.66, 303.42, 492.66, 27.84, 13.67
0.37, 43, white car, 1063.34, 549.93, 1093.57, 563.54, 1078.45, 556.74, 1063.34, 556.74, 1093.57, 556.74, 30.23, 13.61
0.40, 44, black car, 273.19, 485.54, 300.96, 499.15, 287.07, 492.34, 273.19, 492.34, 300.96, 492.34, 27.77, 13.60
0.40, 43, white car, 1060.82, 549.87, 1090.62, 563.26, 1075.72, 556.56, 1060.82, 556.56, 1090.62, 556.56, 29.79, 13.39
0.40, 18, white car, 743.37, 535.85, 774.58, 549.85, 758.98, 542.85, 743.37, 542.85, 774.58, 542.85, 31.21, 14.00
0.43, 44, black car, 271.43, 485.38, 298.44, 498.58, 284.94, 491.98, 271.43, 491.98, 298.44, 491.98, 27.01, 13.20
0.43, 43, white car, 1058.28, 549.64, 1087.88, 562.90, 1073.08, 556.27, 1058.28, 556.27, 1087.88, 556.27, 29.60, 13.26
0.43, 18, white car, 741.06, 535.97, 771.64, 549.73, 756.35, 542.85, 741.06, 542.85, 771.64, 542.85, 30.58, 13.77
0.47, 44, black car, 268.66, 484.95, 296.07, 498.33, 282.37, 491.64, 268.66, 491.64, 296.07, 491.64, 27.41, 13.38
0.47, 43, white car, 1055.97, 549.62, 1085.24, 562.66, 1070.61, 556.14, 1055.97, 556.14, 1085.24, 556.14, 29.27, 13.04
0.47, 18, white car, 738.20, 535.79, 768.75, 549.59, 753.47, 542.69, 738.20, 542.69, 768.75, 542.69, 30.56, 13.80
0.50, 44, black car, 266.21, 484.46, 293.91, 497.96, 280.06, 491.21, 266.21, 491.21, 293.91, 491.21, 27.71, 13.50
0.50, 43, white car, 1053.51, 549.58, 1082.75, 562.54, 1068.13, 556.06, 1053.51, 556.06, 1082.75, 556.06, 29.25, 12.96
0.50, 18, white car, 736.06, 535.65, 766.25, 549.29, 751.15, 542.47, 736.06, 542.47, 766.25, 542.47, 30.19, 13.64
0.53, 44, black car, 263.96, 484.13, 291.39, 497.51, 277.67, 490.82, 263.96, 490.82, 291.39, 490.82, 27.43, 13.38
0.53, 43, white car, 1050.38, 549.49, 1079.96, 562.57, 1065.17, 556.03, 1050.38, 556.03, 1079.96, 556.03, 29.58, 13.08
0.57, 44, black car, 262.54, 484.05, 289.47, 497.15, 276.00, 490.60, 262.54, 490.60, 289.47, 490.60, 26.92, 13.10
0.57, 43, white car, 1048.44, 549.79, 1077.31, 562.48, 1062.87, 556.14, 1048.44, 556.14, 1077.31, 556.14, 28.87, 12.69
0.57, 18, white car, 731.38, 535.45, 760.69, 548.62, 746.03, 542.04, 731.38, 542.04, 760.69, 542.04, 29.31, 13.17
0.60, 44, black car, 260.51, 483.93, 287.45, 496.96, 273.98, 490.45, 260.51, 490.45, 287.45, 490.45, 26.93, 13.03
0.60, 43, white car, 1045.53, 549.87, 1074.26, 562.42, 1059.89, 556.14, 1045.53, 556.14, 1074.26, 556.14, 28.72, 12.55
0.60, 18, white car, 728.95, 535.27, 758.06, 548.32, 743.50, 541.80, 728.95, 541.80, 758.06, 541.80, 29.11, 13.05
0.63, 44, black car, 258.14, 483.84, 285.29, 496.87, 271.71, 490.36, 258.14, 490.36, 285.29, 490.36, 27.15, 13.04
0.63, 43, white car, 1042.57, 549.79, 1071.33, 562.31, 1056.95, 556.05, 1042.57, 556.05, 1071.33, 556.05, 28.77, 12.53
0.63, 18, white car, 725.71, 534.93, 755.49, 548.29, 740.60, 541.61, 725.71, 541.61, 755.49, 541.61, 29.78, 13.36
0.67, 44, black car, 255.53, 483.47, 282.99, 496.58, 269.26, 490.02, 255.53, 490.02, 282.99, 490.02, 27.46, 13.11
0.67, 43, white car, 1039.63, 549.64, 1068.65, 562.25, 1054.14, 555.94, 1039.63, 555.94, 1068.65, 555.94, 29.02, 12.60
0.67, 18, white car, 722.72, 534.58, 753.04, 548.22, 737.88, 541.40, 722.72, 541.40, 753.04, 541.40, 30.32, 13.64
0.70, 44, black car, 253.34, 483.21, 280.99, 496.38, 267.17, 489.79, 253.34, 489.79, 280.99, 489.79, 27.65, 13.17
0.70, 43, white car, 1036.98, 549.57, 1066.12, 562.21, 1051.55, 555.89, 1036.98, 555.89, 1066.12, 555.89, 29.14, 12.64
0.70, 18, white car, 720.17, 534.44, 750.62, 548.15, 735.39, 541.29, 720.17, 541.29, 750.62, 541.29, 30.45, 13.71
0.73, 44, black car, 251.07, 482.81, 278.66, 495.92, 264.87, 489.37, 251.07, 489.37, 278.66, 489.37, 27.58, 13.11
0.73, 43, white car, 1034.75, 549.75, 1063.61, 562.24, 1049.18, 555.99, 1034.75, 555.99, 1063.61, 555.99, 28.87, 12.49
0.73, 18, white car, 717.63, 534.31, 747.72, 547.88, 732.68, 541.09, 717.63, 541.09, 747.72, 541.09, 30.09, 13.57
0.77, 44, black car, 249.05, 482.40, 276.38, 495.36, 262.72, 488.88, 249.05, 488.88, 276.38, 488.88, 27.33, 12.96
0.77, 43, white car, 1032.30, 549.83, 1061.05, 562.22, 1046.68, 556.03, 1032.30, 556.03, 1061.05, 556.03, 28.75, 12.39
0.77, 18, white car, 715.09, 534.01, 745.83, 547.91, 730.46, 540.96, 715.09, 540.96, 745.83, 540.96, 30.74, 13.90
0.77, 30, black car, 421.04, 503.05, 449.59, 516.12, 435.32, 509.59, 421.04, 509.59, 449.59, 509.59, 28.55, 13.07
0.80, 44, black car, 247.52, 482.13, 274.88, 495.08, 261.20, 488.60, 247.52, 488.60, 274.88, 488.60, 27.35, 12.95
0.80, 43, white car, 1029.34, 549.11, 1058.04, 561.43, 1043.69, 555.27, 1029.34, 555.27, 1058.04, 555.27, 28.71, 12.32
0.80, 18, white car, 712.45, 533.85, 742.93, 547.73, 727.69, 540.79, 712.45, 540.79, 742.93, 540.79, 30.48, 13.88
0.83, 44, black car, 245.41, 482.15, 272.73, 495.01, 259.07, 488.58, 245.41, 488.58, 272.73, 488.58, 27.32, 12.86
0.83, 43, white car, 1026.12, 548.62, 1056.20, 561.51, 1041.16, 555.06, 1026.12, 555.06, 1056.20, 555.06, 30.09, 12.89
0.87, 44, black car, 242.42, 481.82, 270.34, 494.92, 256.38, 488.37, 242.42, 488.37, 270.34, 488.37, 27.92, 13.10
0.87, 43, white car, 1023.38, 548.42, 1054.34, 561.72, 1038.86, 555.07, 1023.38, 555.07, 1054.34, 555.07, 30.96, 13.30
0.87, 30, black car, 412.93, 501.80, 441.98, 515.24, 427.45, 508.52, 412.93, 508.52, 441.98, 508.52, 29.04, 13.43
0.90, 44, black car, 239.92, 481.46, 268.24, 494.71, 254.08, 488.09, 239.92, 488.09, 268.24, 488.09, 28.32, 13.24
0.90, 43, white car, 1021.10, 548.31, 1051.91, 561.58, 1036.50, 554.94, 1021.10, 554.94, 1051.91, 554.94, 30.81, 13.28
0.93, 44, black car, 237.94, 481.11, 266.02, 494.25, 251.98, 487.68, 237.94, 487.68, 266.02, 487.68, 28.07, 13.14
0.93, 43, white car, 1018.62, 548.49, 1048.95, 561.57, 1033.79, 555.03, 1018.62, 555.03, 1048.95, 555.03, 30.33, 13.08
0.97, 44, black car, 235.44, 480.65, 263.83, 493.97, 249.64, 487.31, 235.44, 487.31, 263.83, 487.31, 28.39, 13.32
0.97, 43, white car, 1015.88, 548.60, 1045.59, 561.41, 1030.73, 555.01, 1015.88, 555.01, 1045.59, 555.01, 29.71, 12.81
0.97, 18, white car, 699.63, 532.40, 730.95, 546.70, 715.29, 539.55, 699.63, 539.55, 730.95, 539.55, 31.32, 14.30
1.00, 44, black car, 233.57, 480.44, 262.08, 493.84, 247.83, 487.14, 233.57, 487.14, 262.08, 487.14, 28.52, 13.40
1.00, 43, white car, 1013.01, 548.33, 1042.80, 561.18, 1027.90, 554.76, 1013.01, 554.76, 1042.80, 554.76, 29.79, 12.85
1.00, 18, white car, 697.11, 532.26, 728.71, 546.76, 712.91, 539.51, 697.11, 539.51, 728.71, 539.51, 31.59, 14.51
1.03, 44, black car, 231.74, 480.40, 260.14, 493.75, 245.94, 487.08, 231.74, 487.08, 260.14, 487.08, 28.40, 13.35
1.03, 43, white car, 1010.74, 548.37, 1040.49, 561.19, 1025.62, 554.78, 1010.74, 554.78, 1040.49, 554.78, 29.75, 12.83
1.03, 18, white car, 694.44, 532.03, 725.94, 546.52, 710.19, 539.28, 694.44, 539.28, 725.94, 539.28, 31.50, 14.49
1.07, 44, black car, 229.33, 480.31, 257.90, 493.71, 243.61, 487.01, 229.33, 487.01, 257.90, 487.01, 28.57, 13.40
1.07, 43, white car, 1007.97, 548.33, 1037.87, 561.24, 1022.92, 554.79, 1007.97, 554.79, 1037.87, 554.79, 29.90, 12.92
1.07, 18, white car, 691.66, 531.83, 723.35, 546.48, 707.50, 539.16, 691.66, 539.16, 723.35, 539.16, 31.70, 14.65
1.10, 44, black car, 226.93, 479.88, 256.12, 493.58, 241.52, 486.73, 226.93, 486.73, 256.12, 486.73, 29.19, 13.69
1.10, 43, white car, 1005.73, 548.32, 1035.41, 561.13, 1020.57, 554.72, 1005.73, 554.72, 1035.41, 554.72, 29.68, 12.81
1.10, 18, white car, 689.50, 531.59, 720.83, 546.09, 705.17, 538.84, 689.50, 538.84, 720.83, 538.84, 31.33, 14.50
1.13, 44, black car, 224.76, 479.80, 253.74, 493.39, 239.25, 486.60, 224.76, 486.60, 253.74, 486.60, 28.99, 13.60
1.13, 43, white car, 1003.20, 548.30, 1032.48, 560.93, 1017.84, 554.62, 1003.20, 554.62, 1032.48, 554.62, 29.28, 12.63
1.13, 18, white car, 687.40, 531.39, 718.11, 545.58, 702.76, 538.49, 687.40, 538.49, 718.11, 538.49, 30.72, 14.19
1.17, 44, black car, 222.82, 479.53, 251.82, 493.15, 237.32, 486.34, 222.82, 486.34, 251.82, 486.34, 29.00, 13.62
1.17, 43, white car, 1000.51, 547.89, 1029.84, 560.53, 1015.18, 554.21, 1000.51, 554.21, 1029.84, 554.21, 29.33, 12.64
1.17, 18, white car, 684.93, 531.19, 715.55, 545.39, 700.24, 538.29, 684.93, 538.29, 715.55, 538.29, 30.63, 14.19
1.20, 44, black car, 220.91, 479.13, 250.19, 492.90, 235.55, 486.01, 220.91, 486.01, 250.19, 486.01, 29.28, 13.77
1.20, 43, white car, 997.98, 547.70, 1027.71, 560.53, 1012.85, 554.11, 997.98, 554.11, 1027.71, 554.11, 29.73, 12.83
1.20, 18, white car, 682.16, 531.07, 712.72, 545.25, 697.44, 538.16, 682.16, 538.16, 712.72, 538.16, 30.57, 14.18
1.23, 44, black car, 219.63, 479.05, 248.43, 492.64, 234.03, 485.84, 219.63, 485.84, 248.43, 485.84, 28.80, 13.58
1.23, 43, white car, 995.59, 547.67, 1025.09, 560.43, 1010.34, 554.05, 995.59, 554.05, 1025.09, 554.05, 29.50, 12.76
1.23, 18, white car, 679.64, 530.82, 710.04, 544.93, 694.84, 537.87, 679.64, 537.87, 710.04, 537.87, 30.40, 14.11
1.23, 30, black car, 386.23, 498.72, 414.59, 511.86, 400.41, 505.29, 386.23, 505.29, 414.59, 505.29, 28.36, 13.13
1.27, 44, black car, 218.48, 478.90, 246.56, 492.15, 232.52, 485.52, 218.48, 485.52, 246.56, 485.52, 28.09, 13.25
1.27, 43, white car, 993.36, 547.67, 1022.22, 560.13, 1007.79, 553.90, 993.36, 553.90, 1022.22, 553.90, 28.86, 12.46
1.27, 18, white car, 677.04, 530.63, 707.19, 544.65, 692.11, 537.64, 677.04, 537.64, 707.19, 537.64, 30.14, 14.02
1.30, 44, black car, 216.27, 478.84, 244.07, 491.93, 230.17, 485.39, 216.27, 485.39, 244.07, 485.39, 27.79, 13.09
1.30, 43, white car, 990.59, 547.62, 1019.63, 560.13, 1005.11, 553.87, 990.59, 553.87, 1019.63, 553.87, 29.04, 12.51
1.30, 18, white car, 675.14, 530.55, 704.82, 544.33, 689.98, 537.44, 675.14, 537.44, 704.82, 537.44, 29.68, 13.79
1.33, 44, black car, 214.54, 478.76, 242.24, 491.78, 228.39, 485.27, 214.54, 485.27, 242.24, 485.27, 27.70, 13.02
1.33, 43, white car, 987.91, 547.66, 1016.87, 560.12, 1002.39, 553.89, 987.91, 553.89, 1016.87, 553.89, 28.96, 12.46
1.33, 18, white car, 672.51, 530.10, 701.97, 543.76, 687.24, 536.93, 672.51, 536.93, 701.97, 536.93, 29.46, 13.66
1.37, 44, black car, 212.39, 478.58, 239.99, 491.55, 226.19, 485.07, 212.39, 485.07, 239.99, 485.07, 27.60, 12.97
1.37, 43, white car, 985.09, 547.53, 1014.31, 560.12, 999.70, 553.83, 985.09, 553.83, 1014.31, 553.83, 29.22, 12.59
1.37, 18, white car, 669.40, 529.56, 699.53, 543.56, 684.46, 536.56, 669.40, 536.56, 699.53, 536.56, 30.13, 13.99
1.37, 30, red car, 377.23, 497.78, 404.94, 510.68, 391.09, 504.23, 377.23, 504.23, 404.94, 504.23, 27.71, 12.89
1.40, 43, white car, 982.39, 547.36, 1012.01, 560.13, 997.20, 553.75, 982.39, 553.75, 1012.01, 553.75, 29.62, 12.77
1.40, 18, white car, 666.79, 529.25, 697.27, 543.45, 682.03, 536.35, 666.79, 536.35, 697.27, 536.35, 30.48, 14.20
1.43, 43, white car, 979.81, 547.35, 1009.41, 560.14, 994.61, 553.75, 979.81, 553.75, 1009.41, 553.75, 29.59, 12.79
1.43, 18, white car, 664.13, 528.88, 695.04, 543.37, 679.59, 536.13, 664.13, 536.13, 695.04, 536.13, 30.91, 14.49
1.43, 44, black car, 207.49, 478.04, 235.96, 491.45, 221.73, 484.75, 207.49, 484.75, 235.96, 484.75, 28.47, 13.41
1.47, 43, white car, 977.52, 547.28, 1006.92, 559.97, 992.22, 553.62, 977.52, 553.62, 1006.92, 553.62, 29.40, 12.69
1.47, 18, white car, 661.80, 528.70, 692.60, 543.16, 677.20, 535.93, 661.80, 535.93, 692.60, 535.93, 30.80, 14.47
1.47, 44, black car, 205.36, 477.58, 234.47, 491.32, 219.92, 484.45, 205.36, 484.45, 234.47, 484.45, 29.11, 13.74
1.50, 43, white car, 974.97, 547.39, 1003.80, 559.83, 989.39, 553.61, 974.97, 553.61, 1003.80, 553.61, 28.83, 12.43
1.53, 43, white car, 972.17, 547.01, 1001.58, 559.70, 986.87, 553.35, 972.17, 553.35, 1001.58, 553.35, 29.41, 12.69
1.53, 18, white car, 657.25, 528.20, 687.48, 542.45, 672.36, 535.33, 657.25, 535.33, 687.48, 535.33, 30.23, 14.25
1.57, 43, white car, 969.70, 546.74, 999.71, 559.71, 984.71, 553.23, 969.70, 553.23, 999.71, 553.23, 30.01, 12.97
1.57, 18, white car, 654.62, 527.83, 684.76, 542.09, 669.69, 534.96, 654.62, 534.96, 684.76, 534.96, 30.14, 14.26
1.60, 43, white car, 967.27, 546.73, 997.60, 559.82, 982.44, 553.27, 967.27, 553.27, 997.60, 553.27, 30.33, 13.09
1.60, 18, white car, 652.24, 527.67, 682.01, 541.78, 667.12, 534.73, 652.24, 534.73, 682.01, 534.73, 29.77, 14.11
1.63, 43, white car, 965.11, 546.87, 994.61, 559.57, 979.86, 553.22, 965.11, 553.22, 994.61, 553.22, 29.49, 12.70
1.63, 18, white car, 650.07, 527.66, 679.17, 541.46, 664.62, 534.56, 650.07, 534.56, 679.17, 534.56, 29.10, 13.80
1.67, 43, white car, 962.20, 546.87, 991.44, 559.44, 976.82, 553.16, 962.20, 553.16, 991.44, 553.16, 29.24, 12.57
1.67, 18, white car, 647.60, 527.61, 676.35, 541.23, 661.98, 534.42, 647.60, 534.42, 676.35, 534.42, 28.75, 13.62
1.70, 43, white car, 959.57, 546.90, 988.78, 559.45, 974.18, 553.18, 959.57, 553.18, 988.78, 553.18, 29.21, 12.56
1.70, 18, white car, 644.98, 527.37, 674.34, 541.25, 659.66, 534.31, 644.98, 534.31, 674.34, 534.31, 29.35, 13.88
1.70, 30, black car, 351.93, 494.71, 380.17, 507.95, 366.05, 501.33, 351.93, 501.33, 380.17, 501.33, 28.25, 13.24
1.73, 43, white car, 956.85, 546.91, 986.14, 559.52, 971.50, 553.21, 956.85, 553.21, 986.14, 553.21, 29.29, 12.61
1.73, 18, white car, 642.39, 527.07, 671.53, 540.88, 656.96, 533.98, 642.39, 533.98, 671.53, 533.98, 29.14, 13.81
1.73, 30, black car, 349.55, 494.24, 377.95, 507.61, 363.75, 500.93, 349.55, 500.93, 377.95, 500.93, 28.40, 13.36
1.77, 43, white car, 954.74, 546.90, 983.90, 559.44, 969.32, 553.17, 954.74, 553.17, 983.90, 553.17, 29.16, 12.55
1.77, 18, white car, 639.72, 526.83, 668.98, 540.72, 654.35, 533.77, 639.72, 533.77, 668.98, 533.77, 29.26, 13.89
1.77, 44, black car, 187.73, 474.78, 217.95, 489.35, 202.84, 482.07, 187.73, 482.07, 217.95, 482.07, 30.22, 14.57
1.80, 43, white car, 952.29, 546.82, 981.20, 559.26, 966.74, 553.04, 952.29, 553.04, 981.20, 553.04, 28.91, 12.44
1.80, 18, white car, 637.25, 526.63, 666.69, 540.64, 651.97, 533.63, 637.25, 533.63, 666.69, 533.63, 29.45, 14.01
1.80, 44, black car, 184.63, 474.09, 215.57, 489.18, 200.10, 481.64, 184.63, 481.64, 215.57, 481.64, 30.94, 15.09
1.83, 43, white car, 949.51, 546.71, 978.54, 559.19, 964.03, 552.95, 949.51, 552.95, 978.54, 552.95, 29.03, 12.48
1.83, 18, white car, 634.94, 526.53, 664.35, 540.53, 649.64, 533.53, 634.94, 533.53, 664.35, 533.53, 29.41, 14.00
1.83, 44, black car, 183.51, 474.21, 213.93, 489.23, 198.72, 481.72, 183.51, 481.72, 213.93, 481.72, 30.43, 15.03
1.87, 43, white car, 947.30, 546.79, 975.77, 559.01, 961.53, 552.90, 947.30, 552.90, 975.77, 552.90, 28.47, 12.21
1.87, 18, white car, 632.69, 526.49, 661.97, 540.44, 647.33, 533.47, 632.69, 533.47, 661.97, 533.47, 29.28, 13.95
1.87, 44, black car, 183.10, 473.87, 212.70, 488.64, 197.90, 481.26, 183.10, 481.26, 212.70, 481.26, 29.60, 14.77
1.90, 43, white car, 944.53, 546.42, 974.06, 559.12, 959.30, 552.77, 944.53, 552.77, 974.06, 552.77, 29.53, 12.70
1.90, 18, white car, 630.37, 526.15, 659.64, 540.11, 645.00, 533.13, 630.37, 533.13, 659.64, 533.13, 29.27, 13.96
1.90, 44, black car, 183.19, 473.87, 211.29, 487.96, 197.24, 480.91, 183.19, 480.91, 211.29, 480.91, 28.10, 14.08
1.93, 43, white car, 942.08, 546.22, 971.78, 558.99, 956.93, 552.61, 942.08, 552.61, 971.78, 552.61, 29.70, 12.77
1.93, 18, white car, 627.82, 525.99, 657.40, 540.11, 642.61, 533.05, 627.82, 533.05, 657.40, 533.05, 29.58, 14.12
1.93, 44, black car, 182.70, 474.45, 209.53, 487.87, 196.12, 481.16, 182.70, 481.16, 209.53, 481.16, 26.83, 13.43
1.97, 43, white car, 939.40, 546.02, 969.34, 558.87, 954.37, 552.44, 939.40, 552.44, 969.34, 552.44, 29.94, 12.84
1.97, 18, white car, 625.16, 525.60, 655.01, 539.86, 640.09, 532.73, 625.16, 532.73, 655.01, 532.73, 29.84, 14.26
1.97, 44, black car, 180.99, 474.19, 207.92, 487.67, 194.45, 480.93, 180.99, 480.93, 207.92, 480.93, 26.93, 13.47
2.00, 43, white car, 936.58, 545.81, 966.73, 558.74, 951.66, 552.28, 936.58, 552.28, 966.73, 552.28, 30.14, 12.93
2.00, 18, white car, 622.73, 525.42, 652.60, 539.70, 637.67, 532.56, 622.73, 532.56, 652.60, 532.56, 29.87, 14.28
2.00, 44, black car, 179.30, 473.60, 206.18, 487.11, 192.74, 480.36, 179.30, 480.36, 206.18, 480.36, 26.88, 13.51
2.03, 43, white car, 933.91, 545.74, 963.92, 558.58, 948.92, 552.16, 933.91, 552.16, 963.92, 552.16, 30.00, 12.84
2.03, 18, white car, 620.38, 525.34, 650.27, 539.60, 635.32, 532.47, 620.38, 532.47, 650.27, 532.47, 29.89, 14.26
2.03, 44, black car, 177.54, 474.11, 203.48, 487.14, 190.51, 480.63, 177.54, 480.63, 203.48, 480.63, 25.94, 13.03
2.07, 43, white car, 930.99, 545.31, 961.94, 558.63, 946.47, 551.97, 930.99, 551.97, 961.94, 551.97, 30.95, 13.32
2.07, 18, white car, 617.80, 524.81, 647.60, 539.05, 632.70, 531.93, 617.80, 531.93, 647.60, 531.93, 29.80, 14.24
2.07, 44, black car, 175.92, 474.07, 201.95, 487.21, 188.94, 480.64, 175.92, 480.64, 201.95, 480.64, 26.03, 13.14
2.10, 43, white car, 928.39, 545.15, 959.31, 558.50, 943.85, 551.82, 928.39, 551.82, 959.31, 551.82, 30.92, 13.36
2.10, 18, white car, 615.07, 524.70, 644.64, 538.87, 629.85, 531.79, 615.07, 531.79, 644.64, 531.79, 29.58, 14.17
2.10, 44, black car, 174.59, 473.83, 200.78, 487.07, 187.68, 480.45, 174.59, 480.45, 200.78, 480.45, 26.19, 13.24
2.13, 43, white car, 925.86, 545.07, 956.88, 558.49, 941.37, 551.78, 925.86, 551.78, 956.88, 551.78, 31.02, 13.42
2.13, 18, white car, 612.59, 524.47, 642.12, 538.62, 627.36, 531.55, 612.59, 531.55, 642.12, 531.55, 29.53, 14.16
2.13, 44, black car, 173.26, 473.32, 199.76, 486.77, 186.51, 480.05, 173.26, 480.05, 199.76, 480.05, 26.50, 13.44
2.17, 43, white car, 923.81, 544.99, 954.79, 558.42, 939.30, 551.70, 923.81, 551.70, 954.79, 551.70, 30.98, 13.43
2.17, 18, white car, 610.01, 524.04, 640.01, 538.46, 625.01, 531.25, 610.01, 531.25, 640.01, 531.25, 29.99, 14.41
2.17, 44, black car, 171.81, 472.93, 198.57, 486.53, 185.19, 479.73, 171.81, 479.73, 198.57, 479.73, 26.76, 13.59
2.20, 43, white car, 921.29, 545.10, 952.25, 558.50, 936.77, 551.80, 921.29, 551.80, 952.25, 551.80, 30.96, 13.40
2.20, 18, white car, 607.47, 523.89, 637.41, 538.32, 622.44, 531.10, 607.47, 531.10, 637.41, 531.10, 29.94, 14.43
2.20, 44, black car, 166.01, 472.52, 193.67, 486.41, 179.84, 479.47, 166.01, 479.47, 193.67, 479.47, 27.66, 13.89
2.23, 43, white car, 918.91, 545.11, 949.19, 558.17, 934.05, 551.64, 918.91, 551.64, 949.19, 551.64, 30.27, 13.07
2.23, 18, white car, 605.26, 523.72, 635.05, 538.10, 620.16, 530.91, 605.26, 530.91, 635.05, 530.91, 29.79, 14.37
2.23, 44, black car, 162.73, 472.33, 191.49, 486.64, 177.11, 479.49, 162.73, 479.49, 191.49, 479.49, 28.75, 14.31
2.27, 43, white car, 916.39, 544.92, 946.72, 558.03, 931.56, 551.48, 916.39, 551.48, 946.72, 551.48, 30.33, 13.11
2.27, 18, white car, 602.97, 523.67, 632.66, 537.97, 617.82, 530.82, 602.97, 530.82, 632.66, 530.82, 29.69, 14.30
2.27, 44, black car, 160.15, 472.40, 188.68, 486.54, 174.42, 479.47, 160.15, 479.47, 188.68, 479.47, 28.53, 14.14
2.30, 43, white car, 913.67, 544.73, 944.42, 558.03, 929.05, 551.38, 913.67, 551.38, 944.42, 551.38, 30.75, 13.30
2.30, 18, white car, 600.70, 523.54, 630.02, 537.69, 615.36, 530.62, 600.70, 530.62, 630.02, 530.62, 29.32, 14.15
2.30, 44, black car, 158.81, 472.19, 187.78, 486.48, 173.29, 479.33, 158.81, 479.33, 187.78, 479.33, 28.97, 14.29
2.30, 30, black car, 310.43, 490.67, 336.55, 502.85, 323.49, 496.76, 310.43, 496.76, 336.55, 496.76, 26.11, 12.19
2.33, 43, white car, 910.90, 544.74, 941.87, 558.17, 926.39, 551.46, 910.90, 551.46, 941.87, 551.46, 30.97, 13.43
2.33, 18, white car, 598.09, 523.33, 627.29, 537.46, 612.69, 530.39, 598.09, 530.39, 627.29, 530.39, 29.20, 14.14
2.33, 44, black car, 156.79, 471.95, 185.68, 486.12, 171.23, 479.04, 156.79, 479.04, 185.68, 479.04, 28.89, 14.17
2.37, 43, white car, 908.25, 544.68, 939.20, 558.14, 923.73, 551.41, 908.25, 551.41, 939.20, 551.41, 30.95, 13.46
2.37, 18, white car, 595.98, 522.90, 624.93, 536.91, 610.45, 529.91, 595.98, 529.91, 624.93, 529.91, 28.95, 14.01
2.37, 44, black car, 155.83, 471.96, 184.11, 485.78, 169.97, 478.87, 155.83, 478.87, 184.11, 478.87, 28.28, 13.82
2.40, 43, white car, 905.96, 544.57, 937.04, 558.10, 921.50, 551.33, 905.96, 551.33, 937.04, 551.33, 31.08, 13.52
2.40, 18, white car, 593.71, 522.48, 622.75, 536.50, 608.23, 529.49, 593.71, 529.49, 622.75, 529.49, 29.04, 14.02
2.40, 44, black car, 155.13, 471.90, 182.68, 485.30, 168.90, 478.60, 155.13, 478.60, 182.68, 478.60, 27.55, 13.40
2.43, 43, white car, 903.45, 544.42, 934.25, 557.84, 918.85, 551.13, 903.45, 551.13, 934.25, 551.13, 30.80, 13.42
2.43, 18, white car, 591.09, 522.32, 620.16, 536.30, 605.62, 529.31, 591.09, 529.31, 620.16, 529.31, 29.07, 13.98
2.43, 44, black car, 154.32, 471.80, 181.46, 484.94, 167.89, 478.37, 154.32, 478.37, 181.46, 478.37, 27.14, 13.14
2.47, 43, white car, 901.05, 544.20, 932.01, 557.73, 916.53, 550.97, 901.05, 550.97, 932.01, 550.97, 30.96, 13.53
2.47, 18, white car, 588.77, 522.16, 617.38, 535.89, 603.08, 529.03, 588.77, 529.03, 617.38, 529.03, 28.61, 13.72
2.47, 44, black car, 153.72, 471.80, 180.61, 484.83, 167.16, 478.31, 153.72, 478.31, 180.61, 478.31, 26.89, 13.03
2.50, 43, white car, 898.16, 544.01, 929.47, 557.75, 913.81, 550.88, 898.16, 550.88, 929.47, 550.88, 31.31, 13.74
2.50, 18, white car, 586.20, 521.94, 614.96, 535.70, 600.58, 528.82, 586.20, 528.82, 614.96, 528.82, 28.75, 13.76
2.50, 44, black car, 152.64, 471.68, 179.70, 484.75, 166.17, 478.22, 152.64, 478.22, 179.70, 478.22, 27.06, 13.07
2.53, 43, white car, 896.05, 543.85, 926.97, 557.48, 911.51, 550.67, 896.05, 550.67, 926.97, 550.67, 30.92, 13.63
2.53, 18, white car, 583.41, 521.43, 612.64, 535.46, 598.02, 528.45, 583.41, 528.45, 612.64, 528.45, 29.23, 14.02
2.53, 44, black car, 151.25, 471.42, 178.92, 484.74, 165.08, 478.08, 151.25, 478.08, 178.92, 478.08, 27.67, 13.31
2.57, 43, white car, 893.98, 543.67, 924.51, 557.14, 909.25, 550.40, 893.98, 550.40, 924.51, 550.40, 30.53, 13.47
2.57, 18, white car, 581.52, 521.04, 610.51, 534.94, 596.01, 527.99, 581.52, 527.99, 610.51, 527.99, 28.99, 13.89
2.57, 44, black car, 149.60, 471.47, 176.58, 484.41, 163.09, 477.94, 149.60, 477.94, 176.58, 477.94, 26.98, 12.95
2.60, 43, white car, 891.62, 543.41, 921.88, 556.76, 906.75, 550.08, 891.62, 550.08, 921.88, 550.08, 30.26, 13.35
2.60, 18, white car, 578.87, 520.55, 608.14, 534.57, 593.50, 527.56, 578.87, 527.56, 608.14, 527.56, 29.28, 14.01
2.60, 44, black car, 146.91, 471.27, 173.93, 484.18, 160.42, 477.73, 146.91, 477.73, 173.93, 477.73, 27.02, 12.91
2.63, 43, white car, 889.08, 543.14, 919.30, 556.46, 904.19, 549.80, 889.08, 549.80, 919.30, 549.80, 30.21, 13.32
2.63, 18, white car, 576.11, 520.23, 605.28, 534.18, 590.69, 527.21, 576.11, 527.21, 605.28, 527.21, 29.17, 13.95
2.63, 44, black car, 144.22, 470.89, 171.54, 483.91, 157.88, 477.40, 144.22, 477.40, 171.54, 477.40, 27.33, 13.02
2.67, 43, white car, 886.34, 542.99, 916.87, 556.47, 901.60, 549.73, 886.34, 549.73, 916.87, 549.73, 30.53, 13.48
2.67, 18, white car, 574.52, 520.12, 602.66, 533.54, 588.59, 526.83, 574.52, 526.83, 602.66, 526.83, 28.14, 13.43
2.67, 44, black car, 142.19, 470.35, 169.65, 483.42, 155.92, 476.88, 142.19, 476.88, 169.65, 476.88, 27.46, 13.08
2.70, 43, white car, 883.65, 542.80, 914.42, 556.39, 899.04, 549.59, 883.65, 549.59, 914.42, 549.59, 30.76, 13.59
2.70, 18, white car, 571.91, 520.04, 600.19, 533.51, 586.05, 526.77, 571.91, 526.77, 600.19, 526.77, 28.27, 13.48
2.70, 44, black car, 141.09, 470.26, 168.00, 483.05, 154.55, 476.65, 141.09, 476.65, 168.00, 476.65, 26.92, 12.79
2.73, 43, white car, 881.26, 542.48, 912.35, 556.26, 896.80, 549.37, 881.26, 549.37, 912.35, 549.37, 31.09, 13.77
2.73, 18, white car, 569.28, 519.80, 597.60, 533.28, 583.44, 526.54, 569.28, 526.54, 597.60, 526.54, 28.32, 13.48
2.73, 44, black car, 139.09, 470.05, 165.76, 482.72, 152.42, 476.39, 139.09, 476.39, 165.76, 476.39, 26.67, 12.67
2.77, 43, white car, 878.78, 542.33, 909.95, 556.16, 894.36, 549.25, 878.78, 549.25, 909.95, 549.25, 31.17, 13.84
2.77, 18, white car, 567.33, 519.60, 595.67, 533.05, 581.50, 526.33, 567.33, 526.33, 595.67, 526.33, 28.34, 13.46
2.77, 44, black car, 137.68, 469.89, 163.97, 482.36, 150.83, 476.13, 137.68, 476.13, 163.97, 476.13, 26.29, 12.47
2.80, 43, white car, 876.48, 542.45, 907.08, 556.04, 891.78, 549.24, 876.48, 549.24, 907.08, 549.24, 30.60, 13.59
2.80, 18, white car, 564.73, 519.52, 592.92, 532.89, 578.83, 526.21, 564.73, 526.21, 592.92, 526.21, 28.18, 13.37
2.80, 44, black car, 136.44, 469.69, 162.49, 482.00, 149.47, 475.85, 136.44, 475.85, 162.49, 475.85, 26.04, 12.30
2.83, 43, white car, 874.04, 542.48, 904.39, 555.98, 889.22, 549.23, 874.04, 549.23, 904.39, 549.23, 30.35, 13.51
2.83, 18, white car, 562.17, 519.33, 590.60, 532.77, 576.38, 526.05, 562.17, 526.05, 590.60, 526.05, 28.42, 13.44
2.83, 44, black car, 134.83, 469.33, 161.01, 481.58, 147.92, 475.45, 134.83, 475.45, 161.01, 475.45, 26.18, 12.25
2.87, 43, white car, 871.67, 542.39, 902.02, 555.93, 886.85, 549.16, 871.67, 549.16, 902.02, 549.16, 30.35, 13.54
2.87, 18, white car, 560.06, 519.24, 588.39, 532.61, 574.22, 525.93, 560.06, 525.93, 588.39, 525.93, 28.33, 13.37
2.87, 44, black car, 132.16, 469.16, 158.75, 481.52, 145.46, 475.34, 132.16, 475.34, 158.75, 475.34, 26.59, 12.36
2.90, 43, white car, 869.18, 542.26, 899.68, 555.88, 884.43, 549.07, 869.18, 549.07, 899.68, 549.07, 30.50, 13.62
2.90, 18, white car, 557.87, 519.07, 586.17, 532.41, 572.02, 525.74, 557.87, 525.74, 586.17, 525.74, 28.30, 13.34
2.90, 44, black car, 130.81, 468.99, 157.98, 481.52, 144.40, 475.26, 130.81, 475.26, 157.98, 475.26, 27.16, 12.53
2.90, 30, red car, 267.35, 484.39, 295.43, 497.51, 281.39, 490.95, 267.35, 490.95, 295.43, 490.95, 28.08, 13.12
2.93, 43, white car, 866.36, 541.94, 897.40, 555.85, 881.88, 548.90, 866.36, 548.90, 897.40, 548.90, 31.04, 13.91
2.93, 18, white car, 555.28, 518.82, 583.53, 532.09, 569.40, 525.46, 555.28, 525.46, 583.53, 525.46, 28.25, 13.28
2.93, 44, black car, 129.18, 468.88, 156.29, 481.31, 142.74, 475.10, 129.18, 475.10, 156.29, 475.10, 27.11, 12.43
2.97, 43, white car, 864.06, 542.02, 894.83, 555.82, 879.44, 548.92, 864.06, 548.92, 894.83, 548.92, 30.77, 13.80
2.97, 18, white car, 552.81, 518.71, 581.04, 531.93, 566.93, 525.32, 552.81, 525.32, 581.04, 525.32, 28.23, 13.23
2.97, 44, black car, 127.32, 468.38, 154.64, 480.83, 140.98, 474.61, 127.32, 474.61, 154.64, 474.61, 27.32, 12.45
2.97, 30, red car, 263.07, 484.09, 291.31, 497.30, 277.19, 490.69, 263.07, 490.69, 291.31, 490.69, 28.23, 13.22
3.00, 43, white car, 861.74, 542.19, 892.07, 555.79, 876.90, 548.99, 861.74, 548.99, 892.07, 548.99, 30.32, 13.60
3.00, 18, white car, 550.61, 518.24, 578.92, 531.49, 564.76, 524.86, 550.61, 524.86, 578.92, 524.86, 28.30, 13.24
3.00, 44, black car, 125.54, 468.40, 152.66, 480.68, 139.10, 474.54, 125.54, 474.54, 152.66, 474.54, 27.11, 12.28
3.03, 43, white car, 859.24, 541.90, 889.89, 555.70, 874.57, 548.80, 859.24, 548.80, 889.89, 548.80, 30.65, 13.80
3.03, 18, white car, 548.40, 517.90, 576.89, 531.23, 562.65, 524.57, 548.40, 524.57, 576.89, 524.57, 28.49, 13.33
3.03, 44, black car, 123.60, 468.35, 150.83, 480.62, 137.21, 474.48, 123.60, 474.48, 150.83, 474.48, 27.23, 12.27
3.03, 30, black car, 258.16, 483.97, 286.15, 497.04, 272.16, 490.50, 258.16, 490.50, 286.15, 490.50, 27.98, 13.07
3.07, 43, white car, 856.72, 541.74, 887.53, 555.63, 872.12, 548.69, 856.72, 548.69, 887.53, 548.69, 30.81, 13.89
3.07, 18, white car, 546.10, 517.93, 574.24, 531.12, 560.17, 524.52, 546.10, 524.52, 574.24, 524.52, 28.14, 13.19
3.07, 44, black car, 121.86, 468.11, 149.39, 480.46, 135.62, 474.29, 121.86, 474.29, 149.39, 474.29, 27.53, 12.35
3.07, 30, red car, 255.96, 483.88, 283.80, 496.87, 269.88, 490.38, 255.96, 490.38, 283.80, 490.38, 27.84, 12.98
3.10, 43, white car, 854.23, 541.59, 885.14, 555.55, 869.68, 548.57, 854.23, 548.57, 885.14, 548.57, 30.91, 13.97
3.10, 18, white car, 543.40, 517.78, 571.79, 531.08, 557.60, 524.43, 543.40, 524.43, 571.79, 524.43, 28.39, 13.30
3.10, 44, black car, 120.78, 468.01, 148.38, 480.36, 134.58, 474.19, 120.78, 474.19, 148.38, 474.19, 27.60, 12.35
3.13, 43, white car, 851.63, 541.45, 882.59, 555.46, 867.11, 548.45, 851.63, 548.45, 882.59, 548.45, 30.96, 14.01
3.13, 18, white car, 540.81, 517.41, 569.50, 530.87, 555.15, 524.14, 540.81, 524.14, 569.50, 524.14, 28.69, 13.45
3.13, 44, black car, 118.67, 467.79, 146.54, 480.25, 132.61, 474.02, 118.67, 474.02, 146.54, 474.02, 27.87, 12.46
3.17, 43, white car, 849.41, 541.48, 880.00, 555.33, 864.71, 548.41, 849.41, 548.41, 880.00, 548.41, 30.59, 13.84
3.17, 18, white car, 538.79, 517.35, 567.08, 530.63, 552.94, 523.99, 538.79, 523.99, 567.08, 523.99, 28.29, 13.28
3.17, 44, black car, 115.93, 467.65, 143.93, 480.17, 129.93, 473.91, 115.93, 473.91, 143.93, 473.91, 28.00, 12.52
3.20, 43, white car, 847.03, 541.39, 877.31, 555.09, 862.17, 548.24, 847.03, 548.24, 877.31, 548.24, 30.28, 13.70
3.20, 18, white car, 536.20, 516.92, 564.75, 530.33, 550.48, 523.62, 536.20, 523.62, 564.75, 523.62, 28.55, 13.40
3.20, 44, black car, 113.66, 467.31, 142.28, 480.13, 127.97, 473.72, 113.66, 473.72, 142.28, 473.72, 28.62, 12.82
3.23, 43, white car, 844.77, 541.28, 874.77, 554.86, 859.77, 548.07, 844.77, 548.07, 874.77, 548.07, 30.00, 13.58
3.23, 18, white car, 533.85, 516.57, 562.39, 529.96, 548.12, 523.27, 533.85, 523.27, 562.39, 523.27, 28.53, 13.39
3.23, 44, black car, 111.83, 467.11, 140.67, 480.04, 126.25, 473.58, 111.83, 473.58, 140.67, 473.58, 28.84, 12.93
3.27, 43, white car, 842.16, 541.11, 872.46, 554.83, 857.31, 547.97, 842.16, 547.97, 872.46, 547.97, 30.30, 13.72
3.27, 18, white car, 531.84, 516.30, 560.22, 529.61, 546.03, 522.96, 531.84, 522.96, 560.22, 522.96, 28.38, 13.31
3.27, 44, black car, 110.75, 467.01, 139.22, 479.81, 124.99, 473.41, 110.75, 473.41, 139.22, 473.41, 28.48, 12.79
3.30, 43, white car, 839.76, 541.05, 869.89, 554.68, 854.82, 547.87, 839.76, 547.87, 869.89, 547.87, 30.13, 13.63
3.30, 18, white car, 529.59, 516.13, 557.95, 529.47, 543.77, 522.80, 529.59, 522.80, 557.95, 522.80, 28.36, 13.34
3.30, 44, black car, 108.79, 467.03, 137.21, 479.80, 123.00, 473.42, 108.79, 473.42, 137.21, 473.42, 28.42, 12.78
3.33, 43, white car, 837.69, 540.95, 867.58, 554.45, 852.63, 547.70, 837.69, 547.70, 867.58, 547.70, 29.89, 13.49
3.33, 18, white car, 527.10, 515.72, 555.59, 529.11, 541.35, 522.42, 527.10, 522.42, 555.59, 522.42, 28.48, 13.39
3.33, 44, black car, 107.32, 467.02, 135.78, 479.82, 121.55, 473.42, 107.32, 473.42, 135.78, 473.42, 28.46, 12.80
3.37, 43, white car, 835.31, 541.00, 865.14, 554.44, 850.22, 547.72, 835.31, 547.72, 865.14, 547.72, 29.82, 13.44
3.37, 18, white car, 525.06, 515.53, 553.25, 528.80, 539.15, 522.16, 525.06, 522.16, 553.25, 522.16, 28.19, 13.27
3.37, 44, black car, 106.04, 467.04, 134.60, 479.90, 120.32, 473.47, 106.04, 473.47, 134.60, 473.47, 28.55, 12.86
3.40, 43, white car, 832.96, 541.01, 862.56, 554.33, 847.76, 547.67, 832.96, 547.67, 862.56, 547.67, 29.59, 13.32
3.40, 18, white car, 522.92, 515.39, 551.09, 528.64, 537.00, 522.02, 522.92, 522.02, 551.09, 522.02, 28.16, 13.25
3.40, 44, black car, 104.76, 466.78, 133.26, 479.66, 119.01, 473.22, 104.76, 473.22, 133.26, 473.22, 28.51, 12.87
3.40, 30, black car, 233.73, 481.49, 261.62, 494.50, 247.67, 488.00, 233.73, 488.00, 261.62, 488.00, 27.89, 13.01
3.43, 43, white car, 830.50, 540.81, 860.12, 554.12, 845.31, 547.46, 830.50, 547.46, 860.12, 547.46, 29.61, 13.31
3.43, 18, white car, 520.64, 515.28, 548.44, 528.34, 534.54, 521.81, 520.64, 521.81, 548.44, 521.81, 27.80, 13.06
3.43, 44, black car, 102.66, 466.41, 131.35, 479.42, 117.01, 472.91, 102.66, 472.91, 131.35, 472.91, 28.69, 13.01
3.43, 30, black car, 231.25, 481.15, 259.40, 494.27, 245.32, 487.71, 231.25, 487.71, 259.40, 487.71, 28.16, 13.12
3.47, 43, white car, 827.96, 540.75, 857.60, 554.06, 842.78, 547.40, 827.96, 547.40, 857.60, 547.40, 29.65, 13.31
3.47, 18, white car, 518.31, 514.76, 546.00, 527.77, 532.16, 521.26, 518.31, 521.26, 546.00, 521.26, 27.69, 13.01
3.47, 44, black car, 101.12, 465.98, 130.18, 479.23, 115.65, 472.61, 101.12, 472.61, 130.18, 472.61, 29.06, 13.24
3.47, 30, black car, 228.86, 480.81, 256.97, 493.93, 242.92, 487.37, 228.86, 487.37, 256.97, 487.37, 28.10, 13.12
3.50, 43, white car, 825.39, 540.76, 854.94, 554.03, 840.17, 547.39, 825.39, 547.39, 854.94, 547.39, 29.55, 13.26
3.50, 18, white car, 515.37, 514.15, 543.54, 527.42, 529.45, 520.78, 515.37, 520.78, 543.54, 520.78, 28.17, 13.27
3.50, 44, black car, 99.55, 465.43, 128.99, 478.91, 114.27, 472.17, 99.55, 472.17, 128.99, 472.17, 29.44, 13.48
3.53, 43, white car, 822.98, 540.73, 852.39, 553.92, 837.68, 547.32, 822.98, 547.32, 852.39, 547.32, 29.41, 13.19
3.53, 18, white car, 512.64, 513.72, 541.11, 527.16, 526.87, 520.44, 512.64, 520.44, 541.11, 520.44, 28.48, 13.44
3.53, 44, black car, 97.86, 465.14, 127.02, 478.52, 112.44, 471.83, 97.86, 471.83, 127.02, 471.83, 29.17, 13.38
3.57, 43, white car, 820.65, 540.66, 849.90, 553.74, 835.27, 547.20, 820.65, 547.20, 849.90, 547.20, 29.25, 13.09
3.57, 18, white car, 510.66, 513.38, 539.08, 526.79, 524.87, 520.09, 510.66, 520.09, 539.08, 520.09, 28.42, 13.41
3.57, 44, black car, 95.92, 464.67, 124.80, 477.94, 110.36, 471.30, 95.92, 471.30, 124.80, 471.30, 28.88, 13.27
3.60, 43, white car, 818.26, 540.50, 847.54, 553.58, 832.90, 547.04, 818.26, 547.04, 847.54, 547.04, 29.28, 13.09
3.60, 18, white car, 508.33, 513.12, 537.03, 526.64, 522.68, 519.88, 508.33, 519.88, 537.03, 519.88, 28.70, 13.52
3.60, 44, black car, 94.12, 464.33, 122.90, 477.57, 108.51, 470.95, 94.12, 470.95, 122.90, 470.95, 28.77, 13.24
3.60, 30, black car, 220.40, 479.67, 248.76, 492.96, 234.58, 486.32, 220.40, 486.32, 248.76, 486.32, 28.35, 13.29
3.63, 43, white car, 815.93, 540.47, 845.19, 553.54, 830.56, 547.00, 815.93, 547.00, 845.19, 547.00, 29.26, 13.06
3.63, 18, white car, 505.95, 512.98, 534.43, 526.42, 520.19, 519.70, 505.95, 519.70, 534.43, 519.70, 28.49, 13.43
3.63, 44, black car, 93.09, 464.08, 121.73, 477.29, 107.41, 470.69, 93.09, 470.69, 121.73, 470.69, 28.64, 13.20
3.63, 30, black car, 218.60, 479.81, 246.12, 492.73, 232.36, 486.27, 218.60, 486.27, 246.12, 486.27, 27.52, 12.92
3.67, 43, white car, 813.49, 540.37, 842.82, 553.44, 828.16, 546.90, 813.49, 546.90, 842.82, 546.90, 29.34, 13.07
3.67, 18, white car, 503.84, 512.97, 532.00, 526.25, 517.92, 519.61, 503.84, 519.61, 532.00, 519.61, 28.16, 13.28
3.67, 44, black car, 91.85, 463.96, 120.33, 477.13, 106.09, 470.54, 91.85, 470.54, 120.33, 470.54, 28.48, 13.18
3.67, 30, black car, 216.37, 479.73, 243.66, 492.54, 230.02, 486.13, 216.37, 486.13, 243.66, 486.13, 27.29, 12.82
3.70, 43, white car, 811.15, 540.35, 840.75, 553.55, 825.95, 546.95, 811.15, 546.95, 840.75, 546.95, 29.60, 13.19
3.70, 18, white car, 501.71, 512.82, 529.81, 526.08, 515.76, 519.45, 501.71, 519.45, 529.81, 519.45, 28.10, 13.26
3.70, 44, black car, 90.74, 463.72, 119.31, 477.02, 105.03, 470.37, 90.74, 470.37, 119.31, 470.37, 28.58, 13.30
3.70, 30, black car, 214.54, 479.43, 242.05, 492.34, 228.30, 485.89, 214.54, 485.89, 242.05, 485.89, 27.51, 12.91
3.73, 43, white car, 808.55, 540.25, 838.47, 553.58, 823.51, 546.92, 808.55, 546.92, 838.47, 546.92, 29.92, 13.33
3.73, 18, white car, 499.32, 512.70, 527.37, 525.95, 513.34, 519.33, 499.32, 519.33, 527.37, 519.33, 28.05, 13.25
3.73, 44, black car, 89.52, 463.65, 118.10, 477.00, 103.81, 470.32, 89.52, 470.32, 118.10, 470.32, 28.57, 13.36
3.73, 30, black car, 212.52, 479.31, 239.73, 492.07, 226.12, 485.69, 212.52, 485.69, 239.73, 485.69, 27.21, 12.76
3.77, 43, white car, 806.19, 540.00, 835.97, 553.27, 821.08, 546.63, 806.19, 546.63, 835.97, 546.63, 29.78, 13.27
3.77, 18, white car, 496.97, 512.42, 525.57, 525.93, 511.27, 519.17, 496.97, 519.17, 525.57, 519.17, 28.60, 13.51
3.77, 44, black car, 88.25, 463.26, 117.25, 476.85, 102.75, 470.05, 88.25, 470.05, 117.25, 470.05, 29.00, 13.59
3.80, 43, white car, 803.81, 539.88, 833.68, 553.19, 818.75, 546.53, 803.81, 546.53, 833.68, 546.53, 29.87, 13.31
3.80, 18, white car, 494.53, 512.13, 523.46, 525.81, 509.00, 518.97, 494.53, 518.97, 523.46, 518.97, 28.93, 13.68
3.80, 44, black car, 86.69, 463.08, 115.94, 476.81, 101.32, 469.94, 86.69, 469.94, 115.94, 469.94, 29.25, 13.73
3.80, 30, black car, 207.34, 478.50, 235.55, 491.78, 221.44, 485.14, 207.34, 485.14, 235.55, 485.14, 28.21, 13.28
3.83, 43, white car, 801.06, 539.57, 831.41, 553.13, 816.24, 546.35, 801.06, 546.35, 831.41, 546.35, 30.35, 13.57
3.83, 18, white car, 492.07, 511.78, 521.30, 525.64, 506.69, 518.71, 492.07, 518.71, 521.30, 518.71, 29.24, 13.86
3.83, 44, black car, 84.80, 462.85, 114.11, 476.62, 99.45, 469.73, 84.80, 469.73, 114.11, 469.73, 29.32, 13.77
3.83, 30, black car, 205.17, 478.12, 233.60, 491.57, 219.38, 484.84, 205.17, 484.84, 233.60, 484.84, 28.43, 13.45
3.87, 43, white car, 798.62, 539.22, 829.19, 552.92, 813.90, 546.07, 798.62, 546.07, 829.19, 546.07, 30.56, 13.70
3.87, 18, white car, 490.01, 511.38, 519.53, 525.45, 504.77, 518.41, 490.01, 518.41, 519.53, 518.41, 29.52, 14.07
3.87, 44, black car, 83.13, 462.83, 112.28, 476.50, 97.71, 469.66, 83.13, 469.66, 112.28, 469.66, 29.15, 13.66
3.90, 43, white car, 796.37, 539.25, 826.91, 552.96, 811.64, 546.11, 796.37, 546.11, 826.91, 546.11, 30.54, 13.72
3.90, 18, white car, 487.74, 511.24, 517.07, 525.29, 502.40, 518.27, 487.74, 518.27, 517.07, 518.27, 29.33, 14.04
3.90, 44, black car, 81.10, 462.72, 110.45, 476.49, 95.78, 469.61, 81.10, 469.61, 110.45, 469.61, 29.35, 13.77
3.93, 43, white car, 793.78, 539.03, 824.57, 552.89, 809.18, 545.96, 793.78, 545.96, 824.57, 545.96, 30.78, 13.86
3.93, 18, white car, 485.71, 511.02, 515.12, 525.14, 500.42, 518.08, 485.71, 518.08, 515.12, 518.08, 29.42, 14.12
3.93, 44, black car, 79.27, 462.49, 108.41, 476.17, 93.84, 469.33, 79.27, 469.33, 108.41, 469.33, 29.13, 13.68
3.97, 43, white car, 791.95, 538.88, 822.04, 552.41, 807.00, 545.64, 791.95, 545.64, 822.04, 545.64, 30.09, 13.53
3.97, 18, white car, 483.76, 510.86, 513.19, 525.01, 498.48, 517.93, 483.76, 517.93, 513.19, 517.93, 29.43, 14.15
3.97, 44, black car, 77.80, 462.25, 106.96, 475.94, 92.38, 469.10, 77.80, 469.10, 106.96, 469.10, 29.17, 13.69
4.00, 43, white car, 789.87, 539.00, 819.80, 552.44, 804.83, 545.72, 789.87, 545.72, 819.80, 545.72, 29.93, 13.44
4.00, 18, white car, 481.32, 510.91, 510.01, 524.72, 495.67, 517.82, 481.32, 517.82, 510.01, 517.82, 28.69, 13.81
4.00, 44, black car, 76.58, 462.20, 105.58, 475.83, 91.08, 469.01, 76.58, 469.01, 105.58, 469.01, 29.00, 13.63
4.03, 43, white car, 787.26, 538.84, 817.22, 552.33, 802.24, 545.59, 787.26, 545.59, 817.22, 545.59, 29.97, 13.49
4.03, 18, white car, 479.00, 510.56, 507.83, 524.47, 493.42, 517.51, 479.00, 517.51, 507.83, 517.51, 28.83, 13.90
4.03, 44, black car, 75.36, 462.15, 104.09, 475.65, 89.72, 468.90, 75.36, 468.90, 104.09, 468.90, 28.73, 13.50
4.07, 43, white car, 784.64, 538.67, 814.68, 552.21, 799.66, 545.44, 784.64, 545.44, 814.68, 545.44, 30.04, 13.54
4.07, 18, white car, 476.66, 510.22, 505.43, 524.08, 491.04, 517.15, 476.66, 517.15, 505.43, 517.15, 28.77, 13.87
4.07, 44, black car, 74.32, 462.26, 102.67, 475.56, 88.50, 468.91, 74.32, 468.91, 102.67, 468.91, 28.35, 13.30
4.10, 43, white car, 782.53, 538.78, 812.34, 552.27, 797.44, 545.52, 782.53, 545.52, 812.34, 545.52, 29.81, 13.49
4.10, 18, white car, 474.46, 510.07, 503.00, 523.83, 488.73, 516.95, 474.46, 516.95, 503.00, 516.95, 28.53, 13.76
4.10, 44, black car, 73.30, 462.14, 101.30, 475.22, 87.30, 468.68, 73.30, 468.68, 101.30, 468.68, 28.00, 13.08
4.13, 43, white car, 780.05, 538.62, 809.85, 552.12, 794.95, 545.37, 780.05, 545.37, 809.85, 545.37, 29.81, 13.50
4.13, 18, white car, 472.17, 509.87, 500.99, 523.82, 486.58, 516.85, 472.17, 516.85, 500.99, 516.85, 28.82, 13.95
4.13, 44, black car, 71.86, 461.95, 100.08, 475.10, 85.97, 468.52, 71.86, 468.52, 100.08, 468.52, 28.22, 13.15
4.17, 43, white car, 777.79, 538.65, 807.02, 551.87, 792.41, 545.26, 777.79, 545.26, 807.02, 545.26, 29.23, 13.22
4.17, 18, white car, 470.04, 509.59, 499.15, 523.70, 484.60, 516.65, 470.04, 516.65, 499.15, 516.65, 29.11, 14.12
4.17, 44, black car, 70.29, 461.42, 99.22, 474.91, 84.76, 468.17, 70.29, 468.17, 99.22, 468.17, 28.93, 13.48
4.20, 43, white car, 775.78, 538.46, 804.64, 551.48, 790.21, 544.97, 775.78, 544.97, 804.64, 544.97, 28.86, 13.03
4.20, 18, white car, 468.11, 509.22, 497.48, 523.46, 482.79, 516.34, 468.11, 516.34, 497.48, 516.34, 29.37, 14.24
4.20, 44, black car, 68.25, 460.89, 97.65, 474.61, 82.95, 467.75, 68.25, 467.75, 97.65, 467.75, 29.40, 13.72
4.23, 43, white car, 773.33, 538.30, 801.94, 551.19, 787.64, 544.75, 773.33, 544.75, 801.94, 544.75, 28.61, 12.89
4.23, 18, white car, 466.13, 509.01, 495.67, 523.32, 480.90, 516.17, 466.13, 516.17, 495.67, 516.17, 29.54, 14.32
4.23, 44, black car, 66.63, 460.54, 95.97, 474.25, 81.30, 467.40, 66.63, 467.40, 95.97, 467.40, 29.34, 13.71
4.27, 43, white car, 770.87, 538.16, 799.44, 550.98, 785.15, 544.57, 770.87, 544.57, 799.44, 544.57, 28.57, 12.83
4.27, 18, white car, 463.83, 508.76, 493.54, 523.15, 478.69, 515.95, 463.83, 515.95, 493.54, 515.95, 29.71, 14.39
4.27, 44, black car, 65.07, 460.27, 94.63, 474.10, 79.85, 467.18, 65.07, 467.18, 94.63, 467.18, 29.56, 13.84
4.30, 43, white car, 768.74, 538.14, 797.30, 550.93, 783.02, 544.54, 768.74, 544.54, 797.30, 544.54, 28.56, 12.79
4.30, 18, white car, 461.65, 508.42, 491.35, 522.78, 476.50, 515.60, 461.65, 515.60, 491.35, 515.60, 29.71, 14.36
4.30, 44, black car, 63.68, 460.20, 93.63, 474.19, 78.66, 467.19, 63.68, 467.19, 93.63, 467.19, 29.95, 13.99
4.33, 43, white car, 766.40, 537.91, 794.88, 550.64, 780.64, 544.27, 766.40, 544.27, 794.88, 544.27, 28.47, 12.73
4.33, 18, white car, 459.34, 508.17, 488.95, 522.54, 474.15, 515.35, 459.34, 515.35, 488.95, 515.35, 29.61, 14.36
4.33, 44, black car, 62.49, 460.19, 92.50, 474.20, 77.49, 467.20, 62.49, 467.20, 92.50, 467.20, 30.01, 14.01
4.37, 43, white car, 764.16, 537.80, 792.46, 550.40, 778.31, 544.10, 764.16, 544.10, 792.46, 544.10, 28.30, 12.60
4.37, 18, white car, 457.21, 508.05, 486.65, 522.40, 471.93, 515.23, 457.21, 515.23, 486.65, 515.23, 29.44, 14.35
4.37, 44, black car, 61.91, 459.97, 91.58, 473.87, 76.74, 466.92, 61.91, 466.92, 91.58, 466.92, 29.67, 13.90
4.40, 43, white car, 761.67, 537.50, 789.90, 550.07, 775.78, 543.78, 761.67, 543.78, 789.90, 543.78, 28.23, 12.56
4.40, 18, white car, 455.24, 507.87, 484.61, 522.23, 469.92, 515.05, 455.24, 515.05, 484.61, 515.05, 29.37, 14.37
4.40, 44, black car, 60.53, 459.85, 90.39, 473.89, 75.46, 466.87, 60.53, 466.87, 90.39, 466.87, 29.86, 14.04
4.43, 43, white car, 759.19, 537.26, 787.38, 549.82, 773.28, 543.54, 759.19, 543.54, 787.38, 543.54, 28.19, 12.56
4.43, 18, white car, 453.27, 507.57, 482.62, 521.96, 467.94, 514.76, 453.27, 514.76, 482.62, 514.76, 29.36, 14.39
4.43, 44, black car, 58.95, 459.94, 88.75, 473.94, 73.85, 466.94, 58.95, 466.94, 88.75, 466.94, 29.80, 14.01
4.47, 43, white car, 756.56, 537.10, 785.24, 549.90, 770.90, 543.50, 756.56, 543.50, 785.24, 543.50, 28.68, 12.79
4.47, 18, white car, 451.33, 507.33, 480.12, 521.41, 465.72, 514.37, 451.33, 514.37, 480.12, 514.37, 28.78, 14.08
4.47, 44, black car, 58.01, 460.09, 87.41, 473.91, 72.71, 467.00, 58.01, 467.00, 87.41, 467.00, 29.39, 13.81
4.50, 43, white car, 754.07, 536.98, 783.02, 549.92, 768.55, 543.45, 754.07, 543.45, 783.02, 543.45, 28.94, 12.94
4.50, 44, black car, 56.84, 460.13, 85.93, 473.79, 71.39, 466.96, 56.84, 466.96, 85.93, 466.96, 29.09, 13.65
4.53, 43, white car, 751.84, 536.85, 780.62, 549.74, 766.23, 543.30, 751.84, 543.30, 780.62, 543.30, 28.78, 12.89
4.53, 44, black car, 56.03, 460.13, 84.64, 473.52, 70.33, 466.83, 56.03, 466.83, 84.64, 466.83, 28.61, 13.38
4.53, 18, white car, 446.86, 506.54, 475.77, 520.66, 461.32, 513.60, 446.86, 513.60, 475.77, 513.60, 28.91, 14.11
4.57, 43, white car, 749.36, 536.68, 778.37, 549.67, 763.87, 543.17, 749.36, 543.17, 778.37, 543.17, 29.01, 12.99
4.57, 44, black car, 54.30, 459.59, 83.18, 473.10, 68.74, 466.35, 54.30, 466.35, 83.18, 466.35, 28.88, 13.51
4.57, 18, white car, 444.05, 506.13, 473.65, 520.66, 458.85, 513.39, 444.05, 513.39, 473.65, 513.39, 29.61, 14.53
4.60, 43, white car, 747.19, 536.34, 776.16, 549.31, 761.67, 542.83, 747.19, 542.83, 776.16, 542.83, 28.97, 12.97
4.60, 44, black car, 52.57, 459.37, 81.23, 472.78, 66.90, 466.08, 52.57, 466.08, 81.23, 466.08, 28.66, 13.41
4.60, 18, white car, 441.60, 505.78, 471.33, 520.44, 456.47, 513.11, 441.60, 513.11, 471.33, 513.11, 29.73, 14.65
4.63, 43, white car, 745.20, 536.10, 773.68, 548.85, 759.44, 542.48, 745.20, 542.48, 773.68, 542.48, 28.48, 12.74
4.63, 44, black car, 51.18, 459.15, 79.72, 472.53, 65.45, 465.84, 51.18, 465.84, 79.72, 465.84, 28.54, 13.38
4.63, 18, white car, 439.77, 505.53, 469.50, 520.19, 454.63, 512.86, 439.77, 512.86, 469.50, 512.86, 29.73, 14.66
4.67, 43, white car, 742.88, 535.87, 771.37, 548.58, 757.13, 542.22, 742.88, 542.22, 771.37, 542.22, 28.49, 12.71
4.67, 44, black car, 50.03, 459.06, 78.59, 472.49, 64.31, 465.78, 50.03, 465.78, 78.59, 465.78, 28.56, 13.43
4.67, 18, white car, 437.79, 505.36, 467.39, 519.97, 452.59, 512.66, 437.79, 512.66, 467.39, 512.66, 29.60, 14.60
4.70, 43, white car, 740.27, 535.62, 769.19, 548.52, 754.73, 542.07, 740.27, 542.07, 769.19, 542.07, 28.91, 12.90
4.70, 44, black car, 48.43, 458.89, 77.34, 472.53, 62.89, 465.71, 48.43, 465.71, 77.34, 465.71, 28.90, 13.64
4.70, 18, white car, 435.52, 505.31, 464.89, 519.80, 450.21, 512.56, 435.52, 512.56, 464.89, 512.56, 29.37, 14.49
4.73, 43, white car, 737.69, 535.43, 766.68, 548.38, 752.18, 541.91, 737.69, 541.91, 766.68, 541.91, 29.00, 12.95
4.73, 44, black car, 47.34, 458.75, 76.19, 472.42, 61.77, 465.59, 47.34, 465.59, 76.19, 465.59, 28.85, 13.66
4.73, 18, white car, 433.42, 505.15, 462.86, 519.68, 448.14, 512.42, 433.42, 512.42, 462.86, 512.42, 29.44, 14.54
4.77, 43, white car, 735.37, 535.34, 764.28, 548.23, 749.82, 541.79, 735.37, 541.79, 764.28, 541.79, 28.91, 12.89
4.77, 44, black car, 46.36, 458.74, 74.88, 472.27, 60.62, 465.51, 46.36, 465.51, 74.88, 465.51, 28.52, 13.52
4.77, 18, white car, 431.21, 504.95, 460.67, 519.57, 445.94, 512.26, 431.21, 512.26, 460.67, 512.26, 29.46, 14.62
4.80, 43, white car, 733.11, 535.17, 762.16, 548.12, 747.64, 541.65, 733.11, 541.65, 762.16, 541.65, 29.04, 12.95
4.80, 44, black car, 44.71, 458.51, 73.52, 472.16, 59.11, 465.33, 44.71, 465.33, 73.52, 465.33, 28.81, 13.65
4.80, 18, white car, 429.23, 504.70, 458.89, 519.49, 444.06, 512.10, 429.23, 512.10, 458.89, 512.10, 29.66, 14.79
4.83, 43, white car, 730.83, 535.16, 759.70, 548.04, 745.27, 541.60, 730.83, 541.60, 759.70, 541.60, 28.87, 12.87
4.83, 44, black car, 43.00, 458.09, 72.59, 472.08, 57.80, 465.09, 43.00, 465.09, 72.59, 465.09, 29.59, 13.99
4.83, 18, white car, 427.00, 504.47, 456.98, 519.47, 441.99, 511.97, 427.00, 511.97, 456.98, 511.97, 29.98, 14.99
4.87, 43, white car, 728.70, 535.09, 757.52, 547.93, 743.11, 541.51, 728.70, 541.51, 757.52, 541.51, 28.82, 12.85
4.87, 44, black car, 41.08, 457.37, 71.82, 471.89, 56.45, 464.63, 41.08, 464.63, 71.82, 464.63, 30.74, 14.52
4.87, 18, white car, 425.00, 504.06, 455.14, 519.16, 440.07, 511.61, 425.00, 511.61, 455.14, 511.61, 30.13, 15.10
4.90, 43, white car, 726.23, 534.84, 755.24, 547.81, 740.73, 541.33, 726.23, 541.33, 755.24, 541.33, 29.01, 12.97
4.90, 44, black car, 39.58, 457.17, 70.60, 471.79, 55.09, 464.48, 39.58, 464.48, 70.60, 464.48, 31.02, 14.62
4.90, 18, white car, 422.98, 503.81, 453.08, 518.91, 438.03, 511.36, 422.98, 511.36, 453.08, 511.36, 30.10, 15.10
4.93, 43, white car, 723.72, 534.71, 752.83, 547.74, 738.28, 541.22, 723.72, 541.22, 752.83, 541.22, 29.11, 13.03
4.93, 44, black car, 38.90, 457.26, 69.49, 471.60, 54.19, 464.43, 38.90, 464.43, 69.49, 464.43, 30.58, 14.35
4.93, 18, white car, 421.04, 503.64, 451.09, 518.74, 436.07, 511.19, 421.04, 511.19, 451.09, 511.19, 30.06, 15.10
4.97, 44, black car, 37.77, 456.97, 68.42, 471.35, 53.09, 464.16, 37.77, 464.16, 68.42, 464.16, 30.65, 14.39
4.97, 18, white car, 419.18, 503.55, 449.11, 518.57, 434.15, 511.06, 419.18, 511.06, 449.11, 511.06, 29.93, 15.01
5.00, 44, black car, 36.03, 456.59, 67.15, 471.24, 51.59, 463.92, 36.03, 463.92, 67.15, 463.92, 31.11, 14.65
5.00, 18, white car, 417.16, 503.53, 446.65, 518.36, 431.91, 510.94, 417.16, 510.94, 446.65, 510.94, 29.49, 14.83
5.03, 44, black car, 35.26, 456.38, 65.98, 470.90, 50.62, 463.64, 35.26, 463.64, 65.98, 463.64, 30.73, 14.52
5.03, 18, white car, 414.76, 503.16, 444.74, 518.26, 429.75, 510.71, 414.76, 510.71, 444.74, 510.71, 29.98, 15.10
5.07, 44, black car, 34.51, 456.35, 65.08, 470.85, 49.80, 463.60, 34.51, 463.60, 65.08, 463.60, 30.57, 14.50
5.07, 18, white car, 412.53, 502.83, 442.56, 517.98, 427.55, 510.40, 412.53, 510.40, 442.56, 510.40, 30.03, 15.16
5.10, 44, black car, 33.60, 456.02, 64.10, 470.54, 48.85, 463.28, 33.60, 463.28, 64.10, 463.28, 30.50, 14.53
5.10, 18, white car, 410.40, 502.55, 440.05, 517.56, 425.23, 510.05, 410.40, 510.05, 440.05, 510.05, 29.65, 15.01
5.13, 44, black car, 33.78, 455.90, 63.84, 470.34, 48.81, 463.12, 33.78, 463.12, 63.84, 463.12, 30.07, 14.44
5.13, 18, white car, 408.15, 502.14, 437.99, 517.26, 423.07, 509.70, 408.15, 509.70, 437.99, 509.70, 29.84, 15.12
5.17, 44, black car, 32.82, 455.83, 63.06, 470.48, 47.94, 463.15, 32.82, 463.15, 63.06, 463.15, 30.24, 14.65
5.17, 18, white car, 406.45, 501.88, 436.11, 516.89, 421.28, 509.38, 406.45, 509.38, 436.11, 509.38, 29.66, 15.01
5.20, 44, black car, 32.31, 456.14, 61.96, 470.63, 47.14, 463.39, 32.31, 463.39, 61.96, 463.39, 29.64, 14.49
5.20, 18, white car, 404.68, 501.54, 434.11, 516.45, 419.39, 508.99, 404.68, 508.99, 434.11, 508.99, 29.43, 14.91
5.23, 44, black car, 31.46, 456.32, 60.74, 470.72, 46.10, 463.52, 31.46, 463.52, 60.74, 463.52, 29.28, 14.40
5.23, 18, white car, 402.36, 501.16, 432.00, 516.24, 417.18, 508.70, 402.36, 508.70, 432.00, 508.70, 29.64, 15.08
5.27, 44, black car, 28.38, 455.20, 59.35, 470.45, 43.86, 462.82, 28.38, 462.82, 59.35, 462.82, 30.97, 15.24
5.27, 18, white car, 399.92, 500.77, 429.97, 516.11, 414.94, 508.44, 399.92, 508.44, 429.97, 508.44, 30.05, 15.34
5.30, 44, black car, 27.17, 455.40, 57.61, 470.27, 42.39, 462.83, 27.17, 462.83, 57.61, 462.83, 30.44, 14.87
5.30, 18, white car, 397.84, 500.54, 427.62, 515.80, 412.73, 508.17, 397.84, 508.17, 427.62, 508.17, 29.78, 15.27
5.30, 43, white car, 698.48, 532.45, 727.93, 545.74, 713.21, 539.10, 698.48, 539.10, 727.93, 539.10, 29.45, 13.29
5.33, 44, black car, 27.25, 455.87, 56.45, 470.05, 41.85, 462.96, 27.25, 462.96, 56.45, 462.96, 29.20, 14.18
5.33, 18, white car, 395.98, 500.39, 425.51, 515.59, 410.75, 507.99, 395.98, 507.99, 425.51, 507.99, 29.54, 15.19
5.33, 43, white car, 696.29, 532.24, 725.56, 545.44, 710.93, 538.84, 696.29, 538.84, 725.56, 538.84, 29.26, 13.19
5.37, 44, black car, 26.51, 456.45, 54.94, 470.18, 40.73, 463.31, 26.51, 463.31, 54.94, 463.31, 28.43, 13.73
5.37, 18, white car, 393.93, 500.18, 423.30, 515.27, 408.62, 507.72, 393.93, 507.72, 423.30, 507.72, 29.37, 15.09
5.37, 43, white car, 693.88, 532.05, 722.91, 545.12, 708.39, 538.59, 693.88, 538.59, 722.91, 538.59, 29.03, 13.08
5.40, 44, black car, 24.63, 456.35, 53.05, 470.03, 38.84, 463.19, 24.63, 463.19, 53.05, 463.19, 28.42, 13.67
5.40, 18, white car, 392.26, 500.18, 420.85, 514.88, 406.56, 507.53, 392.26, 507.53, 420.85, 507.53, 28.59, 14.69
5.40, 43, white car, 691.73, 531.91, 720.67, 544.93, 706.20, 538.42, 691.73, 538.42, 720.67, 538.42, 28.94, 13.02
5.43, 44, black car, 23.96, 456.38, 51.80, 469.78, 37.88, 463.08, 23.96, 463.08, 51.80, 463.08, 27.84, 13.39
5.43, 18, white car, 390.07, 499.85, 418.48, 514.47, 404.28, 507.16, 390.07, 507.16, 418.48, 507.16, 28.42, 14.62
5.43, 43, white car, 689.70, 531.89, 718.49, 544.82, 704.09, 538.35, 689.70, 538.35, 718.49, 538.35, 28.79, 12.93
5.47, 44, black car, 23.55, 456.35, 50.83, 469.46, 37.19, 462.91, 23.55, 462.91, 50.83, 462.91, 27.29, 13.11
5.47, 18, white car, 387.82, 499.33, 416.50, 514.11, 402.16, 506.72, 387.82, 506.72, 416.50, 506.72, 28.68, 14.78
5.47, 43, white car, 687.43, 531.74, 716.12, 544.57, 701.77, 538.15, 687.43, 538.15, 716.12, 538.15, 28.68, 12.83
5.47, 57, black car, 114.31, 467.16, 140.42, 479.95, 127.37, 473.55, 114.31, 473.55, 140.42, 473.55, 26.11, 12.79
5.50, 44, black car, 22.56, 456.21, 49.84, 469.29, 36.20, 462.75, 22.56, 462.75, 49.84, 462.75, 27.28, 13.08
5.50, 18, white car, 385.82, 499.01, 414.51, 513.81, 400.16, 506.41, 385.82, 506.41, 414.51, 506.41, 28.70, 14.80
5.50, 43, white car, 685.17, 531.65, 713.98, 544.55, 699.57, 538.10, 685.17, 538.10, 713.98, 538.10, 28.81, 12.89
5.50, 57, black car, 112.01, 466.90, 138.93, 480.07, 125.47, 473.49, 112.01, 473.49, 138.93, 473.49, 26.91, 13.17
5.53, 44, black car, 21.58, 456.11, 48.82, 469.12, 35.20, 462.62, 21.58, 462.62, 48.82, 462.62, 27.24, 13.01
5.53, 18, white car, 384.07, 498.78, 412.79, 513.57, 398.43, 506.17, 384.07, 506.17, 412.79, 506.17, 28.72, 14.79
5.53, 43, white car, 682.63, 531.36, 711.90, 544.46, 697.27, 537.91, 682.63, 537.91, 711.90, 537.91, 29.27, 13.10
5.53, 57, black car, 109.42, 466.51, 137.18, 480.09, 123.30, 473.30, 109.42, 473.30, 137.18, 473.30, 27.77, 13.59
5.57, 44, black car, 20.33, 455.81, 47.83, 468.86, 34.08, 462.34, 20.33, 462.34, 47.83, 462.34, 27.50, 13.05
5.57, 18, white car, 382.02, 498.64, 410.87, 513.48, 396.45, 506.06, 382.02, 506.06, 410.87, 506.06, 28.86, 14.84
5.57, 43, white car, 680.04, 531.08, 709.44, 544.22, 694.74, 537.65, 680.04, 537.65, 709.44, 537.65, 29.40, 13.14
5.57, 57, black car, 107.85, 466.42, 135.42, 479.88, 121.63, 473.15, 107.85, 473.15, 135.42, 473.15, 27.57, 13.46
5.60, 44, black car, 18.88, 455.63, 46.49, 468.67, 32.68, 462.15, 18.88, 462.15, 46.49, 462.15, 27.61, 13.04
5.60, 18, white car, 380.06, 498.61, 408.83, 513.35, 394.44, 505.98, 380.06, 505.98, 408.83, 505.98, 28.77, 14.74
5.60, 43, white car, 677.62, 530.83, 707.14, 544.05, 692.38, 537.44, 677.62, 537.44, 707.14, 537.44, 29.52, 13.22
5.60, 57, black car, 106.54, 466.36, 134.20, 479.85, 120.37, 473.10, 106.54, 473.10, 134.20, 473.10, 27.66, 13.48
5.63, 44, black car, 17.72, 455.53, 45.24, 468.47, 31.48, 462.00, 17.72, 462.00, 45.24, 462.00, 27.51, 12.94
5.63, 18, white car, 378.05, 498.61, 406.81, 513.31, 392.43, 505.96, 378.05, 505.96, 406.81, 505.96, 28.76, 14.70
5.63, 43, white car, 675.59, 530.60, 704.92, 543.74, 690.25, 537.17, 675.59, 537.17, 704.92, 537.17, 29.33, 13.14
5.67, 44, black car, 16.15, 455.04, 44.33, 468.23, 30.24, 461.63, 16.15, 461.63, 44.33, 461.63, 28.18, 13.18
5.67, 18, white car, 376.54, 498.57, 404.45, 512.84, 390.49, 505.70, 376.54, 505.70, 404.45, 505.70, 27.91, 14.27
5.67, 43, white car, 672.99, 530.42, 702.46, 543.63, 687.73, 537.02, 672.99, 537.02, 702.46, 537.02, 29.47, 13.21
5.70, 44, black car, 14.65, 454.88, 43.11, 468.10, 28.88, 461.49, 14.65, 461.49, 43.11, 461.49, 28.46, 13.22
5.70, 18, white car, 374.75, 498.44, 402.57, 512.61, 388.66, 505.52, 374.75, 505.52, 402.57, 505.52, 27.82, 14.18
5.70, 43, white car, 670.65, 530.11, 700.30, 543.43, 685.47, 536.77, 670.65, 536.77, 700.30, 536.77, 29.64, 13.32
5.70, 57, black car, 101.50, 465.67, 131.00, 480.11, 116.25, 472.89, 101.50, 472.89, 131.00, 472.89, 29.51, 14.44
5.73, 44, black car, 13.20, 454.61, 42.04, 467.93, 27.62, 461.27, 13.20, 461.27, 42.04, 461.27, 28.84, 13.33
5.73, 18, white car, 372.57, 498.06, 400.78, 512.40, 386.67, 505.23, 372.57, 505.23, 400.78, 505.23, 28.21, 14.34
5.73, 43, white car, 668.48, 529.84, 697.84, 543.05, 683.16, 536.44, 668.48, 536.44, 697.84, 536.44, 29.37, 13.21
5.73, 57, black car, 100.47, 465.60, 129.55, 479.80, 115.01, 472.70, 100.47, 472.70, 129.55, 472.70, 29.08, 14.21
5.77, 44, black car, 11.44, 454.47, 40.66, 467.90, 26.05, 461.19, 11.44, 461.19, 40.66, 461.19, 29.22, 13.43
5.77, 18, white car, 370.69, 497.61, 399.20, 512.07, 384.95, 504.84, 370.69, 504.84, 399.20, 504.84, 28.50, 14.46
5.77, 43, white car, 666.42, 529.68, 695.40, 542.71, 680.91, 536.19, 666.42, 536.19, 695.40, 536.19, 28.98, 13.03
5.77, 57, black car, 99.48, 465.41, 128.23, 479.44, 113.85, 472.43, 99.48, 472.43, 128.23, 472.43, 28.75, 14.03
5.80, 44, black car, 10.25, 454.35, 39.64, 467.82, 24.95, 461.09, 10.25, 461.09, 39.64, 461.09, 29.39, 13.47
5.80, 18, white car, 368.85, 497.59, 397.24, 511.97, 383.05, 504.78, 368.85, 504.78, 397.24, 504.78, 28.39, 14.38
5.80, 43, white car, 664.28, 529.45, 693.24, 542.47, 678.76, 535.96, 664.28, 535.96, 693.24, 535.96, 28.96, 13.02
5.80, 57, black car, 98.08, 465.28, 127.02, 479.39, 112.55, 472.34, 98.08, 472.34, 127.02, 472.34, 28.94, 14.11
5.83, 44, black car, 9.48, 454.31, 38.62, 467.65, 24.05, 460.98, 9.48, 460.98, 38.62, 460.98, 29.13, 13.34
5.83, 18, white car, 367.20, 497.59, 395.35, 511.88, 381.27, 504.74, 367.20, 504.74, 395.35, 504.74, 28.15, 14.30
5.83, 43, white car, 662.25, 529.18, 691.25, 542.24, 676.75, 535.71, 662.25, 535.71, 691.25, 535.71, 29.00, 13.06
5.83, 57, black car, 97.08, 465.15, 125.71, 479.09, 111.39, 472.12, 97.08, 472.12, 125.71, 472.12, 28.63, 13.94
5.87, 44, black car, 7.90, 454.03, 37.25, 467.44, 22.57, 460.74, 7.90, 460.74, 37.25, 460.74, 29.35, 13.41
5.87, 18, white car, 366.29, 497.58, 393.76, 511.58, 380.02, 504.58, 366.29, 504.58, 393.76, 504.58, 27.47, 14.00
5.87, 43, white car, 660.21, 528.96, 688.78, 541.85, 674.49, 535.41, 660.21, 535.41, 688.78, 535.41, 28.57, 12.89
5.87, 57, black car, 94.81, 464.83, 123.72, 478.93, 109.26, 471.88, 94.81, 471.88, 123.72, 471.88, 28.91, 14.10
5.90, 44, black car, 7.34, 454.00, 36.38, 467.24, 21.86, 460.62, 7.34, 460.62, 36.38, 460.62, 29.04, 13.24
5.90, 18, white car, 364.04, 496.95, 391.92, 511.25, 377.98, 504.10, 364.04, 504.10, 391.92, 504.10, 27.88, 14.30
5.90, 43, white car, 657.98, 528.61, 686.68, 541.59, 672.33, 535.10, 657.98, 535.10, 686.68, 535.10, 28.71, 12.97
5.90, 57, black car, 93.31, 464.64, 122.19, 478.76, 107.75, 471.70, 93.31, 471.70, 122.19, 471.70, 28.88, 14.12
5.93, 44, black car, 6.64, 453.88, 35.69, 467.10, 21.17, 460.49, 6.64, 460.49, 35.69, 460.49, 29.06, 13.23
5.93, 18, white car, 362.39, 496.62, 389.79, 510.80, 376.09, 503.71, 362.39, 503.71, 389.79, 503.71, 27.40, 14.17
5.93, 43, white car, 655.79, 528.30, 684.55, 541.32, 670.17, 534.81, 655.79, 534.81, 684.55, 534.81, 28.76, 13.03
5.93, 57, black car, 92.37, 464.37, 121.10, 478.44, 106.73, 471.40, 92.37, 471.40, 121.10, 471.40, 28.73, 14.07
5.97, 44, black car, 5.71, 453.68, 34.80, 466.88, 20.26, 460.28, 5.71, 460.28, 34.80, 460.28, 29.09, 13.20
5.97, 43, white car, 653.51, 528.20, 681.67, 540.97, 667.59, 534.58, 653.51, 534.58, 681.67, 534.58, 28.16, 12.77
5.97, 57, black car, 91.47, 464.31, 120.23, 478.43, 105.85, 471.37, 91.47, 471.37, 120.23, 471.37, 28.75, 14.12
6.00, 44, black car, 5.50, 453.65, 34.43, 466.71, 19.97, 460.18, 5.50, 460.18, 34.43, 460.18, 28.92, 13.07
6.00, 43, white car, 651.25, 528.07, 679.34, 540.80, 665.29, 534.43, 651.25, 534.43, 679.34, 534.43, 28.09, 12.73
6.00, 57, black car, 90.43, 464.16, 118.97, 478.19, 104.70, 471.18, 90.43, 471.18, 118.97, 471.18, 28.54, 14.03
6.00, 18, white car, 358.46, 495.92, 386.15, 510.37, 372.30, 503.15, 358.46, 503.15, 386.15, 503.15, 27.70, 14.46
6.03, 44, black car, 4.65, 453.38, 33.88, 466.49, 19.27, 459.93, 4.65, 459.93, 33.88, 459.93, 29.23, 13.11
6.03, 43, white car, 649.05, 527.85, 676.99, 540.50, 663.02, 534.17, 649.05, 534.17, 676.99, 534.17, 27.95, 12.65
6.03, 57, black car, 89.05, 464.09, 117.50, 478.11, 103.28, 471.10, 89.05, 471.10, 117.50, 471.10, 28.45, 14.02
6.03, 18, white car, 354.94, 495.65, 383.10, 510.35, 369.02, 503.00, 354.94, 503.00, 383.10, 503.00, 28.16, 14.69
6.07, 44, black car, 4.21, 453.23, 33.61, 466.32, 18.91, 459.78, 4.21, 459.78, 33.61, 459.78, 29.40, 13.09
6.07, 43, white car, 646.89, 527.58, 674.82, 540.23, 660.85, 533.91, 646.89, 533.91, 674.82, 533.91, 27.93, 12.65
6.07, 57, black car, 88.01, 463.91, 116.47, 477.96, 102.24, 470.93, 88.01, 470.93, 116.47, 470.93, 28.46, 14.05
6.07, 18, white car, 351.19, 494.95, 380.74, 510.34, 365.96, 502.65, 351.19, 502.65, 380.74, 502.65, 29.56, 15.39
6.10, 44, black car, 3.00, 453.16, 32.87, 466.31, 17.94, 459.73, 3.00, 459.73, 32.87, 459.73, 29.87, 13.14
6.10, 43, white car, 644.46, 527.31, 672.55, 540.05, 658.51, 533.68, 644.46, 533.68, 672.55, 533.68, 28.09, 12.75
6.10, 18, white car, 349.77, 494.78, 379.08, 510.03, 364.42, 502.40, 349.77, 502.40, 379.08, 502.40, 29.31, 15.25
6.13, 44, black car, 1.95, 453.05, 32.58, 466.47, 17.26, 459.76, 1.95, 459.76, 32.58, 459.76, 30.63, 13.42
6.13, 43, white car, 642.52, 527.14, 670.27, 539.72, 656.39, 533.43, 642.52, 533.43, 670.27, 533.43, 27.75, 12.59
6.13, 18, white car, 347.93, 494.54, 376.84, 509.62, 362.38, 502.08, 347.93, 502.08, 376.84, 502.08, 28.91, 15.08
6.17, 44, black car, 0.82, 452.77, 32.41, 466.63, 16.62, 459.70, 0.82, 459.70, 32.41, 459.70, 31.59, 13.86
6.17, 43, white car, 640.40, 527.01, 667.79, 539.42, 654.10, 533.21, 640.40, 533.21, 667.79, 533.21, 27.39, 12.41
6.17, 18, white car, 346.40, 494.26, 374.79, 509.09, 360.59, 501.67, 346.40, 501.67, 374.79, 501.67, 28.39, 14.83
6.20, 44, black car, 0.00, 452.02, 32.07, 466.83, 16.03, 459.43, 0.00, 459.43, 32.07, 459.43, 32.07, 14.81
6.20, 43, white car, 638.22, 526.89, 665.35, 539.16, 651.79, 533.02, 638.22, 533.02, 665.35, 533.02, 27.13, 12.27
6.20, 18, white car, 345.37, 494.10, 373.20, 508.68, 359.29, 501.39, 345.37, 501.39, 373.20, 501.39, 27.82, 14.58
6.20, 57, black car, 83.13, 463.71, 110.77, 477.32, 96.95, 470.51, 83.13, 470.51, 110.77, 470.51, 27.65, 13.60
6.23, 44, black car, 0.00, 451.81, 29.65, 467.06, 14.82, 459.43, 0.00, 459.43, 29.65, 459.43, 29.65, 15.25
6.23, 43, white car, 635.90, 526.79, 663.16, 539.09, 649.53, 532.94, 635.90, 532.94, 663.16, 532.94, 27.26, 12.30
6.23, 18, white car, 343.51, 493.75, 371.37, 508.35, 357.44, 501.05, 343.51, 501.05, 371.37, 501.05, 27.86, 14.61
6.23, 57, black car, 81.42, 463.52, 109.26, 477.19, 95.34, 470.36, 81.42, 470.36, 109.26, 470.36, 27.84, 13.66
6.27, 44, black car, 0.00, 451.85, 28.18, 467.15, 14.09, 459.50, 0.00, 459.50, 28.18, 459.50, 28.18, 15.30
6.27, 43, white car, 634.06, 526.65, 661.31, 538.92, 647.68, 532.78, 634.06, 532.78, 661.31, 532.78, 27.25, 12.27
6.27, 18, white car, 341.77, 493.59, 369.62, 508.17, 355.70, 500.88, 341.77, 500.88, 369.62, 500.88, 27.86, 14.58
6.30, 44, black car, 0.00, 452.04, 27.71, 467.06, 13.85, 459.55, 0.00, 459.55, 27.71, 459.55, 27.71, 15.03
6.30, 43, white car, 631.67, 526.39, 659.34, 538.83, 645.50, 532.61, 631.67, 532.61, 659.34, 532.61, 27.67, 12.45
6.30, 18, white car, 340.17, 493.44, 367.98, 507.98, 354.08, 500.71, 340.17, 500.71, 367.98, 500.71, 27.81, 14.54
6.30, 57, black car, 79.01, 463.20, 106.61, 476.77, 92.81, 469.99, 79.01, 469.99, 106.61, 469.99, 27.61, 13.57
6.33, 44, black car, 0.00, 451.99, 27.04, 466.84, 13.52, 459.42, 0.00, 459.42, 27.04, 459.42, 27.04, 14.85
6.33, 43, white car, 629.14, 525.97, 657.23, 538.63, 643.18, 532.30, 629.14, 532.30, 657.23, 532.30, 28.09, 12.66
6.33, 18, white car, 337.59, 493.34, 365.18, 507.70, 351.39, 500.52, 337.59, 500.52, 365.18, 500.52, 27.60, 14.35
6.37, 44, black car, 0.00, 451.64, 26.08, 466.52, 13.04, 459.08, 0.00, 459.08, 26.08, 459.08, 26.08, 14.89
6.37, 18, white car, 335.51, 493.26, 363.25, 507.62, 349.38, 500.44, 335.51, 500.44, 363.25, 500.44, 27.74, 14.37
6.40, 44, black car, 0.00, 451.44, 26.12, 466.54, 13.06, 458.99, 0.00, 458.99, 26.12, 458.99, 26.12, 15.10
6.40, 18, white car, 333.88, 493.21, 361.34, 507.38, 347.61, 500.29, 333.88, 500.29, 361.34, 500.29, 27.46, 14.17
6.40, 57, black car, 75.20, 463.03, 102.89, 476.65, 89.05, 469.84, 75.20, 469.84, 102.89, 469.84, 27.70, 13.62
6.43, 44, black car, 0.00, 451.45, 25.35, 466.45, 12.68, 458.95, 0.00, 458.95, 25.35, 458.95, 25.35, 15.00
6.43, 18, white car, 332.85, 492.95, 359.92, 506.83, 346.38, 499.89, 332.85, 499.89, 359.92, 499.89, 27.07, 13.88
6.43, 57, black car, 73.81, 463.03, 101.61, 476.68, 87.71, 469.86, 73.81, 469.86, 101.61, 469.86, 27.80, 13.65
6.43, 43, white car, 622.67, 525.24, 650.59, 537.82, 636.63, 531.53, 622.67, 531.53, 650.59, 531.53, 27.92, 12.58
6.47, 44, black car, 0.00, 451.50, 24.25, 466.53, 12.12, 459.02, 0.00, 459.02, 24.25, 459.02, 24.25, 15.03
6.47, 43, white car, 620.58, 525.03, 648.26, 537.48, 634.42, 531.26, 620.58, 531.26, 648.26, 531.26, 27.68, 12.45
6.50, 44, black car, 0.00, 451.76, 22.68, 466.17, 11.34, 458.97, 0.00, 458.97, 22.68, 458.97, 22.68, 14.41
6.50, 43, white car, 618.17, 524.56, 646.11, 537.15, 632.14, 530.86, 618.17, 530.86, 646.11, 530.86, 27.94, 12.59
6.53, 44, black car, 0.00, 451.87, 21.48, 465.93, 10.74, 458.90, 0.00, 458.90, 21.48, 458.90, 21.48, 14.06
6.53, 43, white car, 615.71, 524.22, 644.00, 536.98, 629.85, 530.60, 615.71, 530.60, 644.00, 530.60, 28.29, 12.76
6.53, 18, white car, 326.24, 492.78, 351.69, 505.81, 338.96, 499.30, 326.24, 499.30, 351.69, 499.30, 25.45, 13.03
6.57, 43, white car, 613.83, 524.02, 642.17, 536.82, 628.00, 530.42, 613.83, 530.42, 642.17, 530.42, 28.35, 12.79
6.57, 18, white car, 323.41, 492.58, 349.20, 505.73, 336.31, 499.16, 323.41, 499.16, 349.20, 499.16, 25.79, 13.15
6.60, 43, white car, 611.51, 523.61, 639.88, 536.42, 625.70, 530.02, 611.51, 530.02, 639.88, 530.02, 28.37, 12.82
6.60, 18, white car, 321.45, 492.13, 347.35, 505.30, 334.40, 498.71, 321.45, 498.71, 347.35, 498.71, 25.90, 13.16
6.60, 57, black car, 68.98, 461.90, 96.12, 475.23, 82.55, 468.57, 68.98, 468.57, 96.12, 468.57, 27.13, 13.33
6.63, 43, white car, 609.38, 523.42, 637.20, 535.96, 623.29, 529.69, 609.38, 529.69, 637.20, 529.69, 27.82, 12.54
6.63, 18, white car, 320.55, 491.96, 346.48, 505.11, 333.51, 498.54, 320.55, 498.54, 346.48, 498.54, 25.93, 13.15
6.63, 57, black car, 67.96, 461.56, 95.22, 474.95, 81.59, 468.26, 67.96, 468.26, 95.22, 468.26, 27.25, 13.39
6.67, 43, white car, 607.07, 523.24, 634.77, 535.72, 620.92, 529.48, 607.07, 529.48, 634.77, 529.48, 27.70, 12.48
6.67, 18, white car, 318.89, 491.64, 345.71, 505.19, 332.30, 498.42, 318.89, 498.42, 345.71, 498.42, 26.82, 13.55
6.70, 43, white car, 604.88, 522.96, 632.00, 535.20, 618.44, 529.08, 604.88, 529.08, 632.00, 529.08, 27.12, 12.24
6.70, 18, white car, 317.06, 491.39, 344.51, 505.25, 330.79, 498.32, 317.06, 498.32, 344.51, 498.32, 27.45, 13.86
6.73, 43, white car, 602.51, 522.73, 629.89, 535.07, 616.20, 528.90, 602.51, 528.90, 629.89, 528.90, 27.38, 12.35
6.73, 18, white car, 315.00, 491.19, 342.64, 505.20, 328.82, 498.19, 315.00, 498.19, 342.64, 498.19, 27.64, 14.01
6.77, 43, white car, 600.24, 522.40, 628.05, 534.97, 614.14, 528.68, 600.24, 528.68, 628.05, 528.68, 27.82, 12.57
6.77, 18, white car, 313.12, 491.05, 340.60, 505.02, 326.86, 498.04, 313.12, 498.04, 340.60, 498.04, 27.48, 13.97
6.80, 43, white car, 597.82, 522.04, 625.89, 534.77, 611.86, 528.41, 597.82, 528.41, 625.89, 528.41, 28.07, 12.73
6.80, 18, white car, 311.09, 491.00, 338.34, 504.91, 324.72, 497.95, 311.09, 497.95, 338.34, 497.95, 27.24, 13.91
6.80, 44, black car, 0.00, 450.52, 16.64, 464.53, 8.32, 457.53, 0.00, 457.53, 16.64, 457.53, 16.64, 14.01
6.83, 43, white car, 595.78, 521.73, 623.90, 534.49, 609.84, 528.11, 595.78, 528.11, 623.90, 528.11, 28.12, 12.76
6.83, 18, white car, 309.31, 490.90, 336.02, 504.63, 322.67, 497.76, 309.31, 497.76, 336.02, 497.76, 26.71, 13.73
6.87, 43, white car, 593.64, 521.65, 621.45, 534.21, 607.55, 527.93, 593.64, 527.93, 621.45, 527.93, 27.81, 12.56
6.87, 18, white car, 307.60, 490.53, 334.20, 504.22, 320.90, 497.37, 307.60, 497.37, 334.20, 497.37, 26.59, 13.69
6.90, 43, white car, 591.60, 521.66, 619.16, 534.07, 605.38, 527.86, 591.60, 527.86, 619.16, 527.86, 27.56, 12.41
6.90, 18, white car, 306.35, 490.46, 332.70, 504.05, 319.53, 497.25, 306.35, 497.25, 332.70, 497.25, 26.35, 13.58
6.93, 43, white car, 589.48, 521.54, 617.06, 533.93, 603.27, 527.74, 589.48, 527.74, 617.06, 527.74, 27.58, 12.40
6.93, 18, white car, 305.19, 490.46, 330.78, 503.61, 317.99, 497.04, 305.19, 497.04, 330.78, 497.04, 25.59, 13.15
6.97, 43, white car, 587.54, 521.21, 615.44, 533.74, 601.49, 527.47, 587.54, 527.47, 615.44, 527.47, 27.90, 12.53
6.97, 18, white car, 303.85, 490.38, 329.06, 503.28, 316.45, 496.83, 303.85, 496.83, 329.06, 496.83, 25.21, 12.90
7.00, 43, white car, 585.49, 520.87, 613.56, 533.50, 599.52, 527.18, 585.49, 527.18, 613.56, 527.18, 28.07, 12.63
7.00, 18, white car, 301.68, 490.07, 327.31, 503.15, 314.49, 496.61, 301.68, 496.61, 327.31, 496.61, 25.63, 13.08
7.03, 43, white car, 583.20, 520.56, 611.17, 533.16, 597.19, 526.86, 583.20, 526.86, 611.17, 526.86, 27.97, 12.60
7.03, 18, white car, 299.54, 489.54, 326.81, 503.46, 313.17, 496.50, 299.54, 496.50, 326.81, 496.50, 27.27, 13.91
7.07, 43, white car, 581.19, 520.33, 609.02, 532.88, 595.10, 526.60, 581.19, 526.60, 609.02, 526.60, 27.82, 12.55
7.07, 18, white car, 298.06, 489.18, 325.77, 503.32, 311.91, 496.25, 298.06, 496.25, 325.77, 496.25, 27.72, 14.14
7.07, 57, black car, 52.66, 459.66, 81.64, 474.05, 67.15, 466.85, 52.66, 466.85, 81.64, 466.85, 28.98, 14.39
7.10, 18, white car, 296.64, 488.91, 324.27, 502.97, 310.45, 495.94, 296.64, 495.94, 324.27, 495.94, 27.62, 14.06
7.10, 57, black car, 51.34, 459.40, 80.75, 474.13, 66.04, 466.77, 51.34, 466.77, 80.75, 466.77, 29.40, 14.72
7.13, 18, white car, 295.36, 488.72, 322.99, 502.70, 309.17, 495.71, 295.36, 495.71, 322.99, 495.71, 27.63, 13.98
7.13, 57, black car, 50.45, 459.29, 79.98, 474.14, 65.22, 466.71, 50.45, 466.71, 79.98, 466.71, 29.54, 14.85
7.13, 43, white car, 577.04, 519.66, 604.50, 532.03, 590.77, 525.85, 577.04, 525.85, 604.50, 525.85, 27.46, 12.37
7.17, 18, white car, 293.76, 488.47, 321.35, 502.39, 307.55, 495.43, 293.76, 495.43, 321.35, 495.43, 27.59, 13.92
7.17, 57, black car, 49.36, 459.36, 78.60, 474.09, 63.98, 466.73, 49.36, 466.73, 78.60, 466.73, 29.24, 14.73
7.17, 43, white car, 574.99, 519.57, 602.11, 531.76, 588.55, 525.66, 574.99, 525.66, 602.11, 525.66, 27.12, 12.18
7.20, 18, white car, 292.52, 488.53, 319.72, 502.22, 306.12, 495.38, 292.52, 495.38, 319.72, 495.38, 27.20, 13.69
7.20, 57, black car, 48.84, 459.61, 77.33, 473.97, 63.09, 466.79, 48.84, 466.79, 77.33, 466.79, 28.49, 14.36
7.20, 43, white car, 572.88, 519.54, 599.93, 531.66, 586.41, 525.60, 572.88, 525.60, 599.93, 525.60, 27.05, 12.11
7.23, 18, white car, 290.90, 488.49, 317.70, 501.93, 304.30, 495.21, 290.90, 495.21, 317.70, 495.21, 26.80, 13.44
7.23, 43, white car, 570.82, 519.43, 597.71, 531.44, 584.27, 525.43, 570.82, 525.43, 597.71, 525.43, 26.89, 12.01
7.27, 43, white car, 568.42, 519.28, 595.66, 531.40, 582.04, 525.34, 568.42, 525.34, 595.66, 525.34, 27.24, 12.12
7.30, 43, white car, 566.04, 519.07, 593.59, 531.32, 579.82, 525.19, 566.04, 525.19, 593.59, 525.19, 27.55, 12.25
7.30, 18, white car, 287.22, 488.28, 313.56, 501.40, 300.39, 494.84, 287.22, 494.84, 313.56, 494.84, 26.34, 13.13
7.33, 43, white car, 564.11, 518.80, 591.79, 531.11, 577.95, 524.96, 564.11, 524.96, 591.79, 524.96, 27.68, 12.31
7.33, 18, white car, 285.64, 488.08, 312.10, 501.24, 298.87, 494.66, 285.64, 494.66, 312.10, 494.66, 26.47, 13.16
7.33, 57, black car, 45.69, 459.05, 73.38, 473.11, 59.53, 466.08, 45.69, 466.08, 73.38, 466.08, 27.69, 14.05
7.37, 43, white car, 561.85, 518.37, 589.83, 530.81, 575.84, 524.59, 561.85, 524.59, 589.83, 524.59, 27.98, 12.45
7.37, 18, white car, 283.99, 487.79, 310.79, 501.11, 297.39, 494.45, 283.99, 494.45, 310.79, 494.45, 26.80, 13.32
7.40, 43, white car, 559.98, 518.11, 587.75, 530.47, 573.87, 524.29, 559.98, 524.29, 587.75, 524.29, 27.77, 12.36
7.40, 18, white car, 282.17, 487.73, 309.34, 501.24, 295.76, 494.48, 282.17, 494.48, 309.34, 494.48, 27.17, 13.51
7.40, 57, black car, 44.05, 458.48, 72.26, 472.80, 58.16, 465.64, 44.05, 465.64, 72.26, 465.64, 28.20, 14.32
7.43, 18, white car, 280.08, 487.43, 307.89, 501.26, 293.99, 494.35, 280.08, 494.35, 307.89, 494.35, 27.81, 13.83
7.47, 18, white car, 278.22, 487.10, 306.43, 501.12, 292.32, 494.11, 278.22, 494.11, 306.43, 494.11, 28.21, 14.02
7.47, 43, white car, 555.37, 517.72, 583.73, 530.36, 569.55, 524.04, 555.37, 524.04, 583.73, 524.04, 28.36, 12.64
7.50, 18, white car, 276.55, 486.71, 305.31, 500.99, 290.93, 493.85, 276.55, 493.85, 305.31, 493.85, 28.75, 14.28
7.50, 43, white car, 553.30, 517.56, 581.33, 530.02, 567.31, 523.79, 553.30, 523.79, 581.33, 523.79, 28.03, 12.46
7.53, 18, white car, 274.80, 486.04, 304.06, 500.61, 289.43, 493.33, 274.80, 493.33, 304.06, 493.33, 29.26, 14.57
7.53, 43, white car, 550.89, 517.44, 578.84, 529.87, 564.86, 523.65, 550.89, 523.65, 578.84, 523.65, 27.95, 12.43
7.57, 18, white car, 273.20, 485.72, 302.05, 500.10, 287.63, 492.91, 273.20, 492.91, 302.05, 492.91, 28.85, 14.38
7.57, 43, white car, 548.91, 517.09, 577.02, 529.64, 562.97, 523.37, 548.91, 523.37, 577.02, 523.37, 28.12, 12.55
7.57, 57, black car, 37.94, 457.58, 67.04, 472.36, 52.49, 464.97, 37.94, 464.97, 67.04, 464.97, 29.10, 14.78
7.60, 18, white car, 272.12, 485.69, 300.53, 499.88, 286.33, 492.79, 272.12, 492.79, 300.53, 492.79, 28.41, 14.18
7.60, 43, white car, 546.99, 516.82, 574.80, 529.29, 560.90, 523.05, 546.99, 523.05, 574.80, 523.05, 27.81, 12.46
7.60, 57, black car, 37.06, 457.58, 65.96, 472.29, 51.51, 464.93, 37.06, 464.93, 65.96, 464.93, 28.90, 14.72
7.63, 18, white car, 270.71, 485.45, 299.31, 499.76, 285.01, 492.60, 270.71, 492.60, 299.31, 492.60, 28.60, 14.31
7.63, 43, white car, 544.81, 516.46, 572.17, 528.70, 558.49, 522.58, 544.81, 522.58, 572.17, 522.58, 27.36, 12.24
7.63, 57, black car, 35.79, 457.35, 65.06, 472.26, 50.43, 464.81, 35.79, 464.81, 65.06, 464.81, 29.27, 14.92
7.67, 18, white car, 269.02, 485.14, 297.88, 499.60, 283.45, 492.37, 269.02, 492.37, 297.88, 492.37, 28.86, 14.46
7.67, 43, white car, 542.66, 516.19, 570.50, 528.66, 556.58, 522.42, 542.66, 522.42, 570.50, 522.42, 27.84, 12.46
7.67, 57, black car, 35.06, 457.13, 64.44, 472.08, 49.75, 464.61, 35.06, 464.61, 64.44, 464.61, 29.38, 14.96
7.70, 18, white car, 267.58, 484.93, 296.13, 499.29, 281.86, 492.11, 267.58, 492.11, 296.13, 492.11, 28.56, 14.36
7.70, 43, white car, 540.66, 515.99, 568.39, 528.42, 554.52, 522.21, 540.66, 522.21, 568.39, 522.21, 27.74, 12.42
7.70, 57, black car, 34.15, 457.08, 63.30, 471.89, 48.73, 464.49, 34.15, 464.49, 63.30, 464.49, 29.15, 14.81
7.73, 18, white car, 265.99, 484.73, 294.52, 499.09, 280.26, 491.91, 265.99, 491.91, 294.52, 491.91, 28.53, 14.36
7.73, 43, white car, 538.65, 515.56, 566.72, 528.16, 552.68, 521.86, 538.65, 521.86, 566.72, 521.86, 28.07, 12.60
7.73, 57, black car, 31.97, 456.59, 61.94, 471.72, 46.96, 464.15, 31.97, 464.15, 61.94, 464.15, 29.97, 15.13
7.77, 18, white car, 264.77, 484.57, 293.09, 498.82, 278.93, 491.70, 264.77, 491.70, 293.09, 491.70, 28.32, 14.25
7.77, 43, white car, 536.52, 515.24, 564.66, 527.88, 550.59, 521.56, 536.52, 521.56, 564.66, 521.56, 28.14, 12.65
7.77, 57, black car, 30.25, 456.31, 60.53, 471.49, 45.39, 463.90, 30.25, 463.90, 60.53, 463.90, 30.28, 15.18
7.80, 18, white car, 263.59, 484.46, 291.66, 498.60, 277.62, 491.53, 263.59, 491.53, 291.66, 491.53, 28.07, 14.14
7.80, 43, white car, 534.18, 514.95, 562.41, 527.69, 548.30, 521.32, 534.18, 521.32, 562.41, 521.32, 28.23, 12.74
7.80, 57, black car, 28.55, 456.07, 59.60, 471.54, 44.08, 463.80, 28.55, 463.80, 59.60, 463.80, 31.05, 15.47
7.83, 18, white car, 261.94, 484.24, 290.18, 498.50, 276.06, 491.37, 261.94, 491.37, 290.18, 491.37, 28.24, 14.25
7.83, 43, white car, 532.16, 514.65, 560.20, 527.34, 546.18, 521.00, 532.16, 521.00, 560.20, 521.00, 28.04, 12.69
7.83, 57, black car, 28.21, 455.94, 59.34, 471.40, 43.77, 463.67, 28.21, 463.67, 59.34, 463.67, 31.13, 15.46
7.87, 18, white car, 260.50, 484.13, 288.79, 498.42, 274.65, 491.28, 260.50, 491.28, 288.79, 491.28, 28.29, 14.30
7.90, 18, white car, 258.90, 483.83, 287.23, 498.16, 273.07, 491.00, 258.90, 491.00, 287.23, 491.00, 28.33, 14.33
7.90, 43, white car, 528.36, 514.15, 555.95, 526.66, 542.16, 520.41, 528.36, 520.41, 555.95, 520.41, 27.59, 12.51
7.93, 18, white car, 257.72, 483.69, 285.84, 497.87, 271.78, 490.78, 257.72, 490.78, 285.84, 490.78, 28.12, 14.17
7.93, 43, white car, 526.43, 514.07, 553.67, 526.43, 540.05, 520.25, 526.43, 520.25, 553.67, 520.25, 27.24, 12.36
7.97, 18, white car, 256.64, 483.61, 284.55, 497.61, 270.59, 490.61, 256.64, 490.61, 284.55, 490.61, 27.91, 14.01
7.97, 43, white car, 524.53, 514.02, 551.47, 526.22, 538.00, 520.12, 524.53, 520.12, 551.47, 520.12, 26.95, 12.20
8.00, 18, white car, 255.19, 483.52, 282.97, 497.41, 269.08, 490.47, 255.19, 490.47, 282.97, 490.47, 27.78, 13.89
8.00, 43, white car, 522.45, 513.89, 549.24, 526.00, 535.84, 519.94, 522.45, 519.94, 549.24, 519.94, 26.80, 12.11
8.03, 18, white car, 253.62, 483.29, 281.84, 497.40, 267.73, 490.34, 253.62, 490.34, 281.84, 490.34, 28.22, 14.11
8.03, 43, white car, 519.99, 513.61, 546.77, 525.73, 533.38, 519.67, 519.99, 519.67, 546.77, 519.67, 26.78, 12.11
8.07, 18, white car, 252.09, 482.99, 280.71, 497.30, 266.40, 490.14, 252.09, 490.14, 280.71, 490.14, 28.62, 14.31
8.07, 43, white car, 517.42, 513.28, 544.42, 525.49, 530.92, 519.39, 517.42, 519.39, 544.42, 519.39, 27.01, 12.21
8.10, 18, white car, 250.63, 482.70, 279.82, 497.28, 265.22, 489.99, 250.63, 489.99, 279.82, 489.99, 29.20, 14.57
8.10, 43, white car, 515.43, 512.94, 542.62, 525.23, 529.03, 519.09, 515.43, 519.09, 542.62, 519.09, 27.18, 12.29
8.13, 18, white car, 249.28, 482.61, 278.51, 497.17, 263.89, 489.89, 249.28, 489.89, 278.51, 489.89, 29.23, 14.56
8.13, 43, white car, 513.54, 512.80, 540.62, 525.06, 527.08, 518.93, 513.54, 518.93, 540.62, 518.93, 27.08, 12.25
8.17, 18, white car, 247.90, 482.66, 276.90, 497.12, 262.40, 489.89, 247.90, 489.89, 276.90, 489.89, 29.01, 14.46
8.17, 43, white car, 511.68, 512.70, 538.56, 524.82, 525.12, 518.76, 511.68, 518.76, 538.56, 518.76, 26.88, 12.13
8.20, 18, white car, 246.14, 482.39, 275.59, 497.11, 260.87, 489.75, 246.14, 489.75, 275.59, 489.75, 29.45, 14.72
8.20, 43, white car, 509.53, 512.46, 536.51, 524.61, 523.02, 518.54, 509.53, 518.54, 536.51, 518.54, 26.98, 12.14
8.23, 18, white car, 244.35, 481.99, 274.08, 496.88, 259.22, 489.44, 244.35, 489.44, 274.08, 489.44, 29.73, 14.89
8.23, 43, white car, 507.44, 512.11, 534.65, 524.37, 521.05, 518.24, 507.44, 518.24, 534.65, 518.24, 27.21, 12.26
8.23, 57, black car, 19.68, 454.53, 49.60, 469.28, 34.64, 461.91, 19.68, 461.91, 49.60, 461.91, 29.92, 14.75
8.27, 18, white car, 243.10, 481.72, 272.60, 496.49, 257.85, 489.10, 243.10, 489.10, 272.60, 489.10, 29.50, 14.77
8.27, 43, white car, 505.04, 511.77, 532.91, 524.35, 518.97, 518.06, 505.04, 518.06, 532.91, 518.06, 27.88, 12.58
8.30, 18, white car, 242.34, 481.83, 271.41, 496.33, 256.88, 489.08, 242.34, 489.08, 271.41, 489.08, 29.07, 14.50
8.30, 43, white car, 502.63, 511.41, 530.86, 524.19, 516.74, 517.80, 502.63, 517.80, 530.86, 517.80, 28.23, 12.78
8.30, 57, black car, 18.89, 454.34, 48.14, 468.76, 33.52, 461.55, 18.89, 461.55, 48.14, 461.55, 29.24, 14.41
8.33, 18, white car, 241.23, 481.83, 270.32, 496.32, 255.78, 489.08, 241.23, 489.08, 270.32, 489.08, 29.09, 14.49
8.33, 43, white car, 500.81, 511.25, 528.97, 524.01, 514.89, 517.63, 500.81, 517.63, 528.97, 517.63, 28.16, 12.76
8.33, 57, black car, 18.57, 454.19, 47.81, 468.59, 33.19, 461.39, 18.57, 461.39, 47.81, 461.39, 29.24, 14.40
8.37, 18, white car, 239.83, 481.66, 269.21, 496.31, 254.52, 488.98, 239.83, 488.98, 269.21, 488.98, 29.39, 14.65
8.37, 43, white car, 498.84, 511.05, 526.97, 523.79, 512.91, 517.42, 498.84, 517.42, 526.97, 517.42, 28.13, 12.74
8.37, 57, black car, 17.77, 454.09, 46.89, 468.43, 32.33, 461.26, 17.77, 461.26, 46.89, 461.26, 29.11, 14.33
8.40, 18, white car, 238.49, 481.49, 267.96, 496.20, 253.23, 488.85, 238.49, 488.85, 267.96, 488.85, 29.47, 14.71
8.40, 43, white car, 496.81, 510.54, 525.07, 523.31, 510.94, 516.93, 496.81, 516.93, 525.07, 516.93, 28.26, 12.77
8.40, 57, black car, 16.97, 454.16, 45.60, 468.23, 31.29, 461.20, 16.97, 461.20, 45.60, 461.20, 28.63, 14.07
8.43, 18, white car, 236.63, 481.25, 266.63, 496.26, 251.63, 488.75, 236.63, 488.75, 266.63, 488.75, 30.00, 15.01
8.43, 43, white car, 494.25, 510.07, 522.89, 523.07, 508.57, 516.57, 494.25, 516.57, 522.89, 516.57, 28.64, 13.00
8.47, 18, white car, 234.62, 480.98, 265.40, 496.42, 250.01, 488.70, 234.62, 488.70, 265.40, 488.70, 30.78, 15.44
8.47, 43, white car, 492.22, 509.79, 520.67, 522.74, 506.45, 516.27, 492.22, 516.27, 520.67, 516.27, 28.45, 12.95
8.50, 18, white car, 233.59, 480.78, 264.36, 496.25, 248.97, 488.52, 233.59, 488.52, 264.36, 488.52, 30.76, 15.48
8.50, 43, white car, 489.76, 509.30, 518.95, 522.67, 504.35, 515.99, 489.76, 515.99, 518.95, 515.99, 29.19, 13.37
8.53, 18, white car, 232.61, 480.66, 262.82, 495.93, 247.71, 488.29, 232.61, 488.29, 262.82, 488.29, 30.21, 15.27
8.53, 43, white car, 487.39, 508.74, 517.49, 522.63, 502.44, 515.68, 487.39, 515.68, 517.49, 515.68, 30.09, 13.89
8.57, 18, white car, 230.89, 480.49, 261.25, 495.90, 246.07, 488.19, 230.89, 488.19, 261.25, 488.19, 30.35, 15.41
8.57, 43, white car, 485.90, 508.49, 515.98, 522.46, 500.94, 515.48, 485.90, 515.48, 515.98, 515.48, 30.08, 13.97
8.60, 18, white car, 229.96, 480.15, 260.13, 495.53, 245.04, 487.84, 229.96, 487.84, 260.13, 487.84, 30.17, 15.38
8.60, 43, white car, 483.91, 508.13, 514.43, 522.39, 499.17, 515.26, 483.91, 515.26, 514.43, 515.26, 30.52, 14.26
8.63, 18, white car, 229.11, 479.95, 258.90, 495.17, 244.01, 487.56, 229.11, 487.56, 258.90, 487.56, 29.79, 15.21
8.63, 43, white car, 481.98, 508.04, 511.74, 521.93, 496.86, 514.99, 481.98, 514.99, 511.74, 514.99, 29.76, 13.89
8.67, 18, white car, 228.25, 479.88, 257.76, 494.94, 243.00, 487.41, 228.25, 487.41, 257.76, 487.41, 29.51, 15.07
8.67, 43, white car, 479.86, 507.92, 509.42, 521.73, 494.64, 514.83, 479.86, 514.83, 509.42, 514.83, 29.56, 13.82
8.70, 18, white car, 227.22, 479.80, 256.44, 494.66, 241.83, 487.23, 227.22, 487.23, 256.44, 487.23, 29.22, 14.86
8.70, 43, white car, 478.02, 507.66, 507.00, 521.25, 492.51, 514.45, 478.02, 514.45, 507.00, 514.45, 28.98, 13.59
8.73, 18, white car, 226.31, 479.84, 255.32, 494.54, 240.82, 487.19, 226.31, 487.19, 255.32, 487.19, 29.01, 14.70
8.73, 43, white car, 476.15, 507.74, 504.39, 521.00, 490.27, 514.37, 476.15, 514.37, 504.39, 514.37, 28.24, 13.26
8.77, 18, white car, 225.06, 479.70, 254.45, 494.53, 239.76, 487.12, 225.06, 487.12, 254.45, 487.12, 29.38, 14.83
8.77, 43, white car, 474.08, 507.59, 502.26, 520.82, 488.17, 514.21, 474.08, 514.21, 502.26, 514.21, 28.18, 13.23
8.80, 18, white car, 223.60, 479.45, 253.30, 494.38, 238.45, 486.91, 223.60, 486.91, 253.30, 486.91, 29.70, 14.93
8.80, 43, white car, 472.32, 507.36, 500.56, 520.62, 486.44, 513.99, 472.32, 513.99, 500.56, 513.99, 28.24, 13.26
8.83, 18, white car, 222.61, 479.36, 252.08, 494.10, 237.34, 486.73, 222.61, 486.73, 252.08, 486.73, 29.47, 14.74
8.83, 43, white car, 470.30, 507.16, 498.46, 520.37, 484.38, 513.77, 470.30, 513.77, 498.46, 513.77, 28.16, 13.21
8.87, 18, white car, 221.46, 479.39, 250.99, 494.12, 236.22, 486.75, 221.46, 486.75, 250.99, 486.75, 29.53, 14.73
8.87, 43, white car, 468.41, 506.91, 496.43, 520.01, 482.42, 513.46, 468.41, 513.46, 496.43, 513.46, 28.02, 13.10
8.90, 18, white car, 220.29, 479.35, 249.57, 493.93, 234.93, 486.64, 220.29, 486.64, 249.57, 486.64, 29.28, 14.58
8.90, 43, white car, 466.25, 506.48, 494.66, 519.73, 480.46, 513.11, 466.25, 513.11, 494.66, 513.11, 28.41, 13.25
8.93, 18, white car, 219.50, 479.27, 248.49, 493.67, 234.00, 486.47, 219.50, 486.47, 248.49, 486.47, 28.99, 14.40
8.93, 43, white car, 464.41, 506.36, 492.74, 519.56, 478.57, 512.96, 464.41, 512.96, 492.74, 512.96, 28.33, 13.19
8.97, 18, white car, 218.25, 479.24, 247.38, 493.70, 232.82, 486.47, 218.25, 486.47, 247.38, 486.47, 29.13, 14.46
8.97, 43, white car, 462.35, 506.31, 490.59, 519.46, 476.47, 512.89, 462.35, 512.89, 490.59, 512.89, 28.25, 13.16
9.00, 18, white car, 216.95, 479.10, 246.01, 493.51, 231.48, 486.30, 216.95, 486.30, 246.01, 486.30, 29.06, 14.41
9.00, 43, white car, 460.19, 506.11, 488.70, 519.41, 474.44, 512.76, 460.19, 512.76, 488.70, 512.76, 28.51, 13.29
9.03, 18, white car, 215.99, 478.92, 245.17, 493.38, 230.58, 486.15, 215.99, 486.15, 245.17, 486.15, 29.18, 14.46
9.07, 18, white car, 215.04, 478.73, 244.41, 493.27, 229.73, 486.00, 215.04, 486.00, 244.41, 486.00, 29.37, 14.54
9.10, 18, white car, 214.28, 478.60, 243.48, 493.02, 228.88, 485.81, 214.28, 485.81, 243.48, 485.81, 29.20, 14.42
9.13, 18, white car, 213.35, 478.64, 242.21, 492.83, 227.78, 485.74, 213.35, 485.74, 242.21, 485.74, 28.87, 14.20
9.17, 18, white car, 212.49, 478.57, 240.89, 492.46, 226.69, 485.52, 212.49, 485.52, 240.89, 485.52, 28.40, 13.89
9.17, 43, white car, 449.74, 504.16, 479.48, 518.10, 464.61, 511.13, 449.74, 511.13, 479.48, 511.13, 29.74, 13.93
9.20, 18, white car, 211.52, 478.61, 239.44, 492.20, 225.48, 485.41, 211.52, 485.41, 239.44, 485.41, 27.92, 13.58
9.20, 43, white car, 447.24, 503.94, 477.17, 518.03, 462.20, 510.99, 447.24, 510.99, 477.17, 510.99, 29.93, 14.09
9.23, 18, white car, 210.55, 478.60, 238.43, 492.09, 224.49, 485.35, 210.55, 485.35, 238.43, 485.35, 27.88, 13.48
9.23, 43, white car, 445.24, 503.80, 475.07, 517.90, 460.16, 510.85, 445.24, 510.85, 475.07, 510.85, 29.83, 14.10
9.27, 18, white car, 208.77, 478.30, 237.40, 492.05, 223.08, 485.18, 208.77, 485.18, 237.40, 485.18, 28.63, 13.75
9.27, 43, white car, 443.66, 503.63, 473.57, 517.80, 458.61, 510.72, 443.66, 510.72, 473.57, 510.72, 29.91, 14.17
9.30, 18, white car, 207.48, 478.07, 236.56, 492.01, 222.02, 485.04, 207.48, 485.04, 236.56, 485.04, 29.08, 13.94
9.30, 43, white car, 442.09, 503.45, 472.11, 517.66, 457.10, 510.55, 442.09, 510.55, 472.11, 510.55, 30.02, 14.22
9.33, 18, white car, 206.19, 477.89, 235.33, 491.87, 220.76, 484.88, 206.19, 484.88, 235.33, 484.88, 29.14, 13.99
9.33, 43, white car, 439.97, 503.05, 469.58, 517.07, 454.78, 510.06, 439.97, 510.06, 469.58, 510.06, 29.60, 14.03
9.37, 18, white car, 205.00, 477.76, 234.23, 491.77, 219.62, 484.76, 205.00, 484.76, 234.23, 484.76, 29.23, 14.01
9.37, 43, white car, 437.71, 502.69, 467.34, 516.74, 452.53, 509.72, 437.71, 509.72, 467.34, 509.72, 29.62, 14.06
9.40, 18, white car, 203.76, 477.63, 232.91, 491.65, 218.33, 484.64, 203.76, 484.64, 232.91, 484.64, 29.16, 14.03
9.40, 43, white car, 435.99, 502.70, 465.11, 516.55, 450.55, 509.62, 435.99, 509.62, 465.11, 509.62, 29.12, 13.85
9.43, 18, white car, 202.89, 477.51, 232.08, 491.60, 217.49, 484.56, 202.89, 484.56, 232.08, 484.56, 29.19, 14.09
9.43, 43, white car, 434.15, 502.57, 463.18, 516.38, 448.67, 509.48, 434.15, 509.48, 463.18, 509.48, 29.03, 13.82
9.47, 43, white car, 432.09, 502.45, 461.19, 516.34, 446.64, 509.40, 432.09, 509.40, 461.19, 509.40, 29.10, 13.88
9.50, 43, white car, 430.15, 502.09, 459.58, 516.19, 444.86, 509.14, 430.15, 509.14, 459.58, 509.14, 29.44, 14.10
9.50, 18, white car, 201.66, 477.52, 230.28, 491.39, 215.97, 484.45, 201.66, 484.45, 230.28, 484.45, 28.63, 13.88
9.53, 43, white car, 428.02, 501.77, 457.63, 516.02, 442.83, 508.89, 428.02, 508.89, 457.63, 508.89, 29.61, 14.25
9.53, 18, white car, 200.97, 477.43, 229.50, 491.31, 215.23, 484.37, 200.97, 484.37, 229.50, 484.37, 28.53, 13.88
9.57, 43, white car, 426.33, 501.54, 455.49, 515.61, 440.91, 508.58, 426.33, 508.58, 455.49, 508.58, 29.15, 14.07
9.60, 43, white car, 424.42, 501.32, 453.14, 515.22, 438.78, 508.27, 424.42, 508.27, 453.14, 508.27, 28.72, 13.90
9.63, 43, white car, 422.56, 501.11, 451.23, 515.01, 436.90, 508.06, 422.56, 508.06, 451.23, 508.06, 28.67, 13.89
9.67, 43, white car, 420.78, 500.91, 449.21, 514.73, 434.99, 507.82, 420.78, 507.82, 449.21, 507.82, 28.43, 13.81
9.70, 43, white car, 418.52, 500.74, 447.31, 514.76, 432.91, 507.75, 418.52, 507.75, 447.31, 507.75, 28.78, 14.02
9.73, 43, white car, 416.89, 500.64, 445.52, 514.61, 431.20, 507.62, 416.89, 507.62, 445.52, 507.62, 28.62, 13.97
9.77, 43, white car, 415.29, 500.29, 444.13, 514.37, 429.71, 507.33, 415.29, 507.33, 444.13, 507.33, 28.84, 14.08
9.80, 43, white car, 413.46, 499.91, 442.27, 514.00, 427.87, 506.95, 413.46, 506.95, 442.27, 506.95, 28.82, 14.09
9.83, 43, white car, 411.90, 499.82, 440.19, 513.61, 426.05, 506.71, 411.90, 506.71, 440.19, 506.71, 28.28, 13.79
9.87, 43, white car, 410.34, 499.61, 438.48, 513.28, 424.41, 506.45, 410.34, 506.45, 438.48, 506.45, 28.14, 13.67
9.87, 18, white car, 186.77, 474.92, 218.07, 490.14, 202.42, 482.53, 186.77, 482.53, 218.07, 482.53, 31.29, 15.22
9.90, 43, white car, 408.36, 499.24, 437.03, 513.12, 422.69, 506.18, 408.36, 506.18, 437.03, 506.18, 28.66, 13.88
9.90, 18, white car, 186.13, 474.71, 217.68, 490.10, 201.91, 482.40, 186.13, 482.40, 217.68, 482.40, 31.55, 15.39
9.93, 43, white car, 406.23, 499.14, 434.65, 512.86, 420.44, 506.00, 406.23, 506.00, 434.65, 506.00, 28.42, 13.72
9.93, 18, white car, 185.70, 474.77, 217.03, 490.09, 201.36, 482.43, 185.70, 482.43, 217.03, 482.43, 31.33, 15.32
9.97, 43, white car, 404.16, 498.88, 433.12, 512.83, 418.64, 505.85, 404.16, 505.85, 433.12, 505.85, 28.95, 13.96
9.97, 18, white car, 184.94, 474.70, 216.22, 490.05, 200.58, 482.38, 184.94, 482.38, 216.22, 482.38, 31.27, 15.35
