rois59 = [
    [(0, 465), (680, 500), (1450, 480), (1450, 508), (1050, 520), (720, 523), (0, 488)],  # lane 1
    [(0, 488), (720, 523), (1050, 520), (1450, 508), (1450, 524), (1030, 537), (680, 538), (0, 504)],  # lane 2
    [(0, 504), (680, 538), (1030, 537), (1450, 524), (1450, 540), (1020, 555), (680, 558), (0, 521)]  # lane 3
]

rois60 = [
    [(0, 460), (680, 500), (1450, 480), (1450, 513), (1050, 522), (720, 522), (0, 478)],  # lane 1
    [(0, 478), (720, 522), (1050, 522), (1450, 513), (1450, 530), (1030, 539), (680, 537), (0, 496)],  # lane 2
    [(0, 496), (680, 537), (1030, 539), (1450, 530), (1450, 548), (1020, 555), (680, 554), (0, 513)]  # lane 3
]

rois61 = [
    [(0, 455), (680, 500), (1450, 480), (1450, 513), (1050, 522), (720, 519), (0, 475)],  # lane 1
    [(0, 475), (720, 519), (1050, 522), (1450, 513), (1450, 530), (1030, 538), (680, 534), (0, 492)],  # lane 2
    [(0, 492), (680, 534), (1030, 538), (1450, 530), (1450, 548), (1020, 555), (680, 554), (0, 512)]  # lane 3
]

rois62 = [
    [(0, 455), (680, 500), (1450, 480), (1450, 513), (1050, 522), (720, 519), (0, 475)],  # lane 1
    [(0, 475), (720, 519), (1050, 522), (1450, 513), (1450, 530), (1030, 539), (680, 534), (0, 492)],  # lane 2
    [(0, 492), (680, 534), (1030, 539), (1450, 530), (1450, 548), (1020, 555), (680, 554), (0, 512)]  # lane 3
]

rois63 = [
    [(0, 450), (680, 500), (1450, 480), (1450, 518), (1050, 524), (720, 519), (0, 470)],  # lane 1
    [(0, 470), (720, 519), (1050, 524), (1450, 518), (1450, 535), (1030, 540), (680, 534), (0, 485)],  # lane 2
    [(0, 485), (680, 534), (1030, 540), (1450, 535), (1450, 553), (1020, 555), (680, 554), (0, 507)]  # lane 3
]

rois64 = [
    [(0, 430), (680, 480), (1450, 500), (1450, 527), (1050, 525), (720, 513), (0, 450)],  # lane 1
    [(0, 450), (720, 513), (1050, 525), (1450, 527), (1450, 544), (1030, 541), (680, 528), (0, 465)],  # lane 2
    [(0, 465), (680, 528), (1030, 541), (1450, 544), (1450, 565), (1020, 558), (680, 545), (0, 485)]  # lane 3
]

rois65 = [
    [(0, 430), (680, 480), (1450, 500), (1450, 527), (1050, 523), (720, 513), (0, 450)],  # lane 1
    [(0, 450), (720, 513), (1050, 523), (1450, 527), (1450, 544), (1030, 539), (680, 528), (0, 465)],  # lane 2
    [(0, 465), (680, 528), (1030, 539), (1450, 544), (1450, 565), (1020, 558), (680, 545), (0, 485)]  # lane 3
]

rois66 = [
    [(0, 420), (680, 480), (1450, 500), (1450, 532), (1050, 524), (720, 511), (0, 439)],  # lane 1
    [(0, 439), (720, 511), (1050, 524), (1450, 532), (1450, 548), (1030, 540), (680, 526), (0, 454)],  # lane 2
    [(0, 454), (680, 526), (1030, 540), (1450, 548), (1450, 565), (1020, 558), (680, 545), (0, 474)]  # lane 3
]

rois67 = [
    [(0, 415), (680, 480), (1450, 500), (1450, 537), (1050, 527), (720, 511), (0, 435)],  # lane 1
    [(0, 435), (720, 511), (1050, 527), (1450, 537), (1450, 553), (1030, 542), (680, 525), (0, 450)],  # lane 2
    [(0, 450), (680, 525), (1030, 542), (1450, 553), (1450, 570), (1020, 558), (680, 545), (0, 468)]  # lane 3
]

rois68 = [
    [(0, 410), (680, 480), (1450, 510), (1450, 540), (1050, 527), (720, 510), (0, 430)],  # lane 1
    [(0, 430), (720, 510), (1050, 527), (1450, 540), (1450, 556), (1030, 542), (680, 524), (0, 445)],  # lane 2
    [(0, 445), (680, 524), (1030, 542), (1450, 556), (1450, 573), (1020, 558), (680, 545), (0, 463)]  # lane 3
]

rois69 = [
    [(0, 410), (680, 480), (1450, 510), (1450, 540), (1050, 527), (720, 508), (0, 427)],  # lane 1
    [(0, 427), (720, 508), (1050, 527), (1450, 540), (1450, 556), (1030, 542), (680, 522), (0, 442)],  # lane 2
    [(0, 442), (680, 522), (1030, 542), (1450, 556), (1450, 573), (1020, 558), (680, 540), (0, 460)]  # lane 3
]

rois70 = [
    [(0, 403), (680, 480), (1450, 510), (1450, 543), (1050, 528), (720, 507), (0, 419)],  # lane 1
    [(0, 419), (720, 507), (1050, 528), (1450, 543), (1450, 559), (1030, 543), (680, 521), (0, 434)],  # lane 2
    [(0, 434), (680, 521), (1030, 543), (1450, 559), (1450, 576), (1020, 558), (680, 540), (0, 452)]  # lane 3
]

rois71 = [
    [(0, 398), (680, 480), (1450, 510), (1450, 545), (1050, 528), (720, 507), (0, 418)],  # lane 1
    [(0, 418), (720, 507), (1050, 528), (1450, 545), (1450, 561), (1030, 543), (680, 520), (0, 433)],  # lane 2
    [(0, 433), (680, 520), (1030, 543), (1450, 561), (1450, 578), (1020, 558), (680, 540), (0, 452)]  # lane 3
]