rois72 = [
    [(0, 395), (745, 492), (1444, 532), (1444, 546), (1050, 530), (740, 507), (0, 410)],  # lane 1
    [(0, 410), (740, 507), (1050, 530), (1444, 546), (1444, 562), (1030, 545), (735, 521), (0, 431)],  # lane 2
    [(0, 431), (735, 521), (1030, 545), (1444, 562), (1444, 578), (1020, 560), (735, 538), (0, 445)]  # lane 3
]

rois73 = [
    [(0, 391), (745, 492), (1444, 532), (1444, 547), (1050, 530), (740, 506), (0, 409)],  # lane 1
    [(0, 409), (740, 506), (1050, 530), (1444, 547), (1444, 562), (1030, 545), (735, 521), (0, 425)],  # lane 2 
    [(0, 425), (735, 521), (1030, 545), (1444, 562), (1444, 580), (1020, 558), (735, 536), (0, 441)]  # lane 3
]

rois74 = [
    [(0, 391), (745, 492), (1444, 532), (1444, 550), (1050, 530), (740, 506), (0, 409)],  # lane 1
    [(0, 409), (740, 506), (1050, 530), (1444, 550), (1444, 566), (1030, 545), (735, 521), (0, 425)],  # lane 2
    [(0, 425), (735, 521), (1030, 545), (1444, 566), (1444, 582), (1020, 559), (735, 537), (0, 442)]  # lane 3
]

rois75 = [
    [(0, 391), (745, 492), (1444, 532), (1444, 550), (1050, 530), (740, 506), (0, 409)],  # lane 1
    [(0, 409), (740, 506), (1050, 530), (1444, 550), (1444, 566), (1030, 545), (735, 521), (0, 425)],  # lane 2
    [(0, 425), (735, 521), (1030, 545), (1444, 566), (1444, 582), (1020, 559), (735, 537), (0, 442)]  # lane 3
]

rois76 = [
    [(0, 391), (745, 492), (1444, 532), (1444, 550), (1050, 530), (740, 506), (0, 409)],  # lane 1
    [(0, 409), (740, 506), (1050, 530), (1444, 550), (1444, 566), (1030, 545), (735, 522), (0, 425)],  # lane 2
    [(0, 425), (735, 522), (1030, 545), (1444, 566), (1444, 582), (1020, 559), (735, 538), (0, 442)]  # lane 3
]

rois77 = [
    [(0, 391), (745, 492), (1444, 532), (1444, 550), (1050, 530), (740, 506), (0, 409)],  # lane 1
    [(0, 409), (740, 506), (1050, 530), (1444, 550), (1444, 566), (1030, 545), (735, 522), (0, 425)],  # lane 2
    [(0, 425), (735, 522), (1030, 545), (1444, 566), (1444, 582), (1020, 559), (735, 538), (0, 442)]  # lane 3
]

rois78 = [
    [(0, 391), (745, 492), (1444, 532), (1444, 550), (1050, 530), (740, 506), (0, 409)],  # lane 1
    [(0, 409), (740, 506), (1050, 530), (1444, 550), (1444, 566), (1030, 545), (735, 522), (0, 426)],  # lane 2
    [(0, 426), (735, 522), (1030, 545), (1444, 566), (1444, 582), (1020, 560), (735, 539), (0, 444)]  # lane 3
]

rois79 = [
    [(0, 391), (745, 492), (1444, 532), (1444, 552), (1050, 530), (740, 508), (0, 409)],  # lane 1
    [(0, 409), (740, 508), (1050, 530), (1444, 552), (1444, 567), (1030, 545), (735, 523), (0, 426)],  # lane 2
    [(0, 426), (735, 523), (1030, 545), (1444, 567), (1444, 584), (1020, 560), (735, 539), (0, 444)]  # lane 3
]

rois80 = [
    [(0, 391), (745, 492), (1444, 536), (1444, 554), (1050, 532), (740, 508), (0, 409)],  # lane 1
    [(0, 409), (740, 508), (1050, 532), (1444, 554), (1444, 571), (1030, 546), (735, 523), (0, 426)],  # lane 2
    [(0, 426), (735, 523), (1030, 546), (1444, 571), (1444, 586), (1020, 560), (735, 540), (0, 444)]  # lane 3
]

rois81 = [
    [(0, 391), (745, 492), (1444, 537), (1444, 554), (1050, 532), (740, 508), (0, 409)],  # lane 1
    [(0, 409), (740, 508), (1050, 532), (1444, 554), (1444, 571), (1030, 547), (735, 523), (0, 426)],  # lane 2
    [(0, 426), (735, 523), (1030, 547), (1444, 571), (1444, 587), (1020, 562), (735, 540), (0, 443)]  # lane 3
]

rois82 = [
    [(0, 371), (745, 492), (1444, 557), (1444, 572), (1050, 540), (740, 508), (0, 389)],  # lane 1
    [(0, 389), (740, 508), (1050, 540), (1444, 572), (1444, 590), (1030, 552), (735, 523), (0, 406)],  # lane 2
    [(0, 406), (735, 523), (1030, 552), (1444, 590), (1444, 604), (1020, 569), (735, 540), (0, 423)]  # lane 3
]

rois83 = [
    [(0, 371), (745, 492), (1444, 555), (1444, 571), (1050, 540), (740, 508), (0, 389)],  # lane 1
    [(0, 389), (740, 508), (1050, 540), (1444, 571), (1444, 588), (1030, 552), (735, 523), (0, 406)],  # lane 2
    [(0, 406), (735, 523), (1030, 552), (1444, 588), (1444, 602), (1020, 568), (735, 538), (0, 423)]  # lane 3
]



rois85 = [
    [(0, 441), (745, 505), (1425, 512), (1425, 528), (1050, 528), (740, 520), (0, 459)],  # lane 1
    [(0, 459), (740, 520), (1050, 528), (1425, 528), (1425, 545), (1030, 542), (735, 537), (0, 475)],  # lane 2
    [(0, 475), (735, 537), (1030, 542), (1425, 545), (1425, 560), (1020, 558), (735, 552), (0, 492)]  # lane 3
]

rois86 = [
    [(0, 437), (745, 502), (1425, 512), (1425, 528), (1050, 525), (740, 518), (0, 453)],  # lane 1
    [(0, 453), (740, 518), (1050, 525), (1425, 528), (1425, 545), (1030, 542), (735, 535), (0, 470)],  # lane 2
    [(0, 470), (735, 535), (1030, 542), (1425, 545), (1425, 562), (1020, 556), (735, 550), (0, 486)]  # lane 3
]

rois87 = [
    [(0, 440), (745, 502), (1425, 512), (1425, 528), (1050, 525), (740, 520), (0, 457)],  # lane 1
    [(0, 457), (740, 520), (1050, 525), (1425, 528), (1425, 545), (1030, 542), (735, 535), (0, 472)],  # lane 2
    [(0, 472), (735, 535), (1030, 542), (1425, 545), (1425, 562), (1020, 556), (735, 552), (0, 490)]  # lane 3
]

rois88 = [
    [(0, 441), (745, 502), (1425, 512), (1425, 528), (1050, 525), (740, 520), (0, 458)],  # lane 1
    [(0, 458), (740, 520), (1050, 525), (1425, 528), (1425, 545), (1030, 542), (735, 535), (0, 473)],  # lane 2
    [(0, 473), (735, 535), (1030, 542), (1425, 545), (1425, 562), (1020, 556), (735, 552), (0, 491)]  # lane 3
]

rois89 = [
    [(0, 441), (745, 502), (1425, 512), (1425, 528), (1050, 525), (740, 520), (0, 458)],  # lane 1
    [(0, 458), (740, 520), (1050, 525), (1425, 528), (1425, 545), (1030, 542), (735, 535), (0, 473)],  # lane 2
    [(0, 473), (735, 535), (1030, 542), (1425, 545), (1425, 562), (1020, 556), (735, 552), (0, 491)]  # lane 3
]

rois90 = [
    [(0, 441), (745, 502), (1425, 512), (1425, 528), (1050, 526), (740, 520), (0, 458)],  # lane 1
    [(0, 458), (740, 520), (1050, 526), (1425, 528), (1425, 545), (1030, 542), (735, 535), (0, 473)],  # lane 2
    [(0, 473), (735, 535), (1030, 542), (1425, 545), (1425, 562), (1020, 558), (735, 552), (0, 492)]  # lane 3
]

rois91 = [
    [(0, 441), (745, 502), (1425, 512), (1425, 528), (1050, 526), (740, 520), (0, 458)],  # lane 1
    [(0, 458), (740, 520), (1050, 526), (1425, 528), (1425, 545), (1030, 542), (735, 535), (0, 473)],  # lane 2
    [(0, 473), (735, 535), (1030, 542), (1425, 545), (1425, 562), (1020, 558), (735, 552), (0, 492)]  # lane 3
]

rois92 = [
    [(0, 444), (745, 502), (1425, 512), (1425, 528), (1050, 526), (740, 522), (0, 461)],  # lane 1
    [(0, 461), (740, 522), (1050, 526), (1425, 528), (1425, 545), (1030, 542), (735, 537), (0, 477)],  # lane 2
    [(0, 477), (735, 537), (1030, 542), (1425, 545), (1425, 562), (1020, 558), (735, 553), (0, 495)]  # lane 3
]

rois93 = [
    [(0, 451), (745, 506), (1425, 510), (1425, 526), (1050, 526), (740, 522), (0, 468)],  # lane 1
    [(0, 468), (740, 522), (1050, 526), (1425, 526), (1425, 542), (1030, 542), (735, 537), (0, 484)],  # lane 2
    [(0, 484), (735, 537), (1030, 542), (1425, 542), (1425, 557), (1020, 558), (735, 554), (0, 500)]  # lane 3
]

rois94 = [
    [(0, 453), (745, 507), (1425, 509), (1425, 525), (1050, 525), (740, 522), (0, 471)],  # lane 1
    [(0, 471), (740, 522), (1050, 525), (1425, 525), (1425, 542), (1030, 543), (735, 539), (0, 487)],  # lane 2
    [(0, 487), (735, 539), (1030, 543), (1425, 542), (1425, 557), (1020, 558), (735, 556), (0, 504)]  # lane 3
]

rois95 = [
    [(0, 457), (745, 509), (1425, 509), (1425, 525), (1050, 526), (740, 525), (0, 474)],  # lane 1
    [(0, 474), (740, 525), (1050, 526), (1425, 525), (1425, 542), (1030, 543), (735, 539), (0, 490)],  # lane 2
    [(0, 490), (735, 539), (1030, 543), (1425, 542), (1425, 557), (1020, 558), (735, 558), (0, 507)]  # lane 3
]

rois96 = [
    [(0, 457), (745, 509), (1425, 509), (1425, 525), (1050, 526), (740, 525), (0, 474)],  # lane 1
    [(0, 474), (740, 525), (1050, 526), (1425, 525), (1425, 540), (1030, 543), (735, 539), (0, 490)],  # lane 2
    [(0, 490), (735, 539), (1030, 543), (1425, 540), (1425, 556), (1020, 558), (735, 558), (0, 507)]  # lane 3
]
 
rois97 = [
    [(0, 462), (745, 512), (1425, 509), (1425, 525), (1050, 528), (740, 528), (0, 479)],  # lane 1
    [(0, 479), (740, 528), (1050, 528), (1425, 525), (1425, 540), (1030, 545), (735, 542), (0, 495)],  # lane 2
    [(0, 495), (735, 542), (1030, 545), (1425, 540), (1425, 556), (1020, 559), (735, 560), (0, 512)]  # lane 3
]

rois98 = [
    [(0, 462), (745, 510), (1425, 506), (1425, 522), (1050, 527), (740, 526), (0, 479)],  # lane 1
    [(0, 479), (740, 526), (1050, 527), (1425, 522), (1425, 538), (1030, 544), (735, 542), (0, 495)],  # lane 2
    [(0, 495), (735, 542), (1030, 544), (1425, 538), (1425, 554), (1020, 557), (735, 558), (0, 512)]  # lane 3
]

rois99 = [
    [(0, 484), (680, 518), (1359, 500), (1359, 517), (1050, 527), (680, 534), (0, 502)],  # lane 1
    [(0, 502), (680, 534), (1050, 527), (1359, 517), (1359, 530), (1030, 544), (680, 549), (0, 518)],  # lane 2
    [(0, 518), (680, 549), (1030, 544), (1359, 530), (1359, 545), (1020, 558), (680, 565), (0, 535)]  # lane 3
]

rois100 = [
    [(0, 490), (680, 524), (1359, 505), (1359, 522), (1050, 532), (680, 539), (0, 507)],  # lane 1
    [(0, 507), (680, 539), (1050, 532), (1359, 522), (1359, 535), (1030, 549), (680, 554), (0, 523)],  # lane 2
    [(0, 523), (680, 554), (1030, 549), (1359, 535), (1359, 550), (1020, 563), (680, 570), (0, 540)]  # lane 3
]

rois101 = [
    [(0, 490), (680, 520), (1359, 505), (1359, 522), (1050, 532), (680, 536), (0, 507)],  # lane 1
    [(0, 507), (680, 536), (1050, 532), (1359, 522), (1359, 535), (1030, 549), (680, 551), (0, 523)],  # lane 2
    [(0, 523), (680, 551), (1030, 549), (1359, 535), (1359, 550), (1020, 563), (680, 567), (0, 540)]  # lane 3
]

rois102 = [
    [(0, 490), (680, 522), (1359, 505), (1359, 522), (1050, 532), (680, 538), (0, 507)],  # lane 1
    [(0, 507), (680, 538), (1050, 532), (1359, 522), (1359, 535), (1030, 549), (680, 553), (0, 523)],  # lane 2
    [(0, 523), (680, 553), (1030, 549), (1359, 535), (1359, 550), (1020, 563), (680, 570), (0, 540)]  # lane 3
]

rois103 = [
    [(0, 487), (680, 519), (1359, 502), (1359, 519), (1050, 529), (680, 535), (0, 506)],  # lane 1
    [(0, 506), (680, 535), (1050, 529), (1359, 519), (1359, 535), (1030, 547), (680, 552), (0, 522)],  # lane 2
    [(0, 522), (680, 552), (1030, 547), (1359, 535), (1359, 550), (1020, 561), (680, 567), (0, 537)]  # lane 3
]

rois104 = [
    [(0, 490), (680, 521), (1359, 502), (1359, 519), (1050, 529), (680, 537), (0, 507)],  # lane 1
    [(0, 507), (680, 537), (1050, 529), (1359, 519), (1359, 535), (1030, 547), (680, 552), (0, 524)],  # lane 2
    [(0, 524), (680, 552), (1030, 547), (1359, 535), (1359, 550), (1020, 561), (680, 567), (0, 541)]  # lane 3
]

rois105 = [
    [(0, 490), (680, 518), (1359, 499), (1359, 515), (1050, 526), (680, 535), (0, 507)],  # lane 1
    [(0, 507), (680, 535), (1050, 526), (1359, 515), (1359, 532), (1030, 544), (680, 552), (0, 522)],  # lane 2
    [(0, 522), (680, 552), (1030, 544), (1359, 532), (1359, 547), (1020, 558), (680, 567), (0, 539)]  # lane 3
]

rois106 = [
    [(0, 490), (680, 520), (1359, 500), (1359, 516), (1050, 527), (680, 536), (0, 507)],  # lane 1
    [(0, 507), (680, 536), (1050, 527), (1359, 516), (1359, 532), (1030, 544), (680, 552), (0, 522)],  # lane 2
    [(0, 522), (680, 552), (1030, 544), (1359, 532), (1359, 550), (1020, 559), (680, 568), (0, 541)]  # lane 3
]

rois107 = [
    [(0, 490), (680, 521), (1359, 502), (1359, 518), (1050, 527), (680, 538), (0, 507)],  # lane 1
    [(0, 507), (680, 538), (1050, 527), (1359, 518), (1359, 534), (1030, 546), (680, 552), (0, 524)],  # lane 2
    [(0, 524), (680, 552), (1030, 546), (1359, 534), (1359, 551), (1020, 561), (680, 568), (0, 541)]  # lane 3
]

rois108 = [
    [(0, 490), (680, 521), (1359, 502), (1359, 518), (1050, 528), (680, 538), (0, 507)],  # lane 1
    [(0, 507), (680, 538), (1050, 528), (1359, 518), (1359, 534), (1030, 546), (680, 552), (0, 524)],  # lane 2
    [(0, 524), (680, 552), (1030, 546), (1359, 534), (1359, 551), (1020, 561), (680, 569), (0, 541)]  # lane 3
]

rois109 = [
    [(0, 490), (680, 519), (1359, 500), (1359, 517), (1050, 528), (680, 536), (0, 507)],  # lane 1
    [(0, 507), (680, 536), (1050, 528), (1359, 517), (1359, 533), (1030, 546), (680, 552), (0, 524)],  # lane 2
    [(0, 524), (680, 552), (1030, 546), (1359, 533), (1359, 549), (1020, 561), (680, 567), (0, 540)]  # lane 3
]

rois110 = [
    [(0, 490), (680, 519), (1359, 499), (1359, 514), (1050, 528), (680, 536), (0, 507)],  # lane 1
    [(0, 507), (680, 536), (1050, 528), (1359, 514), (1359, 530), (1030, 545), (680, 552), (0, 524)],  # lane 2
    [(0, 524), (680, 552), (1030, 545), (1359, 530), (1359, 547), (1020, 561), (680, 567), (0, 540)]  # lane 3
]

rois111 = [
    [(0, 490), (680, 519), (1359, 499), (1359, 514), (1050, 528), (680, 536), (0, 507)],  # lane 1
    [(0, 507), (680, 536), (1050, 528), (1359, 514), (1359, 530), (1030, 545), (680, 552), (0, 524)],  # lane 2
    [(0, 524), (680, 552), (1030, 545), (1359, 530), (1359, 547), (1020, 561), (680, 567), (0, 540)]  # lane 3
]

rois112 = [
    [(0, 492), (680, 519), (1359, 499), (1359, 514), (1050, 528), (680, 536), (0, 509)],  # lane 1
    [(0, 509), (680, 536), (1050, 528), (1359, 514), (1359, 530), (1030, 545), (680, 552), (0, 526)],  # lane 2
    [(0, 526), (680, 552), (1030, 545), (1359, 530), (1359, 547), (1020, 561), (680, 567), (0, 542)]  # lane 3
]

rois113 = [
    [(0, 492), (680, 519), (1359, 499), (1359, 514), (1050, 528), (680, 536), (0, 509)],  # lane 1
    [(0, 509), (680, 536), (1050, 528), (1359, 514), (1359, 530), (1030, 545), (680, 552), (0, 526)],  # lane 2
    [(0, 526), (680, 552), (1030, 545), (1359, 530), (1359, 547), (1020, 561), (680, 567), (0, 542)]  # lane 3
]

rois114 = [
    [(0, 492), (680, 519), (1359, 499), (1359, 514), (1050, 528), (680, 536), (0, 509)],  # lane 1
    [(0, 509), (680, 536), (1050, 528), (1359, 514), (1359, 530), (1030, 545), (680, 552), (0, 526)],  # lane 2
    [(0, 526), (680, 552), (1030, 545), (1359, 530), (1359, 547), (1020, 561), (680, 567), (0, 542)]  # lane 3
]

rois115 = [
    [(0, 492), (680, 519), (1359, 499), (1359, 514), (1050, 527), (680, 536), (0, 509)],  # lane 1
    [(0, 509), (680, 536), (1050, 527), (1359, 514), (1359, 530), (1030, 544), (680, 552), (0, 526)],  # lane 2
    [(0, 526), (680, 552), (1030, 544), (1359, 530), (1359, 547), (1020, 560), (680, 567), (0, 542)]  # lane 3
]

rois116 = [
    [(0, 492), (680, 519), (1359, 499), (1359, 514), (1050, 527), (680, 536), (0, 509)],  # lane 1
    [(0, 509), (680, 536), (1050, 527), (1359, 514), (1359, 530), (1030, 544), (680, 552), (0, 526)],  # lane 2
    [(0, 526), (680, 552), (1030, 544), (1359, 530), (1359, 547), (1020, 560), (680, 567), (0, 542)]  # lane 3
]

rois117 = [
    [(0, 494), (680, 520), (1359, 499), (1359, 515), (1050, 527), (680, 537), (0, 510)],  # lane 1
    [(0, 510), (680, 537), (1050, 527), (1359, 515), (1359, 530), (1030, 544), (680, 554), (0, 526)],  # lane 2
    [(0, 526), (680, 554), (1030, 544), (1359, 530), (1359, 547), (1020, 560), (680, 569), (0, 544)]  # lane 3
]

rois118 = [
    [(0, 480), (680, 517), (1359, 502), (1359, 520), (1050, 527), (680, 534), (0, 500)],  # lane 1
    [(0, 500), (680, 534), (1050, 527), (1359, 520), (1359, 536), (1030, 544), (680, 550), (0, 516)],  # lane 2
    [(0, 516), (680, 550), (1030, 544), (1359, 536), (1359, 551), (1020, 560), (680, 565), (0, 533)]  # lane 3
]

rois119 = [
    [(0, 482), (680, 515), (1359, 502), (1359, 518), (1050, 527), (680, 532), (0, 500)],  # lane 1
    [(0, 500), (680, 532), (1050, 527), (1359, 518), (1359, 534), (1030, 544), (680, 548), (0, 516)],  # lane 2
    [(0, 516), (680, 548), (1030, 544), (1359, 534), (1359, 549), (1020, 558), (680, 563), (0, 533)]  # lane 3
]
