4.47, 9, black car, 1412.16, 529.60, 1444.12, 544.34, 1428.14, 536.97, 1412.16, 536.97, 1444.12, 536.97, 31.97, 14.74
4.50, 9, black car, 1410.12, 529.38, 1441.60, 543.94, 1425.86, 536.66, 1410.12, 536.66, 1441.60, 536.66, 31.48, 14.57
4.53, 9, black car, 1408.20, 529.34, 1438.87, 543.58, 1423.53, 536.46, 1408.20, 536.46, 1438.87, 536.46, 30.67, 14.24
4.57, 9, black car, 1405.98, 529.33, 1436.42, 543.45, 1421.20, 536.39, 1405.98, 536.39, 1436.42, 536.39, 30.44, 14.12
4.60, 9, black car, 1403.66, 529.27, 1434.34, 543.50, 1419.00, 536.39, 1403.66, 536.39, 1434.34, 536.39, 30.68, 14.22
4.63, 9, black car, 1402.00, 529.19, 1432.79, 543.41, 1417.39, 536.30, 1402.00, 536.30, 1432.79, 536.30, 30.79, 14.22
4.67, 9, black car, 1399.27, 529.24, 1430.09, 543.48, 1414.68, 536.36, 1399.27, 536.36, 1430.09, 536.36, 30.83, 14.24
4.70, 9, black car, 1396.92, 529.41, 1427.44, 543.53, 1412.18, 536.47, 1396.92, 536.47, 1427.44, 536.47, 30.52, 14.13
4.73, 9, black car, 1394.30, 529.31, 1425.29, 543.65, 1409.80, 536.48, 1394.30, 536.48, 1425.29, 536.48, 30.99, 14.34
4.77, 9, black car, 1391.57, 528.99, 1422.20, 543.18, 1406.88, 536.09, 1391.57, 536.09, 1422.20, 536.09, 30.63, 14.19
4.80, 9, black car, 1389.23, 528.91, 1419.22, 542.80, 1404.23, 535.86, 1389.23, 535.86, 1419.22, 535.86, 29.99, 13.89
4.83, 9, black car, 1386.89, 528.73, 1416.94, 542.64, 1401.91, 535.68, 1386.89, 535.68, 1416.94, 535.68, 30.05, 13.91
4.87, 9, black car, 1384.75, 528.67, 1413.95, 542.17, 1399.35, 535.42, 1384.75, 535.42, 1413.95, 535.42, 29.20, 13.50
4.90, 9, black car, 1383.04, 528.80, 1411.75, 542.06, 1397.39, 535.43, 1383.04, 535.43, 1411.75, 535.43, 28.71, 13.26
4.93, 9, black car, 1380.61, 528.59, 1410.02, 542.15, 1395.31, 535.37, 1380.61, 535.37, 1410.02, 535.37, 29.41, 13.56
4.97, 9, black car, 1377.92, 528.42, 1407.73, 542.12, 1392.82, 535.27, 1377.92, 535.27, 1407.73, 535.27, 29.81, 13.70
5.00, 9, black car, 1375.16, 528.62, 1405.38, 542.48, 1390.27, 535.55, 1375.16, 535.55, 1405.38, 535.55, 30.22, 13.86
5.03, 9, black car, 1372.49, 528.66, 1403.07, 542.65, 1387.78, 535.66, 1372.49, 535.66, 1403.07, 535.66, 30.59, 13.99
5.07, 9, black car, 1370.37, 528.69, 1400.30, 542.33, 1385.34, 535.51, 1370.37, 535.51, 1400.30, 535.51, 29.94, 13.64
5.10, 9, black car, 1368.25, 528.50, 1398.17, 542.09, 1383.21, 535.29, 1368.25, 535.29, 1398.17, 535.29, 29.92, 13.59
5.13, 9, black car, 1366.05, 528.51, 1395.81, 542.02, 1380.93, 535.27, 1366.05, 535.27, 1395.81, 535.27, 29.76, 13.51
5.17, 9, black car, 1363.56, 528.31, 1393.46, 541.89, 1378.51, 535.10, 1363.56, 535.10, 1393.46, 535.10, 29.90, 13.58
5.20, 9, black car, 1360.99, 528.30, 1391.79, 542.30, 1376.39, 535.30, 1360.99, 535.30, 1391.79, 535.30, 30.80, 14.00
5.23, 9, black car, 1358.45, 528.34, 1388.71, 542.13, 1373.58, 535.23, 1358.45, 535.23, 1388.71, 535.23, 30.27, 13.79
5.23, 8, black car, 1281.04, 532.33, 1311.13, 545.19, 1296.08, 538.76, 1281.04, 538.76, 1311.13, 538.76, 30.09, 12.86
5.27, 9, black car, 1356.17, 528.20, 1385.85, 541.70, 1371.01, 534.95, 1356.17, 534.95, 1385.85, 534.95, 29.68, 13.51
5.27, 8, black car, 1277.65, 532.27, 1307.05, 544.77, 1292.35, 538.52, 1277.65, 538.52, 1307.05, 538.52, 29.40, 12.50
5.30, 9, black car, 1354.27, 528.31, 1383.30, 541.46, 1368.79, 534.89, 1354.27, 534.89, 1383.30, 534.89, 29.03, 13.14
5.30, 8, black car, 1274.28, 532.13, 1303.90, 544.65, 1289.09, 538.39, 1274.28, 538.39, 1303.90, 538.39, 29.62, 12.52
5.33, 9, black car, 1351.91, 528.62, 1380.28, 541.40, 1366.10, 535.01, 1351.91, 535.01, 1380.28, 535.01, 28.36, 12.78
5.33, 8, black car, 1270.56, 532.11, 1300.35, 544.60, 1285.45, 538.35, 1270.56, 538.35, 1300.35, 538.35, 29.79, 12.49
5.37, 9, black car, 1349.65, 528.52, 1378.20, 541.33, 1363.92, 534.92, 1349.65, 534.92, 1378.20, 534.92, 28.55, 12.81
5.37, 8, black car, 1267.63, 532.10, 1297.37, 544.48, 1282.50, 538.29, 1267.63, 538.29, 1297.37, 538.29, 29.74, 12.38
5.40, 9, black car, 1347.28, 527.97, 1376.71, 541.16, 1362.00, 534.57, 1347.28, 534.57, 1376.71, 534.57, 29.44, 13.19
5.40, 8, black car, 1264.68, 531.84, 1294.43, 544.18, 1279.55, 538.01, 1264.68, 538.01, 1294.43, 538.01, 29.75, 12.34
5.43, 9, black car, 1344.61, 527.96, 1374.06, 541.13, 1359.33, 534.54, 1344.61, 534.54, 1374.06, 534.54, 29.45, 13.17
5.43, 8, black car, 1261.72, 531.74, 1291.13, 543.92, 1276.43, 537.83, 1261.72, 537.83, 1291.13, 537.83, 29.41, 12.18
5.47, 9, black car, 1342.50, 527.72, 1372.11, 540.92, 1357.31, 534.32, 1342.50, 534.32, 1372.11, 534.32, 29.61, 13.20
5.47, 8, black car, 1257.87, 531.26, 1287.66, 543.61, 1272.77, 537.44, 1257.87, 537.44, 1287.66, 537.44, 29.80, 12.35
5.50, 9, black car, 1340.61, 527.78, 1369.77, 540.75, 1355.19, 534.27, 1340.61, 534.27, 1369.77, 534.27, 29.17, 12.96
5.50, 8, black car, 1254.84, 530.68, 1285.13, 543.19, 1269.99, 536.93, 1254.84, 536.93, 1285.13, 536.93, 30.28, 12.51
5.53, 9, black car, 1337.67, 527.62, 1367.40, 540.83, 1352.53, 534.22, 1337.67, 534.22, 1367.40, 534.22, 29.73, 13.21
5.53, 8, black car, 1251.02, 530.13, 1281.83, 542.85, 1266.43, 536.49, 1251.02, 536.49, 1281.83, 536.49, 30.82, 12.72
5.57, 9, black car, 1334.87, 527.31, 1365.75, 541.05, 1350.31, 534.18, 1334.87, 534.18, 1365.75, 534.18, 30.87, 13.74
5.57, 8, black car, 1247.37, 529.74, 1278.66, 542.68, 1263.02, 536.21, 1247.37, 536.21, 1278.66, 536.21, 31.29, 12.94
5.60, 9, black car, 1332.19, 527.20, 1363.48, 541.15, 1347.84, 534.18, 1332.19, 534.18, 1363.48, 534.18, 31.29, 13.94
5.60, 8, black car, 1244.09, 529.42, 1275.98, 542.57, 1260.03, 536.00, 1244.09, 536.00, 1275.98, 536.00, 31.89, 13.16
5.63, 9, black car, 1329.60, 527.18, 1361.06, 541.19, 1345.33, 534.18, 1329.60, 534.18, 1361.06, 534.18, 31.46, 14.01
5.63, 8, black car, 1240.86, 529.34, 1272.22, 542.24, 1256.54, 535.79, 1240.86, 535.79, 1272.22, 535.79, 31.36, 12.91
5.67, 9, black car, 1327.18, 527.09, 1358.56, 541.05, 1342.87, 534.07, 1327.18, 534.07, 1358.56, 534.07, 31.38, 13.97
5.67, 8, black car, 1238.32, 529.44, 1269.42, 542.18, 1253.87, 535.81, 1238.32, 535.81, 1269.42, 535.81, 31.09, 12.74
5.70, 9, black car, 1324.87, 527.20, 1355.82, 540.96, 1340.35, 534.08, 1324.87, 534.08, 1355.82, 534.08, 30.96, 13.76
5.70, 8, black car, 1235.51, 529.49, 1265.75, 541.87, 1250.63, 535.68, 1235.51, 535.68, 1265.75, 535.68, 30.24, 12.38
5.73, 9, black car, 1322.73, 527.04, 1353.73, 540.79, 1338.23, 533.92, 1322.73, 533.92, 1353.73, 533.92, 31.00, 13.75
5.73, 8, black car, 1231.73, 529.31, 1261.84, 541.61, 1246.78, 535.46, 1231.73, 535.46, 1261.84, 535.46, 30.11, 12.30
5.77, 9, black car, 1320.42, 526.79, 1351.60, 540.61, 1336.01, 533.70, 1320.42, 533.70, 1351.60, 533.70, 31.17, 13.83
5.77, 8, black car, 1227.17, 528.72, 1258.41, 541.46, 1242.79, 535.09, 1227.17, 535.09, 1258.41, 535.09, 31.24, 12.74
5.80, 9, black car, 1317.69, 526.76, 1349.00, 540.67, 1333.34, 533.72, 1317.69, 533.72, 1349.00, 533.72, 31.31, 13.91
5.80, 8, black car, 1223.58, 528.50, 1255.25, 541.42, 1239.41, 534.96, 1223.58, 534.96, 1255.25, 534.96, 31.68, 12.92
5.83, 9, black car, 1315.10, 526.75, 1346.07, 540.54, 1330.59, 533.64, 1315.10, 533.64, 1346.07, 533.64, 30.97, 13.79
5.83, 8, black car, 1220.49, 528.06, 1252.29, 541.09, 1236.39, 534.58, 1220.49, 534.58, 1252.29, 534.58, 31.80, 13.03
5.87, 9, black car, 1312.53, 526.80, 1342.90, 540.36, 1327.71, 533.58, 1312.53, 533.58, 1342.90, 533.58, 30.37, 13.56
5.87, 8, black car, 1216.69, 527.47, 1249.49, 540.95, 1233.09, 534.21, 1216.69, 534.21, 1249.49, 534.21, 32.79, 13.48
5.90, 9, black car, 1310.50, 526.85, 1340.38, 540.21, 1325.44, 533.53, 1310.50, 533.53, 1340.38, 533.53, 29.88, 13.36
5.90, 8, black car, 1213.42, 527.19, 1246.06, 540.66, 1229.74, 533.92, 1213.42, 533.92, 1246.06, 533.92, 32.64, 13.47
5.93, 9, black car, 1308.45, 526.76, 1338.12, 540.04, 1323.28, 533.40, 1308.45, 533.40, 1338.12, 533.40, 29.67, 13.28
5.93, 8, black car, 1210.26, 527.04, 1242.70, 540.45, 1226.48, 533.75, 1210.26, 533.75, 1242.70, 533.75, 32.44, 13.41
5.97, 9, black car, 1305.52, 526.62, 1335.66, 540.16, 1320.59, 533.39, 1305.52, 533.39, 1335.66, 533.39, 30.14, 13.54
5.97, 8, black car, 1207.01, 526.69, 1240.06, 540.39, 1223.54, 533.54, 1207.01, 533.54, 1240.06, 533.54, 33.05, 13.70
6.00, 9, black car, 1303.07, 526.45, 1333.62, 540.19, 1318.35, 533.32, 1303.07, 533.32, 1333.62, 533.32, 30.55, 13.74
6.00, 8, black car, 1203.77, 526.60, 1236.28, 540.13, 1220.03, 533.37, 1203.77, 533.37, 1236.28, 533.37, 32.52, 13.53
6.03, 9, black car, 1300.89, 526.29, 1331.93, 540.26, 1316.41, 533.27, 1300.89, 533.27, 1331.93, 533.27, 31.04, 13.97
6.03, 8, black car, 1200.30, 526.37, 1232.13, 539.66, 1216.22, 533.02, 1200.30, 533.02, 1232.13, 533.02, 31.83, 13.29
6.07, 9, black car, 1298.36, 526.13, 1329.07, 539.94, 1313.71, 533.04, 1298.36, 533.04, 1329.07, 533.04, 30.71, 13.81
6.07, 8, black car, 1197.40, 526.59, 1228.24, 539.47, 1212.82, 533.03, 1197.40, 533.03, 1228.24, 533.03, 30.84, 12.89
6.10, 9, black car, 1296.05, 525.74, 1327.15, 539.72, 1311.60, 532.73, 1296.05, 532.73, 1327.15, 532.73, 31.09, 13.98
6.10, 8, black car, 1194.02, 526.25, 1225.24, 539.32, 1209.63, 532.78, 1194.02, 532.78, 1225.24, 532.78, 31.23, 13.07
6.13, 9, black car, 1293.08, 525.62, 1324.02, 539.55, 1308.55, 532.59, 1293.08, 532.59, 1324.02, 532.59, 30.94, 13.93
6.13, 8, black car, 1190.94, 525.98, 1222.16, 539.10, 1206.55, 532.54, 1190.94, 532.54, 1222.16, 532.54, 31.23, 13.12
6.17, 9, black car, 1290.86, 525.74, 1321.71, 539.66, 1306.28, 532.70, 1290.86, 532.70, 1321.71, 532.70, 30.85, 13.92
6.17, 8, black car, 1187.41, 526.15, 1218.64, 539.29, 1203.02, 532.72, 1187.41, 532.72, 1218.64, 532.72, 31.23, 13.14
6.20, 9, black car, 1288.40, 525.76, 1319.93, 540.02, 1304.16, 532.89, 1288.40, 532.89, 1319.93, 532.89, 31.54, 14.26
6.20, 8, black car, 1183.51, 525.91, 1215.00, 539.11, 1199.25, 532.51, 1183.51, 532.51, 1215.00, 532.51, 31.49, 13.20
6.23, 9, black car, 1285.64, 525.72, 1316.91, 539.89, 1301.27, 532.80, 1285.64, 532.80, 1316.91, 532.80, 31.27, 14.17
6.23, 8, black car, 1179.93, 525.58, 1211.66, 538.89, 1195.79, 532.24, 1179.93, 532.24, 1211.66, 532.24, 31.74, 13.32
6.27, 9, black car, 1283.82, 525.94, 1314.40, 539.78, 1299.11, 532.86, 1283.82, 532.86, 1314.40, 532.86, 30.59, 13.84
6.27, 8, black car, 1177.90, 525.14, 1208.99, 538.21, 1193.44, 531.67, 1177.90, 531.67, 1208.99, 531.67, 31.09, 13.07
6.30, 9, black car, 1281.31, 525.62, 1312.38, 539.68, 1296.84, 532.65, 1281.31, 532.65, 1312.38, 532.65, 31.07, 14.06
6.30, 8, black car, 1174.59, 524.50, 1206.43, 537.89, 1190.51, 531.20, 1174.59, 531.20, 1206.43, 531.20, 31.84, 13.39
6.33, 9, black car, 1278.61, 525.54, 1309.41, 539.48, 1294.01, 532.51, 1278.61, 532.51, 1309.41, 532.51, 30.80, 13.94
6.33, 11, white car, 1413.67, 527.90, 1446.00, 542.01, 1429.84, 534.95, 1413.67, 534.95, 1446.00, 534.95, 32.33, 14.10
6.33, 8, black car, 1171.17, 524.22, 1202.43, 537.34, 1186.80, 530.78, 1171.17, 530.78, 1202.43, 530.78, 31.26, 13.12
6.37, 9, black car, 1276.47, 525.35, 1307.57, 539.43, 1292.02, 532.39, 1276.47, 532.39, 1307.57, 532.39, 31.11, 14.08
6.37, 11, white car, 1411.49, 528.09, 1442.92, 541.77, 1427.21, 534.93, 1411.49, 534.93, 1442.92, 534.93, 31.43, 13.67
6.37, 8, black car, 1167.95, 524.40, 1198.66, 537.26, 1183.31, 530.83, 1167.95, 530.83, 1198.66, 530.83, 30.71, 12.86
6.40, 9, black car, 1273.93, 525.28, 1305.52, 539.57, 1289.73, 532.42, 1273.93, 532.42, 1305.52, 532.42, 31.58, 14.29
6.40, 11, white car, 1409.10, 528.35, 1440.30, 541.90, 1424.70, 535.13, 1409.10, 535.13, 1440.30, 535.13, 31.20, 13.55
6.40, 8, black car, 1164.75, 524.67, 1194.83, 537.25, 1179.79, 530.96, 1164.75, 530.96, 1194.83, 530.96, 30.08, 12.59
6.43, 9, black car, 1270.69, 525.03, 1302.40, 539.42, 1286.55, 532.23, 1270.69, 532.23, 1302.40, 532.23, 31.71, 14.38
6.43, 11, white car, 1406.33, 528.10, 1437.47, 541.63, 1421.90, 534.86, 1406.33, 534.86, 1437.47, 534.86, 31.14, 13.53
6.43, 8, black car, 1161.37, 524.35, 1192.37, 537.32, 1176.87, 530.83, 1161.37, 530.83, 1192.37, 530.83, 31.00, 12.97
6.47, 9, black car, 1268.79, 525.08, 1300.12, 539.28, 1284.46, 532.18, 1268.79, 532.18, 1300.12, 532.18, 31.33, 14.20
6.47, 11, white car, 1403.91, 527.94, 1435.25, 541.55, 1419.58, 534.75, 1403.91, 534.75, 1435.25, 534.75, 31.34, 13.61
6.47, 8, black car, 1157.27, 524.13, 1187.82, 536.88, 1172.54, 530.50, 1157.27, 530.50, 1187.82, 530.50, 30.56, 12.75
6.50, 9, black car, 1266.49, 525.09, 1297.55, 539.18, 1282.02, 532.13, 1266.49, 532.13, 1297.55, 532.13, 31.06, 14.09
6.50, 11, white car, 1401.40, 527.82, 1433.29, 541.65, 1417.34, 534.73, 1401.40, 534.73, 1433.29, 534.73, 31.89, 13.83
6.50, 8, black car, 1153.51, 523.66, 1184.48, 536.59, 1169.00, 530.13, 1153.51, 530.13, 1184.48, 530.13, 30.97, 12.92
6.53, 9, black car, 1264.37, 524.97, 1295.30, 539.00, 1279.83, 531.99, 1264.37, 531.99, 1295.30, 531.99, 30.93, 14.03
6.53, 11, white car, 1399.10, 527.79, 1430.99, 541.59, 1415.05, 534.69, 1399.10, 534.69, 1430.99, 534.69, 31.89, 13.81
6.53, 8, black car, 1151.24, 523.69, 1181.81, 536.43, 1166.53, 530.06, 1151.24, 530.06, 1181.81, 530.06, 30.57, 12.75
6.57, 9, black car, 1262.24, 524.77, 1293.32, 538.89, 1277.78, 531.83, 1262.24, 531.83, 1293.32, 531.83, 31.08, 14.13
6.57, 11, white car, 1396.84, 528.01, 1428.18, 541.55, 1412.51, 534.78, 1396.84, 534.78, 1428.18, 534.78, 31.33, 13.54
6.57, 8, black car, 1147.77, 523.24, 1179.57, 536.52, 1163.67, 529.88, 1147.77, 529.88, 1179.57, 529.88, 31.79, 13.28
6.60, 9, black car, 1259.40, 524.78, 1290.70, 539.01, 1275.05, 531.90, 1259.40, 531.90, 1290.70, 531.90, 31.30, 14.23
6.60, 11, white car, 1394.06, 527.86, 1425.96, 541.63, 1410.01, 534.74, 1394.06, 534.74, 1425.96, 534.74, 31.90, 13.77
6.60, 8, black car, 1144.26, 523.11, 1175.77, 536.31, 1160.01, 529.71, 1144.26, 529.71, 1175.77, 529.71, 31.51, 13.20
6.63, 9, black car, 1256.85, 524.45, 1288.45, 538.85, 1272.65, 531.65, 1256.85, 531.65, 1288.45, 531.65, 31.60, 14.39
6.63, 11, white car, 1391.11, 527.32, 1423.28, 541.24, 1407.19, 534.28, 1391.11, 534.28, 1423.28, 534.28, 32.17, 13.92
6.63, 8, black car, 1140.08, 522.48, 1172.56, 536.13, 1156.32, 529.31, 1140.08, 529.31, 1172.56, 529.31, 32.48, 13.65
6.67, 9, black car, 1254.43, 524.31, 1285.39, 538.43, 1269.91, 531.37, 1254.43, 531.37, 1285.39, 531.37, 30.96, 14.12
6.67, 11, white car, 1388.01, 527.04, 1420.80, 541.30, 1404.40, 534.17, 1388.01, 534.17, 1420.80, 534.17, 32.79, 14.26
6.67, 8, black car, 1136.30, 522.49, 1168.57, 536.08, 1152.44, 529.29, 1136.30, 529.29, 1168.57, 529.29, 32.27, 13.59
6.70, 9, black car, 1251.75, 524.06, 1283.25, 538.42, 1267.50, 531.24, 1251.75, 531.24, 1283.25, 531.24, 31.50, 14.36
6.70, 11, white car, 1385.61, 526.87, 1418.49, 541.21, 1402.05, 534.04, 1385.61, 534.04, 1418.49, 534.04, 32.88, 14.34
6.70, 8, black car, 1132.88, 522.51, 1165.61, 536.36, 1149.24, 529.44, 1132.88, 529.44, 1165.61, 529.44, 32.73, 13.85
6.73, 9, black car, 1249.53, 523.92, 1280.93, 538.24, 1265.23, 531.08, 1249.53, 531.08, 1280.93, 531.08, 31.40, 14.32
6.73, 11, white car, 1383.40, 526.90, 1415.81, 541.08, 1399.61, 533.99, 1383.40, 533.99, 1415.81, 533.99, 32.41, 14.18
6.73, 8, black car, 1129.25, 522.07, 1162.30, 536.12, 1145.77, 529.10, 1129.25, 529.10, 1162.30, 529.10, 33.05, 14.06
6.77, 9, black car, 1246.89, 523.95, 1278.11, 538.22, 1262.50, 531.08, 1246.89, 531.08, 1278.11, 531.08, 31.22, 14.27
6.77, 11, white car, 1380.87, 526.78, 1413.60, 541.15, 1397.23, 533.96, 1380.87, 533.96, 1413.60, 533.96, 32.74, 14.37
6.77, 8, black car, 1125.65, 521.84, 1158.52, 535.86, 1142.09, 528.85, 1125.65, 528.85, 1158.52, 528.85, 32.87, 14.02
6.80, 9, black car, 1244.29, 523.73, 1276.11, 538.27, 1260.20, 531.00, 1244.29, 531.00, 1276.11, 531.00, 31.81, 14.55
6.80, 11, white car, 1378.34, 526.51, 1410.97, 540.90, 1394.66, 533.71, 1378.34, 533.71, 1410.97, 533.71, 32.63, 14.38
6.80, 8, black car, 1122.56, 521.82, 1155.08, 535.70, 1138.82, 528.76, 1122.56, 528.76, 1155.08, 528.76, 32.52, 13.88
6.83, 9, black car, 1241.80, 523.67, 1273.62, 538.20, 1257.71, 530.94, 1241.80, 530.94, 1273.62, 530.94, 31.81, 14.53
6.83, 11, white car, 1375.85, 526.33, 1408.55, 540.77, 1392.20, 533.55, 1375.85, 533.55, 1408.55, 533.55, 32.70, 14.44
6.83, 8, black car, 1119.57, 521.61, 1152.12, 535.51, 1135.84, 528.56, 1119.57, 528.56, 1152.12, 528.56, 32.55, 13.90
6.87, 9, black car, 1239.34, 523.60, 1271.15, 538.10, 1255.24, 530.85, 1239.34, 530.85, 1271.15, 530.85, 31.81, 14.50
6.87, 11, white car, 1373.37, 526.23, 1406.16, 540.76, 1389.76, 533.50, 1373.37, 533.50, 1406.16, 533.50, 32.79, 14.52
6.87, 8, black car, 1116.34, 521.51, 1148.46, 535.22, 1132.40, 528.36, 1116.34, 528.36, 1148.46, 528.36, 32.12, 13.71
6.90, 9, black car, 1237.08, 523.59, 1268.94, 538.09, 1253.01, 530.84, 1237.08, 530.84, 1268.94, 530.84, 31.85, 14.50
6.90, 11, white car, 1371.02, 526.26, 1403.21, 540.51, 1387.12, 533.38, 1371.02, 533.38, 1403.21, 533.38, 32.19, 14.25
6.90, 8, black car, 1112.99, 521.44, 1143.84, 534.62, 1128.42, 528.03, 1112.99, 528.03, 1143.84, 528.03, 30.85, 13.18
6.93, 9, black car, 1235.08, 523.59, 1266.95, 538.11, 1251.02, 530.85, 1235.08, 530.85, 1266.95, 530.85, 31.87, 14.52
6.93, 11, white car, 1368.75, 526.27, 1400.65, 540.39, 1384.70, 533.33, 1368.75, 533.33, 1400.65, 533.33, 31.90, 14.12
6.93, 8, black car, 1109.41, 521.10, 1140.67, 534.46, 1125.04, 527.78, 1109.41, 527.78, 1140.67, 527.78, 31.26, 13.35
6.97, 9, black car, 1232.36, 523.47, 1264.29, 538.07, 1248.33, 530.77, 1232.36, 530.77, 1264.29, 530.77, 31.93, 14.60
6.97, 11, white car, 1366.16, 525.91, 1398.40, 540.21, 1382.28, 533.06, 1366.16, 533.06, 1398.40, 533.06, 32.23, 14.29
6.97, 8, black car, 1105.74, 520.56, 1137.79, 534.30, 1121.77, 527.43, 1105.74, 527.43, 1137.79, 527.43, 32.05, 13.74
7.00, 9, black car, 1229.34, 523.28, 1261.53, 538.05, 1245.43, 530.66, 1229.34, 530.66, 1261.53, 530.66, 32.19, 14.77
7.00, 11, white car, 1363.91, 525.91, 1395.95, 540.13, 1379.93, 533.02, 1363.91, 533.02, 1395.95, 533.02, 32.04, 14.22
7.00, 8, black car, 1102.48, 520.44, 1134.41, 534.20, 1118.45, 527.32, 1102.48, 527.32, 1134.41, 527.32, 31.93, 13.76
7.03, 9, black car, 1227.09, 523.17, 1258.67, 537.66, 1242.88, 530.41, 1227.09, 530.41, 1258.67, 530.41, 31.58, 14.48
7.03, 11, white car, 1361.71, 525.97, 1393.36, 540.05, 1377.53, 533.01, 1361.71, 533.01, 1393.36, 533.01, 31.65, 14.08
7.03, 8, black car, 1099.30, 520.27, 1131.20, 534.11, 1115.25, 527.19, 1099.30, 527.19, 1131.20, 527.19, 31.90, 13.84
7.07, 9, black car, 1224.87, 523.09, 1256.28, 537.48, 1240.57, 530.28, 1224.87, 530.28, 1256.28, 530.28, 31.41, 14.39
7.07, 11, white car, 1359.00, 525.86, 1390.73, 540.01, 1374.86, 532.94, 1359.00, 532.94, 1390.73, 532.94, 31.73, 14.14
7.07, 8, black car, 1094.96, 520.22, 1126.88, 534.10, 1110.92, 527.16, 1094.96, 527.16, 1126.88, 527.16, 31.92, 13.88
7.10, 9, black car, 1222.62, 523.34, 1253.47, 537.46, 1238.05, 530.40, 1222.62, 530.40, 1253.47, 530.40, 30.85, 14.12
7.10, 11, white car, 1356.59, 525.94, 1388.30, 540.06, 1372.44, 533.00, 1356.59, 533.00, 1388.30, 533.00, 31.71, 14.12
7.10, 8, black car, 1090.46, 520.26, 1122.97, 534.38, 1106.71, 527.32, 1090.46, 527.32, 1122.97, 527.32, 32.51, 14.12
7.13, 9, black car, 1220.50, 523.32, 1251.36, 537.45, 1235.93, 530.38, 1220.50, 530.38, 1251.36, 530.38, 30.86, 14.13
7.13, 11, white car, 1353.95, 525.83, 1386.23, 540.22, 1370.09, 533.02, 1353.95, 533.02, 1386.23, 533.02, 32.28, 14.39
7.13, 8, black car, 1088.06, 520.18, 1119.93, 534.04, 1103.99, 527.11, 1088.06, 527.11, 1119.93, 527.11, 31.88, 13.86
7.17, 9, black car, 1217.58, 523.45, 1248.61, 537.69, 1233.10, 530.57, 1217.58, 530.57, 1248.61, 530.57, 31.03, 14.25
7.17, 11, white car, 1351.30, 525.73, 1383.88, 540.28, 1367.59, 533.01, 1351.30, 533.01, 1383.88, 533.01, 32.57, 14.55
7.17, 8, black car, 1085.52, 519.86, 1117.40, 533.79, 1101.46, 526.82, 1085.52, 526.82, 1117.40, 526.82, 31.88, 13.93
7.20, 9, black car, 1215.18, 523.49, 1246.38, 537.86, 1230.78, 530.67, 1215.18, 530.67, 1246.38, 530.67, 31.20, 14.37
7.20, 11, white car, 1348.93, 525.75, 1381.12, 540.15, 1365.03, 532.95, 1348.93, 532.95, 1381.12, 532.95, 32.19, 14.39
7.20, 8, black car, 1082.47, 519.53, 1114.01, 533.34, 1098.24, 526.44, 1082.47, 526.44, 1114.01, 526.44, 31.54, 13.81
7.23, 9, black car, 1213.03, 523.48, 1243.48, 537.46, 1228.25, 530.47, 1213.03, 530.47, 1243.48, 530.47, 30.45, 13.99
7.23, 11, white car, 1346.20, 525.78, 1378.57, 540.31, 1362.38, 533.04, 1346.20, 533.04, 1378.57, 533.04, 32.37, 14.53
7.23, 8, black car, 1079.41, 519.20, 1111.22, 533.13, 1095.31, 526.17, 1079.41, 526.17, 1111.22, 526.17, 31.80, 13.94
7.27, 9, black car, 1210.44, 523.34, 1241.01, 537.36, 1225.73, 530.35, 1210.44, 530.35, 1241.01, 530.35, 30.57, 14.02
7.27, 11, white car, 1343.84, 525.65, 1375.80, 540.03, 1359.82, 532.84, 1343.84, 532.84, 1375.80, 532.84, 31.96, 14.37
7.27, 8, black car, 1075.34, 519.15, 1107.50, 533.25, 1091.42, 526.20, 1075.34, 526.20, 1107.50, 526.20, 32.16, 14.10
7.30, 9, black car, 1208.00, 523.04, 1238.74, 537.10, 1223.37, 530.07, 1208.00, 530.07, 1238.74, 530.07, 30.74, 14.06
7.30, 11, white car, 1341.71, 525.42, 1373.54, 539.76, 1357.62, 532.59, 1341.71, 532.59, 1373.54, 532.59, 31.83, 14.34
7.30, 8, black car, 1072.39, 518.84, 1104.92, 533.06, 1088.65, 525.95, 1072.39, 525.95, 1104.92, 525.95, 32.53, 14.21
7.33, 9, black car, 1205.17, 522.93, 1236.10, 537.11, 1220.64, 530.02, 1205.17, 530.02, 1236.10, 530.02, 30.94, 14.18
7.33, 11, white car, 1339.24, 525.46, 1371.40, 539.96, 1355.32, 532.71, 1339.24, 532.71, 1371.40, 532.71, 32.16, 14.50
7.33, 8, black car, 1068.20, 518.82, 1100.71, 533.01, 1084.46, 525.91, 1068.20, 525.91, 1100.71, 525.91, 32.51, 14.19
7.37, 9, black car, 1202.37, 522.77, 1233.86, 537.23, 1218.12, 530.00, 1202.37, 530.00, 1233.86, 530.00, 31.48, 14.46
7.37, 11, white car, 1336.50, 525.21, 1368.93, 539.91, 1352.72, 532.56, 1336.50, 532.56, 1368.93, 532.56, 32.43, 14.69
7.37, 8, black car, 1065.09, 518.76, 1096.91, 532.63, 1081.00, 525.70, 1065.09, 525.70, 1096.91, 525.70, 31.81, 13.87
7.40, 9, black car, 1200.01, 522.42, 1231.67, 536.99, 1215.84, 529.71, 1200.01, 529.71, 1231.67, 529.71, 31.66, 14.56
7.40, 11, white car, 1333.99, 524.94, 1366.57, 539.71, 1350.28, 532.32, 1333.99, 532.32, 1366.57, 532.32, 32.57, 14.78
7.40, 8, black car, 1060.96, 518.80, 1093.24, 532.87, 1077.10, 525.83, 1060.96, 525.83, 1093.24, 525.83, 32.28, 14.06
7.43, 9, black car, 1197.77, 522.38, 1229.24, 536.86, 1213.50, 529.62, 1197.77, 529.62, 1229.24, 529.62, 31.47, 14.48
7.43, 11, white car, 1331.24, 524.83, 1364.08, 539.76, 1347.66, 532.29, 1331.24, 532.29, 1364.08, 532.29, 32.84, 14.93
7.43, 8, black car, 1058.18, 518.64, 1091.39, 533.14, 1074.79, 525.89, 1058.18, 525.89, 1091.39, 525.89, 33.21, 14.50
7.47, 9, black car, 1195.88, 522.45, 1227.16, 536.83, 1211.52, 529.64, 1195.88, 529.64, 1227.16, 529.64, 31.29, 14.39
7.47, 11, white car, 1329.00, 524.66, 1361.48, 539.42, 1345.24, 532.04, 1329.00, 532.04, 1361.48, 532.04, 32.48, 14.76
7.47, 8, black car, 1054.74, 518.67, 1087.64, 533.09, 1071.19, 525.88, 1054.74, 525.88, 1087.64, 525.88, 32.90, 14.41
7.50, 9, black car, 1193.42, 522.25, 1224.56, 536.60, 1208.99, 529.43, 1193.42, 529.43, 1224.56, 529.43, 31.14, 14.35
7.50, 11, white car, 1327.01, 524.73, 1359.12, 539.34, 1343.06, 532.04, 1327.01, 532.04, 1359.12, 532.04, 32.11, 14.61
7.50, 8, black car, 1050.79, 518.64, 1083.59, 533.05, 1067.19, 525.85, 1050.79, 525.85, 1083.59, 525.85, 32.79, 14.41
7.53, 9, black car, 1191.55, 522.45, 1222.07, 536.55, 1206.81, 529.50, 1191.55, 529.50, 1222.07, 529.50, 30.52, 14.10
7.53, 11, white car, 1324.13, 524.42, 1356.60, 539.27, 1340.36, 531.85, 1324.13, 531.85, 1356.60, 531.85, 32.47, 14.84
7.53, 8, black car, 1047.02, 518.68, 1079.73, 533.10, 1063.38, 525.89, 1047.02, 525.89, 1079.73, 525.89, 32.71, 14.42
7.57, 9, black car, 1189.19, 522.57, 1219.40, 536.52, 1204.30, 529.54, 1189.19, 529.54, 1219.40, 529.54, 30.22, 13.96
7.57, 11, white car, 1321.25, 524.00, 1354.22, 539.17, 1337.74, 531.59, 1321.25, 531.59, 1354.22, 531.59, 32.97, 15.16
7.57, 8, black car, 1044.12, 518.44, 1076.49, 532.74, 1060.31, 525.59, 1044.12, 525.59, 1076.49, 525.59, 32.38, 14.30
7.60, 9, black car, 1186.21, 522.45, 1216.48, 536.42, 1201.34, 529.44, 1186.21, 529.44, 1216.48, 529.44, 30.27, 13.97
7.60, 11, white car, 1318.99, 524.14, 1351.46, 539.12, 1335.22, 531.63, 1318.99, 531.63, 1351.46, 531.63, 32.47, 14.98
7.60, 8, black car, 1040.68, 517.98, 1073.30, 532.43, 1056.99, 525.20, 1040.68, 525.20, 1073.30, 525.20, 32.62, 14.44
7.63, 9, black car, 1183.53, 522.54, 1213.70, 536.43, 1198.61, 529.49, 1183.53, 529.49, 1213.70, 529.49, 30.16, 13.89
7.63, 11, white car, 1316.73, 524.30, 1348.66, 539.06, 1332.69, 531.68, 1316.73, 531.68, 1348.66, 531.68, 31.93, 14.76
7.63, 8, black car, 1037.66, 517.96, 1069.58, 532.05, 1053.62, 525.01, 1037.66, 525.01, 1069.58, 525.01, 31.93, 14.09
7.67, 9, black car, 1180.62, 522.64, 1211.01, 536.60, 1195.82, 529.62, 1180.62, 529.62, 1211.01, 529.62, 30.38, 13.96
7.67, 11, white car, 1314.67, 524.21, 1346.17, 538.75, 1330.42, 531.48, 1314.67, 531.48, 1346.17, 531.48, 31.50, 14.55
7.67, 8, black car, 1033.68, 517.53, 1065.12, 531.44, 1049.40, 524.49, 1033.68, 524.49, 1065.12, 524.49, 31.44, 13.91
7.70, 9, black car, 1178.45, 522.42, 1208.88, 536.40, 1193.67, 529.41, 1178.45, 529.41, 1208.88, 529.41, 30.43, 13.99
7.70, 11, white car, 1311.51, 523.94, 1343.63, 538.86, 1327.57, 531.40, 1311.51, 531.40, 1343.63, 531.40, 32.12, 14.91
7.70, 8, black car, 1030.84, 517.35, 1061.57, 530.97, 1046.21, 524.16, 1030.84, 524.16, 1061.57, 524.16, 30.74, 13.61
7.73, 9, black car, 1176.64, 522.27, 1207.14, 536.30, 1191.89, 529.28, 1176.64, 529.28, 1207.14, 529.28, 30.50, 14.03
7.73, 11, white car, 1308.68, 523.48, 1341.29, 538.71, 1324.99, 531.10, 1308.68, 531.10, 1341.29, 531.10, 32.61, 15.23
7.73, 8, black car, 1027.37, 516.94, 1058.65, 530.81, 1043.01, 523.87, 1027.37, 523.87, 1058.65, 523.87, 31.27, 13.87
7.77, 9, black car, 1173.76, 522.14, 1204.55, 536.30, 1189.15, 529.22, 1173.76, 529.22, 1204.55, 529.22, 30.78, 14.16
7.77, 11, white car, 1306.44, 523.58, 1338.82, 538.73, 1322.63, 531.16, 1306.44, 531.16, 1338.82, 531.16, 32.38, 15.16
7.77, 8, black car, 1023.02, 517.36, 1054.41, 531.32, 1038.71, 524.34, 1023.02, 524.34, 1054.41, 524.34, 31.39, 13.97
7.80, 9, black car, 1171.25, 522.06, 1201.85, 536.12, 1186.55, 529.09, 1171.25, 529.09, 1201.85, 529.09, 30.60, 14.06
7.80, 11, white car, 1303.94, 523.70, 1336.36, 538.96, 1320.15, 531.33, 1303.94, 531.33, 1336.36, 531.33, 32.42, 15.26
7.80, 8, black car, 1019.75, 517.12, 1051.80, 531.38, 1035.77, 524.25, 1019.75, 524.25, 1051.80, 524.25, 32.05, 14.26
7.83, 9, black car, 1168.31, 522.33, 1198.60, 536.21, 1183.45, 529.27, 1168.31, 529.27, 1198.60, 529.27, 30.29, 13.88
7.83, 11, white car, 1301.82, 523.68, 1333.59, 538.66, 1317.70, 531.17, 1301.82, 531.17, 1333.59, 531.17, 31.77, 14.98
7.83, 8, black car, 1016.38, 516.90, 1049.45, 531.63, 1032.92, 524.26, 1016.38, 524.26, 1049.45, 524.26, 33.07, 14.73
7.87, 9, black car, 1166.02, 522.09, 1196.42, 535.99, 1181.22, 529.04, 1166.02, 529.04, 1196.42, 529.04, 30.40, 13.91
7.87, 11, white car, 1299.94, 523.60, 1331.30, 538.37, 1315.62, 530.98, 1299.94, 530.98, 1331.30, 530.98, 31.36, 14.76
7.87, 8, black car, 1012.74, 516.44, 1046.36, 531.47, 1029.55, 523.95, 1012.74, 523.95, 1046.36, 523.95, 33.62, 15.03
7.90, 9, black car, 1163.62, 522.15, 1193.74, 535.93, 1178.68, 529.04, 1163.62, 529.04, 1193.74, 529.04, 30.12, 13.78
7.90, 11, white car, 1297.01, 523.24, 1329.44, 538.57, 1313.23, 530.90, 1297.01, 530.90, 1329.44, 530.90, 32.43, 15.34
7.90, 8, black car, 1009.12, 516.70, 1041.89, 531.37, 1025.50, 524.03, 1009.12, 524.03, 1041.89, 524.03, 32.76, 14.67
7.93, 9, black car, 1160.86, 522.10, 1191.10, 535.93, 1175.98, 529.01, 1160.86, 529.01, 1191.10, 529.01, 30.24, 13.83
7.93, 11, white car, 1293.88, 522.77, 1326.92, 538.46, 1310.40, 530.62, 1293.88, 530.62, 1326.92, 530.62, 33.04, 15.69
7.93, 8, black car, 1005.26, 516.66, 1037.77, 531.26, 1021.52, 523.96, 1005.26, 523.96, 1037.77, 523.96, 32.51, 14.60
7.97, 9, black car, 1157.84, 521.59, 1188.93, 535.83, 1173.38, 528.71, 1157.84, 528.71, 1188.93, 528.71, 31.09, 14.24
7.97, 11, white car, 1291.53, 522.85, 1324.10, 538.37, 1307.81, 530.61, 1291.53, 530.61, 1324.10, 530.61, 32.57, 15.52
7.97, 8, black car, 1002.44, 516.42, 1034.25, 530.76, 1018.35, 523.59, 1002.44, 523.59, 1034.25, 523.59, 31.81, 14.34
8.00, 9, black car, 1155.31, 521.51, 1186.48, 535.79, 1170.90, 528.65, 1155.31, 528.65, 1186.48, 528.65, 31.17, 14.28
8.00, 11, white car, 1288.91, 522.76, 1321.47, 538.37, 1305.19, 530.56, 1288.91, 530.56, 1321.47, 530.56, 32.56, 15.60
8.00, 8, black car, 998.65, 516.18, 1030.57, 530.61, 1014.61, 523.39, 998.65, 523.39, 1030.57, 523.39, 31.92, 14.43
8.03, 9, black car, 1152.74, 521.44, 1184.10, 535.76, 1168.42, 528.60, 1152.74, 528.60, 1184.10, 528.60, 31.36, 14.33
8.03, 11, white car, 1286.91, 522.67, 1318.75, 537.96, 1302.83, 530.31, 1286.91, 530.31, 1318.75, 530.31, 31.84, 15.30
8.03, 8, black car, 995.58, 515.95, 1027.62, 530.52, 1011.60, 523.23, 995.58, 523.23, 1027.62, 523.23, 32.05, 14.58
8.07, 9, black car, 1150.01, 521.33, 1181.52, 535.70, 1165.76, 528.51, 1150.01, 528.51, 1181.52, 528.51, 31.51, 14.38
8.07, 11, white car, 1284.59, 522.64, 1316.17, 537.87, 1300.38, 530.25, 1284.59, 530.25, 1316.17, 530.25, 31.58, 15.22
8.07, 8, black car, 991.65, 515.52, 1024.36, 530.46, 1008.01, 522.99, 991.65, 522.99, 1024.36, 522.99, 32.71, 14.94
8.10, 9, black car, 1147.78, 521.13, 1179.81, 535.77, 1163.79, 528.45, 1147.78, 528.45, 1179.81, 528.45, 32.02, 14.64
8.10, 11, white car, 1282.34, 522.31, 1314.19, 537.71, 1298.27, 530.01, 1282.34, 530.01, 1314.19, 530.01, 31.84, 15.39
8.10, 8, black car, 988.61, 515.47, 1020.59, 530.19, 1004.60, 522.83, 988.61, 522.83, 1020.59, 522.83, 31.98, 14.72
8.13, 9, black car, 1145.29, 521.23, 1177.05, 535.73, 1161.17, 528.48, 1145.29, 528.48, 1177.05, 528.48, 31.76, 14.50
8.13, 11, white car, 1279.89, 522.19, 1311.61, 537.51, 1295.75, 529.85, 1279.89, 529.85, 1311.61, 529.85, 31.72, 15.32
8.13, 8, black car, 984.25, 515.25, 1016.06, 529.97, 1000.16, 522.61, 984.25, 522.61, 1016.06, 522.61, 31.81, 14.72
8.17, 9, black car, 1143.09, 521.18, 1174.28, 535.41, 1158.69, 528.30, 1143.09, 528.30, 1174.28, 528.30, 31.19, 14.23
8.17, 11, white car, 1277.37, 522.15, 1308.89, 537.40, 1293.13, 529.78, 1277.37, 529.78, 1308.89, 529.78, 31.52, 15.25
8.17, 8, black car, 981.43, 515.33, 1012.87, 529.96, 997.15, 522.65, 981.43, 522.65, 1012.87, 522.65, 31.43, 14.63
8.20, 9, black car, 1140.73, 520.88, 1172.32, 535.29, 1156.53, 528.08, 1140.73, 528.08, 1172.32, 528.08, 31.59, 14.42
8.20, 11, white car, 1274.78, 522.04, 1306.52, 537.43, 1290.65, 529.74, 1274.78, 529.74, 1306.52, 529.74, 31.74, 15.38
8.20, 8, black car, 977.25, 515.12, 1009.42, 530.14, 993.34, 522.63, 977.25, 522.63, 1009.42, 522.63, 32.17, 15.02
8.23, 9, black car, 1137.78, 520.92, 1168.77, 535.04, 1153.27, 527.98, 1137.78, 527.98, 1168.77, 527.98, 30.99, 14.12
8.23, 11, white car, 1272.45, 521.96, 1304.09, 537.32, 1288.27, 529.64, 1272.45, 529.64, 1304.09, 529.64, 31.64, 15.36
8.23, 8, black car, 974.90, 515.21, 1006.23, 529.91, 990.57, 522.56, 974.90, 522.56, 1006.23, 522.56, 31.34, 14.70
8.27, 9, black car, 1135.54, 520.86, 1166.30, 534.89, 1150.92, 527.87, 1135.54, 527.87, 1166.30, 527.87, 30.76, 14.03
8.27, 11, white car, 1269.59, 521.79, 1301.52, 537.33, 1285.56, 529.56, 1269.59, 529.56, 1301.52, 529.56, 31.93, 15.54
8.27, 8, black car, 971.90, 515.29, 1003.12, 529.91, 987.51, 522.60, 971.90, 522.60, 1003.12, 522.60, 31.22, 14.63
8.30, 9, black car, 1133.54, 520.98, 1163.33, 534.57, 1148.43, 527.78, 1133.54, 527.78, 1163.33, 527.78, 29.78, 13.59
8.30, 11, white car, 1266.89, 521.53, 1299.05, 537.22, 1282.97, 529.37, 1266.89, 529.37, 1299.05, 529.37, 32.16, 15.69
8.30, 8, black car, 968.24, 515.56, 999.42, 530.13, 983.83, 522.84, 968.24, 522.84, 999.42, 522.84, 31.18, 14.57
8.33, 9, black car, 1131.02, 520.85, 1161.00, 534.52, 1146.01, 527.69, 1131.02, 527.69, 1161.00, 527.69, 29.98, 13.68
8.33, 11, white car, 1264.43, 521.27, 1296.74, 537.05, 1280.58, 529.16, 1264.43, 529.16, 1296.74, 529.16, 32.31, 15.78
8.33, 8, black car, 964.57, 515.44, 996.08, 530.19, 980.33, 522.81, 964.57, 522.81, 996.08, 522.81, 31.51, 14.75
8.37, 9, black car, 1128.70, 520.89, 1158.55, 534.51, 1143.62, 527.70, 1128.70, 527.70, 1158.55, 527.70, 29.85, 13.62
8.37, 11, white car, 1261.73, 521.21, 1294.18, 537.13, 1277.96, 529.17, 1261.73, 529.17, 1294.18, 529.17, 32.45, 15.92
8.37, 8, black car, 961.24, 515.57, 992.49, 530.25, 976.86, 522.91, 961.24, 522.91, 992.49, 522.91, 31.25, 14.68
8.37, 13, black car, 1413.19, 529.41, 1446.05, 544.29, 1429.62, 536.85, 1413.19, 536.85, 1446.05, 536.85, 32.86, 14.88
8.40, 9, black car, 1126.13, 521.11, 1155.87, 534.66, 1141.00, 527.88, 1126.13, 527.88, 1155.87, 527.88, 29.75, 13.54
8.40, 11, white car, 1259.28, 520.99, 1292.05, 537.11, 1275.66, 529.05, 1259.28, 529.05, 1292.05, 529.05, 32.76, 16.12
8.40, 8, black car, 957.10, 515.18, 988.55, 530.00, 972.82, 522.59, 957.10, 522.59, 988.55, 522.59, 31.45, 14.82
8.40, 13, black car, 1410.65, 529.24, 1443.13, 543.99, 1426.89, 536.61, 1410.65, 536.61, 1443.13, 536.61, 32.48, 14.76
8.43, 9, black car, 1123.34, 520.74, 1153.59, 534.45, 1138.46, 527.60, 1123.34, 527.60, 1153.59, 527.60, 30.26, 13.71
8.43, 11, white car, 1256.95, 521.05, 1289.46, 537.13, 1273.20, 529.09, 1256.95, 529.09, 1289.46, 529.09, 32.51, 16.07
8.43, 8, black car, 953.76, 515.15, 985.10, 530.01, 969.43, 522.58, 953.76, 522.58, 985.10, 522.58, 31.34, 14.86
8.43, 13, black car, 1408.01, 529.00, 1440.22, 543.72, 1424.12, 536.36, 1408.01, 536.36, 1440.22, 536.36, 32.21, 14.72
8.47, 9, black car, 1120.38, 520.64, 1151.12, 534.55, 1135.75, 527.60, 1120.38, 527.60, 1151.12, 527.60, 30.73, 13.91
8.47, 11, white car, 1254.48, 521.03, 1286.82, 537.05, 1270.65, 529.04, 1254.48, 529.04, 1286.82, 529.04, 32.34, 16.03
8.47, 8, black car, 950.03, 514.88, 980.89, 529.45, 965.46, 522.17, 950.03, 522.17, 980.89, 522.17, 30.86, 14.57
8.47, 13, black car, 1405.44, 529.00, 1437.54, 543.71, 1421.49, 536.35, 1405.44, 536.35, 1437.54, 536.35, 32.10, 14.71
8.50, 9, black car, 1117.62, 520.60, 1148.08, 534.39, 1132.85, 527.50, 1117.62, 527.50, 1148.08, 527.50, 30.46, 13.79
8.50, 11, white car, 1252.26, 520.87, 1284.05, 536.64, 1268.15, 528.76, 1252.26, 528.76, 1284.05, 528.76, 31.80, 15.77
8.50, 8, black car, 947.20, 515.06, 976.44, 528.85, 961.82, 521.96, 947.20, 521.96, 976.44, 521.96, 29.24, 13.79
8.50, 13, black car, 1402.98, 529.12, 1435.17, 543.88, 1419.08, 536.50, 1402.98, 536.50, 1435.17, 536.50, 32.19, 14.76
8.53, 9, black car, 1115.33, 520.76, 1145.24, 534.30, 1130.28, 527.53, 1115.33, 527.53, 1145.24, 527.53, 29.91, 13.54
8.53, 11, white car, 1249.80, 520.77, 1281.22, 536.36, 1265.51, 528.57, 1249.80, 528.57, 1281.22, 528.57, 31.42, 15.59
8.53, 8, black car, 943.24, 515.13, 972.15, 528.77, 957.70, 521.95, 943.24, 521.95, 972.15, 521.95, 28.92, 13.63
8.53, 13, black car, 1401.20, 529.09, 1433.24, 543.76, 1417.22, 536.42, 1401.20, 536.42, 1433.24, 536.42, 32.04, 14.66
8.57, 9, black car, 1113.29, 520.68, 1143.42, 534.32, 1128.35, 527.50, 1113.29, 527.50, 1143.42, 527.50, 30.13, 13.63
8.57, 11, white car, 1247.19, 520.70, 1278.88, 536.46, 1263.04, 528.58, 1247.19, 528.58, 1278.88, 528.58, 31.69, 15.75
8.57, 8, black car, 939.73, 515.00, 968.82, 528.62, 954.27, 521.81, 939.73, 521.81, 968.82, 521.81, 29.08, 13.62
8.57, 13, black car, 1398.84, 529.05, 1430.96, 543.72, 1414.90, 536.39, 1398.84, 536.39, 1430.96, 536.39, 32.12, 14.68
8.60, 9, black car, 1110.11, 520.63, 1140.67, 534.46, 1125.39, 527.54, 1110.11, 527.54, 1140.67, 527.54, 30.56, 13.82
8.60, 11, white car, 1244.75, 520.75, 1276.30, 536.48, 1260.53, 528.61, 1244.75, 528.61, 1276.30, 528.61, 31.55, 15.73
8.60, 8, black car, 935.65, 514.62, 966.37, 528.95, 951.01, 521.79, 935.65, 521.79, 966.37, 521.79, 30.72, 14.33
8.60, 13, black car, 1396.05, 529.20, 1427.61, 543.64, 1411.83, 536.42, 1396.05, 536.42, 1427.61, 536.42, 31.56, 14.44
8.63, 9, black car, 1107.76, 520.56, 1138.04, 534.27, 1122.90, 527.41, 1107.76, 527.41, 1138.04, 527.41, 30.28, 13.71
8.63, 11, white car, 1242.38, 520.72, 1273.69, 536.34, 1258.04, 528.53, 1242.38, 528.53, 1273.69, 528.53, 31.32, 15.62
8.63, 8, black car, 931.36, 514.37, 963.20, 529.19, 947.28, 521.78, 931.36, 521.78, 963.20, 521.78, 31.85, 14.81
8.63, 13, black car, 1392.96, 529.39, 1424.41, 543.77, 1408.69, 536.58, 1392.96, 536.58, 1424.41, 536.58, 31.45, 14.38
8.67, 9, black car, 1105.65, 520.67, 1135.71, 534.29, 1120.68, 527.48, 1105.65, 527.48, 1135.71, 527.48, 30.07, 13.63
8.67, 11, white car, 1240.12, 520.68, 1271.49, 536.33, 1255.80, 528.51, 1240.12, 528.51, 1271.49, 528.51, 31.37, 15.65
8.67, 8, black car, 927.82, 514.38, 959.59, 529.13, 943.70, 521.76, 927.82, 521.76, 959.59, 521.76, 31.77, 14.75
8.67, 13, black car, 1390.26, 529.29, 1421.15, 543.46, 1405.70, 536.37, 1390.26, 536.37, 1421.15, 536.37, 30.90, 14.16
8.70, 9, black car, 1103.00, 520.70, 1133.08, 534.36, 1118.04, 527.53, 1103.00, 527.53, 1133.08, 527.53, 30.08, 13.67
8.70, 11, white car, 1237.56, 520.49, 1268.80, 536.03, 1253.18, 528.26, 1237.56, 528.26, 1268.80, 528.26, 31.23, 15.55
8.70, 8, black car, 924.42, 514.20, 955.84, 528.79, 940.13, 521.50, 924.42, 521.50, 955.84, 521.50, 31.43, 14.59
8.70, 13, black car, 1387.32, 529.10, 1418.32, 543.30, 1402.82, 536.20, 1387.32, 536.20, 1418.32, 536.20, 31.00, 14.20
8.73, 9, black car, 1100.22, 520.51, 1130.47, 534.26, 1115.35, 527.39, 1100.22, 527.39, 1130.47, 527.39, 30.25, 13.75
8.73, 11, white car, 1235.36, 520.37, 1266.29, 535.73, 1250.82, 528.05, 1235.36, 528.05, 1266.29, 528.05, 30.92, 15.35
8.73, 8, black car, 921.45, 514.77, 952.26, 528.96, 936.85, 521.87, 921.45, 521.87, 952.26, 521.87, 30.81, 14.20
8.73, 13, black car, 1384.82, 528.91, 1415.59, 543.01, 1400.21, 535.96, 1384.82, 535.96, 1415.59, 535.96, 30.77, 14.10
8.77, 9, black car, 1096.88, 520.38, 1127.36, 534.22, 1112.12, 527.30, 1096.88, 527.30, 1127.36, 527.30, 30.48, 13.84
8.77, 11, white car, 1232.26, 520.13, 1264.11, 535.97, 1248.18, 528.05, 1232.26, 528.05, 1264.11, 528.05, 31.85, 15.85
8.77, 13, black car, 1382.32, 528.80, 1412.73, 542.73, 1397.52, 535.76, 1382.32, 535.76, 1412.73, 535.76, 30.41, 13.93
8.80, 9, black car, 1093.01, 520.00, 1124.51, 534.26, 1108.76, 527.13, 1093.01, 527.13, 1124.51, 527.13, 31.49, 14.26
8.80, 11, white car, 1229.78, 520.13, 1261.36, 535.84, 1245.57, 527.99, 1229.78, 527.99, 1261.36, 527.99, 31.59, 15.71
8.80, 13, black car, 1379.70, 528.85, 1410.03, 542.72, 1394.87, 535.79, 1379.70, 535.79, 1410.03, 535.79, 30.33, 13.87
8.83, 9, black car, 1090.31, 520.08, 1121.88, 534.37, 1106.10, 527.23, 1090.31, 527.23, 1121.88, 527.23, 31.57, 14.29
8.83, 11, white car, 1227.42, 520.05, 1258.71, 535.59, 1243.07, 527.82, 1227.42, 527.82, 1258.71, 527.82, 31.29, 15.54
8.83, 13, black car, 1376.92, 528.74, 1407.86, 542.89, 1392.39, 535.81, 1376.92, 535.81, 1407.86, 535.81, 30.94, 14.15
8.83, 8, black car, 910.70, 514.19, 941.75, 528.46, 926.22, 521.33, 910.70, 521.33, 941.75, 521.33, 31.04, 14.26
8.87, 9, black car, 1089.11, 520.04, 1119.89, 533.97, 1104.50, 527.00, 1089.11, 527.00, 1119.89, 527.00, 30.78, 13.93
8.87, 11, white car, 1225.21, 520.03, 1256.24, 535.40, 1240.72, 527.71, 1225.21, 527.71, 1256.24, 527.71, 31.03, 15.37
8.87, 13, black car, 1374.10, 528.59, 1405.38, 542.89, 1389.74, 535.74, 1374.10, 535.74, 1405.38, 535.74, 31.28, 14.29
8.87, 8, black car, 906.90, 513.70, 938.36, 528.16, 922.63, 520.93, 906.90, 520.93, 938.36, 520.93, 31.46, 14.46
8.90, 9, black car, 1087.25, 519.68, 1117.96, 533.59, 1102.61, 526.63, 1087.25, 526.63, 1117.96, 526.63, 30.71, 13.91
8.90, 11, white car, 1222.94, 520.00, 1253.62, 535.13, 1238.28, 527.56, 1222.94, 527.56, 1253.62, 527.56, 30.68, 15.13
8.90, 13, black car, 1371.56, 528.61, 1402.57, 542.74, 1387.07, 535.68, 1371.56, 535.68, 1402.57, 535.68, 31.01, 14.13
8.93, 9, black car, 1084.78, 519.59, 1115.85, 533.68, 1100.32, 526.64, 1084.78, 526.64, 1115.85, 526.64, 31.07, 14.09
8.93, 11, white car, 1220.08, 520.06, 1251.18, 535.40, 1235.63, 527.73, 1220.08, 527.73, 1251.18, 527.73, 31.11, 15.34
8.93, 13, black car, 1369.34, 528.84, 1400.18, 542.84, 1384.76, 535.84, 1369.34, 535.84, 1400.18, 535.84, 30.85, 14.00
8.93, 8, black car, 900.32, 513.47, 930.96, 527.39, 915.64, 520.43, 900.32, 520.43, 930.96, 520.43, 30.64, 13.92
8.97, 9, black car, 1082.31, 519.41, 1113.17, 533.43, 1097.74, 526.42, 1082.31, 526.42, 1113.17, 526.42, 30.86, 14.02
8.97, 11, white car, 1217.43, 519.83, 1248.99, 535.37, 1233.21, 527.60, 1217.43, 527.60, 1248.99, 527.60, 31.56, 15.54
8.97, 13, black car, 1366.47, 528.61, 1397.54, 542.68, 1382.01, 535.64, 1366.47, 535.64, 1397.54, 535.64, 31.07, 14.07
8.97, 8, black car, 896.58, 513.11, 927.87, 527.17, 912.22, 520.14, 896.58, 520.14, 927.87, 520.14, 31.29, 14.06
9.00, 9, black car, 1079.69, 519.22, 1110.81, 533.40, 1095.25, 526.31, 1079.69, 526.31, 1110.81, 526.31, 31.12, 14.18
9.00, 11, white car, 1215.14, 519.79, 1246.21, 535.05, 1230.67, 527.42, 1215.14, 527.42, 1246.21, 527.42, 31.07, 15.26
9.00, 13, black car, 1363.95, 528.49, 1395.05, 542.56, 1379.50, 535.52, 1363.95, 535.52, 1395.05, 535.52, 31.10, 14.07
9.00, 8, black car, 892.81, 512.85, 924.63, 527.06, 908.72, 519.96, 892.81, 519.96, 924.63, 519.96, 31.82, 14.22
9.03, 9, black car, 1077.41, 518.96, 1108.90, 533.35, 1093.16, 526.16, 1077.41, 526.16, 1108.90, 526.16, 31.49, 14.38
9.03, 11, white car, 1212.97, 519.92, 1243.75, 534.97, 1228.36, 527.44, 1212.97, 527.44, 1243.75, 527.44, 30.78, 15.05
9.03, 13, black car, 1361.64, 528.56, 1392.53, 542.53, 1377.09, 535.54, 1361.64, 535.54, 1392.53, 535.54, 30.89, 13.97
9.03, 8, black car, 888.78, 512.61, 921.28, 527.11, 905.03, 519.86, 888.78, 519.86, 921.28, 519.86, 32.50, 14.51
9.07, 9, black car, 1074.78, 519.00, 1106.12, 533.37, 1090.45, 526.19, 1074.78, 526.19, 1106.12, 526.19, 31.34, 14.36
9.07, 11, white car, 1210.55, 519.78, 1241.02, 534.60, 1225.79, 527.19, 1210.55, 527.19, 1241.02, 527.19, 30.47, 14.83
9.07, 13, black car, 1358.60, 528.34, 1389.81, 542.42, 1374.21, 535.38, 1358.60, 535.38, 1389.81, 535.38, 31.21, 14.09
9.07, 8, black car, 885.06, 512.53, 917.34, 526.98, 901.20, 519.75, 885.06, 519.75, 917.34, 519.75, 32.28, 14.45
9.10, 9, black car, 1072.81, 518.84, 1104.65, 533.42, 1088.73, 526.13, 1072.81, 526.13, 1104.65, 526.13, 31.84, 14.58
9.10, 11, white car, 1207.77, 519.72, 1238.20, 534.44, 1222.99, 527.08, 1207.77, 527.08, 1238.20, 527.08, 30.43, 14.72
9.10, 13, black car, 1356.35, 528.15, 1387.32, 542.14, 1371.84, 535.14, 1356.35, 535.14, 1387.32, 535.14, 30.96, 13.98
9.10, 8, black car, 882.04, 512.37, 913.67, 526.60, 897.85, 519.49, 882.04, 519.49, 913.67, 519.49, 31.63, 14.23
9.13, 9, black car, 1070.50, 519.12, 1102.05, 533.50, 1086.27, 526.31, 1070.50, 526.31, 1102.05, 526.31, 31.55, 14.39
9.13, 11, white car, 1204.69, 519.54, 1235.72, 534.51, 1220.20, 527.02, 1204.69, 527.02, 1235.72, 527.02, 31.03, 14.97
9.13, 13, black car, 1353.47, 527.97, 1384.79, 542.11, 1369.13, 535.04, 1353.47, 535.04, 1384.79, 535.04, 31.33, 14.14
9.13, 8, black car, 878.62, 512.25, 910.38, 526.56, 894.50, 519.41, 878.62, 519.41, 910.38, 519.41, 31.76, 14.30
9.17, 9, black car, 1066.72, 519.28, 1098.67, 533.80, 1082.69, 526.54, 1066.72, 526.54, 1098.67, 526.54, 31.95, 14.52
9.17, 11, white car, 1201.92, 519.41, 1233.73, 534.77, 1217.83, 527.09, 1201.92, 527.09, 1233.73, 527.09, 31.80, 15.36
9.17, 13, black car, 1351.03, 527.94, 1382.56, 542.19, 1366.79, 535.06, 1351.03, 535.06, 1382.56, 535.06, 31.53, 14.25
9.17, 8, black car, 875.07, 512.15, 906.86, 526.49, 890.96, 519.32, 875.07, 519.32, 906.86, 519.32, 31.80, 14.34
9.20, 9, black car, 1064.54, 519.28, 1096.43, 533.79, 1080.48, 526.54, 1064.54, 526.54, 1096.43, 526.54, 31.89, 14.51
9.20, 11, white car, 1199.85, 519.34, 1231.51, 534.60, 1215.68, 526.97, 1199.85, 526.97, 1231.51, 526.97, 31.66, 15.26
9.20, 13, black car, 1348.43, 527.64, 1380.28, 542.04, 1364.35, 534.84, 1348.43, 534.84, 1380.28, 534.84, 31.85, 14.41
9.20, 8, black car, 871.14, 511.84, 902.44, 525.97, 886.79, 518.90, 871.14, 518.90, 902.44, 518.90, 31.30, 14.13
9.23, 9, black car, 1061.40, 519.47, 1093.24, 533.98, 1077.32, 526.72, 1061.40, 526.72, 1093.24, 526.72, 31.83, 14.51
9.23, 11, white car, 1197.55, 519.21, 1228.96, 534.29, 1213.26, 526.75, 1197.55, 526.75, 1228.96, 526.75, 31.41, 15.08
9.23, 13, black car, 1345.76, 527.31, 1378.20, 541.99, 1361.98, 534.65, 1345.76, 534.65, 1378.20, 534.65, 32.43, 14.68
9.23, 8, black car, 868.01, 511.67, 898.74, 525.58, 883.37, 518.62, 868.01, 518.62, 898.74, 518.62, 30.74, 13.91
9.27, 9, black car, 1060.05, 519.54, 1091.40, 533.84, 1075.73, 526.69, 1060.05, 526.69, 1091.40, 526.69, 31.35, 14.31
9.27, 11, white car, 1195.56, 519.33, 1226.10, 533.95, 1210.83, 526.64, 1195.56, 526.64, 1226.10, 526.64, 30.54, 14.62
9.27, 13, black car, 1343.48, 527.17, 1375.53, 541.65, 1359.51, 534.41, 1343.48, 534.41, 1375.53, 534.41, 32.05, 14.48
9.27, 8, black car, 863.57, 511.53, 895.01, 525.84, 879.29, 518.69, 863.57, 518.69, 895.01, 518.69, 31.43, 14.31
9.30, 9, black car, 1058.32, 519.35, 1088.98, 533.39, 1073.65, 526.37, 1058.32, 526.37, 1088.98, 526.37, 30.67, 14.04
9.30, 11, white car, 1192.91, 519.12, 1223.71, 533.87, 1208.31, 526.50, 1192.91, 526.50, 1223.71, 526.50, 30.80, 14.74
9.30, 13, black car, 1341.48, 527.17, 1373.24, 541.47, 1357.36, 534.32, 1341.48, 534.32, 1373.24, 534.32, 31.76, 14.30
9.30, 8, black car, 860.63, 511.42, 891.82, 525.61, 876.23, 518.51, 860.63, 518.51, 891.82, 518.51, 31.19, 14.19
9.33, 9, black car, 1055.87, 519.54, 1085.28, 532.99, 1070.58, 526.26, 1055.87, 526.26, 1085.28, 526.26, 29.41, 13.45
9.33, 11, white car, 1190.46, 518.91, 1221.20, 533.59, 1205.83, 526.25, 1190.46, 526.25, 1221.20, 526.25, 30.74, 14.69
9.33, 13, black car, 1338.45, 527.19, 1370.12, 541.40, 1354.29, 534.30, 1338.45, 534.30, 1370.12, 534.30, 31.67, 14.20
9.33, 8, black car, 857.31, 511.20, 888.03, 525.06, 872.67, 518.13, 857.31, 518.13, 888.03, 518.13, 30.72, 13.87
9.37, 9, black car, 1052.49, 519.51, 1082.05, 533.02, 1067.27, 526.27, 1052.49, 526.27, 1082.05, 526.27, 29.55, 13.51
9.37, 11, white car, 1187.94, 519.04, 1218.63, 533.68, 1203.29, 526.36, 1187.94, 526.36, 1218.63, 526.36, 30.70, 14.65
9.37, 13, black car, 1335.40, 527.26, 1366.80, 541.33, 1351.10, 534.29, 1335.40, 534.29, 1366.80, 534.29, 31.40, 14.07
9.37, 8, black car, 853.84, 511.29, 884.27, 525.03, 869.06, 518.16, 853.84, 518.16, 884.27, 518.16, 30.43, 13.74
9.40, 9, black car, 1049.82, 519.60, 1079.92, 533.37, 1064.87, 526.49, 1049.82, 526.49, 1079.92, 526.49, 30.09, 13.77
9.40, 11, white car, 1185.58, 519.01, 1215.95, 533.53, 1200.77, 526.27, 1185.58, 526.27, 1215.95, 526.27, 30.37, 14.52
9.40, 13, black car, 1332.60, 527.16, 1364.42, 541.40, 1348.51, 534.28, 1332.60, 534.28, 1364.42, 534.28, 31.81, 14.25
9.40, 8, black car, 850.11, 511.24, 880.78, 525.10, 865.44, 518.17, 850.11, 518.17, 880.78, 518.17, 30.67, 13.86
9.43, 9, black car, 1047.83, 519.83, 1077.60, 533.44, 1062.72, 526.64, 1047.83, 526.64, 1077.60, 526.64, 29.77, 13.60
9.43, 11, white car, 1183.39, 518.99, 1213.68, 533.47, 1198.53, 526.23, 1183.39, 526.23, 1213.68, 526.23, 30.28, 14.48
9.43, 13, black car, 1329.98, 527.08, 1362.25, 541.49, 1346.11, 534.29, 1329.98, 534.29, 1362.25, 534.29, 32.28, 14.41
9.43, 8, black car, 847.29, 511.07, 877.75, 524.85, 862.52, 517.96, 847.29, 517.96, 877.75, 517.96, 30.46, 13.78
9.47, 9, black car, 1045.11, 519.43, 1075.52, 533.35, 1060.31, 526.39, 1045.11, 526.39, 1075.52, 526.39, 30.41, 13.93
9.47, 11, white car, 1180.41, 519.02, 1211.03, 533.64, 1195.72, 526.33, 1180.41, 526.33, 1211.03, 526.33, 30.62, 14.62
9.47, 13, black car, 1327.55, 526.74, 1360.56, 541.43, 1344.06, 534.08, 1327.55, 534.08, 1360.56, 534.08, 33.02, 14.70
9.47, 8, black car, 844.01, 510.69, 875.24, 524.87, 859.63, 517.78, 844.01, 517.78, 875.24, 517.78, 31.22, 14.18
9.50, 9, black car, 1042.44, 519.16, 1072.86, 533.11, 1057.65, 526.14, 1042.44, 526.14, 1072.86, 526.14, 30.42, 13.95
9.50, 11, white car, 1177.47, 518.92, 1208.42, 533.67, 1192.94, 526.30, 1177.47, 526.30, 1208.42, 526.30, 30.95, 14.75
9.50, 13, black car, 1324.96, 526.73, 1358.11, 541.48, 1341.54, 534.11, 1324.96, 534.11, 1358.11, 534.11, 33.14, 14.75
9.50, 8, black car, 841.11, 510.67, 872.03, 524.70, 856.57, 517.69, 841.11, 517.69, 872.03, 517.69, 30.92, 14.04
9.53, 9, black car, 1039.40, 518.78, 1070.12, 532.86, 1054.76, 525.82, 1039.40, 525.82, 1070.12, 525.82, 30.72, 14.07
9.53, 11, white car, 1175.24, 518.77, 1206.94, 533.87, 1191.09, 526.32, 1175.24, 526.32, 1206.94, 526.32, 31.71, 15.10
9.53, 13, black car, 1322.36, 526.80, 1355.33, 541.47, 1338.84, 534.13, 1322.36, 534.13, 1355.33, 534.13, 32.97, 14.67
9.53, 8, black car, 837.49, 510.57, 868.82, 524.83, 853.15, 517.70, 837.49, 517.70, 868.82, 517.70, 31.34, 14.25
9.57, 9, black car, 1037.13, 518.73, 1067.36, 532.55, 1052.25, 525.64, 1037.13, 525.64, 1067.36, 525.64, 30.23, 13.82
9.57, 11, white car, 1172.46, 518.64, 1204.86, 534.09, 1188.66, 526.37, 1172.46, 526.37, 1204.86, 526.37, 32.41, 15.45
9.57, 13, black car, 1319.89, 526.87, 1352.02, 541.17, 1335.96, 534.02, 1319.89, 534.02, 1352.02, 534.02, 32.13, 14.30
9.57, 8, black car, 833.33, 510.31, 864.78, 524.51, 849.06, 517.41, 833.33, 517.41, 864.78, 517.41, 31.45, 14.20
9.60, 9, black car, 1034.13, 518.38, 1064.68, 532.32, 1049.41, 525.35, 1034.13, 525.35, 1064.68, 525.35, 30.55, 13.94
9.60, 11, white car, 1169.97, 518.44, 1202.72, 534.07, 1186.35, 526.26, 1169.97, 526.26, 1202.72, 526.26, 32.75, 15.63
9.60, 13, black car, 1317.45, 526.99, 1349.49, 541.24, 1333.47, 534.11, 1317.45, 534.11, 1349.49, 534.11, 32.04, 14.25
9.60, 8, black car, 829.82, 510.52, 860.45, 524.23, 845.14, 517.38, 829.82, 517.38, 860.45, 517.38, 30.63, 13.71
9.63, 9, black car, 1031.72, 518.20, 1061.48, 531.76, 1046.60, 524.98, 1031.72, 524.98, 1061.48, 524.98, 29.75, 13.55
9.63, 11, white car, 1168.23, 518.63, 1199.36, 533.47, 1183.80, 526.05, 1168.23, 526.05, 1199.36, 526.05, 31.14, 14.84
9.63, 13, black car, 1315.02, 527.17, 1346.57, 541.20, 1330.80, 534.18, 1315.02, 534.18, 1346.57, 534.18, 31.55, 14.03
9.63, 8, black car, 826.58, 510.53, 856.48, 523.83, 841.53, 517.18, 826.58, 517.18, 856.48, 517.18, 29.90, 13.30
9.67, 9, black car, 1029.08, 517.70, 1059.11, 531.42, 1044.09, 524.56, 1029.08, 524.56, 1059.11, 524.56, 30.03, 13.73
9.67, 11, white car, 1165.42, 518.64, 1195.72, 533.07, 1180.57, 525.85, 1165.42, 525.85, 1195.72, 525.85, 30.30, 14.42
9.67, 13, black car, 1312.46, 527.02, 1343.80, 540.97, 1328.13, 534.00, 1312.46, 534.00, 1343.80, 534.00, 31.34, 13.95
9.67, 8, black car, 822.40, 510.17, 852.90, 523.72, 837.65, 516.95, 822.40, 516.95, 852.90, 516.95, 30.50, 13.55
9.70, 9, black car, 1026.64, 517.84, 1056.05, 531.26, 1041.35, 524.55, 1026.64, 524.55, 1056.05, 524.55, 29.41, 13.41
9.70, 11, white car, 1162.73, 518.59, 1192.68, 532.79, 1177.71, 525.69, 1162.73, 525.69, 1192.68, 525.69, 29.95, 14.20
9.70, 13, black car, 1309.83, 527.12, 1341.20, 541.08, 1325.52, 534.10, 1309.83, 534.10, 1341.20, 534.10, 31.37, 13.95
9.70, 8, black car, 819.17, 509.62, 849.78, 523.15, 834.47, 516.39, 819.17, 516.39, 849.78, 516.39, 30.61, 13.53
9.73, 9, black car, 1023.98, 518.12, 1053.06, 531.38, 1038.52, 524.75, 1023.98, 524.75, 1053.06, 524.75, 29.09, 13.27
9.73, 11, white car, 1160.73, 518.56, 1190.22, 532.46, 1175.47, 525.51, 1160.73, 525.51, 1190.22, 525.51, 29.49, 13.91
9.73, 13, black car, 1307.18, 526.99, 1338.20, 540.79, 1322.69, 533.89, 1307.18, 533.89, 1338.20, 533.89, 31.02, 13.80
9.73, 8, black car, 815.32, 508.88, 846.54, 522.65, 830.93, 515.77, 815.32, 515.77, 846.54, 515.77, 31.23, 13.78
9.77, 9, black car, 1021.56, 517.72, 1051.52, 531.36, 1036.54, 524.54, 1021.56, 524.54, 1051.52, 524.54, 29.96, 13.64
9.77, 11, white car, 1158.46, 518.55, 1188.13, 532.51, 1173.30, 525.53, 1158.46, 525.53, 1188.13, 525.53, 29.67, 13.96
9.77, 13, black car, 1304.58, 526.63, 1335.78, 540.55, 1320.18, 533.59, 1304.58, 533.59, 1335.78, 533.59, 31.20, 13.92
9.77, 8, black car, 811.44, 508.38, 842.85, 522.24, 827.14, 515.31, 811.44, 515.31, 842.85, 515.31, 31.42, 13.87
9.80, 9, black car, 1019.38, 517.57, 1049.97, 531.46, 1034.68, 524.52, 1019.38, 524.52, 1049.97, 524.52, 30.59, 13.88
9.80, 11, white car, 1156.14, 518.51, 1185.69, 532.37, 1170.92, 525.44, 1156.14, 525.44, 1185.69, 525.44, 29.56, 13.86
9.80, 13, black car, 1301.82, 526.29, 1333.78, 540.54, 1317.80, 533.41, 1301.82, 533.41, 1333.78, 533.41, 31.96, 14.25
9.80, 8, black car, 807.47, 508.15, 838.83, 522.02, 823.15, 515.08, 807.47, 515.08, 838.83, 515.08, 31.36, 13.87
9.83, 9, black car, 1017.24, 517.41, 1047.94, 531.31, 1032.59, 524.36, 1017.24, 524.36, 1047.94, 524.36, 30.70, 13.90
9.83, 11, white car, 1153.27, 518.56, 1183.08, 532.50, 1168.18, 525.53, 1153.27, 525.53, 1183.08, 525.53, 29.81, 13.94
9.83, 13, black car, 1299.31, 526.07, 1331.32, 540.37, 1315.32, 533.22, 1299.31, 533.22, 1331.32, 533.22, 32.01, 14.31
9.83, 8, black car, 804.21, 507.91, 835.83, 521.88, 820.02, 514.90, 804.21, 514.90, 835.83, 514.90, 31.62, 13.97
9.87, 9, black car, 1015.42, 517.32, 1045.31, 530.89, 1030.37, 524.10, 1015.42, 524.10, 1045.31, 524.10, 29.89, 13.56
9.87, 11, white car, 1150.46, 518.60, 1180.73, 532.72, 1165.60, 525.66, 1150.46, 525.66, 1180.73, 525.66, 30.27, 14.11
9.87, 13, black car, 1296.65, 525.89, 1328.67, 540.21, 1312.66, 533.05, 1296.65, 533.05, 1328.67, 533.05, 32.01, 14.32
9.87, 8, black car, 800.49, 507.78, 832.24, 521.78, 816.36, 514.78, 800.49, 514.78, 832.24, 514.78, 31.74, 14.00
9.90, 9, black car, 1011.97, 517.01, 1042.44, 530.89, 1027.20, 523.95, 1011.97, 523.95, 1042.44, 523.95, 30.47, 13.88
9.90, 11, white car, 1148.06, 518.41, 1178.60, 532.61, 1163.33, 525.51, 1148.06, 525.51, 1178.60, 525.51, 30.53, 14.20
9.90, 13, black car, 1294.01, 525.73, 1326.02, 540.08, 1310.01, 532.91, 1294.01, 532.91, 1326.02, 532.91, 32.01, 14.35
9.90, 15, black car, 1411.87, 526.82, 1442.53, 540.74, 1427.20, 533.78, 1411.87, 533.78, 1442.53, 533.78, 30.66, 13.93
9.90, 8, black car, 797.40, 507.55, 829.47, 521.67, 813.44, 514.61, 797.40, 514.61, 829.47, 514.61, 32.07, 14.12
9.93, 9, black car, 1008.77, 516.93, 1039.23, 530.85, 1024.00, 523.89, 1008.77, 523.89, 1039.23, 523.89, 30.45, 13.92
9.93, 11, white car, 1145.15, 518.30, 1176.53, 532.90, 1160.84, 525.60, 1145.15, 525.60, 1176.53, 525.60, 31.39, 14.60
9.93, 13, black car, 1291.50, 525.53, 1323.64, 539.96, 1307.57, 532.75, 1291.50, 532.75, 1323.64, 532.75, 32.15, 14.44
9.93, 15, black car, 1408.52, 526.60, 1438.79, 540.39, 1423.65, 533.50, 1408.52, 533.50, 1438.79, 533.50, 30.27, 13.79
9.93, 8, black car, 793.75, 507.29, 826.49, 521.71, 810.12, 514.50, 793.75, 514.50, 826.49, 514.50, 32.74, 14.42
9.97, 9, black car, 1006.50, 517.16, 1036.15, 530.71, 1021.32, 523.93, 1006.50, 523.93, 1036.15, 523.93, 29.65, 13.55
9.97, 11, white car, 1142.81, 518.03, 1173.89, 532.49, 1158.35, 525.26, 1142.81, 525.26, 1173.89, 525.26, 31.08, 14.46
9.97, 13, black car, 1289.02, 525.57, 1320.86, 539.89, 1304.94, 532.73, 1289.02, 532.73, 1320.86, 532.73, 31.84, 14.32
9.97, 15, black car, 1405.36, 526.28, 1436.46, 540.49, 1420.91, 533.39, 1405.36, 533.39, 1436.46, 533.39, 31.10, 14.21
9.97, 8, black car, 790.37, 506.88, 822.61, 521.12, 806.49, 514.00, 790.37, 514.00, 822.61, 514.00, 32.24, 14.24
