0.00, 14, white car, 916.37, 538.73, 944.16, 552.13, 930.27, 545.43, 916.37, 545.43, 944.16, 545.43, 27.79, 13.41
0.03, 14, white car, 914.27, 538.87, 941.90, 552.20, 928.09, 545.53, 914.27, 545.53, 941.90, 545.53, 27.63, 13.33
0.07, 14, white car, 911.76, 538.59, 940.09, 552.25, 925.93, 545.42, 911.76, 545.42, 940.09, 545.42, 28.33, 13.66
0.10, 14, white car, 908.32, 538.50, 936.88, 552.26, 922.60, 545.38, 908.32, 545.38, 936.88, 545.38, 28.56, 13.77
0.13, 14, white car, 905.36, 538.38, 933.91, 552.10, 919.63, 545.24, 905.36, 545.24, 933.91, 545.24, 28.55, 13.73
0.17, 14, white car, 902.58, 538.18, 930.55, 551.59, 916.56, 544.89, 902.58, 544.89, 930.55, 544.89, 27.97, 13.42
0.20, 14, white car, 899.70, 538.19, 927.41, 551.43, 913.55, 544.81, 899.70, 544.81, 927.41, 544.81, 27.71, 13.24
0.23, 4, white car, 1404.45, 557.42, 1440.96, 572.86, 1422.70, 565.14, 1404.45, 565.14, 1440.96, 565.14, 36.51, 15.44
0.23, 14, white car, 896.60, 537.89, 924.88, 551.39, 910.74, 544.64, 896.60, 544.64, 924.88, 544.64, 28.28, 13.50
0.27, 4, white car, 1401.41, 557.58, 1437.28, 572.79, 1419.34, 565.18, 1401.41, 565.18, 1437.28, 565.18, 35.87, 15.21
0.27, 14, white car, 893.60, 537.71, 921.91, 551.22, 907.75, 544.46, 893.60, 544.46, 921.91, 544.46, 28.31, 13.51
0.30, 4, white car, 1398.62, 557.80, 1433.25, 572.49, 1415.94, 565.14, 1398.62, 565.14, 1433.25, 565.14, 34.63, 14.69
0.30, 14, white car, 890.80, 537.49, 918.82, 550.80, 904.81, 544.15, 890.80, 544.15, 918.82, 544.15, 28.02, 13.32
0.33, 4, white car, 1395.41, 557.76, 1429.55, 572.26, 1412.48, 565.01, 1395.41, 565.01, 1429.55, 565.01, 34.15, 14.50
0.33, 14, white car, 887.88, 537.36, 915.08, 550.26, 901.48, 543.81, 887.88, 543.81, 915.08, 543.81, 27.20, 12.90
0.37, 4, white car, 1392.08, 557.86, 1425.69, 572.16, 1408.88, 565.01, 1392.08, 565.01, 1425.69, 565.01, 33.61, 14.31
0.37, 14, white car, 884.81, 537.22, 912.22, 550.16, 898.51, 543.69, 884.81, 543.69, 912.22, 543.69, 27.41, 12.94
0.40, 4, white car, 1388.92, 557.90, 1422.08, 572.01, 1405.50, 564.96, 1388.92, 564.96, 1422.08, 564.96, 33.17, 14.11
0.40, 14, white car, 881.48, 536.72, 909.59, 550.00, 895.53, 543.36, 881.48, 543.36, 909.59, 543.36, 28.11, 13.28
0.43, 4, white car, 1385.93, 558.04, 1418.39, 571.81, 1402.16, 564.93, 1385.93, 564.93, 1418.39, 564.93, 32.46, 13.77
0.43, 14, white car, 878.56, 536.46, 907.42, 550.11, 892.99, 543.29, 878.56, 543.29, 907.42, 543.29, 28.86, 13.65
0.47, 4, white car, 1382.65, 557.98, 1414.99, 571.69, 1398.82, 564.83, 1382.65, 564.83, 1414.99, 564.83, 32.34, 13.70
0.47, 14, white car, 875.58, 536.32, 904.25, 549.88, 889.92, 543.10, 875.58, 543.10, 904.25, 543.10, 28.68, 13.56
0.50, 4, white car, 1379.36, 557.99, 1410.93, 571.34, 1395.14, 564.67, 1379.36, 564.67, 1410.93, 564.67, 31.57, 13.35
0.50, 14, white car, 872.48, 536.01, 901.02, 549.56, 886.75, 542.79, 872.48, 542.79, 901.02, 542.79, 28.54, 13.55
0.53, 4, white car, 1375.85, 557.93, 1407.71, 571.36, 1391.78, 564.65, 1375.85, 564.65, 1407.71, 564.65, 31.86, 13.44
0.53, 14, white car, 869.57, 535.85, 897.45, 549.10, 883.51, 542.47, 869.57, 542.47, 897.45, 542.47, 27.88, 13.24
0.57, 4, white car, 1372.36, 558.04, 1403.75, 571.21, 1388.05, 564.63, 1372.36, 564.63, 1403.75, 564.63, 31.39, 13.17
0.57, 14, white car, 866.69, 535.38, 894.76, 548.73, 880.72, 542.05, 866.69, 542.05, 894.76, 542.05, 28.08, 13.36
0.60, 4, white car, 1368.66, 557.66, 1401.03, 571.23, 1384.84, 564.44, 1368.66, 564.44, 1401.03, 564.44, 32.38, 13.57
0.60, 14, white car, 864.24, 535.09, 892.48, 548.49, 878.36, 541.79, 864.24, 541.79, 892.48, 541.79, 28.24, 13.40
0.63, 4, white car, 1365.20, 557.61, 1397.55, 571.16, 1381.37, 564.38, 1365.20, 564.38, 1397.55, 564.38, 32.35, 13.55
0.63, 14, white car, 861.67, 535.26, 889.14, 548.24, 875.41, 541.75, 861.67, 541.75, 889.14, 541.75, 27.47, 12.98
0.67, 4, white car, 1361.23, 557.48, 1394.45, 571.39, 1377.84, 564.43, 1361.23, 564.43, 1394.45, 564.43, 33.22, 13.91
0.67, 14, white car, 858.90, 535.32, 886.19, 548.18, 872.54, 541.75, 858.90, 541.75, 886.19, 541.75, 27.29, 12.86
0.70, 4, white car, 1357.94, 557.41, 1390.98, 571.23, 1374.46, 564.32, 1357.94, 564.32, 1390.98, 564.32, 33.05, 13.81
0.73, 4, white car, 1354.00, 556.96, 1388.38, 571.37, 1371.19, 564.16, 1354.00, 564.16, 1388.38, 564.16, 34.39, 14.41
0.73, 14, white car, 852.29, 534.77, 880.18, 547.92, 866.24, 541.35, 852.29, 541.35, 880.18, 541.35, 27.89, 13.15
0.77, 4, white car, 1350.66, 556.95, 1384.91, 571.34, 1367.79, 564.14, 1350.66, 564.14, 1384.91, 564.14, 34.25, 14.38
0.77, 14, white car, 849.71, 534.63, 878.10, 547.93, 863.91, 541.28, 849.71, 541.28, 878.10, 541.28, 28.40, 13.30
0.80, 4, white car, 1346.96, 556.66, 1381.90, 571.39, 1364.43, 564.03, 1346.96, 564.03, 1381.90, 564.03, 34.93, 14.73
0.83, 4, white car, 1343.48, 556.40, 1378.66, 571.25, 1361.07, 563.82, 1343.48, 563.82, 1378.66, 563.82, 35.18, 14.85
0.87, 4, white car, 1339.94, 556.38, 1375.02, 571.19, 1357.48, 563.78, 1339.94, 563.78, 1375.02, 563.78, 35.09, 14.81
0.87, 14, white car, 840.44, 533.81, 869.99, 547.72, 855.22, 540.76, 840.44, 540.76, 869.99, 540.76, 29.56, 13.91
0.90, 4, white car, 1336.80, 556.42, 1370.82, 570.80, 1353.81, 563.61, 1336.80, 563.61, 1370.82, 563.61, 34.02, 14.38
0.93, 4, white car, 1333.81, 556.22, 1367.80, 570.63, 1350.81, 563.43, 1333.81, 563.43, 1367.80, 563.43, 33.99, 14.42
0.97, 4, white car, 1330.08, 556.13, 1364.18, 570.64, 1347.13, 563.39, 1330.08, 563.39, 1364.18, 563.39, 34.10, 14.50
1.00, 4, white car, 1326.49, 556.02, 1360.88, 570.64, 1343.69, 563.33, 1326.49, 563.33, 1360.88, 563.33, 34.40, 14.62
1.03, 4, white car, 1323.36, 555.95, 1357.62, 570.54, 1340.49, 563.25, 1323.36, 563.25, 1357.62, 563.25, 34.26, 14.59
1.07, 4, white car, 1319.61, 555.93, 1353.87, 570.53, 1336.74, 563.23, 1319.61, 563.23, 1353.87, 563.23, 34.26, 14.60
1.10, 4, white car, 1315.94, 555.70, 1350.47, 570.42, 1333.20, 563.06, 1315.94, 563.06, 1350.47, 563.06, 34.54, 14.72
1.10, 14, white car, 820.32, 531.99, 849.51, 545.75, 834.91, 538.87, 820.32, 538.87, 849.51, 538.87, 29.19, 13.76
1.13, 4, white car, 1312.64, 555.72, 1346.83, 570.29, 1329.73, 563.01, 1312.64, 563.01, 1346.83, 563.01, 34.19, 14.56
1.13, 14, white car, 817.76, 531.74, 847.02, 545.51, 832.39, 538.63, 817.76, 538.63, 847.02, 538.63, 29.26, 13.77
1.17, 4, white car, 1309.27, 555.79, 1343.33, 570.32, 1326.30, 563.05, 1309.27, 563.05, 1343.33, 563.05, 34.06, 14.53
1.20, 4, white car, 1306.07, 555.84, 1339.64, 570.18, 1322.86, 563.01, 1306.07, 563.01, 1339.64, 563.01, 33.57, 14.34
1.20, 14, white car, 812.29, 531.77, 840.77, 545.23, 826.53, 538.50, 812.29, 538.50, 840.77, 538.50, 28.49, 13.47
1.23, 4, white car, 1302.59, 555.69, 1336.42, 570.15, 1319.50, 562.92, 1302.59, 562.92, 1336.42, 562.92, 33.83, 14.46
1.23, 14, white car, 809.24, 531.53, 837.13, 544.71, 823.19, 538.12, 809.24, 538.12, 837.13, 538.12, 27.90, 13.17
1.27, 4, white car, 1299.50, 555.70, 1332.95, 569.96, 1316.22, 562.83, 1299.50, 562.83, 1332.95, 562.83, 33.45, 14.26
1.27, 14, white car, 806.09, 531.17, 834.38, 544.51, 820.24, 537.84, 806.09, 537.84, 834.38, 537.84, 28.28, 13.34
1.30, 4, white car, 1295.97, 555.84, 1328.96, 569.93, 1312.46, 562.88, 1295.97, 562.88, 1328.96, 562.88, 32.99, 14.09
1.30, 14, white car, 803.66, 530.71, 832.01, 544.08, 817.84, 537.39, 803.66, 537.39, 832.01, 537.39, 28.35, 13.37
1.33, 4, white car, 1292.48, 555.65, 1325.27, 569.67, 1308.87, 562.66, 1292.48, 562.66, 1325.27, 562.66, 32.78, 14.02
1.33, 14, white car, 801.09, 530.60, 829.07, 543.77, 815.08, 537.19, 801.09, 537.19, 829.07, 537.19, 27.99, 13.18
1.37, 4, white car, 1288.79, 555.56, 1321.81, 569.70, 1305.30, 562.63, 1288.79, 562.63, 1321.81, 562.63, 33.02, 14.14
1.37, 14, white car, 798.29, 530.51, 826.19, 543.66, 812.24, 537.09, 798.29, 537.09, 826.19, 537.09, 27.90, 13.15
1.40, 4, white car, 1285.50, 555.56, 1318.15, 569.54, 1301.83, 562.55, 1285.50, 562.55, 1318.15, 562.55, 32.64, 13.98
1.40, 14, white car, 795.09, 530.16, 823.13, 543.41, 809.11, 536.79, 795.09, 536.79, 823.13, 536.79, 28.04, 13.25
1.43, 4, white car, 1281.94, 555.59, 1314.52, 569.57, 1298.23, 562.58, 1281.94, 562.58, 1314.52, 562.58, 32.58, 13.98
1.43, 14, white car, 791.91, 529.77, 820.47, 543.28, 806.19, 536.52, 791.91, 536.52, 820.47, 536.52, 28.56, 13.50
1.47, 4, white car, 1278.52, 555.42, 1311.09, 569.41, 1294.81, 562.42, 1278.52, 562.42, 1311.09, 562.42, 32.58, 13.99
1.47, 14, white car, 789.23, 529.29, 818.29, 543.05, 803.76, 536.17, 789.23, 536.17, 818.29, 536.17, 29.06, 13.76
1.50, 4, white car, 1274.82, 555.32, 1307.76, 569.48, 1291.29, 562.40, 1274.82, 562.40, 1307.76, 562.40, 32.94, 14.17
1.50, 14, white car, 786.37, 529.01, 815.40, 542.76, 800.88, 535.88, 786.37, 535.88, 815.40, 535.88, 29.03, 13.75
1.53, 4, white car, 1271.06, 555.04, 1304.94, 569.65, 1288.00, 562.34, 1271.06, 562.34, 1304.94, 562.34, 33.88, 14.61
1.53, 14, white car, 783.59, 528.74, 812.36, 542.37, 797.98, 535.55, 783.59, 535.55, 812.36, 535.55, 28.77, 13.64
1.57, 4, white car, 1267.46, 554.89, 1301.26, 569.48, 1284.36, 562.18, 1267.46, 562.18, 1301.26, 562.18, 33.80, 14.59
1.57, 14, white car, 780.11, 528.27, 808.98, 542.02, 794.54, 535.14, 780.11, 535.14, 808.98, 535.14, 28.87, 13.75
1.60, 4, white car, 1263.60, 554.57, 1297.82, 569.40, 1280.71, 561.98, 1263.60, 561.98, 1297.82, 561.98, 34.22, 14.83
1.60, 14, white car, 777.43, 527.81, 806.29, 541.58, 791.86, 534.69, 777.43, 534.69, 806.29, 534.69, 28.86, 13.77
1.63, 4, white car, 1260.55, 554.72, 1293.88, 569.17, 1277.22, 561.94, 1260.55, 561.94, 1293.88, 561.94, 33.34, 14.44
1.63, 14, white car, 775.58, 527.88, 803.32, 541.05, 789.45, 534.46, 775.58, 534.46, 803.32, 534.46, 27.74, 13.17
1.67, 4, white car, 1256.96, 554.71, 1290.21, 569.11, 1273.58, 561.91, 1256.96, 561.91, 1290.21, 561.91, 33.24, 14.40
1.67, 14, white car, 773.28, 527.73, 800.39, 540.54, 786.84, 534.13, 773.28, 534.13, 800.39, 534.13, 27.11, 12.80
1.70, 4, white car, 1253.48, 554.55, 1287.10, 569.15, 1270.29, 561.85, 1253.48, 561.85, 1287.10, 561.85, 33.62, 14.60
1.70, 14, white car, 770.36, 527.53, 797.57, 540.36, 783.97, 533.94, 770.36, 533.94, 797.57, 533.94, 27.21, 12.83
1.73, 4, white car, 1250.11, 554.48, 1283.80, 569.14, 1266.95, 561.81, 1250.11, 561.81, 1283.80, 561.81, 33.70, 14.66
1.77, 4, white car, 1246.98, 554.44, 1279.87, 568.73, 1263.42, 561.58, 1246.98, 561.58, 1279.87, 561.58, 32.89, 14.29
1.80, 4, white car, 1243.60, 554.41, 1276.31, 568.60, 1259.95, 561.51, 1243.60, 561.51, 1276.31, 561.51, 32.71, 14.19
1.83, 4, white car, 1239.90, 554.25, 1272.54, 568.44, 1256.22, 561.34, 1239.90, 561.34, 1272.54, 561.34, 32.64, 14.18
1.83, 14, white car, 758.71, 526.68, 785.94, 539.46, 772.32, 533.07, 758.71, 533.07, 785.94, 533.07, 27.22, 12.78
1.87, 4, white car, 1235.77, 553.79, 1269.09, 568.31, 1252.43, 561.05, 1235.77, 561.05, 1269.09, 561.05, 33.33, 14.52
1.87, 14, white car, 755.95, 526.52, 783.30, 539.32, 769.63, 532.92, 755.95, 532.92, 783.30, 532.92, 27.35, 12.80
1.90, 4, white car, 1232.17, 553.72, 1265.51, 568.25, 1248.84, 560.99, 1232.17, 560.99, 1265.51, 560.99, 33.34, 14.53
1.90, 14, white car, 752.60, 526.22, 780.45, 539.30, 766.52, 532.76, 752.60, 532.76, 780.45, 532.76, 27.85, 13.08
1.93, 4, white car, 1228.60, 553.64, 1262.02, 568.19, 1245.31, 560.92, 1228.60, 560.92, 1262.02, 560.92, 33.41, 14.55
1.93, 14, white car, 749.89, 525.89, 777.99, 539.06, 763.94, 532.47, 749.89, 532.47, 777.99, 532.47, 28.10, 13.17
1.97, 4, white car, 1225.25, 553.64, 1258.53, 568.15, 1241.89, 560.89, 1225.25, 560.89, 1258.53, 560.89, 33.28, 14.51
1.97, 14, white car, 747.28, 525.62, 775.64, 538.90, 761.46, 532.26, 747.28, 532.26, 775.64, 532.26, 28.36, 13.28
2.00, 4, white car, 1221.67, 553.58, 1254.50, 567.91, 1238.09, 560.74, 1221.67, 560.74, 1254.50, 560.74, 32.84, 14.33
2.00, 14, white car, 744.53, 525.47, 772.71, 538.66, 758.62, 532.07, 744.53, 532.07, 772.71, 532.07, 28.18, 13.19
2.03, 4, white car, 1218.01, 553.37, 1251.02, 567.77, 1234.52, 560.57, 1218.01, 560.57, 1251.02, 560.57, 33.01, 14.40
2.03, 14, white car, 741.68, 525.14, 769.95, 538.38, 755.82, 531.76, 741.68, 531.76, 769.95, 531.76, 28.27, 13.24
2.07, 4, white car, 1214.60, 553.23, 1247.53, 567.58, 1231.07, 560.41, 1214.60, 560.41, 1247.53, 560.41, 32.93, 14.35
2.07, 14, white car, 738.68, 524.78, 766.80, 537.98, 752.74, 531.38, 738.68, 531.38, 766.80, 531.38, 28.12, 13.20
2.10, 4, white car, 1211.10, 553.28, 1244.15, 567.65, 1227.62, 560.47, 1211.10, 560.47, 1244.15, 560.47, 33.06, 14.37
2.10, 14, white car, 735.72, 524.43, 764.17, 537.76, 749.95, 531.09, 735.72, 531.09, 764.17, 531.09, 28.45, 13.32
2.13, 4, white car, 1207.73, 553.14, 1240.58, 567.38, 1224.15, 560.26, 1207.73, 560.26, 1240.58, 560.26, 32.85, 14.24
2.13, 14, white car, 732.96, 523.99, 760.91, 537.03, 746.93, 530.51, 732.96, 530.51, 760.91, 530.51, 27.95, 13.04
2.17, 4, white car, 1204.15, 553.03, 1236.87, 567.16, 1220.51, 560.10, 1204.15, 560.10, 1236.87, 560.10, 32.72, 14.13
2.17, 14, white car, 730.35, 523.78, 758.31, 536.81, 744.33, 530.30, 730.35, 530.30, 758.31, 530.30, 27.96, 13.03
2.20, 4, white car, 1200.63, 553.05, 1233.06, 567.02, 1216.84, 560.03, 1200.63, 560.03, 1233.06, 560.03, 32.43, 13.97
2.20, 14, white car, 727.49, 523.64, 755.72, 536.81, 741.60, 530.23, 727.49, 530.23, 755.72, 530.23, 28.23, 13.17
2.23, 4, white car, 1197.04, 552.83, 1229.53, 566.79, 1213.29, 559.81, 1197.04, 559.81, 1229.53, 559.81, 32.49, 13.96
2.23, 14, white car, 724.67, 523.27, 753.05, 536.52, 738.86, 529.90, 724.67, 529.90, 753.05, 529.90, 28.38, 13.25
2.27, 4, white car, 1193.43, 552.62, 1225.96, 566.58, 1209.69, 559.60, 1193.43, 559.60, 1225.96, 559.60, 32.53, 13.96
2.27, 14, white car, 722.08, 522.86, 750.71, 536.23, 736.40, 529.54, 722.08, 529.54, 750.71, 529.54, 28.63, 13.37
2.30, 4, white car, 1189.77, 552.55, 1222.83, 566.73, 1206.30, 559.64, 1189.77, 559.64, 1222.83, 559.64, 33.06, 14.18
2.30, 14, white car, 718.98, 522.61, 747.17, 535.79, 733.08, 529.20, 718.98, 529.20, 747.17, 529.20, 28.19, 13.17
2.33, 4, white car, 1185.90, 552.23, 1219.39, 566.58, 1202.65, 559.40, 1185.90, 559.40, 1219.39, 559.40, 33.49, 14.35
2.33, 14, white car, 716.03, 522.21, 744.46, 535.53, 730.24, 528.87, 716.03, 528.87, 744.46, 528.87, 28.43, 13.31
2.37, 4, white car, 1182.16, 551.84, 1216.31, 566.51, 1199.24, 559.17, 1182.16, 559.17, 1216.31, 559.17, 34.14, 14.66
2.37, 14, white car, 713.44, 521.86, 741.54, 535.03, 727.49, 528.44, 713.44, 528.44, 741.54, 528.44, 28.10, 13.17
2.40, 4, white car, 1178.14, 551.63, 1212.63, 566.48, 1195.38, 559.05, 1178.14, 559.05, 1212.63, 559.05, 34.49, 14.85
2.40, 14, white car, 710.22, 521.43, 739.34, 535.16, 724.78, 528.30, 710.22, 528.30, 739.34, 528.30, 29.12, 13.73
2.43, 4, white car, 1174.31, 551.54, 1209.17, 566.57, 1191.74, 559.06, 1174.31, 559.06, 1209.17, 559.06, 34.86, 15.03
2.43, 14, white car, 708.31, 521.42, 736.06, 534.47, 722.18, 527.95, 708.31, 527.95, 736.06, 527.95, 27.74, 13.05
2.47, 4, white car, 1171.04, 551.43, 1205.28, 566.19, 1188.16, 558.81, 1171.04, 558.81, 1205.28, 558.81, 34.24, 14.75
2.47, 14, white car, 705.80, 521.12, 732.53, 533.65, 719.16, 527.39, 705.80, 527.39, 732.53, 527.39, 26.73, 12.53
2.50, 4, white car, 1167.81, 551.21, 1201.95, 565.94, 1184.88, 558.58, 1167.81, 558.58, 1201.95, 558.58, 34.14, 14.73
2.50, 14, white car, 702.86, 520.80, 729.95, 533.44, 716.41, 527.12, 702.86, 527.12, 729.95, 527.12, 27.09, 12.64
2.53, 4, white car, 1164.38, 551.42, 1197.98, 565.89, 1181.18, 558.66, 1164.38, 558.66, 1197.98, 558.66, 33.60, 14.47
2.53, 14, white car, 700.07, 520.31, 727.54, 533.08, 713.80, 526.70, 700.07, 526.70, 727.54, 526.70, 27.47, 12.77
2.57, 4, white car, 1160.39, 551.21, 1194.35, 565.84, 1177.37, 558.53, 1160.39, 558.53, 1194.35, 558.53, 33.95, 14.63
2.57, 14, white car, 696.94, 519.63, 725.28, 532.79, 711.11, 526.21, 696.94, 526.21, 725.28, 526.21, 28.34, 13.16
2.60, 4, white car, 1157.07, 551.16, 1190.71, 565.65, 1173.89, 558.40, 1157.07, 558.40, 1190.71, 558.40, 33.64, 14.49
2.60, 14, white car, 694.47, 519.37, 722.40, 532.34, 708.43, 525.86, 694.47, 525.86, 722.40, 525.86, 27.93, 12.97
2.63, 4, white car, 1153.70, 551.07, 1186.90, 565.37, 1170.30, 558.22, 1153.70, 558.22, 1186.90, 558.22, 33.20, 14.30
2.63, 14, white car, 691.76, 518.83, 720.67, 532.26, 706.22, 525.54, 691.76, 525.54, 720.67, 525.54, 28.91, 13.44
2.67, 4, white car, 1150.44, 551.18, 1183.14, 565.22, 1166.79, 558.20, 1150.44, 558.20, 1183.14, 558.20, 32.70, 14.04
2.67, 14, white car, 689.76, 518.49, 717.78, 531.48, 703.77, 524.98, 689.76, 524.98, 717.78, 524.98, 28.02, 12.99
2.70, 4, white car, 1146.82, 551.16, 1179.43, 565.15, 1163.13, 558.16, 1146.82, 558.16, 1179.43, 558.16, 32.61, 13.99
2.70, 14, white car, 686.61, 518.34, 714.44, 531.20, 700.53, 524.77, 686.61, 524.77, 714.44, 524.77, 27.83, 12.86
2.73, 4, white car, 1142.87, 550.89, 1176.03, 565.13, 1159.45, 558.01, 1142.87, 558.01, 1176.03, 558.01, 33.16, 14.24
2.73, 14, white car, 683.78, 518.39, 711.34, 531.08, 697.56, 524.74, 683.78, 524.74, 711.34, 524.74, 27.55, 12.68
2.77, 4, white car, 1139.49, 550.59, 1172.50, 564.77, 1156.00, 557.68, 1139.49, 557.68, 1172.50, 557.68, 33.01, 14.18
2.77, 14, white car, 680.93, 518.45, 708.10, 530.93, 694.51, 524.69, 680.93, 524.69, 708.10, 524.69, 27.17, 12.48
2.80, 4, white car, 1136.09, 550.53, 1168.81, 564.58, 1152.45, 557.55, 1136.09, 557.55, 1168.81, 557.55, 32.72, 14.05
2.80, 14, white car, 678.46, 518.22, 706.05, 530.85, 692.25, 524.53, 678.46, 524.53, 706.05, 524.53, 27.58, 12.64
2.83, 4, white car, 1132.09, 550.40, 1165.00, 564.54, 1148.55, 557.47, 1132.09, 557.47, 1165.00, 557.47, 32.91, 14.14
2.87, 4, white car, 1128.28, 550.11, 1161.72, 564.49, 1145.00, 557.30, 1128.28, 557.30, 1161.72, 557.30, 33.43, 14.38
2.87, 14, white car, 673.03, 517.88, 700.42, 530.36, 686.72, 524.12, 673.03, 524.12, 700.42, 524.12, 27.39, 12.48
2.90, 4, white car, 1125.22, 549.79, 1158.42, 564.05, 1141.82, 556.92, 1125.22, 556.92, 1158.42, 556.92, 33.20, 14.26
2.90, 14, white car, 669.97, 517.36, 697.63, 529.95, 683.80, 523.65, 669.97, 523.65, 697.63, 523.65, 27.67, 12.59
2.93, 4, white car, 1121.56, 549.77, 1154.78, 564.00, 1138.17, 556.89, 1121.56, 556.89, 1154.78, 556.89, 33.22, 14.23
2.93, 14, white car, 666.34, 516.64, 695.38, 529.93, 680.86, 523.28, 666.34, 523.28, 695.38, 523.28, 29.04, 13.28
2.97, 4, white car, 1117.96, 549.76, 1150.76, 563.79, 1134.36, 556.77, 1117.96, 556.77, 1150.76, 556.77, 32.80, 14.03
2.97, 14, white car, 663.49, 516.25, 693.04, 529.84, 678.27, 523.04, 663.49, 523.04, 693.04, 523.04, 29.56, 13.59
3.00, 4, white car, 1114.47, 549.89, 1147.14, 563.82, 1130.81, 556.86, 1114.47, 556.86, 1147.14, 556.86, 32.68, 13.94
3.00, 14, white car, 660.92, 515.62, 690.76, 529.41, 675.84, 522.52, 660.92, 522.52, 690.76, 522.52, 29.84, 13.79
3.03, 4, white car, 1110.96, 549.79, 1143.00, 563.40, 1126.98, 556.59, 1110.96, 556.59, 1143.00, 556.59, 32.04, 13.61
3.07, 4, white car, 1107.44, 549.62, 1139.85, 563.36, 1123.65, 556.49, 1107.44, 556.49, 1139.85, 556.49, 32.41, 13.74
3.07, 14, white car, 656.44, 515.05, 685.17, 528.33, 670.80, 521.69, 656.44, 521.69, 685.17, 521.69, 28.73, 13.29
3.10, 4, white car, 1104.04, 549.55, 1135.93, 563.03, 1119.98, 556.29, 1104.04, 556.29, 1135.93, 556.29, 31.89, 13.49
3.10, 14, white car, 652.95, 514.51, 681.99, 528.03, 667.47, 521.27, 652.95, 521.27, 681.99, 521.27, 29.05, 13.52
3.13, 4, white car, 1100.26, 549.47, 1132.46, 563.08, 1116.36, 556.28, 1100.26, 556.28, 1132.46, 556.28, 32.20, 13.61
3.13, 14, white car, 650.31, 514.17, 679.56, 527.82, 664.94, 521.00, 650.31, 521.00, 679.56, 521.00, 29.25, 13.65
3.17, 4, white car, 1096.79, 549.36, 1128.75, 562.83, 1112.77, 556.09, 1096.79, 556.09, 1128.75, 556.09, 31.96, 13.47
3.17, 14, white car, 647.50, 513.73, 676.76, 527.43, 662.13, 520.58, 647.50, 520.58, 676.76, 520.58, 29.26, 13.70
3.20, 4, white car, 1093.16, 549.30, 1124.95, 562.68, 1109.06, 555.99, 1093.16, 555.99, 1124.95, 555.99, 31.79, 13.38
3.20, 14, white car, 645.24, 513.18, 674.26, 526.81, 659.75, 520.00, 645.24, 520.00, 674.26, 520.00, 29.02, 13.63
3.23, 4, white car, 1089.41, 549.08, 1121.43, 562.55, 1105.42, 555.81, 1089.41, 555.81, 1121.43, 555.81, 32.03, 13.47
3.27, 4, white car, 1085.94, 548.89, 1117.95, 562.36, 1101.94, 555.63, 1085.94, 555.63, 1117.95, 555.63, 32.00, 13.47
3.30, 4, white car, 1082.80, 548.71, 1114.01, 561.77, 1098.40, 555.24, 1082.80, 555.24, 1114.01, 555.24, 31.21, 13.06
3.30, 14, white car, 637.31, 512.25, 666.14, 525.85, 651.73, 519.05, 637.31, 519.05, 666.14, 519.05, 28.82, 13.60
3.33, 4, white car, 1079.09, 548.72, 1110.28, 561.73, 1094.69, 555.23, 1079.09, 555.23, 1110.28, 555.23, 31.19, 13.01
3.33, 14, white car, 634.57, 512.12, 663.46, 525.82, 649.02, 518.97, 634.57, 518.97, 663.46, 518.97, 28.89, 13.70
3.37, 4, white car, 1075.40, 548.70, 1106.58, 561.62, 1090.99, 555.16, 1075.40, 555.16, 1106.58, 555.16, 31.18, 12.92
3.37, 14, white car, 631.86, 511.95, 660.47, 525.54, 646.16, 518.74, 631.86, 518.74, 660.47, 518.74, 28.61, 13.59
3.40, 4, white car, 1071.72, 548.54, 1102.95, 561.45, 1087.33, 555.00, 1071.72, 555.00, 1102.95, 555.00, 31.23, 12.91
3.40, 14, white car, 629.72, 511.85, 657.59, 525.08, 643.65, 518.47, 629.72, 518.47, 657.59, 518.47, 27.86, 13.23
3.43, 4, white car, 1068.12, 548.29, 1099.92, 561.39, 1084.02, 554.84, 1068.12, 554.84, 1099.92, 554.84, 31.80, 13.10
3.43, 14, white car, 626.84, 511.53, 654.87, 524.86, 640.86, 518.20, 626.84, 518.20, 654.87, 518.20, 28.03, 13.33
3.47, 4, white car, 1064.37, 548.11, 1096.34, 561.26, 1080.35, 554.69, 1064.37, 554.69, 1096.34, 554.69, 31.97, 13.15
3.47, 14, white car, 624.06, 511.13, 652.54, 524.70, 638.30, 517.91, 624.06, 517.91, 652.54, 517.91, 28.48, 13.58
3.50, 4, white car, 1060.44, 547.82, 1092.99, 561.22, 1076.71, 554.52, 1060.44, 554.52, 1092.99, 554.52, 32.55, 13.40
3.50, 14, white car, 621.71, 510.67, 650.46, 524.39, 636.08, 517.53, 621.71, 517.53, 650.46, 517.53, 28.75, 13.71
3.53, 4, white car, 1056.87, 547.67, 1089.37, 561.07, 1073.12, 554.37, 1056.87, 554.37, 1089.37, 554.37, 32.51, 13.40
3.53, 14, white car, 618.60, 510.44, 646.78, 523.92, 632.69, 517.18, 618.60, 517.18, 646.78, 517.18, 28.18, 13.48
3.57, 4, white car, 1053.88, 547.65, 1085.07, 560.47, 1069.47, 554.06, 1053.88, 554.06, 1085.07, 554.06, 31.19, 12.83
3.57, 14, white car, 616.17, 510.25, 644.25, 523.68, 630.21, 516.96, 616.17, 516.96, 644.25, 516.96, 28.08, 13.43
3.60, 4, white car, 1050.39, 547.45, 1081.54, 560.25, 1065.96, 553.85, 1050.39, 553.85, 1081.54, 553.85, 31.15, 12.79
3.60, 14, white car, 613.22, 509.66, 641.75, 523.37, 627.48, 516.51, 613.22, 516.51, 641.75, 516.51, 28.53, 13.71
3.63, 4, white car, 1046.69, 547.52, 1077.78, 560.24, 1062.23, 553.88, 1046.69, 553.88, 1077.78, 553.88, 31.10, 12.72
3.63, 14, white car, 610.62, 509.32, 638.97, 522.98, 624.80, 516.15, 610.62, 516.15, 638.97, 516.15, 28.36, 13.66
3.67, 4, white car, 1042.42, 547.29, 1074.18, 560.25, 1058.30, 553.77, 1042.42, 553.77, 1074.18, 553.77, 31.76, 12.97
3.67, 14, white car, 607.65, 508.83, 636.41, 522.76, 622.03, 515.80, 607.65, 515.80, 636.41, 515.80, 28.76, 13.93
3.70, 4, white car, 1039.20, 547.12, 1071.02, 560.09, 1055.11, 553.60, 1039.20, 553.60, 1071.02, 553.60, 31.82, 12.97
3.70, 14, white car, 605.00, 508.29, 633.35, 522.03, 619.17, 515.16, 605.00, 515.16, 633.35, 515.16, 28.35, 13.74
3.73, 4, white car, 1035.21, 547.00, 1067.34, 560.13, 1051.28, 553.56, 1035.21, 553.56, 1067.34, 553.56, 32.13, 13.14
3.73, 14, white car, 602.47, 507.80, 630.69, 521.46, 616.58, 514.63, 602.47, 514.63, 630.69, 514.63, 28.22, 13.66
3.77, 4, white car, 1031.79, 546.91, 1063.61, 559.92, 1047.70, 553.42, 1031.79, 553.42, 1063.61, 553.42, 31.82, 13.01
3.77, 14, white car, 599.85, 507.25, 628.53, 521.17, 614.19, 514.21, 599.85, 514.21, 628.53, 514.21, 28.68, 13.91
3.80, 4, white car, 1028.75, 546.55, 1059.84, 559.24, 1044.30, 552.90, 1028.75, 552.90, 1059.84, 552.90, 31.09, 12.69
3.80, 14, white car, 597.35, 506.86, 626.45, 521.03, 611.90, 513.94, 597.35, 513.94, 626.45, 513.94, 29.11, 14.17
3.83, 4, white car, 1025.37, 546.44, 1056.33, 559.07, 1040.85, 552.75, 1025.37, 552.75, 1056.33, 552.75, 30.96, 12.62
3.83, 14, white car, 595.25, 507.04, 623.68, 520.89, 609.47, 513.96, 595.25, 513.96, 623.68, 513.96, 28.43, 13.85
3.87, 4, white car, 1021.66, 546.34, 1052.79, 559.06, 1037.22, 552.70, 1021.66, 552.70, 1052.79, 552.70, 31.13, 12.72
3.87, 14, white car, 592.23, 506.80, 620.02, 520.34, 606.12, 513.57, 592.23, 513.57, 620.02, 513.57, 27.79, 13.53
3.90, 4, white car, 1017.89, 546.27, 1048.98, 558.95, 1033.44, 552.61, 1017.89, 552.61, 1048.98, 552.61, 31.10, 12.68
3.93, 4, white car, 1014.08, 546.12, 1045.18, 558.78, 1029.63, 552.45, 1014.08, 552.45, 1045.18, 552.45, 31.10, 12.66
3.93, 14, white car, 586.77, 506.09, 614.75, 519.71, 600.76, 512.90, 586.77, 512.90, 614.75, 512.90, 27.97, 13.62
3.97, 4, white car, 1010.49, 545.79, 1041.80, 558.53, 1026.15, 552.16, 1010.49, 552.16, 1041.80, 552.16, 31.31, 12.74
3.97, 14, white car, 583.98, 505.56, 612.75, 519.60, 598.37, 512.58, 583.98, 512.58, 612.75, 512.58, 28.77, 14.04
4.00, 4, white car, 1006.38, 545.43, 1038.46, 558.52, 1022.42, 551.97, 1006.38, 551.97, 1038.46, 551.97, 32.08, 13.09
4.03, 4, white car, 1002.70, 545.30, 1034.60, 558.33, 1018.65, 551.81, 1002.70, 551.81, 1034.60, 551.81, 31.89, 13.03
4.07, 4, white car, 999.02, 545.03, 1031.42, 558.31, 1015.22, 551.67, 999.02, 551.67, 1031.42, 551.67, 32.39, 13.28
4.10, 4, white car, 995.71, 544.83, 1027.85, 558.02, 1011.78, 551.42, 995.71, 551.42, 1027.85, 551.42, 32.14, 13.19
4.13, 4, white car, 991.89, 544.61, 1024.22, 557.88, 1008.06, 551.24, 991.89, 551.24, 1024.22, 551.24, 32.33, 13.27
4.17, 4, white car, 988.40, 544.41, 1020.40, 557.55, 1004.40, 550.98, 988.40, 550.98, 1020.40, 550.98, 32.01, 13.14
4.20, 4, white car, 985.26, 544.33, 1016.43, 557.12, 1000.84, 550.72, 985.26, 550.72, 1016.43, 550.72, 31.17, 12.79
4.20, 14, white car, 565.93, 503.32, 594.32, 517.12, 580.13, 510.22, 565.93, 510.22, 594.32, 510.22, 28.39, 13.81
4.23, 4, white car, 981.59, 544.21, 1013.00, 557.10, 997.30, 550.65, 981.59, 550.65, 1013.00, 550.65, 31.41, 12.89
4.23, 14, white car, 564.15, 503.05, 591.40, 516.18, 577.78, 509.62, 564.15, 509.62, 591.40, 509.62, 27.25, 13.14
4.27, 4, white car, 977.60, 544.09, 1009.10, 557.02, 993.35, 550.55, 977.60, 550.55, 1009.10, 550.55, 31.50, 12.93
4.27, 14, white car, 561.48, 502.88, 588.64, 515.94, 575.06, 509.41, 561.48, 509.41, 588.64, 509.41, 27.17, 13.05
4.30, 4, white car, 973.94, 543.41, 1005.74, 556.47, 989.84, 549.94, 973.94, 549.94, 1005.74, 549.94, 31.80, 13.06
4.30, 14, white car, 558.59, 502.40, 586.13, 515.63, 572.36, 509.01, 558.59, 509.01, 586.13, 509.01, 27.54, 13.24
4.33, 4, white car, 970.47, 543.41, 1002.20, 556.46, 986.33, 549.93, 970.47, 549.93, 1002.20, 549.93, 31.72, 13.05
4.37, 4, white car, 966.44, 542.78, 999.05, 556.25, 982.75, 549.51, 966.44, 549.51, 999.05, 549.51, 32.61, 13.48
4.40, 4, white car, 962.45, 542.49, 995.47, 556.18, 978.96, 549.34, 962.45, 549.34, 995.47, 549.34, 33.02, 13.69
4.40, 14, white car, 551.03, 501.15, 578.32, 514.20, 564.67, 507.68, 551.03, 507.68, 578.32, 507.68, 27.30, 13.04
4.43, 4, white car, 959.25, 542.25, 991.67, 555.70, 975.46, 548.98, 959.25, 548.98, 991.67, 548.98, 32.42, 13.45
4.43, 14, white car, 548.34, 500.94, 575.52, 513.83, 561.93, 507.39, 548.34, 507.39, 575.52, 507.39, 27.18, 12.89
4.47, 4, white car, 955.95, 542.33, 987.77, 555.53, 971.86, 548.93, 955.95, 548.93, 987.77, 548.93, 31.82, 13.21
4.50, 4, white car, 952.22, 541.83, 984.75, 555.39, 968.48, 548.61, 952.22, 548.61, 984.75, 548.61, 32.53, 13.56
4.53, 4, white car, 948.52, 541.54, 981.38, 555.28, 964.95, 548.41, 948.52, 548.41, 981.38, 548.41, 32.86, 13.74
4.53, 14, white car, 540.49, 499.71, 567.62, 512.47, 554.06, 506.09, 540.49, 506.09, 567.62, 506.09, 27.13, 12.77
4.57, 4, white car, 945.17, 541.37, 977.38, 554.89, 961.28, 548.13, 945.17, 548.13, 977.38, 548.13, 32.21, 13.52
4.57, 14, white car, 537.78, 499.18, 565.10, 511.97, 551.44, 505.58, 537.78, 505.58, 565.10, 505.58, 27.32, 12.79
4.60, 4, white car, 941.65, 541.16, 973.74, 554.65, 957.70, 547.91, 941.65, 547.91, 973.74, 547.91, 32.09, 13.49
4.60, 14, white car, 535.02, 498.88, 562.66, 511.77, 548.84, 505.33, 535.02, 505.33, 562.66, 505.33, 27.64, 12.89
4.63, 4, white car, 937.95, 540.89, 970.08, 554.45, 954.01, 547.67, 937.95, 547.67, 970.08, 547.67, 32.14, 13.56
4.63, 14, white car, 532.25, 498.67, 559.95, 511.54, 546.10, 505.10, 532.25, 505.10, 559.95, 505.10, 27.70, 12.87
4.67, 4, white car, 934.09, 540.73, 966.10, 554.24, 950.10, 547.49, 934.09, 547.49, 966.10, 547.49, 32.01, 13.52
4.67, 14, white car, 529.70, 498.46, 557.37, 511.28, 543.54, 504.87, 529.70, 504.87, 557.37, 504.87, 27.67, 12.82
4.70, 4, white car, 930.60, 540.49, 962.61, 554.05, 946.61, 547.27, 930.60, 547.27, 962.61, 547.27, 32.01, 13.56
4.70, 14, white car, 526.77, 498.33, 554.28, 511.11, 540.52, 504.72, 526.77, 504.72, 554.28, 504.72, 27.50, 12.78
4.73, 4, white car, 927.10, 540.19, 958.97, 553.73, 943.03, 546.96, 927.10, 546.96, 958.97, 546.96, 31.88, 13.54
4.73, 14, white car, 524.20, 497.83, 551.70, 510.56, 537.95, 504.19, 524.20, 504.19, 551.70, 504.19, 27.50, 12.74
4.77, 4, white car, 923.65, 540.03, 955.41, 553.55, 939.53, 546.79, 923.65, 546.79, 955.41, 546.79, 31.76, 13.52
4.77, 14, white car, 521.73, 497.24, 549.30, 509.99, 535.52, 503.62, 521.73, 503.62, 549.30, 503.62, 27.57, 12.74
4.80, 4, white car, 919.70, 539.78, 951.83, 553.49, 935.77, 546.64, 919.70, 546.64, 951.83, 546.64, 32.13, 13.71
4.80, 14, white car, 519.28, 496.96, 546.80, 509.69, 533.04, 503.32, 519.28, 503.32, 546.80, 503.32, 27.52, 12.73
4.83, 4, white car, 916.13, 539.38, 948.64, 553.32, 932.39, 546.35, 916.13, 546.35, 948.64, 546.35, 32.50, 13.94
4.83, 14, white car, 516.65, 496.68, 544.29, 509.47, 530.47, 503.08, 516.65, 503.08, 544.29, 503.08, 27.64, 12.79
4.87, 4, white car, 912.35, 538.90, 945.13, 553.03, 928.74, 545.96, 912.35, 545.96, 945.13, 545.96, 32.79, 14.14
4.87, 14, white car, 514.02, 496.46, 541.81, 509.30, 527.92, 502.88, 514.02, 502.88, 541.81, 502.88, 27.79, 12.84
4.90, 4, white car, 909.08, 538.80, 941.32, 552.74, 925.20, 545.77, 909.08, 545.77, 941.32, 545.77, 32.24, 13.94
4.90, 14, white car, 511.58, 496.37, 539.07, 509.06, 525.32, 502.72, 511.58, 502.72, 539.07, 502.72, 27.50, 12.69
4.93, 4, white car, 905.51, 538.70, 937.32, 552.48, 921.41, 545.59, 905.51, 545.59, 937.32, 545.59, 31.81, 13.78
4.93, 14, white car, 508.77, 496.21, 536.37, 508.93, 522.57, 502.57, 508.77, 502.57, 536.37, 502.57, 27.60, 12.71
4.97, 4, white car, 902.04, 538.57, 933.62, 552.26, 917.83, 545.41, 902.04, 545.41, 933.62, 545.41, 31.59, 13.69
4.97, 14, white car, 506.02, 495.79, 533.82, 508.62, 519.92, 502.20, 506.02, 502.20, 533.82, 502.20, 27.80, 12.83
5.00, 4, white car, 898.34, 537.95, 930.05, 551.67, 914.20, 544.81, 898.34, 544.81, 930.05, 544.81, 31.71, 13.72
5.00, 14, white car, 503.15, 495.39, 531.27, 508.39, 517.21, 501.89, 503.15, 501.89, 531.27, 501.89, 28.12, 13.00
5.03, 4, white car, 895.16, 538.00, 926.22, 551.44, 910.69, 544.72, 895.16, 544.72, 926.22, 544.72, 31.06, 13.44
5.03, 14, white car, 500.19, 494.78, 528.99, 508.13, 514.59, 501.45, 500.19, 501.45, 528.99, 501.45, 28.80, 13.35
5.07, 4, white car, 891.73, 537.86, 922.47, 551.13, 907.10, 544.49, 891.73, 544.49, 922.47, 544.49, 30.74, 13.27
5.07, 14, white car, 497.63, 494.37, 526.24, 507.68, 511.94, 501.03, 497.63, 501.03, 526.24, 501.03, 28.61, 13.32
5.10, 4, white car, 888.16, 537.53, 918.90, 550.79, 903.53, 544.16, 888.16, 544.16, 918.90, 544.16, 30.73, 13.26
5.10, 14, white car, 495.31, 493.92, 523.80, 507.21, 509.55, 500.56, 495.31, 500.56, 523.80, 500.56, 28.49, 13.29
5.13, 4, white car, 884.27, 537.18, 915.14, 550.46, 899.70, 543.82, 884.27, 543.82, 915.14, 543.82, 30.87, 13.28
5.13, 14, white car, 492.72, 493.72, 521.02, 506.91, 506.87, 500.32, 492.72, 500.32, 521.02, 500.32, 28.30, 13.19
5.17, 4, white car, 880.72, 537.01, 911.30, 550.13, 896.01, 543.57, 880.72, 543.57, 911.30, 543.57, 30.58, 13.12
5.17, 14, white car, 490.02, 493.27, 518.56, 506.56, 504.29, 499.91, 490.02, 499.91, 518.56, 499.91, 28.53, 13.29
5.20, 4, white car, 877.17, 536.85, 907.93, 550.03, 892.55, 543.44, 877.17, 543.44, 907.93, 543.44, 30.77, 13.17
5.20, 14, white car, 487.16, 492.91, 515.28, 506.03, 501.22, 499.47, 487.16, 499.47, 515.28, 499.47, 28.12, 13.11
5.23, 4, white car, 873.64, 536.55, 904.51, 549.76, 889.07, 543.15, 873.64, 543.15, 904.51, 543.15, 30.87, 13.21
5.23, 14, white car, 484.55, 492.24, 513.96, 506.03, 499.25, 499.13, 484.55, 499.13, 513.96, 499.13, 29.41, 13.79
5.27, 4, white car, 869.65, 536.02, 900.78, 549.35, 885.21, 542.69, 869.65, 542.69, 900.78, 542.69, 31.13, 13.33
5.27, 14, white car, 482.63, 492.19, 510.90, 505.41, 496.77, 498.80, 482.63, 498.80, 510.90, 498.80, 28.27, 13.22
5.30, 4, white car, 866.24, 535.66, 897.42, 549.03, 881.83, 542.34, 866.24, 542.34, 897.42, 542.34, 31.18, 13.37
5.30, 14, white car, 480.41, 491.77, 508.43, 504.86, 494.42, 498.32, 480.41, 498.32, 508.43, 498.32, 28.01, 13.09
5.33, 4, white car, 862.93, 535.40, 893.74, 548.59, 878.33, 541.99, 862.93, 541.99, 893.74, 541.99, 30.81, 13.19
5.33, 14, white car, 477.82, 491.44, 505.87, 504.50, 491.85, 497.97, 477.82, 497.97, 505.87, 497.97, 28.04, 13.06
5.37, 4, white car, 859.62, 535.28, 890.16, 548.33, 874.89, 541.80, 859.62, 541.80, 890.16, 541.80, 30.54, 13.04
5.37, 14, white car, 475.16, 491.11, 502.86, 503.97, 489.01, 497.54, 475.16, 497.54, 502.86, 497.54, 27.69, 12.86
5.40, 4, white car, 856.33, 535.22, 886.26, 547.97, 871.29, 541.60, 856.33, 541.60, 886.26, 541.60, 29.93, 12.75
5.40, 14, white car, 472.62, 490.73, 500.57, 503.68, 486.59, 497.20, 472.62, 497.20, 500.57, 497.20, 27.95, 12.95
5.43, 4, white car, 852.79, 535.09, 882.70, 547.80, 867.75, 541.44, 852.79, 541.44, 882.70, 541.44, 29.91, 12.71
5.43, 14, white car, 470.41, 490.42, 497.99, 503.20, 484.20, 496.81, 470.41, 496.81, 497.99, 496.81, 27.58, 12.79
5.47, 4, white car, 848.99, 534.78, 879.61, 547.79, 864.30, 541.28, 848.99, 541.28, 879.61, 541.28, 30.62, 13.01
5.47, 14, white car, 467.65, 489.89, 495.83, 502.97, 481.74, 496.43, 467.65, 496.43, 495.83, 496.43, 28.18, 13.07
5.50, 14, white car, 464.99, 489.48, 493.94, 502.91, 479.46, 496.19, 464.99, 496.19, 493.94, 496.19, 28.95, 13.43
5.53, 14, white car, 463.09, 489.82, 490.70, 502.56, 476.89, 496.19, 463.09, 496.19, 490.70, 496.19, 27.62, 12.74
5.57, 14, white car, 460.47, 489.86, 487.53, 502.30, 474.00, 496.08, 460.47, 496.08, 487.53, 496.08, 27.06, 12.44
5.60, 14, white car, 458.03, 489.62, 484.73, 501.84, 471.38, 495.73, 458.03, 495.73, 484.73, 495.73, 26.70, 12.23
5.63, 14, white car, 455.19, 489.60, 482.05, 501.86, 468.62, 495.73, 455.19, 495.73, 482.05, 495.73, 26.86, 12.26
5.67, 14, white car, 452.55, 489.23, 479.97, 501.72, 466.26, 495.48, 452.55, 495.48, 479.97, 495.48, 27.42, 12.50
5.70, 14, white car, 449.52, 488.28, 478.32, 501.49, 463.92, 494.89, 449.52, 494.89, 478.32, 494.89, 28.81, 13.20
5.70, 4, white car, 823.73, 532.46, 854.83, 545.78, 839.28, 539.12, 823.73, 539.12, 854.83, 539.12, 31.11, 13.32
5.73, 14, white car, 447.30, 487.82, 475.81, 500.93, 461.55, 494.37, 447.30, 494.37, 475.81, 494.37, 28.51, 13.11
5.73, 4, white car, 820.55, 532.15, 851.46, 545.41, 836.00, 538.78, 820.55, 538.78, 851.46, 538.78, 30.91, 13.25
5.77, 14, white car, 444.91, 487.43, 473.04, 500.38, 458.98, 493.90, 444.91, 493.90, 473.04, 493.90, 28.12, 12.96
5.77, 4, white car, 817.15, 532.04, 847.58, 545.09, 832.36, 538.57, 817.15, 538.57, 847.58, 538.57, 30.43, 13.04
5.80, 14, white car, 441.95, 486.90, 470.73, 500.23, 456.34, 493.57, 441.95, 493.57, 470.73, 493.57, 28.79, 13.33
5.80, 4, white car, 814.17, 531.97, 843.91, 544.66, 829.04, 538.32, 814.17, 538.32, 843.91, 538.32, 29.74, 12.69
5.83, 14, white car, 438.73, 486.22, 468.28, 500.00, 453.51, 493.11, 438.73, 493.11, 468.28, 493.11, 29.55, 13.77
5.83, 4, white car, 810.06, 531.56, 840.11, 544.41, 825.08, 537.99, 810.06, 537.99, 840.11, 537.99, 30.05, 12.85
5.87, 14, white car, 436.51, 485.87, 466.10, 499.71, 451.30, 492.79, 436.51, 492.79, 466.10, 492.79, 29.58, 13.84
5.87, 4, white car, 806.31, 530.99, 837.22, 544.22, 821.76, 537.60, 806.31, 537.60, 837.22, 537.60, 30.91, 13.23
5.90, 14, white car, 433.89, 485.45, 463.60, 499.48, 448.74, 492.47, 433.89, 492.47, 463.60, 492.47, 29.72, 14.03
5.90, 4, white car, 802.62, 530.74, 833.55, 543.98, 818.08, 537.36, 802.62, 537.36, 833.55, 537.36, 30.93, 13.24
5.93, 14, white car, 432.15, 485.05, 460.91, 498.66, 446.53, 491.85, 432.15, 491.85, 460.91, 491.85, 28.76, 13.61
5.93, 4, white car, 799.43, 530.43, 830.21, 543.59, 814.82, 537.01, 799.43, 537.01, 830.21, 537.01, 30.78, 13.16
5.97, 14, white car, 429.48, 484.68, 458.22, 498.31, 443.85, 491.49, 429.48, 491.49, 458.22, 491.49, 28.73, 13.63
5.97, 4, white car, 795.53, 530.02, 826.55, 543.29, 811.04, 536.66, 795.53, 536.66, 826.55, 536.66, 31.01, 13.27
6.00, 14, white car, 427.14, 484.29, 456.07, 498.07, 441.61, 491.18, 427.14, 491.18, 456.07, 491.18, 28.93, 13.78
6.00, 4, white car, 791.94, 529.55, 823.33, 542.98, 807.63, 536.26, 791.94, 536.26, 823.33, 536.26, 31.39, 13.44
6.03, 14, white car, 424.74, 483.95, 453.51, 497.67, 439.12, 490.81, 424.74, 490.81, 453.51, 490.81, 28.77, 13.72
6.03, 4, white car, 788.29, 529.19, 819.72, 542.65, 804.01, 535.92, 788.29, 535.92, 819.72, 535.92, 31.43, 13.47
6.07, 14, white car, 422.20, 483.48, 451.08, 497.25, 436.64, 490.37, 422.20, 490.37, 451.08, 490.37, 28.88, 13.77
6.07, 4, white car, 785.03, 528.79, 816.21, 542.15, 800.62, 535.47, 785.03, 535.47, 816.21, 535.47, 31.18, 13.36
6.10, 14, white car, 419.98, 483.50, 448.36, 497.00, 434.17, 490.25, 419.98, 490.25, 448.36, 490.25, 28.37, 13.50
6.10, 4, white car, 781.17, 528.14, 812.54, 541.62, 796.85, 534.88, 781.17, 534.88, 812.54, 534.88, 31.37, 13.48
6.13, 14, white car, 417.48, 483.34, 445.25, 496.52, 431.36, 489.93, 417.48, 489.93, 445.25, 489.93, 27.77, 13.18
6.13, 4, white car, 777.90, 527.90, 808.76, 541.15, 793.33, 534.52, 777.90, 534.52, 808.76, 534.52, 30.86, 13.25
6.17, 14, white car, 414.89, 483.06, 443.00, 496.41, 428.95, 489.74, 414.89, 489.74, 443.00, 489.74, 28.11, 13.35
6.17, 4, white car, 774.63, 527.57, 805.26, 540.73, 789.95, 534.15, 774.63, 534.15, 805.26, 534.15, 30.63, 13.16
6.20, 14, white car, 412.36, 482.88, 440.30, 496.18, 426.33, 489.53, 412.36, 489.53, 440.30, 489.53, 27.93, 13.29
6.20, 4, white car, 771.63, 527.30, 802.11, 540.41, 786.87, 533.86, 771.63, 533.86, 802.11, 533.86, 30.48, 13.11
6.23, 14, white car, 410.08, 482.63, 438.09, 496.01, 424.08, 489.32, 410.08, 489.32, 438.09, 489.32, 28.02, 13.38
6.23, 4, white car, 768.29, 527.01, 798.45, 540.02, 783.37, 533.52, 768.29, 533.52, 798.45, 533.52, 30.17, 13.01
6.27, 14, white car, 407.55, 482.33, 435.26, 495.59, 421.41, 488.96, 407.55, 488.96, 435.26, 488.96, 27.71, 13.26
6.27, 4, white car, 764.56, 526.82, 794.82, 539.86, 779.69, 533.34, 764.56, 533.34, 794.82, 533.34, 30.27, 13.03
6.30, 14, white car, 405.61, 482.13, 432.90, 495.22, 419.25, 488.67, 405.61, 488.67, 432.90, 488.67, 27.29, 13.09
6.30, 4, white car, 761.29, 526.51, 791.32, 539.44, 776.31, 532.97, 761.29, 532.97, 791.32, 532.97, 30.04, 12.93
6.33, 14, white car, 403.04, 481.75, 430.62, 495.00, 416.83, 488.37, 403.04, 488.37, 430.62, 488.37, 27.58, 13.25
6.33, 4, white car, 757.93, 526.43, 787.70, 539.23, 772.82, 532.83, 757.93, 532.83, 787.70, 532.83, 29.78, 12.80
6.37, 4, white car, 754.43, 526.25, 784.25, 539.08, 769.34, 532.67, 754.43, 532.67, 784.25, 532.67, 29.82, 12.83
6.40, 4, white car, 750.78, 525.84, 781.03, 538.87, 765.91, 532.36, 750.78, 532.36, 781.03, 532.36, 30.24, 13.03
6.40, 14, white car, 397.47, 481.05, 426.18, 494.90, 411.83, 487.97, 397.47, 487.97, 426.18, 487.97, 28.72, 13.85
6.43, 4, white car, 747.33, 525.34, 777.65, 538.41, 762.49, 531.88, 747.33, 531.88, 777.65, 531.88, 30.32, 13.07
6.43, 14, white car, 395.06, 480.56, 423.90, 494.50, 409.48, 487.53, 395.06, 487.53, 423.90, 487.53, 28.84, 13.94
6.47, 4, white car, 743.48, 524.76, 774.02, 537.93, 758.75, 531.34, 743.48, 531.34, 774.02, 531.34, 30.53, 13.18
6.50, 4, white car, 740.38, 524.62, 770.85, 537.79, 755.62, 531.20, 740.38, 531.20, 770.85, 531.20, 30.47, 13.17
6.53, 4, white car, 736.72, 524.26, 767.29, 537.47, 752.00, 530.86, 736.72, 530.86, 767.29, 530.86, 30.58, 13.21
6.57, 4, white car, 733.24, 523.92, 763.95, 537.15, 748.60, 530.53, 733.24, 530.53, 763.95, 530.53, 30.70, 13.23
6.57, 14, white car, 380.60, 478.63, 412.27, 493.73, 396.44, 486.18, 380.60, 486.18, 412.27, 486.18, 31.67, 15.10
6.60, 4, white car, 729.31, 523.39, 760.21, 536.67, 744.76, 530.03, 729.31, 530.03, 760.21, 530.03, 30.90, 13.28
6.60, 14, white car, 378.60, 478.60, 409.93, 493.40, 394.27, 486.00, 378.60, 486.00, 409.93, 486.00, 31.33, 14.80
6.63, 4, white car, 725.95, 522.94, 757.08, 536.32, 741.52, 529.63, 725.95, 529.63, 757.08, 529.63, 31.13, 13.38
6.67, 4, white car, 722.34, 522.47, 753.89, 536.04, 738.12, 529.25, 722.34, 529.25, 753.89, 529.25, 31.55, 13.57
6.70, 4, white car, 719.17, 522.13, 750.83, 535.73, 735.00, 528.93, 719.17, 528.93, 750.83, 528.93, 31.66, 13.59
6.73, 4, white car, 715.29, 521.63, 746.94, 535.22, 731.12, 528.43, 715.29, 528.43, 746.94, 528.43, 31.65, 13.59
6.77, 4, white car, 711.90, 521.24, 743.90, 535.03, 727.90, 528.14, 711.90, 528.14, 743.90, 528.14, 32.00, 13.80
6.80, 4, white car, 708.28, 520.79, 740.33, 534.67, 724.30, 527.73, 708.28, 527.73, 740.33, 527.73, 32.06, 13.87
6.83, 4, white car, 705.26, 520.68, 737.05, 534.46, 721.16, 527.57, 705.26, 527.57, 737.05, 527.57, 31.79, 13.77
6.87, 4, white car, 701.97, 520.67, 732.86, 533.97, 717.42, 527.32, 701.97, 527.32, 732.86, 527.32, 30.88, 13.30
6.90, 4, white car, 698.98, 520.51, 729.63, 533.68, 714.30, 527.10, 698.98, 527.10, 729.63, 527.10, 30.65, 13.17
6.93, 4, white car, 695.46, 519.99, 726.79, 533.48, 711.12, 526.73, 695.46, 526.73, 726.79, 526.73, 31.33, 13.49
6.97, 4, white car, 691.74, 519.51, 723.47, 533.22, 707.60, 526.36, 691.74, 526.36, 723.47, 526.36, 31.73, 13.71
7.00, 4, white car, 688.28, 518.76, 720.24, 532.60, 704.26, 525.68, 688.28, 525.68, 720.24, 525.68, 31.95, 13.84
7.03, 4, white car, 684.75, 518.33, 716.61, 532.12, 700.68, 525.23, 684.75, 525.23, 716.61, 525.23, 31.87, 13.79
7.07, 4, white car, 681.49, 518.06, 712.79, 531.57, 697.14, 524.81, 681.49, 524.81, 712.79, 524.81, 31.30, 13.50
7.10, 4, white car, 678.38, 517.92, 709.27, 531.18, 693.83, 524.55, 678.38, 524.55, 709.27, 524.55, 30.89, 13.26
7.13, 4, white car, 675.11, 517.60, 706.38, 531.00, 690.74, 524.30, 675.11, 524.30, 706.38, 524.30, 31.27, 13.39
7.17, 4, white car, 672.21, 517.35, 703.45, 530.69, 687.83, 524.02, 672.21, 524.02, 703.45, 524.02, 31.24, 13.34
7.20, 4, white car, 668.24, 516.89, 700.17, 530.58, 684.21, 523.73, 668.24, 523.73, 700.17, 523.73, 31.93, 13.68
7.20, 14, white car, 339.00, 472.62, 367.25, 485.92, 353.12, 479.27, 339.00, 479.27, 367.25, 479.27, 28.24, 13.30
7.23, 4, white car, 664.90, 516.58, 696.73, 530.25, 680.81, 523.42, 664.90, 523.42, 696.73, 523.42, 31.83, 13.66
7.27, 4, white car, 661.22, 515.89, 693.61, 529.89, 677.42, 522.89, 661.22, 522.89, 693.61, 522.89, 32.39, 13.99
7.27, 14, white car, 333.64, 472.63, 361.54, 485.79, 347.59, 479.21, 333.64, 479.21, 361.54, 479.21, 27.89, 13.17
7.30, 4, white car, 658.16, 515.47, 690.16, 529.33, 674.16, 522.40, 658.16, 522.40, 690.16, 522.40, 32.01, 13.86
7.33, 4, white car, 654.88, 515.24, 686.19, 528.81, 670.54, 522.02, 654.88, 522.02, 686.19, 522.02, 31.31, 13.57
7.33, 14, white car, 328.67, 471.96, 357.31, 485.61, 342.99, 478.79, 328.67, 478.79, 357.31, 478.79, 28.64, 13.65
7.37, 4, white car, 651.64, 514.78, 682.34, 528.09, 666.99, 521.43, 651.64, 521.43, 682.34, 521.43, 30.70, 13.31
7.40, 4, white car, 648.62, 514.28, 679.03, 527.47, 663.83, 520.88, 648.62, 520.88, 679.03, 520.88, 30.41, 13.20
7.43, 4, white car, 645.25, 513.77, 676.22, 527.25, 660.74, 520.51, 645.25, 520.51, 676.22, 520.51, 30.97, 13.48
7.47, 4, white car, 641.60, 513.27, 672.86, 526.92, 657.23, 520.10, 641.60, 520.10, 672.86, 520.10, 31.26, 13.65
7.50, 4, white car, 638.24, 512.93, 669.30, 526.52, 653.77, 519.73, 638.24, 519.73, 669.30, 519.73, 31.05, 13.59
7.53, 4, white car, 635.23, 512.69, 666.05, 526.23, 650.64, 519.46, 635.23, 519.46, 666.05, 519.46, 30.83, 13.54
7.57, 4, white car, 632.07, 512.37, 662.82, 525.90, 647.45, 519.14, 632.07, 519.14, 662.82, 519.14, 30.75, 13.52
7.57, 14, white car, 312.27, 469.16, 339.69, 482.16, 325.98, 475.66, 312.27, 475.66, 339.69, 475.66, 27.42, 12.99
7.60, 4, white car, 628.84, 511.99, 659.59, 525.50, 644.22, 518.74, 628.84, 518.74, 659.59, 518.74, 30.75, 13.51
7.60, 14, white car, 309.75, 468.75, 337.44, 481.85, 323.59, 475.30, 309.75, 475.30, 337.44, 475.30, 27.69, 13.10
7.63, 4, white car, 625.20, 511.74, 655.91, 525.27, 640.55, 518.50, 625.20, 518.50, 655.91, 518.50, 30.71, 13.54
7.63, 14, white car, 307.30, 468.45, 334.68, 481.31, 320.99, 474.88, 307.30, 474.88, 334.68, 474.88, 27.38, 12.87
7.67, 4, white car, 621.62, 511.20, 652.84, 524.99, 637.23, 518.10, 621.62, 518.10, 652.84, 518.10, 31.22, 13.79
7.67, 14, white car, 304.90, 468.28, 332.37, 481.12, 318.63, 474.70, 304.90, 474.70, 332.37, 474.70, 27.47, 12.84
7.70, 4, white car, 618.57, 510.67, 649.94, 524.57, 634.26, 517.62, 618.57, 517.62, 649.94, 517.62, 31.37, 13.90
7.70, 14, white car, 302.17, 468.01, 330.10, 481.05, 316.14, 474.53, 302.17, 474.53, 330.10, 474.53, 27.93, 13.04
7.73, 4, white car, 615.30, 510.22, 646.53, 524.06, 630.91, 517.14, 615.30, 517.14, 646.53, 517.14, 31.22, 13.83
7.73, 14, white car, 299.76, 467.73, 327.61, 480.71, 313.68, 474.22, 299.76, 474.22, 327.61, 474.22, 27.85, 12.98
7.77, 4, white car, 611.95, 509.95, 643.37, 523.89, 627.66, 516.92, 611.95, 516.92, 643.37, 516.92, 31.42, 13.94
7.77, 14, white car, 296.91, 467.17, 325.87, 480.70, 311.39, 473.94, 296.91, 473.94, 325.87, 473.94, 28.96, 13.53
7.80, 4, white car, 608.69, 509.63, 639.96, 523.54, 624.32, 516.58, 608.69, 516.58, 639.96, 516.58, 31.27, 13.91
7.80, 14, white car, 294.98, 466.82, 323.45, 480.12, 309.21, 473.47, 294.98, 473.47, 323.45, 473.47, 28.47, 13.30
7.83, 4, white car, 605.74, 509.38, 636.82, 523.22, 621.28, 516.30, 605.74, 516.30, 636.82, 516.30, 31.08, 13.84
7.83, 14, white car, 292.77, 466.46, 321.21, 479.77, 306.99, 473.11, 292.77, 473.11, 321.21, 473.11, 28.44, 13.31
7.87, 4, white car, 601.90, 508.35, 633.75, 522.59, 617.83, 515.47, 601.90, 515.47, 633.75, 515.47, 31.85, 14.24
7.87, 14, white car, 290.28, 466.29, 318.52, 479.54, 304.40, 472.92, 290.28, 472.92, 318.52, 472.92, 28.24, 13.25
7.90, 4, white car, 599.20, 507.82, 630.86, 522.03, 615.03, 514.92, 599.20, 514.92, 630.86, 514.92, 31.66, 14.21
7.90, 14, white car, 287.70, 465.85, 316.41, 479.36, 302.06, 472.61, 287.70, 472.61, 316.41, 472.61, 28.70, 13.50
7.93, 4, white car, 595.54, 507.24, 627.60, 521.68, 611.57, 514.46, 595.54, 514.46, 627.60, 514.46, 32.06, 14.44
7.93, 14, white car, 285.41, 465.52, 314.24, 479.12, 299.83, 472.32, 285.41, 472.32, 314.24, 472.32, 28.83, 13.59
7.97, 4, white car, 592.66, 507.17, 624.20, 521.38, 608.43, 514.27, 592.66, 514.27, 624.20, 514.27, 31.53, 14.21
7.97, 14, white car, 282.86, 465.01, 311.69, 478.63, 297.27, 471.82, 282.86, 471.82, 311.69, 471.82, 28.83, 13.62
8.00, 4, white car, 589.45, 506.80, 620.47, 520.75, 604.96, 513.78, 589.45, 513.78, 620.47, 513.78, 31.02, 13.96
8.00, 14, white car, 280.58, 464.78, 309.33, 478.39, 294.96, 471.59, 280.58, 471.59, 309.33, 471.59, 28.75, 13.62
8.03, 4, white car, 586.59, 506.32, 617.33, 520.13, 601.96, 513.22, 586.59, 513.22, 617.33, 513.22, 30.73, 13.81
8.03, 14, white car, 278.10, 464.57, 306.40, 477.93, 292.25, 471.25, 278.10, 471.25, 306.40, 471.25, 28.30, 13.35
8.07, 4, white car, 583.57, 506.03, 613.89, 519.66, 598.73, 512.84, 583.57, 512.84, 613.89, 512.84, 30.32, 13.63
8.07, 14, white car, 275.78, 464.14, 303.68, 477.30, 289.73, 470.72, 275.78, 470.72, 303.68, 470.72, 27.90, 13.16
8.10, 4, white car, 580.01, 505.70, 610.99, 519.63, 595.50, 512.66, 580.01, 512.66, 610.99, 512.66, 30.99, 13.94
8.10, 14, white car, 273.66, 463.64, 301.90, 476.98, 287.78, 470.31, 273.66, 470.31, 301.90, 470.31, 28.24, 13.34
8.13, 14, white car, 271.56, 463.42, 300.06, 476.89, 285.81, 470.15, 271.56, 470.15, 300.06, 470.15, 28.50, 13.47
8.17, 14, white car, 268.88, 463.13, 297.83, 476.83, 283.35, 469.98, 268.88, 469.98, 297.83, 469.98, 28.95, 13.70
8.20, 14, white car, 266.69, 462.86, 294.84, 476.15, 280.77, 469.51, 266.69, 469.51, 294.84, 469.51, 28.16, 13.28
8.23, 14, white car, 264.07, 462.71, 292.14, 475.93, 278.11, 469.32, 264.07, 469.32, 292.14, 469.32, 28.07, 13.22
8.23, 4, white car, 567.23, 504.14, 597.33, 517.69, 582.28, 510.92, 567.23, 510.92, 597.33, 510.92, 30.11, 13.55
8.27, 43, black car, 1426.51, 565.55, 1457.51, 579.82, 1442.01, 572.68, 1426.51, 572.68, 1457.51, 572.68, 30.99, 14.27
8.27, 14, white car, 260.91, 462.48, 288.87, 475.62, 274.89, 469.05, 260.91, 469.05, 288.87, 469.05, 27.95, 13.13
8.27, 4, white car, 563.94, 503.59, 593.86, 517.08, 578.90, 510.34, 563.94, 510.34, 593.86, 510.34, 29.92, 13.50
8.30, 43, black car, 1424.37, 565.39, 1455.26, 579.60, 1439.81, 572.49, 1424.37, 572.49, 1455.26, 572.49, 30.89, 14.21
8.30, 14, white car, 259.04, 462.18, 286.73, 475.14, 272.89, 468.66, 259.04, 468.66, 286.73, 468.66, 27.69, 12.96
8.30, 4, white car, 561.08, 503.22, 590.69, 516.55, 575.89, 509.89, 561.08, 509.89, 590.69, 509.89, 29.61, 13.33
8.33, 43, black car, 1421.74, 565.34, 1452.54, 579.49, 1437.14, 572.42, 1421.74, 572.42, 1452.54, 572.42, 30.81, 14.15
8.33, 14, white car, 257.01, 461.96, 284.46, 474.78, 270.74, 468.37, 257.01, 468.37, 284.46, 468.37, 27.45, 12.83
8.33, 4, white car, 558.55, 502.91, 588.14, 516.23, 573.34, 509.57, 558.55, 509.57, 588.14, 509.57, 29.59, 13.32
8.37, 43, black car, 1418.90, 565.21, 1450.03, 579.57, 1434.47, 572.39, 1418.90, 572.39, 1450.03, 572.39, 31.13, 14.35
8.37, 14, white car, 254.86, 461.67, 282.68, 474.67, 268.77, 468.17, 254.86, 468.17, 282.68, 468.17, 27.83, 13.00
8.37, 4, white car, 555.67, 502.48, 585.12, 515.67, 570.40, 509.08, 555.67, 509.08, 585.12, 509.08, 29.46, 13.19
8.40, 43, black car, 1416.29, 565.03, 1447.31, 579.37, 1431.80, 572.20, 1416.29, 572.20, 1447.31, 572.20, 31.02, 14.34
8.40, 14, white car, 252.79, 461.19, 280.57, 474.12, 266.68, 467.65, 252.79, 467.65, 280.57, 467.65, 27.78, 12.93
8.40, 4, white car, 552.93, 502.03, 581.71, 514.84, 567.32, 508.44, 552.93, 508.44, 581.71, 508.44, 28.77, 12.81
8.43, 43, black car, 1413.93, 564.86, 1444.89, 579.17, 1429.41, 572.01, 1413.93, 572.01, 1444.89, 572.01, 30.95, 14.30
8.43, 14, white car, 250.56, 460.89, 279.11, 474.20, 264.84, 467.54, 250.56, 467.54, 279.11, 467.54, 28.55, 13.31
8.43, 4, white car, 549.93, 501.66, 578.59, 514.41, 564.26, 508.03, 549.93, 508.03, 578.59, 508.03, 28.66, 12.74
8.47, 43, black car, 1411.57, 564.94, 1442.19, 579.08, 1426.88, 572.01, 1411.57, 572.01, 1442.19, 572.01, 30.62, 14.14
8.47, 14, white car, 248.34, 460.71, 277.12, 474.20, 262.73, 467.45, 248.34, 467.45, 277.12, 467.45, 28.79, 13.49
8.47, 4, white car, 546.98, 501.04, 575.80, 513.81, 561.39, 507.43, 546.98, 507.43, 575.80, 507.43, 28.82, 12.78
8.50, 43, black car, 1409.13, 564.77, 1439.99, 579.02, 1424.56, 571.90, 1409.13, 571.90, 1439.99, 571.90, 30.87, 14.26
8.50, 4, white car, 543.75, 500.40, 572.77, 513.23, 558.26, 506.82, 543.75, 506.82, 572.77, 506.82, 29.02, 12.83
8.53, 43, black car, 1406.52, 564.70, 1437.03, 578.80, 1421.78, 571.75, 1406.52, 571.75, 1437.03, 571.75, 30.52, 14.10
8.53, 4, white car, 539.73, 499.97, 568.78, 512.76, 554.25, 506.36, 539.73, 506.36, 568.78, 506.36, 29.05, 12.79
8.53, 14, white car, 243.19, 460.24, 272.00, 473.82, 257.60, 467.03, 243.19, 467.03, 272.00, 467.03, 28.81, 13.58
8.57, 43, black car, 1404.34, 564.71, 1435.00, 578.90, 1419.67, 571.81, 1404.34, 571.81, 1435.00, 571.81, 30.66, 14.19
8.57, 4, white car, 536.57, 499.34, 566.04, 512.28, 551.30, 505.81, 536.57, 505.81, 566.04, 505.81, 29.47, 12.94
8.57, 14, white car, 240.68, 459.64, 269.89, 473.50, 255.29, 466.57, 240.68, 466.57, 269.89, 466.57, 29.21, 13.86
8.60, 43, black car, 1401.89, 564.57, 1433.00, 579.00, 1417.45, 571.78, 1401.89, 571.78, 1433.00, 571.78, 31.11, 14.43
8.60, 4, white car, 533.28, 498.87, 563.19, 512.00, 548.23, 505.43, 533.28, 505.43, 563.19, 505.43, 29.91, 13.14
8.60, 14, white car, 238.44, 458.87, 267.75, 472.82, 253.09, 465.84, 238.44, 465.84, 267.75, 465.84, 29.31, 13.96
8.63, 43, black car, 1399.37, 564.38, 1430.36, 578.78, 1414.87, 571.58, 1399.37, 571.58, 1430.36, 571.58, 30.99, 14.40
8.63, 4, white car, 530.25, 498.52, 560.65, 511.87, 545.45, 505.19, 530.25, 505.19, 560.65, 505.19, 30.40, 13.35
8.63, 14, white car, 236.21, 458.45, 265.29, 472.36, 250.75, 465.40, 236.21, 465.40, 265.29, 465.40, 29.08, 13.91
8.67, 43, black car, 1396.98, 564.40, 1427.49, 578.57, 1412.24, 571.49, 1396.98, 571.49, 1427.49, 571.49, 30.51, 14.17
8.67, 4, white car, 527.41, 498.30, 557.93, 511.73, 542.67, 505.02, 527.41, 505.02, 557.93, 505.02, 30.52, 13.43
8.67, 14, white car, 234.25, 458.21, 262.91, 472.02, 248.58, 465.12, 234.25, 465.12, 262.91, 465.12, 28.66, 13.81
8.70, 43, black car, 1394.49, 564.16, 1425.13, 578.36, 1409.81, 571.26, 1394.49, 571.26, 1425.13, 571.26, 30.65, 14.20
8.70, 4, white car, 524.08, 498.02, 554.52, 511.44, 539.30, 504.73, 524.08, 504.73, 554.52, 504.73, 30.44, 13.42
8.70, 14, white car, 232.31, 457.77, 261.27, 471.85, 246.79, 464.81, 232.31, 464.81, 261.27, 464.81, 28.96, 14.08
8.73, 43, black car, 1392.32, 564.06, 1422.90, 578.20, 1407.61, 571.13, 1392.32, 571.13, 1422.90, 571.13, 30.59, 14.15
8.73, 4, white car, 521.40, 497.87, 551.55, 511.14, 536.47, 504.50, 521.40, 504.50, 551.55, 504.50, 30.15, 13.27
8.77, 43, black car, 1390.60, 563.99, 1421.33, 578.18, 1405.97, 571.09, 1390.60, 571.09, 1421.33, 571.09, 30.73, 14.19
8.77, 4, white car, 518.01, 497.20, 548.30, 510.55, 533.15, 503.88, 518.01, 503.88, 548.30, 503.88, 30.29, 13.35
8.80, 43, black car, 1388.48, 563.97, 1419.08, 578.06, 1403.78, 571.02, 1388.48, 571.02, 1419.08, 571.02, 30.60, 14.09
8.80, 4, white car, 515.17, 496.88, 545.27, 510.15, 530.22, 503.52, 515.17, 503.52, 545.27, 503.52, 30.10, 13.27
8.83, 43, black car, 1386.11, 564.08, 1416.17, 577.88, 1401.14, 570.98, 1386.11, 570.98, 1416.17, 570.98, 30.06, 13.79
8.83, 4, white car, 512.32, 496.40, 542.63, 509.78, 527.48, 503.09, 512.32, 503.09, 542.63, 503.09, 30.31, 13.38
8.87, 43, black car, 1383.20, 564.31, 1413.01, 577.94, 1398.11, 571.13, 1383.20, 571.13, 1413.01, 571.13, 29.81, 13.63
8.87, 4, white car, 508.95, 496.08, 539.30, 509.47, 524.13, 502.78, 508.95, 502.78, 539.30, 502.78, 30.35, 13.40
8.90, 43, black car, 1380.50, 564.14, 1410.77, 577.95, 1395.63, 571.05, 1380.50, 571.05, 1410.77, 571.05, 30.27, 13.80
8.90, 4, white car, 505.80, 495.53, 536.45, 509.05, 521.13, 502.29, 505.80, 502.29, 536.45, 502.29, 30.65, 13.53
8.90, 14, white car, 213.91, 453.47, 247.93, 470.25, 230.92, 461.86, 213.91, 461.86, 247.93, 461.86, 34.02, 16.78
8.93, 43, black car, 1377.91, 563.85, 1408.52, 577.82, 1393.21, 570.83, 1377.91, 570.83, 1408.52, 570.83, 30.61, 13.97
8.93, 4, white car, 502.77, 495.05, 533.50, 508.59, 518.14, 501.82, 502.77, 501.82, 533.50, 501.82, 30.73, 13.54
8.97, 43, black car, 1375.16, 563.66, 1406.00, 577.76, 1390.58, 570.71, 1375.16, 570.71, 1406.00, 570.71, 30.84, 14.10
8.97, 4, white car, 499.56, 494.88, 530.65, 508.54, 515.10, 501.71, 499.56, 501.71, 530.65, 501.71, 31.09, 13.65
9.00, 43, black car, 1372.94, 563.37, 1404.19, 577.66, 1388.57, 570.52, 1372.94, 570.52, 1404.19, 570.52, 31.25, 14.29
9.00, 4, white car, 496.45, 494.39, 527.64, 508.09, 512.04, 501.24, 496.45, 501.24, 527.64, 501.24, 31.19, 13.70
9.00, 14, white car, 210.22, 452.55, 242.50, 468.79, 226.36, 460.67, 210.22, 460.67, 242.50, 460.67, 32.28, 16.25
9.03, 43, black car, 1370.90, 563.27, 1402.18, 577.58, 1386.54, 570.42, 1370.90, 570.42, 1402.18, 570.42, 31.28, 14.31
9.03, 4, white car, 493.03, 493.70, 524.82, 507.69, 508.93, 500.70, 493.03, 500.70, 524.82, 500.70, 31.78, 13.98
9.03, 14, white car, 209.05, 452.44, 240.12, 468.24, 224.58, 460.34, 209.05, 460.34, 240.12, 460.34, 31.07, 15.80
9.07, 43, black car, 1368.13, 563.13, 1399.63, 577.51, 1383.88, 570.32, 1368.13, 570.32, 1399.63, 570.32, 31.50, 14.38
9.07, 4, white car, 490.03, 493.15, 521.26, 506.84, 505.64, 500.00, 490.03, 500.00, 521.26, 500.00, 31.23, 13.69
9.07, 14, white car, 207.21, 452.75, 237.11, 468.11, 222.16, 460.43, 207.21, 460.43, 237.11, 460.43, 29.90, 15.36
9.10, 43, black car, 1365.81, 563.01, 1397.56, 577.49, 1381.69, 570.25, 1365.81, 570.25, 1397.56, 570.25, 31.74, 14.49
9.10, 4, white car, 487.32, 492.63, 518.90, 506.48, 503.11, 499.55, 487.32, 499.55, 518.90, 499.55, 31.58, 13.86
9.13, 43, black car, 1363.22, 562.98, 1395.02, 577.53, 1379.12, 570.26, 1363.22, 570.26, 1395.02, 570.26, 31.80, 14.55
9.13, 4, white car, 484.29, 491.91, 516.38, 506.03, 500.33, 498.97, 484.29, 498.97, 516.38, 498.97, 32.08, 14.11
9.17, 43, black car, 1360.41, 562.75, 1392.16, 577.32, 1376.29, 570.03, 1360.41, 570.03, 1392.16, 570.03, 31.75, 14.56
9.17, 4, white car, 481.13, 491.61, 513.37, 505.82, 497.25, 498.72, 481.13, 498.72, 513.37, 498.72, 32.24, 14.21
9.20, 43, black car, 1358.49, 562.72, 1389.74, 577.08, 1374.12, 569.90, 1358.49, 569.90, 1389.74, 569.90, 31.25, 14.37
9.20, 4, white car, 478.05, 491.27, 509.92, 505.37, 493.99, 498.32, 478.05, 498.32, 509.92, 498.32, 31.86, 14.10
9.23, 43, black car, 1356.42, 562.60, 1387.10, 576.71, 1371.76, 569.66, 1356.42, 569.66, 1387.10, 569.66, 30.68, 14.11
9.23, 4, white car, 474.72, 490.54, 506.70, 504.76, 490.71, 497.65, 474.72, 497.65, 506.70, 497.65, 31.98, 14.21
9.27, 43, black car, 1353.78, 562.51, 1384.65, 576.66, 1369.22, 569.58, 1353.78, 569.58, 1384.65, 569.58, 30.87, 14.15
9.27, 4, white car, 471.62, 490.09, 503.53, 504.31, 487.57, 497.20, 471.62, 497.20, 503.53, 497.20, 31.92, 14.22
9.30, 43, black car, 1351.76, 562.39, 1382.92, 576.62, 1367.34, 569.50, 1351.76, 569.50, 1382.92, 569.50, 31.16, 14.23
9.30, 4, white car, 468.30, 489.68, 500.50, 504.09, 484.40, 496.88, 468.30, 496.88, 500.50, 496.88, 32.20, 14.41
9.33, 43, black car, 1349.96, 562.32, 1381.13, 576.48, 1365.54, 569.40, 1349.96, 569.40, 1381.13, 569.40, 31.17, 14.16
9.33, 4, white car, 465.99, 489.55, 497.33, 503.59, 481.66, 496.57, 465.99, 496.57, 497.33, 496.57, 31.34, 14.03
9.37, 43, black car, 1347.50, 562.17, 1379.20, 576.51, 1363.35, 569.34, 1347.50, 569.34, 1379.20, 569.34, 31.69, 14.33
9.37, 4, white car, 463.03, 489.04, 494.21, 503.06, 478.62, 496.05, 463.03, 496.05, 494.21, 496.05, 31.19, 14.02
9.40, 43, black car, 1345.53, 562.21, 1377.12, 576.45, 1361.32, 569.33, 1345.53, 569.33, 1377.12, 569.33, 31.59, 14.24
9.40, 4, white car, 460.74, 488.89, 491.17, 502.50, 475.95, 495.69, 460.74, 495.69, 491.17, 495.69, 30.43, 13.61
9.43, 43, black car, 1343.22, 562.54, 1374.15, 576.44, 1358.69, 569.49, 1343.22, 569.49, 1374.15, 569.49, 30.93, 13.90
9.43, 4, white car, 457.35, 488.59, 487.88, 502.26, 472.62, 495.43, 457.35, 495.43, 487.88, 495.43, 30.53, 13.67
9.47, 43, black car, 1340.09, 562.51, 1371.00, 576.36, 1355.54, 569.44, 1340.09, 569.44, 1371.00, 569.44, 30.91, 13.85
9.47, 4, white car, 454.18, 488.20, 484.73, 501.89, 469.45, 495.04, 454.18, 495.04, 484.73, 495.04, 30.54, 13.69
9.50, 43, black car, 1337.63, 562.30, 1368.87, 576.26, 1353.25, 569.28, 1337.63, 569.28, 1368.87, 569.28, 31.24, 13.96
9.50, 4, white car, 451.06, 487.68, 481.66, 501.42, 466.36, 494.55, 451.06, 494.55, 481.66, 494.55, 30.60, 13.74
9.53, 43, black car, 1335.20, 562.28, 1366.17, 576.13, 1350.68, 569.20, 1335.20, 569.20, 1366.17, 569.20, 30.96, 13.85
9.53, 4, white car, 448.73, 487.43, 478.82, 500.97, 463.77, 494.20, 448.73, 494.20, 478.82, 494.20, 30.09, 13.54
9.57, 43, black car, 1332.63, 562.19, 1363.46, 575.99, 1348.04, 569.09, 1332.63, 569.09, 1363.46, 569.09, 30.83, 13.80
9.57, 4, white car, 446.52, 487.12, 476.16, 500.41, 461.34, 493.77, 446.52, 493.77, 476.16, 493.77, 29.64, 13.30
9.57, 14, white car, 175.34, 449.71, 203.24, 464.21, 189.29, 456.96, 175.34, 456.96, 203.24, 456.96, 27.90, 14.51
9.60, 4, white car, 443.44, 486.56, 473.07, 499.82, 458.26, 493.19, 443.44, 493.19, 473.07, 493.19, 29.63, 13.26
9.60, 14, white car, 173.83, 449.67, 201.16, 463.82, 187.49, 456.74, 173.83, 456.74, 201.16, 456.74, 27.33, 14.15
9.63, 4, white car, 440.24, 485.97, 470.10, 499.35, 455.17, 492.66, 440.24, 492.66, 470.10, 492.66, 29.86, 13.38
9.63, 43, black car, 1327.24, 561.60, 1359.20, 575.90, 1343.22, 568.75, 1327.24, 568.75, 1359.20, 568.75, 31.96, 14.30
9.67, 4, white car, 436.96, 485.69, 466.94, 499.11, 451.95, 492.40, 436.96, 492.40, 466.94, 492.40, 29.98, 13.42
9.67, 43, black car, 1324.94, 561.68, 1356.93, 575.98, 1340.93, 568.83, 1324.94, 568.83, 1356.93, 568.83, 31.99, 14.30
9.70, 4, white car, 434.04, 484.76, 464.33, 498.38, 449.18, 491.57, 434.04, 491.57, 464.33, 491.57, 30.29, 13.62
9.70, 43, black car, 1323.35, 561.65, 1355.39, 575.97, 1339.37, 568.81, 1323.35, 568.81, 1355.39, 568.81, 32.04, 14.32
9.73, 4, white car, 431.37, 484.26, 461.72, 497.91, 446.54, 491.08, 431.37, 491.08, 461.72, 491.08, 30.35, 13.66
9.77, 4, white car, 428.62, 483.86, 458.91, 497.47, 443.77, 490.66, 428.62, 490.66, 458.91, 490.66, 30.28, 13.61
9.80, 4, white car, 425.71, 483.45, 456.20, 497.16, 440.95, 490.30, 425.71, 490.30, 456.20, 490.30, 30.49, 13.71
9.80, 43, black car, 1316.30, 560.52, 1348.24, 574.85, 1332.27, 567.68, 1316.30, 567.68, 1348.24, 567.68, 31.94, 14.33
9.83, 4, white car, 422.47, 483.22, 452.67, 496.81, 437.57, 490.02, 422.47, 490.02, 452.67, 490.02, 30.20, 13.59
9.83, 43, black car, 1313.87, 560.14, 1345.76, 574.51, 1329.82, 567.32, 1313.87, 567.32, 1345.76, 567.32, 31.89, 14.37
9.87, 4, white car, 420.10, 483.02, 449.40, 496.19, 434.75, 489.60, 420.10, 489.60, 449.40, 489.60, 29.30, 13.17
9.87, 43, black car, 1311.35, 559.97, 1343.15, 574.35, 1327.25, 567.16, 1311.35, 567.16, 1343.15, 567.16, 31.80, 14.38
9.90, 4, white car, 417.59, 482.66, 446.64, 495.66, 432.12, 489.16, 417.59, 489.16, 446.64, 489.16, 29.05, 13.00
9.90, 43, black car, 1309.30, 559.72, 1340.78, 573.97, 1325.04, 566.85, 1309.30, 566.85, 1340.78, 566.85, 31.48, 14.26
9.93, 4, white car, 414.64, 482.27, 443.84, 495.27, 429.24, 488.77, 414.64, 488.77, 443.84, 488.77, 29.20, 13.00
9.93, 43, black car, 1307.22, 559.62, 1338.71, 573.86, 1322.96, 566.74, 1307.22, 566.74, 1338.71, 566.74, 31.50, 14.24
9.93, 14, white car, 153.13, 447.15, 179.47, 460.55, 166.30, 453.85, 153.13, 453.85, 179.47, 453.85, 26.34, 13.40
9.97, 4, white car, 411.81, 481.92, 441.21, 495.00, 426.51, 488.46, 411.81, 488.46, 441.21, 488.46, 29.41, 13.08
9.97, 43, black car, 1305.30, 559.77, 1336.74, 573.92, 1321.02, 566.85, 1305.30, 566.85, 1336.74, 566.85, 31.44, 14.16
