0.00, 5, white car, 109.22, 467.78, 136.82, 480.67, 123.02, 474.23, 109.22, 474.23, 136.82, 474.23, 27.59, 12.88
0.00, 12, white car, 1090.95, 552.54, 1119.98, 565.01, 1105.46, 558.77, 1090.95, 558.77, 1119.98, 558.77, 29.03, 12.47
0.00, 20, white car, 1198.09, 554.16, 1227.45, 566.01, 1212.77, 560.09, 1198.09, 560.09, 1227.45, 560.09, 29.36, 11.85
0.03, 5, white car, 108.26, 467.53, 135.81, 480.39, 122.04, 473.96, 108.26, 473.96, 135.81, 473.96, 27.55, 12.86
0.03, 12, white car, 1088.77, 552.37, 1117.78, 564.83, 1103.28, 558.60, 1088.77, 558.60, 1117.78, 558.60, 29.01, 12.46
0.03, 20, white car, 1195.56, 553.92, 1224.58, 565.63, 1210.07, 559.77, 1195.56, 559.77, 1224.58, 559.77, 29.02, 11.71
0.07, 5, white car, 107.05, 467.54, 134.68, 480.44, 120.87, 473.99, 107.05, 473.99, 134.68, 473.99, 27.63, 12.90
0.07, 12, white car, 1086.40, 552.34, 1115.22, 564.71, 1100.81, 558.52, 1086.40, 558.52, 1115.22, 558.52, 28.82, 12.38
0.07, 20, white car, 1193.00, 554.10, 1222.54, 566.03, 1207.77, 560.06, 1193.00, 560.06, 1222.54, 560.06, 29.54, 11.93
0.10, 5, white car, 106.20, 467.61, 133.67, 480.44, 119.93, 474.02, 106.20, 474.02, 133.67, 474.02, 27.47, 12.83
0.10, 12, white car, 1083.50, 552.16, 1112.70, 564.72, 1098.10, 558.44, 1083.50, 558.44, 1112.70, 558.44, 29.20, 12.55
0.10, 20, white car, 1189.81, 553.93, 1219.48, 565.93, 1204.64, 559.93, 1189.81, 559.93, 1219.48, 559.93, 29.67, 12.00
0.13, 5, white car, 104.93, 467.35, 132.49, 480.22, 118.71, 473.78, 104.93, 473.78, 132.49, 473.78, 27.56, 12.88
0.13, 12, white car, 1080.50, 552.29, 1109.66, 564.85, 1095.08, 558.57, 1080.50, 558.57, 1109.66, 558.57, 29.16, 12.56
0.13, 20, white car, 1187.82, 553.98, 1216.75, 565.68, 1202.28, 559.83, 1187.82, 559.83, 1216.75, 559.83, 28.94, 11.70
0.17, 5, white car, 103.82, 467.21, 131.35, 480.06, 117.59, 473.64, 103.82, 473.64, 131.35, 473.64, 27.53, 12.85
0.17, 12, white car, 1077.80, 552.35, 1106.76, 564.84, 1092.28, 558.59, 1077.80, 558.59, 1106.76, 558.59, 28.96, 12.49
0.17, 20, white car, 1185.56, 553.91, 1214.25, 565.50, 1199.91, 559.71, 1185.56, 559.71, 1214.25, 559.71, 28.70, 11.59
0.20, 5, white car, 102.48, 467.10, 130.01, 479.94, 116.25, 473.52, 102.48, 473.52, 130.01, 473.52, 27.53, 12.85
0.20, 12, white car, 1075.04, 552.33, 1104.09, 564.87, 1089.57, 558.60, 1075.04, 558.60, 1104.09, 558.60, 29.06, 12.54
0.20, 20, white car, 1182.64, 553.90, 1211.26, 565.47, 1196.95, 559.68, 1182.64, 559.68, 1211.26, 559.68, 28.62, 11.56
0.23, 5, white car, 100.99, 466.78, 129.06, 479.87, 115.03, 473.33, 100.99, 473.33, 129.06, 473.33, 28.07, 13.09
0.23, 12, white car, 1072.21, 552.18, 1101.21, 564.70, 1086.71, 558.44, 1072.21, 558.44, 1101.21, 558.44, 29.00, 12.52
0.23, 20, white car, 1179.41, 553.66, 1208.80, 565.54, 1194.11, 559.60, 1179.41, 559.60, 1208.80, 559.60, 29.39, 11.88
0.27, 5, white car, 99.53, 466.55, 128.05, 479.83, 113.79, 473.19, 99.53, 473.19, 128.05, 473.19, 28.51, 13.28
0.27, 12, white car, 1069.94, 551.84, 1099.01, 564.39, 1084.47, 558.11, 1069.94, 558.11, 1099.01, 558.11, 29.06, 12.55
0.27, 20, white car, 1176.47, 553.56, 1206.21, 565.61, 1191.34, 559.58, 1176.47, 559.58, 1206.21, 559.58, 29.75, 12.05
0.30, 5, white car, 98.40, 466.36, 127.03, 479.71, 112.72, 473.04, 98.40, 473.04, 127.03, 473.04, 28.64, 13.35
0.30, 12, white car, 1067.21, 551.78, 1096.31, 564.35, 1081.76, 558.06, 1067.21, 558.06, 1096.31, 558.06, 29.11, 12.57
0.30, 20, white car, 1174.07, 553.42, 1203.46, 565.32, 1188.77, 559.37, 1174.07, 559.37, 1203.46, 559.37, 29.39, 11.90
0.33, 5, white car, 97.09, 466.22, 125.25, 479.35, 111.17, 472.78, 97.09, 472.78, 125.25, 472.78, 28.16, 13.13
0.33, 12, white car, 1064.83, 551.99, 1093.91, 564.57, 1079.37, 558.28, 1064.83, 558.28, 1093.91, 558.28, 29.09, 12.58
0.33, 20, white car, 1171.68, 553.42, 1200.93, 565.25, 1186.30, 559.34, 1171.68, 559.34, 1200.93, 559.34, 29.25, 11.84
0.37, 5, white car, 95.76, 466.01, 123.94, 479.15, 109.85, 472.58, 95.76, 472.58, 123.94, 472.58, 28.18, 13.14
0.37, 12, white car, 1062.08, 551.91, 1091.36, 564.58, 1076.72, 558.25, 1062.08, 558.25, 1091.36, 558.25, 29.28, 12.68
0.37, 20, white car, 1168.95, 553.30, 1198.10, 565.11, 1183.52, 559.20, 1168.95, 559.20, 1198.10, 559.20, 29.16, 11.81
0.40, 5, white car, 94.46, 465.99, 122.68, 479.16, 108.57, 472.58, 94.46, 472.58, 122.68, 472.58, 28.22, 13.17
0.40, 12, white car, 1059.75, 551.93, 1088.72, 564.45, 1074.24, 558.19, 1059.75, 558.19, 1088.72, 558.19, 28.97, 12.52
0.40, 20, white car, 1166.40, 553.22, 1195.45, 564.98, 1180.93, 559.10, 1166.40, 559.10, 1195.45, 559.10, 29.05, 11.76
0.43, 5, white car, 93.08, 466.04, 121.32, 479.23, 107.20, 472.63, 93.08, 472.63, 121.32, 472.63, 28.24, 13.19
0.43, 12, white car, 1057.00, 551.66, 1086.24, 564.31, 1071.62, 557.98, 1057.00, 557.98, 1086.24, 557.98, 29.24, 12.65
0.43, 20, white car, 1163.62, 553.16, 1193.14, 565.14, 1178.38, 559.15, 1163.62, 559.15, 1193.14, 559.15, 29.52, 11.98
0.47, 5, white car, 92.07, 465.89, 120.32, 479.11, 106.20, 472.50, 92.07, 472.50, 120.32, 472.50, 28.25, 13.21
0.47, 12, white car, 1054.00, 551.44, 1083.71, 564.30, 1068.85, 557.87, 1054.00, 557.87, 1083.71, 557.87, 29.71, 12.86
0.47, 20, white car, 1160.78, 553.01, 1190.54, 565.11, 1175.66, 559.06, 1160.78, 559.06, 1190.54, 559.06, 29.76, 12.09
0.50, 5, white car, 90.92, 465.89, 119.16, 479.13, 105.04, 472.51, 90.92, 472.51, 119.16, 472.51, 28.23, 13.24
0.50, 12, white car, 1051.11, 551.46, 1080.71, 564.31, 1065.91, 557.88, 1051.11, 557.88, 1080.71, 557.88, 29.59, 12.85
0.50, 20, white car, 1158.38, 552.98, 1187.85, 564.93, 1173.11, 558.96, 1158.38, 558.96, 1187.85, 558.96, 29.47, 11.95
0.53, 5, white car, 89.39, 465.63, 117.85, 479.01, 103.62, 472.32, 89.39, 472.32, 117.85, 472.32, 28.46, 13.38
0.53, 12, white car, 1048.26, 551.43, 1077.98, 564.37, 1063.12, 557.90, 1048.26, 557.90, 1077.98, 557.90, 29.72, 12.94
0.53, 20, white car, 1156.00, 552.79, 1185.47, 564.76, 1170.74, 558.77, 1156.00, 558.77, 1185.47, 558.77, 29.47, 11.96
0.57, 5, white car, 88.17, 465.40, 116.77, 478.86, 102.47, 472.13, 88.17, 472.13, 116.77, 472.13, 28.60, 13.46
0.57, 12, white car, 1045.88, 551.43, 1075.43, 564.28, 1060.66, 557.86, 1045.88, 557.86, 1075.43, 557.86, 29.55, 12.85
0.57, 20, white car, 1153.05, 552.58, 1182.56, 564.58, 1167.80, 558.58, 1153.05, 558.58, 1182.56, 558.58, 29.51, 12.00
0.60, 5, white car, 86.90, 465.12, 115.53, 478.61, 101.21, 471.87, 86.90, 471.87, 115.53, 471.87, 28.63, 13.49
0.60, 12, white car, 1043.49, 551.41, 1072.93, 564.20, 1058.21, 557.81, 1043.49, 557.81, 1072.93, 557.81, 29.44, 12.79
0.60, 20, white car, 1150.50, 552.56, 1180.23, 564.67, 1165.37, 558.61, 1150.50, 558.61, 1180.23, 558.61, 29.73, 12.12
0.63, 5, white car, 85.89, 465.07, 114.42, 478.52, 100.16, 471.79, 85.89, 471.79, 114.42, 471.79, 28.54, 13.45
0.63, 12, white car, 1041.08, 551.15, 1070.84, 564.09, 1055.96, 557.62, 1041.08, 557.62, 1070.84, 557.62, 29.76, 12.94
0.63, 20, white car, 1147.78, 552.45, 1177.58, 564.63, 1162.68, 558.54, 1147.78, 558.54, 1177.58, 558.54, 29.80, 12.18
0.67, 5, white car, 84.96, 465.11, 112.94, 478.29, 98.95, 471.70, 84.96, 471.70, 112.94, 471.70, 27.98, 13.18
0.67, 12, white car, 1038.21, 551.17, 1067.85, 564.07, 1053.03, 557.62, 1038.21, 557.62, 1067.85, 557.62, 29.63, 12.89
0.67, 20, white car, 1145.49, 552.42, 1174.87, 564.42, 1160.18, 558.42, 1145.49, 558.42, 1174.87, 558.42, 29.38, 12.00
0.70, 5, white car, 84.05, 465.06, 111.71, 478.07, 97.88, 471.56, 84.05, 471.56, 111.71, 471.56, 27.67, 13.01
0.70, 12, white car, 1035.37, 551.24, 1064.95, 564.14, 1050.16, 557.69, 1035.37, 557.69, 1064.95, 557.69, 29.59, 12.90
0.70, 20, white car, 1143.13, 552.39, 1172.46, 564.35, 1157.79, 558.37, 1143.13, 558.37, 1172.46, 558.37, 29.34, 11.96
0.73, 5, white car, 82.88, 464.80, 110.49, 477.77, 96.68, 471.29, 82.88, 471.29, 110.49, 471.29, 27.61, 12.98
0.73, 12, white car, 1032.78, 551.23, 1062.21, 564.06, 1047.50, 557.64, 1032.78, 557.64, 1062.21, 557.64, 29.43, 12.82
0.73, 20, white car, 1140.49, 552.33, 1169.89, 564.33, 1155.19, 558.33, 1140.49, 558.33, 1169.89, 558.33, 29.39, 12.00
0.77, 5, white car, 81.49, 464.61, 109.31, 477.63, 95.40, 471.12, 81.49, 471.12, 109.31, 471.12, 27.82, 13.02
0.77, 12, white car, 1030.44, 551.08, 1059.50, 563.70, 1044.97, 557.39, 1030.44, 557.39, 1059.50, 557.39, 29.06, 12.62
0.77, 20, white car, 1137.70, 552.27, 1167.11, 564.27, 1152.41, 558.27, 1137.70, 558.27, 1167.11, 558.27, 29.41, 11.99
0.80, 5, white car, 80.25, 464.46, 108.12, 477.46, 94.19, 470.96, 80.25, 470.96, 108.12, 470.96, 27.86, 12.99
0.80, 12, white car, 1027.97, 550.88, 1057.28, 563.61, 1042.62, 557.24, 1027.97, 557.24, 1057.28, 557.24, 29.31, 12.73
0.80, 20, white car, 1135.08, 552.29, 1164.55, 564.32, 1149.82, 558.30, 1135.08, 558.30, 1164.55, 558.30, 29.48, 12.03
0.83, 5, white car, 79.34, 464.40, 107.09, 477.30, 93.21, 470.85, 79.34, 470.85, 107.09, 470.85, 27.75, 12.90
0.83, 12, white car, 1025.10, 550.73, 1055.11, 563.76, 1040.10, 557.24, 1025.10, 557.24, 1055.11, 557.24, 30.01, 13.03
0.83, 20, white car, 1132.32, 552.24, 1161.95, 564.35, 1147.13, 558.30, 1132.32, 558.30, 1161.95, 558.30, 29.63, 12.11
0.87, 5, white car, 78.45, 464.33, 106.06, 477.14, 92.26, 470.74, 78.45, 470.74, 106.06, 470.74, 27.61, 12.81
0.87, 12, white car, 1022.43, 550.67, 1052.24, 563.64, 1037.34, 557.16, 1022.43, 557.16, 1052.24, 557.16, 29.81, 12.97
0.87, 20, white car, 1129.99, 552.19, 1159.60, 564.27, 1144.80, 558.23, 1129.99, 558.23, 1159.60, 558.23, 29.62, 12.08
0.90, 5, white car, 76.96, 464.31, 104.56, 477.10, 90.76, 470.70, 76.96, 470.70, 104.56, 470.70, 27.60, 12.79
0.90, 12, white car, 1019.45, 550.60, 1049.77, 563.86, 1034.61, 557.23, 1019.45, 557.23, 1049.77, 557.23, 30.32, 13.25
0.90, 20, white car, 1127.59, 552.13, 1157.06, 564.17, 1142.32, 558.15, 1127.59, 558.15, 1157.06, 558.15, 29.47, 12.04
0.93, 5, white car, 75.55, 464.11, 103.36, 477.02, 89.45, 470.57, 75.55, 470.57, 103.36, 470.57, 27.80, 12.91
0.93, 12, white car, 1017.18, 550.42, 1046.43, 563.19, 1031.80, 556.81, 1017.18, 556.81, 1046.43, 556.81, 29.25, 12.77
0.93, 20, white car, 1124.62, 551.98, 1154.35, 564.14, 1139.49, 558.06, 1124.62, 558.06, 1154.35, 558.06, 29.73, 12.17
0.97, 5, white car, 74.22, 464.06, 102.20, 477.01, 88.21, 470.53, 74.22, 470.53, 102.20, 470.53, 27.98, 12.96
0.97, 12, white car, 1014.58, 550.34, 1043.38, 562.89, 1028.98, 556.62, 1014.58, 556.62, 1043.38, 556.62, 28.79, 12.55
0.97, 20, white car, 1122.36, 552.05, 1151.79, 564.10, 1137.08, 558.07, 1122.36, 558.07, 1151.79, 558.07, 29.42, 12.06
1.00, 5, white car, 72.72, 464.03, 100.95, 477.07, 86.84, 470.55, 72.72, 470.55, 100.95, 470.55, 28.23, 13.04
1.00, 12, white car, 1011.71, 550.16, 1040.69, 562.83, 1026.20, 556.49, 1011.71, 556.49, 1040.69, 556.49, 28.98, 12.67
1.00, 20, white car, 1119.33, 551.93, 1149.12, 564.19, 1134.22, 558.06, 1119.33, 558.06, 1149.12, 558.06, 29.79, 12.27
1.03, 5, white car, 71.78, 463.81, 100.36, 476.98, 86.07, 470.39, 71.78, 470.39, 100.36, 470.39, 28.58, 13.17
1.03, 12, white car, 1009.22, 549.80, 1038.55, 562.67, 1023.88, 556.23, 1009.22, 556.23, 1038.55, 556.23, 29.32, 12.87
1.03, 20, white car, 1116.64, 551.69, 1146.65, 564.08, 1131.65, 557.88, 1116.64, 557.88, 1146.65, 557.88, 30.01, 12.39
1.07, 5, white car, 70.91, 463.52, 99.77, 476.81, 85.34, 470.17, 70.91, 470.17, 99.77, 470.17, 28.86, 13.30
1.07, 12, white car, 1006.74, 549.87, 1035.94, 562.75, 1021.34, 556.31, 1006.74, 556.31, 1035.94, 556.31, 29.20, 12.88
1.07, 20, white car, 1114.05, 551.57, 1144.10, 564.00, 1129.08, 557.78, 1114.05, 557.78, 1144.10, 557.78, 30.05, 12.42
1.10, 12, white car, 1004.38, 549.77, 1033.85, 562.79, 1019.12, 556.28, 1004.38, 556.28, 1033.85, 556.28, 29.47, 13.02
1.10, 20, white car, 1111.14, 551.47, 1141.37, 563.99, 1126.26, 557.73, 1111.14, 557.73, 1141.37, 557.73, 30.23, 12.52
1.13, 12, white car, 1001.74, 549.55, 1031.45, 562.67, 1016.59, 556.11, 1001.74, 556.11, 1031.45, 556.11, 29.71, 13.13
1.13, 20, white car, 1108.65, 551.36, 1138.92, 563.92, 1123.79, 557.64, 1108.65, 557.64, 1138.92, 557.64, 30.26, 12.56
1.13, 5, white car, 69.09, 463.07, 97.46, 476.14, 83.27, 469.60, 69.09, 469.60, 97.46, 469.60, 28.38, 13.08
1.17, 12, white car, 999.06, 549.42, 1029.02, 562.66, 1014.04, 556.04, 999.06, 556.04, 1029.02, 556.04, 29.96, 13.24
1.17, 20, white car, 1106.01, 551.17, 1136.13, 563.71, 1121.07, 557.44, 1106.01, 557.44, 1136.13, 557.44, 30.12, 12.54
1.17, 5, white car, 68.36, 463.01, 96.21, 475.84, 82.28, 469.42, 68.36, 469.42, 96.21, 469.42, 27.85, 12.83
1.20, 12, white car, 996.24, 549.36, 1025.42, 562.25, 1010.83, 555.80, 996.24, 555.80, 1025.42, 555.80, 29.17, 12.88
1.20, 20, white car, 1103.57, 551.29, 1133.52, 563.79, 1118.55, 557.54, 1103.57, 557.54, 1133.52, 557.54, 29.95, 12.49
1.20, 5, white car, 67.31, 462.85, 94.89, 475.53, 81.10, 469.19, 67.31, 469.19, 94.89, 469.19, 27.58, 12.68
1.23, 12, white car, 993.39, 549.13, 1022.87, 562.18, 1008.13, 555.66, 993.39, 555.66, 1022.87, 555.66, 29.48, 13.05
1.23, 20, white car, 1101.17, 551.19, 1131.19, 563.71, 1116.18, 557.45, 1101.17, 557.45, 1131.19, 557.45, 30.03, 12.52
1.23, 5, white car, 66.31, 462.75, 93.76, 475.33, 80.03, 469.04, 66.31, 469.04, 93.76, 469.04, 27.45, 12.58
1.27, 12, white car, 990.58, 549.17, 1020.00, 562.21, 1005.29, 555.69, 990.58, 555.69, 1020.00, 555.69, 29.42, 13.05
1.27, 20, white car, 1098.63, 551.28, 1128.26, 563.63, 1113.45, 557.45, 1098.63, 557.45, 1128.26, 557.45, 29.63, 12.35
1.27, 5, white car, 65.41, 462.69, 92.65, 475.13, 79.03, 468.91, 65.41, 468.91, 92.65, 468.91, 27.24, 12.45
1.30, 12, white car, 988.22, 549.16, 1017.65, 562.21, 1002.94, 555.68, 988.22, 555.68, 1017.65, 555.68, 29.43, 13.06
1.30, 20, white car, 1096.09, 551.31, 1125.51, 563.56, 1110.80, 557.43, 1096.09, 557.43, 1125.51, 557.43, 29.42, 12.25
1.30, 5, white car, 64.41, 462.54, 91.78, 475.01, 78.10, 468.77, 64.41, 468.77, 91.78, 468.77, 27.37, 12.46
1.33, 12, white car, 985.74, 549.19, 1014.88, 562.12, 1000.31, 555.66, 985.74, 555.66, 1014.88, 555.66, 29.14, 12.93
1.33, 20, white car, 1093.67, 551.20, 1122.56, 563.25, 1108.11, 557.22, 1093.67, 557.22, 1122.56, 557.22, 28.89, 12.04
1.33, 5, white car, 63.32, 462.45, 90.80, 474.94, 77.06, 468.69, 63.32, 468.69, 90.80, 468.69, 27.48, 12.48
1.37, 12, white car, 983.25, 549.18, 1012.26, 562.05, 997.76, 555.61, 983.25, 555.61, 1012.26, 555.61, 29.01, 12.86
1.37, 20, white car, 1090.81, 550.96, 1120.11, 563.19, 1105.46, 557.07, 1090.81, 557.07, 1120.11, 557.07, 29.30, 12.23
1.37, 5, white car, 62.23, 462.26, 89.90, 474.83, 76.07, 468.55, 62.23, 468.55, 89.90, 468.55, 27.67, 12.56
1.40, 12, white car, 980.58, 548.87, 1009.71, 561.78, 995.15, 555.32, 980.58, 555.32, 1009.71, 555.32, 29.13, 12.91
1.40, 20, white car, 1088.61, 550.89, 1117.55, 562.95, 1103.08, 556.92, 1088.61, 556.92, 1117.55, 556.92, 28.94, 12.06
1.40, 5, white car, 61.19, 462.08, 89.09, 474.71, 75.14, 468.39, 61.19, 468.39, 89.09, 468.39, 27.91, 12.64
1.43, 12, white car, 978.11, 548.69, 1007.04, 561.54, 992.57, 555.11, 978.11, 555.11, 1007.04, 555.11, 28.93, 12.85
1.43, 20, white car, 1086.08, 550.71, 1115.13, 562.80, 1100.60, 556.75, 1086.08, 556.75, 1115.13, 556.75, 29.05, 12.10
1.43, 5, white car, 59.87, 461.85, 87.91, 474.51, 73.89, 468.18, 59.87, 468.18, 87.91, 468.18, 28.04, 12.65
1.47, 12, white car, 975.19, 548.63, 1004.34, 561.58, 989.77, 555.11, 975.19, 555.11, 1004.34, 555.11, 29.15, 12.96
1.47, 20, white car, 1083.46, 550.64, 1112.38, 562.67, 1097.92, 556.66, 1083.46, 556.66, 1112.38, 556.66, 28.92, 12.02
1.47, 5, white car, 58.95, 461.80, 86.86, 474.37, 72.90, 468.09, 58.95, 468.09, 86.86, 468.09, 27.91, 12.57
1.50, 12, white car, 972.38, 548.70, 1002.01, 561.92, 987.19, 555.31, 972.38, 555.31, 1002.01, 555.31, 29.62, 13.22
1.50, 20, white car, 1080.91, 550.55, 1110.03, 562.64, 1095.47, 556.59, 1080.91, 556.59, 1110.03, 556.59, 29.12, 12.09
1.50, 5, white car, 58.15, 461.82, 85.83, 474.26, 71.99, 468.04, 58.15, 468.04, 85.83, 468.04, 27.68, 12.44
1.53, 12, white car, 970.24, 548.88, 998.91, 561.70, 984.58, 555.29, 970.24, 555.29, 998.91, 555.29, 28.68, 12.82
1.53, 20, white car, 1078.24, 550.38, 1107.40, 562.51, 1092.82, 556.44, 1078.24, 556.44, 1107.40, 556.44, 29.16, 12.13
1.53, 5, white car, 57.29, 461.66, 84.96, 474.07, 71.13, 467.87, 57.29, 467.87, 84.96, 467.87, 27.67, 12.41
1.57, 12, white car, 967.65, 548.80, 996.02, 561.51, 981.83, 555.15, 967.65, 555.15, 996.02, 555.15, 28.37, 12.71
1.57, 20, white car, 1075.63, 550.33, 1105.00, 562.57, 1090.32, 556.45, 1075.63, 556.45, 1105.00, 556.45, 29.37, 12.25
1.57, 5, white car, 56.48, 461.69, 84.01, 474.02, 70.25, 467.86, 56.48, 467.86, 84.01, 467.86, 27.53, 12.33
1.60, 12, white car, 964.86, 548.61, 993.78, 561.59, 979.32, 555.10, 964.86, 555.10, 993.78, 555.10, 28.93, 12.99
1.60, 20, white car, 1072.79, 550.18, 1102.20, 562.39, 1087.49, 556.28, 1072.79, 556.28, 1102.20, 556.28, 29.41, 12.21
1.60, 5, white car, 55.70, 461.57, 83.05, 473.79, 69.37, 467.68, 55.70, 467.68, 83.05, 467.68, 27.35, 12.22
1.63, 12, white car, 962.83, 548.60, 991.65, 561.54, 977.24, 555.07, 962.83, 555.07, 991.65, 555.07, 28.83, 12.93
1.63, 20, white car, 1070.22, 550.11, 1099.69, 562.37, 1084.95, 556.24, 1070.22, 556.24, 1099.69, 556.24, 29.47, 12.26
1.63, 5, white car, 54.88, 461.58, 82.19, 473.75, 68.53, 467.67, 54.88, 467.67, 82.19, 467.67, 27.31, 12.17
1.67, 12, white car, 960.23, 548.40, 989.40, 561.49, 974.81, 554.94, 960.23, 554.94, 989.40, 554.94, 29.17, 13.09
1.67, 20, white car, 1067.66, 549.83, 1097.59, 562.28, 1082.62, 556.06, 1067.66, 556.06, 1097.59, 556.06, 29.93, 12.45
1.67, 5, white car, 53.71, 461.53, 81.06, 473.69, 67.39, 467.61, 53.71, 467.61, 81.06, 467.61, 27.35, 12.16
1.70, 12, white car, 957.86, 548.43, 986.53, 561.32, 972.19, 554.87, 957.86, 554.87, 986.53, 554.87, 28.67, 12.89
1.70, 20, white car, 1064.88, 549.62, 1094.91, 562.17, 1079.90, 555.90, 1064.88, 555.90, 1094.91, 555.90, 30.02, 12.54
1.70, 5, white car, 52.77, 461.53, 80.12, 473.67, 66.45, 467.60, 52.77, 467.60, 80.12, 467.60, 27.36, 12.14
1.73, 12, white car, 954.95, 548.34, 983.70, 561.31, 969.32, 554.83, 954.95, 554.83, 983.70, 554.83, 28.74, 12.97
1.73, 20, white car, 1062.15, 549.68, 1092.23, 562.28, 1077.19, 555.98, 1062.15, 555.98, 1092.23, 555.98, 30.08, 12.60
1.73, 5, white car, 51.93, 461.50, 79.19, 473.57, 65.56, 467.54, 51.93, 467.54, 79.19, 467.54, 27.26, 12.07
1.77, 12, white car, 952.18, 548.09, 980.85, 561.06, 966.51, 554.57, 952.18, 554.57, 980.85, 554.57, 28.67, 12.97
1.77, 20, white car, 1059.79, 549.73, 1089.78, 562.31, 1074.78, 556.02, 1059.79, 556.02, 1089.78, 556.02, 29.99, 12.58
1.77, 5, white car, 50.81, 461.48, 78.12, 473.57, 64.46, 467.53, 50.81, 467.53, 78.12, 467.53, 27.31, 12.08
1.80, 12, white car, 950.03, 548.02, 978.57, 560.95, 964.30, 554.49, 950.03, 554.49, 978.57, 554.49, 28.55, 12.94
1.80, 20, white car, 1057.20, 549.55, 1087.35, 562.19, 1072.28, 555.87, 1057.20, 555.87, 1087.35, 555.87, 30.15, 12.65
1.80, 5, white car, 49.88, 461.38, 77.28, 473.50, 63.58, 467.44, 49.88, 467.44, 77.28, 467.44, 27.41, 12.12
1.83, 12, white car, 947.25, 548.03, 975.73, 560.94, 961.49, 554.49, 947.25, 554.49, 975.73, 554.49, 28.48, 12.91
1.83, 20, white car, 1054.51, 549.63, 1084.38, 562.17, 1069.45, 555.90, 1054.51, 555.90, 1084.38, 555.90, 29.87, 12.53
1.83, 5, white car, 48.93, 461.21, 76.34, 473.33, 62.64, 467.27, 48.93, 467.27, 76.34, 467.27, 27.41, 12.12
1.87, 12, white car, 944.79, 548.06, 972.98, 560.86, 958.89, 554.46, 944.79, 554.46, 972.98, 554.46, 28.20, 12.79
1.87, 20, white car, 1052.20, 549.74, 1081.43, 561.97, 1066.81, 555.85, 1052.20, 555.85, 1081.43, 555.85, 29.22, 12.23
1.87, 5, white car, 48.22, 461.10, 75.36, 473.11, 61.79, 467.11, 48.22, 467.11, 75.36, 467.11, 27.15, 12.01
1.90, 12, white car, 942.70, 547.93, 970.91, 560.74, 956.80, 554.33, 942.70, 554.33, 970.91, 554.33, 28.21, 12.81
1.90, 20, white car, 1049.62, 549.78, 1078.36, 561.80, 1063.99, 555.79, 1049.62, 555.79, 1078.36, 555.79, 28.74, 12.02
1.90, 5, white car, 47.21, 460.99, 74.32, 472.97, 60.76, 466.98, 47.21, 466.98, 74.32, 466.98, 27.11, 11.98
1.93, 12, white car, 939.80, 547.82, 968.27, 560.76, 954.03, 554.29, 939.80, 554.29, 968.27, 554.29, 28.47, 12.94
1.93, 20, white car, 1047.27, 549.80, 1076.02, 561.80, 1061.65, 555.80, 1047.27, 555.80, 1076.02, 555.80, 28.75, 12.00
1.93, 5, white car, 46.36, 460.86, 73.37, 472.79, 59.86, 466.83, 46.36, 466.83, 73.37, 466.83, 27.01, 11.93
1.97, 12, white car, 937.19, 547.65, 966.13, 560.81, 951.66, 554.23, 937.19, 554.23, 966.13, 554.23, 28.94, 13.16
1.97, 20, white car, 1044.32, 549.62, 1073.19, 561.62, 1058.75, 555.62, 1044.32, 555.62, 1073.19, 555.62, 28.86, 12.00
1.97, 5, white car, 45.57, 460.75, 72.69, 472.72, 59.13, 466.74, 45.57, 466.74, 72.69, 466.74, 27.11, 11.97
2.00, 12, white car, 934.62, 547.58, 963.31, 560.63, 948.97, 554.11, 934.62, 554.11, 963.31, 554.11, 28.68, 13.05
2.00, 20, white car, 1041.75, 549.46, 1070.91, 561.55, 1056.33, 555.50, 1041.75, 555.50, 1070.91, 555.50, 29.16, 12.09
2.00, 5, white car, 44.56, 460.61, 71.70, 472.60, 58.13, 466.61, 44.56, 466.61, 71.70, 466.61, 27.14, 12.00
2.03, 12, white car, 932.12, 547.54, 960.98, 560.68, 946.55, 554.11, 932.12, 554.11, 960.98, 554.11, 28.87, 13.14
2.03, 20, white car, 1039.17, 549.40, 1068.22, 561.44, 1053.70, 555.42, 1039.17, 555.42, 1068.22, 555.42, 29.05, 12.04
2.03, 5, white car, 43.43, 460.36, 71.05, 472.57, 57.24, 466.46, 43.43, 466.46, 71.05, 466.46, 27.61, 12.21
2.07, 12, white car, 929.65, 547.40, 957.98, 560.31, 943.81, 553.86, 929.65, 553.86, 957.98, 553.86, 28.33, 12.91
2.07, 20, white car, 1036.54, 549.30, 1065.78, 561.42, 1051.16, 555.36, 1036.54, 555.36, 1065.78, 555.36, 29.25, 12.12
2.07, 5, white car, 42.79, 460.17, 70.41, 472.38, 56.60, 466.28, 42.79, 466.28, 70.41, 466.28, 27.62, 12.21
2.10, 12, white car, 927.12, 547.32, 955.42, 560.25, 941.27, 553.79, 927.12, 553.79, 955.42, 553.79, 28.30, 12.93
2.10, 20, white car, 1033.98, 549.13, 1063.25, 561.26, 1048.62, 555.20, 1033.98, 555.20, 1063.25, 555.20, 29.27, 12.14
2.10, 5, white car, 41.78, 460.00, 69.48, 472.25, 55.63, 466.12, 41.78, 466.12, 69.48, 466.12, 27.70, 12.25
2.13, 12, white car, 924.65, 547.28, 953.01, 560.25, 938.83, 553.76, 924.65, 553.76, 953.01, 553.76, 28.37, 12.98
2.13, 20, white car, 1031.20, 548.86, 1060.71, 561.11, 1045.95, 554.98, 1031.20, 554.98, 1060.71, 554.98, 29.51, 12.25
2.13, 5, white car, 41.15, 459.98, 68.49, 472.06, 54.82, 466.02, 41.15, 466.02, 68.49, 466.02, 27.34, 12.08
2.17, 12, white car, 922.46, 547.29, 950.48, 560.11, 936.47, 553.70, 922.46, 553.70, 950.48, 553.70, 28.02, 12.82
2.17, 20, white car, 1028.97, 548.73, 1057.81, 560.69, 1043.39, 554.71, 1028.97, 554.71, 1057.81, 554.71, 28.84, 11.96
2.17, 5, white car, 40.45, 459.93, 67.59, 471.91, 54.02, 465.92, 40.45, 465.92, 67.59, 465.92, 27.14, 11.98
2.20, 12, white car, 919.62, 547.29, 947.74, 560.12, 933.68, 553.71, 919.62, 553.71, 947.74, 553.71, 28.12, 12.83
2.20, 20, white car, 1026.45, 548.55, 1055.34, 560.51, 1040.90, 554.53, 1026.45, 554.53, 1055.34, 554.53, 28.89, 11.96
2.20, 5, white car, 39.78, 459.85, 66.93, 471.84, 53.36, 465.85, 39.78, 465.85, 66.93, 465.85, 27.14, 11.99
2.23, 20, white car, 1023.60, 548.37, 1052.77, 560.47, 1038.18, 554.42, 1023.60, 554.42, 1052.77, 554.42, 29.17, 12.10
2.23, 5, white car, 39.16, 459.78, 66.08, 471.68, 52.62, 465.73, 39.16, 465.73, 66.08, 465.73, 26.93, 11.91
2.27, 20, white car, 1021.17, 548.42, 1049.86, 560.31, 1035.51, 554.37, 1021.17, 554.37, 1049.86, 554.37, 28.69, 11.89
2.27, 5, white car, 38.62, 459.89, 65.16, 471.63, 51.89, 465.76, 38.62, 465.76, 65.16, 465.76, 26.54, 11.74
2.27, 12, white car, 915.09, 547.21, 943.34, 560.11, 929.21, 553.66, 915.09, 553.66, 943.34, 553.66, 28.25, 12.90
2.30, 20, white car, 1018.16, 548.25, 1046.93, 560.18, 1032.55, 554.22, 1018.16, 554.22, 1046.93, 554.22, 28.77, 11.93
2.30, 5, white car, 37.94, 460.07, 64.25, 471.71, 51.09, 465.89, 37.94, 465.89, 64.25, 465.89, 26.31, 11.64
2.30, 12, white car, 912.62, 547.12, 940.58, 559.90, 926.60, 553.51, 912.62, 553.51, 940.58, 553.51, 27.96, 12.78
2.33, 20, white car, 1015.18, 548.00, 1044.45, 560.14, 1029.81, 554.07, 1015.18, 554.07, 1044.45, 554.07, 29.27, 12.15
2.33, 5, white car, 37.18, 459.85, 63.70, 471.59, 50.44, 465.72, 37.18, 465.72, 63.70, 465.72, 26.52, 11.74
2.33, 12, white car, 910.15, 546.86, 938.02, 559.58, 924.08, 553.22, 910.15, 553.22, 938.02, 553.22, 27.87, 12.71
2.37, 20, white car, 1012.38, 547.82, 1041.91, 560.10, 1027.15, 553.96, 1012.38, 553.96, 1041.91, 553.96, 29.54, 12.28
2.37, 5, white car, 36.41, 459.73, 62.89, 471.47, 49.65, 465.60, 36.41, 465.60, 62.89, 465.60, 26.47, 11.73
2.37, 12, white car, 907.43, 546.74, 935.72, 559.59, 921.57, 553.16, 907.43, 553.16, 935.72, 553.16, 28.29, 12.85
2.40, 20, white car, 1009.68, 547.81, 1039.48, 560.22, 1024.58, 554.02, 1009.68, 554.02, 1039.48, 554.02, 29.79, 12.41
2.40, 5, white car, 35.53, 459.58, 61.98, 471.31, 48.75, 465.45, 35.53, 465.45, 61.98, 465.45, 26.46, 11.72
2.40, 12, white car, 904.69, 546.64, 932.62, 559.28, 918.65, 552.96, 904.69, 552.96, 932.62, 552.96, 27.93, 12.65
2.43, 20, white car, 1007.00, 547.90, 1036.72, 560.31, 1021.86, 554.10, 1007.00, 554.10, 1036.72, 554.10, 29.72, 12.41
2.43, 5, white car, 34.87, 459.48, 61.12, 471.11, 47.99, 465.29, 34.87, 465.29, 61.12, 465.29, 26.24, 11.63
2.43, 12, white car, 902.01, 546.29, 930.22, 559.05, 916.12, 552.67, 902.01, 552.67, 930.22, 552.67, 28.21, 12.75
2.47, 20, white car, 1004.66, 547.98, 1033.96, 560.20, 1019.31, 554.09, 1004.66, 554.09, 1033.96, 554.09, 29.30, 12.22
2.47, 5, white car, 33.94, 459.37, 60.02, 470.90, 46.98, 465.13, 33.94, 465.13, 60.02, 465.13, 26.08, 11.54
2.47, 12, white car, 899.84, 546.11, 927.65, 558.68, 913.74, 552.39, 899.84, 552.39, 927.65, 552.39, 27.81, 12.57
2.50, 5, white car, 32.68, 459.16, 59.06, 470.80, 45.87, 464.98, 32.68, 464.98, 59.06, 464.98, 26.38, 11.64
2.50, 12, white car, 897.32, 546.11, 925.14, 558.66, 911.23, 552.38, 897.32, 552.38, 925.14, 552.38, 27.82, 12.55
2.53, 5, white car, 31.62, 459.00, 58.13, 470.67, 44.87, 464.84, 31.62, 464.84, 58.13, 464.84, 26.52, 11.66
2.53, 12, white car, 894.23, 545.74, 923.10, 558.82, 908.66, 552.28, 894.23, 552.28, 923.10, 552.28, 28.87, 13.08
2.53, 20, white car, 999.76, 547.76, 1029.15, 560.02, 1014.45, 553.89, 999.76, 553.89, 1029.15, 553.89, 29.39, 12.26
2.57, 5, white car, 30.64, 458.87, 57.41, 470.63, 44.03, 464.75, 30.64, 464.75, 57.41, 464.75, 26.76, 11.76
2.57, 12, white car, 891.70, 545.63, 920.47, 558.70, 906.09, 552.16, 891.70, 552.16, 920.47, 552.16, 28.77, 13.07
2.57, 20, white car, 997.07, 547.81, 1025.96, 559.85, 1011.51, 553.83, 997.07, 553.83, 1025.96, 553.83, 28.89, 12.05
2.60, 5, white car, 29.99, 458.90, 56.77, 470.65, 43.38, 464.78, 29.99, 464.78, 56.77, 464.78, 26.78, 11.75
2.60, 12, white car, 889.51, 545.48, 918.50, 558.64, 904.00, 552.06, 889.51, 552.06, 918.50, 552.06, 28.99, 13.16
2.60, 20, white car, 994.11, 547.72, 1022.82, 559.70, 1008.46, 553.71, 994.11, 553.71, 1022.82, 553.71, 28.70, 11.98
2.63, 5, white car, 29.56, 458.86, 56.16, 470.50, 42.86, 464.68, 29.56, 464.68, 56.16, 464.68, 26.59, 11.64
2.63, 12, white car, 887.09, 545.10, 916.34, 558.44, 901.71, 551.77, 887.09, 551.77, 916.34, 551.77, 29.25, 13.34
2.63, 20, white car, 991.26, 547.61, 1019.93, 559.56, 1005.59, 553.59, 991.26, 553.59, 1019.93, 553.59, 28.67, 11.95
2.67, 5, white car, 28.91, 458.89, 55.36, 470.44, 42.13, 464.66, 28.91, 464.66, 55.36, 464.66, 26.45, 11.55
2.67, 12, white car, 884.74, 544.87, 914.08, 558.32, 899.41, 551.60, 884.74, 551.60, 914.08, 551.60, 29.34, 13.45
2.67, 20, white car, 988.63, 547.60, 1017.47, 559.58, 1003.05, 553.59, 988.63, 553.59, 1017.47, 553.59, 28.84, 11.98
2.70, 5, white car, 28.13, 458.82, 54.62, 470.39, 41.37, 464.61, 28.13, 464.61, 54.62, 464.61, 26.49, 11.57
2.70, 12, white car, 882.34, 544.65, 911.76, 558.20, 897.05, 551.42, 882.34, 551.42, 911.76, 551.42, 29.42, 13.55
2.70, 20, white car, 986.08, 547.51, 1015.21, 559.58, 1000.65, 553.54, 986.08, 553.54, 1015.21, 553.54, 29.14, 12.07
2.73, 5, white car, 27.36, 458.61, 54.11, 470.30, 40.74, 464.46, 27.36, 464.46, 54.11, 464.46, 26.75, 11.68
2.73, 12, white car, 879.50, 544.43, 909.06, 558.07, 894.28, 551.25, 879.50, 551.25, 909.06, 551.25, 29.56, 13.65
2.73, 20, white car, 983.26, 547.23, 1012.95, 559.52, 998.11, 553.37, 983.26, 553.37, 1012.95, 553.37, 29.69, 12.28
2.77, 5, white car, 27.06, 458.65, 53.41, 470.16, 40.24, 464.40, 27.06, 464.40, 53.41, 464.40, 26.35, 11.51
2.77, 12, white car, 876.94, 544.45, 906.56, 558.13, 891.75, 551.29, 876.94, 551.29, 906.56, 551.29, 29.61, 13.67
2.77, 20, white car, 980.22, 547.19, 1010.05, 559.58, 995.13, 553.39, 980.22, 553.39, 1010.05, 553.39, 29.83, 12.39
2.80, 5, white car, 26.60, 458.62, 52.71, 470.03, 39.66, 464.33, 26.60, 464.33, 52.71, 464.33, 26.11, 11.40
2.80, 12, white car, 874.61, 544.54, 903.39, 557.83, 889.00, 551.18, 874.61, 551.18, 903.39, 551.18, 28.78, 13.29
2.80, 20, white car, 977.78, 547.10, 1007.37, 559.39, 992.58, 553.25, 977.78, 553.25, 1007.37, 553.25, 29.59, 12.30
2.83, 5, white car, 25.46, 458.25, 52.20, 469.96, 38.83, 464.11, 25.46, 464.11, 52.20, 464.11, 26.74, 11.71
2.83, 12, white car, 872.30, 544.43, 900.88, 557.60, 886.59, 551.01, 872.30, 551.01, 900.88, 551.01, 28.58, 13.16
2.83, 20, white car, 975.24, 547.12, 1004.37, 559.21, 989.80, 553.16, 975.24, 553.16, 1004.37, 553.16, 29.13, 12.10
2.87, 5, white car, 23.93, 457.91, 51.04, 469.76, 37.49, 463.83, 23.93, 463.83, 51.04, 463.83, 27.11, 11.85
2.87, 12, white car, 869.61, 543.99, 898.25, 557.25, 883.93, 550.62, 869.61, 550.62, 898.25, 550.62, 28.64, 13.25
2.87, 20, white car, 972.91, 547.00, 1001.57, 558.88, 987.24, 552.94, 972.91, 552.94, 1001.57, 552.94, 28.66, 11.88
2.90, 5, white car, 22.22, 457.54, 49.98, 469.62, 36.10, 463.58, 22.22, 463.58, 49.98, 463.58, 27.76, 12.08
2.90, 12, white car, 867.10, 543.76, 895.84, 557.10, 881.47, 550.43, 867.10, 550.43, 895.84, 550.43, 28.74, 13.34
2.90, 20, white car, 970.64, 546.90, 999.30, 558.78, 984.97, 552.84, 970.64, 552.84, 999.30, 552.84, 28.66, 11.88
2.93, 5, white car, 21.23, 457.41, 49.23, 469.56, 35.23, 463.48, 21.23, 463.48, 49.23, 463.48, 28.00, 12.15
2.93, 12, white car, 864.44, 543.52, 893.49, 556.99, 878.96, 550.25, 864.44, 550.25, 893.49, 550.25, 29.05, 13.47
2.93, 20, white car, 967.66, 546.74, 996.36, 558.62, 982.01, 552.68, 967.66, 552.68, 996.36, 552.68, 28.71, 11.88
2.97, 5, white car, 20.58, 457.21, 48.90, 469.44, 34.74, 463.33, 20.58, 463.33, 48.90, 463.33, 28.31, 12.24
2.97, 12, white car, 862.18, 543.20, 890.67, 556.41, 876.42, 549.81, 862.18, 549.81, 890.67, 549.81, 28.48, 13.21
2.97, 20, white car, 964.93, 546.76, 993.27, 558.52, 979.10, 552.64, 964.93, 552.64, 993.27, 552.64, 28.34, 11.75
3.00, 5, white car, 20.41, 457.16, 48.69, 469.34, 34.55, 463.25, 20.41, 463.25, 48.69, 463.25, 28.27, 12.19
3.00, 12, white car, 859.85, 543.05, 888.47, 556.37, 874.16, 549.71, 859.85, 549.71, 888.47, 549.71, 28.62, 13.32
3.00, 20, white car, 962.10, 546.73, 990.18, 558.38, 976.14, 552.55, 962.10, 552.55, 990.18, 552.55, 28.08, 11.65
3.03, 5, white car, 19.94, 457.16, 48.10, 469.29, 34.02, 463.22, 19.94, 463.22, 48.10, 463.22, 28.16, 12.13
3.03, 12, white car, 857.79, 543.04, 886.03, 556.23, 871.91, 549.64, 857.79, 549.64, 886.03, 549.64, 28.25, 13.19
3.03, 20, white car, 959.60, 546.78, 987.57, 558.36, 973.58, 552.57, 959.60, 552.57, 987.57, 552.57, 27.97, 11.59
3.07, 5, white car, 19.48, 457.06, 47.53, 469.15, 33.51, 463.11, 19.48, 463.11, 47.53, 463.11, 28.05, 12.09
3.07, 12, white car, 855.44, 542.84, 883.44, 555.95, 869.44, 549.39, 855.44, 549.39, 883.44, 549.39, 28.00, 13.11
3.07, 20, white car, 957.01, 546.58, 985.31, 558.27, 971.16, 552.42, 957.01, 552.42, 985.31, 552.42, 28.30, 11.69
3.10, 5, white car, 19.39, 457.05, 47.07, 469.00, 33.23, 463.02, 19.39, 463.02, 47.07, 463.02, 27.69, 11.95
3.10, 12, white car, 852.59, 542.47, 880.41, 555.52, 866.50, 549.00, 852.59, 549.00, 880.41, 549.00, 27.82, 13.05
3.10, 20, white car, 954.24, 546.39, 982.78, 558.18, 968.51, 552.28, 954.24, 552.28, 982.78, 552.28, 28.54, 11.79
3.13, 5, white car, 18.95, 457.10, 46.39, 468.95, 32.67, 463.03, 18.95, 463.03, 46.39, 463.03, 27.44, 11.85
3.13, 12, white car, 850.14, 542.26, 878.22, 555.39, 864.18, 548.82, 850.14, 548.82, 878.22, 548.82, 28.08, 13.13
3.13, 20, white car, 951.21, 546.27, 980.27, 558.32, 965.74, 552.29, 951.21, 552.29, 980.27, 552.29, 29.06, 12.05
3.17, 5, white car, 18.43, 457.02, 45.91, 468.90, 32.17, 462.96, 18.43, 462.96, 45.91, 462.96, 27.49, 11.88
3.17, 12, white car, 847.70, 541.89, 876.11, 555.19, 861.91, 548.54, 847.70, 548.54, 876.11, 548.54, 28.41, 13.30
3.17, 20, white car, 948.31, 546.21, 977.31, 558.20, 962.81, 552.20, 948.31, 552.20, 977.31, 552.20, 29.00, 11.99
3.20, 5, white car, 17.81, 456.98, 45.49, 468.96, 31.65, 462.97, 17.81, 462.97, 45.49, 462.97, 27.69, 11.98
3.20, 12, white car, 845.29, 541.74, 873.63, 555.05, 859.46, 548.39, 845.29, 548.39, 873.63, 548.39, 28.35, 13.30
3.20, 20, white car, 945.67, 546.05, 974.69, 558.04, 960.18, 552.04, 945.67, 552.04, 974.69, 552.04, 29.02, 11.99
3.23, 5, white car, 17.18, 456.96, 44.97, 468.99, 31.07, 462.98, 17.18, 462.98, 44.97, 462.98, 27.78, 12.03
3.23, 12, white car, 842.88, 541.86, 870.95, 555.08, 856.91, 548.47, 842.88, 548.47, 870.95, 548.47, 28.08, 13.22
3.23, 20, white car, 942.94, 545.87, 972.16, 557.94, 957.55, 551.91, 942.94, 551.91, 972.16, 551.91, 29.23, 12.07
3.27, 5, white car, 16.45, 456.68, 44.62, 468.90, 30.53, 462.79, 16.45, 462.79, 44.62, 462.79, 28.17, 12.22
3.27, 12, white car, 840.42, 541.65, 868.27, 554.77, 854.34, 548.21, 840.42, 548.21, 868.27, 548.21, 27.85, 13.12
3.27, 20, white car, 940.42, 545.61, 969.56, 557.61, 954.99, 551.61, 940.42, 551.61, 969.56, 551.61, 29.14, 12.00
3.30, 5, white car, 15.92, 456.46, 44.18, 468.77, 30.05, 462.61, 15.92, 462.61, 44.18, 462.61, 28.27, 12.31
3.30, 12, white car, 837.94, 541.29, 865.58, 554.33, 851.76, 547.81, 837.94, 547.81, 865.58, 547.81, 27.64, 13.04
3.30, 20, white car, 937.57, 545.19, 967.17, 557.39, 952.37, 551.29, 937.57, 551.29, 967.17, 551.29, 29.60, 12.20
3.33, 5, white car, 15.46, 456.42, 43.71, 468.76, 29.59, 462.59, 15.46, 462.59, 43.71, 462.59, 28.24, 12.34
3.33, 12, white car, 835.09, 541.16, 863.05, 554.36, 849.07, 547.76, 835.09, 547.76, 863.05, 547.76, 27.97, 13.19
3.33, 20, white car, 934.53, 544.89, 964.49, 557.26, 949.51, 551.07, 934.53, 551.07, 964.49, 551.07, 29.96, 12.36
3.37, 5, white car, 15.13, 456.37, 43.29, 468.71, 29.21, 462.54, 15.13, 462.54, 43.29, 462.54, 28.17, 12.34
3.37, 12, white car, 832.75, 540.79, 860.48, 553.87, 846.62, 547.33, 832.75, 547.33, 860.48, 547.33, 27.72, 13.09
3.37, 20, white car, 931.99, 544.73, 961.74, 557.02, 946.86, 550.88, 931.99, 550.88, 961.74, 550.88, 29.75, 12.29
3.40, 5, white car, 14.63, 456.31, 42.78, 468.65, 28.70, 462.48, 14.63, 462.48, 42.78, 462.48, 28.15, 12.34
3.40, 12, white car, 830.39, 540.61, 858.40, 553.85, 844.39, 547.23, 830.39, 547.23, 858.40, 547.23, 28.01, 13.24
3.40, 20, white car, 929.45, 544.66, 959.22, 557.00, 944.33, 550.83, 929.45, 550.83, 959.22, 550.83, 29.78, 12.34
3.43, 5, white car, 13.82, 456.30, 41.94, 468.65, 27.88, 462.47, 13.82, 462.47, 41.94, 462.47, 28.12, 12.35
3.43, 12, white car, 828.08, 540.55, 856.01, 553.76, 842.05, 547.15, 828.08, 547.15, 856.01, 547.15, 27.92, 13.22
3.43, 20, white car, 927.10, 544.63, 956.52, 556.82, 941.81, 550.73, 927.10, 550.73, 956.52, 550.73, 29.42, 12.19
3.47, 5, white car, 13.04, 456.19, 41.43, 468.69, 27.23, 462.44, 13.04, 462.44, 41.43, 462.44, 28.39, 12.51
3.47, 12, white car, 825.97, 540.47, 853.52, 553.52, 839.75, 547.00, 825.97, 547.00, 853.52, 547.00, 27.55, 13.05
3.47, 20, white car, 924.82, 544.63, 954.02, 556.74, 939.42, 550.68, 924.82, 550.68, 954.02, 550.68, 29.20, 12.11
3.50, 5, white car, 12.43, 456.02, 40.93, 468.63, 26.68, 462.32, 12.43, 462.32, 40.93, 462.32, 28.50, 12.61
3.50, 12, white car, 823.72, 540.42, 851.03, 553.33, 837.38, 546.88, 823.72, 546.88, 851.03, 546.88, 27.31, 12.91
3.50, 20, white car, 921.73, 544.45, 951.37, 556.78, 936.55, 550.62, 921.73, 550.62, 951.37, 550.62, 29.65, 12.32
3.53, 5, white car, 11.86, 455.94, 40.26, 468.56, 26.06, 462.25, 11.86, 462.25, 40.26, 462.25, 28.41, 12.62
3.53, 12, white car, 821.12, 540.43, 848.26, 553.21, 834.69, 546.82, 821.12, 546.82, 848.26, 546.82, 27.14, 12.79
3.53, 20, white car, 919.08, 544.35, 948.68, 556.68, 933.88, 550.51, 919.08, 550.51, 948.68, 550.51, 29.60, 12.33
3.57, 5, white car, 11.23, 455.82, 39.79, 468.56, 25.51, 462.19, 11.23, 462.19, 39.79, 462.19, 28.56, 12.73
3.57, 12, white car, 818.84, 540.29, 845.72, 552.90, 832.28, 546.59, 818.84, 546.59, 845.72, 546.59, 26.89, 12.61
3.57, 20, white car, 916.39, 544.22, 946.04, 556.60, 931.22, 550.41, 916.39, 550.41, 946.04, 550.41, 29.65, 12.38
3.60, 5, white car, 10.73, 455.73, 39.32, 468.52, 25.02, 462.13, 10.73, 462.13, 39.32, 462.13, 28.59, 12.79
3.60, 12, white car, 816.73, 540.12, 843.51, 552.61, 830.12, 546.37, 816.73, 546.37, 843.51, 546.37, 26.79, 12.50
3.60, 20, white car, 913.93, 544.40, 943.07, 556.54, 928.50, 550.47, 913.93, 550.47, 943.07, 550.47, 29.14, 12.15
3.63, 5, white car, 10.36, 455.67, 38.91, 468.47, 24.64, 462.07, 10.36, 462.07, 38.91, 462.07, 28.54, 12.80
3.63, 12, white car, 813.98, 540.13, 840.98, 552.68, 827.48, 546.40, 813.98, 546.40, 840.98, 546.40, 27.00, 12.55
3.63, 20, white car, 911.39, 544.24, 940.37, 556.32, 925.88, 550.28, 911.39, 550.28, 940.37, 550.28, 28.98, 12.08
3.67, 5, white car, 9.97, 455.61, 38.41, 468.39, 24.19, 462.00, 9.97, 462.00, 38.41, 462.00, 28.45, 12.78
3.67, 12, white car, 811.75, 540.23, 838.65, 552.73, 825.20, 546.48, 811.75, 546.48, 838.65, 546.48, 26.91, 12.50
3.67, 20, white car, 908.64, 544.09, 937.56, 556.17, 923.10, 550.13, 908.64, 550.13, 937.56, 550.13, 28.93, 12.08
3.70, 5, white car, 9.59, 455.66, 37.78, 468.35, 23.68, 462.01, 9.59, 462.01, 37.78, 462.01, 28.19, 12.69
3.70, 12, white car, 808.84, 539.99, 836.27, 552.72, 822.56, 546.35, 808.84, 546.35, 836.27, 546.35, 27.43, 12.74
3.70, 20, white car, 905.92, 543.98, 934.73, 556.01, 920.32, 549.99, 905.92, 549.99, 934.73, 549.99, 28.81, 12.02
3.73, 5, white car, 9.15, 455.67, 37.13, 468.29, 23.14, 461.98, 9.15, 461.98, 37.13, 461.98, 27.99, 12.63
3.73, 12, white car, 806.04, 539.79, 833.95, 552.76, 820.00, 546.27, 806.04, 546.27, 833.95, 546.27, 27.90, 12.97
3.73, 20, white car, 903.37, 543.74, 932.20, 555.75, 917.79, 549.74, 903.37, 549.74, 932.20, 549.74, 28.82, 12.01
3.77, 5, white car, 8.74, 455.71, 36.40, 468.22, 22.57, 461.96, 8.74, 461.96, 36.40, 461.96, 27.66, 12.51
3.77, 12, white car, 803.82, 539.53, 831.07, 552.18, 817.45, 545.86, 803.82, 545.86, 831.07, 545.86, 27.26, 12.65
3.77, 20, white car, 900.89, 543.57, 930.15, 555.78, 915.52, 549.67, 900.89, 549.67, 930.15, 549.67, 29.26, 12.22
3.80, 5, white car, 8.33, 455.71, 35.82, 468.17, 22.08, 461.94, 8.33, 461.94, 35.82, 461.94, 27.49, 12.46
3.80, 12, white car, 801.34, 539.28, 828.32, 551.79, 814.83, 545.54, 801.34, 545.54, 828.32, 545.54, 26.97, 12.51
3.80, 20, white car, 898.45, 543.42, 927.95, 555.73, 913.20, 549.57, 898.45, 549.57, 927.95, 549.57, 29.51, 12.31
3.83, 5, white car, 8.05, 455.66, 35.40, 468.05, 21.72, 461.85, 8.05, 461.85, 35.40, 461.85, 27.35, 12.39
3.83, 12, white car, 798.90, 539.17, 826.01, 551.73, 812.46, 545.45, 798.90, 545.45, 826.01, 545.45, 27.11, 12.55
3.83, 20, white car, 895.51, 542.97, 925.54, 555.53, 910.53, 549.25, 895.51, 549.25, 925.54, 549.25, 30.03, 12.56
3.87, 5, white car, 7.79, 455.60, 34.94, 467.88, 21.37, 461.74, 7.79, 461.74, 34.94, 461.74, 27.15, 12.28
3.87, 12, white car, 796.82, 539.13, 823.23, 551.32, 810.03, 545.22, 796.82, 545.22, 823.23, 545.22, 26.42, 12.19
3.87, 20, white car, 892.93, 542.86, 922.80, 555.38, 907.87, 549.12, 892.93, 549.12, 922.80, 549.12, 29.87, 12.52
3.90, 5, white car, 7.49, 455.64, 34.32, 467.76, 20.90, 461.70, 7.49, 461.70, 34.32, 461.70, 26.83, 12.12
3.90, 12, white car, 794.04, 538.76, 821.40, 551.37, 807.72, 545.06, 794.04, 545.06, 821.40, 545.06, 27.36, 12.61
3.90, 20, white car, 890.34, 542.82, 920.13, 555.34, 905.23, 549.08, 890.34, 549.08, 920.13, 549.08, 29.79, 12.51
3.93, 5, white car, 7.09, 455.68, 33.91, 467.80, 20.50, 461.74, 7.09, 461.74, 33.91, 461.74, 26.82, 12.12
3.93, 12, white car, 791.58, 538.36, 819.31, 551.13, 805.45, 544.75, 791.58, 544.75, 819.31, 544.75, 27.73, 12.77
3.93, 20, white car, 887.78, 542.70, 917.84, 555.34, 902.81, 549.02, 887.78, 549.02, 917.84, 549.02, 30.06, 12.64
3.97, 5, white car, 6.58, 455.66, 33.71, 467.94, 20.15, 461.80, 6.58, 461.80, 33.71, 461.80, 27.13, 12.27
3.97, 12, white car, 789.30, 538.02, 816.52, 550.55, 802.91, 544.29, 789.30, 544.29, 816.52, 544.29, 27.22, 12.53
3.97, 20, white car, 885.48, 542.78, 915.30, 555.33, 900.39, 549.05, 885.48, 549.05, 915.30, 549.05, 29.82, 12.54
4.00, 5, white car, 6.11, 455.52, 33.42, 467.88, 19.76, 461.70, 6.11, 461.70, 33.42, 461.70, 27.31, 12.36
4.00, 12, white car, 786.93, 538.04, 813.78, 550.40, 800.35, 544.22, 786.93, 544.22, 813.78, 544.22, 26.84, 12.36
4.00, 20, white car, 883.17, 542.74, 912.89, 555.23, 898.03, 548.98, 883.17, 548.98, 912.89, 548.98, 29.72, 12.49
4.03, 5, white car, 5.86, 455.45, 33.17, 467.79, 19.52, 461.62, 5.86, 461.62, 33.17, 461.62, 27.31, 12.34
4.03, 12, white car, 784.73, 538.11, 811.48, 550.37, 798.11, 544.24, 784.73, 544.24, 811.48, 544.24, 26.74, 12.27
4.03, 20, white car, 880.51, 542.24, 910.65, 554.94, 895.58, 548.59, 880.51, 548.59, 910.65, 548.59, 30.14, 12.71
4.07, 5, white car, 5.49, 455.44, 32.92, 467.82, 19.21, 461.63, 5.49, 461.63, 32.92, 461.63, 27.43, 12.38
4.07, 12, white car, 782.56, 537.99, 809.42, 550.28, 795.99, 544.13, 782.56, 544.13, 809.42, 544.13, 26.85, 12.29
4.07, 20, white car, 878.07, 542.25, 907.82, 554.79, 892.94, 548.52, 878.07, 548.52, 907.82, 548.52, 29.74, 12.54
4.10, 5, white car, 4.98, 455.43, 32.59, 467.88, 18.78, 461.65, 4.98, 461.65, 32.59, 461.65, 27.61, 12.45
4.10, 12, white car, 779.69, 537.60, 807.29, 550.22, 793.49, 543.91, 779.69, 543.91, 807.29, 543.91, 27.60, 12.63
4.10, 20, white car, 875.67, 542.26, 905.02, 554.60, 890.35, 548.43, 875.67, 548.43, 905.02, 548.43, 29.35, 12.35
4.13, 5, white car, 4.60, 455.41, 32.28, 467.88, 18.44, 461.64, 4.60, 461.64, 32.28, 461.64, 27.68, 12.47
4.13, 12, white car, 777.22, 537.30, 805.29, 550.16, 791.25, 543.73, 777.22, 543.73, 805.29, 543.73, 28.07, 12.86
4.13, 20, white car, 873.16, 542.18, 902.42, 554.47, 887.79, 548.32, 873.16, 548.32, 902.42, 548.32, 29.26, 12.29
4.17, 5, white car, 4.25, 455.30, 31.97, 467.77, 18.11, 461.54, 4.25, 461.54, 31.97, 461.54, 27.71, 12.47
4.17, 12, white car, 774.72, 537.02, 802.81, 549.93, 788.77, 543.48, 774.72, 543.48, 802.81, 543.48, 28.09, 12.92
4.17, 20, white car, 870.59, 542.09, 900.22, 554.53, 885.40, 548.31, 870.59, 548.31, 900.22, 548.31, 29.63, 12.44
4.20, 5, white car, 3.72, 455.32, 31.28, 467.69, 17.50, 461.51, 3.72, 461.51, 31.28, 461.51, 27.56, 12.38
4.20, 12, white car, 772.41, 536.92, 800.39, 549.80, 786.40, 543.36, 772.41, 543.36, 800.39, 543.36, 27.98, 12.89
4.20, 20, white car, 868.06, 541.79, 897.93, 554.35, 882.99, 548.07, 868.06, 548.07, 897.93, 548.07, 29.88, 12.56
4.23, 5, white car, 3.03, 455.38, 30.71, 467.81, 16.87, 461.60, 3.03, 461.60, 30.71, 461.60, 27.68, 12.43
4.23, 12, white car, 770.17, 536.73, 798.12, 549.59, 784.14, 543.16, 770.17, 543.16, 798.12, 543.16, 27.96, 12.86
4.23, 20, white car, 865.82, 541.50, 895.33, 553.93, 880.58, 547.71, 865.82, 547.71, 895.33, 547.71, 29.51, 12.43
4.27, 5, white car, 2.28, 455.30, 30.22, 467.87, 16.25, 461.59, 2.28, 461.59, 30.22, 461.59, 27.95, 12.57
4.27, 12, white car, 767.83, 536.57, 795.47, 549.27, 781.65, 542.92, 767.83, 542.92, 795.47, 542.92, 27.64, 12.71
4.27, 20, white car, 863.42, 541.39, 892.77, 553.73, 878.10, 547.56, 863.42, 547.56, 892.77, 547.56, 29.35, 12.34
4.30, 5, white car, 1.89, 455.16, 30.07, 467.86, 15.98, 461.51, 1.89, 461.51, 30.07, 461.51, 28.17, 12.70
4.30, 12, white car, 765.57, 536.36, 793.01, 548.96, 779.29, 542.66, 765.57, 542.66, 793.01, 542.66, 27.45, 12.59
4.30, 20, white car, 860.86, 541.32, 890.26, 553.65, 875.56, 547.49, 860.86, 547.49, 890.26, 547.49, 29.39, 12.33
4.33, 5, white car, 1.61, 454.98, 29.98, 467.80, 15.79, 461.39, 1.61, 461.39, 29.98, 461.39, 28.37, 12.82
4.33, 12, white car, 763.29, 536.03, 790.55, 548.49, 776.92, 542.26, 763.29, 542.26, 790.55, 542.26, 27.26, 12.46
4.33, 20, white car, 858.51, 541.30, 887.64, 553.51, 873.08, 547.41, 858.51, 547.41, 887.64, 547.41, 29.13, 12.21
4.37, 5, white car, 1.38, 454.79, 29.99, 467.74, 15.68, 461.26, 1.38, 461.26, 29.99, 461.26, 28.61, 12.95
4.37, 12, white car, 760.71, 535.84, 788.06, 548.37, 774.39, 542.10, 760.71, 542.10, 788.06, 542.10, 27.35, 12.53
4.37, 20, white car, 855.87, 541.19, 885.21, 553.50, 870.54, 547.34, 855.87, 547.34, 885.21, 547.34, 29.34, 12.31
4.40, 5, white car, 1.15, 454.58, 29.87, 467.60, 15.51, 461.09, 1.15, 461.09, 29.87, 461.09, 28.72, 13.02
4.40, 12, white car, 758.32, 535.66, 785.27, 548.04, 771.79, 541.85, 758.32, 541.85, 785.27, 541.85, 26.96, 12.38
4.40, 20, white car, 853.50, 541.14, 882.86, 553.47, 868.18, 547.30, 853.50, 547.30, 882.86, 547.30, 29.36, 12.34
4.43, 5, white car, 0.84, 454.31, 29.75, 467.44, 15.29, 460.88, 0.84, 460.88, 29.75, 460.88, 28.91, 13.14
4.43, 12, white car, 756.18, 535.49, 782.95, 547.77, 769.57, 541.63, 756.18, 541.63, 782.95, 541.63, 26.77, 12.27
4.43, 20, white car, 851.16, 541.00, 880.26, 553.21, 865.71, 547.10, 851.16, 547.10, 880.26, 547.10, 29.10, 12.21
4.47, 5, white car, 0.29, 454.28, 29.53, 467.58, 14.91, 460.93, 0.29, 460.93, 29.53, 460.93, 29.23, 13.30
4.47, 12, white car, 753.37, 535.33, 780.31, 547.71, 766.84, 541.52, 753.37, 541.52, 780.31, 541.52, 26.93, 12.37
4.47, 20, white car, 848.84, 540.91, 877.70, 553.01, 863.27, 546.96, 848.84, 546.96, 877.70, 546.96, 28.86, 12.11
4.50, 5, white car, 0.00, 454.24, 29.11, 467.59, 14.56, 460.91, 0.00, 460.91, 29.11, 460.91, 29.11, 13.35
4.50, 12, white car, 750.54, 535.05, 777.77, 547.59, 764.15, 541.32, 750.54, 541.32, 777.77, 541.32, 27.23, 12.54
4.50, 20, white car, 846.27, 540.77, 875.10, 552.86, 860.69, 546.81, 846.27, 546.81, 875.10, 546.81, 28.84, 12.09
4.53, 5, white car, 0.00, 454.21, 28.89, 467.63, 14.44, 460.92, 0.00, 460.92, 28.89, 460.92, 28.89, 13.42
4.53, 12, white car, 748.17, 534.86, 775.77, 547.60, 761.97, 541.23, 748.17, 541.23, 775.77, 541.23, 27.60, 12.73
4.53, 20, white car, 843.73, 540.74, 872.47, 552.80, 858.10, 546.77, 843.73, 546.77, 872.47, 546.77, 28.75, 12.06
4.57, 5, white car, 0.00, 454.15, 28.73, 467.62, 14.37, 460.89, 0.00, 460.89, 28.73, 460.89, 28.73, 13.47
4.57, 20, white car, 841.36, 540.71, 870.41, 552.89, 855.88, 546.80, 841.36, 546.80, 870.41, 546.80, 29.05, 12.18
4.60, 5, white car, 0.00, 454.13, 28.59, 467.57, 14.29, 460.85, 0.00, 460.85, 28.59, 460.85, 28.59, 13.45
4.60, 20, white car, 838.90, 540.63, 868.03, 552.85, 853.46, 546.74, 838.90, 546.74, 868.03, 546.74, 29.13, 12.22
4.63, 5, white car, 0.00, 454.12, 28.44, 467.43, 14.22, 460.78, 0.00, 460.78, 28.44, 460.78, 28.44, 13.31
4.63, 20, white car, 836.29, 540.27, 865.74, 552.64, 851.02, 546.46, 836.29, 546.46, 865.74, 546.46, 29.45, 12.37
4.67, 5, white car, 0.00, 454.24, 28.00, 467.38, 14.00, 460.81, 0.00, 460.81, 28.00, 460.81, 28.00, 13.14
4.67, 20, white car, 834.10, 540.07, 863.29, 552.31, 848.69, 546.19, 834.10, 546.19, 863.29, 546.19, 29.19, 12.24
4.70, 5, white car, 0.00, 454.34, 27.61, 467.38, 13.80, 460.86, 0.00, 460.86, 27.61, 460.86, 27.61, 13.04
4.70, 20, white car, 831.91, 540.07, 860.29, 551.95, 846.10, 546.01, 831.91, 546.01, 860.29, 546.01, 28.39, 11.88
4.73, 5, white car, 0.00, 454.36, 27.14, 467.35, 13.57, 460.85, 0.00, 460.85, 27.14, 460.85, 27.14, 13.00
4.73, 20, white car, 829.59, 539.99, 857.41, 551.62, 843.50, 545.80, 829.59, 545.80, 857.41, 545.80, 27.82, 11.63
4.77, 5, white car, 0.00, 454.35, 26.91, 467.30, 13.46, 460.82, 0.00, 460.82, 26.91, 460.82, 26.91, 12.95
4.77, 20, white car, 826.78, 539.65, 855.43, 551.62, 841.11, 545.64, 826.78, 545.64, 855.43, 545.64, 28.65, 11.97
4.80, 5, white car, 0.00, 454.36, 27.24, 467.41, 13.62, 460.88, 0.00, 460.88, 27.24, 460.88, 27.24, 13.05
4.80, 20, white car, 824.47, 539.70, 852.97, 551.61, 838.72, 545.66, 824.47, 545.66, 852.97, 545.66, 28.50, 11.90
4.83, 5, white car, 0.00, 454.36, 27.61, 467.51, 13.80, 460.94, 0.00, 460.94, 27.61, 460.94, 27.61, 13.14
4.83, 20, white car, 822.05, 539.53, 850.18, 551.27, 836.12, 545.40, 822.05, 545.40, 850.18, 545.40, 28.13, 11.74
4.87, 5, white car, 0.00, 454.36, 27.38, 467.44, 13.69, 460.90, 0.00, 460.90, 27.38, 460.90, 27.38, 13.09
4.87, 20, white car, 819.51, 539.29, 847.83, 551.07, 833.67, 545.18, 819.51, 545.18, 847.83, 545.18, 28.32, 11.78
4.90, 5, white car, 0.00, 454.32, 27.16, 467.40, 13.58, 460.86, 0.00, 460.86, 27.16, 460.86, 27.16, 13.09
4.90, 20, white car, 817.15, 539.30, 845.34, 551.02, 831.25, 545.16, 817.15, 545.16, 845.34, 545.16, 28.19, 11.72
4.93, 5, white car, 0.00, 454.35, 26.66, 467.34, 13.33, 460.84, 0.00, 460.84, 26.66, 460.84, 26.66, 12.99
4.93, 20, white car, 814.32, 539.03, 842.85, 550.88, 828.58, 544.95, 814.32, 544.95, 842.85, 544.95, 28.53, 11.85
4.97, 5, white car, 0.00, 454.40, 26.59, 467.41, 13.29, 460.91, 0.00, 460.91, 26.59, 460.91, 26.59, 13.01
4.97, 20, white car, 811.86, 539.03, 840.70, 551.02, 826.28, 545.02, 811.86, 545.02, 840.70, 545.02, 28.85, 11.99
5.00, 5, white car, 0.00, 454.44, 26.88, 467.49, 13.44, 460.96, 0.00, 460.96, 26.88, 460.96, 26.88, 13.05
5.00, 20, white car, 809.39, 538.82, 838.44, 550.91, 823.91, 544.87, 809.39, 544.87, 838.44, 544.87, 29.05, 12.09
5.00, 12, white car, 715.63, 532.45, 742.40, 544.86, 729.01, 538.66, 715.63, 538.66, 742.40, 538.66, 26.77, 12.41
5.03, 5, white car, 0.00, 454.49, 26.53, 467.42, 13.27, 460.96, 0.00, 460.96, 26.53, 460.96, 26.53, 12.93
5.03, 20, white car, 806.99, 538.36, 836.46, 550.66, 821.73, 544.51, 806.99, 544.51, 836.46, 544.51, 29.47, 12.29
5.03, 12, white car, 713.60, 532.28, 740.53, 544.76, 727.07, 538.52, 713.60, 538.52, 740.53, 538.52, 26.93, 12.48
5.07, 5, white car, 0.00, 454.55, 26.01, 467.36, 13.01, 460.95, 0.00, 460.95, 26.01, 460.95, 26.01, 12.81
5.07, 20, white car, 804.59, 538.09, 834.30, 550.49, 819.44, 544.29, 804.59, 544.29, 834.30, 544.29, 29.71, 12.41
5.07, 12, white car, 711.54, 532.14, 738.57, 544.63, 725.06, 538.38, 711.54, 538.38, 738.57, 538.38, 27.02, 12.49
5.10, 5, white car, 0.00, 454.54, 25.68, 467.23, 12.84, 460.89, 0.00, 460.89, 25.68, 460.89, 25.68, 12.69
5.10, 20, white car, 802.58, 537.96, 831.78, 550.17, 817.18, 544.07, 802.58, 544.07, 831.78, 544.07, 29.20, 12.21
5.10, 12, white car, 708.79, 531.87, 736.24, 544.59, 722.51, 538.23, 708.79, 538.23, 736.24, 538.23, 27.45, 12.72
5.13, 5, white car, 0.00, 454.57, 25.48, 467.17, 12.74, 460.87, 0.00, 460.87, 25.48, 460.87, 25.48, 12.60
5.13, 20, white car, 800.20, 537.79, 829.04, 549.85, 814.62, 543.82, 800.20, 543.82, 829.04, 543.82, 28.84, 12.06
5.13, 12, white car, 706.67, 531.60, 734.22, 544.34, 720.45, 537.97, 706.67, 537.97, 734.22, 537.97, 27.55, 12.75
5.17, 5, white car, 0.00, 454.63, 25.21, 467.14, 12.60, 460.88, 0.00, 460.88, 25.21, 460.88, 25.21, 12.51
5.17, 20, white car, 797.88, 537.77, 826.57, 549.77, 812.23, 543.77, 797.88, 543.77, 826.57, 543.77, 28.69, 12.00
5.17, 12, white car, 704.62, 531.50, 731.50, 543.91, 718.06, 537.71, 704.62, 537.71, 731.50, 537.71, 26.88, 12.42
5.20, 5, white car, 0.00, 454.69, 25.09, 467.17, 12.54, 460.93, 0.00, 460.93, 25.09, 460.93, 25.09, 12.48
5.20, 20, white car, 795.42, 537.70, 824.01, 549.67, 809.71, 543.69, 795.42, 543.69, 824.01, 543.69, 28.59, 11.97
5.20, 12, white car, 702.40, 531.61, 728.40, 543.60, 715.40, 537.60, 702.40, 537.60, 728.40, 537.60, 26.00, 11.99
5.23, 5, white car, 0.00, 454.71, 24.99, 467.22, 12.50, 460.96, 0.00, 460.96, 24.99, 460.96, 24.99, 12.51
5.23, 20, white car, 793.43, 537.73, 821.65, 549.52, 807.54, 543.63, 793.43, 543.63, 821.65, 543.63, 28.22, 11.79
5.23, 12, white car, 700.36, 531.57, 726.18, 543.42, 713.27, 537.50, 700.36, 537.50, 726.18, 537.50, 25.83, 11.84
5.27, 5, white car, 0.00, 454.73, 24.29, 467.12, 12.14, 460.92, 0.00, 460.92, 24.29, 460.92, 24.29, 12.40
5.27, 20, white car, 791.11, 537.52, 819.48, 549.35, 805.29, 543.44, 791.11, 543.44, 819.48, 543.44, 28.37, 11.83
5.27, 12, white car, 698.15, 531.28, 724.05, 543.09, 711.10, 537.18, 698.15, 537.18, 724.05, 537.18, 25.91, 11.80
5.30, 5, white car, 0.00, 454.73, 23.59, 467.03, 11.80, 460.88, 0.00, 460.88, 23.59, 460.88, 23.59, 12.30
5.30, 20, white car, 788.51, 537.37, 817.04, 549.29, 802.77, 543.33, 788.51, 543.33, 817.04, 543.33, 28.53, 11.92
5.30, 12, white car, 695.10, 530.91, 722.18, 543.27, 708.64, 537.09, 695.10, 537.09, 722.18, 537.09, 27.09, 12.36
5.33, 5, white car, 0.00, 454.74, 22.67, 466.87, 11.33, 460.81, 0.00, 460.81, 22.67, 460.81, 22.67, 12.13
5.33, 20, white car, 785.82, 537.22, 814.54, 549.23, 800.18, 543.22, 785.82, 543.22, 814.54, 543.22, 28.72, 12.02
5.33, 12, white car, 692.72, 530.55, 719.90, 542.93, 706.31, 536.74, 692.72, 536.74, 719.90, 536.74, 27.18, 12.38
5.37, 5, white car, 0.00, 454.74, 21.99, 466.71, 11.00, 460.72, 0.00, 460.72, 21.99, 460.72, 21.99, 11.97
5.37, 20, white car, 783.30, 536.91, 812.10, 548.99, 797.70, 542.95, 783.30, 542.95, 812.10, 542.95, 28.80, 12.08
5.37, 12, white car, 690.48, 530.19, 717.79, 542.63, 704.14, 536.41, 690.48, 536.41, 717.79, 536.41, 27.32, 12.45
5.40, 5, white car, 0.00, 454.73, 21.73, 466.65, 10.87, 460.69, 0.00, 460.69, 21.73, 460.69, 21.73, 11.91
5.40, 20, white car, 780.93, 536.73, 809.85, 548.89, 795.39, 542.81, 780.93, 542.81, 809.85, 542.81, 28.92, 12.17
5.40, 12, white car, 688.43, 530.09, 715.69, 542.49, 702.06, 536.29, 688.43, 536.29, 715.69, 536.29, 27.26, 12.41
5.43, 5, white car, 0.00, 454.73, 21.20, 466.49, 10.60, 460.61, 0.00, 460.61, 21.20, 460.61, 21.20, 11.77
5.43, 20, white car, 778.61, 536.57, 807.58, 548.76, 793.09, 542.67, 778.61, 542.67, 807.58, 542.67, 28.97, 12.19
5.43, 12, white car, 685.81, 529.80, 713.17, 542.27, 699.49, 536.03, 685.81, 536.03, 713.17, 536.03, 27.36, 12.46
5.47, 5, white car, 0.00, 454.65, 20.93, 466.41, 10.47, 460.53, 0.00, 460.53, 20.93, 460.53, 20.93, 11.76
5.47, 20, white car, 776.47, 536.23, 805.36, 548.40, 790.91, 542.31, 776.47, 542.31, 805.36, 542.31, 28.89, 12.17
5.47, 12, white car, 683.35, 529.38, 711.10, 542.07, 697.23, 535.72, 683.35, 535.72, 711.10, 535.72, 27.75, 12.69
5.50, 5, white car, 0.00, 454.61, 20.76, 466.39, 10.38, 460.50, 0.00, 460.50, 20.76, 460.50, 20.76, 11.77
5.50, 20, white car, 774.43, 536.22, 802.80, 548.21, 788.61, 542.22, 774.43, 542.22, 802.80, 542.22, 28.37, 11.99
5.50, 12, white car, 681.29, 529.14, 709.42, 542.02, 695.36, 535.58, 681.29, 535.58, 709.42, 535.58, 28.13, 12.88
5.53, 5, white car, 0.00, 454.57, 20.60, 466.35, 10.30, 460.46, 0.00, 460.46, 20.60, 460.46, 20.60, 11.79
5.53, 20, white car, 772.22, 536.04, 800.66, 548.07, 786.44, 542.05, 772.22, 542.05, 800.66, 542.05, 28.44, 12.03
5.53, 12, white car, 678.66, 529.10, 707.10, 542.18, 692.88, 535.64, 678.66, 535.64, 707.10, 535.64, 28.44, 13.08
5.57, 5, white car, 0.00, 454.54, 20.53, 466.36, 10.26, 460.45, 0.00, 460.45, 20.53, 460.45, 20.53, 11.83
5.57, 20, white car, 769.88, 535.87, 798.42, 547.96, 784.15, 541.91, 769.88, 541.91, 798.42, 541.91, 28.53, 12.09
5.57, 12, white car, 675.69, 528.90, 704.12, 542.04, 689.90, 535.47, 675.69, 535.47, 704.12, 535.47, 28.42, 13.13
5.60, 5, white car, 0.00, 454.50, 20.62, 466.43, 10.31, 460.47, 0.00, 460.47, 20.62, 460.47, 20.62, 11.93
5.60, 20, white car, 767.42, 535.83, 796.09, 548.01, 781.75, 541.92, 767.42, 541.92, 796.09, 541.92, 28.67, 12.17
5.60, 12, white car, 674.01, 528.80, 701.91, 541.70, 687.96, 535.25, 674.01, 535.25, 701.91, 535.25, 27.89, 12.90
5.63, 5, white car, 0.00, 454.50, 20.64, 466.50, 10.32, 460.50, 0.00, 460.50, 20.64, 460.50, 20.64, 12.00
5.63, 20, white car, 765.26, 535.73, 793.96, 547.91, 779.61, 541.82, 765.26, 541.82, 793.96, 541.82, 28.69, 12.18
5.63, 12, white car, 672.08, 528.48, 699.37, 541.11, 685.72, 534.80, 672.08, 534.80, 699.37, 534.80, 27.30, 12.63
5.67, 5, white car, 0.00, 454.45, 20.75, 466.54, 10.37, 460.49, 0.00, 460.49, 20.75, 460.49, 20.75, 12.09
5.67, 20, white car, 762.72, 535.49, 791.62, 547.74, 777.17, 541.61, 762.72, 541.61, 791.62, 541.61, 28.90, 12.25
5.67, 12, white car, 669.35, 528.05, 696.76, 540.79, 683.05, 534.42, 669.35, 534.42, 696.76, 534.42, 27.41, 12.74
5.70, 5, white car, 0.00, 454.44, 20.73, 466.56, 10.36, 460.50, 0.00, 460.50, 20.73, 460.50, 20.73, 12.13
5.70, 20, white car, 760.38, 535.35, 789.36, 547.62, 774.87, 541.49, 760.38, 541.49, 789.36, 541.49, 28.97, 12.27
5.70, 12, white car, 667.52, 527.81, 694.97, 540.58, 681.24, 534.20, 667.52, 534.20, 694.97, 534.20, 27.45, 12.78
5.73, 5, white car, 0.00, 454.45, 20.83, 466.62, 10.42, 460.53, 0.00, 460.53, 20.83, 460.53, 20.83, 12.17
5.73, 20, white car, 757.67, 535.14, 787.22, 547.66, 772.45, 541.40, 757.67, 541.40, 787.22, 541.40, 29.55, 12.52
5.73, 12, white car, 665.56, 527.63, 692.99, 540.40, 679.27, 534.01, 665.56, 534.01, 692.99, 534.01, 27.43, 12.77
5.77, 5, white car, 0.00, 454.50, 20.83, 466.66, 10.42, 460.58, 0.00, 460.58, 20.83, 460.58, 20.83, 12.16
5.77, 20, white car, 755.54, 535.03, 785.09, 547.60, 770.31, 541.31, 755.54, 541.31, 785.09, 541.31, 29.55, 12.57
5.77, 12, white car, 663.25, 527.42, 690.23, 540.02, 676.74, 533.72, 663.25, 533.72, 690.23, 533.72, 26.97, 12.59
5.80, 5, white car, 0.00, 454.55, 20.75, 466.67, 10.37, 460.61, 0.00, 460.61, 20.75, 460.61, 20.75, 12.12
5.80, 12, white car, 661.12, 527.12, 688.03, 539.71, 674.57, 533.41, 661.12, 533.41, 688.03, 533.41, 26.91, 12.59
5.83, 5, white car, 0.00, 454.55, 20.88, 466.75, 10.44, 460.65, 0.00, 460.65, 20.88, 460.65, 20.88, 12.20
5.83, 12, white car, 659.05, 526.98, 685.75, 539.51, 672.40, 533.24, 659.05, 533.24, 685.75, 533.24, 26.70, 12.52
5.87, 5, white car, 0.00, 454.57, 20.86, 466.77, 10.43, 460.67, 0.00, 460.67, 20.86, 460.67, 20.86, 12.20
5.87, 12, white car, 657.08, 526.83, 683.66, 539.30, 670.37, 533.07, 657.08, 533.07, 683.66, 533.07, 26.59, 12.47
5.90, 5, white car, 0.00, 454.62, 20.75, 466.77, 10.37, 460.70, 0.00, 460.70, 20.75, 460.70, 20.75, 12.15
5.90, 12, white car, 655.01, 526.69, 681.36, 539.04, 668.18, 532.86, 655.01, 532.86, 681.36, 532.86, 26.35, 12.35
5.93, 5, white car, 0.00, 454.62, 20.86, 466.83, 10.43, 460.72, 0.00, 460.72, 20.86, 460.72, 20.86, 12.22
5.93, 12, white car, 652.72, 526.62, 678.81, 538.84, 665.76, 532.73, 652.72, 532.73, 678.81, 532.73, 26.09, 12.22
5.97, 5, white car, 0.00, 454.61, 20.66, 466.83, 10.33, 460.72, 0.00, 460.72, 20.66, 460.72, 20.66, 12.22
5.97, 12, white car, 650.52, 526.51, 676.46, 538.61, 663.49, 532.56, 650.52, 532.56, 676.46, 532.56, 25.95, 12.10
6.00, 5, white car, 0.00, 454.64, 20.47, 466.81, 10.24, 460.73, 0.00, 460.73, 20.47, 460.73, 20.47, 12.17
6.00, 12, white car, 648.44, 526.45, 674.38, 538.52, 661.41, 532.49, 648.44, 532.49, 674.38, 532.49, 25.94, 12.07
6.03, 5, white car, 0.00, 454.66, 20.37, 466.78, 10.18, 460.72, 0.00, 460.72, 20.37, 460.72, 20.37, 12.12
6.03, 12, white car, 646.00, 526.31, 671.99, 538.42, 659.00, 532.36, 646.00, 532.36, 671.99, 532.36, 25.99, 12.11
6.07, 5, white car, 0.00, 454.66, 20.51, 466.85, 10.26, 460.75, 0.00, 460.75, 20.51, 460.75, 20.51, 12.19
6.07, 12, white car, 643.63, 525.95, 670.11, 538.28, 656.87, 532.11, 643.63, 532.11, 670.11, 532.11, 26.48, 12.32
6.10, 5, white car, 0.00, 454.60, 20.70, 466.90, 10.35, 460.75, 0.00, 460.75, 20.70, 460.75, 20.70, 12.30
6.10, 12, white car, 641.86, 525.81, 668.43, 538.17, 655.15, 531.99, 641.86, 531.99, 668.43, 531.99, 26.57, 12.36
6.13, 5, white car, 0.00, 454.57, 20.82, 466.94, 10.41, 460.76, 0.00, 460.76, 20.82, 460.76, 20.82, 12.37
6.13, 12, white car, 639.59, 525.63, 666.48, 538.13, 653.03, 531.88, 639.59, 531.88, 666.48, 531.88, 26.88, 12.51
6.17, 5, white car, 0.00, 454.55, 20.80, 466.92, 10.40, 460.73, 0.00, 460.73, 20.80, 460.73, 20.80, 12.38
6.17, 12, white car, 637.39, 525.23, 664.36, 537.77, 650.88, 531.50, 637.39, 531.50, 664.36, 531.50, 26.97, 12.54
6.17, 20, white car, 728.47, 532.31, 757.69, 544.77, 743.08, 538.54, 728.47, 538.54, 757.69, 538.54, 29.22, 12.46
6.20, 5, white car, 0.00, 454.54, 20.71, 466.89, 10.36, 460.71, 0.00, 460.71, 20.71, 460.71, 20.71, 12.35
6.20, 12, white car, 635.22, 524.79, 662.18, 537.29, 648.70, 531.04, 635.22, 531.04, 662.18, 531.04, 26.96, 12.49
6.20, 20, white car, 726.67, 532.34, 755.61, 544.69, 741.14, 538.51, 726.67, 538.51, 755.61, 538.51, 28.94, 12.35
6.23, 5, white car, 0.00, 454.55, 20.65, 466.87, 10.32, 460.71, 0.00, 460.71, 20.65, 460.71, 20.65, 12.32
6.23, 20, white car, 724.48, 532.27, 753.22, 544.55, 738.85, 538.41, 724.48, 538.41, 753.22, 538.41, 28.74, 12.28
6.27, 5, white car, 0.00, 454.55, 20.60, 466.85, 10.30, 460.70, 0.00, 460.70, 20.60, 460.70, 20.60, 12.30
6.27, 20, white car, 721.90, 531.91, 750.74, 544.26, 736.32, 538.08, 721.90, 538.08, 750.74, 538.08, 28.84, 12.35
6.27, 12, white car, 630.36, 524.52, 657.34, 537.02, 643.85, 530.77, 630.36, 530.77, 657.34, 530.77, 26.98, 12.50
6.30, 5, white car, 0.00, 454.57, 20.42, 466.82, 10.21, 460.69, 0.00, 460.69, 20.42, 460.69, 20.42, 12.25
6.30, 20, white car, 719.65, 531.73, 748.25, 544.01, 733.95, 537.87, 719.65, 537.87, 748.25, 537.87, 28.60, 12.29
6.30, 12, white car, 628.49, 524.38, 655.27, 536.80, 641.88, 530.59, 628.49, 530.59, 655.27, 530.59, 26.78, 12.41
6.33, 5, white car, 0.00, 454.60, 20.19, 466.78, 10.10, 460.69, 0.00, 460.69, 20.19, 460.69, 20.19, 12.18
6.33, 20, white car, 717.12, 531.39, 746.04, 543.86, 731.58, 537.62, 717.12, 537.62, 746.04, 537.62, 28.91, 12.47
6.33, 12, white car, 626.19, 524.06, 653.19, 536.57, 639.69, 530.31, 626.19, 530.31, 653.19, 530.31, 27.00, 12.51
6.37, 5, white car, 0.00, 454.62, 20.10, 466.75, 10.05, 460.68, 0.00, 460.68, 20.10, 460.68, 20.10, 12.13
6.37, 20, white car, 714.79, 531.00, 744.16, 543.73, 729.48, 537.37, 714.79, 537.37, 744.16, 537.37, 29.37, 12.73
6.37, 12, white car, 624.12, 523.78, 651.17, 536.29, 637.64, 530.03, 624.12, 530.03, 651.17, 530.03, 27.05, 12.50
6.40, 5, white car, 0.00, 454.62, 19.98, 466.70, 9.99, 460.66, 0.00, 460.66, 19.98, 460.66, 19.98, 12.08
6.40, 20, white car, 712.37, 530.61, 742.23, 543.64, 727.30, 537.13, 712.37, 537.13, 742.23, 537.13, 29.86, 13.03
6.40, 12, white car, 621.68, 523.67, 649.35, 536.44, 635.51, 530.06, 621.68, 530.06, 649.35, 530.06, 27.67, 12.77
6.43, 5, white car, 0.00, 454.61, 20.02, 466.72, 10.01, 460.67, 0.00, 460.67, 20.02, 460.67, 20.02, 12.11
6.43, 20, white car, 709.66, 530.22, 739.62, 543.38, 724.64, 536.80, 709.66, 536.80, 739.62, 536.80, 29.96, 13.16
6.43, 12, white car, 619.35, 523.22, 646.71, 535.88, 633.03, 529.55, 619.35, 529.55, 646.71, 529.55, 27.37, 12.66
6.47, 5, white car, 0.00, 454.59, 20.03, 466.71, 10.01, 460.65, 0.00, 460.65, 20.03, 460.65, 20.03, 12.13
6.47, 20, white car, 707.60, 530.04, 737.30, 543.12, 722.45, 536.58, 707.60, 536.58, 737.30, 536.58, 29.70, 13.08
6.47, 12, white car, 617.17, 523.06, 644.10, 535.55, 630.64, 529.30, 617.17, 529.30, 644.10, 529.30, 26.93, 12.49
6.50, 5, white car, 0.00, 454.57, 20.00, 466.71, 10.00, 460.64, 0.00, 460.64, 20.00, 460.64, 20.00, 12.13
6.50, 20, white car, 705.39, 529.87, 735.02, 542.94, 720.20, 536.41, 705.39, 536.41, 735.02, 536.41, 29.63, 13.07
6.50, 12, white car, 615.14, 522.80, 642.13, 535.32, 628.64, 529.06, 615.14, 529.06, 642.13, 529.06, 26.99, 12.52
6.53, 5, white car, 0.00, 454.58, 19.85, 466.68, 9.92, 460.63, 0.00, 460.63, 19.85, 460.63, 19.85, 12.09
6.53, 20, white car, 703.37, 529.84, 732.62, 542.78, 718.00, 536.31, 703.37, 536.31, 732.62, 536.31, 29.25, 12.94
6.53, 12, white car, 613.10, 522.49, 640.10, 535.06, 626.60, 528.77, 613.10, 528.77, 640.10, 528.77, 26.99, 12.57
6.57, 5, white car, 0.00, 454.61, 19.57, 466.61, 9.79, 460.61, 0.00, 460.61, 19.57, 460.61, 19.57, 12.00
6.57, 20, white car, 701.44, 529.92, 730.48, 542.80, 715.96, 536.36, 701.44, 536.36, 730.48, 536.36, 29.04, 12.88
6.57, 12, white car, 611.13, 522.33, 637.99, 534.85, 624.56, 528.59, 611.13, 528.59, 637.99, 528.59, 26.87, 12.52
6.60, 5, white car, 0.00, 454.61, 19.61, 466.64, 9.81, 460.63, 0.00, 460.63, 19.61, 460.63, 19.61, 12.03
6.60, 20, white car, 699.50, 529.96, 728.44, 542.82, 713.97, 536.39, 699.50, 536.39, 728.44, 536.39, 28.94, 12.86
6.60, 12, white car, 609.16, 522.06, 636.14, 534.57, 622.65, 528.31, 609.16, 528.31, 636.14, 528.31, 26.98, 12.51
6.63, 5, white car, 0.00, 454.59, 19.66, 466.67, 9.83, 460.63, 0.00, 460.63, 19.66, 460.63, 19.66, 12.08
6.63, 20, white car, 697.15, 529.82, 726.02, 542.66, 711.59, 536.24, 697.15, 536.24, 726.02, 536.24, 28.87, 12.84
6.63, 12, white car, 606.80, 521.71, 634.05, 534.32, 620.43, 528.01, 606.80, 528.01, 634.05, 528.01, 27.25, 12.61
6.67, 5, white car, 0.00, 454.60, 19.76, 466.75, 9.88, 460.68, 0.00, 460.68, 19.76, 460.68, 19.76, 12.14
6.67, 20, white car, 694.89, 529.74, 723.62, 542.53, 709.26, 536.13, 694.89, 536.13, 723.62, 536.13, 28.73, 12.79
6.67, 12, white car, 604.58, 521.57, 631.63, 534.09, 618.11, 527.83, 604.58, 527.83, 631.63, 527.83, 27.05, 12.51
6.70, 5, white car, 0.00, 454.62, 19.74, 466.76, 9.87, 460.69, 0.00, 460.69, 19.74, 460.69, 19.74, 12.14
6.70, 20, white car, 692.73, 529.55, 721.43, 542.34, 707.08, 535.95, 692.73, 535.95, 721.43, 535.95, 28.70, 12.79
6.70, 12, white car, 602.40, 521.56, 629.00, 533.84, 615.70, 527.70, 602.40, 527.70, 629.00, 527.70, 26.60, 12.28
6.73, 5, white car, 0.00, 454.63, 19.67, 466.76, 9.83, 460.70, 0.00, 460.70, 19.67, 460.70, 19.67, 12.12
6.73, 20, white car, 690.69, 529.52, 718.88, 542.06, 704.78, 535.79, 690.69, 535.79, 718.88, 535.79, 28.19, 12.54
6.73, 12, white car, 599.96, 521.59, 626.33, 533.78, 613.14, 527.68, 599.96, 527.68, 626.33, 527.68, 26.37, 12.20
6.77, 5, white car, 0.00, 454.66, 19.55, 466.74, 9.78, 460.70, 0.00, 460.70, 19.55, 460.70, 19.55, 12.08
6.77, 20, white car, 688.78, 529.42, 716.76, 541.86, 702.77, 535.64, 688.78, 535.64, 716.76, 535.64, 27.97, 12.43
6.77, 12, white car, 597.74, 521.36, 624.42, 533.70, 611.08, 527.53, 597.74, 527.53, 624.42, 527.53, 26.68, 12.33
6.80, 5, white car, 0.00, 454.67, 19.59, 466.77, 9.80, 460.72, 0.00, 460.72, 19.59, 460.72, 19.59, 12.10
6.80, 20, white car, 686.54, 529.14, 715.02, 541.81, 700.78, 535.48, 686.54, 535.48, 715.02, 535.48, 28.47, 12.67
6.80, 12, white car, 595.39, 520.98, 622.27, 533.40, 608.83, 527.19, 595.39, 527.19, 622.27, 527.19, 26.88, 12.43
6.83, 5, white car, 0.00, 454.67, 19.65, 466.77, 9.83, 460.72, 0.00, 460.72, 19.65, 460.72, 19.65, 12.10
6.83, 20, white car, 684.30, 528.84, 712.90, 541.60, 698.60, 535.22, 684.30, 535.22, 712.90, 535.22, 28.61, 12.76
6.83, 12, white car, 592.98, 520.77, 620.04, 533.29, 606.51, 527.03, 592.98, 527.03, 620.04, 527.03, 27.06, 12.53
6.87, 5, white car, 0.00, 454.67, 19.74, 466.79, 9.87, 460.73, 0.00, 460.73, 19.74, 460.73, 19.74, 12.12
6.87, 20, white car, 681.80, 528.71, 710.40, 541.46, 696.10, 535.08, 681.80, 535.08, 710.40, 535.08, 28.60, 12.75
6.87, 12, white car, 590.67, 520.58, 617.67, 533.11, 604.17, 526.85, 590.67, 526.85, 617.67, 526.85, 27.00, 12.53
6.90, 5, white car, 0.00, 454.67, 19.71, 466.79, 9.86, 460.73, 0.00, 460.73, 19.71, 460.73, 19.71, 12.12
6.90, 20, white car, 679.73, 528.61, 708.30, 541.34, 694.02, 534.97, 679.73, 534.97, 708.30, 534.97, 28.57, 12.72
6.90, 12, white car, 588.78, 520.41, 615.51, 532.84, 602.15, 526.63, 588.78, 526.63, 615.51, 526.63, 26.73, 12.43
6.93, 5, white car, 0.05, 454.63, 19.84, 466.78, 9.94, 460.70, 0.05, 460.70, 19.84, 460.70, 19.79, 12.15
6.93, 20, white car, 677.80, 528.32, 705.81, 540.75, 691.80, 534.53, 677.80, 534.53, 705.81, 534.53, 28.01, 12.43
6.93, 12, white car, 586.79, 520.11, 613.56, 532.57, 600.17, 526.34, 586.79, 526.34, 613.56, 526.34, 26.77, 12.46
6.97, 5, white car, 0.00, 454.55, 19.95, 466.82, 9.97, 460.68, 0.00, 460.68, 19.95, 460.68, 19.95, 12.27
6.97, 20, white car, 675.83, 528.41, 703.30, 540.57, 689.56, 534.49, 675.83, 534.49, 703.30, 534.49, 27.47, 12.16
6.97, 12, white car, 585.05, 519.92, 611.41, 532.17, 598.23, 526.04, 585.05, 526.04, 611.41, 526.04, 26.36, 12.26
7.00, 5, white car, 0.00, 454.52, 19.98, 466.83, 9.99, 460.68, 0.00, 460.68, 19.98, 460.68, 19.98, 12.31
7.00, 20, white car, 673.66, 528.09, 701.64, 540.52, 687.65, 534.30, 673.66, 534.30, 701.64, 534.30, 27.99, 12.43
7.00, 12, white car, 582.94, 519.71, 609.43, 531.99, 596.18, 525.85, 582.94, 525.85, 609.43, 525.85, 26.49, 12.28
7.03, 5, white car, 0.00, 454.54, 19.92, 466.81, 9.96, 460.67, 0.00, 460.67, 19.92, 460.67, 19.92, 12.28
7.03, 20, white car, 671.43, 527.69, 699.72, 540.30, 685.58, 534.00, 671.43, 534.00, 699.72, 534.00, 28.28, 12.61
7.03, 12, white car, 580.90, 519.54, 607.38, 531.77, 594.14, 525.65, 580.90, 525.65, 607.38, 525.65, 26.48, 12.22
7.07, 5, white car, 0.00, 454.53, 19.86, 466.83, 9.93, 460.68, 0.00, 460.68, 19.86, 460.68, 19.86, 12.31
7.07, 20, white car, 669.33, 527.45, 697.48, 540.04, 683.40, 533.75, 669.33, 533.75, 697.48, 533.75, 28.15, 12.59
7.07, 12, white car, 578.56, 519.36, 604.81, 531.44, 591.69, 525.40, 578.56, 525.40, 604.81, 525.40, 26.25, 12.08
7.10, 5, white car, 0.00, 454.52, 19.97, 466.85, 9.98, 460.68, 0.00, 460.68, 19.97, 460.68, 19.97, 12.34
7.10, 20, white car, 666.97, 527.31, 695.19, 539.95, 681.08, 533.63, 666.97, 533.63, 695.19, 533.63, 28.22, 12.64
7.10, 12, white car, 576.41, 519.11, 602.91, 531.31, 589.66, 525.21, 576.41, 525.21, 602.91, 525.21, 26.51, 12.20
7.13, 5, white car, 0.01, 454.49, 20.11, 466.87, 10.06, 460.68, 0.01, 460.68, 20.11, 460.68, 20.10, 12.38
7.13, 20, white car, 665.01, 527.16, 692.93, 539.65, 678.97, 533.41, 665.01, 533.41, 692.93, 533.41, 27.92, 12.49
7.13, 12, white car, 574.44, 518.97, 601.06, 531.20, 587.75, 525.09, 574.44, 525.09, 601.06, 525.09, 26.62, 12.24
7.17, 5, white car, 0.00, 454.49, 20.07, 466.86, 10.04, 460.67, 0.00, 460.67, 20.07, 460.67, 20.07, 12.37
7.17, 20, white car, 662.90, 526.96, 690.66, 539.35, 676.78, 533.15, 662.90, 533.15, 690.66, 533.15, 27.76, 12.38
7.17, 12, white car, 572.30, 518.76, 598.77, 530.90, 585.53, 524.83, 572.30, 524.83, 598.77, 524.83, 26.47, 12.14
7.20, 5, white car, 0.06, 454.57, 20.10, 466.91, 10.08, 460.74, 0.06, 460.74, 20.10, 460.74, 20.04, 12.34
7.20, 20, white car, 661.01, 526.82, 688.49, 539.07, 674.75, 532.94, 661.01, 532.94, 688.49, 532.94, 27.48, 12.25
7.20, 12, white car, 570.30, 518.64, 596.81, 530.76, 583.55, 524.70, 570.30, 524.70, 596.81, 524.70, 26.51, 12.12
7.23, 5, white car, 0.06, 454.58, 20.08, 466.91, 10.07, 460.75, 0.06, 460.75, 20.08, 460.75, 20.02, 12.33
7.23, 20, white car, 658.94, 526.74, 686.30, 538.95, 672.62, 532.85, 658.94, 532.85, 686.30, 532.85, 27.36, 12.21
7.23, 12, white car, 567.92, 518.38, 594.43, 530.49, 581.18, 524.44, 567.92, 524.44, 594.43, 524.44, 26.51, 12.11
7.27, 5, white car, 0.08, 454.57, 20.14, 466.91, 10.11, 460.74, 0.08, 460.74, 20.14, 460.74, 20.06, 12.34
7.27, 20, white car, 656.90, 526.82, 684.02, 538.93, 670.46, 532.88, 656.90, 532.88, 684.02, 532.88, 27.13, 12.12
7.27, 12, white car, 565.52, 518.14, 591.90, 530.18, 578.71, 524.16, 565.52, 524.16, 591.90, 524.16, 26.38, 12.04
7.30, 5, white car, 0.10, 454.57, 20.18, 466.92, 10.14, 460.74, 0.10, 460.74, 20.18, 460.74, 20.08, 12.35
7.30, 20, white car, 654.55, 526.78, 681.67, 538.87, 668.11, 532.82, 654.55, 532.82, 681.67, 532.82, 27.12, 12.08
7.30, 12, white car, 563.46, 517.86, 590.06, 530.03, 576.76, 523.95, 563.46, 523.95, 590.06, 523.95, 26.61, 12.16
7.33, 5, white car, 0.07, 454.56, 20.14, 466.89, 10.10, 460.73, 0.07, 460.73, 20.14, 460.73, 20.07, 12.33
7.33, 20, white car, 652.52, 526.77, 679.60, 538.79, 666.06, 532.78, 652.52, 532.78, 679.60, 532.78, 27.08, 12.03
7.33, 12, white car, 561.14, 517.73, 587.63, 529.88, 574.38, 523.81, 561.14, 523.81, 587.63, 523.81, 26.49, 12.15
7.37, 5, white car, 0.05, 454.57, 20.09, 466.88, 10.07, 460.72, 0.05, 460.72, 20.09, 460.72, 20.04, 12.31
7.37, 20, white car, 650.20, 526.45, 677.23, 538.42, 663.71, 532.44, 650.20, 532.44, 677.23, 532.44, 27.03, 11.97
7.37, 12, white car, 558.82, 517.49, 585.63, 529.81, 572.23, 523.65, 558.82, 523.65, 585.63, 523.65, 26.81, 12.32
7.40, 5, white car, 0.01, 454.56, 20.06, 466.88, 10.04, 460.72, 0.01, 460.72, 20.06, 460.72, 20.05, 12.32
7.40, 20, white car, 648.00, 526.23, 675.21, 538.27, 661.60, 532.25, 648.00, 532.25, 675.21, 532.25, 27.21, 12.04
7.40, 12, white car, 556.46, 517.15, 583.63, 529.67, 570.04, 523.41, 556.46, 523.41, 583.63, 523.41, 27.17, 12.52
7.43, 5, white car, 0.00, 454.55, 19.97, 466.88, 9.99, 460.71, 0.00, 460.71, 19.97, 460.71, 19.97, 12.33
7.43, 20, white car, 645.65, 525.94, 673.23, 538.16, 659.44, 532.05, 645.65, 532.05, 673.23, 532.05, 27.58, 12.22
7.43, 12, white car, 554.35, 516.95, 581.44, 529.44, 567.90, 523.19, 554.35, 523.19, 581.44, 523.19, 27.09, 12.49
7.47, 5, white car, 0.00, 454.53, 19.90, 466.86, 9.95, 460.70, 0.00, 460.70, 19.90, 460.70, 19.90, 12.33
7.47, 20, white car, 643.10, 525.70, 671.14, 538.17, 657.12, 531.93, 643.10, 531.93, 671.14, 531.93, 28.04, 12.47
7.47, 12, white car, 552.13, 516.62, 579.19, 529.09, 565.66, 522.85, 552.13, 522.85, 579.19, 522.85, 27.06, 12.47
7.50, 5, white car, 0.00, 454.55, 19.87, 466.86, 9.94, 460.70, 0.00, 460.70, 19.87, 460.70, 19.87, 12.31
7.50, 20, white car, 641.10, 525.68, 668.86, 538.06, 654.98, 531.87, 641.10, 531.87, 668.86, 531.87, 27.76, 12.38
7.50, 12, white car, 550.28, 516.43, 577.25, 528.84, 563.77, 522.63, 550.28, 522.63, 577.25, 522.63, 26.96, 12.42
7.53, 5, white car, 0.00, 454.53, 19.89, 466.86, 9.95, 460.70, 0.00, 460.70, 19.89, 460.70, 19.89, 12.33
7.53, 20, white car, 638.92, 525.46, 666.68, 537.86, 652.80, 531.66, 638.92, 531.66, 666.68, 531.66, 27.76, 12.40
7.53, 12, white car, 548.32, 516.15, 575.20, 528.54, 561.76, 522.34, 548.32, 522.34, 575.20, 522.34, 26.88, 12.39
7.57, 5, white car, 0.00, 454.52, 19.86, 466.85, 9.93, 460.68, 0.00, 460.68, 19.86, 460.68, 19.86, 12.33
7.57, 20, white car, 637.11, 525.30, 664.81, 537.68, 650.96, 531.49, 637.11, 531.49, 664.81, 531.49, 27.70, 12.38
7.57, 12, white car, 545.87, 515.85, 572.71, 528.23, 559.29, 522.04, 545.87, 522.04, 572.71, 522.04, 26.84, 12.39
7.60, 5, white car, 0.00, 454.48, 20.00, 466.89, 10.00, 460.69, 0.00, 460.69, 20.00, 460.69, 20.00, 12.41
7.60, 20, white car, 634.96, 525.27, 662.48, 537.55, 648.72, 531.41, 634.96, 531.41, 662.48, 531.41, 27.53, 12.28
7.60, 12, white car, 543.47, 515.54, 570.38, 527.98, 556.93, 521.76, 543.47, 521.76, 570.38, 521.76, 26.91, 12.44
7.63, 5, white car, 0.00, 454.43, 20.08, 466.89, 10.04, 460.66, 0.00, 460.66, 20.08, 460.66, 20.08, 12.45
7.63, 20, white car, 632.47, 525.10, 660.06, 537.42, 646.27, 531.26, 632.47, 531.26, 660.06, 531.26, 27.59, 12.32
7.63, 12, white car, 541.21, 515.27, 568.32, 527.82, 554.77, 521.55, 541.21, 521.55, 568.32, 521.55, 27.11, 12.55
7.67, 5, white car, 0.00, 454.42, 20.11, 466.88, 10.06, 460.65, 0.00, 460.65, 20.11, 460.65, 20.11, 12.46
7.67, 20, white car, 630.00, 524.59, 658.23, 537.29, 644.11, 530.94, 630.00, 530.94, 658.23, 530.94, 28.24, 12.70
7.67, 12, white car, 539.32, 514.94, 566.43, 527.52, 552.88, 521.23, 539.32, 521.23, 566.43, 521.23, 27.12, 12.58
7.70, 5, white car, 0.00, 454.45, 19.96, 466.84, 9.98, 460.64, 0.00, 460.64, 19.96, 460.64, 19.96, 12.39
7.70, 20, white car, 628.00, 524.42, 656.22, 537.21, 642.11, 530.81, 628.00, 530.81, 656.22, 530.81, 28.23, 12.78
7.70, 12, white car, 536.94, 514.82, 563.87, 527.34, 550.41, 521.08, 536.94, 521.08, 563.87, 521.08, 26.94, 12.52
7.73, 5, white car, 0.00, 454.49, 19.74, 466.82, 9.87, 460.66, 0.00, 460.66, 19.74, 460.66, 19.74, 12.32
7.73, 20, white car, 625.36, 524.12, 654.02, 537.13, 639.69, 530.62, 625.36, 530.62, 654.02, 530.62, 28.66, 13.01
7.73, 12, white car, 534.46, 514.60, 561.49, 527.21, 547.98, 520.90, 534.46, 520.90, 561.49, 520.90, 27.04, 12.61
7.77, 5, white car, 0.00, 454.53, 19.71, 466.82, 9.86, 460.67, 0.00, 460.67, 19.71, 460.67, 19.71, 12.29
7.77, 20, white car, 623.37, 523.82, 651.85, 536.76, 637.61, 530.29, 623.37, 530.29, 651.85, 530.29, 28.48, 12.93
7.77, 12, white car, 532.45, 514.18, 559.33, 526.75, 545.89, 520.46, 532.45, 520.46, 559.33, 520.46, 26.88, 12.58
7.80, 5, white car, 0.00, 454.52, 19.73, 466.82, 9.87, 460.67, 0.00, 460.67, 19.73, 460.67, 19.73, 12.30
7.80, 20, white car, 621.47, 523.85, 649.50, 536.56, 635.49, 530.21, 621.47, 530.21, 649.50, 530.21, 28.04, 12.70
7.80, 12, white car, 530.11, 513.86, 557.08, 526.50, 543.59, 520.18, 530.11, 520.18, 557.08, 520.18, 26.97, 12.63
7.83, 5, white car, 0.00, 454.51, 19.72, 466.80, 9.86, 460.66, 0.00, 460.66, 19.72, 460.66, 19.72, 12.29
7.83, 20, white car, 619.72, 523.67, 646.74, 535.85, 633.23, 529.76, 619.72, 529.76, 646.74, 529.76, 27.02, 12.18
7.83, 12, white car, 527.98, 513.59, 554.59, 526.07, 541.29, 519.83, 527.98, 519.83, 554.59, 519.83, 26.62, 12.48
7.87, 5, white car, 0.08, 454.53, 19.87, 466.83, 9.97, 460.68, 0.08, 460.68, 19.87, 460.68, 19.79, 12.30
7.87, 20, white car, 617.60, 523.42, 644.62, 535.57, 631.11, 529.50, 617.60, 529.50, 644.62, 529.50, 27.02, 12.15
7.87, 12, white car, 526.01, 513.43, 552.07, 525.65, 539.04, 519.54, 526.01, 519.54, 552.07, 519.54, 26.06, 12.22
7.90, 5, white car, 0.09, 454.49, 19.92, 466.81, 10.01, 460.65, 0.09, 460.65, 19.92, 460.65, 19.83, 12.32
7.90, 20, white car, 615.55, 523.36, 642.62, 535.52, 629.08, 529.44, 615.55, 529.44, 642.62, 529.44, 27.07, 12.16
7.90, 12, white car, 523.56, 513.26, 549.64, 525.48, 536.60, 519.37, 523.56, 519.37, 549.64, 519.37, 26.08, 12.23
7.93, 5, white car, 0.00, 454.49, 19.85, 466.84, 9.92, 460.66, 0.00, 460.66, 19.85, 460.66, 19.85, 12.35
7.93, 20, white car, 613.23, 523.10, 640.71, 535.48, 626.97, 529.29, 613.23, 529.29, 640.71, 529.29, 27.48, 12.38
7.93, 12, white car, 521.53, 513.31, 547.39, 525.44, 534.46, 519.37, 521.53, 519.37, 547.39, 519.37, 25.86, 12.13
7.97, 5, white car, 0.05, 454.43, 20.04, 466.86, 10.05, 460.65, 0.05, 460.65, 20.04, 460.65, 19.99, 12.43
7.97, 20, white car, 610.89, 522.91, 638.66, 535.43, 624.78, 529.17, 610.89, 529.17, 638.66, 529.17, 27.76, 12.51
7.97, 12, white car, 518.88, 513.14, 544.94, 525.38, 531.91, 519.26, 518.88, 519.26, 544.94, 519.26, 26.06, 12.24
8.00, 5, white car, 0.03, 454.42, 20.04, 466.86, 10.03, 460.64, 0.03, 460.64, 20.04, 460.64, 20.01, 12.44
8.00, 20, white car, 608.66, 522.64, 636.61, 535.24, 622.64, 528.94, 608.66, 528.94, 636.61, 528.94, 27.95, 12.60
8.00, 12, white car, 516.40, 512.88, 542.60, 525.18, 529.50, 519.03, 516.40, 519.03, 542.60, 519.03, 26.20, 12.30
8.03, 5, white car, 0.01, 454.45, 19.97, 466.86, 9.99, 460.65, 0.01, 460.65, 19.97, 460.65, 19.96, 12.41
8.03, 20, white car, 606.41, 522.28, 634.97, 535.19, 620.69, 528.74, 606.41, 528.74, 634.97, 528.74, 28.56, 12.91
8.03, 12, white car, 514.60, 512.63, 540.77, 524.94, 527.69, 518.79, 514.60, 518.79, 540.77, 518.79, 26.17, 12.32
8.07, 5, white car, 0.00, 454.44, 19.93, 466.85, 9.97, 460.65, 0.00, 460.65, 19.93, 460.65, 19.93, 12.40
8.07, 20, white car, 604.08, 521.95, 632.65, 534.89, 618.37, 528.42, 604.08, 528.42, 632.65, 528.42, 28.57, 12.94
8.07, 12, white car, 512.45, 512.47, 538.57, 524.75, 525.51, 518.61, 512.45, 518.61, 538.57, 518.61, 26.12, 12.28
8.10, 5, white car, 0.00, 454.44, 19.90, 466.83, 9.95, 460.63, 0.00, 460.63, 19.90, 460.63, 19.90, 12.39
8.10, 20, white car, 602.07, 521.77, 630.37, 534.61, 616.22, 528.19, 602.07, 528.19, 630.37, 528.19, 28.30, 12.84
8.10, 12, white car, 510.39, 512.33, 536.22, 524.46, 523.30, 518.39, 510.39, 518.39, 536.22, 518.39, 25.84, 12.13
8.13, 5, white car, 0.00, 454.48, 19.74, 466.82, 9.87, 460.65, 0.00, 460.65, 19.74, 460.65, 19.74, 12.33
8.13, 20, white car, 600.08, 521.62, 628.02, 534.35, 614.05, 527.98, 600.08, 527.98, 628.02, 527.98, 27.94, 12.73
8.13, 12, white car, 508.38, 512.11, 533.94, 524.08, 521.16, 518.10, 508.38, 518.10, 533.94, 518.10, 25.57, 11.97
8.17, 5, white car, 0.00, 454.51, 19.50, 466.77, 9.75, 460.64, 0.00, 460.64, 19.50, 460.64, 19.50, 12.26
8.17, 20, white car, 598.21, 521.67, 625.78, 534.26, 611.99, 527.96, 598.21, 527.96, 625.78, 527.96, 27.57, 12.59
8.17, 12, white car, 506.05, 512.02, 531.57, 523.93, 518.81, 517.98, 506.05, 517.98, 531.57, 517.98, 25.52, 11.92
8.20, 5, white car, 0.00, 454.53, 19.59, 466.80, 9.80, 460.66, 0.00, 460.66, 19.59, 460.66, 19.59, 12.27
8.20, 20, white car, 596.13, 521.69, 623.53, 534.20, 609.83, 527.95, 596.13, 527.95, 623.53, 527.95, 27.40, 12.50
8.20, 12, white car, 503.66, 511.87, 529.35, 523.83, 516.51, 517.85, 503.66, 517.85, 529.35, 517.85, 25.70, 11.96
8.23, 5, white car, 0.00, 454.52, 19.71, 466.83, 9.85, 460.67, 0.00, 460.67, 19.71, 460.67, 19.71, 12.31
8.23, 20, white car, 593.91, 521.56, 621.08, 533.87, 607.49, 527.71, 593.91, 527.71, 621.08, 527.71, 27.18, 12.32
8.23, 12, white car, 501.66, 511.65, 527.56, 523.68, 514.61, 517.66, 501.66, 517.66, 527.56, 517.66, 25.90, 12.03
8.27, 5, white car, 0.18, 454.51, 20.11, 466.92, 10.14, 460.72, 0.18, 460.72, 20.11, 460.72, 19.93, 12.41
8.27, 20, white car, 591.55, 521.46, 618.74, 533.72, 605.15, 527.59, 591.55, 527.59, 618.74, 527.59, 27.19, 12.26
8.27, 12, white car, 499.31, 511.40, 525.50, 523.53, 512.41, 517.47, 499.31, 517.47, 525.50, 517.47, 26.19, 12.13
8.30, 5, white car, 0.23, 454.53, 20.21, 466.95, 10.22, 460.74, 0.23, 460.74, 20.21, 460.74, 19.99, 12.42
8.30, 20, white car, 589.40, 521.19, 616.93, 533.57, 603.17, 527.38, 589.40, 527.38, 616.93, 527.38, 27.53, 12.37
8.30, 12, white car, 496.86, 510.99, 523.22, 523.17, 510.04, 517.08, 496.86, 517.08, 523.22, 517.08, 26.36, 12.17
8.33, 5, white car, 0.43, 454.58, 20.53, 467.01, 10.48, 460.79, 0.43, 460.79, 20.53, 460.79, 20.10, 12.44
8.33, 20, white car, 587.26, 520.82, 615.28, 533.40, 601.27, 527.11, 587.26, 527.11, 615.28, 527.11, 28.02, 12.58
8.33, 12, white car, 494.39, 510.57, 520.88, 522.77, 507.63, 516.67, 494.39, 516.67, 520.88, 516.67, 26.49, 12.21
8.37, 5, white car, 0.48, 454.59, 20.68, 467.03, 10.58, 460.81, 0.48, 460.81, 20.68, 460.81, 20.20, 12.44
8.37, 20, white car, 585.48, 520.54, 613.45, 533.11, 599.47, 526.83, 585.48, 526.83, 613.45, 526.83, 27.97, 12.57
8.37, 12, white car, 491.76, 510.04, 518.65, 522.45, 505.20, 516.24, 491.76, 516.24, 518.65, 516.24, 26.89, 12.41
8.40, 5, white car, 0.47, 454.64, 20.64, 467.02, 10.56, 460.83, 0.47, 460.83, 20.64, 460.83, 20.17, 12.38
8.40, 20, white car, 583.53, 520.21, 611.77, 532.92, 597.65, 526.56, 583.53, 526.56, 611.77, 526.56, 28.24, 12.71
8.40, 12, white car, 489.34, 509.82, 516.51, 522.36, 502.92, 516.09, 489.34, 516.09, 516.51, 516.09, 27.16, 12.54
8.43, 5, white car, 0.32, 454.71, 20.43, 467.04, 10.38, 460.87, 0.32, 460.87, 20.43, 460.87, 20.12, 12.33
8.43, 20, white car, 581.56, 520.08, 609.46, 532.66, 595.51, 526.37, 581.56, 526.37, 609.46, 526.37, 27.90, 12.59
8.43, 12, white car, 487.26, 509.69, 514.67, 522.37, 500.97, 516.03, 487.26, 516.03, 514.67, 516.03, 27.41, 12.68
8.47, 5, white car, 0.18, 454.72, 20.27, 467.03, 10.23, 460.88, 0.18, 460.88, 20.27, 460.88, 20.09, 12.32
8.47, 12, white car, 484.76, 509.28, 512.62, 522.20, 498.69, 515.74, 484.76, 515.74, 512.62, 515.74, 27.85, 12.92
8.50, 5, white car, 0.00, 454.72, 19.98, 466.99, 9.99, 460.85, 0.00, 460.85, 19.98, 460.85, 19.98, 12.27
8.50, 12, white car, 482.77, 509.20, 510.28, 521.95, 496.52, 515.57, 482.77, 515.57, 510.28, 515.57, 27.51, 12.75
8.50, 20, white car, 576.52, 519.59, 604.99, 532.49, 590.75, 526.04, 576.52, 526.04, 604.99, 526.04, 28.47, 12.90
8.53, 5, white car, 0.00, 454.77, 19.50, 466.92, 9.75, 460.85, 0.00, 460.85, 19.50, 460.85, 19.50, 12.14
8.53, 12, white car, 480.65, 509.16, 508.00, 521.81, 494.33, 515.48, 480.65, 515.48, 508.00, 515.48, 27.35, 12.65
8.53, 20, white car, 574.02, 519.35, 602.69, 532.36, 588.35, 525.86, 574.02, 525.86, 602.69, 525.86, 28.67, 13.01
8.57, 5, white car, 0.00, 454.83, 19.01, 466.91, 9.51, 460.87, 0.00, 460.87, 19.01, 460.87, 19.01, 12.08
8.57, 12, white car, 477.85, 508.66, 505.39, 521.46, 491.62, 515.06, 477.85, 515.06, 505.39, 515.06, 27.55, 12.79
8.57, 20, white car, 571.71, 519.13, 600.40, 532.16, 586.06, 525.64, 571.71, 525.64, 600.40, 525.64, 28.69, 13.02
8.60, 5, white car, 0.00, 454.88, 18.51, 466.88, 9.26, 460.88, 0.00, 460.88, 18.51, 460.88, 18.51, 11.99
8.60, 12, white car, 475.53, 508.32, 502.96, 521.07, 489.24, 514.70, 475.53, 514.70, 502.96, 514.70, 27.42, 12.76
8.60, 20, white car, 570.02, 519.03, 598.44, 531.93, 584.23, 525.48, 570.02, 525.48, 598.44, 525.48, 28.42, 12.89
8.63, 5, white car, 0.00, 454.92, 18.08, 466.85, 9.04, 460.88, 0.00, 460.88, 18.08, 460.88, 18.08, 11.93
8.63, 12, white car, 473.18, 508.03, 501.18, 521.09, 487.18, 514.56, 473.18, 514.56, 501.18, 514.56, 28.00, 13.06
8.63, 20, white car, 568.26, 518.93, 596.19, 531.57, 582.23, 525.25, 568.26, 525.25, 596.19, 525.25, 27.92, 12.63
8.67, 5, white car, 0.00, 454.95, 17.85, 466.92, 8.92, 460.93, 0.00, 460.93, 17.85, 460.93, 17.85, 11.97
8.67, 12, white car, 470.66, 507.77, 498.71, 520.91, 484.69, 514.34, 470.66, 514.34, 498.71, 514.34, 28.06, 13.14
8.67, 20, white car, 566.13, 518.78, 593.85, 531.32, 579.99, 525.05, 566.13, 525.05, 593.85, 525.05, 27.73, 12.54
8.70, 5, white car, 0.00, 454.96, 17.74, 467.01, 8.87, 460.98, 0.00, 460.98, 17.74, 460.98, 17.74, 12.05
8.70, 12, white car, 468.54, 507.36, 496.28, 520.34, 482.41, 513.85, 468.54, 513.85, 496.28, 513.85, 27.74, 12.99
8.70, 20, white car, 563.85, 518.72, 591.62, 531.27, 577.74, 525.00, 563.85, 525.00, 591.62, 525.00, 27.76, 12.54
8.73, 5, white car, 0.00, 455.01, 17.50, 467.05, 8.75, 461.03, 0.00, 461.03, 17.50, 461.03, 17.50, 12.04
8.73, 12, white car, 466.09, 507.06, 493.89, 520.10, 479.99, 513.58, 466.09, 513.58, 493.89, 513.58, 27.80, 13.03
8.73, 20, white car, 561.83, 518.68, 589.33, 531.07, 575.58, 524.87, 561.83, 524.87, 589.33, 524.87, 27.50, 12.39
8.77, 5, white car, 0.00, 455.04, 17.33, 467.10, 8.66, 461.07, 0.00, 461.07, 17.33, 461.07, 17.33, 12.06
8.77, 12, white car, 463.62, 506.84, 491.47, 519.92, 477.55, 513.38, 463.62, 513.38, 491.47, 513.38, 27.85, 13.08
8.77, 20, white car, 559.87, 518.65, 587.20, 530.94, 573.54, 524.79, 559.87, 524.79, 587.20, 524.79, 27.33, 12.29
8.80, 5, white car, 0.00, 455.09, 17.07, 467.13, 8.54, 461.11, 0.00, 461.11, 17.07, 461.11, 17.07, 12.04
8.80, 12, white car, 461.51, 506.69, 489.23, 519.73, 475.37, 513.21, 461.51, 513.21, 489.23, 513.21, 27.72, 13.03
8.80, 20, white car, 557.70, 518.61, 585.07, 530.89, 571.38, 524.75, 557.70, 524.75, 585.07, 524.75, 27.37, 12.28
8.83, 5, white car, 0.00, 455.14, 16.82, 467.19, 8.41, 461.16, 0.00, 461.16, 16.82, 461.16, 16.82, 12.06
8.83, 12, white car, 459.40, 506.66, 487.09, 519.72, 473.24, 513.19, 459.40, 513.19, 487.09, 513.19, 27.70, 13.06
8.83, 20, white car, 555.68, 518.49, 582.89, 530.64, 569.29, 524.56, 555.68, 524.56, 582.89, 524.56, 27.20, 12.15
8.87, 5, white car, 0.00, 455.19, 16.56, 467.25, 8.28, 461.22, 0.00, 461.22, 16.56, 461.22, 16.56, 12.06
8.87, 12, white car, 456.92, 506.56, 484.54, 519.63, 470.73, 513.10, 456.92, 513.10, 484.54, 513.10, 27.62, 13.07
8.87, 20, white car, 553.53, 518.29, 580.53, 530.31, 567.03, 524.30, 553.53, 524.30, 580.53, 524.30, 27.00, 12.02
8.90, 5, white car, 0.00, 455.22, 16.23, 467.28, 8.11, 461.25, 0.00, 461.25, 16.23, 461.25, 16.23, 12.06
8.90, 12, white car, 454.56, 506.30, 482.38, 519.51, 468.47, 512.90, 454.56, 512.90, 482.38, 512.90, 27.82, 13.21
8.90, 20, white car, 550.98, 517.93, 578.35, 530.13, 564.66, 524.03, 550.98, 524.03, 578.35, 524.03, 27.37, 12.20
8.93, 5, white car, 0.00, 455.19, 15.82, 467.23, 7.91, 461.21, 0.00, 461.21, 15.82, 461.21, 15.82, 12.04
8.93, 12, white car, 452.00, 505.92, 480.26, 519.40, 466.13, 512.66, 452.00, 512.66, 480.26, 512.66, 28.25, 13.48
8.93, 20, white car, 548.86, 517.64, 576.67, 530.06, 562.76, 523.85, 548.86, 523.85, 576.67, 523.85, 27.81, 12.42
8.97, 5, white car, 0.00, 455.08, 15.36, 467.18, 7.68, 461.13, 0.00, 461.13, 15.36, 461.13, 15.36, 12.10
8.97, 20, white car, 547.03, 517.41, 574.84, 529.89, 560.94, 523.65, 547.03, 523.65, 574.84, 523.65, 27.81, 12.48
9.00, 5, white car, 0.00, 455.03, 15.08, 467.19, 7.54, 461.11, 0.00, 461.11, 15.08, 461.11, 15.08, 12.16
9.00, 20, white car, 545.05, 517.32, 572.68, 529.74, 558.87, 523.53, 545.05, 523.53, 572.68, 523.53, 27.63, 12.42
9.03, 5, white car, 0.00, 455.04, 14.88, 467.25, 7.44, 461.14, 0.00, 461.14, 14.88, 461.14, 14.88, 12.21
9.03, 20, white car, 542.92, 517.15, 570.56, 529.58, 556.74, 523.36, 542.92, 523.36, 570.56, 523.36, 27.65, 12.44
9.07, 5, white car, 0.00, 455.09, 14.54, 467.24, 7.27, 461.16, 0.00, 461.16, 14.54, 461.16, 14.54, 12.15
9.07, 20, white car, 540.86, 516.76, 568.17, 529.05, 554.51, 522.90, 540.86, 522.90, 568.17, 522.90, 27.31, 12.29
9.10, 5, white car, 0.00, 455.08, 14.23, 467.16, 7.11, 461.12, 0.00, 461.12, 14.23, 461.12, 14.23, 12.07
9.10, 20, white car, 539.26, 516.44, 566.38, 528.65, 552.82, 522.55, 539.26, 522.55, 566.38, 522.55, 27.11, 12.22
9.13, 5, white car, 0.00, 455.08, 13.82, 467.05, 6.91, 461.06, 0.00, 461.06, 13.82, 461.06, 13.82, 11.96
9.13, 20, white car, 537.48, 516.17, 564.40, 528.29, 550.94, 522.23, 537.48, 522.23, 564.40, 522.23, 26.92, 12.13
9.17, 5, white car, 0.00, 455.11, 13.46, 466.95, 6.73, 461.03, 0.00, 461.03, 13.46, 461.03, 13.46, 11.84
9.17, 20, white car, 534.93, 515.76, 562.35, 528.16, 548.64, 521.96, 534.93, 521.96, 562.35, 521.96, 27.42, 12.39
9.17, 12, white car, 435.87, 504.10, 464.50, 517.78, 450.18, 510.94, 435.87, 510.94, 464.50, 510.94, 28.63, 13.68
9.20, 5, white car, 0.00, 455.12, 13.27, 467.00, 6.64, 461.06, 0.00, 461.06, 13.27, 461.06, 13.27, 11.88
9.20, 20, white car, 532.94, 515.69, 560.27, 528.12, 546.60, 521.91, 532.94, 521.91, 560.27, 521.91, 27.34, 12.42
9.20, 12, white car, 433.67, 504.06, 461.90, 517.61, 447.79, 510.83, 433.67, 510.83, 461.90, 510.83, 28.23, 13.55
9.23, 5, white car, 0.00, 455.12, 12.99, 467.04, 6.50, 461.08, 0.00, 461.08, 12.99, 461.08, 12.99, 11.91
9.23, 20, white car, 531.19, 515.46, 558.24, 527.80, 544.71, 521.63, 531.19, 521.63, 558.24, 521.63, 27.05, 12.35
9.23, 12, white car, 431.34, 503.96, 459.44, 517.48, 445.39, 510.72, 431.34, 510.72, 459.44, 510.72, 28.10, 13.52
9.27, 5, white car, 0.00, 455.12, 12.62, 466.97, 6.31, 461.04, 0.00, 461.04, 12.62, 461.04, 12.62, 11.85
9.27, 20, white car, 528.87, 515.17, 555.80, 527.51, 542.34, 521.34, 528.87, 521.34, 555.80, 521.34, 26.93, 12.34
9.27, 12, white car, 429.34, 503.84, 457.08, 517.16, 443.21, 510.50, 429.34, 510.50, 457.08, 510.50, 27.73, 13.32
9.30, 5, white car, 0.00, 455.10, 12.29, 466.86, 6.15, 460.98, 0.00, 460.98, 12.29, 460.98, 12.29, 11.76
9.30, 20, white car, 526.66, 514.87, 553.40, 527.16, 540.03, 521.01, 526.66, 521.01, 553.40, 521.01, 26.74, 12.29
9.30, 12, white car, 426.81, 503.65, 454.14, 516.74, 440.47, 510.19, 426.81, 510.19, 454.14, 510.19, 27.33, 13.08
9.33, 5, white car, 0.00, 454.97, 11.93, 466.77, 5.96, 460.87, 0.00, 460.87, 11.93, 460.87, 11.93, 11.80
9.33, 20, white car, 524.50, 514.62, 551.11, 526.86, 537.81, 520.74, 524.50, 520.74, 551.11, 520.74, 26.61, 12.24
9.33, 12, white car, 424.54, 503.39, 451.83, 516.39, 438.18, 509.89, 424.54, 509.89, 451.83, 509.89, 27.29, 13.00
9.37, 5, white car, 0.00, 454.97, 11.66, 466.78, 5.83, 460.87, 0.00, 460.87, 11.66, 460.87, 11.66, 11.82
9.37, 20, white car, 522.29, 514.47, 548.78, 526.61, 535.54, 520.54, 522.29, 520.54, 548.78, 520.54, 26.48, 12.14
9.37, 12, white car, 422.33, 503.25, 449.33, 516.06, 435.83, 509.65, 422.33, 509.65, 449.33, 509.65, 27.00, 12.81
9.40, 5, white car, 0.00, 454.99, 11.31, 466.74, 5.66, 460.86, 0.00, 460.86, 11.31, 460.86, 11.31, 11.75
9.40, 20, white car, 520.23, 514.35, 546.73, 526.44, 533.48, 520.40, 520.23, 520.40, 546.73, 520.40, 26.50, 12.09
9.40, 12, white car, 419.98, 503.11, 446.66, 515.75, 433.32, 509.43, 419.98, 509.43, 446.66, 509.43, 26.67, 12.64
9.43, 5, white car, 0.00, 455.05, 11.09, 466.71, 5.54, 460.88, 0.00, 460.88, 11.09, 460.88, 11.09, 11.66
9.43, 20, white car, 518.48, 514.17, 545.12, 526.27, 531.80, 520.22, 518.48, 520.22, 545.12, 520.22, 26.64, 12.10
9.43, 12, white car, 417.75, 503.06, 444.39, 515.67, 431.07, 509.36, 417.75, 509.36, 444.39, 509.36, 26.64, 12.61
9.47, 5, white car, 0.00, 455.00, 10.87, 466.68, 5.43, 460.84, 0.00, 460.84, 10.87, 460.84, 10.87, 11.68
9.47, 20, white car, 516.37, 513.82, 543.10, 525.91, 529.74, 519.87, 516.37, 519.87, 543.10, 519.87, 26.73, 12.09
9.47, 12, white car, 415.42, 502.74, 442.20, 515.42, 428.81, 509.08, 415.42, 509.08, 442.20, 509.08, 26.78, 12.68
9.50, 5, white car, 0.00, 455.08, 10.55, 466.79, 5.28, 460.94, 0.00, 460.94, 10.55, 460.94, 10.55, 11.72
9.50, 20, white car, 514.19, 513.39, 540.88, 525.48, 527.53, 519.44, 514.19, 519.44, 540.88, 519.44, 26.69, 12.10
9.50, 12, white car, 413.08, 502.63, 439.73, 515.23, 426.40, 508.93, 413.08, 508.93, 439.73, 508.93, 26.64, 12.59
9.53, 5, white car, 0.00, 455.16, 10.27, 466.92, 5.13, 461.04, 0.00, 461.04, 10.27, 461.04, 10.27, 11.76
9.53, 20, white car, 511.73, 513.11, 538.60, 525.29, 525.17, 519.20, 511.73, 519.20, 538.60, 519.20, 26.87, 12.18
9.53, 12, white car, 410.60, 502.32, 437.37, 514.93, 423.99, 508.63, 410.60, 508.63, 437.37, 508.63, 26.78, 12.61
9.57, 5, white car, 0.00, 455.06, 10.03, 466.92, 5.02, 460.99, 0.00, 460.99, 10.03, 460.99, 10.03, 11.86
9.57, 20, white car, 509.69, 512.83, 536.41, 524.93, 523.05, 518.88, 509.69, 518.88, 536.41, 518.88, 26.72, 12.09
9.57, 12, white car, 408.12, 501.94, 435.07, 514.60, 421.59, 508.27, 408.12, 508.27, 435.07, 508.27, 26.95, 12.66
9.60, 20, white car, 507.72, 512.79, 534.28, 524.76, 521.00, 518.78, 507.72, 518.78, 534.28, 518.78, 26.56, 11.98
9.60, 12, white car, 405.49, 501.42, 432.60, 514.16, 419.04, 507.79, 405.49, 507.79, 432.60, 507.79, 27.11, 12.74
9.63, 20, white car, 505.16, 512.41, 532.46, 524.71, 518.81, 518.56, 505.16, 518.56, 532.46, 518.56, 27.30, 12.30
9.63, 12, white car, 402.69, 500.85, 430.18, 513.79, 416.44, 507.32, 402.69, 507.32, 430.18, 507.32, 27.48, 12.94
9.67, 20, white car, 502.81, 512.36, 530.25, 524.76, 516.53, 518.56, 502.81, 518.56, 530.25, 518.56, 27.44, 12.40
9.67, 12, white car, 400.00, 500.60, 427.57, 513.60, 413.79, 507.10, 400.00, 507.10, 427.57, 507.10, 27.57, 13.00
9.70, 20, white car, 500.90, 512.19, 528.34, 524.63, 514.62, 518.41, 500.90, 518.41, 528.34, 518.41, 27.44, 12.44
9.70, 12, white car, 397.81, 500.27, 425.19, 513.16, 411.50, 506.71, 397.81, 506.71, 425.19, 506.71, 27.38, 12.89
9.73, 20, white car, 498.40, 512.02, 526.05, 524.59, 512.23, 518.30, 498.40, 518.30, 526.05, 518.30, 27.65, 12.57
9.73, 12, white car, 395.58, 500.12, 423.08, 513.05, 409.33, 506.59, 395.58, 506.59, 423.08, 506.59, 27.51, 12.93
9.77, 20, white car, 495.99, 511.70, 523.94, 524.45, 509.97, 518.08, 495.99, 518.08, 523.94, 518.08, 27.96, 12.75
9.77, 12, white car, 393.21, 499.99, 420.47, 512.76, 406.84, 506.38, 393.21, 506.38, 420.47, 506.38, 27.27, 12.78
9.80, 20, white car, 493.76, 511.42, 521.92, 524.29, 507.84, 517.86, 493.76, 517.86, 521.92, 517.86, 28.16, 12.88
9.80, 12, white car, 390.74, 499.86, 418.06, 512.69, 404.40, 506.28, 390.74, 506.28, 418.06, 506.28, 27.32, 12.83
9.83, 20, white car, 491.78, 511.17, 519.41, 523.79, 505.60, 517.48, 491.78, 517.48, 519.41, 517.48, 27.62, 12.63
9.83, 12, white car, 388.09, 499.53, 415.31, 512.35, 401.70, 505.94, 388.09, 505.94, 415.31, 505.94, 27.22, 12.81
9.87, 20, white car, 489.77, 510.91, 517.35, 523.53, 503.56, 517.22, 489.77, 517.22, 517.35, 517.22, 27.58, 12.62
9.87, 12, white car, 385.33, 499.12, 412.78, 512.04, 399.05, 505.58, 385.33, 505.58, 412.78, 505.58, 27.45, 12.92
9.90, 20, white car, 487.89, 510.96, 514.99, 523.35, 501.44, 517.15, 487.89, 517.15, 514.99, 517.15, 27.10, 12.39
9.90, 12, white car, 382.92, 498.89, 410.40, 511.80, 396.66, 505.35, 382.92, 505.35, 410.40, 505.35, 27.48, 12.92
9.93, 20, white car, 485.83, 510.72, 513.21, 523.21, 499.52, 516.96, 485.83, 516.96, 513.21, 516.96, 27.37, 12.49
9.93, 12, white car, 380.52, 498.65, 408.04, 511.56, 394.28, 505.11, 380.52, 505.11, 408.04, 505.11, 27.52, 12.91
9.97, 20, white car, 483.28, 510.30, 510.96, 522.93, 497.12, 516.61, 483.28, 516.61, 510.96, 516.61, 27.68, 12.64
9.97, 12, white car, 378.02, 498.51, 405.62, 511.45, 391.82, 504.98, 378.02, 504.98, 405.62, 504.98, 27.60, 12.94
