0.00, 26, white car, 585.85, 520.80, 613.59, 533.43, 599.72, 527.11, 585.85, 527.11, 613.59, 527.11, 27.74, 12.63
0.00, 36, white car, 300.97, 489.98, 327.67, 503.25, 314.32, 496.62, 300.97, 496.62, 327.67, 496.62, 26.70, 13.27
0.03, 26, white car, 583.65, 520.54, 611.31, 533.14, 597.48, 526.84, 583.65, 526.84, 611.31, 526.84, 27.66, 12.60
0.03, 36, white car, 299.19, 489.48, 327.80, 503.71, 313.49, 496.59, 299.19, 496.59, 327.80, 496.59, 28.61, 14.23
0.07, 26, white car, 581.84, 520.34, 609.43, 532.91, 595.63, 526.62, 581.84, 526.62, 609.43, 526.62, 27.60, 12.57
0.07, 36, white car, 298.04, 489.18, 326.79, 503.50, 312.42, 496.34, 298.04, 496.34, 326.79, 496.34, 28.75, 14.31
0.10, 36, white car, 296.59, 488.95, 325.00, 503.10, 310.80, 496.03, 296.59, 496.03, 325.00, 496.03, 28.41, 14.15
0.13, 36, white car, 295.29, 488.73, 323.30, 502.68, 309.29, 495.70, 295.29, 495.70, 323.30, 495.70, 28.01, 13.95
0.13, 26, white car, 577.42, 519.66, 604.58, 532.02, 591.00, 525.84, 577.42, 525.84, 604.58, 525.84, 27.17, 12.36
0.17, 36, white car, 293.70, 488.46, 321.53, 502.31, 307.61, 495.39, 293.70, 495.39, 321.53, 495.39, 27.82, 13.85
0.17, 26, white car, 575.33, 519.56, 602.15, 531.74, 588.74, 525.65, 575.33, 525.65, 602.15, 525.65, 26.82, 12.18
0.20, 36, white car, 292.74, 488.57, 320.13, 502.19, 306.43, 495.38, 292.74, 495.38, 320.13, 495.38, 27.39, 13.62
0.20, 26, white car, 573.20, 519.58, 599.84, 531.65, 586.52, 525.62, 573.20, 525.62, 599.84, 525.62, 26.64, 12.07
0.23, 36, white car, 291.03, 488.57, 317.82, 501.88, 304.42, 495.22, 291.03, 495.22, 317.82, 495.22, 26.79, 13.31
0.23, 26, white car, 571.12, 519.44, 597.71, 531.45, 584.41, 525.45, 571.12, 525.45, 597.71, 525.45, 26.59, 12.01
0.27, 36, white car, 289.00, 488.43, 315.74, 501.70, 302.37, 495.07, 289.00, 495.07, 315.74, 495.07, 26.74, 13.27
0.27, 26, white car, 568.59, 519.24, 595.63, 531.43, 582.11, 525.33, 568.59, 525.33, 595.63, 525.33, 27.04, 12.18
0.30, 36, white car, 287.10, 488.37, 313.40, 501.40, 300.25, 494.88, 287.10, 494.88, 313.40, 494.88, 26.30, 13.03
0.30, 26, white car, 566.32, 519.05, 593.72, 531.38, 580.02, 525.21, 566.32, 525.21, 593.72, 525.21, 27.41, 12.33
0.33, 36, white car, 285.70, 488.22, 311.84, 501.14, 298.77, 494.68, 285.70, 494.68, 311.84, 494.68, 26.14, 12.92
0.33, 26, white car, 564.33, 518.79, 591.93, 531.20, 578.13, 524.99, 564.33, 524.99, 591.93, 524.99, 27.60, 12.41
0.37, 36, white car, 283.95, 487.81, 310.86, 501.11, 297.40, 494.46, 283.95, 494.46, 310.86, 494.46, 26.91, 13.31
0.37, 26, white car, 562.11, 518.34, 590.01, 530.88, 576.06, 524.61, 562.11, 524.61, 590.01, 524.61, 27.90, 12.54
0.40, 36, white car, 282.21, 487.75, 309.45, 501.22, 295.83, 494.48, 282.21, 494.48, 309.45, 494.48, 27.24, 13.47
0.40, 26, white car, 560.20, 518.09, 587.96, 530.56, 574.08, 524.32, 560.20, 524.32, 587.96, 524.32, 27.76, 12.47
0.43, 36, white car, 280.12, 487.43, 308.00, 501.24, 294.06, 494.33, 280.12, 494.33, 308.00, 494.33, 27.88, 13.81
0.47, 36, white car, 278.33, 487.12, 306.61, 501.12, 292.47, 494.12, 278.33, 494.12, 306.61, 494.12, 28.27, 14.00
0.47, 26, white car, 555.39, 517.70, 583.62, 530.39, 569.50, 524.05, 555.39, 524.05, 583.62, 524.05, 28.22, 12.69
0.50, 36, white car, 276.56, 486.70, 305.44, 501.00, 291.00, 493.85, 276.56, 493.85, 305.44, 493.85, 28.87, 14.30
0.50, 26, white car, 553.21, 517.50, 581.45, 530.18, 567.33, 523.84, 553.21, 523.84, 581.45, 523.84, 28.24, 12.68
0.53, 36, white car, 274.80, 485.99, 304.18, 500.57, 289.49, 493.28, 274.80, 493.28, 304.18, 493.28, 29.38, 14.58
0.53, 26, white car, 550.89, 517.36, 578.86, 529.92, 564.87, 523.64, 550.89, 523.64, 578.86, 523.64, 27.97, 12.56
0.57, 36, white car, 273.25, 485.66, 302.31, 500.10, 287.78, 492.88, 273.25, 492.88, 302.31, 492.88, 29.06, 14.44
0.57, 26, white car, 549.00, 517.09, 576.86, 529.63, 562.93, 523.36, 549.00, 523.36, 576.86, 523.36, 27.86, 12.54
0.60, 36, white car, 272.16, 485.61, 300.79, 499.87, 286.48, 492.74, 272.16, 492.74, 300.79, 492.74, 28.63, 14.26
0.60, 26, white car, 547.14, 516.84, 574.65, 529.25, 560.90, 523.04, 547.14, 523.04, 574.65, 523.04, 27.51, 12.42
0.63, 36, white car, 270.80, 485.43, 299.46, 499.75, 285.13, 492.59, 270.80, 492.59, 299.46, 492.59, 28.66, 14.32
0.63, 26, white car, 545.10, 516.48, 571.97, 528.59, 558.53, 522.53, 545.10, 522.53, 571.97, 522.53, 26.88, 12.10
0.67, 36, white car, 269.15, 485.19, 297.98, 499.62, 283.56, 492.40, 269.15, 492.40, 297.98, 492.40, 28.83, 14.43
0.67, 26, white car, 542.88, 516.21, 570.14, 528.48, 556.51, 522.34, 542.88, 522.34, 570.14, 522.34, 27.26, 12.27
0.67, 55, black car, 35.10, 456.92, 64.54, 472.07, 49.82, 464.49, 35.10, 464.49, 64.54, 464.49, 29.44, 15.15
0.70, 36, white car, 267.56, 485.05, 296.11, 499.39, 281.84, 492.22, 267.56, 492.22, 296.11, 492.22, 28.55, 14.34
0.70, 26, white car, 540.89, 515.99, 568.20, 528.29, 554.54, 522.14, 540.89, 522.14, 568.20, 522.14, 27.32, 12.30
0.70, 55, black car, 34.48, 456.96, 63.44, 471.85, 48.96, 464.41, 34.48, 464.41, 63.44, 464.41, 28.96, 14.89
0.73, 36, white car, 265.91, 484.77, 294.53, 499.15, 280.22, 491.96, 265.91, 491.96, 294.53, 491.96, 28.62, 14.38
0.73, 26, white car, 538.83, 515.52, 566.27, 527.88, 552.55, 521.70, 538.83, 521.70, 566.27, 521.70, 27.43, 12.36
0.73, 55, black car, 32.09, 456.49, 61.72, 471.69, 46.91, 464.09, 32.09, 464.09, 61.72, 464.09, 29.64, 15.20
0.77, 36, white car, 264.65, 484.58, 293.09, 498.87, 278.87, 491.73, 264.65, 491.73, 293.09, 491.73, 28.44, 14.29
0.77, 26, white car, 536.62, 515.27, 564.31, 527.75, 550.46, 521.51, 536.62, 521.51, 564.31, 521.51, 27.68, 12.48
0.77, 55, black car, 30.77, 456.32, 60.44, 471.49, 45.61, 463.90, 30.77, 463.90, 60.44, 463.90, 29.67, 15.17
0.80, 36, white car, 263.56, 484.45, 291.73, 498.61, 277.65, 491.53, 263.56, 491.53, 291.73, 491.53, 28.17, 14.16
0.80, 26, white car, 534.39, 515.03, 561.95, 527.48, 548.17, 521.26, 534.39, 521.26, 561.95, 521.26, 27.55, 12.45
0.80, 55, black car, 28.96, 455.94, 59.52, 471.51, 44.24, 463.73, 28.96, 463.73, 59.52, 463.73, 30.56, 15.57
0.83, 36, white car, 261.88, 484.25, 290.24, 498.53, 276.06, 491.39, 261.88, 491.39, 290.24, 491.39, 28.36, 14.28
0.83, 26, white car, 532.26, 514.66, 560.02, 527.24, 546.14, 520.95, 532.26, 520.95, 560.02, 520.95, 27.75, 12.58
0.83, 55, black car, 28.50, 455.76, 59.16, 471.34, 43.83, 463.55, 28.50, 463.55, 59.16, 463.55, 30.66, 15.58
0.87, 36, white car, 260.44, 484.18, 288.69, 498.42, 274.56, 491.30, 260.44, 491.30, 288.69, 491.30, 28.25, 14.23
0.90, 36, white car, 258.94, 483.92, 287.19, 498.16, 273.07, 491.04, 258.94, 491.04, 287.19, 491.04, 28.24, 14.25
0.90, 26, white car, 528.48, 514.14, 555.90, 526.59, 542.19, 520.36, 528.48, 520.36, 555.90, 520.36, 27.42, 12.45
0.93, 36, white car, 257.80, 483.75, 285.87, 497.87, 271.84, 490.81, 257.80, 490.81, 285.87, 490.81, 28.08, 14.11
0.93, 26, white car, 526.45, 514.04, 553.64, 526.39, 540.05, 520.21, 526.45, 520.21, 553.64, 520.21, 27.18, 12.35
0.97, 36, white car, 256.70, 483.63, 284.63, 497.60, 270.67, 490.61, 256.70, 490.61, 284.63, 490.61, 27.92, 13.97
0.97, 26, white car, 524.54, 513.97, 551.49, 526.20, 538.02, 520.09, 524.54, 520.09, 551.49, 520.09, 26.96, 12.22
1.00, 36, white car, 255.20, 483.56, 283.02, 497.43, 269.11, 490.50, 255.20, 490.50, 283.02, 490.50, 27.82, 13.87
1.00, 26, white car, 522.41, 513.86, 549.04, 525.92, 535.73, 519.89, 522.41, 519.89, 549.04, 519.89, 26.63, 12.06
1.03, 36, white car, 253.61, 483.31, 281.91, 497.42, 267.76, 490.36, 253.61, 490.36, 281.91, 490.36, 28.30, 14.10
1.03, 26, white car, 519.94, 513.58, 546.64, 525.68, 533.29, 519.63, 519.94, 519.63, 546.64, 519.63, 26.69, 12.10
1.07, 36, white car, 252.00, 483.01, 280.72, 497.32, 266.36, 490.16, 252.00, 490.16, 280.72, 490.16, 28.72, 14.31
1.07, 26, white car, 517.37, 513.20, 544.39, 525.44, 530.88, 519.32, 517.37, 519.32, 544.39, 519.32, 27.02, 12.24
1.10, 36, white car, 250.59, 482.73, 279.82, 497.28, 265.21, 490.01, 250.59, 490.01, 279.82, 490.01, 29.23, 14.55
1.10, 26, white car, 515.40, 512.89, 542.58, 525.21, 528.99, 519.05, 515.40, 519.05, 542.58, 519.05, 27.19, 12.32
1.13, 36, white car, 249.18, 482.61, 278.63, 497.25, 263.91, 489.93, 249.18, 489.93, 278.63, 489.93, 29.45, 14.64
1.13, 26, white car, 513.55, 512.75, 540.57, 525.01, 527.06, 518.88, 513.55, 518.88, 540.57, 518.88, 27.03, 12.26
1.17, 36, white car, 247.83, 482.63, 277.01, 497.15, 262.42, 489.89, 247.83, 489.89, 277.01, 489.89, 29.18, 14.52
1.17, 26, white car, 511.69, 512.68, 538.47, 524.78, 525.08, 518.73, 511.69, 518.73, 538.47, 518.73, 26.78, 12.10
1.20, 36, white car, 246.16, 482.39, 275.62, 497.08, 260.89, 489.73, 246.16, 489.73, 275.62, 489.73, 29.45, 14.70
1.20, 26, white car, 509.54, 512.48, 536.46, 524.62, 523.00, 518.55, 509.54, 518.55, 536.46, 518.55, 26.93, 12.14
1.23, 36, white car, 244.38, 482.00, 274.14, 496.88, 259.26, 489.44, 244.38, 489.44, 274.14, 489.44, 29.77, 14.88
1.23, 26, white car, 507.43, 512.14, 534.67, 524.43, 521.05, 518.28, 507.43, 518.28, 534.67, 518.28, 27.24, 12.29
1.23, 55, black car, 20.19, 454.62, 49.17, 469.22, 34.68, 461.92, 20.19, 461.92, 49.17, 461.92, 28.98, 14.59
1.27, 36, white car, 243.17, 481.72, 272.71, 496.48, 257.94, 489.10, 243.17, 489.10, 272.71, 489.10, 29.53, 14.76
1.27, 26, white car, 505.01, 511.74, 532.90, 524.36, 518.95, 518.05, 505.01, 518.05, 532.90, 518.05, 27.89, 12.61
1.27, 55, black car, 19.92, 454.78, 48.53, 469.07, 34.22, 461.92, 19.92, 461.92, 48.53, 461.92, 28.61, 14.30
1.30, 36, white car, 242.43, 481.82, 271.56, 496.35, 257.00, 489.09, 242.43, 489.09, 271.56, 489.09, 29.14, 14.53
1.30, 26, white car, 502.59, 511.34, 530.90, 524.18, 516.75, 517.76, 502.59, 517.76, 530.90, 517.76, 28.31, 12.85
1.33, 36, white car, 241.29, 481.79, 270.53, 496.34, 255.91, 489.06, 241.29, 489.06, 270.53, 489.06, 29.24, 14.55
1.33, 26, white car, 500.79, 511.19, 528.95, 523.99, 514.87, 517.59, 500.79, 517.59, 528.95, 517.59, 28.16, 12.80
1.33, 55, black car, 18.77, 454.19, 47.69, 468.59, 33.23, 461.39, 18.77, 461.39, 47.69, 461.39, 28.92, 14.40
1.37, 36, white car, 239.78, 481.60, 269.28, 496.30, 254.53, 488.95, 239.78, 488.95, 269.28, 488.95, 29.50, 14.69
1.37, 26, white car, 498.78, 510.98, 526.96, 523.79, 512.87, 517.39, 498.78, 517.39, 526.96, 517.39, 28.17, 12.80
1.37, 55, black car, 17.80, 454.05, 46.71, 468.42, 32.26, 461.24, 17.80, 461.24, 46.71, 461.24, 28.90, 14.37
1.40, 36, white car, 238.42, 481.45, 268.01, 496.20, 253.22, 488.82, 238.42, 488.82, 268.01, 488.82, 29.59, 14.75
1.40, 26, white car, 496.82, 510.52, 525.04, 523.32, 510.93, 516.92, 496.82, 516.92, 525.04, 516.92, 28.23, 12.80
1.40, 55, black car, 16.99, 454.18, 45.31, 468.21, 31.15, 461.20, 16.99, 461.20, 45.31, 461.20, 28.31, 14.02
1.43, 36, white car, 236.64, 481.27, 266.56, 496.21, 251.60, 488.74, 236.64, 488.74, 266.56, 488.74, 29.92, 14.94
1.43, 26, white car, 494.65, 510.36, 522.69, 523.06, 508.67, 516.71, 494.65, 516.71, 522.69, 516.71, 28.04, 12.70
1.47, 36, white car, 234.69, 481.01, 265.37, 496.37, 250.03, 488.69, 234.69, 488.69, 265.37, 488.69, 30.68, 15.36
1.47, 26, white car, 492.46, 509.89, 520.72, 522.73, 506.59, 516.31, 492.46, 516.31, 520.72, 516.31, 28.26, 12.84
1.50, 36, white car, 233.57, 480.83, 264.15, 496.18, 248.86, 488.51, 233.57, 488.51, 264.15, 488.51, 30.58, 15.35
1.50, 26, white car, 489.89, 509.35, 519.01, 522.68, 504.45, 516.01, 489.89, 516.01, 519.01, 516.01, 29.12, 13.32
1.53, 36, white car, 232.56, 480.64, 262.70, 495.85, 247.63, 488.25, 232.56, 488.25, 262.70, 488.25, 30.14, 15.21
1.53, 26, white car, 487.44, 508.76, 517.52, 522.63, 502.48, 515.70, 487.44, 515.70, 517.52, 515.70, 30.08, 13.87
1.57, 36, white car, 230.91, 480.49, 261.22, 495.85, 246.06, 488.17, 230.91, 488.17, 261.22, 488.17, 30.30, 15.37
1.57, 26, white car, 485.93, 508.54, 515.97, 522.48, 500.95, 515.51, 485.93, 515.51, 515.97, 515.51, 30.04, 13.95
1.60, 36, white car, 229.91, 480.15, 260.09, 495.52, 245.00, 487.84, 229.91, 487.84, 260.09, 487.84, 30.18, 15.36
1.60, 26, white car, 483.87, 508.20, 514.27, 522.38, 499.07, 515.29, 483.87, 515.29, 514.27, 515.29, 30.40, 14.18
1.63, 36, white car, 229.15, 479.96, 258.90, 495.14, 244.02, 487.55, 229.15, 487.55, 258.90, 487.55, 29.76, 15.18
1.63, 26, white car, 481.91, 508.06, 511.59, 521.90, 496.75, 514.98, 481.91, 514.98, 511.59, 514.98, 29.68, 13.84
1.67, 36, white car, 228.32, 479.91, 257.76, 494.92, 243.04, 487.41, 228.32, 487.41, 257.76, 487.41, 29.44, 15.01
1.67, 26, white car, 479.83, 507.91, 509.34, 521.69, 494.59, 514.80, 479.83, 514.80, 509.34, 514.80, 29.51, 13.78
1.70, 36, white car, 227.21, 479.85, 256.34, 494.65, 241.77, 487.25, 227.21, 487.25, 256.34, 487.25, 29.13, 14.80
1.70, 26, white car, 477.98, 507.63, 506.93, 521.19, 492.45, 514.41, 477.98, 514.41, 506.93, 514.41, 28.95, 13.55
1.73, 36, white car, 226.29, 479.80, 255.43, 494.55, 240.86, 487.18, 226.29, 487.18, 255.43, 487.18, 29.14, 14.75
1.73, 26, white car, 476.11, 507.68, 504.34, 520.92, 490.23, 514.30, 476.11, 514.30, 504.34, 514.30, 28.23, 13.23
1.77, 36, white car, 225.02, 479.66, 254.52, 494.53, 239.77, 487.09, 225.02, 487.09, 254.52, 487.09, 29.51, 14.87
1.77, 26, white car, 474.07, 507.54, 502.24, 520.74, 488.15, 514.14, 474.07, 514.14, 502.24, 514.14, 28.17, 13.21
1.80, 36, white car, 223.53, 479.43, 253.24, 494.34, 238.38, 486.88, 223.53, 486.88, 253.24, 486.88, 29.71, 14.91
1.80, 26, white car, 472.33, 507.33, 500.51, 520.54, 486.42, 513.94, 472.33, 513.94, 500.51, 513.94, 28.18, 13.21
1.83, 36, white car, 222.51, 479.35, 251.98, 494.07, 237.25, 486.71, 222.51, 486.71, 251.98, 486.71, 29.47, 14.72
1.83, 26, white car, 470.30, 507.15, 498.49, 520.35, 484.40, 513.75, 470.30, 513.75, 498.49, 513.75, 28.19, 13.20
1.87, 36, white car, 221.33, 479.41, 250.77, 494.07, 236.05, 486.74, 221.33, 486.74, 250.77, 486.74, 29.44, 14.67
1.87, 26, white car, 468.35, 506.89, 496.35, 519.97, 482.35, 513.43, 468.35, 513.43, 496.35, 513.43, 28.00, 13.08
1.90, 36, white car, 220.10, 479.41, 249.09, 493.84, 234.59, 486.62, 220.10, 486.62, 249.09, 486.62, 29.00, 14.43
1.90, 26, white car, 466.28, 506.46, 494.58, 519.66, 480.43, 513.06, 466.28, 513.06, 494.58, 513.06, 28.30, 13.20
1.93, 36, white car, 219.35, 479.30, 248.19, 493.61, 233.77, 486.45, 219.35, 486.45, 248.19, 486.45, 28.84, 14.31
1.93, 26, white car, 464.37, 506.39, 492.59, 519.53, 478.48, 512.96, 464.37, 512.96, 492.59, 512.96, 28.22, 13.14
1.97, 36, white car, 218.19, 479.25, 247.28, 493.67, 232.74, 486.46, 218.19, 486.46, 247.28, 486.46, 29.09, 14.42
1.97, 26, white car, 462.33, 506.32, 490.54, 519.45, 476.44, 512.89, 462.33, 512.89, 490.54, 512.89, 28.21, 13.14
2.00, 36, white car, 216.92, 479.10, 245.98, 493.50, 231.45, 486.30, 216.92, 486.30, 245.98, 486.30, 29.06, 14.40
2.00, 26, white car, 460.18, 506.12, 488.68, 519.40, 474.43, 512.76, 460.18, 512.76, 488.68, 512.76, 28.50, 13.29
2.03, 36, white car, 215.94, 478.96, 245.07, 493.37, 230.51, 486.17, 215.94, 486.17, 245.07, 486.17, 29.13, 14.42
2.07, 36, white car, 214.97, 478.73, 244.32, 493.25, 229.65, 485.99, 214.97, 485.99, 244.32, 485.99, 29.35, 14.52
2.10, 36, white car, 214.23, 478.58, 243.47, 493.01, 228.85, 485.79, 214.23, 485.79, 243.47, 485.79, 29.24, 14.43
2.13, 36, white car, 213.29, 478.60, 242.23, 492.83, 227.76, 485.72, 213.29, 485.72, 242.23, 485.72, 28.94, 14.23
2.17, 36, white car, 212.40, 478.58, 240.79, 492.46, 226.59, 485.52, 212.40, 485.52, 240.79, 485.52, 28.40, 13.88
2.17, 26, white car, 449.74, 504.16, 479.45, 518.08, 464.60, 511.12, 449.74, 511.12, 479.45, 511.12, 29.71, 13.92
2.20, 36, white car, 211.49, 478.65, 239.44, 492.22, 225.46, 485.44, 211.49, 485.44, 239.44, 485.44, 27.94, 13.57
2.20, 26, white car, 447.25, 503.94, 477.18, 518.03, 462.21, 510.99, 447.25, 510.99, 477.18, 510.99, 29.93, 14.09
2.23, 36, white car, 210.62, 478.61, 238.48, 492.07, 224.55, 485.34, 210.62, 485.34, 238.48, 485.34, 27.86, 13.46
2.23, 26, white car, 445.23, 503.81, 475.07, 517.91, 460.15, 510.86, 445.23, 510.86, 475.07, 510.86, 29.84, 14.11
2.27, 36, white car, 208.81, 478.32, 237.34, 492.01, 223.08, 485.16, 208.81, 485.16, 237.34, 485.16, 28.52, 13.69
2.27, 26, white car, 443.59, 503.63, 473.57, 517.84, 458.58, 510.73, 443.59, 510.73, 473.57, 510.73, 29.98, 14.21
2.30, 36, white car, 207.54, 478.10, 236.43, 491.94, 221.99, 485.02, 207.54, 485.02, 236.43, 485.02, 28.89, 13.84
2.30, 26, white car, 442.01, 503.41, 472.06, 517.64, 457.03, 510.52, 442.01, 510.52, 472.06, 510.52, 30.05, 14.24
2.33, 36, white car, 206.24, 477.95, 235.19, 491.83, 220.72, 484.89, 206.24, 484.89, 235.19, 484.89, 28.95, 13.88
2.33, 26, white car, 439.85, 502.99, 469.48, 517.03, 454.67, 510.01, 439.85, 510.01, 469.48, 510.01, 29.63, 14.04
2.37, 36, white car, 205.06, 477.79, 234.15, 491.74, 219.61, 484.77, 205.06, 484.77, 234.15, 484.77, 29.09, 13.95
2.37, 26, white car, 437.62, 502.62, 467.34, 516.74, 452.48, 509.68, 437.62, 509.68, 467.34, 509.68, 29.72, 14.12
2.40, 36, white car, 203.85, 477.66, 232.86, 491.62, 218.35, 484.64, 203.85, 484.64, 232.86, 484.64, 29.01, 13.96
2.40, 26, white car, 435.90, 502.59, 465.16, 516.52, 450.53, 509.56, 435.90, 509.56, 465.16, 509.56, 29.26, 13.93
2.43, 36, white car, 203.04, 477.56, 232.02, 491.55, 217.53, 484.56, 203.04, 484.56, 232.02, 484.56, 28.97, 13.99
2.43, 26, white car, 434.06, 502.47, 463.27, 516.39, 448.66, 509.43, 434.06, 509.43, 463.27, 509.43, 29.21, 13.92
2.47, 36, white car, 202.64, 477.64, 231.00, 491.38, 216.82, 484.51, 202.64, 484.51, 231.00, 484.51, 28.36, 13.74
2.47, 26, white car, 432.07, 502.39, 461.29, 516.35, 446.68, 509.37, 432.07, 509.37, 461.29, 509.37, 29.22, 13.95
2.50, 36, white car, 201.84, 477.59, 230.14, 491.35, 215.99, 484.47, 201.84, 484.47, 230.14, 484.47, 28.30, 13.76
2.50, 26, white car, 430.13, 502.00, 459.74, 516.21, 444.93, 509.10, 430.13, 509.10, 459.74, 509.10, 29.61, 14.21
2.53, 36, white car, 200.95, 477.42, 229.36, 491.29, 215.15, 484.35, 200.95, 484.35, 229.36, 484.35, 28.42, 13.87
2.53, 26, white car, 428.06, 501.69, 457.80, 516.03, 442.93, 508.86, 428.06, 508.86, 457.80, 508.86, 29.74, 14.34
2.57, 26, white car, 426.42, 501.52, 455.64, 515.64, 441.03, 508.58, 426.42, 508.58, 455.64, 508.58, 29.22, 14.11
2.60, 26, white car, 424.52, 501.36, 453.23, 515.26, 438.87, 508.31, 424.52, 508.31, 453.23, 508.31, 28.71, 13.91
2.63, 26, white car, 422.57, 501.14, 451.27, 515.06, 436.92, 508.10, 422.57, 508.10, 451.27, 508.10, 28.70, 13.92
2.67, 26, white car, 420.81, 500.94, 449.30, 514.79, 435.06, 507.87, 420.81, 507.87, 449.30, 507.87, 28.49, 13.85
2.70, 26, white car, 418.64, 500.79, 447.33, 514.78, 432.98, 507.78, 418.64, 507.78, 447.33, 507.78, 28.69, 13.98
2.73, 26, white car, 416.98, 500.70, 445.53, 514.64, 431.26, 507.67, 416.98, 507.67, 445.53, 507.67, 28.55, 13.94
2.77, 26, white car, 415.26, 500.28, 444.14, 514.39, 429.70, 507.33, 415.26, 507.33, 444.14, 507.33, 28.88, 14.11
2.80, 26, white car, 413.38, 499.89, 442.20, 513.99, 427.79, 506.94, 413.38, 506.94, 442.20, 506.94, 28.82, 14.10
2.83, 26, white car, 411.86, 499.77, 440.14, 513.57, 426.00, 506.67, 411.86, 506.67, 440.14, 506.67, 28.27, 13.80
2.87, 26, white car, 410.25, 499.55, 438.45, 513.25, 424.35, 506.40, 410.25, 506.40, 438.45, 506.40, 28.19, 13.70
2.87, 36, white car, 186.91, 474.96, 218.09, 490.18, 202.50, 482.57, 186.91, 482.57, 218.09, 482.57, 31.18, 15.21
2.90, 26, white car, 408.28, 499.19, 437.03, 513.12, 422.66, 506.15, 408.28, 506.15, 437.03, 506.15, 28.74, 13.93
2.90, 36, white car, 186.24, 474.74, 217.65, 490.10, 201.94, 482.42, 186.24, 482.42, 217.65, 482.42, 31.41, 15.36
2.93, 26, white car, 406.17, 499.12, 434.64, 512.89, 420.40, 506.01, 406.17, 506.01, 434.64, 506.01, 28.48, 13.76
2.93, 36, white car, 185.80, 474.78, 216.93, 490.04, 201.36, 482.41, 185.80, 482.41, 216.93, 482.41, 31.13, 15.26
2.97, 26, white car, 404.08, 498.85, 433.06, 512.83, 418.57, 505.84, 404.08, 505.84, 433.06, 505.84, 28.98, 13.98
2.97, 36, white car, 184.99, 474.75, 216.02, 490.00, 200.51, 482.38, 184.99, 482.38, 216.02, 482.38, 31.03, 15.25
3.00, 26, white car, 402.48, 498.56, 431.31, 512.46, 416.89, 505.51, 402.48, 505.51, 431.31, 505.51, 28.83, 13.91
3.00, 36, white car, 183.73, 474.78, 214.72, 490.05, 199.23, 482.42, 183.73, 482.42, 214.72, 482.42, 30.99, 15.27
3.03, 26, white car, 400.97, 498.34, 429.79, 512.24, 415.38, 505.29, 400.97, 505.29, 429.79, 505.29, 28.82, 13.90
3.03, 36, white car, 182.77, 474.50, 213.95, 489.93, 198.36, 482.22, 182.77, 482.22, 213.95, 482.22, 31.18, 15.43
3.07, 26, white car, 399.42, 498.24, 428.12, 512.09, 413.77, 505.17, 399.42, 505.17, 428.12, 505.17, 28.71, 13.85
3.07, 36, white car, 181.56, 474.13, 213.39, 489.97, 197.47, 482.05, 181.56, 482.05, 213.39, 482.05, 31.83, 15.84
3.10, 26, white car, 397.85, 498.10, 426.43, 511.89, 412.14, 504.99, 397.85, 504.99, 426.43, 504.99, 28.58, 13.79
3.10, 36, white car, 180.69, 473.97, 212.53, 489.90, 196.61, 481.94, 180.69, 481.94, 212.53, 481.94, 31.84, 15.93
3.13, 26, white car, 396.10, 497.97, 424.34, 511.56, 410.22, 504.77, 396.10, 504.77, 424.34, 504.77, 28.24, 13.58
3.13, 36, white car, 179.87, 473.87, 211.72, 489.89, 195.79, 481.88, 179.87, 481.88, 211.72, 481.88, 31.85, 16.02
3.17, 26, white car, 394.88, 497.92, 422.69, 511.24, 408.79, 504.58, 394.88, 504.58, 422.69, 504.58, 27.81, 13.32
3.17, 36, white car, 178.57, 473.82, 210.09, 489.75, 194.33, 481.78, 178.57, 481.78, 210.09, 481.78, 31.52, 15.94
3.20, 26, white car, 392.82, 497.66, 421.16, 511.19, 406.99, 504.43, 392.82, 504.43, 421.16, 504.43, 28.33, 13.53
3.20, 36, white car, 177.52, 473.74, 208.88, 489.63, 193.20, 481.69, 177.52, 481.69, 208.88, 481.69, 31.36, 15.90
3.23, 26, white car, 390.63, 497.58, 419.09, 511.17, 404.86, 504.37, 390.63, 504.37, 419.09, 504.37, 28.47, 13.59
3.23, 36, white car, 176.21, 473.68, 207.22, 489.48, 191.71, 481.58, 176.21, 481.58, 207.22, 481.58, 31.01, 15.80
3.27, 26, white car, 388.64, 497.43, 417.45, 511.19, 403.05, 504.31, 388.64, 504.31, 417.45, 504.31, 28.81, 13.76
3.27, 36, white car, 175.15, 473.64, 205.71, 489.23, 190.43, 481.43, 175.15, 481.43, 205.71, 481.43, 30.56, 15.59
3.30, 26, white car, 387.24, 497.18, 416.29, 511.06, 401.77, 504.12, 387.24, 504.12, 416.29, 504.12, 29.05, 13.88
3.30, 36, white car, 173.95, 473.55, 204.61, 489.18, 189.28, 481.36, 173.95, 481.36, 204.61, 481.36, 30.66, 15.63
3.33, 26, white car, 385.37, 496.85, 414.87, 510.97, 400.12, 503.91, 385.37, 503.91, 414.87, 503.91, 29.50, 14.12
3.33, 36, white car, 173.04, 473.37, 203.62, 488.92, 188.33, 481.14, 173.04, 481.14, 203.62, 481.14, 30.58, 15.55
3.37, 26, white car, 383.67, 496.44, 413.17, 510.60, 398.42, 503.52, 383.67, 503.52, 413.17, 503.52, 29.51, 14.16
3.37, 36, white car, 172.50, 473.37, 202.59, 488.62, 187.54, 481.00, 172.50, 481.00, 202.59, 481.00, 30.09, 15.25
3.40, 26, white car, 381.90, 496.33, 410.80, 510.19, 396.35, 503.26, 381.90, 503.26, 410.80, 503.26, 28.90, 13.86
3.40, 36, white car, 171.85, 473.09, 201.90, 488.24, 186.87, 480.67, 171.85, 480.67, 201.90, 480.67, 30.05, 15.15
3.43, 26, white car, 380.31, 496.19, 408.89, 509.90, 394.60, 503.05, 380.31, 503.05, 408.89, 503.05, 28.58, 13.71
3.43, 36, white car, 170.93, 473.10, 200.22, 487.75, 185.57, 480.42, 170.93, 480.42, 200.22, 480.42, 29.30, 14.66
3.47, 26, white car, 378.73, 496.01, 407.18, 509.66, 392.95, 502.83, 378.73, 502.83, 407.18, 502.83, 28.45, 13.65
3.47, 36, white car, 170.68, 473.45, 199.01, 487.53, 184.85, 480.49, 170.68, 480.49, 199.01, 480.49, 28.33, 14.07
3.50, 26, white car, 377.42, 495.83, 405.55, 509.32, 391.49, 502.58, 377.42, 502.58, 405.55, 502.58, 28.12, 13.49
3.53, 26, white car, 375.59, 495.82, 403.44, 509.15, 389.51, 502.49, 375.59, 502.49, 403.44, 502.49, 27.85, 13.33
3.53, 36, white car, 168.30, 473.06, 196.93, 487.17, 182.61, 480.11, 168.30, 480.11, 196.93, 480.11, 28.63, 14.11
3.57, 26, white car, 373.91, 495.59, 401.99, 509.01, 387.95, 502.30, 373.91, 502.30, 401.99, 502.30, 28.08, 13.42
3.60, 26, white car, 372.09, 495.29, 400.69, 508.94, 386.39, 502.11, 372.09, 502.11, 400.69, 502.11, 28.60, 13.66
3.60, 36, white car, 165.20, 472.72, 194.58, 487.19, 179.89, 479.96, 165.20, 479.96, 194.58, 479.96, 29.37, 14.47
3.63, 26, white car, 370.55, 495.09, 398.72, 508.50, 384.63, 501.79, 370.55, 501.79, 398.72, 501.79, 28.17, 13.41
3.63, 36, white car, 162.78, 472.47, 192.42, 487.09, 177.60, 479.78, 162.78, 479.78, 192.42, 479.78, 29.63, 14.62
3.67, 26, white car, 368.45, 494.97, 396.56, 508.30, 382.50, 501.63, 368.45, 501.63, 396.56, 501.63, 28.11, 13.33
3.67, 36, white car, 159.89, 472.28, 189.23, 486.73, 174.56, 479.50, 159.89, 479.50, 189.23, 479.50, 29.34, 14.46
3.70, 26, white car, 365.49, 494.64, 394.96, 508.60, 380.23, 501.62, 365.49, 501.62, 394.96, 501.62, 29.47, 13.96
3.70, 36, white car, 158.20, 471.99, 187.81, 486.62, 173.01, 479.31, 158.20, 479.31, 187.81, 479.31, 29.61, 14.63
3.73, 26, white car, 364.27, 494.41, 393.05, 508.05, 378.66, 501.23, 364.27, 501.23, 393.05, 501.23, 28.78, 13.64
3.73, 36, white car, 156.75, 471.56, 186.64, 486.41, 171.69, 478.99, 156.75, 478.99, 186.64, 478.99, 29.89, 14.85
3.77, 26, white car, 361.28, 494.23, 391.16, 508.38, 376.22, 501.31, 361.28, 501.31, 391.16, 501.31, 29.88, 14.16
3.77, 36, white car, 156.03, 471.40, 185.81, 486.28, 170.92, 478.84, 156.03, 478.84, 185.81, 478.84, 29.78, 14.88
3.80, 26, white car, 360.04, 494.09, 389.92, 508.25, 374.98, 501.17, 360.04, 501.17, 389.92, 501.17, 29.88, 14.16
3.80, 36, white car, 155.64, 471.77, 184.80, 486.36, 170.22, 479.07, 155.64, 479.07, 184.80, 479.07, 29.15, 14.59
3.83, 36, white car, 154.66, 471.85, 183.46, 486.31, 169.06, 479.08, 154.66, 479.08, 183.46, 479.08, 28.80, 14.46
3.87, 36, white car, 153.36, 471.84, 182.06, 486.32, 167.71, 479.08, 153.36, 479.08, 182.06, 479.08, 28.70, 14.48
3.87, 26, white car, 357.43, 493.89, 387.16, 507.96, 372.29, 500.92, 357.43, 500.92, 387.16, 500.92, 29.73, 14.07
3.90, 36, white car, 152.71, 471.76, 181.63, 486.36, 167.17, 479.06, 152.71, 479.06, 181.63, 479.06, 28.93, 14.59
3.90, 26, white car, 356.92, 493.98, 385.76, 507.66, 371.34, 500.82, 356.92, 500.82, 385.76, 500.82, 28.84, 13.67
3.93, 36, white car, 152.23, 471.39, 181.28, 485.97, 166.75, 478.68, 152.23, 478.68, 181.28, 478.68, 29.05, 14.58
3.93, 26, white car, 353.85, 493.75, 383.20, 507.53, 368.52, 500.64, 353.85, 500.64, 383.20, 500.64, 29.35, 13.79
3.97, 36, white car, 151.71, 471.23, 180.20, 485.46, 165.96, 478.35, 151.71, 478.35, 180.20, 478.35, 28.49, 14.23
3.97, 26, white car, 351.73, 493.35, 381.53, 507.24, 366.63, 500.29, 351.73, 500.29, 381.53, 500.29, 29.80, 13.89
4.00, 36, white car, 150.61, 471.02, 179.17, 485.20, 164.89, 478.11, 150.61, 478.11, 179.17, 478.11, 28.56, 14.18
4.00, 26, white car, 350.21, 492.90, 380.22, 506.76, 365.22, 499.83, 350.21, 499.83, 380.22, 499.83, 30.00, 13.86
4.03, 36, white car, 149.72, 471.02, 178.55, 485.30, 164.13, 478.16, 149.72, 478.16, 178.55, 478.16, 28.83, 14.28
4.03, 26, white car, 348.97, 492.44, 379.44, 506.48, 364.20, 499.46, 348.97, 499.46, 379.44, 499.46, 30.48, 14.04
4.07, 36, white car, 148.74, 471.13, 177.08, 485.15, 162.91, 478.14, 148.74, 478.14, 177.08, 478.14, 28.34, 14.02
4.07, 26, white car, 347.87, 492.23, 378.19, 506.18, 363.03, 499.20, 347.87, 499.20, 378.19, 499.20, 30.32, 13.95
4.10, 36, white car, 147.47, 470.98, 175.60, 484.88, 161.53, 477.93, 147.47, 477.93, 175.60, 477.93, 28.13, 13.90
4.10, 26, white car, 347.17, 492.14, 377.20, 505.98, 362.18, 499.06, 347.17, 499.06, 377.20, 499.06, 30.02, 13.83
4.13, 36, white car, 146.10, 470.69, 174.77, 484.81, 160.44, 477.75, 146.10, 477.75, 174.77, 477.75, 28.67, 14.13
4.13, 26, white car, 346.14, 491.87, 376.58, 505.97, 361.36, 498.92, 346.14, 498.92, 376.58, 498.92, 30.44, 14.10
4.17, 36, white car, 144.88, 470.50, 174.11, 484.91, 159.50, 477.71, 144.88, 477.71, 174.11, 477.71, 29.24, 14.41
4.17, 26, white car, 345.09, 491.82, 375.21, 505.80, 360.15, 498.81, 345.09, 498.81, 375.21, 498.81, 30.12, 13.98
4.20, 36, white car, 143.64, 470.21, 173.29, 484.86, 158.47, 477.54, 143.64, 477.54, 173.29, 477.54, 29.65, 14.65
4.20, 26, white car, 343.23, 491.70, 373.12, 505.60, 358.17, 498.65, 343.23, 498.65, 373.12, 498.65, 29.89, 13.90
4.23, 36, white car, 142.69, 470.14, 172.07, 484.70, 157.38, 477.42, 142.69, 477.42, 172.07, 477.42, 29.38, 14.56
4.23, 26, white car, 341.36, 491.64, 371.01, 505.43, 356.19, 498.54, 341.36, 498.54, 371.01, 498.54, 29.65, 13.79
4.27, 36, white car, 141.99, 470.01, 170.96, 484.38, 156.47, 477.20, 141.99, 477.20, 170.96, 477.20, 28.97, 14.37
4.27, 26, white car, 340.23, 491.64, 369.52, 505.26, 354.88, 498.45, 340.23, 498.45, 369.52, 498.45, 29.30, 13.61
4.30, 36, white car, 141.07, 470.02, 169.55, 484.10, 155.31, 477.06, 141.07, 477.06, 169.55, 477.06, 28.48, 14.08
4.30, 26, white car, 339.20, 491.54, 368.15, 504.94, 353.68, 498.24, 339.20, 498.24, 368.15, 498.24, 28.95, 13.40
4.33, 36, white car, 140.26, 470.10, 168.08, 483.81, 154.17, 476.95, 140.26, 476.95, 168.08, 476.95, 27.83, 13.71
4.33, 26, white car, 338.23, 491.40, 366.87, 504.58, 352.55, 497.99, 338.23, 497.99, 366.87, 497.99, 28.64, 13.18
4.37, 36, white car, 139.37, 470.03, 167.27, 483.71, 153.32, 476.87, 139.37, 476.87, 167.27, 476.87, 27.90, 13.68
4.37, 26, white car, 336.96, 491.43, 365.32, 504.38, 351.14, 497.91, 336.96, 497.91, 365.32, 497.91, 28.36, 12.95
4.40, 36, white car, 138.47, 469.98, 166.15, 483.50, 152.31, 476.74, 138.47, 476.74, 166.15, 476.74, 27.67, 13.52
4.40, 26, white car, 335.15, 491.49, 362.64, 504.03, 348.89, 497.76, 335.15, 497.76, 362.64, 497.76, 27.49, 12.54
4.43, 36, white car, 137.56, 469.85, 165.19, 483.26, 151.38, 476.56, 137.56, 476.56, 165.19, 476.56, 27.63, 13.41
4.43, 26, white car, 334.14, 491.30, 361.92, 503.93, 348.03, 497.61, 334.14, 497.61, 361.92, 497.61, 27.78, 12.63
4.47, 36, white car, 136.61, 469.87, 164.09, 483.16, 150.35, 476.51, 136.61, 476.51, 164.09, 476.51, 27.48, 13.29
4.47, 26, white car, 333.39, 491.15, 361.88, 503.99, 347.63, 497.57, 333.39, 497.57, 361.88, 497.57, 28.49, 12.84
4.50, 36, white car, 135.55, 469.68, 163.22, 483.01, 149.39, 476.34, 135.55, 476.34, 163.22, 476.34, 27.66, 13.32
4.50, 26, white car, 332.15, 490.94, 361.53, 504.06, 346.84, 497.50, 332.15, 497.50, 361.53, 497.50, 29.38, 13.13
4.53, 36, white car, 134.52, 469.64, 162.16, 482.94, 148.34, 476.29, 134.52, 476.29, 162.16, 476.29, 27.65, 13.30
4.53, 26, white car, 329.06, 490.92, 357.89, 503.83, 343.47, 497.37, 329.06, 497.37, 357.89, 497.37, 28.83, 12.91
4.57, 36, white car, 133.07, 469.44, 160.93, 482.86, 147.00, 476.15, 133.07, 476.15, 160.93, 476.15, 27.86, 13.41
4.60, 36, white car, 131.77, 469.06, 160.02, 482.66, 145.90, 475.86, 131.77, 475.86, 160.02, 475.86, 28.24, 13.59
4.63, 36, white car, 130.61, 468.75, 159.24, 482.56, 144.92, 475.66, 130.61, 475.66, 159.24, 475.66, 28.63, 13.80
4.67, 36, white car, 129.86, 468.56, 158.92, 482.59, 144.39, 475.58, 129.86, 475.58, 158.92, 475.58, 29.06, 14.03
4.70, 36, white car, 129.15, 468.58, 158.11, 482.56, 143.63, 475.57, 129.15, 475.57, 158.11, 475.57, 28.96, 13.97
4.73, 36, white car, 127.78, 468.54, 156.72, 482.51, 142.25, 475.53, 127.78, 475.53, 156.72, 475.53, 28.94, 13.96
4.77, 36, white car, 126.70, 468.55, 155.43, 482.44, 141.06, 475.49, 126.70, 475.49, 155.43, 475.49, 28.73, 13.89
4.80, 36, white car, 125.58, 468.42, 154.69, 482.55, 140.13, 475.48, 125.58, 475.48, 154.69, 475.48, 29.11, 14.13
4.80, 26, white car, 318.46, 489.67, 346.24, 502.16, 332.35, 495.91, 318.46, 495.91, 346.24, 495.91, 27.78, 12.48
4.83, 36, white car, 124.42, 468.24, 153.43, 482.38, 138.92, 475.31, 124.42, 475.31, 153.43, 475.31, 29.01, 14.14
4.83, 26, white car, 317.10, 489.32, 345.34, 502.13, 331.22, 495.73, 317.10, 495.73, 345.34, 495.73, 28.24, 12.81
4.87, 36, white car, 123.43, 468.14, 152.61, 482.38, 138.02, 475.26, 123.43, 475.26, 152.61, 475.26, 29.18, 14.24
4.87, 26, white car, 315.75, 488.76, 344.41, 501.92, 330.08, 495.34, 315.75, 495.34, 344.41, 495.34, 28.65, 13.15
4.90, 36, white car, 122.50, 468.15, 151.45, 482.31, 136.98, 475.23, 122.50, 475.23, 151.45, 475.23, 28.96, 14.16
4.90, 26, white car, 314.54, 488.30, 343.57, 501.75, 329.05, 495.03, 314.54, 495.03, 343.57, 495.03, 29.03, 13.45
4.93, 36, white car, 121.40, 468.09, 150.19, 482.17, 135.80, 475.13, 121.40, 475.13, 150.19, 475.13, 28.79, 14.09
4.93, 26, white car, 313.67, 488.14, 342.21, 501.44, 327.94, 494.79, 313.67, 494.79, 342.21, 494.79, 28.53, 13.29
4.97, 36, white car, 120.62, 468.08, 149.17, 482.06, 134.89, 475.07, 120.62, 475.07, 149.17, 475.07, 28.56, 13.98
4.97, 26, white car, 312.11, 487.95, 340.35, 501.18, 326.23, 494.57, 312.11, 494.57, 340.35, 494.57, 28.24, 13.23
5.00, 36, white car, 119.58, 467.95, 148.31, 482.05, 133.95, 475.00, 119.58, 475.00, 148.31, 475.00, 28.73, 14.09
5.00, 26, white car, 310.67, 487.97, 338.64, 501.14, 324.66, 494.55, 310.67, 494.55, 338.64, 494.55, 27.97, 13.16
5.03, 36, white car, 118.47, 467.72, 147.51, 481.96, 132.99, 474.84, 118.47, 474.84, 147.51, 474.84, 29.03, 14.24
5.03, 26, white car, 309.20, 487.63, 337.54, 501.05, 323.37, 494.34, 309.20, 494.34, 337.54, 494.34, 28.34, 13.43
5.07, 36, white car, 117.24, 467.54, 146.50, 481.94, 131.87, 474.74, 117.24, 474.74, 146.50, 474.74, 29.26, 14.40
5.07, 26, white car, 307.77, 487.50, 335.97, 500.94, 321.87, 494.22, 307.77, 494.22, 335.97, 494.22, 28.20, 13.43
5.10, 36, white car, 116.25, 467.40, 145.59, 481.86, 130.92, 474.63, 116.25, 474.63, 145.59, 474.63, 29.34, 14.45
5.10, 26, white car, 305.95, 487.53, 334.21, 501.03, 320.08, 494.28, 305.95, 494.28, 334.21, 494.28, 28.26, 13.50
5.13, 36, white car, 115.56, 467.36, 144.85, 481.78, 130.20, 474.57, 115.56, 474.57, 144.85, 474.57, 29.30, 14.42
5.13, 26, white car, 304.74, 487.29, 332.94, 500.81, 318.84, 494.05, 304.74, 494.05, 332.94, 494.05, 28.21, 13.52
5.17, 36, white car, 114.65, 467.31, 143.82, 481.64, 129.23, 474.47, 114.65, 474.47, 143.82, 474.47, 29.17, 14.33
5.17, 26, white car, 303.96, 487.16, 331.60, 500.43, 317.78, 493.79, 303.96, 493.79, 331.60, 493.79, 27.64, 13.27
5.20, 36, white car, 113.74, 467.33, 142.52, 481.42, 128.13, 474.38, 113.74, 474.38, 142.52, 474.38, 28.78, 14.09
5.20, 26, white car, 302.64, 486.94, 330.30, 500.21, 316.47, 493.58, 302.64, 493.58, 330.30, 493.58, 27.66, 13.28
5.23, 36, white car, 112.22, 467.17, 141.42, 481.44, 126.82, 474.31, 112.22, 474.31, 141.42, 474.31, 29.20, 14.27
5.23, 26, white car, 301.21, 486.84, 328.94, 500.14, 315.07, 493.49, 301.21, 493.49, 328.94, 493.49, 27.73, 13.30
5.27, 36, white car, 111.54, 467.03, 140.51, 481.14, 126.03, 474.09, 111.54, 474.09, 140.51, 474.09, 28.97, 14.11
5.27, 26, white car, 300.04, 486.84, 327.79, 500.15, 313.91, 493.50, 300.04, 493.50, 327.79, 493.50, 27.75, 13.31
5.30, 36, white car, 110.20, 466.88, 139.77, 481.26, 124.99, 474.07, 110.20, 474.07, 139.77, 474.07, 29.58, 14.38
5.30, 26, white car, 298.84, 486.88, 326.40, 500.09, 312.62, 493.49, 298.84, 493.49, 326.40, 493.49, 27.56, 13.21
5.33, 36, white car, 109.08, 466.63, 139.09, 481.20, 124.09, 473.92, 109.08, 473.92, 139.09, 473.92, 30.01, 14.57
5.33, 26, white car, 297.23, 486.53, 325.16, 499.90, 311.20, 493.21, 297.23, 493.21, 325.16, 493.21, 27.92, 13.38
5.37, 36, white car, 108.00, 466.56, 138.07, 481.17, 123.04, 473.86, 108.00, 473.86, 138.07, 473.86, 30.07, 14.61
5.37, 26, white car, 295.74, 486.32, 323.46, 499.62, 309.60, 492.97, 295.74, 492.97, 323.46, 492.97, 27.72, 13.30
5.40, 36, white car, 107.05, 466.46, 137.16, 481.10, 122.11, 473.78, 107.05, 473.78, 137.16, 473.78, 30.12, 14.64
5.40, 26, white car, 294.59, 486.10, 322.63, 499.59, 308.61, 492.84, 294.59, 492.84, 322.63, 492.84, 28.04, 13.49
5.43, 36, white car, 106.02, 466.50, 135.55, 480.88, 120.79, 473.69, 106.02, 473.69, 135.55, 473.69, 29.53, 14.37
5.43, 26, white car, 293.44, 485.95, 322.03, 499.75, 307.73, 492.85, 293.44, 492.85, 322.03, 492.85, 28.60, 13.80
5.47, 36, white car, 104.82, 466.51, 134.44, 480.97, 119.63, 473.74, 104.82, 473.74, 134.44, 473.74, 29.62, 14.46
5.47, 26, white car, 292.16, 485.64, 321.27, 499.73, 306.71, 492.69, 292.16, 492.69, 321.27, 492.69, 29.10, 14.09
5.50, 36, white car, 103.77, 466.40, 133.43, 480.90, 118.60, 473.65, 103.77, 473.65, 133.43, 473.65, 29.66, 14.49
5.50, 26, white car, 290.94, 485.54, 319.96, 499.68, 305.45, 492.61, 290.94, 492.61, 319.96, 492.61, 29.02, 14.14
5.53, 36, white car, 102.69, 466.19, 132.55, 480.80, 117.62, 473.49, 102.69, 473.49, 132.55, 473.49, 29.86, 14.61
5.53, 26, white car, 289.95, 485.52, 318.69, 499.58, 304.32, 492.55, 289.95, 492.55, 318.69, 492.55, 28.75, 14.05
5.57, 36, white car, 102.02, 466.05, 131.99, 480.74, 117.00, 473.40, 102.02, 473.40, 131.99, 473.40, 29.97, 14.69
5.57, 26, white car, 288.98, 485.35, 317.23, 499.19, 303.11, 492.27, 288.98, 492.27, 317.23, 492.27, 28.25, 13.84
5.60, 36, white car, 101.01, 465.85, 131.07, 480.63, 116.04, 473.24, 101.01, 473.24, 131.07, 473.24, 30.06, 14.78
5.60, 26, white car, 287.59, 485.40, 314.92, 498.84, 301.25, 492.12, 287.59, 492.12, 314.92, 492.12, 27.33, 13.43
5.63, 36, white car, 99.85, 465.59, 130.38, 480.67, 115.11, 473.13, 99.85, 473.13, 130.38, 473.13, 30.53, 15.08
5.63, 26, white car, 286.30, 485.37, 313.44, 498.73, 299.87, 492.05, 286.30, 492.05, 313.44, 492.05, 27.14, 13.36
5.67, 36, white car, 98.48, 465.38, 129.01, 480.50, 113.75, 472.94, 98.48, 472.94, 129.01, 472.94, 30.53, 15.12
5.67, 26, white car, 285.32, 485.42, 312.31, 498.68, 298.81, 492.05, 285.32, 492.05, 312.31, 492.05, 26.99, 13.26
5.70, 36, white car, 97.72, 465.42, 128.07, 480.46, 112.89, 472.94, 97.72, 472.94, 128.07, 472.94, 30.35, 15.04
5.70, 26, white car, 284.38, 485.45, 311.24, 498.61, 297.81, 492.03, 284.38, 492.03, 311.24, 492.03, 26.86, 13.17
5.73, 36, white car, 96.34, 465.11, 126.92, 480.31, 111.63, 472.71, 96.34, 472.71, 126.92, 472.71, 30.58, 15.20
5.73, 26, white car, 283.38, 485.27, 310.29, 498.42, 296.83, 491.85, 283.38, 491.85, 310.29, 491.85, 26.91, 13.15
5.77, 36, white car, 95.20, 464.85, 125.80, 480.10, 110.50, 472.47, 95.20, 472.47, 125.80, 472.47, 30.60, 15.25
5.77, 26, white car, 282.01, 484.95, 309.28, 498.27, 295.64, 491.61, 282.01, 491.61, 309.28, 491.61, 27.27, 13.32
5.80, 36, white car, 94.15, 464.70, 124.92, 480.08, 109.53, 472.39, 94.15, 472.39, 124.92, 472.39, 30.77, 15.39
5.80, 26, white car, 280.89, 484.89, 308.03, 498.14, 294.46, 491.51, 280.89, 491.51, 308.03, 491.51, 27.13, 13.25
5.83, 36, white car, 92.83, 464.43, 123.93, 480.02, 108.38, 472.23, 92.83, 472.23, 123.93, 472.23, 31.10, 15.59
5.83, 26, white car, 279.57, 484.81, 306.76, 498.08, 293.17, 491.45, 279.57, 491.45, 306.76, 491.45, 27.18, 13.27
5.87, 36, white car, 91.74, 464.20, 122.59, 479.75, 107.17, 471.97, 91.74, 471.97, 122.59, 471.97, 30.85, 15.54
5.87, 26, white car, 278.26, 484.69, 305.48, 497.98, 291.87, 491.33, 278.26, 491.33, 305.48, 491.33, 27.22, 13.29
5.90, 36, white car, 90.41, 464.02, 121.17, 479.62, 105.79, 471.82, 90.41, 471.82, 121.17, 471.82, 30.76, 15.60
5.90, 26, white car, 276.93, 484.59, 304.21, 497.88, 290.57, 491.24, 276.93, 491.24, 304.21, 491.24, 27.28, 13.29
5.93, 36, white car, 89.23, 463.86, 119.70, 479.40, 104.47, 471.63, 89.23, 471.63, 119.70, 471.63, 30.47, 15.53
5.93, 26, white car, 275.85, 484.35, 303.24, 497.65, 289.55, 491.00, 275.85, 491.00, 303.24, 491.00, 27.38, 13.30
5.97, 36, white car, 88.17, 463.68, 118.43, 479.16, 103.30, 471.42, 88.17, 471.42, 118.43, 471.42, 30.25, 15.49
5.97, 26, white car, 274.77, 484.20, 302.27, 497.48, 288.52, 490.84, 274.77, 490.84, 302.27, 490.84, 27.49, 13.28
6.00, 36, white car, 87.24, 463.57, 117.59, 479.15, 102.42, 471.36, 87.24, 471.36, 117.59, 471.36, 30.35, 15.58
6.00, 26, white car, 273.71, 484.13, 301.05, 497.27, 287.38, 490.70, 273.71, 490.70, 301.05, 490.70, 27.34, 13.14
6.03, 36, white car, 86.63, 463.50, 116.90, 479.03, 101.77, 471.26, 86.63, 471.26, 116.90, 471.26, 30.27, 15.54
6.03, 26, white car, 272.62, 484.12, 299.84, 497.13, 286.23, 490.63, 272.62, 490.63, 299.84, 490.63, 27.23, 13.01
6.07, 36, white car, 85.96, 463.55, 116.00, 478.95, 100.98, 471.25, 85.96, 471.25, 116.00, 471.25, 30.04, 15.41
6.07, 26, white car, 271.44, 484.02, 298.64, 496.95, 285.04, 490.49, 271.44, 490.49, 298.64, 490.49, 27.20, 12.93
6.10, 36, white car, 85.00, 463.45, 115.13, 478.91, 100.07, 471.18, 85.00, 471.18, 115.13, 471.18, 30.13, 15.46
6.10, 26, white car, 270.32, 484.04, 297.39, 496.86, 283.86, 490.45, 270.32, 490.45, 297.39, 490.45, 27.07, 12.82
6.13, 36, white car, 83.61, 463.37, 113.64, 478.74, 98.63, 471.06, 83.61, 471.06, 113.64, 471.06, 30.03, 15.38
6.13, 26, white car, 268.90, 483.79, 296.60, 496.87, 282.75, 490.33, 268.90, 490.33, 296.60, 490.33, 27.70, 13.08
6.17, 36, white car, 82.29, 463.15, 112.44, 478.54, 97.37, 470.85, 82.29, 470.85, 112.44, 470.85, 30.14, 15.39
6.17, 26, white car, 267.87, 483.55, 295.87, 496.74, 281.87, 490.14, 267.87, 490.14, 295.87, 490.14, 28.00, 13.18
6.20, 36, white car, 80.80, 462.91, 111.45, 478.54, 96.12, 470.72, 80.80, 470.72, 111.45, 470.72, 30.64, 15.62
6.20, 26, white car, 266.85, 483.37, 294.93, 496.57, 280.89, 489.97, 266.85, 489.97, 294.93, 489.97, 28.08, 13.21
6.23, 36, white car, 79.58, 462.77, 109.99, 478.24, 94.79, 470.51, 79.58, 470.51, 109.99, 470.51, 30.41, 15.47
6.23, 26, white car, 265.23, 483.10, 293.94, 496.58, 279.58, 489.84, 265.23, 489.84, 293.94, 489.84, 28.71, 13.47
6.27, 36, white car, 78.43, 462.72, 108.61, 478.12, 93.52, 470.42, 78.43, 470.42, 108.61, 470.42, 30.18, 15.40
6.27, 26, white car, 264.09, 482.84, 293.10, 496.49, 278.59, 489.67, 264.09, 489.67, 293.10, 489.67, 29.01, 13.64
6.30, 36, white car, 77.33, 462.66, 107.65, 478.22, 92.49, 470.44, 77.33, 470.44, 107.65, 470.44, 30.32, 15.56
6.30, 26, white car, 262.82, 482.68, 291.91, 496.39, 277.36, 489.53, 262.82, 489.53, 291.91, 489.53, 29.09, 13.71
6.33, 36, white car, 75.91, 462.51, 105.75, 477.86, 90.83, 470.19, 75.91, 470.19, 105.75, 470.19, 29.85, 15.35
6.37, 36, white car, 74.51, 462.37, 104.47, 477.81, 89.49, 470.09, 74.51, 470.09, 104.47, 470.09, 29.96, 15.45
6.37, 26, white car, 261.22, 482.84, 289.49, 496.15, 275.35, 489.49, 261.22, 489.49, 289.49, 489.49, 28.27, 13.31
6.40, 36, white car, 73.19, 462.18, 103.50, 477.90, 88.35, 470.04, 73.19, 470.04, 103.50, 470.04, 30.31, 15.72
6.40, 26, white car, 260.15, 482.82, 288.44, 496.12, 274.29, 489.47, 260.15, 489.47, 288.44, 489.47, 28.29, 13.31
6.43, 36, white car, 72.41, 462.04, 102.67, 477.77, 87.54, 469.90, 72.41, 469.90, 102.67, 469.90, 30.26, 15.73
6.47, 36, white car, 71.59, 462.04, 101.47, 477.55, 86.53, 469.79, 71.59, 469.79, 101.47, 469.79, 29.88, 15.51
6.47, 26, white car, 257.91, 482.59, 286.02, 495.80, 271.96, 489.19, 257.91, 489.19, 286.02, 489.19, 28.10, 13.22
6.50, 36, white car, 70.38, 462.08, 99.77, 477.34, 85.07, 469.71, 70.38, 469.71, 99.77, 469.71, 29.39, 15.26
6.50, 26, white car, 256.66, 482.44, 284.55, 495.55, 270.61, 488.99, 256.66, 488.99, 284.55, 488.99, 27.89, 13.11
6.53, 36, white car, 69.21, 462.18, 98.31, 477.26, 83.76, 469.72, 69.21, 469.72, 98.31, 469.72, 29.10, 15.09
6.57, 36, white car, 68.01, 462.07, 97.09, 477.10, 82.55, 469.59, 68.01, 469.59, 97.09, 469.59, 29.08, 15.02
6.57, 26, white car, 254.39, 482.54, 281.89, 495.39, 268.14, 488.96, 254.39, 488.96, 281.89, 488.96, 27.50, 12.85
6.60, 36, white car, 66.87, 462.09, 95.84, 477.04, 81.36, 469.57, 66.87, 469.57, 95.84, 469.57, 28.97, 14.95
6.60, 26, white car, 253.21, 482.39, 280.86, 495.25, 267.04, 488.82, 253.21, 488.82, 280.86, 488.82, 27.65, 12.87
6.63, 36, white car, 65.40, 462.05, 94.20, 476.89, 79.80, 469.47, 65.40, 469.47, 94.20, 469.47, 28.79, 14.84
6.63, 26, white car, 251.73, 481.97, 280.20, 495.21, 265.97, 488.59, 251.73, 488.59, 280.20, 488.59, 28.47, 13.24
6.67, 36, white car, 64.08, 461.88, 93.04, 476.80, 78.56, 469.34, 64.08, 469.34, 93.04, 469.34, 28.96, 14.92
6.67, 26, white car, 250.47, 481.86, 279.00, 495.12, 264.73, 488.49, 250.47, 488.49, 279.00, 488.49, 28.53, 13.26
6.70, 36, white car, 62.93, 461.67, 92.06, 476.69, 77.50, 469.18, 62.93, 469.18, 92.06, 469.18, 29.13, 15.02
6.70, 26, white car, 249.10, 481.77, 277.71, 495.07, 263.41, 488.42, 249.10, 488.42, 277.71, 488.42, 28.61, 13.30
6.73, 36, white car, 61.53, 461.19, 91.45, 476.65, 76.49, 468.92, 61.53, 468.92, 91.45, 468.92, 29.92, 15.46
6.73, 26, white car, 247.90, 481.68, 276.48, 494.98, 262.19, 488.33, 247.90, 488.33, 276.48, 488.33, 28.58, 13.30
6.77, 36, white car, 60.28, 461.06, 90.22, 476.55, 75.25, 468.81, 60.28, 468.81, 90.22, 468.81, 29.94, 15.49
6.77, 26, white car, 246.86, 481.64, 275.42, 494.95, 261.14, 488.30, 246.86, 488.30, 275.42, 488.30, 28.56, 13.31
6.80, 36, white car, 59.53, 461.14, 88.94, 476.31, 74.23, 468.72, 59.53, 468.72, 88.94, 468.72, 29.40, 15.17
6.80, 26, white car, 245.95, 481.51, 274.72, 494.95, 260.34, 488.23, 245.95, 488.23, 274.72, 488.23, 28.77, 13.44
6.83, 36, white car, 58.46, 461.07, 87.69, 476.12, 73.08, 468.60, 58.46, 468.60, 87.69, 468.60, 29.22, 15.04
6.83, 26, white car, 244.99, 481.31, 273.87, 494.81, 259.43, 488.06, 244.99, 488.06, 273.87, 488.06, 28.87, 13.50
6.87, 36, white car, 57.08, 461.03, 86.37, 476.05, 71.72, 468.54, 57.08, 468.54, 86.37, 468.54, 29.29, 15.03
6.87, 26, white car, 243.89, 481.07, 273.16, 494.77, 258.52, 487.92, 243.89, 487.92, 273.16, 487.92, 29.27, 13.70
6.90, 36, white car, 56.26, 460.87, 85.08, 475.59, 70.67, 468.23, 56.26, 468.23, 85.08, 468.23, 28.82, 14.72
6.90, 26, white car, 242.75, 480.90, 272.01, 494.60, 257.38, 487.75, 242.75, 487.75, 272.01, 487.75, 29.26, 13.70
6.93, 36, white car, 54.92, 460.72, 84.23, 475.65, 69.57, 468.18, 54.92, 468.18, 84.23, 468.18, 29.31, 14.94
6.97, 36, white car, 53.78, 460.69, 83.14, 475.60, 68.46, 468.14, 53.78, 468.14, 83.14, 468.14, 29.36, 14.91
6.97, 26, white car, 240.39, 480.63, 269.47, 494.24, 254.93, 487.44, 240.39, 487.44, 269.47, 487.44, 29.07, 13.61
7.00, 36, white car, 52.78, 460.82, 81.43, 475.31, 67.11, 468.07, 52.78, 468.07, 81.43, 468.07, 28.65, 14.49
7.00, 26, white car, 239.54, 480.45, 268.56, 494.04, 254.05, 487.25, 239.54, 487.25, 268.56, 487.25, 29.02, 13.59
7.03, 36, white car, 51.72, 460.91, 79.97, 475.17, 65.85, 468.04, 51.72, 468.04, 79.97, 468.04, 28.25, 14.26
7.03, 26, white car, 238.60, 480.26, 267.43, 493.78, 253.02, 487.02, 238.60, 487.02, 267.43, 487.02, 28.83, 13.52
7.07, 36, white car, 50.32, 460.76, 78.67, 475.06, 64.49, 467.91, 50.32, 467.91, 78.67, 467.91, 28.35, 14.30
7.07, 26, white car, 237.36, 480.13, 265.72, 493.44, 251.54, 486.79, 237.36, 486.79, 265.72, 486.79, 28.36, 13.31
7.10, 36, white car, 48.86, 460.33, 77.77, 474.91, 63.32, 467.62, 48.86, 467.62, 77.77, 467.62, 28.90, 14.57
7.10, 26, white car, 236.12, 479.96, 264.53, 493.33, 250.33, 486.64, 236.12, 486.64, 264.53, 486.64, 28.41, 13.37
7.13, 36, white car, 47.41, 460.06, 76.90, 474.90, 62.15, 467.48, 47.41, 467.48, 76.90, 467.48, 29.48, 14.85
7.13, 26, white car, 234.87, 479.84, 263.33, 493.27, 249.10, 486.56, 234.87, 486.56, 263.33, 486.56, 28.46, 13.42
7.17, 36, white car, 46.35, 459.95, 76.02, 474.89, 61.18, 467.42, 46.35, 467.42, 76.02, 467.42, 29.67, 14.94
7.20, 36, white car, 45.22, 459.85, 74.74, 474.69, 59.98, 467.27, 45.22, 467.27, 74.74, 467.27, 29.52, 14.84
7.20, 26, white car, 232.63, 479.57, 261.46, 493.19, 247.04, 486.38, 232.63, 486.38, 261.46, 486.38, 28.83, 13.63
7.23, 36, white car, 43.81, 459.70, 73.22, 474.43, 58.52, 467.07, 43.81, 467.07, 73.22, 467.07, 29.41, 14.73
7.23, 26, white car, 231.48, 479.37, 260.91, 493.34, 246.19, 486.36, 231.48, 486.36, 260.91, 486.36, 29.42, 13.97
7.27, 36, white car, 42.93, 459.75, 71.91, 474.20, 57.42, 466.98, 42.93, 466.98, 71.91, 466.98, 28.97, 14.45
7.27, 26, white car, 230.34, 479.23, 259.67, 493.21, 245.01, 486.22, 230.34, 486.22, 259.67, 486.22, 29.34, 13.99
7.30, 36, white car, 41.86, 459.65, 70.60, 473.89, 56.23, 466.77, 41.86, 466.77, 70.60, 466.77, 28.74, 14.24
7.30, 26, white car, 229.51, 479.25, 258.58, 493.14, 244.05, 486.20, 229.51, 486.20, 258.58, 486.20, 29.07, 13.90
7.33, 36, white car, 40.49, 459.39, 69.15, 473.53, 54.82, 466.46, 40.49, 466.46, 69.15, 466.46, 28.65, 14.14
7.33, 26, white car, 228.57, 479.11, 257.43, 492.91, 243.00, 486.01, 228.57, 486.01, 257.43, 486.01, 28.86, 13.79
7.37, 36, white car, 39.44, 459.42, 67.82, 473.40, 53.63, 466.41, 39.44, 466.41, 67.82, 466.41, 28.38, 13.97
7.37, 26, white car, 227.77, 479.04, 256.27, 492.65, 242.02, 485.85, 227.77, 485.85, 256.27, 485.85, 28.50, 13.61
7.40, 36, white car, 38.28, 459.30, 66.62, 473.26, 52.45, 466.28, 38.28, 466.28, 66.62, 466.28, 28.34, 13.95
7.40, 26, white car, 226.96, 478.96, 254.98, 492.28, 240.97, 485.62, 226.96, 485.62, 254.98, 485.62, 28.02, 13.32
7.43, 36, white car, 37.12, 459.04, 65.38, 473.03, 51.25, 466.04, 37.12, 466.04, 65.38, 466.04, 28.26, 13.99
7.43, 26, white car, 225.93, 478.83, 253.89, 492.04, 239.91, 485.44, 225.93, 485.44, 253.89, 485.44, 27.96, 13.21
7.47, 36, white car, 35.96, 459.11, 63.78, 472.95, 49.87, 466.03, 35.96, 466.03, 63.78, 466.03, 27.82, 13.84
7.47, 26, white car, 224.81, 478.67, 253.39, 492.12, 239.10, 485.39, 224.81, 485.39, 253.39, 485.39, 28.59, 13.46
7.50, 36, white car, 34.67, 459.06, 62.47, 472.91, 48.57, 465.99, 34.67, 465.99, 62.47, 465.99, 27.81, 13.85
7.50, 26, white car, 223.68, 478.55, 252.32, 491.96, 238.00, 485.26, 223.68, 485.26, 252.32, 485.26, 28.64, 13.41
7.53, 36, white car, 32.97, 458.69, 61.41, 472.85, 47.19, 465.77, 32.97, 465.77, 61.41, 465.77, 28.44, 14.16
7.53, 26, white car, 222.18, 478.36, 251.04, 491.88, 236.61, 485.12, 222.18, 485.12, 251.04, 485.12, 28.86, 13.52
7.57, 36, white car, 31.71, 458.49, 60.17, 472.67, 45.94, 465.58, 31.71, 465.58, 60.17, 465.58, 28.47, 14.18
7.57, 26, white car, 221.32, 478.34, 249.81, 491.68, 235.57, 485.01, 221.32, 485.01, 249.81, 485.01, 28.50, 13.33
7.60, 36, white car, 30.67, 458.28, 58.96, 472.38, 44.81, 465.33, 30.67, 465.33, 58.96, 465.33, 28.29, 14.10
7.60, 26, white car, 220.40, 478.40, 248.55, 491.59, 234.47, 485.00, 220.40, 485.00, 248.55, 485.00, 28.15, 13.19
7.63, 36, white car, 29.42, 458.18, 57.55, 472.19, 43.49, 465.19, 29.42, 465.19, 57.55, 465.19, 28.13, 14.01
7.67, 36, white car, 28.27, 457.88, 56.13, 471.71, 42.20, 464.80, 28.27, 464.80, 56.13, 464.80, 27.87, 13.83
7.70, 36, white car, 25.90, 457.26, 55.38, 471.86, 40.64, 464.56, 25.90, 464.56, 55.38, 464.56, 29.49, 14.60
7.70, 26, white car, 217.59, 478.15, 246.37, 491.66, 231.98, 484.91, 217.59, 484.91, 246.37, 484.91, 28.78, 13.51
7.73, 36, white car, 24.25, 456.87, 54.51, 471.83, 39.38, 464.35, 24.25, 464.35, 54.51, 464.35, 30.25, 14.97
7.73, 26, white car, 216.47, 478.17, 245.22, 491.71, 230.84, 484.94, 216.47, 484.94, 245.22, 484.94, 28.75, 13.53
7.77, 36, white car, 22.23, 456.47, 52.84, 471.64, 37.53, 464.06, 22.23, 464.06, 52.84, 464.06, 30.61, 15.16
7.77, 26, white car, 215.27, 478.27, 243.63, 491.58, 229.45, 484.93, 215.27, 484.93, 243.63, 484.93, 28.36, 13.32
7.80, 36, white car, 19.57, 456.11, 50.73, 471.57, 35.15, 463.84, 19.57, 463.84, 50.73, 463.84, 31.16, 15.46
7.80, 26, white car, 214.00, 477.97, 242.63, 491.42, 228.32, 484.70, 214.00, 484.70, 242.63, 484.70, 28.63, 13.45
7.83, 36, white car, 18.03, 455.86, 49.18, 471.34, 33.61, 463.60, 18.03, 463.60, 49.18, 463.60, 31.15, 15.49
7.87, 36, white car, 16.77, 455.80, 48.09, 471.41, 32.43, 463.60, 16.77, 463.60, 48.09, 463.60, 31.31, 15.61
7.90, 36, white car, 15.85, 455.56, 46.83, 471.03, 31.34, 463.29, 15.85, 463.29, 46.83, 463.29, 30.97, 15.48
7.93, 36, white car, 14.83, 455.57, 45.28, 470.79, 30.06, 463.18, 14.83, 463.18, 45.28, 463.18, 30.45, 15.22
7.97, 36, white car, 13.62, 455.69, 43.10, 470.46, 28.36, 463.08, 13.62, 463.08, 43.10, 463.08, 29.48, 14.77
8.00, 36, white car, 12.96, 455.70, 41.60, 470.06, 27.28, 462.88, 12.96, 462.88, 41.60, 462.88, 28.64, 14.36
8.03, 36, white car, 11.80, 455.51, 40.73, 470.01, 26.27, 462.76, 11.80, 462.76, 40.73, 462.76, 28.93, 14.50
8.07, 36, white car, 10.30, 455.33, 39.34, 469.93, 24.82, 462.63, 10.30, 462.63, 39.34, 462.63, 29.04, 14.60
8.10, 36, white car, 9.01, 455.13, 37.90, 469.68, 23.45, 462.40, 9.01, 462.40, 37.90, 462.40, 28.89, 14.55
8.13, 36, white car, 6.67, 454.69, 36.08, 469.60, 21.38, 462.15, 6.67, 462.15, 36.08, 462.15, 29.41, 14.90
8.17, 36, white car, 5.14, 454.43, 34.24, 469.25, 19.69, 461.84, 5.14, 461.84, 34.24, 461.84, 29.11, 14.82
8.20, 36, white car, 3.16, 454.09, 32.49, 469.01, 17.82, 461.55, 3.16, 461.55, 32.49, 461.55, 29.34, 14.92
8.23, 36, white car, 1.35, 453.90, 30.29, 468.69, 15.82, 461.30, 1.35, 461.30, 30.29, 461.30, 28.94, 14.79
8.27, 36, white car, 0.58, 453.83, 29.00, 468.41, 14.79, 461.12, 0.58, 461.12, 29.00, 461.12, 28.42, 14.59
8.30, 36, white car, 0.00, 453.60, 27.76, 468.50, 13.88, 461.05, 0.00, 461.05, 27.76, 461.05, 27.76, 14.90
8.33, 36, white car, 0.00, 453.50, 26.83, 468.19, 13.42, 460.85, 0.00, 460.85, 26.83, 460.85, 26.83, 14.69
8.37, 36, white car, 0.00, 453.60, 26.03, 468.02, 13.02, 460.81, 0.00, 460.81, 26.03, 460.81, 26.03, 14.42
8.40, 36, white car, 0.00, 453.49, 24.62, 468.10, 12.31, 460.79, 0.00, 460.79, 24.62, 460.79, 24.62, 14.62
8.53, 36, white car, 0.00, 453.34, 21.18, 467.67, 10.59, 460.50, 0.00, 460.50, 21.18, 460.50, 21.18, 14.34
8.57, 36, white car, 0.00, 453.38, 19.87, 467.37, 9.94, 460.38, 0.00, 460.38, 19.87, 460.38, 19.87, 13.99
8.60, 26, white car, 187.18, 475.01, 215.47, 488.32, 201.32, 481.67, 187.18, 481.67, 215.47, 481.67, 28.29, 13.31
8.63, 26, white car, 185.84, 474.99, 214.60, 488.48, 200.22, 481.74, 185.84, 481.74, 214.60, 481.74, 28.76, 13.49
8.63, 36, white car, 0.00, 453.32, 17.40, 467.12, 8.70, 460.22, 0.00, 460.22, 17.40, 460.22, 17.40, 13.80
8.67, 26, white car, 184.80, 474.42, 213.91, 488.16, 199.35, 481.29, 184.80, 481.29, 213.91, 481.29, 29.11, 13.73
8.70, 26, white car, 183.93, 474.08, 213.23, 487.98, 198.58, 481.03, 183.93, 481.03, 213.23, 481.03, 29.30, 13.90
8.73, 26, white car, 183.07, 474.04, 212.36, 487.97, 197.71, 481.01, 183.07, 481.01, 212.36, 481.01, 29.28, 13.93
8.77, 26, white car, 182.38, 473.89, 211.32, 487.65, 196.85, 480.77, 182.38, 480.77, 211.32, 480.77, 28.95, 13.77
8.80, 26, white car, 181.64, 474.35, 209.96, 487.79, 195.80, 481.07, 181.64, 481.07, 209.96, 481.07, 28.33, 13.44
8.83, 26, white car, 180.97, 474.70, 208.63, 487.81, 194.80, 481.26, 180.97, 481.26, 208.63, 481.26, 27.66, 13.11
8.87, 26, white car, 179.52, 474.72, 207.17, 487.83, 193.35, 481.27, 179.52, 481.27, 207.17, 481.27, 27.65, 13.10
8.90, 26, white car, 178.42, 474.76, 206.08, 487.88, 192.25, 481.32, 178.42, 481.32, 206.08, 481.32, 27.66, 13.12
8.93, 26, white car, 177.15, 474.55, 204.98, 487.78, 191.07, 481.17, 177.15, 481.17, 204.98, 481.17, 27.84, 13.23
8.97, 26, white car, 176.21, 474.13, 204.20, 487.45, 190.20, 480.79, 176.21, 480.79, 204.20, 480.79, 27.99, 13.32
9.00, 26, white car, 175.08, 473.80, 203.36, 487.24, 189.22, 480.52, 175.08, 480.52, 203.36, 480.52, 28.29, 13.44
9.03, 26, white car, 174.11, 473.78, 201.83, 486.94, 187.97, 480.36, 174.11, 480.36, 201.83, 480.36, 27.72, 13.16
9.07, 26, white car, 172.88, 473.49, 200.64, 486.65, 186.76, 480.07, 172.88, 480.07, 200.64, 480.07, 27.77, 13.16
9.10, 26, white car, 171.88, 473.28, 199.73, 486.46, 185.81, 479.87, 171.88, 479.87, 199.73, 479.87, 27.85, 13.18
9.13, 26, white car, 170.87, 473.17, 198.65, 486.27, 184.76, 479.72, 170.87, 479.72, 198.65, 479.72, 27.78, 13.11
9.17, 26, white car, 169.49, 472.97, 197.18, 486.02, 183.33, 479.50, 169.49, 479.50, 197.18, 479.50, 27.69, 13.05
9.20, 26, white car, 167.45, 472.90, 194.72, 485.74, 181.08, 479.32, 167.45, 479.32, 194.72, 479.32, 27.27, 12.85
9.23, 26, white car, 166.11, 472.82, 193.40, 485.75, 179.75, 479.28, 166.11, 479.28, 193.40, 479.28, 27.29, 12.93
9.37, 26, white car, 157.86, 472.74, 185.08, 485.54, 171.47, 479.14, 157.86, 479.14, 185.08, 479.14, 27.22, 12.80
9.40, 26, white car, 156.85, 472.85, 183.64, 485.39, 170.25, 479.12, 156.85, 479.12, 183.64, 479.12, 26.79, 12.55
9.43, 26, white car, 155.68, 472.78, 182.76, 485.47, 169.22, 479.13, 155.68, 479.13, 182.76, 479.13, 27.08, 12.69
9.47, 26, white car, 155.21, 472.86, 182.49, 485.65, 168.85, 479.25, 155.21, 479.25, 182.49, 479.25, 27.28, 12.79
9.50, 26, white car, 154.53, 472.38, 181.91, 485.23, 168.22, 478.80, 154.53, 478.80, 181.91, 478.80, 27.37, 12.84
9.53, 26, white car, 153.84, 472.16, 181.32, 485.11, 167.58, 478.63, 153.84, 478.63, 181.32, 478.63, 27.48, 12.95
9.57, 26, white car, 153.22, 472.22, 180.39, 485.04, 166.81, 478.63, 153.22, 478.63, 180.39, 478.63, 27.17, 12.82
9.60, 26, white car, 152.32, 472.02, 179.39, 484.80, 165.86, 478.41, 152.32, 478.41, 179.39, 478.41, 27.06, 12.78
9.63, 26, white car, 151.45, 471.88, 178.65, 484.74, 165.05, 478.31, 151.45, 478.31, 178.65, 478.31, 27.20, 12.86
9.67, 26, white car, 150.54, 471.62, 177.93, 484.60, 164.23, 478.11, 150.54, 478.11, 177.93, 478.11, 27.39, 12.98
9.70, 26, white car, 149.18, 471.21, 176.95, 484.41, 163.07, 477.81, 149.18, 477.81, 176.95, 477.81, 27.77, 13.20
9.73, 26, white car, 148.13, 471.00, 176.16, 484.33, 162.14, 477.67, 148.13, 477.67, 176.16, 477.67, 28.03, 13.33
9.77, 26, white car, 146.55, 470.85, 174.51, 484.16, 160.53, 477.50, 146.55, 477.50, 174.51, 477.50, 27.96, 13.31
9.80, 26, white car, 145.12, 470.90, 172.88, 484.12, 159.00, 477.51, 145.12, 477.51, 172.88, 477.51, 27.76, 13.22
9.83, 26, white car, 143.90, 471.00, 171.35, 484.08, 157.63, 477.54, 143.90, 477.54, 171.35, 477.54, 27.45, 13.08
9.87, 26, white car, 142.73, 471.01, 169.89, 483.93, 156.31, 477.47, 142.73, 477.47, 169.89, 477.47, 27.16, 12.92
9.90, 26, white car, 141.39, 470.89, 168.29, 483.67, 154.84, 477.28, 141.39, 477.28, 168.29, 477.28, 26.90, 12.78
9.93, 26, white car, 140.27, 470.77, 167.33, 483.59, 153.80, 477.18, 140.27, 477.18, 167.33, 477.18, 27.06, 12.83
9.97, 26, white car, 139.01, 470.76, 165.89, 483.47, 152.45, 477.12, 139.01, 477.12, 165.89, 477.12, 26.88, 12.71
