0.00, 19, black car, 1163.98, 554.70, 1194.96, 567.42, 1179.47, 561.06, 1163.98, 561.06, 1194.96, 561.06, 30.97, 12.72
0.03, 19, black car, 1160.77, 554.56, 1191.70, 567.25, 1176.24, 560.90, 1160.77, 560.90, 1191.70, 560.90, 30.92, 12.69
0.07, 19, black car, 1157.53, 554.24, 1188.66, 567.00, 1173.10, 560.62, 1157.53, 560.62, 1188.66, 560.62, 31.13, 12.77
0.07, 29, white car, 779.88, 535.60, 813.03, 549.85, 796.46, 542.72, 779.88, 542.72, 813.03, 542.72, 33.15, 14.25
0.10, 19, black car, 1154.11, 554.26, 1184.74, 566.80, 1169.42, 560.53, 1154.11, 560.53, 1184.74, 560.53, 30.63, 12.55
0.13, 19, black car, 1151.13, 554.09, 1181.94, 566.71, 1166.54, 560.40, 1151.13, 560.40, 1181.94, 560.40, 30.82, 12.62
0.17, 19, black car, 1147.32, 554.04, 1177.64, 566.45, 1162.48, 560.25, 1147.32, 560.25, 1177.64, 560.25, 30.32, 12.41
0.20, 19, black car, 1144.37, 553.81, 1174.37, 566.03, 1159.37, 559.92, 1144.37, 559.92, 1174.37, 559.92, 30.00, 12.23
0.20, 29, white car, 769.36, 534.77, 802.39, 548.98, 785.87, 541.87, 769.36, 541.87, 802.39, 541.87, 33.03, 14.21
0.23, 19, black car, 1140.70, 553.52, 1172.02, 566.27, 1156.36, 559.90, 1140.70, 559.90, 1172.02, 559.90, 31.32, 12.75
0.27, 19, black car, 1137.31, 553.38, 1169.09, 566.31, 1153.20, 559.84, 1137.31, 559.84, 1169.09, 559.84, 31.77, 12.94
0.30, 19, black car, 1133.67, 553.27, 1165.75, 566.34, 1149.71, 559.80, 1133.67, 559.80, 1165.75, 559.80, 32.08, 13.07
0.30, 29, white car, 760.14, 533.93, 794.36, 548.66, 777.25, 541.29, 760.14, 541.29, 794.36, 541.29, 34.22, 14.73
0.33, 19, black car, 1130.42, 553.18, 1162.26, 566.15, 1146.34, 559.67, 1130.42, 559.67, 1162.26, 559.67, 31.84, 12.96
0.33, 29, white car, 757.29, 533.82, 791.74, 548.67, 774.52, 541.24, 757.29, 541.24, 791.74, 541.24, 34.45, 14.85
0.37, 19, black car, 1127.08, 553.10, 1158.58, 565.93, 1142.83, 559.51, 1127.08, 559.51, 1158.58, 559.51, 31.50, 12.84
0.37, 29, white car, 753.67, 533.54, 788.44, 548.55, 771.05, 541.05, 753.67, 541.05, 788.44, 541.05, 34.77, 15.01
0.40, 19, black car, 1123.76, 552.94, 1155.63, 565.95, 1139.70, 559.44, 1123.76, 559.44, 1155.63, 559.44, 31.87, 13.02
0.40, 29, white car, 750.41, 533.35, 785.22, 548.44, 767.81, 540.89, 750.41, 540.89, 785.22, 540.89, 34.81, 15.08
0.43, 19, black car, 1120.25, 552.87, 1152.30, 566.02, 1136.28, 559.45, 1120.25, 559.45, 1152.30, 559.45, 32.05, 13.15
0.43, 29, white car, 747.61, 533.19, 782.36, 548.29, 764.98, 540.74, 747.61, 540.74, 782.36, 540.74, 34.75, 15.10
0.47, 19, black car, 1117.11, 552.67, 1148.78, 565.69, 1132.94, 559.18, 1117.11, 559.18, 1148.78, 559.18, 31.67, 13.02
0.47, 29, white car, 744.61, 532.75, 779.82, 548.10, 762.21, 540.43, 744.61, 540.43, 779.82, 540.43, 35.20, 15.36
0.50, 19, black car, 1113.70, 552.71, 1145.19, 565.64, 1129.45, 559.18, 1113.70, 559.18, 1145.19, 559.18, 31.49, 12.93
0.53, 19, black car, 1110.18, 552.49, 1141.74, 565.45, 1125.96, 558.97, 1110.18, 558.97, 1141.74, 558.97, 31.56, 12.96
0.57, 19, black car, 1107.16, 552.78, 1138.14, 565.53, 1122.65, 559.16, 1107.16, 559.16, 1138.14, 559.16, 30.98, 12.75
0.60, 19, black car, 1103.86, 552.94, 1133.83, 565.32, 1118.84, 559.13, 1103.86, 559.13, 1133.83, 559.13, 29.97, 12.39
0.63, 19, black car, 1100.97, 553.16, 1130.00, 565.12, 1115.49, 559.14, 1100.97, 559.14, 1130.00, 559.14, 29.02, 11.96
0.63, 29, white car, 731.91, 532.22, 765.65, 546.99, 748.78, 539.60, 731.91, 539.60, 765.65, 539.60, 33.74, 14.77
0.67, 19, black car, 1097.58, 553.07, 1126.72, 565.08, 1112.15, 559.07, 1097.58, 559.07, 1126.72, 559.07, 29.14, 12.01
0.70, 19, black car, 1094.62, 552.91, 1123.61, 564.87, 1109.11, 558.89, 1094.62, 558.89, 1123.61, 558.89, 28.99, 11.96
0.70, 29, white car, 726.38, 531.98, 759.82, 546.65, 743.10, 539.32, 726.38, 539.32, 759.82, 539.32, 33.44, 14.67
0.73, 19, black car, 1091.46, 552.74, 1120.94, 564.88, 1106.20, 558.81, 1091.46, 558.81, 1120.94, 558.81, 29.48, 12.14
0.73, 29, white car, 723.08, 531.82, 756.61, 546.60, 739.85, 539.21, 723.08, 539.21, 756.61, 539.21, 33.52, 14.77
0.77, 19, black car, 1088.79, 552.61, 1118.41, 564.79, 1103.60, 558.70, 1088.79, 558.70, 1118.41, 558.70, 29.62, 12.18
0.77, 29, white car, 720.35, 531.58, 753.83, 546.35, 737.09, 538.96, 720.35, 538.96, 753.83, 538.96, 33.49, 14.77
0.80, 19, black car, 1085.43, 552.64, 1115.32, 564.93, 1100.38, 558.78, 1085.43, 558.78, 1115.32, 558.78, 29.89, 12.29
0.80, 29, white car, 717.81, 531.18, 751.56, 546.10, 734.69, 538.64, 717.81, 538.64, 751.56, 538.64, 33.75, 14.92
0.83, 19, black car, 1082.18, 552.35, 1112.77, 564.89, 1097.48, 558.62, 1082.18, 558.62, 1112.77, 558.62, 30.59, 12.55
0.83, 29, white car, 715.13, 530.92, 748.42, 545.65, 731.78, 538.29, 715.13, 538.29, 748.42, 538.29, 33.29, 14.74
0.87, 19, black car, 1078.86, 552.38, 1109.25, 564.84, 1094.05, 558.61, 1078.86, 558.61, 1109.25, 558.61, 30.38, 12.47
0.87, 29, white car, 711.83, 530.42, 745.87, 545.54, 728.85, 537.98, 711.83, 537.98, 745.87, 537.98, 34.04, 15.12
0.90, 19, black car, 1075.17, 552.21, 1105.72, 564.74, 1090.44, 558.47, 1075.17, 558.47, 1105.72, 558.47, 30.55, 12.52
0.90, 29, white car, 708.67, 530.12, 743.20, 545.56, 725.93, 537.84, 708.67, 537.84, 743.20, 537.84, 34.53, 15.44
0.93, 19, black car, 1071.56, 552.15, 1101.60, 564.46, 1086.58, 558.31, 1071.56, 558.31, 1101.60, 558.31, 30.04, 12.31
0.93, 29, white car, 706.00, 530.09, 740.87, 545.71, 723.44, 537.90, 706.00, 537.90, 740.87, 537.90, 34.86, 15.62
0.97, 19, black car, 1067.79, 551.86, 1098.43, 564.43, 1083.11, 558.14, 1067.79, 558.14, 1098.43, 558.14, 30.65, 12.56
0.97, 29, white car, 703.58, 530.04, 737.90, 545.45, 720.74, 537.75, 703.58, 537.75, 737.90, 537.75, 34.32, 15.42
1.00, 19, black car, 1064.76, 551.81, 1095.53, 564.45, 1080.14, 558.13, 1064.76, 558.13, 1095.53, 558.13, 30.78, 12.64
1.00, 29, white car, 701.32, 530.03, 735.16, 545.21, 718.24, 537.62, 701.32, 537.62, 735.16, 537.62, 33.84, 15.18
1.03, 19, black car, 1061.52, 551.81, 1092.03, 564.37, 1076.78, 558.09, 1061.52, 558.09, 1092.03, 558.09, 30.51, 12.56
1.03, 29, white car, 698.10, 529.78, 731.96, 544.94, 715.03, 537.36, 698.10, 537.36, 731.96, 537.36, 33.86, 15.17
1.07, 19, black car, 1058.37, 551.62, 1088.84, 564.18, 1073.60, 557.90, 1058.37, 557.90, 1088.84, 557.90, 30.47, 12.56
1.07, 29, white car, 695.14, 529.69, 728.99, 544.86, 712.07, 537.27, 695.14, 537.27, 728.99, 537.27, 33.85, 15.17
1.10, 19, black car, 1054.62, 551.42, 1085.71, 564.25, 1070.16, 557.83, 1054.62, 557.83, 1085.71, 557.83, 31.09, 12.83
1.13, 19, black car, 1051.64, 551.20, 1083.00, 564.16, 1067.32, 557.68, 1051.64, 557.68, 1083.00, 557.68, 31.36, 12.96
1.13, 29, white car, 690.02, 529.34, 723.52, 544.32, 706.77, 536.83, 690.02, 536.83, 723.52, 536.83, 33.50, 14.98
1.17, 19, black car, 1048.55, 551.19, 1079.81, 564.12, 1064.18, 557.65, 1048.55, 557.65, 1079.81, 557.65, 31.26, 12.93
1.17, 29, white car, 687.42, 529.13, 720.94, 544.09, 704.18, 536.61, 687.42, 536.61, 720.94, 536.61, 33.51, 14.96
1.20, 19, black car, 1045.06, 551.01, 1076.58, 564.05, 1060.82, 557.53, 1045.06, 557.53, 1076.58, 557.53, 31.52, 13.04
1.20, 29, white car, 683.75, 528.70, 718.30, 544.14, 701.03, 536.42, 683.75, 536.42, 718.30, 536.42, 34.54, 15.44
1.23, 19, black car, 1041.61, 551.11, 1072.95, 564.09, 1057.28, 557.60, 1041.61, 557.60, 1072.95, 557.60, 31.34, 12.98
1.23, 29, white car, 680.62, 528.38, 715.17, 543.85, 697.90, 536.12, 680.62, 536.12, 715.17, 536.12, 34.55, 15.47
1.27, 19, black car, 1038.49, 551.18, 1069.49, 564.05, 1053.99, 557.61, 1038.49, 557.61, 1069.49, 557.61, 31.00, 12.87
1.27, 29, white car, 678.39, 528.35, 712.45, 543.57, 695.42, 535.96, 678.39, 535.96, 712.45, 535.96, 34.06, 15.22
1.30, 19, black car, 1035.77, 551.41, 1065.79, 563.89, 1050.78, 557.65, 1035.77, 557.65, 1065.79, 557.65, 30.03, 12.48
1.30, 29, white car, 676.20, 528.27, 709.93, 543.33, 693.06, 535.80, 676.20, 535.80, 709.93, 535.80, 33.73, 15.07
1.33, 19, black car, 1032.26, 551.27, 1062.27, 563.72, 1047.26, 557.49, 1032.26, 557.49, 1062.27, 557.49, 30.01, 12.44
1.37, 19, black car, 1028.85, 551.04, 1059.51, 563.73, 1044.18, 557.38, 1028.85, 557.38, 1059.51, 557.38, 30.65, 12.69
1.37, 29, white car, 670.00, 527.74, 703.61, 542.72, 686.81, 535.23, 670.00, 535.23, 703.61, 535.23, 33.62, 14.99
1.40, 19, black car, 1026.06, 550.83, 1056.75, 563.50, 1041.40, 557.17, 1026.06, 557.17, 1056.75, 557.17, 30.68, 12.67
1.40, 29, white car, 667.21, 527.49, 700.73, 542.41, 683.97, 534.95, 667.21, 534.95, 700.73, 534.95, 33.52, 14.92
1.43, 19, black car, 1023.86, 550.79, 1053.38, 562.85, 1038.62, 556.82, 1023.86, 556.82, 1053.38, 556.82, 29.52, 12.06
1.43, 29, white car, 664.39, 527.26, 698.07, 542.25, 681.23, 534.75, 664.39, 534.75, 698.07, 534.75, 33.68, 14.99
1.47, 19, black car, 1020.66, 550.84, 1049.74, 562.74, 1035.20, 556.79, 1020.66, 556.79, 1049.74, 556.79, 29.08, 11.90
1.47, 29, white car, 661.39, 527.02, 695.37, 542.17, 678.38, 534.59, 661.39, 534.59, 695.37, 534.59, 33.98, 15.15
1.50, 19, black car, 1017.95, 550.83, 1046.23, 562.33, 1032.09, 556.58, 1017.95, 556.58, 1046.23, 556.58, 28.27, 11.50
1.53, 19, black car, 1013.23, 550.72, 1042.05, 562.40, 1027.64, 556.56, 1013.23, 556.56, 1042.05, 556.56, 28.82, 11.68
1.53, 29, white car, 656.46, 526.49, 689.98, 541.41, 673.22, 533.95, 656.46, 533.95, 689.98, 533.95, 33.52, 14.93
1.57, 19, black car, 1010.14, 550.27, 1039.82, 562.27, 1024.98, 556.27, 1010.14, 556.27, 1039.82, 556.27, 29.68, 12.00
1.57, 29, white car, 653.54, 526.12, 686.92, 540.96, 670.23, 533.54, 653.54, 533.54, 686.92, 533.54, 33.38, 14.84
1.60, 19, black car, 1007.00, 550.08, 1036.82, 562.13, 1021.91, 556.10, 1007.00, 556.10, 1036.82, 556.10, 29.82, 12.04
1.60, 29, white car, 651.44, 526.02, 684.06, 540.46, 667.75, 533.24, 651.44, 533.24, 684.06, 533.24, 32.62, 14.44
1.63, 19, black car, 1003.58, 550.11, 1033.71, 562.27, 1018.65, 556.19, 1003.58, 556.19, 1033.71, 556.19, 30.12, 12.16
1.63, 29, white car, 648.81, 525.88, 681.57, 540.32, 665.19, 533.10, 648.81, 533.10, 681.57, 533.10, 32.76, 14.44
1.67, 19, black car, 1000.87, 549.86, 1030.41, 561.73, 1015.64, 555.79, 1000.87, 555.79, 1030.41, 555.79, 29.54, 11.87
1.70, 19, black car, 997.70, 549.69, 1027.45, 561.57, 1012.58, 555.63, 997.70, 555.63, 1027.45, 555.63, 29.75, 11.89
1.73, 19, black car, 994.96, 549.55, 1024.75, 561.37, 1009.86, 555.46, 994.96, 555.46, 1024.75, 555.46, 29.79, 11.82
1.73, 29, white car, 639.67, 525.63, 672.62, 540.15, 656.15, 532.89, 639.67, 532.89, 672.62, 532.89, 32.95, 14.52
1.77, 19, black car, 991.69, 549.31, 1021.79, 561.21, 1006.74, 555.26, 991.69, 555.26, 1021.79, 555.26, 30.10, 11.90
1.77, 29, white car, 637.36, 525.54, 669.94, 539.89, 653.65, 532.71, 637.36, 532.71, 669.94, 532.71, 32.58, 14.35
1.80, 19, black car, 988.42, 549.34, 1018.90, 561.37, 1003.66, 555.35, 988.42, 555.35, 1018.90, 555.35, 30.48, 12.03
1.80, 29, white car, 634.66, 525.03, 667.90, 539.68, 651.28, 532.36, 634.66, 532.36, 667.90, 532.36, 33.24, 14.65
1.83, 19, black car, 984.00, 549.22, 1015.31, 561.62, 999.66, 555.42, 984.00, 555.42, 1015.31, 555.42, 31.30, 12.40
1.87, 19, black car, 980.36, 549.10, 1011.64, 561.56, 996.00, 555.33, 980.36, 555.33, 1011.64, 555.33, 31.28, 12.46
1.87, 29, white car, 628.68, 524.43, 662.68, 539.41, 645.68, 531.92, 628.68, 531.92, 662.68, 531.92, 34.01, 14.97
1.90, 19, black car, 976.95, 548.91, 1008.40, 561.49, 992.67, 555.20, 976.95, 555.20, 1008.40, 555.20, 31.45, 12.58
1.90, 29, white car, 625.99, 524.22, 659.96, 539.20, 642.97, 531.71, 625.99, 531.71, 659.96, 531.71, 33.97, 14.98
1.93, 19, black car, 974.33, 548.88, 1004.61, 561.00, 989.47, 554.94, 974.33, 554.94, 1004.61, 554.94, 30.28, 12.12
1.93, 29, white car, 623.63, 524.08, 656.99, 538.82, 640.31, 531.45, 623.63, 531.45, 656.99, 531.45, 33.36, 14.74
1.97, 19, black car, 971.31, 548.39, 1002.06, 560.72, 986.69, 554.55, 971.31, 554.55, 1002.06, 554.55, 30.75, 12.33
1.97, 29, white car, 620.90, 523.96, 654.13, 538.64, 637.51, 531.30, 620.90, 531.30, 654.13, 531.30, 33.24, 14.68
2.00, 19, black car, 968.07, 548.18, 998.85, 560.54, 983.46, 554.36, 968.07, 554.36, 998.85, 554.36, 30.78, 12.35
2.00, 29, white car, 617.53, 523.58, 651.11, 538.42, 634.32, 531.00, 617.53, 531.00, 651.11, 531.00, 33.58, 14.84
2.03, 19, black car, 964.92, 547.93, 995.97, 560.44, 980.45, 554.19, 964.92, 554.19, 995.97, 554.19, 31.05, 12.51
2.07, 19, black car, 961.95, 547.99, 992.55, 560.32, 977.25, 554.16, 961.95, 554.16, 992.55, 554.16, 30.60, 12.32
2.10, 19, black car, 959.53, 547.97, 989.93, 560.22, 974.73, 554.10, 959.53, 554.10, 989.93, 554.10, 30.40, 12.26
2.13, 19, black car, 955.84, 547.86, 986.27, 560.13, 971.05, 553.99, 955.84, 553.99, 986.27, 553.99, 30.44, 12.27
2.17, 19, black car, 952.93, 547.90, 983.38, 560.22, 968.15, 554.06, 952.93, 554.06, 983.38, 554.06, 30.44, 12.32
2.20, 19, black car, 949.48, 547.97, 979.78, 560.25, 964.63, 554.11, 949.48, 554.11, 979.78, 554.11, 30.30, 12.28
2.23, 19, black car, 946.78, 547.98, 976.77, 560.12, 961.78, 554.05, 946.78, 554.05, 976.77, 554.05, 29.99, 12.13
2.23, 29, white car, 598.77, 521.23, 632.07, 536.03, 615.42, 528.63, 598.77, 528.63, 632.07, 528.63, 33.30, 14.80
2.27, 19, black car, 943.91, 547.72, 974.13, 559.93, 959.02, 553.83, 943.91, 553.83, 974.13, 553.83, 30.22, 12.21
2.27, 29, white car, 596.26, 521.31, 629.20, 535.97, 612.73, 528.64, 596.26, 528.64, 629.20, 528.64, 32.95, 14.67
2.30, 19, black car, 940.96, 547.62, 970.93, 559.68, 955.95, 553.65, 940.96, 553.65, 970.93, 553.65, 29.98, 12.07
2.33, 19, black car, 937.33, 547.65, 967.24, 559.73, 952.29, 553.69, 937.33, 553.69, 967.24, 553.69, 29.91, 12.08
2.37, 19, black car, 934.15, 547.55, 963.66, 559.45, 948.91, 553.50, 934.15, 553.50, 963.66, 553.50, 29.52, 11.91
2.40, 29, white car, 584.72, 520.02, 618.26, 534.94, 601.49, 527.48, 584.72, 527.48, 618.26, 527.48, 33.54, 14.91
2.50, 29, white car, 576.30, 519.14, 610.58, 534.32, 593.44, 526.73, 576.30, 526.73, 610.58, 526.73, 34.28, 15.18
2.53, 29, white car, 574.41, 518.96, 607.31, 533.38, 590.86, 526.17, 574.41, 526.17, 607.31, 526.17, 32.90, 14.42
2.63, 19, black car, 909.07, 546.30, 939.60, 558.67, 924.34, 552.49, 909.07, 552.49, 939.60, 552.49, 30.54, 12.37
2.67, 19, black car, 906.26, 546.11, 936.76, 558.48, 921.51, 552.30, 906.26, 552.30, 936.76, 552.30, 30.50, 12.37
2.67, 29, white car, 563.85, 518.35, 596.13, 532.44, 579.99, 525.39, 563.85, 525.39, 596.13, 525.39, 32.27, 14.09
2.70, 19, black car, 902.34, 545.86, 933.08, 558.39, 917.71, 552.12, 902.34, 552.12, 933.08, 552.12, 30.74, 12.54
2.70, 29, white car, 560.88, 518.22, 593.33, 532.32, 577.11, 525.27, 560.88, 525.27, 593.33, 525.27, 32.45, 14.10
2.73, 19, black car, 898.85, 545.56, 930.46, 558.50, 914.65, 552.03, 898.85, 552.03, 930.46, 552.03, 31.61, 12.94
2.73, 29, white car, 557.69, 517.77, 591.24, 532.39, 574.47, 525.08, 557.69, 525.08, 591.24, 525.08, 33.55, 14.62
2.77, 19, black car, 895.90, 545.78, 927.00, 558.49, 911.45, 552.13, 895.90, 552.13, 927.00, 552.13, 31.10, 12.71
2.77, 29, white car, 554.74, 517.60, 588.27, 532.25, 571.50, 524.93, 554.74, 524.93, 588.27, 524.93, 33.53, 14.65
2.80, 19, black car, 892.33, 545.65, 923.92, 558.56, 908.12, 552.11, 892.33, 552.11, 923.92, 552.11, 31.58, 12.91
2.80, 29, white car, 552.10, 517.36, 585.89, 532.15, 569.00, 524.76, 552.10, 524.76, 585.89, 524.76, 33.79, 14.79
2.83, 19, black car, 889.02, 545.30, 920.56, 558.25, 904.79, 551.78, 889.02, 551.78, 920.56, 551.78, 31.54, 12.95
2.83, 29, white car, 549.76, 516.85, 583.91, 531.79, 566.84, 524.32, 549.76, 524.32, 583.91, 524.32, 34.16, 14.94
2.87, 19, black car, 886.52, 545.17, 917.73, 558.00, 902.13, 551.58, 886.52, 551.58, 917.73, 551.58, 31.22, 12.84
2.90, 19, black car, 883.86, 544.91, 915.01, 557.78, 899.44, 551.35, 883.86, 551.35, 915.01, 551.35, 31.15, 12.87
2.90, 29, white car, 544.62, 516.94, 578.00, 531.57, 561.31, 524.26, 544.62, 524.26, 578.00, 524.26, 33.38, 14.63
2.93, 19, black car, 880.86, 544.86, 911.26, 557.37, 896.06, 551.11, 880.86, 551.11, 911.26, 551.11, 30.41, 12.52
2.93, 29, white car, 540.93, 516.55, 575.17, 531.69, 558.05, 524.12, 540.93, 524.12, 575.17, 524.12, 34.24, 15.15
2.97, 19, black car, 878.31, 545.13, 908.15, 557.37, 893.23, 551.25, 878.31, 551.25, 908.15, 551.25, 29.85, 12.24
2.97, 29, white car, 538.44, 516.24, 572.65, 531.47, 555.55, 523.85, 538.44, 523.85, 572.65, 523.85, 34.22, 15.23
3.03, 19, black car, 871.44, 544.67, 901.92, 557.23, 886.68, 550.95, 871.44, 550.95, 901.92, 550.95, 30.48, 12.56
3.03, 29, white car, 533.32, 515.81, 566.45, 530.57, 549.88, 523.19, 533.32, 523.19, 566.45, 523.19, 33.13, 14.76
3.07, 19, black car, 868.11, 544.21, 899.05, 557.01, 883.58, 550.61, 868.11, 550.61, 899.05, 550.61, 30.95, 12.80
3.10, 19, black car, 864.24, 544.04, 895.62, 557.02, 879.93, 550.53, 864.24, 550.53, 895.62, 550.53, 31.37, 12.97
3.10, 29, white car, 526.68, 514.53, 561.48, 530.22, 544.08, 522.38, 526.68, 522.38, 561.48, 522.38, 34.80, 15.69
3.13, 19, black car, 861.78, 543.89, 893.26, 556.93, 877.52, 550.41, 861.78, 550.41, 893.26, 550.41, 31.48, 13.05
3.13, 29, white car, 524.48, 514.36, 559.01, 530.07, 541.74, 522.21, 524.48, 522.21, 559.01, 522.21, 34.53, 15.71
3.17, 19, black car, 858.94, 543.99, 889.48, 556.66, 874.21, 550.32, 858.94, 550.32, 889.48, 550.32, 30.54, 12.67
3.17, 29, white car, 522.22, 514.23, 556.22, 529.76, 539.22, 522.00, 522.22, 522.00, 556.22, 522.00, 34.00, 15.53
3.20, 19, black car, 856.09, 543.76, 886.35, 556.37, 871.22, 550.06, 856.09, 550.06, 886.35, 550.06, 30.27, 12.61
3.23, 19, black car, 852.26, 543.45, 883.12, 556.34, 867.69, 549.89, 852.26, 549.89, 883.12, 549.89, 30.87, 12.89
3.27, 19, black car, 848.79, 543.25, 879.83, 556.24, 864.31, 549.75, 848.79, 549.75, 879.83, 549.75, 31.04, 12.98
3.30, 19, black car, 846.50, 542.92, 876.86, 555.64, 861.68, 549.28, 846.50, 549.28, 876.86, 549.28, 30.37, 12.71
3.33, 19, black car, 843.38, 542.44, 873.82, 555.25, 858.60, 548.85, 843.38, 548.85, 873.82, 548.85, 30.44, 12.81
3.33, 29, white car, 509.62, 512.65, 541.36, 527.07, 525.49, 519.86, 509.62, 519.86, 541.36, 519.86, 31.74, 14.43
3.37, 19, black car, 840.20, 542.30, 870.50, 555.08, 855.35, 548.69, 840.20, 548.69, 870.50, 548.69, 30.30, 12.78
3.40, 19, black car, 836.88, 542.05, 867.92, 555.14, 852.40, 548.60, 836.88, 548.60, 867.92, 548.60, 31.05, 13.09
3.43, 19, black car, 834.29, 542.20, 864.91, 555.08, 849.60, 548.64, 834.29, 548.64, 864.91, 548.64, 30.61, 12.88
3.47, 19, black car, 832.35, 542.39, 861.94, 554.81, 847.15, 548.60, 832.35, 548.60, 861.94, 548.60, 29.59, 12.42
3.50, 19, black car, 829.06, 542.06, 858.67, 554.46, 843.87, 548.26, 829.06, 548.26, 858.67, 548.26, 29.61, 12.40
3.53, 19, black car, 825.79, 541.77, 855.53, 554.21, 840.66, 547.99, 825.79, 547.99, 855.53, 547.99, 29.74, 12.44
3.57, 19, black car, 821.60, 541.27, 852.42, 554.21, 837.01, 547.74, 821.60, 547.74, 852.42, 547.74, 30.83, 12.94
3.60, 19, black car, 818.80, 541.26, 849.02, 553.98, 833.91, 547.62, 818.80, 547.62, 849.02, 547.62, 30.22, 12.73
3.63, 19, black car, 815.19, 540.85, 845.77, 553.74, 830.48, 547.29, 815.19, 547.29, 845.77, 547.29, 30.58, 12.89
3.67, 19, black car, 812.54, 540.78, 843.29, 553.79, 827.91, 547.29, 812.54, 547.29, 843.29, 547.29, 30.75, 13.01
3.70, 19, black car, 810.15, 540.67, 840.72, 553.66, 825.43, 547.17, 810.15, 547.17, 840.72, 547.17, 30.58, 12.99
3.73, 19, black car, 806.78, 540.50, 837.38, 553.50, 822.08, 547.00, 806.78, 547.00, 837.38, 547.00, 30.59, 13.01
3.77, 19, black car, 804.25, 540.26, 834.70, 553.25, 819.47, 546.75, 804.25, 546.75, 834.70, 546.75, 30.45, 12.99
3.80, 19, black car, 801.24, 540.18, 831.16, 552.96, 816.20, 546.57, 801.24, 546.57, 831.16, 546.57, 29.92, 12.78
3.83, 19, black car, 798.56, 540.16, 828.39, 552.92, 813.47, 546.54, 798.56, 546.54, 828.39, 546.54, 29.82, 12.75
3.87, 19, black car, 795.14, 539.82, 825.70, 552.87, 810.42, 546.34, 795.14, 546.34, 825.70, 546.34, 30.55, 13.05
3.90, 19, black car, 792.23, 539.44, 822.73, 552.49, 807.48, 545.97, 792.23, 545.97, 822.73, 545.97, 30.50, 13.05
3.93, 19, black car, 789.35, 539.33, 819.54, 552.24, 804.45, 545.78, 789.35, 545.78, 819.54, 545.78, 30.19, 12.90
3.97, 19, black car, 786.66, 539.14, 816.90, 552.01, 801.78, 545.57, 786.66, 545.57, 816.90, 545.57, 30.24, 12.86
4.00, 19, black car, 783.72, 539.16, 813.70, 551.86, 798.71, 545.51, 783.72, 545.51, 813.70, 545.51, 29.98, 12.70
4.03, 19, black car, 780.27, 538.71, 810.83, 551.64, 795.55, 545.18, 780.27, 545.18, 810.83, 545.18, 30.57, 12.92
4.07, 19, black car, 777.16, 538.66, 807.61, 551.55, 792.38, 545.10, 777.16, 545.10, 807.61, 545.10, 30.45, 12.90
4.10, 19, black car, 773.97, 538.48, 804.47, 551.36, 789.22, 544.92, 773.97, 544.92, 804.47, 544.92, 30.50, 12.88
4.13, 19, black car, 771.18, 538.15, 801.71, 551.05, 786.44, 544.60, 771.18, 544.60, 801.71, 544.60, 30.52, 12.90
4.17, 19, black car, 768.00, 537.85, 799.34, 551.18, 783.67, 544.52, 768.00, 544.52, 799.34, 544.52, 31.35, 13.33
4.20, 19, black car, 765.07, 537.61, 796.84, 551.12, 780.96, 544.37, 765.07, 544.37, 796.84, 544.37, 31.77, 13.51
4.23, 19, black car, 762.64, 537.56, 794.19, 550.96, 778.41, 544.26, 762.64, 544.26, 794.19, 544.26, 31.56, 13.40
4.27, 19, black car, 758.68, 537.32, 790.63, 550.90, 774.66, 544.11, 758.68, 544.11, 790.63, 544.11, 31.95, 13.57
4.30, 19, black car, 755.70, 537.12, 787.28, 550.57, 771.49, 543.85, 755.70, 543.85, 787.28, 543.85, 31.58, 13.46
4.33, 19, black car, 752.73, 536.68, 784.52, 550.28, 768.62, 543.48, 752.73, 543.48, 784.52, 543.48, 31.79, 13.60
4.37, 19, black car, 749.87, 536.60, 780.93, 549.99, 765.40, 543.30, 749.87, 543.30, 780.93, 543.30, 31.05, 13.39
4.40, 19, black car, 747.01, 536.15, 777.79, 549.46, 762.40, 542.81, 747.01, 542.81, 777.79, 542.81, 30.77, 13.31
4.43, 19, black car, 744.27, 535.89, 774.88, 549.12, 759.58, 542.51, 744.27, 542.51, 774.88, 542.51, 30.62, 13.23
4.47, 19, black car, 741.24, 535.40, 772.26, 548.84, 756.75, 542.12, 741.24, 542.12, 772.26, 542.12, 31.02, 13.43
4.50, 19, black car, 737.52, 535.07, 768.89, 548.74, 753.21, 541.91, 737.52, 541.91, 768.89, 541.91, 31.37, 13.67
4.53, 19, black car, 735.06, 534.92, 766.13, 548.54, 750.59, 541.73, 735.06, 541.73, 766.13, 541.73, 31.07, 13.62
4.57, 19, black car, 732.37, 534.54, 763.45, 548.24, 747.91, 541.39, 732.37, 541.39, 763.45, 541.39, 31.08, 13.70
4.60, 19, black car, 729.10, 534.19, 760.56, 548.11, 744.83, 541.15, 729.10, 541.15, 760.56, 541.15, 31.45, 13.92
4.63, 19, black car, 726.35, 533.91, 758.05, 547.98, 742.20, 540.94, 726.35, 540.94, 758.05, 540.94, 31.70, 14.07
4.67, 19, black car, 722.81, 533.58, 754.88, 547.90, 738.84, 540.74, 722.81, 540.74, 754.88, 540.74, 32.07, 14.32
4.70, 19, black car, 720.31, 533.55, 752.10, 547.81, 736.21, 540.68, 720.31, 540.68, 752.10, 540.68, 31.79, 14.26
4.73, 19, black car, 717.17, 533.13, 749.63, 547.77, 733.40, 540.45, 717.17, 540.45, 749.63, 540.45, 32.46, 14.64
4.73, 54, white car, 398.45, 502.12, 428.72, 516.64, 413.59, 509.38, 398.45, 509.38, 428.72, 509.38, 30.28, 14.51
4.87, 19, black car, 705.83, 532.17, 737.61, 546.60, 721.72, 539.39, 705.83, 539.39, 737.61, 539.39, 31.78, 14.43
4.90, 19, black car, 703.27, 531.95, 734.89, 546.37, 719.08, 539.16, 703.27, 539.16, 734.89, 539.16, 31.62, 14.42
4.93, 19, black car, 701.24, 531.85, 732.14, 545.93, 716.69, 538.89, 701.24, 538.89, 732.14, 538.89, 30.90, 14.08
4.97, 19, black car, 697.73, 531.96, 727.94, 545.80, 712.83, 538.88, 697.73, 538.88, 727.94, 538.88, 30.21, 13.84
5.00, 19, black car, 694.75, 531.61, 725.03, 545.44, 709.89, 538.52, 694.75, 538.52, 725.03, 538.52, 30.28, 13.83
5.03, 19, black car, 691.54, 531.20, 722.11, 545.15, 706.82, 538.17, 691.54, 538.17, 722.11, 538.17, 30.57, 13.96
5.07, 19, black car, 689.08, 530.78, 719.71, 544.74, 704.40, 537.76, 689.08, 537.76, 719.71, 537.76, 30.63, 13.96
5.10, 19, black car, 685.86, 530.62, 716.23, 544.48, 701.05, 537.55, 685.86, 537.55, 716.23, 537.55, 30.37, 13.86
5.13, 19, black car, 682.66, 530.46, 713.05, 544.36, 697.86, 537.41, 682.66, 537.41, 713.05, 537.41, 30.38, 13.89
5.17, 19, black car, 679.19, 530.16, 709.99, 544.27, 694.59, 537.22, 679.19, 537.22, 709.99, 537.22, 30.80, 14.11
5.20, 19, black car, 676.64, 529.90, 707.85, 544.22, 692.25, 537.06, 676.64, 537.06, 707.85, 537.06, 31.22, 14.31
5.23, 19, black car, 674.09, 529.43, 705.37, 543.77, 689.73, 536.60, 674.09, 536.60, 705.37, 536.60, 31.28, 14.35
5.27, 19, black car, 671.24, 529.09, 702.28, 543.33, 686.76, 536.21, 671.24, 536.21, 702.28, 536.21, 31.04, 14.24
5.30, 19, black car, 667.89, 529.18, 698.70, 543.27, 683.30, 536.22, 667.89, 536.22, 698.70, 536.22, 30.81, 14.10
5.33, 19, black car, 664.78, 528.76, 695.21, 542.72, 679.99, 535.74, 664.78, 535.74, 695.21, 535.74, 30.43, 13.96
5.37, 19, black car, 662.02, 528.47, 692.82, 542.62, 677.42, 535.54, 662.02, 535.54, 692.82, 535.54, 30.81, 14.15
5.40, 19, black car, 659.39, 528.11, 690.18, 542.24, 674.79, 535.17, 659.39, 535.17, 690.18, 535.17, 30.79, 14.13
5.43, 19, black car, 657.34, 527.76, 687.63, 541.65, 672.49, 534.70, 657.34, 534.70, 687.63, 534.70, 30.28, 13.89
5.47, 19, black car, 653.64, 527.40, 684.35, 541.44, 669.00, 534.42, 653.64, 534.42, 684.35, 534.42, 30.71, 14.04
5.50, 19, black car, 650.56, 527.20, 681.13, 541.21, 665.84, 534.21, 650.56, 534.21, 681.13, 534.21, 30.57, 14.01
5.53, 19, black car, 648.08, 526.88, 678.64, 540.90, 663.36, 533.89, 648.08, 533.89, 678.64, 533.89, 30.55, 14.03
5.57, 19, black car, 644.90, 526.31, 675.56, 540.34, 660.23, 533.32, 644.90, 533.32, 675.56, 533.32, 30.65, 14.03
5.60, 19, black car, 642.53, 526.10, 672.85, 539.97, 657.69, 533.03, 642.53, 533.03, 672.85, 533.03, 30.32, 13.86
5.63, 19, black car, 639.12, 525.99, 669.85, 539.98, 654.49, 532.98, 639.12, 532.98, 669.85, 532.98, 30.73, 13.99
5.67, 19, black car, 636.42, 525.85, 667.29, 539.88, 651.86, 532.86, 636.42, 532.86, 667.29, 532.86, 30.87, 14.03
5.70, 19, black car, 634.26, 525.88, 664.80, 539.74, 649.53, 532.81, 634.26, 532.81, 664.80, 532.81, 30.54, 13.86
5.73, 19, black car, 631.46, 525.88, 661.96, 539.73, 646.71, 532.80, 631.46, 532.80, 661.96, 532.80, 30.50, 13.84
5.77, 19, black car, 628.74, 525.79, 658.32, 539.21, 643.53, 532.50, 628.74, 532.50, 658.32, 532.50, 29.58, 13.42
5.80, 19, black car, 625.36, 525.40, 655.49, 539.06, 640.43, 532.23, 625.36, 532.23, 655.49, 532.23, 30.13, 13.67
5.83, 19, black car, 622.81, 525.01, 653.01, 538.74, 637.91, 531.87, 622.81, 531.87, 653.01, 531.87, 30.19, 13.73
5.87, 19, black car, 619.56, 524.36, 649.79, 538.14, 634.68, 531.25, 619.56, 531.25, 649.79, 531.25, 30.23, 13.78
5.90, 19, black car, 617.06, 523.87, 647.43, 537.69, 632.25, 530.78, 617.06, 530.78, 647.43, 530.78, 30.37, 13.82
5.93, 19, black car, 614.64, 523.74, 644.67, 537.39, 629.66, 530.57, 614.64, 530.57, 644.67, 530.57, 30.04, 13.66
5.97, 19, black car, 611.60, 523.56, 641.79, 537.24, 626.70, 530.40, 611.60, 530.40, 641.79, 530.40, 30.19, 13.67
6.00, 19, black car, 608.50, 523.15, 638.92, 536.94, 623.71, 530.04, 608.50, 530.04, 638.92, 530.04, 30.42, 13.79
6.03, 19, black car, 605.41, 522.94, 635.57, 536.62, 620.49, 529.78, 605.41, 529.78, 635.57, 529.78, 30.16, 13.68
6.07, 19, black car, 602.58, 522.87, 632.42, 536.38, 617.50, 529.63, 602.58, 529.63, 632.42, 529.63, 29.84, 13.51
6.10, 19, black car, 600.18, 522.62, 629.78, 535.99, 614.98, 529.31, 600.18, 529.31, 629.78, 529.31, 29.60, 13.37
6.13, 19, black car, 597.17, 522.21, 627.27, 535.77, 612.22, 528.99, 597.17, 528.99, 627.27, 528.99, 30.10, 13.56
6.17, 19, black car, 594.46, 521.88, 624.89, 535.59, 609.68, 528.74, 594.46, 528.74, 624.89, 528.74, 30.43, 13.72
6.20, 19, black car, 591.36, 521.40, 621.82, 535.14, 606.59, 528.27, 591.36, 528.27, 621.82, 528.27, 30.46, 13.73
6.23, 19, black car, 588.61, 521.44, 618.59, 534.92, 603.60, 528.18, 588.61, 528.18, 618.59, 528.18, 29.98, 13.48
6.27, 19, black car, 585.90, 521.20, 615.84, 534.65, 600.87, 527.93, 585.90, 527.93, 615.84, 527.93, 29.94, 13.45
6.30, 19, black car, 582.72, 520.89, 612.95, 534.47, 597.83, 527.68, 582.72, 527.68, 612.95, 527.68, 30.23, 13.59
6.33, 19, black car, 579.97, 520.66, 610.05, 534.23, 595.01, 527.44, 579.97, 527.44, 610.05, 527.44, 30.08, 13.57
6.37, 19, black car, 577.56, 520.04, 608.04, 533.82, 592.80, 526.93, 577.56, 526.93, 608.04, 526.93, 30.49, 13.78
6.40, 19, black car, 575.21, 519.81, 604.94, 533.20, 590.08, 526.50, 575.21, 526.50, 604.94, 526.50, 29.73, 13.38
6.43, 19, black car, 572.59, 519.52, 602.18, 532.83, 587.39, 526.18, 572.59, 526.18, 602.18, 526.18, 29.59, 13.31
6.47, 19, black car, 569.61, 519.39, 599.38, 532.78, 584.49, 526.09, 569.61, 526.09, 599.38, 526.09, 29.78, 13.39
6.50, 19, black car, 567.33, 519.06, 597.13, 532.44, 582.23, 525.75, 567.33, 525.75, 597.13, 525.75, 29.79, 13.38
6.53, 19, black car, 564.57, 518.79, 594.32, 532.16, 579.45, 525.47, 564.57, 525.47, 594.32, 525.47, 29.75, 13.37
6.57, 19, black car, 561.58, 518.71, 591.06, 531.90, 576.32, 525.30, 561.58, 525.30, 591.06, 525.30, 29.48, 13.20
6.60, 19, black car, 559.19, 518.81, 588.25, 531.80, 573.72, 525.30, 559.19, 525.30, 588.25, 525.30, 29.05, 12.99
6.63, 19, black car, 555.97, 518.60, 584.94, 531.51, 570.45, 525.06, 555.97, 525.06, 584.94, 525.06, 28.98, 12.91
6.67, 19, black car, 553.12, 518.20, 581.79, 530.95, 567.45, 524.57, 553.12, 524.57, 581.79, 524.57, 28.67, 12.74
6.70, 19, black car, 550.25, 517.80, 579.18, 530.67, 564.72, 524.23, 550.25, 524.23, 579.18, 524.23, 28.93, 12.87
6.73, 28, white car, 1410.35, 558.74, 1444.82, 573.30, 1427.59, 566.02, 1410.35, 566.02, 1444.82, 566.02, 34.47, 14.55
6.73, 19, black car, 547.67, 517.46, 576.45, 530.27, 562.06, 523.87, 547.67, 523.87, 576.45, 523.87, 28.79, 12.82
6.77, 28, white car, 1408.11, 558.80, 1442.31, 573.27, 1425.21, 566.04, 1408.11, 566.04, 1442.31, 566.04, 34.20, 14.47
6.77, 19, black car, 545.06, 517.54, 573.41, 530.12, 559.23, 523.83, 545.06, 523.83, 573.41, 523.83, 28.35, 12.58
6.80, 28, white car, 1405.45, 558.63, 1439.89, 573.24, 1422.67, 565.93, 1405.45, 565.93, 1439.89, 565.93, 34.44, 14.61
6.80, 19, black car, 541.61, 517.03, 571.04, 530.11, 556.33, 523.57, 541.61, 523.57, 571.04, 523.57, 29.43, 13.07
6.83, 28, white car, 1403.15, 558.60, 1437.61, 573.25, 1420.38, 565.93, 1403.15, 565.93, 1437.61, 565.93, 34.46, 14.65
6.83, 19, black car, 538.64, 516.25, 568.72, 529.67, 553.68, 522.96, 538.64, 522.96, 568.72, 522.96, 30.08, 13.42
6.87, 28, white car, 1400.57, 558.55, 1435.16, 573.26, 1417.86, 565.91, 1400.57, 565.91, 1435.16, 565.91, 34.59, 14.71
6.87, 19, black car, 535.99, 515.93, 565.97, 529.34, 550.98, 522.63, 535.99, 522.63, 565.97, 522.63, 29.97, 13.40
6.90, 28, white car, 1398.14, 558.65, 1432.35, 573.20, 1415.25, 565.92, 1398.14, 565.92, 1432.35, 565.92, 34.21, 14.55
6.90, 19, black car, 533.43, 515.57, 563.38, 528.99, 548.41, 522.28, 533.43, 522.28, 563.38, 522.28, 29.95, 13.43
6.93, 28, white car, 1395.68, 558.80, 1429.47, 573.18, 1412.57, 565.99, 1395.68, 565.99, 1429.47, 565.99, 33.79, 14.38
6.93, 19, black car, 530.71, 515.02, 561.08, 528.69, 545.90, 521.86, 530.71, 521.86, 561.08, 521.86, 30.38, 13.67
6.97, 28, white car, 1392.91, 558.77, 1426.86, 573.22, 1409.89, 565.99, 1392.91, 565.99, 1426.86, 565.99, 33.95, 14.45
6.97, 19, black car, 527.82, 514.52, 558.54, 528.40, 543.18, 521.46, 527.82, 521.46, 558.54, 521.46, 30.72, 13.89
7.00, 28, white car, 1390.58, 558.71, 1424.36, 573.09, 1407.47, 565.90, 1390.58, 565.90, 1424.36, 565.90, 33.78, 14.37
7.00, 19, black car, 525.23, 514.25, 555.72, 528.12, 540.47, 521.18, 525.23, 521.18, 555.72, 521.18, 30.49, 13.87
7.03, 28, white car, 1388.08, 558.80, 1421.80, 573.14, 1404.94, 565.97, 1388.08, 565.97, 1421.80, 565.97, 33.72, 14.33
7.03, 19, black car, 522.29, 514.03, 552.32, 527.67, 537.30, 520.85, 522.29, 520.85, 552.32, 520.85, 30.03, 13.64
7.07, 28, white car, 1385.45, 558.63, 1419.02, 572.84, 1402.24, 565.74, 1385.45, 565.74, 1419.02, 565.74, 33.56, 14.21
7.07, 19, black car, 519.24, 513.84, 548.51, 527.13, 533.88, 520.48, 519.24, 520.48, 548.51, 520.48, 29.28, 13.29
7.10, 28, white car, 1382.78, 558.56, 1416.43, 572.80, 1399.61, 565.68, 1382.78, 565.68, 1416.43, 565.68, 33.65, 14.25
7.10, 19, black car, 516.39, 513.49, 545.51, 526.70, 530.95, 520.09, 516.39, 520.09, 545.51, 520.09, 29.12, 13.21
7.13, 28, white car, 1380.43, 558.49, 1413.97, 572.70, 1397.20, 565.59, 1380.43, 565.59, 1413.97, 565.59, 33.54, 14.22
7.13, 19, black car, 514.12, 513.23, 542.99, 526.34, 528.56, 519.78, 514.12, 519.78, 542.99, 519.78, 28.87, 13.11
7.17, 28, white car, 1377.41, 558.14, 1411.56, 572.63, 1394.48, 565.39, 1377.41, 565.39, 1411.56, 565.39, 34.16, 14.49
7.17, 19, black car, 511.20, 512.96, 540.26, 526.17, 525.73, 519.56, 511.20, 519.56, 540.26, 519.56, 29.06, 13.21
7.20, 28, white car, 1374.85, 557.98, 1409.18, 572.54, 1392.02, 565.26, 1374.85, 565.26, 1409.18, 565.26, 34.33, 14.56
7.20, 19, black car, 508.83, 512.72, 538.16, 526.05, 523.50, 519.38, 508.83, 519.38, 538.16, 519.38, 29.32, 13.33
7.23, 28, white car, 1372.13, 557.85, 1406.96, 572.63, 1389.54, 565.24, 1372.13, 565.24, 1406.96, 565.24, 34.83, 14.78
7.23, 19, black car, 506.09, 512.48, 535.51, 525.85, 520.80, 519.17, 506.09, 519.17, 535.51, 519.17, 29.42, 13.37
7.27, 28, white car, 1369.08, 557.55, 1404.32, 572.56, 1386.70, 565.06, 1369.08, 565.06, 1404.32, 565.06, 35.24, 15.01
7.27, 19, black car, 503.50, 512.11, 532.89, 525.49, 518.19, 518.80, 503.50, 518.80, 532.89, 518.80, 29.38, 13.38
7.30, 28, white car, 1366.45, 557.47, 1401.69, 572.56, 1384.07, 565.01, 1366.45, 565.01, 1401.69, 565.01, 35.24, 15.09
7.30, 19, black car, 501.04, 512.00, 530.67, 525.53, 515.85, 518.77, 501.04, 518.77, 530.67, 518.77, 29.63, 13.53
7.33, 28, white car, 1364.09, 557.45, 1399.15, 572.51, 1381.62, 564.98, 1364.09, 564.98, 1399.15, 564.98, 35.06, 15.06
7.33, 19, black car, 498.71, 511.83, 528.40, 525.41, 513.55, 518.62, 498.71, 518.62, 528.40, 518.62, 29.69, 13.58
7.37, 28, white car, 1361.71, 557.51, 1396.58, 572.52, 1379.14, 565.02, 1361.71, 565.02, 1396.58, 565.02, 34.87, 15.01
7.37, 19, black car, 495.15, 511.74, 524.85, 525.35, 510.00, 518.55, 495.15, 518.55, 524.85, 518.55, 29.70, 13.61
7.40, 28, white car, 1358.94, 557.45, 1394.08, 572.58, 1376.51, 565.01, 1358.94, 565.01, 1394.08, 565.01, 35.14, 15.13
7.40, 19, black car, 491.93, 511.27, 522.30, 525.22, 507.12, 518.25, 491.93, 518.25, 522.30, 518.25, 30.37, 13.95
7.43, 28, white car, 1356.38, 557.54, 1391.12, 572.50, 1373.75, 565.02, 1356.38, 565.02, 1391.12, 565.02, 34.74, 14.97
7.43, 19, black car, 489.78, 510.95, 520.08, 524.92, 504.93, 517.93, 489.78, 517.93, 520.08, 517.93, 30.30, 13.97
7.47, 28, white car, 1353.95, 557.63, 1388.36, 572.45, 1371.15, 565.04, 1353.95, 565.04, 1388.36, 565.04, 34.41, 14.83
7.47, 19, black car, 487.64, 510.91, 517.09, 524.50, 502.37, 517.70, 487.64, 517.70, 517.09, 517.70, 29.45, 13.58
7.50, 28, white car, 1351.29, 557.68, 1385.91, 572.62, 1368.60, 565.15, 1351.29, 565.15, 1385.91, 565.15, 34.62, 14.94
7.50, 19, black car, 484.99, 510.66, 514.64, 524.31, 499.82, 517.48, 484.99, 517.48, 514.64, 517.48, 29.65, 13.65
7.53, 28, white car, 1348.96, 557.64, 1383.31, 572.48, 1366.14, 565.06, 1348.96, 565.06, 1383.31, 565.06, 34.35, 14.83
7.53, 19, black car, 481.61, 510.26, 511.24, 523.89, 496.42, 517.07, 481.61, 517.07, 511.24, 517.07, 29.63, 13.62
7.57, 28, white car, 1346.75, 557.69, 1381.04, 572.51, 1363.90, 565.10, 1346.75, 565.10, 1381.04, 565.10, 34.29, 14.83
7.57, 19, black car, 478.79, 510.07, 508.23, 523.57, 493.51, 516.82, 478.79, 516.82, 508.23, 516.82, 29.44, 13.49
7.60, 28, white car, 1343.73, 557.30, 1378.76, 572.48, 1361.24, 564.89, 1343.73, 564.89, 1378.76, 564.89, 35.03, 15.18
7.60, 19, black car, 476.32, 509.63, 505.75, 523.11, 491.03, 516.37, 476.32, 516.37, 505.75, 516.37, 29.43, 13.48
7.63, 28, white car, 1341.09, 557.15, 1375.99, 572.34, 1358.54, 564.74, 1341.09, 564.74, 1375.99, 564.74, 34.90, 15.18
7.63, 19, black car, 473.21, 509.39, 502.98, 523.05, 488.09, 516.22, 473.21, 516.22, 502.98, 516.22, 29.77, 13.66
7.67, 28, white car, 1338.47, 557.08, 1373.46, 572.35, 1355.96, 564.71, 1338.47, 564.71, 1373.46, 564.71, 34.99, 15.27
7.67, 19, black car, 470.24, 508.81, 500.76, 522.81, 485.50, 515.81, 470.24, 515.81, 500.76, 515.81, 30.52, 14.01
7.70, 28, white car, 1335.95, 557.12, 1370.81, 572.38, 1353.38, 564.75, 1335.95, 564.75, 1370.81, 564.75, 34.85, 15.26
7.70, 19, black car, 467.34, 508.39, 498.07, 522.49, 482.71, 515.44, 467.34, 515.44, 498.07, 515.44, 30.73, 14.10
7.73, 28, white car, 1333.47, 557.03, 1368.64, 572.46, 1351.06, 564.74, 1333.47, 564.74, 1368.64, 564.74, 35.18, 15.44
7.73, 19, black car, 464.70, 508.05, 495.39, 522.16, 480.05, 515.10, 464.70, 515.10, 495.39, 515.10, 30.69, 14.11
7.77, 28, white car, 1330.63, 556.82, 1365.91, 572.30, 1348.27, 564.56, 1330.63, 564.56, 1365.91, 564.56, 35.28, 15.48
7.77, 19, black car, 461.69, 507.52, 492.43, 521.67, 477.06, 514.60, 461.69, 514.60, 492.43, 514.60, 30.74, 14.15
7.80, 28, white car, 1327.92, 556.79, 1363.15, 572.26, 1345.54, 564.53, 1327.92, 564.53, 1363.15, 564.53, 35.23, 15.47
7.80, 19, black car, 458.95, 507.11, 489.57, 521.25, 474.26, 514.18, 458.95, 514.18, 489.57, 514.18, 30.62, 14.14
7.83, 28, white car, 1325.30, 556.78, 1360.35, 572.21, 1342.82, 564.49, 1325.30, 564.49, 1360.35, 564.49, 35.05, 15.43
7.83, 19, black car, 456.21, 506.88, 486.93, 521.10, 471.57, 513.99, 456.21, 513.99, 486.93, 513.99, 30.73, 14.22
7.87, 28, white car, 1322.95, 556.76, 1358.08, 572.30, 1340.52, 564.53, 1322.95, 564.53, 1358.08, 564.53, 35.13, 15.54
7.87, 19, black car, 454.64, 506.96, 484.42, 520.77, 469.53, 513.86, 454.64, 513.86, 484.42, 513.86, 29.78, 13.81
7.90, 28, white car, 1320.23, 556.68, 1355.47, 572.33, 1337.85, 564.51, 1320.23, 564.51, 1355.47, 564.51, 35.23, 15.65
7.90, 19, black car, 451.79, 506.43, 482.05, 520.43, 466.92, 513.43, 451.79, 513.43, 482.05, 513.43, 30.26, 14.00
7.93, 28, white car, 1318.26, 556.85, 1352.77, 572.17, 1335.52, 564.51, 1318.26, 564.51, 1352.77, 564.51, 34.51, 15.32
7.93, 19, black car, 448.88, 506.13, 478.85, 519.97, 463.87, 513.05, 448.88, 513.05, 478.85, 513.05, 29.97, 13.84
7.97, 28, white car, 1315.29, 556.69, 1349.99, 572.11, 1332.64, 564.40, 1315.29, 564.40, 1349.99, 564.40, 34.70, 15.42
7.97, 19, black car, 446.02, 505.71, 476.16, 519.66, 461.09, 512.69, 446.02, 512.69, 476.16, 512.69, 30.13, 13.95
8.00, 28, white car, 1312.76, 556.81, 1347.13, 572.14, 1329.94, 564.48, 1312.76, 564.48, 1347.13, 564.48, 34.38, 15.32
8.00, 19, black car, 443.43, 505.31, 473.96, 519.51, 458.69, 512.41, 443.43, 512.41, 473.96, 512.41, 30.53, 14.20
8.03, 28, white car, 1310.33, 556.80, 1344.60, 572.13, 1327.46, 564.47, 1310.33, 564.47, 1344.60, 564.47, 34.27, 15.33
8.07, 28, white car, 1307.95, 556.79, 1342.03, 572.08, 1324.99, 564.43, 1307.95, 564.43, 1342.03, 564.43, 34.09, 15.29
8.10, 28, white car, 1305.40, 556.60, 1339.58, 571.93, 1322.49, 564.27, 1305.40, 564.27, 1339.58, 564.27, 34.18, 15.33
8.13, 28, white car, 1302.82, 556.41, 1337.23, 571.85, 1320.02, 564.13, 1302.82, 564.13, 1337.23, 564.13, 34.41, 15.44
8.17, 28, white car, 1299.72, 556.30, 1334.38, 571.87, 1317.05, 564.09, 1299.72, 564.09, 1334.38, 564.09, 34.66, 15.56
8.20, 28, white car, 1297.23, 556.29, 1331.40, 571.66, 1314.31, 563.97, 1297.23, 563.97, 1331.40, 563.97, 34.17, 15.37
8.20, 19, black car, 427.74, 503.99, 457.99, 518.01, 442.86, 511.00, 427.74, 511.00, 457.99, 511.00, 30.25, 14.02
8.23, 28, white car, 1294.95, 556.23, 1329.19, 571.69, 1312.07, 563.96, 1294.95, 563.96, 1329.19, 563.96, 34.24, 15.46
8.23, 19, black car, 425.34, 503.68, 455.70, 517.70, 440.52, 510.69, 425.34, 510.69, 455.70, 510.69, 30.36, 14.01
8.27, 28, white car, 1292.44, 556.04, 1326.82, 571.59, 1309.63, 563.81, 1292.44, 563.81, 1326.82, 563.81, 34.38, 15.55
8.27, 19, black car, 423.02, 503.23, 453.26, 517.13, 438.14, 510.18, 423.02, 510.18, 453.26, 510.18, 30.23, 13.90
8.30, 28, white car, 1289.79, 555.50, 1324.45, 571.21, 1307.12, 563.35, 1289.79, 563.35, 1324.45, 563.35, 34.66, 15.71
8.30, 19, black car, 420.59, 502.69, 450.96, 516.59, 435.78, 509.64, 420.59, 509.64, 450.96, 509.64, 30.37, 13.90
8.33, 28, white car, 1286.74, 555.31, 1321.54, 571.13, 1304.14, 563.22, 1286.74, 563.22, 1321.54, 563.22, 34.81, 15.82
8.33, 19, black car, 418.08, 502.93, 447.82, 516.47, 432.95, 509.70, 418.08, 509.70, 447.82, 509.70, 29.74, 13.54
8.37, 28, white car, 1284.33, 555.36, 1318.67, 570.99, 1301.50, 563.17, 1284.33, 563.17, 1318.67, 563.17, 34.34, 15.63
8.37, 19, black car, 415.37, 502.83, 444.99, 516.27, 430.18, 509.55, 415.37, 509.55, 444.99, 509.55, 29.62, 13.44
8.40, 28, white car, 1281.98, 555.37, 1315.97, 570.84, 1298.97, 563.11, 1281.98, 563.11, 1315.97, 563.11, 33.99, 15.47
8.40, 19, black car, 412.86, 502.67, 442.58, 516.15, 427.72, 509.41, 412.86, 509.41, 442.58, 509.41, 29.72, 13.48
8.43, 28, white car, 1280.05, 555.41, 1313.49, 570.58, 1296.77, 563.00, 1280.05, 563.00, 1313.49, 563.00, 33.44, 15.16
8.43, 19, black car, 409.66, 502.37, 439.83, 516.07, 424.75, 509.22, 409.66, 509.22, 439.83, 509.22, 30.18, 13.70
8.47, 28, white car, 1277.43, 555.40, 1310.78, 570.51, 1294.10, 562.96, 1277.43, 562.96, 1310.78, 562.96, 33.35, 15.11
8.47, 19, black car, 406.95, 501.72, 437.39, 515.55, 422.17, 508.64, 406.95, 508.64, 437.39, 508.64, 30.44, 13.83
8.50, 28, white car, 1274.76, 555.35, 1307.97, 570.38, 1291.36, 562.87, 1274.76, 562.87, 1307.97, 562.87, 33.22, 15.03
8.50, 19, black car, 403.81, 501.28, 434.74, 515.35, 419.28, 508.31, 403.81, 508.31, 434.74, 508.31, 30.94, 14.07
8.53, 28, white car, 1271.73, 555.23, 1305.13, 570.33, 1288.43, 562.78, 1271.73, 562.78, 1305.13, 562.78, 33.40, 15.10
8.53, 19, black car, 401.22, 500.93, 431.92, 514.96, 416.57, 507.94, 401.22, 507.94, 431.92, 507.94, 30.70, 14.02
8.57, 28, white car, 1269.82, 555.62, 1302.19, 570.20, 1286.01, 562.91, 1269.82, 562.91, 1302.19, 562.91, 32.37, 14.58
8.57, 19, black car, 398.25, 500.40, 429.49, 514.70, 413.87, 507.55, 398.25, 507.55, 429.49, 507.55, 31.24, 14.30
8.60, 28, white car, 1267.20, 555.56, 1300.22, 570.44, 1283.71, 563.00, 1267.20, 563.00, 1300.22, 563.00, 33.02, 14.88
8.60, 19, black car, 395.73, 499.97, 427.02, 514.30, 411.38, 507.14, 395.73, 507.14, 427.02, 507.14, 31.29, 14.32
8.63, 28, white car, 1264.81, 555.46, 1297.79, 570.31, 1281.30, 562.89, 1264.81, 562.89, 1297.79, 562.89, 32.98, 14.84
8.63, 19, black car, 393.03, 499.60, 424.22, 513.87, 408.62, 506.74, 393.03, 506.74, 424.22, 506.74, 31.19, 14.26
8.67, 28, white car, 1261.99, 555.52, 1295.13, 570.39, 1278.56, 562.95, 1261.99, 562.95, 1295.13, 562.95, 33.14, 14.87
8.67, 19, black car, 390.78, 499.53, 421.41, 513.54, 406.09, 506.54, 390.78, 506.54, 421.41, 506.54, 30.63, 14.01
8.70, 28, white car, 1258.98, 555.35, 1292.21, 570.21, 1275.59, 562.78, 1258.98, 562.78, 1292.21, 562.78, 33.23, 14.87
8.70, 19, black car, 388.13, 499.43, 418.57, 513.35, 403.35, 506.39, 388.13, 506.39, 418.57, 506.39, 30.44, 13.93
8.73, 28, white car, 1256.63, 555.41, 1289.54, 570.09, 1273.08, 562.75, 1256.63, 562.75, 1289.54, 562.75, 32.92, 14.68
8.73, 19, black car, 385.36, 499.13, 415.87, 513.12, 400.62, 506.13, 385.36, 506.13, 415.87, 506.13, 30.51, 13.99
8.77, 28, white car, 1254.30, 555.47, 1286.80, 569.91, 1270.55, 562.69, 1254.30, 562.69, 1286.80, 562.69, 32.50, 14.45
8.77, 19, black car, 382.97, 498.88, 413.29, 512.82, 398.13, 505.85, 382.97, 505.85, 413.29, 505.85, 30.32, 13.93
8.77, 60, white car, 103.30, 467.48, 134.02, 481.08, 118.66, 474.28, 103.30, 474.28, 134.02, 474.28, 30.72, 13.60
8.80, 28, white car, 1251.47, 555.39, 1284.36, 569.96, 1267.92, 562.68, 1251.47, 562.68, 1284.36, 562.68, 32.88, 14.57
8.80, 19, black car, 380.60, 498.68, 410.72, 512.52, 395.66, 505.60, 380.60, 505.60, 410.72, 505.60, 30.12, 13.84
8.83, 28, white car, 1248.29, 555.15, 1282.08, 570.10, 1265.18, 562.62, 1248.29, 562.62, 1282.08, 562.62, 33.79, 14.95
8.83, 19, black car, 377.95, 498.39, 408.10, 512.26, 393.03, 505.33, 377.95, 505.33, 408.10, 505.33, 30.15, 13.87
8.87, 28, white car, 1245.78, 555.15, 1279.67, 570.12, 1262.73, 562.63, 1245.78, 562.63, 1279.67, 562.63, 33.89, 14.97
8.87, 19, black car, 375.26, 498.28, 405.08, 511.98, 390.17, 505.13, 375.26, 505.13, 405.08, 505.13, 29.82, 13.70
8.90, 28, white car, 1243.09, 555.05, 1277.02, 570.03, 1260.06, 562.54, 1243.09, 562.54, 1277.02, 562.54, 33.92, 14.98
8.90, 19, black car, 372.90, 498.12, 402.87, 511.91, 387.89, 505.02, 372.90, 505.02, 402.87, 505.02, 29.97, 13.79
8.93, 28, white car, 1241.30, 555.34, 1274.43, 569.94, 1257.87, 562.64, 1241.30, 562.64, 1274.43, 562.64, 33.13, 14.61
8.93, 19, black car, 370.33, 497.87, 400.65, 511.83, 385.49, 504.85, 370.33, 504.85, 400.65, 504.85, 30.32, 13.96
8.97, 28, white car, 1238.11, 555.08, 1271.97, 570.01, 1255.04, 562.54, 1238.11, 562.54, 1271.97, 562.54, 33.87, 14.93
8.97, 19, black car, 367.11, 497.30, 397.92, 511.48, 382.51, 504.39, 367.11, 504.39, 397.92, 504.39, 30.81, 14.18
9.00, 28, white car, 1235.43, 554.85, 1269.71, 569.98, 1252.57, 562.42, 1235.43, 562.42, 1269.71, 562.42, 34.28, 15.13
9.00, 19, black car, 364.94, 497.11, 395.73, 511.30, 380.33, 504.21, 364.94, 504.21, 395.73, 504.21, 30.78, 14.19
9.03, 28, white car, 1232.70, 554.72, 1267.19, 569.96, 1249.94, 562.34, 1232.70, 562.34, 1267.19, 562.34, 34.49, 15.23
9.03, 19, black car, 363.10, 497.27, 392.88, 511.01, 377.99, 504.14, 363.10, 504.14, 392.88, 504.14, 29.78, 13.74
9.07, 28, white car, 1230.07, 554.52, 1264.54, 569.72, 1247.30, 562.12, 1230.07, 562.12, 1264.54, 562.12, 34.46, 15.20
9.07, 19, black car, 361.55, 497.32, 390.67, 510.77, 376.11, 504.04, 361.55, 504.04, 390.67, 504.04, 29.12, 13.45
9.10, 28, white car, 1227.85, 554.54, 1261.79, 569.48, 1244.82, 562.01, 1227.85, 562.01, 1261.79, 562.01, 33.93, 14.95
9.10, 19, black car, 359.21, 496.74, 388.37, 510.30, 373.79, 503.52, 359.21, 503.52, 388.37, 503.52, 29.15, 13.55
9.13, 28, white car, 1225.20, 554.34, 1259.22, 569.31, 1242.21, 561.82, 1225.20, 561.82, 1259.22, 561.82, 34.02, 14.97
9.13, 19, black car, 356.66, 496.31, 385.75, 509.93, 371.20, 503.12, 356.66, 503.12, 385.75, 503.12, 29.09, 13.62
9.17, 28, white car, 1222.85, 554.21, 1256.93, 569.20, 1239.89, 561.71, 1222.85, 561.71, 1256.93, 561.71, 34.08, 14.98
9.17, 19, black car, 354.16, 496.17, 382.87, 509.69, 368.52, 502.93, 354.16, 502.93, 382.87, 502.93, 28.71, 13.52
9.20, 28, white car, 1220.34, 554.17, 1254.24, 569.07, 1237.29, 561.62, 1220.34, 561.62, 1254.24, 561.62, 33.90, 14.90
9.20, 19, black car, 351.05, 495.37, 380.08, 509.03, 365.57, 502.20, 351.05, 502.20, 380.08, 502.20, 29.03, 13.67
9.23, 28, white car, 1217.53, 554.13, 1251.42, 569.03, 1234.47, 561.58, 1217.53, 561.58, 1251.42, 561.58, 33.90, 14.90
9.23, 19, black car, 347.63, 495.08, 377.25, 508.99, 362.44, 502.04, 347.63, 502.04, 377.25, 502.04, 29.62, 13.90
9.27, 28, white car, 1214.69, 554.14, 1248.18, 568.84, 1231.44, 561.49, 1214.69, 561.49, 1248.18, 561.49, 33.49, 14.70
9.27, 19, black car, 345.41, 495.19, 374.81, 508.95, 360.11, 502.07, 345.41, 502.07, 374.81, 502.07, 29.40, 13.76
9.30, 28, white car, 1212.05, 554.03, 1245.65, 568.76, 1228.85, 561.40, 1212.05, 561.40, 1245.65, 561.40, 33.59, 14.73
9.30, 19, black car, 342.34, 494.80, 371.95, 508.66, 357.15, 501.73, 342.34, 501.73, 371.95, 501.73, 29.62, 13.86
9.33, 28, white car, 1209.98, 554.00, 1243.25, 568.58, 1226.62, 561.29, 1209.98, 561.29, 1243.25, 561.29, 33.27, 14.58
9.33, 19, black car, 339.36, 494.32, 369.26, 508.29, 354.31, 501.30, 339.36, 501.30, 369.26, 501.30, 29.90, 13.97
9.37, 28, white car, 1207.27, 554.01, 1240.49, 568.57, 1223.88, 561.29, 1207.27, 561.29, 1240.49, 561.29, 33.22, 14.56
9.37, 19, black car, 337.44, 493.71, 367.28, 507.69, 352.36, 500.70, 337.44, 500.70, 367.28, 500.70, 29.84, 13.98
9.40, 28, white car, 1204.68, 554.05, 1237.93, 568.62, 1221.31, 561.34, 1204.68, 561.34, 1237.93, 561.34, 33.25, 14.57
9.40, 19, black car, 336.11, 493.38, 365.82, 507.31, 350.96, 500.34, 336.11, 500.34, 365.82, 500.34, 29.72, 13.92
9.40, 62, white car, 63.22, 462.74, 95.68, 476.53, 79.45, 469.63, 63.22, 469.63, 95.68, 469.63, 32.46, 13.79
9.43, 28, white car, 1201.60, 553.85, 1235.18, 568.56, 1218.39, 561.21, 1201.60, 561.21, 1235.18, 561.21, 33.58, 14.70
9.43, 19, black car, 333.15, 493.14, 362.32, 506.78, 347.73, 499.96, 333.15, 499.96, 362.32, 499.96, 29.18, 13.64
9.43, 62, white car, 61.37, 462.32, 94.33, 476.32, 77.85, 469.32, 61.37, 469.32, 94.33, 469.32, 32.96, 14.00
9.47, 28, white car, 1198.94, 553.72, 1232.46, 568.37, 1215.70, 561.05, 1198.94, 561.05, 1232.46, 561.05, 33.52, 14.65
9.47, 19, black car, 331.99, 493.49, 359.95, 506.52, 345.97, 500.01, 331.99, 500.01, 359.95, 500.01, 27.96, 13.03
9.47, 62, white car, 59.18, 461.88, 92.17, 475.90, 75.68, 468.89, 59.18, 468.89, 92.17, 468.89, 32.98, 14.02
9.50, 28, white car, 1196.86, 553.79, 1230.13, 568.34, 1213.49, 561.07, 1196.86, 561.07, 1230.13, 561.07, 33.26, 14.55
9.50, 19, black car, 330.74, 493.07, 358.92, 506.21, 344.83, 499.64, 330.74, 499.64, 358.92, 499.64, 28.18, 13.13
9.50, 62, white car, 57.29, 461.54, 90.34, 475.59, 73.82, 468.57, 57.29, 468.57, 90.34, 468.57, 33.06, 14.05
9.53, 28, white car, 1194.47, 553.88, 1227.29, 568.23, 1210.88, 561.06, 1194.47, 561.06, 1227.29, 561.06, 32.81, 14.35
9.53, 19, black car, 326.88, 492.86, 354.92, 506.05, 340.90, 499.45, 326.88, 499.45, 354.92, 499.45, 28.04, 13.19
9.53, 62, white car, 55.70, 461.54, 88.25, 475.36, 71.97, 468.45, 55.70, 468.45, 88.25, 468.45, 32.55, 13.82
9.57, 28, white car, 1191.84, 553.88, 1224.55, 568.21, 1208.20, 561.04, 1191.84, 561.04, 1224.55, 561.04, 32.71, 14.33
9.60, 28, white car, 1188.96, 553.79, 1221.70, 568.15, 1205.33, 560.97, 1188.96, 560.97, 1221.70, 560.97, 32.74, 14.36
9.60, 19, black car, 319.98, 492.85, 347.77, 505.88, 333.87, 499.37, 319.98, 499.37, 347.77, 499.37, 27.80, 13.02
9.63, 28, white car, 1186.58, 553.61, 1219.49, 568.06, 1203.04, 560.83, 1186.58, 560.83, 1219.49, 560.83, 32.91, 14.45
9.63, 19, black car, 317.01, 492.55, 345.38, 505.80, 331.20, 499.18, 317.01, 499.18, 345.38, 499.18, 28.37, 13.25
9.67, 28, white car, 1183.92, 553.42, 1217.09, 567.99, 1200.51, 560.70, 1183.92, 560.70, 1217.09, 560.70, 33.17, 14.57
9.67, 19, black car, 314.70, 492.11, 343.46, 505.53, 329.08, 498.82, 314.70, 498.82, 343.46, 498.82, 28.77, 13.42
9.70, 28, white car, 1181.44, 553.45, 1214.55, 567.98, 1197.99, 560.72, 1181.44, 560.72, 1214.55, 560.72, 33.11, 14.53
9.70, 19, black car, 312.43, 491.58, 342.32, 505.42, 327.37, 498.50, 312.43, 498.50, 342.32, 498.50, 29.89, 13.83
9.70, 62, white car, 45.64, 461.12, 78.09, 474.90, 61.87, 468.01, 45.64, 468.01, 78.09, 468.01, 32.45, 13.78
9.73, 28, white car, 1178.84, 553.52, 1211.52, 567.83, 1195.18, 560.67, 1178.84, 560.67, 1211.52, 560.67, 32.69, 14.31
9.73, 19, black car, 309.18, 491.51, 338.68, 505.13, 323.93, 498.32, 309.18, 498.32, 338.68, 498.32, 29.50, 13.63
9.73, 62, white car, 44.22, 461.06, 76.82, 474.91, 60.52, 467.99, 44.22, 467.99, 76.82, 467.99, 32.61, 13.85
9.77, 28, white car, 1176.18, 553.53, 1208.81, 567.83, 1192.50, 560.68, 1176.18, 560.68, 1208.81, 560.68, 32.63, 14.30
9.77, 19, black car, 307.02, 491.22, 335.87, 504.54, 321.45, 497.88, 307.02, 497.88, 335.87, 497.88, 28.84, 13.32
9.77, 62, white car, 42.25, 460.97, 74.72, 474.78, 58.49, 467.87, 42.25, 467.87, 74.72, 467.87, 32.47, 13.81
9.80, 28, white car, 1173.44, 553.29, 1206.29, 567.69, 1189.86, 560.49, 1173.44, 560.49, 1206.29, 560.49, 32.84, 14.39
9.80, 19, black car, 304.46, 491.15, 333.47, 504.50, 318.97, 497.82, 304.46, 497.82, 333.47, 497.82, 29.01, 13.36
9.83, 28, white car, 1170.81, 553.23, 1203.68, 567.63, 1187.25, 560.43, 1170.81, 560.43, 1203.68, 560.43, 32.88, 14.40
9.83, 19, black car, 301.70, 490.96, 330.46, 504.16, 316.08, 497.56, 301.70, 497.56, 330.46, 497.56, 28.76, 13.20
9.87, 28, white car, 1168.33, 553.24, 1201.23, 567.64, 1184.78, 560.44, 1168.33, 560.44, 1201.23, 560.44, 32.90, 14.40
9.87, 19, black car, 299.16, 490.72, 328.20, 503.99, 313.68, 497.35, 299.16, 497.35, 328.20, 497.35, 29.04, 13.27
9.90, 28, white car, 1165.82, 553.29, 1198.52, 567.57, 1182.17, 560.43, 1165.82, 560.43, 1198.52, 560.43, 32.70, 14.28
9.90, 19, black car, 297.26, 490.19, 326.43, 503.45, 311.84, 496.82, 297.26, 496.82, 326.43, 496.82, 29.17, 13.26
9.93, 28, white car, 1163.21, 553.16, 1196.17, 567.57, 1179.69, 560.36, 1163.21, 560.36, 1196.17, 560.36, 32.96, 14.41
9.93, 19, black car, 294.27, 489.74, 322.75, 502.72, 308.51, 496.23, 294.27, 496.23, 322.75, 496.23, 28.48, 12.98
9.93, 62, white car, 31.59, 460.04, 64.82, 474.24, 48.21, 467.14, 31.59, 467.14, 64.82, 467.14, 33.24, 14.20
9.97, 28, white car, 1160.43, 552.94, 1193.39, 567.35, 1176.91, 560.15, 1160.43, 560.15, 1193.39, 560.15, 32.95, 14.41
9.97, 19, black car, 291.54, 489.32, 320.17, 502.39, 305.86, 495.86, 291.54, 495.86, 320.17, 495.86, 28.62, 13.07
