0.00, 11, white car, 27.87, 460.12, 57.03, 474.54, 42.45, 467.33, 27.87, 467.33, 57.03, 467.33, 29.16, 14.42
0.00, 12, white car, 451.45, 505.95, 481.73, 521.12, 466.59, 513.53, 451.45, 513.53, 481.73, 513.53, 30.28, 15.17
0.00, 18, black car, 277.91, 487.44, 308.84, 501.02, 293.38, 494.23, 277.91, 494.23, 308.84, 494.23, 30.93, 13.58
0.00, 35, white car, 713.99, 533.25, 744.21, 547.75, 729.10, 540.50, 713.99, 540.50, 744.21, 540.50, 30.22, 14.50
0.03, 11, white car, 26.27, 459.65, 55.84, 474.28, 41.06, 466.97, 26.27, 466.97, 55.84, 466.97, 29.57, 14.62
0.03, 12, white car, 449.10, 505.44, 479.60, 520.73, 464.35, 513.08, 449.10, 513.08, 479.60, 513.08, 30.51, 15.29
0.03, 18, black car, 274.28, 486.73, 305.81, 500.57, 290.05, 493.65, 274.28, 493.65, 305.81, 493.65, 31.53, 13.84
0.03, 35, white car, 711.56, 533.00, 742.25, 547.73, 726.90, 540.36, 711.56, 540.36, 742.25, 540.36, 30.69, 14.73
0.07, 11, white car, 23.61, 459.44, 53.71, 474.30, 38.66, 466.87, 23.61, 466.87, 53.71, 466.87, 30.11, 14.86
0.07, 12, white car, 446.79, 505.14, 477.28, 520.41, 462.04, 512.78, 446.79, 512.78, 477.28, 512.78, 30.49, 15.27
0.07, 18, black car, 272.46, 486.48, 303.98, 500.33, 288.22, 493.41, 272.46, 493.41, 303.98, 493.41, 31.52, 13.85
0.07, 35, white car, 708.78, 532.44, 740.13, 547.48, 724.45, 539.96, 708.78, 539.96, 740.13, 539.96, 31.35, 15.05
0.10, 11, white car, 22.23, 459.22, 52.32, 474.05, 37.28, 466.63, 22.23, 466.63, 52.32, 466.63, 30.09, 14.83
0.10, 12, white car, 443.99, 504.83, 474.69, 520.22, 459.34, 512.52, 443.99, 512.52, 474.69, 512.52, 30.70, 15.39
0.10, 18, black car, 270.20, 486.47, 301.11, 500.07, 285.65, 493.27, 270.20, 493.27, 301.11, 493.27, 30.91, 13.59
0.10, 35, white car, 705.92, 532.19, 737.53, 547.39, 721.73, 539.79, 705.92, 539.79, 737.53, 539.79, 31.61, 15.19
0.13, 11, white car, 20.22, 459.26, 50.42, 474.11, 35.32, 466.68, 20.22, 466.68, 50.42, 466.68, 30.19, 14.85
0.13, 12, white car, 441.77, 504.65, 472.31, 519.96, 457.04, 512.30, 441.77, 512.30, 472.31, 512.30, 30.55, 15.32
0.13, 18, black car, 266.85, 485.57, 298.74, 499.60, 282.79, 492.59, 266.85, 492.59, 298.74, 492.59, 31.89, 14.03
0.13, 35, white car, 703.66, 531.93, 735.27, 547.14, 719.46, 539.54, 703.66, 539.54, 735.27, 539.54, 31.61, 15.21
0.17, 11, white car, 18.51, 458.94, 49.20, 474.02, 33.85, 466.48, 18.51, 466.48, 49.20, 466.48, 30.69, 15.08
0.17, 12, white car, 439.23, 504.54, 469.74, 519.83, 454.49, 512.19, 439.23, 512.19, 469.74, 512.19, 30.51, 15.29
0.17, 18, black car, 264.20, 485.29, 296.19, 499.38, 280.19, 492.34, 264.20, 492.34, 296.19, 492.34, 31.99, 14.09
0.17, 35, white car, 700.84, 531.98, 732.38, 547.17, 716.61, 539.58, 700.84, 539.58, 732.38, 539.58, 31.55, 15.18
0.20, 11, white car, 17.53, 458.70, 48.14, 473.72, 32.83, 466.21, 17.53, 466.21, 48.14, 466.21, 30.61, 15.02
0.20, 12, white car, 436.67, 503.91, 467.03, 519.12, 451.85, 511.52, 436.67, 511.52, 467.03, 511.52, 30.37, 15.21
0.20, 18, black car, 261.96, 484.76, 294.27, 499.01, 278.12, 491.88, 261.96, 491.88, 294.27, 491.88, 32.31, 14.25
0.20, 35, white car, 698.55, 531.97, 729.55, 546.91, 714.05, 539.44, 698.55, 539.44, 729.55, 539.44, 31.01, 14.93
0.23, 11, white car, 16.02, 458.55, 46.64, 473.57, 31.33, 466.06, 16.02, 466.06, 46.64, 466.06, 30.62, 15.02
0.23, 12, white car, 434.05, 503.79, 464.23, 518.87, 449.14, 511.33, 434.05, 511.33, 464.23, 511.33, 30.18, 15.08
0.23, 18, black car, 259.46, 484.44, 292.10, 498.85, 275.78, 491.64, 259.46, 491.64, 292.10, 491.64, 32.64, 14.41
0.23, 35, white car, 696.50, 531.99, 727.27, 546.79, 711.88, 539.39, 696.50, 539.39, 727.27, 539.39, 30.77, 14.80
0.27, 11, white car, 14.41, 458.34, 45.18, 473.41, 29.80, 465.88, 14.41, 465.88, 45.18, 465.88, 30.77, 15.08
0.27, 12, white car, 431.75, 503.79, 461.42, 518.58, 446.59, 511.19, 431.75, 511.19, 461.42, 511.19, 29.67, 14.79
0.27, 18, black car, 256.51, 484.50, 288.81, 498.77, 272.66, 491.63, 256.51, 491.63, 288.81, 491.63, 32.31, 14.27
0.27, 35, white car, 694.22, 531.87, 724.71, 546.50, 709.46, 539.18, 694.22, 539.18, 724.71, 539.18, 30.49, 14.63
0.30, 11, white car, 13.12, 458.40, 43.75, 473.39, 28.43, 465.90, 13.12, 465.90, 43.75, 465.90, 30.63, 14.99
0.30, 12, white car, 429.25, 503.49, 459.38, 518.53, 444.31, 511.01, 429.25, 511.01, 459.38, 511.01, 30.14, 15.04
0.30, 18, black car, 253.98, 484.13, 286.31, 498.40, 270.14, 491.27, 253.98, 491.27, 286.31, 491.27, 32.33, 14.26
0.30, 35, white car, 691.66, 531.68, 722.19, 546.31, 706.93, 539.00, 691.66, 539.00, 722.19, 539.00, 30.54, 14.63
0.33, 11, white car, 11.99, 458.35, 42.25, 473.13, 27.12, 465.74, 11.99, 465.74, 42.25, 465.74, 30.26, 14.78
0.33, 12, white car, 426.69, 503.36, 456.97, 518.50, 441.83, 510.93, 426.69, 510.93, 456.97, 510.93, 30.28, 15.14
0.33, 18, black car, 251.22, 483.72, 283.63, 498.04, 267.43, 490.88, 251.22, 490.88, 283.63, 490.88, 32.41, 14.32
0.33, 35, white car, 689.41, 531.59, 719.87, 546.14, 704.64, 538.87, 689.41, 538.87, 719.87, 538.87, 30.46, 14.55
0.37, 11, white car, 11.24, 458.28, 41.01, 472.83, 26.13, 465.56, 11.24, 465.56, 41.01, 465.56, 29.77, 14.55
0.37, 12, white car, 424.08, 502.98, 454.83, 518.38, 439.45, 510.68, 424.08, 510.68, 454.83, 510.68, 30.75, 15.40
0.37, 18, black car, 248.32, 483.20, 280.92, 497.63, 264.62, 490.41, 248.32, 490.41, 280.92, 490.41, 32.60, 14.43
0.37, 35, white car, 687.06, 531.46, 717.33, 545.86, 702.19, 538.66, 687.06, 538.66, 717.33, 538.66, 30.26, 14.39
0.40, 11, white car, 9.72, 458.16, 39.51, 472.72, 24.62, 465.44, 9.72, 465.44, 39.51, 465.44, 29.80, 14.56
0.40, 12, white car, 421.41, 502.52, 452.47, 518.09, 436.94, 510.31, 421.41, 510.31, 452.47, 510.31, 31.06, 15.57
0.40, 18, black car, 245.78, 482.80, 278.60, 497.40, 262.19, 490.10, 245.78, 490.10, 278.60, 490.10, 32.83, 14.61
0.40, 35, white car, 684.42, 531.29, 714.63, 545.64, 699.52, 538.47, 684.42, 538.47, 714.63, 538.47, 30.21, 14.35
0.43, 11, white car, 7.62, 457.85, 37.97, 472.70, 22.79, 465.28, 7.62, 465.28, 37.97, 465.28, 30.35, 14.85
0.43, 12, white car, 418.99, 502.35, 450.04, 517.90, 434.52, 510.12, 418.99, 510.12, 450.04, 510.12, 31.04, 15.55
0.43, 18, black car, 243.44, 482.74, 275.96, 497.22, 259.70, 489.98, 243.44, 489.98, 275.96, 489.98, 32.51, 14.48
0.43, 35, white car, 682.09, 531.14, 712.25, 545.45, 697.17, 538.30, 682.09, 538.30, 712.25, 538.30, 30.16, 14.31
0.47, 11, white car, 5.77, 457.59, 36.50, 472.67, 21.14, 465.13, 5.77, 465.13, 36.50, 465.13, 30.74, 15.08
0.47, 12, white car, 416.67, 502.27, 447.16, 517.56, 431.92, 509.91, 416.67, 509.91, 447.16, 509.91, 30.49, 15.28
0.47, 18, black car, 240.86, 482.18, 273.62, 496.76, 257.24, 489.47, 240.86, 489.47, 273.62, 489.47, 32.76, 14.58
0.47, 35, white car, 679.67, 530.95, 709.91, 545.30, 694.79, 538.13, 679.67, 538.13, 709.91, 538.13, 30.25, 14.34
0.50, 11, white car, 3.97, 457.30, 35.17, 472.61, 19.57, 464.95, 3.97, 464.95, 35.17, 464.95, 31.20, 15.32
0.50, 12, white car, 414.53, 501.94, 444.44, 516.94, 429.49, 509.44, 414.53, 509.44, 444.44, 509.44, 29.91, 15.00
0.50, 18, black car, 238.66, 482.08, 271.17, 496.53, 254.91, 489.31, 238.66, 489.31, 271.17, 489.31, 32.50, 14.45
0.50, 35, white car, 677.23, 530.67, 707.37, 544.94, 692.30, 537.81, 677.23, 537.81, 707.37, 537.81, 30.14, 14.27
0.53, 11, white car, 3.11, 457.20, 34.14, 472.40, 18.63, 464.80, 3.11, 464.80, 34.14, 464.80, 31.03, 15.20
0.53, 12, white car, 411.45, 501.65, 442.23, 517.11, 426.84, 509.38, 411.45, 509.38, 442.23, 509.38, 30.78, 15.46
0.53, 18, black car, 237.12, 482.32, 268.73, 496.36, 252.93, 489.34, 237.12, 489.34, 268.73, 489.34, 31.62, 14.04
0.53, 35, white car, 675.15, 530.50, 704.73, 544.47, 689.94, 537.48, 675.15, 537.48, 704.73, 537.48, 29.58, 13.97
0.57, 11, white car, 1.96, 457.19, 32.73, 472.21, 17.34, 464.70, 1.96, 464.70, 32.73, 464.70, 30.76, 15.02
0.57, 12, white car, 408.61, 501.17, 439.44, 516.70, 424.02, 508.93, 408.61, 508.93, 439.44, 508.93, 30.84, 15.53
0.57, 18, black car, 234.44, 481.91, 266.14, 495.98, 250.29, 488.94, 234.44, 488.94, 266.14, 488.94, 31.70, 14.07
0.57, 35, white car, 672.68, 530.23, 702.70, 544.37, 687.69, 537.30, 672.68, 537.30, 702.70, 537.30, 30.02, 14.14
0.60, 11, white car, 0.88, 456.79, 32.45, 472.20, 16.67, 464.50, 0.88, 464.50, 32.45, 464.50, 31.57, 15.41
0.60, 12, white car, 406.22, 500.95, 436.69, 516.32, 421.45, 508.64, 406.22, 508.64, 436.69, 508.64, 30.47, 15.37
0.60, 18, black car, 231.48, 481.87, 263.60, 496.12, 247.54, 489.00, 231.48, 489.00, 263.60, 489.00, 32.12, 14.26
0.60, 35, white car, 669.94, 530.06, 700.25, 544.32, 685.10, 537.19, 669.94, 537.19, 700.25, 537.19, 30.32, 14.27
0.63, 11, white car, 0.00, 456.57, 32.02, 472.25, 16.01, 464.41, 0.00, 464.41, 32.02, 464.41, 32.02, 15.68
0.63, 12, white car, 403.90, 500.77, 433.91, 515.93, 418.91, 508.35, 403.90, 508.35, 433.91, 508.35, 30.02, 15.15
0.63, 18, black car, 228.98, 481.67, 261.08, 495.90, 245.03, 488.79, 228.98, 488.79, 261.08, 488.79, 32.10, 14.23
0.63, 35, white car, 667.44, 529.76, 697.71, 544.01, 682.57, 536.88, 667.44, 536.88, 697.71, 536.88, 30.28, 14.25
0.67, 11, white car, 0.00, 456.79, 30.34, 471.85, 15.17, 464.32, 0.00, 464.32, 30.34, 464.32, 30.34, 15.06
0.67, 12, white car, 401.54, 500.41, 431.62, 515.63, 416.58, 508.02, 401.54, 508.02, 431.62, 508.02, 30.08, 15.22
0.67, 18, black car, 226.00, 480.92, 258.58, 495.35, 242.29, 488.13, 226.00, 488.13, 258.58, 488.13, 32.58, 14.42
0.67, 35, white car, 664.97, 529.38, 695.75, 543.88, 680.36, 536.63, 664.97, 536.63, 695.75, 536.63, 30.78, 14.50
0.70, 11, white car, 0.00, 456.82, 29.75, 471.59, 14.87, 464.21, 0.00, 464.21, 29.75, 464.21, 29.75, 14.77
0.70, 12, white car, 399.16, 500.21, 428.71, 515.15, 413.94, 507.68, 399.16, 507.68, 428.71, 507.68, 29.54, 14.94
0.70, 18, black car, 224.27, 480.68, 256.17, 494.74, 240.22, 487.71, 224.27, 487.71, 256.17, 487.71, 31.90, 14.07
0.70, 35, white car, 662.61, 529.17, 693.02, 543.48, 677.81, 536.33, 662.61, 536.33, 693.02, 536.33, 30.41, 14.32
0.73, 11, white car, 0.50, 456.90, 29.98, 471.37, 15.24, 464.13, 0.50, 464.13, 29.98, 464.13, 29.48, 14.47
0.73, 12, white car, 396.29, 499.92, 426.36, 515.14, 411.32, 507.53, 396.29, 507.53, 426.36, 507.53, 30.06, 15.22
0.73, 18, black car, 222.27, 480.38, 253.61, 494.15, 237.94, 487.26, 222.27, 487.26, 253.61, 487.26, 31.34, 13.77
0.73, 35, white car, 660.35, 529.09, 690.55, 543.30, 675.45, 536.20, 660.35, 536.20, 690.55, 536.20, 30.20, 14.22
0.77, 11, white car, 0.00, 456.99, 27.74, 471.25, 13.87, 464.12, 0.00, 464.12, 27.74, 464.12, 27.74, 14.25
0.77, 12, white car, 393.76, 499.75, 424.02, 515.07, 408.89, 507.41, 393.76, 507.41, 424.02, 507.41, 30.26, 15.32
0.77, 18, black car, 219.88, 480.19, 251.19, 493.93, 235.54, 487.06, 219.88, 487.06, 251.19, 487.06, 31.31, 13.74
0.77, 35, white car, 657.87, 528.92, 688.46, 543.34, 673.16, 536.13, 657.87, 536.13, 688.46, 536.13, 30.59, 14.42
0.80, 11, white car, 0.00, 457.23, 25.88, 471.10, 12.94, 464.16, 0.00, 464.16, 25.88, 464.16, 25.88, 13.88
0.80, 12, white car, 391.47, 499.62, 421.51, 514.83, 406.49, 507.23, 391.47, 507.23, 421.51, 507.23, 30.04, 15.21
0.80, 18, black car, 218.46, 480.45, 249.42, 494.02, 233.94, 487.23, 218.46, 487.23, 249.42, 487.23, 30.96, 13.57
0.80, 35, white car, 655.14, 528.60, 685.68, 543.03, 670.41, 535.81, 655.14, 535.81, 685.68, 535.81, 30.54, 14.43
0.83, 11, white car, 0.00, 457.50, 23.88, 470.78, 11.94, 464.14, 0.00, 464.14, 23.88, 464.14, 23.88, 13.28
0.83, 12, white car, 389.03, 499.38, 418.98, 514.54, 404.00, 506.96, 389.03, 506.96, 418.98, 506.96, 29.95, 15.16
0.83, 18, black car, 216.21, 480.35, 247.43, 494.04, 231.82, 487.20, 216.21, 487.20, 247.43, 487.20, 31.22, 13.69
0.83, 35, white car, 652.92, 528.24, 682.98, 542.46, 667.95, 535.35, 652.92, 535.35, 682.98, 535.35, 30.06, 14.22
0.87, 11, white car, 0.00, 457.36, 22.46, 470.56, 11.23, 463.96, 0.00, 463.96, 22.46, 463.96, 22.46, 13.19
0.87, 12, white car, 386.84, 499.21, 416.10, 513.98, 401.47, 506.60, 386.84, 506.60, 416.10, 506.60, 29.26, 14.77
0.87, 18, black car, 213.47, 480.19, 244.64, 493.82, 229.06, 487.00, 213.47, 487.00, 244.64, 487.00, 31.16, 13.63
0.87, 35, white car, 650.65, 527.79, 680.67, 541.99, 665.66, 534.89, 650.65, 534.89, 680.67, 534.89, 30.02, 14.19
0.90, 11, white car, 0.00, 457.08, 22.12, 470.72, 11.06, 463.90, 0.00, 463.90, 22.12, 463.90, 22.12, 13.65
0.90, 12, white car, 384.27, 498.80, 413.49, 513.53, 398.88, 506.16, 384.27, 506.16, 413.49, 506.16, 29.22, 14.73
0.90, 18, black car, 210.64, 479.95, 241.51, 493.40, 226.08, 486.67, 210.64, 486.67, 241.51, 486.67, 30.87, 13.45
0.90, 35, white car, 648.41, 527.64, 678.27, 541.74, 663.34, 534.69, 648.41, 534.69, 678.27, 534.69, 29.86, 14.10
0.93, 11, white car, 0.00, 456.86, 21.52, 470.55, 10.76, 463.71, 0.00, 463.71, 21.52, 463.71, 21.52, 13.69
0.93, 12, white car, 382.21, 498.67, 410.98, 513.15, 396.59, 505.91, 382.21, 505.91, 410.98, 505.91, 28.77, 14.47
0.93, 18, black car, 208.47, 479.53, 239.35, 493.00, 223.91, 486.26, 208.47, 486.26, 239.35, 486.26, 30.88, 13.47
0.93, 35, white car, 645.77, 527.56, 675.55, 541.62, 660.66, 534.59, 645.77, 534.59, 675.55, 534.59, 29.78, 14.06
0.97, 11, white car, 0.00, 456.80, 21.00, 470.75, 10.50, 463.77, 0.00, 463.77, 21.00, 463.77, 21.00, 13.96
0.97, 12, white car, 379.77, 498.47, 408.52, 512.91, 394.15, 505.69, 379.77, 505.69, 408.52, 505.69, 28.75, 14.44
0.97, 18, black car, 206.23, 478.93, 237.80, 492.76, 222.02, 485.84, 206.23, 485.84, 237.80, 485.84, 31.57, 13.83
0.97, 35, white car, 643.49, 527.40, 673.37, 541.50, 658.43, 534.45, 643.49, 534.45, 673.37, 534.45, 29.88, 14.11
1.00, 11, white car, 0.00, 456.69, 20.11, 470.85, 10.05, 463.77, 0.00, 463.77, 20.11, 463.77, 20.11, 14.16
1.00, 12, white car, 377.66, 498.33, 406.27, 512.70, 391.96, 505.51, 377.66, 505.51, 406.27, 505.51, 28.62, 14.37
1.00, 18, black car, 204.30, 478.80, 235.96, 492.73, 220.13, 485.76, 204.30, 485.76, 235.96, 485.76, 31.66, 13.92
1.00, 35, white car, 640.95, 527.13, 670.89, 541.27, 655.92, 534.20, 640.95, 534.20, 670.89, 534.20, 29.94, 14.14
1.03, 11, white car, 0.00, 456.74, 19.16, 470.91, 9.58, 463.82, 0.00, 463.82, 19.16, 463.82, 19.16, 14.16
1.03, 12, white car, 375.32, 498.15, 403.63, 512.33, 389.48, 505.24, 375.32, 505.24, 403.63, 505.24, 28.31, 14.18
1.03, 18, black car, 201.84, 478.68, 233.15, 492.50, 217.49, 485.59, 201.84, 485.59, 233.15, 485.59, 31.31, 13.82
1.03, 35, white car, 638.39, 526.89, 668.37, 541.07, 653.38, 533.98, 638.39, 533.98, 668.37, 533.98, 29.98, 14.18
1.07, 11, white car, 0.00, 456.70, 18.14, 470.73, 9.07, 463.71, 0.00, 463.71, 18.14, 463.71, 18.14, 14.03
1.07, 12, white car, 372.08, 497.99, 400.52, 512.16, 386.30, 505.08, 372.08, 505.08, 400.52, 505.08, 28.44, 14.18
1.07, 18, black car, 199.05, 478.46, 230.47, 492.31, 214.76, 485.39, 199.05, 485.39, 230.47, 485.39, 31.41, 13.85
1.07, 35, white car, 636.24, 526.77, 665.93, 540.81, 651.08, 533.79, 636.24, 533.79, 665.93, 533.79, 29.69, 14.05
1.10, 11, white car, 0.00, 456.72, 16.77, 470.47, 8.39, 463.60, 0.00, 463.60, 16.77, 463.60, 16.77, 13.75
1.10, 12, white car, 369.14, 497.52, 397.78, 511.75, 383.46, 504.63, 369.14, 504.63, 397.78, 504.63, 28.64, 14.23
1.10, 18, black car, 196.58, 478.07, 228.39, 492.05, 212.49, 485.06, 196.58, 485.06, 228.39, 485.06, 31.81, 13.98
1.10, 35, white car, 634.31, 526.64, 663.82, 540.59, 649.06, 533.61, 634.31, 533.61, 663.82, 533.61, 29.51, 13.95
1.13, 11, white car, 0.00, 456.77, 15.75, 470.43, 7.87, 463.60, 0.00, 463.60, 15.75, 463.60, 15.75, 13.66
1.13, 12, white car, 366.55, 496.82, 396.11, 511.56, 381.33, 504.19, 366.55, 504.19, 396.11, 504.19, 29.56, 14.74
1.13, 18, black car, 193.83, 477.87, 225.52, 491.76, 209.67, 484.81, 193.83, 484.81, 225.52, 484.81, 31.68, 13.89
1.13, 35, white car, 631.68, 526.31, 661.41, 540.39, 646.55, 533.35, 631.68, 533.35, 661.41, 533.35, 29.73, 14.08
1.17, 12, white car, 363.94, 496.67, 393.68, 511.51, 378.81, 504.09, 363.94, 504.09, 393.68, 504.09, 29.75, 14.84
1.17, 18, black car, 189.98, 477.18, 222.78, 491.53, 206.38, 484.36, 189.98, 484.36, 222.78, 484.36, 32.79, 14.35
1.17, 35, white car, 629.23, 526.12, 659.14, 540.30, 644.19, 533.21, 629.23, 533.21, 659.14, 533.21, 29.91, 14.18
1.20, 12, white car, 362.34, 496.65, 391.25, 511.06, 376.80, 503.85, 362.34, 503.85, 391.25, 503.85, 28.91, 14.41
1.20, 18, black car, 188.50, 477.03, 221.14, 491.36, 204.82, 484.20, 188.50, 484.20, 221.14, 484.20, 32.64, 14.33
1.20, 35, white car, 626.79, 525.83, 657.09, 540.23, 641.94, 533.03, 626.79, 533.03, 657.09, 533.03, 30.30, 14.40
1.23, 35, white car, 623.95, 525.79, 654.28, 540.20, 639.11, 532.99, 623.95, 532.99, 654.28, 532.99, 30.33, 14.42
1.27, 35, white car, 621.77, 525.94, 651.69, 540.14, 636.73, 533.04, 621.77, 533.04, 651.69, 533.04, 29.92, 14.20
1.27, 12, white car, 353.91, 496.08, 384.92, 511.27, 369.42, 503.68, 353.91, 503.68, 384.92, 503.68, 31.01, 15.20
1.27, 18, black car, 183.64, 475.48, 217.39, 490.44, 200.51, 482.96, 183.64, 482.96, 217.39, 482.96, 33.75, 14.96
1.30, 35, white car, 619.71, 525.73, 649.73, 539.96, 634.72, 532.85, 619.71, 532.85, 649.73, 532.85, 30.02, 14.24
1.30, 12, white car, 351.45, 495.81, 382.31, 510.75, 366.88, 503.28, 351.45, 503.28, 382.31, 503.28, 30.86, 14.93
1.30, 18, black car, 181.37, 475.03, 215.36, 490.22, 198.37, 482.62, 181.37, 482.62, 215.36, 482.62, 33.99, 15.19
1.33, 35, white car, 616.97, 525.26, 647.61, 539.80, 632.29, 532.53, 616.97, 532.53, 647.61, 532.53, 30.64, 14.54
1.33, 12, white car, 349.67, 495.79, 380.36, 510.52, 365.02, 503.15, 349.67, 503.15, 380.36, 503.15, 30.69, 14.73
1.33, 18, black car, 179.88, 474.49, 213.18, 489.51, 196.53, 482.00, 179.88, 482.00, 213.18, 482.00, 33.30, 15.03
1.37, 35, white car, 614.83, 524.91, 645.38, 539.44, 630.10, 532.18, 614.83, 532.18, 645.38, 532.18, 30.55, 14.53
1.37, 12, white car, 347.47, 495.36, 378.21, 510.11, 362.84, 502.74, 347.47, 502.74, 378.21, 502.74, 30.75, 14.75
1.37, 18, black car, 179.32, 474.13, 210.53, 488.25, 194.92, 481.19, 179.32, 481.19, 210.53, 481.19, 31.21, 14.12
1.40, 35, white car, 612.71, 524.86, 643.09, 539.31, 627.90, 532.09, 612.71, 532.09, 643.09, 532.09, 30.38, 14.46
1.40, 12, white car, 346.10, 495.08, 376.35, 509.62, 361.22, 502.35, 346.10, 502.35, 376.35, 502.35, 30.25, 14.55
1.40, 18, black car, 177.13, 474.03, 208.62, 488.34, 192.88, 481.19, 177.13, 481.19, 208.62, 481.19, 31.49, 14.31
1.43, 35, white car, 609.92, 524.68, 640.42, 539.17, 625.17, 531.93, 609.92, 531.93, 640.42, 531.93, 30.50, 14.50
1.43, 12, white car, 344.39, 494.97, 374.41, 509.47, 359.40, 502.22, 344.39, 502.22, 374.41, 502.22, 30.02, 14.50
1.43, 18, black car, 175.79, 473.94, 207.05, 488.18, 191.42, 481.06, 175.79, 481.06, 207.05, 481.06, 31.26, 14.24
1.47, 35, white car, 607.69, 524.56, 638.01, 538.97, 622.85, 531.77, 607.69, 531.77, 638.01, 531.77, 30.32, 14.42
1.47, 12, white car, 342.40, 494.90, 371.42, 508.93, 356.91, 501.91, 342.40, 501.91, 371.42, 501.91, 29.03, 14.02
1.47, 18, black car, 174.42, 474.03, 205.81, 488.41, 190.12, 481.22, 174.42, 481.22, 205.81, 481.22, 31.39, 14.38
1.50, 35, white car, 605.46, 524.39, 635.68, 538.75, 620.57, 531.57, 605.46, 531.57, 635.68, 531.57, 30.22, 14.36
1.50, 12, white car, 340.52, 494.81, 368.47, 508.31, 354.49, 501.56, 340.52, 501.56, 368.47, 501.56, 27.96, 13.50
1.50, 18, black car, 172.65, 474.05, 204.33, 488.61, 188.49, 481.33, 172.65, 481.33, 204.33, 481.33, 31.68, 14.56
1.53, 35, white car, 602.82, 524.00, 633.31, 538.47, 618.07, 531.24, 602.82, 531.24, 633.31, 531.24, 30.49, 14.47
1.53, 12, white car, 338.53, 494.59, 365.49, 507.50, 352.01, 501.05, 338.53, 501.05, 365.49, 501.05, 26.97, 12.91
1.53, 18, black car, 170.74, 474.33, 202.51, 488.92, 186.62, 481.63, 170.74, 481.63, 202.51, 481.63, 31.77, 14.59
1.57, 35, white car, 600.68, 523.83, 630.82, 538.13, 615.75, 530.98, 600.68, 530.98, 630.82, 530.98, 30.15, 14.30
1.57, 12, white car, 335.91, 494.41, 363.89, 507.68, 349.90, 501.05, 335.91, 501.05, 363.89, 501.05, 27.97, 13.27
1.60, 35, white car, 598.68, 523.72, 628.47, 537.83, 613.57, 530.77, 598.68, 530.77, 628.47, 530.77, 29.80, 14.12
1.63, 35, white car, 596.15, 523.36, 625.79, 537.34, 610.97, 530.35, 596.15, 530.35, 625.79, 530.35, 29.63, 13.98
1.63, 18, black car, 160.99, 474.96, 190.07, 488.29, 175.53, 481.63, 160.99, 481.63, 190.07, 481.63, 29.09, 13.33
1.67, 35, white car, 593.78, 523.29, 623.34, 537.19, 608.56, 530.24, 593.78, 530.24, 623.34, 530.24, 29.56, 13.90
1.67, 18, black car, 157.78, 474.63, 186.38, 487.82, 172.08, 481.23, 157.78, 481.23, 186.38, 481.23, 28.60, 13.19
1.70, 35, white car, 591.56, 522.99, 621.14, 536.85, 606.35, 529.92, 591.56, 529.92, 621.14, 529.92, 29.58, 13.86
1.70, 18, black car, 155.55, 474.33, 184.23, 487.55, 169.89, 480.94, 155.55, 480.94, 184.23, 480.94, 28.68, 13.22
1.73, 35, white car, 588.93, 522.58, 618.76, 536.51, 603.85, 529.54, 588.93, 529.54, 618.76, 529.54, 29.83, 13.93
1.73, 18, black car, 154.91, 474.52, 182.89, 487.36, 168.90, 480.94, 154.91, 480.94, 182.89, 480.94, 27.98, 12.84
1.77, 35, white car, 586.51, 522.44, 616.58, 536.45, 601.54, 529.45, 586.51, 529.45, 616.58, 529.45, 30.07, 14.02
1.77, 18, black car, 153.44, 474.55, 181.63, 487.37, 167.54, 480.96, 153.44, 480.96, 181.63, 480.96, 28.19, 12.82
1.80, 35, white car, 584.03, 522.36, 614.26, 536.45, 599.14, 529.40, 584.03, 529.40, 614.26, 529.40, 30.23, 14.09
1.80, 18, black car, 152.00, 474.37, 180.79, 487.35, 166.40, 480.86, 152.00, 480.86, 180.79, 480.86, 28.80, 12.98
1.80, 12, white car, 316.79, 492.17, 346.30, 506.11, 331.55, 499.14, 316.79, 499.14, 346.30, 499.14, 29.50, 13.94
1.83, 35, white car, 581.56, 521.98, 612.00, 536.18, 596.78, 529.08, 581.56, 529.08, 612.00, 529.08, 30.44, 14.20
1.83, 18, black car, 149.86, 474.20, 179.16, 487.28, 164.51, 480.74, 149.86, 480.74, 179.16, 480.74, 29.30, 13.08
1.83, 12, white car, 314.88, 491.94, 344.79, 505.98, 329.84, 498.96, 314.88, 498.96, 344.79, 498.96, 29.91, 14.05
1.87, 35, white car, 579.28, 521.65, 609.64, 535.79, 594.46, 528.72, 579.28, 528.72, 609.64, 528.72, 30.35, 14.15
1.87, 18, black car, 147.60, 473.87, 177.46, 487.07, 162.53, 480.47, 147.60, 480.47, 177.46, 480.47, 29.86, 13.20
1.87, 12, white car, 312.53, 491.50, 342.21, 505.44, 327.37, 498.47, 312.53, 498.47, 342.21, 498.47, 29.68, 13.94
1.90, 35, white car, 576.97, 521.45, 607.25, 535.56, 592.11, 528.51, 576.97, 528.51, 607.25, 528.51, 30.28, 14.10
1.90, 18, black car, 146.83, 474.32, 175.80, 486.95, 161.32, 480.63, 146.83, 480.63, 175.80, 480.63, 28.97, 12.63
1.90, 12, white car, 309.93, 491.05, 339.14, 504.79, 324.54, 497.92, 309.93, 497.92, 339.14, 497.92, 29.21, 13.73
1.93, 35, white car, 574.26, 521.09, 604.86, 535.32, 589.56, 528.20, 574.26, 528.20, 604.86, 528.20, 30.60, 14.23
1.93, 18, black car, 143.44, 473.66, 173.12, 486.48, 158.28, 480.07, 143.44, 480.07, 173.12, 480.07, 29.68, 12.82
1.93, 12, white car, 307.50, 490.73, 336.70, 504.43, 322.10, 497.58, 307.50, 497.58, 336.70, 497.58, 29.19, 13.70
1.97, 35, white car, 571.91, 520.80, 602.62, 535.11, 587.27, 527.95, 571.91, 527.95, 602.62, 527.95, 30.72, 14.31
1.97, 18, black car, 139.22, 472.85, 169.51, 485.90, 154.36, 479.38, 139.22, 479.38, 169.51, 479.38, 30.29, 13.04
1.97, 12, white car, 305.19, 490.56, 333.92, 504.03, 319.55, 497.29, 305.19, 497.29, 333.92, 497.29, 28.73, 13.47
2.00, 35, white car, 569.17, 520.59, 599.96, 534.97, 584.56, 527.78, 569.17, 527.78, 599.96, 527.78, 30.79, 14.38
2.00, 18, black car, 137.21, 472.46, 167.69, 485.56, 152.45, 479.01, 137.21, 479.01, 167.69, 479.01, 30.48, 13.10
2.00, 12, white car, 302.98, 490.29, 331.84, 503.83, 317.41, 497.06, 302.98, 497.06, 331.84, 497.06, 28.86, 13.54
2.03, 35, white car, 566.64, 520.50, 597.52, 534.96, 582.08, 527.73, 566.64, 527.73, 597.52, 527.73, 30.89, 14.46
2.03, 18, black car, 135.36, 471.87, 166.19, 485.13, 150.77, 478.50, 135.36, 478.50, 166.19, 478.50, 30.83, 13.26
2.03, 12, white car, 301.24, 490.21, 329.69, 503.50, 315.47, 496.85, 301.24, 496.85, 329.69, 496.85, 28.45, 13.29
2.07, 35, white car, 564.83, 520.39, 594.90, 534.45, 579.86, 527.42, 564.83, 527.42, 594.90, 527.42, 30.08, 14.06
2.07, 18, black car, 133.69, 471.99, 164.43, 485.21, 149.06, 478.60, 133.69, 478.60, 164.43, 478.60, 30.74, 13.22
2.07, 12, white car, 298.78, 490.09, 326.71, 503.04, 312.75, 496.56, 298.78, 496.56, 326.71, 496.56, 27.94, 12.95
2.10, 35, white car, 562.68, 520.31, 592.48, 534.24, 577.58, 527.28, 562.68, 527.28, 592.48, 527.28, 29.80, 13.93
2.10, 18, black car, 132.67, 472.51, 162.56, 485.35, 147.61, 478.93, 132.67, 478.93, 162.56, 478.93, 29.89, 12.84
2.13, 35, white car, 560.34, 520.23, 590.08, 534.11, 575.21, 527.17, 560.34, 527.17, 590.08, 527.17, 29.74, 13.89
2.17, 35, white car, 558.15, 520.05, 587.89, 533.94, 573.02, 527.00, 558.15, 527.00, 587.89, 527.00, 29.74, 13.89
2.17, 12, white car, 291.96, 489.60, 319.81, 502.43, 305.89, 496.01, 291.96, 496.01, 319.81, 496.01, 27.85, 12.84
2.20, 35, white car, 555.46, 519.67, 585.61, 533.75, 570.54, 526.71, 555.46, 526.71, 585.61, 526.71, 30.14, 14.08
2.23, 35, white car, 552.85, 519.50, 583.07, 533.63, 567.96, 526.56, 552.85, 526.56, 583.07, 526.56, 30.22, 14.13
2.23, 18, black car, 123.72, 470.60, 155.10, 484.05, 139.41, 477.33, 123.72, 477.33, 155.10, 477.33, 31.38, 13.45
2.23, 12, white car, 286.80, 489.15, 315.17, 502.22, 300.99, 495.69, 286.80, 495.69, 315.17, 495.69, 28.37, 13.07
2.27, 35, white car, 550.63, 519.32, 580.73, 533.42, 565.68, 526.37, 550.63, 526.37, 580.73, 526.37, 30.10, 14.09
2.27, 18, black car, 121.72, 470.38, 153.38, 483.90, 137.55, 477.14, 121.72, 477.14, 153.38, 477.14, 31.66, 13.52
2.27, 12, white car, 283.58, 488.90, 312.76, 502.37, 298.17, 495.63, 283.58, 495.63, 312.76, 495.63, 29.19, 13.47
2.30, 35, white car, 548.62, 519.01, 578.30, 532.89, 563.46, 525.95, 548.62, 525.95, 578.30, 525.95, 29.68, 13.88
2.30, 18, black car, 119.34, 470.64, 150.71, 484.05, 135.03, 477.34, 119.34, 477.34, 150.71, 477.34, 31.37, 13.41
2.30, 12, white car, 280.98, 488.36, 310.61, 502.09, 295.80, 495.22, 280.98, 495.22, 310.61, 495.22, 29.64, 13.73
2.33, 35, white car, 546.28, 518.78, 576.15, 532.75, 561.21, 525.76, 546.28, 525.76, 576.15, 525.76, 29.87, 13.97
2.33, 18, black car, 116.47, 470.44, 148.36, 484.09, 132.42, 477.27, 116.47, 477.27, 148.36, 477.27, 31.88, 13.65
2.33, 12, white car, 278.69, 488.07, 308.50, 501.94, 293.60, 495.00, 278.69, 495.00, 308.50, 495.00, 29.80, 13.87
2.37, 35, white car, 543.76, 518.59, 573.88, 532.68, 558.82, 525.63, 543.76, 525.63, 573.88, 525.63, 30.12, 14.09
2.37, 18, black car, 114.25, 469.90, 146.58, 483.75, 130.42, 476.83, 114.25, 476.83, 146.58, 476.83, 32.33, 13.84
2.37, 12, white car, 275.99, 487.74, 305.90, 501.72, 290.94, 494.73, 275.99, 494.73, 305.90, 494.73, 29.91, 13.98
2.40, 35, white car, 541.18, 518.27, 571.35, 532.38, 556.27, 525.33, 541.18, 525.33, 571.35, 525.33, 30.17, 14.11
2.40, 18, black car, 112.39, 469.72, 144.68, 483.54, 128.53, 476.63, 112.39, 476.63, 144.68, 476.63, 32.29, 13.82
2.40, 12, white car, 273.71, 487.39, 303.61, 501.41, 288.66, 494.40, 273.71, 494.40, 303.61, 494.40, 29.90, 14.01
2.43, 35, white car, 538.74, 517.99, 568.91, 532.11, 553.82, 525.05, 538.74, 525.05, 568.91, 525.05, 30.17, 14.13
2.43, 18, black car, 110.72, 469.47, 143.27, 483.42, 127.00, 476.45, 110.72, 476.45, 143.27, 476.45, 32.55, 13.95
2.43, 12, white car, 271.44, 487.10, 301.05, 501.00, 286.25, 494.05, 271.44, 494.05, 301.05, 494.05, 29.61, 13.91
2.47, 35, white car, 536.49, 517.67, 566.67, 531.83, 551.58, 524.75, 536.49, 524.75, 566.67, 524.75, 30.18, 14.16
2.47, 18, black car, 109.30, 469.10, 141.74, 482.98, 125.52, 476.04, 109.30, 476.04, 141.74, 476.04, 32.44, 13.88
2.47, 12, white car, 269.22, 486.96, 298.61, 500.80, 283.91, 493.88, 269.22, 493.88, 298.61, 493.88, 29.39, 13.84
2.50, 35, white car, 534.55, 517.37, 564.55, 531.45, 549.55, 524.41, 534.55, 524.41, 564.55, 524.41, 30.00, 14.08
2.50, 18, black car, 107.61, 468.68, 140.09, 482.56, 123.85, 475.62, 107.61, 475.62, 140.09, 475.62, 32.48, 13.87
2.50, 12, white car, 266.73, 486.62, 296.47, 500.65, 281.60, 493.63, 266.73, 493.63, 296.47, 493.63, 29.74, 14.04
2.53, 35, white car, 532.08, 517.05, 562.26, 531.26, 547.17, 524.15, 532.08, 524.15, 562.26, 524.15, 30.18, 14.20
2.53, 18, black car, 105.38, 468.48, 137.60, 482.21, 121.49, 475.35, 105.38, 475.35, 137.60, 475.35, 32.22, 13.73
2.53, 12, white car, 264.52, 486.31, 294.40, 500.46, 279.46, 493.39, 264.52, 493.39, 294.40, 493.39, 29.88, 14.15
2.57, 35, white car, 529.65, 516.98, 559.62, 531.10, 544.64, 524.04, 529.65, 524.04, 559.62, 524.04, 29.97, 14.12
2.57, 18, black car, 103.42, 468.32, 135.65, 482.03, 119.53, 475.17, 103.42, 475.17, 135.65, 475.17, 32.24, 13.72
2.57, 12, white car, 262.09, 486.04, 292.08, 500.30, 277.09, 493.17, 262.09, 493.17, 292.08, 493.17, 29.98, 14.25
2.60, 35, white car, 527.26, 516.78, 556.84, 530.68, 542.05, 523.73, 527.26, 523.73, 556.84, 523.73, 29.58, 13.90
2.60, 18, black car, 101.98, 468.34, 133.76, 481.84, 117.87, 475.09, 101.98, 475.09, 133.76, 475.09, 31.78, 13.50
2.60, 12, white car, 259.50, 485.74, 289.62, 500.08, 274.56, 492.91, 259.50, 492.91, 289.62, 492.91, 30.12, 14.34
2.63, 35, white car, 524.77, 516.52, 554.36, 530.39, 539.57, 523.45, 524.77, 523.45, 554.36, 523.45, 29.60, 13.88
2.63, 18, black car, 100.52, 468.36, 132.06, 481.76, 116.29, 475.06, 100.52, 475.06, 132.06, 475.06, 31.54, 13.41
2.63, 12, white car, 257.11, 485.49, 286.86, 499.70, 271.99, 492.60, 257.11, 492.60, 286.86, 492.60, 29.75, 14.21
2.67, 35, white car, 522.42, 516.26, 552.02, 530.14, 537.22, 523.20, 522.42, 523.20, 552.02, 523.20, 29.60, 13.88
2.67, 18, black car, 98.82, 468.48, 129.97, 481.65, 114.40, 475.06, 98.82, 475.06, 129.97, 475.06, 31.14, 13.17
2.67, 12, white car, 254.74, 485.39, 284.06, 499.39, 269.40, 492.39, 254.74, 492.39, 284.06, 492.39, 29.32, 14.00
2.70, 35, white car, 520.23, 515.89, 549.81, 529.77, 535.02, 522.83, 520.23, 522.83, 549.81, 522.83, 29.58, 13.88
2.70, 18, black car, 96.38, 468.12, 127.71, 481.32, 112.04, 474.72, 96.38, 474.72, 127.71, 474.72, 31.33, 13.20
2.70, 12, white car, 252.42, 485.17, 281.78, 499.19, 267.10, 492.18, 252.42, 492.18, 281.78, 492.18, 29.36, 14.02
2.73, 35, white car, 517.96, 515.64, 547.55, 529.52, 532.75, 522.58, 517.96, 522.58, 547.55, 522.58, 29.59, 13.88
2.73, 18, black car, 94.40, 467.78, 125.74, 480.94, 110.07, 474.36, 94.40, 474.36, 125.74, 474.36, 31.34, 13.16
2.73, 12, white car, 250.42, 484.84, 279.83, 498.91, 265.12, 491.88, 250.42, 491.88, 279.83, 491.88, 29.41, 14.07
2.77, 35, white car, 515.74, 515.33, 545.20, 529.14, 530.47, 522.24, 515.74, 522.24, 545.20, 522.24, 29.46, 13.81
2.77, 18, black car, 93.13, 467.75, 124.24, 480.78, 108.69, 474.26, 93.13, 474.26, 124.24, 474.26, 31.11, 13.03
2.77, 12, white car, 248.32, 484.58, 277.52, 498.56, 262.92, 491.57, 248.32, 491.57, 277.52, 491.57, 29.20, 13.98
2.80, 35, white car, 513.17, 515.01, 542.40, 528.71, 527.79, 521.86, 513.17, 521.86, 542.40, 521.86, 29.24, 13.70
2.80, 18, black car, 91.74, 467.40, 123.18, 480.53, 107.46, 473.97, 91.74, 473.97, 123.18, 473.97, 31.44, 13.13
2.80, 12, white car, 245.80, 484.28, 275.11, 498.32, 260.45, 491.30, 245.80, 491.30, 275.11, 491.30, 29.31, 14.04
2.83, 35, white car, 510.85, 514.76, 540.13, 528.48, 525.49, 521.62, 510.85, 521.62, 540.13, 521.62, 29.28, 13.72
2.83, 18, black car, 89.50, 467.11, 121.31, 480.39, 105.41, 473.75, 89.50, 473.75, 121.31, 473.75, 31.81, 13.28
2.83, 12, white car, 243.27, 484.12, 272.24, 498.01, 257.76, 491.06, 243.27, 491.06, 272.24, 491.06, 28.96, 13.88
2.87, 35, white car, 508.87, 514.54, 537.64, 527.97, 523.26, 521.25, 508.87, 521.25, 537.64, 521.25, 28.77, 13.43
2.87, 18, black car, 87.69, 466.90, 119.56, 480.19, 103.62, 473.54, 87.69, 473.54, 119.56, 473.54, 31.87, 13.29
2.87, 12, white car, 241.24, 484.05, 269.65, 497.64, 255.45, 490.85, 241.24, 490.85, 269.65, 490.85, 28.42, 13.60
2.90, 35, white car, 506.49, 514.35, 535.33, 527.80, 520.91, 521.08, 506.49, 521.08, 535.33, 521.08, 28.84, 13.45
2.90, 18, black car, 85.75, 466.71, 117.54, 479.93, 101.64, 473.32, 85.75, 473.32, 117.54, 473.32, 31.80, 13.23
2.90, 12, white car, 238.77, 483.71, 267.25, 497.32, 253.01, 490.52, 238.77, 490.52, 267.25, 490.52, 28.47, 13.61
2.93, 35, white car, 503.81, 514.12, 532.98, 527.70, 518.39, 520.91, 503.81, 520.91, 532.98, 520.91, 29.17, 13.59
2.93, 18, black car, 84.30, 466.51, 116.10, 479.70, 100.20, 473.10, 84.30, 473.10, 116.10, 473.10, 31.80, 13.20
2.93, 12, white car, 236.51, 483.57, 264.97, 497.14, 250.74, 490.36, 236.51, 490.36, 264.97, 490.36, 28.47, 13.57
2.97, 35, white car, 501.13, 513.71, 530.82, 527.53, 515.98, 520.62, 501.13, 520.62, 530.82, 520.62, 29.69, 13.82
2.97, 18, black car, 81.98, 466.17, 114.10, 479.48, 98.04, 472.82, 81.98, 472.82, 114.10, 472.82, 32.12, 13.31
2.97, 12, white car, 234.18, 483.16, 262.89, 496.84, 248.54, 490.00, 234.18, 490.00, 262.89, 490.00, 28.71, 13.68
3.00, 35, white car, 498.38, 513.37, 528.41, 527.39, 513.39, 520.38, 498.38, 520.38, 528.41, 520.38, 30.02, 14.02
3.00, 18, black car, 79.84, 466.14, 112.18, 479.55, 96.01, 472.85, 79.84, 472.85, 112.18, 472.85, 32.34, 13.41
3.00, 12, white car, 231.67, 482.85, 260.77, 496.72, 246.22, 489.79, 231.67, 489.79, 260.77, 489.79, 29.10, 13.87
3.03, 35, white car, 495.98, 513.28, 525.96, 527.29, 510.97, 520.29, 495.98, 520.29, 525.96, 520.29, 29.98, 14.02
3.03, 18, black car, 78.11, 466.09, 110.38, 479.48, 94.25, 472.79, 78.11, 472.79, 110.38, 472.79, 32.27, 13.40
3.03, 12, white car, 229.36, 482.68, 258.08, 496.37, 243.72, 489.52, 229.36, 489.52, 258.08, 489.52, 28.71, 13.69
3.07, 35, white car, 493.82, 513.04, 523.77, 527.05, 508.79, 520.05, 493.82, 520.05, 523.77, 520.05, 29.95, 14.01
3.07, 18, black car, 76.39, 466.11, 108.90, 479.62, 92.64, 472.86, 76.39, 472.86, 108.90, 472.86, 32.51, 13.52
3.07, 12, white car, 227.05, 482.33, 256.07, 496.18, 241.56, 489.26, 227.05, 489.26, 256.07, 489.26, 29.02, 13.85
3.10, 35, white car, 491.58, 512.58, 521.57, 526.66, 506.58, 519.62, 491.58, 519.62, 521.57, 519.62, 29.99, 14.08
3.10, 18, black car, 74.08, 465.76, 106.93, 479.44, 90.50, 472.60, 74.08, 472.60, 106.93, 472.60, 32.85, 13.67
3.10, 12, white car, 224.54, 482.00, 253.72, 495.93, 239.13, 488.97, 224.54, 488.97, 253.72, 488.97, 29.18, 13.93
3.13, 35, white car, 489.30, 512.45, 519.19, 526.52, 504.25, 519.49, 489.30, 519.49, 519.19, 519.49, 29.89, 14.07
3.13, 18, black car, 72.27, 465.81, 105.12, 479.47, 88.69, 472.64, 72.27, 472.64, 105.12, 472.64, 32.85, 13.67
3.13, 12, white car, 222.21, 481.98, 251.02, 495.72, 236.61, 488.85, 222.21, 488.85, 251.02, 488.85, 28.81, 13.75
3.17, 35, white car, 487.27, 512.24, 517.10, 526.30, 502.18, 519.27, 487.27, 519.27, 517.10, 519.27, 29.84, 14.06
3.17, 18, black car, 70.21, 465.35, 103.38, 479.17, 86.80, 472.26, 70.21, 472.26, 103.38, 472.26, 33.17, 13.82
3.17, 12, white car, 220.38, 481.96, 248.65, 495.39, 234.52, 488.68, 220.38, 488.68, 248.65, 488.68, 28.27, 13.44
3.20, 35, white car, 484.86, 511.91, 514.76, 526.03, 499.81, 518.97, 484.86, 518.97, 514.76, 518.97, 29.89, 14.12
3.20, 18, black car, 68.94, 465.19, 102.02, 478.96, 85.48, 472.07, 68.94, 472.07, 102.02, 472.07, 33.08, 13.77
3.20, 12, white car, 218.17, 481.81, 246.22, 495.13, 232.19, 488.47, 218.17, 488.47, 246.22, 488.47, 28.05, 13.32
3.23, 35, white car, 482.18, 511.82, 512.23, 526.02, 497.21, 518.92, 482.18, 518.92, 512.23, 518.92, 30.05, 14.20
3.23, 18, black car, 66.78, 464.76, 100.34, 478.71, 83.56, 471.74, 66.78, 471.74, 100.34, 471.74, 33.56, 13.95
3.23, 12, white car, 215.35, 481.42, 243.66, 494.88, 229.50, 488.15, 215.35, 488.15, 243.66, 488.15, 28.31, 13.46
3.27, 35, white car, 479.82, 511.63, 509.77, 525.80, 494.80, 518.72, 479.82, 518.72, 509.77, 518.72, 29.95, 14.17
3.27, 18, black car, 65.33, 464.64, 98.50, 478.46, 81.91, 471.55, 65.33, 471.55, 98.50, 471.55, 33.18, 13.81
3.27, 12, white car, 213.11, 481.13, 241.84, 494.82, 227.48, 487.98, 213.11, 487.98, 241.84, 487.98, 28.73, 13.69
3.30, 35, white car, 477.68, 511.45, 507.39, 525.52, 492.53, 518.48, 477.68, 518.48, 507.39, 518.48, 29.71, 14.07
3.30, 18, black car, 64.05, 464.58, 96.78, 478.24, 80.41, 471.41, 64.05, 471.41, 96.78, 471.41, 32.73, 13.66
3.30, 12, white car, 210.63, 480.78, 239.77, 494.73, 225.20, 487.75, 210.63, 487.75, 239.77, 487.75, 29.14, 13.95
3.33, 35, white car, 475.25, 511.07, 505.40, 525.39, 490.33, 518.23, 475.25, 518.23, 505.40, 518.23, 30.15, 14.32
3.33, 18, black car, 63.07, 464.58, 95.34, 478.07, 79.21, 471.33, 63.07, 471.33, 95.34, 471.33, 32.26, 13.49
3.33, 12, white car, 208.07, 480.46, 237.42, 494.55, 222.74, 487.50, 208.07, 487.50, 237.42, 487.50, 29.36, 14.09
3.37, 35, white car, 472.79, 510.74, 503.30, 525.30, 488.05, 518.02, 472.79, 518.02, 503.30, 518.02, 30.52, 14.56
3.37, 18, black car, 61.63, 464.72, 93.56, 478.10, 77.60, 471.41, 61.63, 471.41, 93.56, 471.41, 31.92, 13.38
3.37, 12, white car, 205.94, 480.19, 235.24, 494.34, 220.59, 487.26, 205.94, 487.26, 235.24, 487.26, 29.30, 14.15
3.40, 35, white car, 470.57, 510.47, 501.13, 525.09, 485.85, 517.78, 470.57, 517.78, 501.13, 517.78, 30.56, 14.62
3.40, 18, black car, 59.97, 464.70, 91.73, 478.03, 75.85, 471.37, 59.97, 471.37, 91.73, 471.37, 31.75, 13.33
3.40, 12, white car, 202.95, 479.71, 232.69, 494.13, 217.82, 486.92, 202.95, 486.92, 232.69, 486.92, 29.74, 14.42
3.43, 35, white car, 468.11, 510.19, 498.87, 524.96, 483.49, 517.57, 468.11, 517.57, 498.87, 517.57, 30.76, 14.77
3.43, 18, black car, 58.18, 464.48, 89.91, 477.81, 74.04, 471.15, 58.18, 471.15, 89.91, 471.15, 31.73, 13.34
3.43, 12, white car, 200.28, 479.33, 230.04, 493.77, 215.16, 486.55, 200.28, 486.55, 230.04, 486.55, 29.76, 14.44
3.47, 35, white car, 465.50, 509.93, 496.52, 524.88, 481.01, 517.40, 465.50, 517.40, 496.52, 517.40, 31.02, 14.94
3.47, 18, black car, 56.37, 464.13, 88.40, 477.57, 72.39, 470.85, 56.37, 470.85, 88.40, 470.85, 32.02, 13.45
3.47, 12, white car, 198.10, 479.41, 227.45, 493.61, 212.78, 486.51, 198.10, 486.51, 227.45, 486.51, 29.35, 14.19
3.50, 35, white car, 463.29, 509.64, 494.25, 524.59, 478.77, 517.11, 463.29, 517.11, 494.25, 517.11, 30.96, 14.95
3.50, 18, black car, 54.13, 463.65, 86.81, 477.35, 70.47, 470.50, 54.13, 470.50, 86.81, 470.50, 32.67, 13.69
3.53, 35, white car, 460.98, 509.43, 491.65, 524.28, 476.32, 516.86, 460.98, 516.86, 491.65, 516.86, 30.68, 14.85
3.53, 18, black car, 52.00, 463.33, 85.06, 477.17, 68.53, 470.25, 52.00, 470.25, 85.06, 470.25, 33.06, 13.83
3.57, 35, white car, 458.88, 509.37, 489.09, 524.03, 473.99, 516.70, 458.88, 516.70, 489.09, 516.70, 30.21, 14.66
3.57, 18, black car, 50.38, 462.93, 83.74, 476.87, 67.06, 469.90, 50.38, 469.90, 83.74, 469.90, 33.36, 13.94
3.57, 12, white car, 187.80, 477.46, 219.65, 492.79, 203.72, 485.13, 187.80, 485.13, 219.65, 485.13, 31.85, 15.33
3.60, 35, white car, 456.83, 509.14, 486.75, 523.66, 471.79, 516.40, 456.83, 516.40, 486.75, 516.40, 29.92, 14.52
3.60, 18, black car, 48.78, 462.81, 82.14, 476.76, 65.46, 469.78, 48.78, 469.78, 82.14, 469.78, 33.37, 13.96
3.63, 35, white car, 454.60, 508.81, 484.55, 523.37, 469.58, 516.09, 454.60, 516.09, 484.55, 516.09, 29.95, 14.56
3.63, 18, black car, 47.45, 462.94, 80.44, 476.76, 63.95, 469.85, 47.45, 469.85, 80.44, 469.85, 32.99, 13.82
3.63, 12, white car, 183.78, 477.26, 215.52, 492.50, 199.65, 484.88, 183.78, 484.88, 215.52, 484.88, 31.74, 15.25
3.67, 35, white car, 452.11, 508.47, 482.34, 523.17, 467.23, 515.82, 452.11, 515.82, 482.34, 515.82, 30.24, 14.70
3.67, 18, black car, 46.04, 463.24, 78.19, 476.76, 62.11, 470.00, 46.04, 470.00, 78.19, 470.00, 32.15, 13.52
3.67, 12, white car, 182.76, 477.14, 213.95, 492.21, 198.36, 484.67, 182.76, 484.67, 213.95, 484.67, 31.20, 15.07
3.70, 35, white car, 449.72, 508.07, 479.76, 522.70, 464.74, 515.38, 449.72, 515.38, 479.76, 515.38, 30.05, 14.63
3.70, 18, black car, 44.15, 463.00, 76.47, 476.63, 60.31, 469.81, 44.15, 469.81, 76.47, 469.81, 32.32, 13.63
3.70, 12, white car, 181.20, 476.93, 212.38, 492.12, 196.79, 484.52, 181.20, 484.52, 212.38, 484.52, 31.18, 15.19
3.73, 35, white car, 447.20, 507.51, 477.49, 522.30, 462.35, 514.91, 447.20, 514.91, 477.49, 514.91, 30.30, 14.79
3.73, 18, black car, 42.07, 462.54, 74.95, 476.42, 58.51, 469.48, 42.07, 469.48, 74.95, 469.48, 32.88, 13.88
3.73, 12, white car, 178.93, 476.56, 210.31, 491.99, 194.62, 484.28, 178.93, 484.28, 210.31, 484.28, 31.38, 15.44
3.77, 35, white car, 444.76, 507.26, 475.08, 522.10, 459.92, 514.68, 444.76, 514.68, 475.08, 514.68, 30.32, 14.84
3.77, 18, black car, 40.47, 462.15, 73.65, 476.16, 57.06, 469.16, 40.47, 469.16, 73.65, 469.16, 33.18, 14.01
3.77, 12, white car, 177.00, 476.49, 207.67, 491.72, 192.34, 484.11, 177.00, 484.11, 207.67, 484.11, 30.67, 15.23
3.80, 35, white car, 442.33, 507.05, 472.72, 521.97, 457.53, 514.51, 442.33, 514.51, 472.72, 514.51, 30.38, 14.92
3.80, 18, black car, 39.46, 461.91, 72.35, 475.79, 55.91, 468.85, 39.46, 468.85, 72.35, 468.85, 32.89, 13.88
3.80, 12, white car, 174.66, 476.27, 205.50, 491.69, 190.08, 483.98, 174.66, 483.98, 205.50, 483.98, 30.83, 15.42
3.83, 35, white car, 440.05, 506.78, 470.54, 521.79, 455.29, 514.28, 440.05, 514.28, 470.54, 514.28, 30.49, 15.01
3.83, 18, black car, 37.73, 461.65, 70.36, 475.41, 54.05, 468.53, 37.73, 468.53, 70.36, 468.53, 32.64, 13.76
3.87, 35, white car, 437.97, 506.59, 467.96, 521.35, 452.96, 513.97, 437.97, 513.97, 467.96, 513.97, 30.00, 14.76
3.87, 18, black car, 35.97, 461.47, 68.38, 475.11, 52.17, 468.29, 35.97, 468.29, 68.38, 468.29, 32.41, 13.64
3.90, 35, white car, 435.89, 506.46, 465.15, 520.84, 450.52, 513.65, 435.89, 513.65, 465.15, 513.65, 29.26, 14.38
3.90, 18, black car, 34.62, 461.46, 66.71, 474.96, 50.67, 468.21, 34.62, 468.21, 66.71, 468.21, 32.09, 13.50
3.93, 35, white car, 433.60, 506.30, 462.71, 520.57, 448.16, 513.43, 433.60, 513.43, 462.71, 513.43, 29.11, 14.27
3.93, 18, black car, 33.42, 461.37, 65.35, 474.84, 49.39, 468.10, 33.42, 468.10, 65.35, 468.10, 31.93, 13.47
3.97, 35, white car, 431.54, 506.14, 460.44, 520.28, 445.99, 513.21, 431.54, 513.21, 460.44, 513.21, 28.90, 14.14
3.97, 18, black car, 32.15, 461.14, 64.19, 474.71, 48.17, 467.92, 32.15, 467.92, 64.19, 467.92, 32.04, 13.57
4.00, 35, white car, 429.11, 505.92, 458.07, 520.10, 443.59, 513.01, 429.11, 513.01, 458.07, 513.01, 28.96, 14.18
4.00, 18, black car, 30.69, 460.84, 63.17, 474.64, 46.93, 467.74, 30.69, 467.74, 63.17, 467.74, 32.48, 13.80
4.03, 35, white car, 426.66, 505.66, 455.86, 519.95, 441.26, 512.81, 426.66, 512.81, 455.86, 512.81, 29.20, 14.29
4.03, 18, black car, 29.59, 460.84, 61.79, 474.55, 45.69, 467.70, 29.59, 467.70, 61.79, 467.70, 32.21, 13.70
4.07, 35, white car, 424.34, 505.42, 453.59, 519.74, 438.96, 512.58, 424.34, 512.58, 453.59, 512.58, 29.26, 14.32
4.07, 18, black car, 28.08, 460.65, 60.36, 474.41, 44.22, 467.53, 28.08, 467.53, 60.36, 467.53, 32.28, 13.76
4.10, 35, white car, 421.66, 505.11, 450.95, 519.49, 436.31, 512.30, 421.66, 512.30, 450.95, 512.30, 29.29, 14.38
4.10, 18, black car, 25.47, 460.12, 58.48, 474.19, 41.98, 467.15, 25.47, 467.15, 58.48, 467.15, 33.01, 14.07
4.10, 12, white car, 155.32, 475.27, 182.01, 488.33, 168.66, 481.80, 155.32, 481.80, 182.01, 481.80, 26.69, 13.06
4.13, 35, white car, 419.17, 504.97, 448.56, 519.40, 433.86, 512.19, 419.17, 512.19, 448.56, 512.19, 29.39, 14.43
4.13, 18, black car, 23.43, 459.90, 56.70, 474.04, 40.07, 466.97, 23.43, 466.97, 56.70, 466.97, 33.27, 14.14
4.13, 12, white car, 153.34, 475.20, 180.07, 488.05, 166.71, 481.63, 153.34, 481.63, 180.07, 481.63, 26.74, 12.85
4.17, 35, white car, 417.03, 504.87, 446.44, 519.35, 431.74, 512.11, 417.03, 512.11, 446.44, 512.11, 29.41, 14.49
4.17, 18, black car, 21.68, 460.03, 54.39, 473.87, 38.03, 466.95, 21.68, 466.95, 54.39, 466.95, 32.71, 13.84
4.17, 12, white car, 150.95, 474.72, 178.92, 488.05, 164.94, 481.38, 150.95, 481.38, 178.92, 481.38, 27.97, 13.33
4.20, 35, white car, 414.78, 504.31, 444.60, 519.06, 429.69, 511.68, 414.78, 511.68, 444.60, 511.68, 29.82, 14.75
4.20, 18, black car, 18.67, 459.33, 52.64, 473.67, 35.65, 466.50, 18.67, 466.50, 52.64, 466.50, 33.96, 14.34
4.20, 12, white car, 148.75, 474.37, 177.07, 487.86, 162.91, 481.12, 148.75, 481.12, 177.07, 481.12, 28.32, 13.49
4.23, 35, white car, 412.44, 503.98, 442.47, 518.84, 427.45, 511.41, 412.44, 511.41, 442.47, 511.41, 30.03, 14.86
4.23, 18, black car, 16.78, 458.97, 51.16, 473.52, 33.97, 466.24, 16.78, 466.24, 51.16, 466.24, 34.38, 14.55
4.23, 12, white car, 147.09, 474.31, 175.11, 487.61, 161.10, 480.96, 147.09, 480.96, 175.11, 480.96, 28.02, 13.30
4.27, 35, white car, 409.87, 503.78, 439.78, 518.61, 424.83, 511.19, 409.87, 511.19, 439.78, 511.19, 29.91, 14.83
4.27, 18, black car, 15.68, 458.78, 49.95, 473.34, 32.81, 466.06, 15.68, 466.06, 49.95, 466.06, 34.27, 14.56
4.27, 12, white car, 144.74, 474.21, 172.86, 487.50, 158.80, 480.85, 144.74, 480.85, 172.86, 480.85, 28.12, 13.30
4.30, 35, white car, 407.49, 503.38, 437.53, 518.31, 422.51, 510.84, 407.49, 510.84, 437.53, 510.84, 30.04, 14.93
4.30, 18, black car, 14.72, 458.45, 49.00, 473.07, 31.86, 465.76, 14.72, 465.76, 49.00, 465.76, 34.28, 14.63
4.30, 12, white car, 142.14, 473.67, 170.91, 487.26, 156.52, 480.46, 142.14, 480.46, 170.91, 480.46, 28.77, 13.59
4.33, 35, white car, 405.15, 503.08, 435.21, 518.03, 420.18, 510.56, 405.15, 510.56, 435.21, 510.56, 30.05, 14.95
4.33, 18, black car, 14.04, 458.56, 47.35, 472.87, 30.69, 465.71, 14.04, 465.71, 47.35, 465.71, 33.31, 14.31
4.33, 12, white car, 140.11, 473.45, 168.79, 486.98, 154.45, 480.22, 140.11, 480.22, 168.79, 480.22, 28.68, 13.53
4.37, 35, white car, 402.78, 502.94, 432.66, 517.83, 417.72, 510.39, 402.78, 510.39, 432.66, 510.39, 29.88, 14.89
4.37, 18, black car, 13.10, 458.57, 45.62, 472.61, 29.36, 465.59, 13.10, 465.59, 45.62, 465.59, 32.51, 14.04
4.37, 12, white car, 137.99, 473.24, 166.59, 486.71, 152.29, 479.98, 137.99, 479.98, 166.59, 479.98, 28.61, 13.46
4.40, 35, white car, 400.49, 502.58, 430.33, 517.48, 415.41, 510.03, 400.49, 510.03, 430.33, 510.03, 29.84, 14.90
4.40, 18, black car, 11.87, 458.46, 43.80, 472.31, 27.84, 465.39, 11.87, 465.39, 43.80, 465.39, 31.93, 13.85
4.40, 12, white car, 135.81, 473.01, 164.44, 486.43, 150.13, 479.72, 135.81, 479.72, 164.44, 479.72, 28.62, 13.42
4.43, 35, white car, 397.98, 502.46, 427.63, 517.25, 412.80, 509.85, 397.98, 509.85, 427.63, 509.85, 29.65, 14.80
4.43, 18, black car, 11.18, 458.12, 42.49, 471.75, 26.83, 464.93, 11.18, 464.93, 42.49, 464.93, 31.31, 13.63
4.43, 12, white car, 133.60, 472.72, 162.26, 486.13, 147.93, 479.43, 133.60, 479.43, 162.26, 479.43, 28.66, 13.41
4.47, 35, white car, 395.55, 502.31, 425.08, 517.05, 410.32, 509.68, 395.55, 509.68, 425.08, 509.68, 29.52, 14.74
4.47, 18, black car, 10.05, 458.20, 40.98, 471.72, 25.52, 464.96, 10.05, 464.96, 40.98, 464.96, 30.94, 13.52
4.47, 12, white car, 131.40, 472.62, 160.06, 486.00, 145.73, 479.31, 131.40, 479.31, 160.06, 479.31, 28.66, 13.39
4.50, 35, white car, 393.57, 502.07, 422.82, 516.67, 408.20, 509.37, 393.57, 509.37, 422.82, 509.37, 29.25, 14.60
4.50, 18, black car, 8.91, 458.15, 39.15, 471.41, 24.03, 464.78, 8.91, 464.78, 39.15, 464.78, 30.24, 13.27
4.50, 12, white car, 129.46, 472.31, 158.83, 485.95, 144.15, 479.13, 129.46, 479.13, 158.83, 479.13, 29.36, 13.64
4.53, 35, white car, 391.60, 502.04, 420.37, 516.37, 405.99, 509.21, 391.60, 509.21, 420.37, 509.21, 28.78, 14.34
4.53, 18, black car, 6.89, 457.51, 37.32, 470.91, 22.11, 464.21, 6.89, 464.21, 37.32, 464.21, 30.43, 13.40
4.53, 12, white car, 127.87, 472.37, 156.60, 485.59, 142.23, 478.98, 127.87, 478.98, 156.60, 478.98, 28.73, 13.22
4.57, 35, white car, 389.10, 501.78, 418.04, 516.17, 403.57, 508.98, 389.10, 508.98, 418.04, 508.98, 28.94, 14.39
4.60, 35, white car, 386.51, 501.49, 415.40, 515.84, 400.96, 508.66, 386.51, 508.66, 415.40, 508.66, 28.90, 14.35
4.60, 12, white car, 123.37, 472.00, 152.17, 485.25, 137.77, 478.62, 123.37, 478.62, 152.17, 478.62, 28.80, 13.25
4.63, 35, white car, 384.11, 501.31, 412.83, 515.56, 398.47, 508.44, 384.11, 508.44, 412.83, 508.44, 28.71, 14.26
4.63, 12, white car, 120.56, 471.50, 149.43, 484.81, 134.99, 478.15, 120.56, 478.15, 149.43, 478.15, 28.87, 13.31
4.63, 18, black car, 0.80, 456.25, 33.11, 470.53, 16.96, 463.39, 0.80, 463.39, 33.11, 463.39, 32.31, 14.28
4.67, 35, white car, 381.66, 501.06, 410.49, 515.40, 396.08, 508.23, 381.66, 508.23, 410.49, 508.23, 28.84, 14.33
4.67, 12, white car, 117.82, 471.15, 146.78, 484.52, 132.30, 477.84, 117.82, 477.84, 146.78, 477.84, 28.96, 13.37
4.67, 18, black car, 0.06, 456.80, 32.34, 471.08, 16.20, 463.94, 0.06, 463.94, 32.34, 463.94, 32.28, 14.28
4.70, 35, white car, 379.45, 500.89, 408.38, 515.29, 393.92, 508.09, 379.45, 508.09, 408.38, 508.09, 28.93, 14.40
4.70, 12, white car, 115.54, 470.85, 144.55, 484.24, 130.05, 477.54, 115.54, 477.54, 144.55, 477.54, 29.01, 13.39
4.73, 35, white car, 377.52, 500.76, 406.05, 514.98, 391.79, 507.87, 377.52, 507.87, 406.05, 507.87, 28.53, 14.21
4.73, 12, white car, 113.45, 470.57, 142.80, 484.13, 128.13, 477.35, 113.45, 477.35, 142.80, 477.35, 29.35, 13.56
4.77, 35, white car, 374.85, 500.22, 403.59, 514.56, 389.22, 507.39, 374.85, 507.39, 403.59, 507.39, 28.73, 14.34
4.77, 12, white car, 111.05, 470.32, 140.92, 484.14, 125.98, 477.23, 111.05, 477.23, 140.92, 477.23, 29.87, 13.82
4.80, 35, white car, 372.22, 499.84, 400.97, 514.19, 386.59, 507.02, 372.22, 507.02, 400.97, 507.02, 28.75, 14.36
4.80, 12, white car, 109.42, 470.31, 138.69, 483.84, 124.05, 477.07, 109.42, 477.07, 138.69, 477.07, 29.26, 13.53
4.83, 35, white car, 369.56, 499.46, 398.47, 513.88, 384.02, 506.67, 369.56, 506.67, 398.47, 506.67, 28.91, 14.42
4.83, 12, white car, 107.34, 470.10, 136.58, 483.61, 121.96, 476.85, 107.34, 476.85, 136.58, 476.85, 29.24, 13.51
4.87, 35, white car, 367.25, 499.31, 395.77, 513.49, 381.51, 506.40, 367.25, 506.40, 395.77, 506.40, 28.52, 14.18
4.87, 12, white car, 105.37, 469.97, 134.58, 483.51, 119.98, 476.74, 105.37, 476.74, 134.58, 476.74, 29.22, 13.54
4.90, 35, white car, 364.65, 499.15, 393.35, 513.42, 379.00, 506.28, 364.65, 506.28, 393.35, 506.28, 28.70, 14.27
4.90, 12, white car, 103.17, 469.74, 132.35, 483.29, 117.76, 476.51, 103.17, 476.51, 132.35, 476.51, 29.18, 13.55
4.93, 35, white car, 362.77, 499.02, 391.67, 513.43, 377.22, 506.22, 362.77, 506.22, 391.67, 506.22, 28.91, 14.41
4.93, 12, white car, 101.11, 469.34, 130.38, 482.96, 115.74, 476.15, 101.11, 476.15, 130.38, 476.15, 29.27, 13.62
4.97, 35, white car, 361.51, 498.73, 389.88, 512.96, 375.70, 505.84, 361.51, 505.84, 389.88, 505.84, 28.37, 14.23
4.97, 12, white car, 99.20, 469.00, 128.51, 482.65, 113.86, 475.83, 99.20, 475.83, 128.51, 475.83, 29.31, 13.65
5.00, 35, white car, 358.76, 498.17, 387.20, 512.50, 372.98, 505.33, 358.76, 505.33, 387.20, 505.33, 28.44, 14.32
5.00, 12, white car, 97.03, 468.90, 126.31, 482.50, 111.67, 475.70, 97.03, 475.70, 126.31, 475.70, 29.27, 13.60
5.03, 35, white car, 355.93, 497.81, 384.60, 512.24, 370.26, 505.03, 355.93, 505.03, 384.60, 505.03, 28.66, 14.43
5.03, 12, white car, 95.18, 468.76, 124.42, 482.33, 109.80, 475.54, 95.18, 475.54, 124.42, 475.54, 29.24, 13.58
5.07, 35, white car, 352.28, 497.58, 381.27, 512.06, 366.78, 504.82, 352.28, 504.82, 381.27, 504.82, 28.99, 14.49
5.07, 12, white car, 93.07, 468.45, 122.33, 482.05, 107.70, 475.25, 93.07, 475.25, 122.33, 475.25, 29.26, 13.59
5.10, 35, white car, 349.63, 497.31, 379.02, 511.96, 364.33, 504.63, 349.63, 504.63, 379.02, 504.63, 29.39, 14.65
5.10, 12, white car, 90.92, 468.25, 120.18, 481.85, 105.55, 475.05, 90.92, 475.05, 120.18, 475.05, 29.26, 13.61
5.13, 35, white car, 347.05, 497.04, 377.06, 512.02, 362.06, 504.53, 347.05, 504.53, 377.06, 504.53, 30.00, 14.98
5.13, 12, white car, 89.05, 468.21, 118.12, 481.74, 103.59, 474.97, 89.05, 474.97, 118.12, 474.97, 29.07, 13.52
5.17, 35, white car, 344.99, 496.89, 374.87, 511.84, 359.93, 504.37, 344.99, 504.37, 374.87, 504.37, 29.88, 14.96
5.17, 12, white car, 86.88, 467.93, 116.12, 481.56, 101.50, 474.74, 86.88, 474.74, 116.12, 474.74, 29.24, 13.63
5.20, 35, white car, 342.88, 496.53, 372.51, 511.37, 357.70, 503.95, 342.88, 503.95, 372.51, 503.95, 29.63, 14.85
5.20, 12, white car, 84.92, 467.71, 114.40, 481.47, 99.66, 474.59, 84.92, 474.59, 114.40, 474.59, 29.49, 13.76
5.23, 35, white car, 340.62, 496.30, 370.14, 511.12, 355.38, 503.71, 340.62, 503.71, 370.14, 503.71, 29.52, 14.82
5.23, 12, white car, 82.66, 467.37, 112.60, 481.35, 97.63, 474.36, 82.66, 474.36, 112.60, 474.36, 29.94, 13.98
5.27, 35, white car, 338.47, 496.08, 367.53, 510.70, 353.00, 503.39, 338.47, 503.39, 367.53, 503.39, 29.06, 14.62
5.27, 12, white car, 80.68, 466.95, 110.74, 481.01, 95.71, 473.98, 80.68, 473.98, 110.74, 473.98, 30.06, 14.06
5.30, 35, white car, 336.38, 495.86, 365.57, 510.50, 350.98, 503.18, 336.38, 503.18, 365.57, 503.18, 29.19, 14.65
5.30, 12, white car, 78.77, 466.83, 108.63, 480.83, 93.70, 473.83, 78.77, 473.83, 108.63, 473.83, 29.86, 14.00
5.33, 35, white car, 334.80, 495.86, 363.59, 510.22, 349.20, 503.04, 334.80, 503.04, 363.59, 503.04, 28.79, 14.36
5.33, 12, white car, 76.92, 466.62, 106.72, 480.62, 91.82, 473.62, 76.92, 473.62, 106.72, 473.62, 29.80, 14.00
5.37, 35, white car, 333.54, 495.62, 362.50, 509.93, 348.02, 502.78, 333.54, 502.78, 362.50, 502.78, 28.96, 14.31
5.37, 12, white car, 75.16, 466.85, 104.48, 480.62, 89.82, 473.73, 75.16, 473.73, 104.48, 473.73, 29.33, 13.77
5.40, 35, white car, 331.80, 495.75, 360.46, 509.64, 346.13, 502.69, 331.80, 502.69, 360.46, 502.69, 28.65, 13.89
5.40, 12, white car, 73.08, 466.45, 102.69, 480.38, 87.89, 473.41, 73.08, 473.41, 102.69, 473.41, 29.61, 13.93
5.43, 35, white car, 328.91, 495.84, 357.46, 509.49, 343.18, 502.66, 328.91, 502.66, 357.46, 502.66, 28.55, 13.65
5.43, 12, white car, 71.46, 466.27, 101.08, 480.22, 86.27, 473.25, 71.46, 473.25, 101.08, 473.25, 29.62, 13.95
5.47, 12, white car, 69.49, 466.11, 99.14, 480.04, 84.32, 473.07, 69.49, 473.07, 99.14, 473.07, 29.65, 13.93
5.50, 12, white car, 67.69, 465.77, 97.36, 479.72, 82.52, 472.75, 67.69, 472.75, 97.36, 472.75, 29.67, 13.95
5.50, 35, white car, 322.26, 495.31, 349.94, 508.50, 336.10, 501.90, 322.26, 501.90, 349.94, 501.90, 27.68, 13.19
5.53, 12, white car, 65.24, 465.15, 95.52, 479.42, 80.38, 472.28, 65.24, 472.28, 95.52, 472.28, 30.28, 14.27
5.53, 35, white car, 318.86, 494.85, 347.25, 508.41, 333.05, 501.63, 318.86, 501.63, 347.25, 501.63, 28.39, 13.55
5.57, 12, white car, 63.34, 464.87, 93.40, 479.09, 78.37, 471.98, 63.34, 471.98, 93.40, 471.98, 30.06, 14.21
5.57, 35, white car, 316.11, 494.39, 344.90, 508.19, 330.50, 501.29, 316.11, 501.29, 344.90, 501.29, 28.79, 13.80
5.60, 12, white car, 61.74, 464.69, 91.74, 478.91, 76.74, 471.80, 61.74, 471.80, 91.74, 471.80, 30.00, 14.22
5.60, 35, white car, 313.78, 493.96, 343.20, 508.11, 328.49, 501.04, 313.78, 501.04, 343.20, 501.04, 29.42, 14.15
5.63, 12, white car, 60.25, 464.60, 89.78, 478.62, 75.02, 471.61, 60.25, 471.61, 89.78, 471.61, 29.53, 14.02
5.63, 35, white car, 311.19, 493.59, 340.81, 507.90, 326.00, 500.75, 311.19, 500.75, 340.81, 500.75, 29.62, 14.30
5.67, 12, white car, 58.86, 464.49, 88.22, 478.43, 73.54, 471.46, 58.86, 471.46, 88.22, 471.46, 29.35, 13.94
5.67, 35, white car, 308.83, 493.46, 337.47, 507.33, 323.15, 500.40, 308.83, 500.40, 337.47, 500.40, 28.63, 13.87
5.70, 12, white car, 57.13, 464.07, 86.59, 478.08, 71.86, 471.07, 57.13, 471.07, 86.59, 471.07, 29.46, 14.01
5.70, 35, white car, 306.44, 493.21, 334.85, 506.97, 320.65, 500.09, 306.44, 500.09, 334.85, 500.09, 28.41, 13.77
5.73, 12, white car, 54.95, 463.64, 85.03, 477.97, 69.99, 470.81, 54.95, 470.81, 85.03, 470.81, 30.08, 14.33
5.73, 35, white car, 304.45, 493.05, 332.41, 506.59, 318.43, 499.82, 304.45, 499.82, 332.41, 499.82, 27.96, 13.55
5.77, 12, white car, 52.97, 463.50, 82.95, 477.78, 67.96, 470.64, 52.97, 470.64, 82.95, 470.64, 29.98, 14.29
5.77, 35, white car, 302.05, 492.86, 329.88, 506.36, 315.97, 499.61, 302.05, 499.61, 329.88, 499.61, 27.83, 13.50
5.80, 12, white car, 51.01, 463.27, 81.26, 477.65, 66.14, 470.46, 51.01, 470.46, 81.26, 470.46, 30.25, 14.39
5.80, 35, white car, 299.55, 492.71, 328.08, 506.57, 313.81, 499.64, 299.55, 499.64, 328.08, 499.64, 28.53, 13.85
5.83, 12, white car, 49.68, 463.15, 79.36, 477.25, 64.52, 470.20, 49.68, 470.20, 79.36, 470.20, 29.68, 14.09
5.83, 35, white car, 297.57, 492.53, 325.85, 506.22, 311.71, 499.37, 297.57, 499.37, 325.85, 499.37, 28.27, 13.69
5.87, 12, white car, 47.60, 462.97, 77.39, 477.15, 62.49, 470.06, 47.60, 470.06, 77.39, 470.06, 29.80, 14.18
5.87, 35, white car, 295.79, 492.27, 324.28, 505.98, 310.04, 499.13, 295.79, 499.13, 324.28, 499.13, 28.49, 13.71
5.90, 12, white car, 45.88, 462.92, 75.35, 476.97, 60.61, 469.94, 45.88, 469.94, 75.35, 469.94, 29.47, 14.05
5.90, 35, white car, 293.17, 491.82, 322.57, 505.92, 307.87, 498.87, 293.17, 498.87, 322.57, 498.87, 29.40, 14.10
5.93, 12, white car, 43.82, 462.74, 73.66, 476.96, 58.74, 469.85, 43.82, 469.85, 73.66, 469.85, 29.85, 14.21
5.93, 35, white car, 290.46, 491.46, 319.68, 505.49, 305.07, 498.48, 290.46, 498.48, 319.68, 498.48, 29.22, 14.03
5.97, 12, white car, 42.08, 462.32, 72.38, 476.78, 57.23, 469.55, 42.08, 469.55, 72.38, 469.55, 30.30, 14.46
5.97, 35, white car, 288.08, 491.29, 316.53, 504.98, 302.30, 498.13, 288.08, 498.13, 316.53, 498.13, 28.45, 13.69
6.00, 12, white car, 40.28, 462.09, 70.88, 476.66, 55.58, 469.37, 40.28, 469.37, 70.88, 469.37, 30.60, 14.57
6.00, 35, white car, 285.32, 491.06, 314.11, 504.91, 299.71, 497.99, 285.32, 497.99, 314.11, 497.99, 28.79, 13.84
6.03, 12, white car, 38.64, 462.06, 68.81, 476.42, 53.72, 469.24, 38.64, 469.24, 68.81, 469.24, 30.17, 14.36
6.03, 35, white car, 282.79, 490.85, 311.50, 504.70, 297.14, 497.78, 282.79, 497.78, 311.50, 497.78, 28.71, 13.85
6.07, 12, white car, 36.99, 462.01, 66.77, 476.16, 51.88, 469.09, 36.99, 469.09, 66.77, 469.09, 29.78, 14.16
6.07, 35, white car, 280.29, 490.61, 308.87, 504.44, 294.58, 497.52, 280.29, 497.52, 308.87, 497.52, 28.58, 13.82
6.10, 12, white car, 35.88, 461.79, 65.11, 475.64, 50.49, 468.72, 35.88, 468.72, 65.11, 468.72, 29.23, 13.86
6.10, 35, white car, 277.90, 490.40, 306.74, 504.38, 292.32, 497.39, 277.90, 497.39, 306.74, 497.39, 28.84, 13.98
6.13, 12, white car, 34.16, 461.46, 63.35, 475.25, 48.75, 468.36, 34.16, 468.36, 63.35, 468.36, 29.19, 13.80
6.13, 35, white car, 275.53, 490.33, 303.96, 504.12, 289.74, 497.22, 275.53, 497.22, 303.96, 497.22, 28.43, 13.80
6.17, 12, white car, 32.23, 461.34, 61.75, 475.27, 46.99, 468.31, 32.23, 468.31, 61.75, 468.31, 29.53, 13.93
6.17, 35, white car, 273.42, 490.08, 301.20, 503.53, 287.31, 496.81, 273.42, 496.81, 301.20, 496.81, 27.78, 13.45
6.20, 12, white car, 31.19, 461.36, 60.12, 474.97, 45.65, 468.16, 31.19, 468.16, 60.12, 468.16, 28.93, 13.62
6.20, 35, white car, 270.79, 489.50, 298.93, 503.13, 284.86, 496.32, 270.79, 496.32, 298.93, 496.32, 28.14, 13.63
6.23, 12, white car, 29.12, 460.98, 58.76, 474.93, 43.94, 467.96, 29.12, 467.96, 58.76, 467.96, 29.64, 13.95
6.23, 35, white car, 268.25, 489.17, 296.52, 502.88, 282.39, 496.03, 268.25, 496.03, 296.52, 496.03, 28.27, 13.71
6.27, 12, white car, 27.27, 460.79, 57.29, 474.89, 42.28, 467.84, 27.27, 467.84, 57.29, 467.84, 30.02, 14.10
6.27, 35, white car, 266.08, 488.93, 294.37, 502.63, 280.23, 495.78, 266.08, 495.78, 294.37, 495.78, 28.29, 13.70
6.30, 12, white car, 24.86, 460.84, 55.04, 474.90, 39.95, 467.87, 24.86, 467.87, 55.04, 467.87, 30.18, 14.07
6.30, 35, white car, 264.08, 488.72, 292.28, 502.37, 278.18, 495.54, 264.08, 495.54, 292.28, 495.54, 28.20, 13.65
6.33, 12, white car, 22.41, 460.61, 53.02, 474.79, 37.71, 467.70, 22.41, 467.70, 53.02, 467.70, 30.60, 14.19
6.33, 35, white car, 261.79, 488.61, 289.79, 502.17, 275.79, 495.39, 261.79, 495.39, 289.79, 495.39, 28.00, 13.56
6.37, 12, white car, 19.90, 460.21, 51.08, 474.62, 35.49, 467.41, 19.90, 467.41, 51.08, 467.41, 31.19, 14.41
6.37, 35, white car, 259.39, 488.22, 287.39, 501.77, 273.39, 494.99, 259.39, 494.99, 287.39, 494.99, 28.00, 13.54
6.40, 12, white car, 18.70, 460.05, 49.50, 474.23, 34.10, 467.14, 18.70, 467.14, 49.50, 467.14, 30.80, 14.18
6.40, 35, white car, 256.82, 487.98, 284.81, 501.51, 270.82, 494.74, 256.82, 494.74, 284.81, 494.74, 27.99, 13.53
6.43, 12, white car, 17.09, 459.76, 48.05, 474.00, 32.57, 466.88, 17.09, 466.88, 48.05, 466.88, 30.97, 14.25
6.43, 35, white car, 254.13, 487.58, 282.59, 501.35, 268.36, 494.46, 254.13, 494.46, 282.59, 494.46, 28.45, 13.77
6.47, 12, white car, 15.45, 459.64, 46.66, 474.08, 31.06, 466.86, 15.45, 466.86, 46.66, 466.86, 31.21, 14.44
6.47, 35, white car, 251.84, 487.39, 280.33, 501.18, 266.09, 494.28, 251.84, 494.28, 280.33, 494.28, 28.49, 13.80
6.50, 12, white car, 13.97, 459.24, 45.38, 473.90, 29.67, 466.57, 13.97, 466.57, 45.38, 466.57, 31.41, 14.65
6.50, 35, white car, 249.85, 487.18, 278.28, 500.97, 264.06, 494.07, 249.85, 494.07, 278.28, 494.07, 28.43, 13.79
6.53, 12, white car, 12.11, 458.59, 44.34, 473.78, 28.23, 466.18, 12.11, 466.18, 44.34, 466.18, 32.22, 15.18
6.53, 35, white car, 247.14, 486.85, 275.73, 500.76, 261.43, 493.81, 247.14, 493.81, 275.73, 493.81, 28.59, 13.91
6.57, 12, white car, 10.80, 458.53, 42.63, 473.67, 26.72, 466.10, 10.80, 466.10, 42.63, 466.10, 31.83, 15.13
6.57, 35, white car, 244.66, 486.53, 273.17, 500.42, 258.92, 493.47, 244.66, 493.47, 273.17, 493.47, 28.51, 13.89
6.60, 12, white car, 9.31, 458.68, 40.66, 473.71, 24.98, 466.20, 9.31, 466.20, 40.66, 466.20, 31.35, 15.03
6.60, 35, white car, 242.23, 486.09, 270.89, 500.07, 256.56, 493.08, 242.23, 493.08, 270.89, 493.08, 28.66, 13.98
6.63, 12, white car, 8.20, 458.60, 38.74, 473.35, 23.47, 465.97, 8.20, 465.97, 38.74, 465.97, 30.54, 14.75
6.63, 35, white car, 239.96, 485.75, 268.69, 499.80, 254.32, 492.77, 239.96, 492.77, 268.69, 492.77, 28.73, 14.05
6.67, 35, white car, 237.74, 485.55, 266.44, 499.64, 252.09, 492.59, 237.74, 492.59, 266.44, 492.59, 28.70, 14.09
6.70, 35, white car, 235.38, 485.23, 264.46, 499.53, 249.92, 492.38, 235.38, 492.38, 264.46, 492.38, 29.07, 14.30
6.73, 35, white car, 232.96, 484.80, 262.12, 499.20, 247.54, 492.00, 232.96, 492.00, 262.12, 492.00, 29.16, 14.40
6.77, 35, white car, 230.90, 484.51, 259.16, 498.51, 245.03, 491.51, 230.90, 491.51, 259.16, 491.51, 28.26, 13.99
6.80, 35, white car, 228.91, 484.40, 256.92, 498.26, 242.91, 491.33, 228.91, 491.33, 256.92, 491.33, 28.01, 13.85
6.83, 35, white car, 226.86, 484.32, 254.41, 497.91, 240.63, 491.12, 226.86, 491.12, 254.41, 491.12, 27.55, 13.59
6.87, 35, white car, 224.62, 484.02, 252.17, 497.59, 238.40, 490.80, 224.62, 490.80, 252.17, 490.80, 27.55, 13.57
6.90, 35, white car, 222.21, 483.83, 250.23, 497.62, 236.22, 490.72, 222.21, 490.72, 250.23, 490.72, 28.02, 13.79
6.93, 35, white car, 220.23, 483.79, 248.04, 497.45, 234.13, 490.62, 220.23, 490.62, 248.04, 490.62, 27.81, 13.66
6.97, 35, white car, 218.15, 483.63, 245.96, 497.31, 232.05, 490.47, 218.15, 490.47, 245.96, 490.47, 27.81, 13.68
7.00, 35, white car, 215.85, 483.43, 243.83, 497.22, 229.84, 490.33, 215.85, 490.33, 243.83, 490.33, 27.99, 13.79
7.03, 35, white car, 213.52, 483.19, 241.70, 497.10, 227.61, 490.15, 213.52, 490.15, 241.70, 490.15, 28.18, 13.92
7.07, 35, white car, 211.40, 482.75, 239.61, 496.69, 225.51, 489.72, 211.40, 489.72, 239.61, 489.72, 28.21, 13.95
7.10, 35, white car, 208.84, 482.27, 237.63, 496.58, 223.23, 489.42, 208.84, 489.42, 237.63, 489.42, 28.79, 14.31
7.10, 12, white car, 0.00, 456.17, 20.23, 471.18, 10.11, 463.67, 0.00, 463.67, 20.23, 463.67, 20.23, 15.01
7.13, 35, white car, 206.90, 482.11, 235.34, 496.37, 221.12, 489.24, 206.90, 489.24, 235.34, 489.24, 28.44, 14.25
7.13, 12, white car, 0.00, 456.22, 17.85, 470.88, 8.92, 463.55, 0.00, 463.55, 17.85, 463.55, 17.85, 14.66
7.17, 35, white car, 204.89, 481.91, 233.13, 496.16, 219.01, 489.04, 204.89, 489.04, 233.13, 489.04, 28.25, 14.24
7.20, 35, white car, 202.70, 481.74, 230.82, 495.95, 216.76, 488.84, 202.70, 488.84, 230.82, 488.84, 28.12, 14.21
7.23, 35, white car, 200.62, 481.45, 228.74, 495.69, 214.68, 488.57, 200.62, 488.57, 228.74, 488.57, 28.11, 14.25
7.27, 35, white car, 198.35, 481.13, 226.54, 495.44, 212.45, 488.28, 198.35, 488.28, 226.54, 488.28, 28.19, 14.31
7.30, 35, white car, 196.48, 480.82, 223.89, 494.70, 210.18, 487.76, 196.48, 487.76, 223.89, 487.76, 27.41, 13.88
7.33, 35, white car, 195.05, 480.59, 222.23, 494.45, 208.64, 487.52, 195.05, 487.52, 222.23, 487.52, 27.18, 13.86
7.37, 35, white car, 191.47, 480.30, 219.23, 494.41, 205.35, 487.36, 191.47, 487.36, 219.23, 487.36, 27.76, 14.12
7.40, 35, white car, 188.79, 480.19, 216.56, 494.24, 202.68, 487.21, 188.79, 487.21, 216.56, 487.21, 27.77, 14.06
7.43, 35, white car, 186.60, 479.88, 214.58, 493.99, 200.59, 486.93, 186.60, 486.93, 214.58, 486.93, 27.98, 14.11
7.47, 35, white car, 184.89, 479.57, 212.91, 493.70, 198.90, 486.64, 184.89, 486.64, 212.91, 486.64, 28.02, 14.13
7.50, 35, white car, 182.82, 479.31, 211.17, 493.62, 197.00, 486.46, 182.82, 486.46, 211.17, 486.46, 28.36, 14.31
7.53, 35, white car, 180.57, 478.78, 209.33, 493.36, 194.95, 486.07, 180.57, 486.07, 209.33, 486.07, 28.76, 14.58
7.57, 35, white car, 179.01, 478.64, 207.22, 492.99, 193.12, 485.82, 179.01, 485.82, 207.22, 485.82, 28.20, 14.35
7.60, 35, white car, 177.22, 478.65, 204.50, 492.56, 190.86, 485.61, 177.22, 485.61, 204.50, 485.61, 27.29, 13.92
7.63, 35, white car, 175.25, 478.53, 201.93, 492.10, 188.59, 485.32, 175.25, 485.32, 201.93, 485.32, 26.68, 13.58
7.67, 35, white car, 173.58, 478.44, 200.19, 491.92, 186.88, 485.18, 173.58, 485.18, 200.19, 485.18, 26.61, 13.48
7.70, 35, white car, 171.79, 478.29, 198.84, 491.91, 185.32, 485.10, 171.79, 485.10, 198.84, 485.10, 27.05, 13.62
7.73, 35, white car, 169.46, 478.04, 197.18, 491.89, 183.32, 484.96, 169.46, 484.96, 197.18, 484.96, 27.72, 13.85
7.97, 35, white car, 153.45, 475.76, 181.90, 489.98, 167.68, 482.87, 153.45, 482.87, 181.90, 482.87, 28.44, 14.22
8.00, 35, white car, 151.36, 475.56, 179.96, 489.88, 165.66, 482.72, 151.36, 482.72, 179.96, 482.72, 28.60, 14.32
8.03, 35, white car, 149.55, 475.68, 177.24, 489.53, 163.39, 482.60, 149.55, 482.60, 177.24, 482.60, 27.69, 13.85
8.07, 35, white car, 147.85, 475.68, 175.02, 489.24, 161.43, 482.46, 147.85, 482.46, 175.02, 482.46, 27.18, 13.57
8.10, 35, white car, 145.59, 475.57, 172.37, 488.88, 158.98, 482.22, 145.59, 482.22, 172.37, 482.22, 26.78, 13.31
8.13, 35, white car, 143.48, 475.46, 170.30, 488.75, 156.89, 482.11, 143.48, 482.11, 170.30, 482.11, 26.81, 13.29
8.17, 35, white car, 141.40, 475.14, 168.53, 488.58, 154.97, 481.86, 141.40, 481.86, 168.53, 481.86, 27.13, 13.44
8.20, 35, white car, 139.45, 474.85, 166.85, 488.41, 153.15, 481.63, 139.45, 481.63, 166.85, 481.63, 27.40, 13.55
8.23, 35, white car, 137.59, 474.56, 165.01, 488.10, 151.30, 481.33, 137.59, 481.33, 165.01, 481.33, 27.42, 13.54
8.27, 35, white car, 135.11, 474.11, 162.74, 487.78, 148.92, 480.95, 135.11, 480.95, 162.74, 480.95, 27.63, 13.67
8.30, 35, white car, 133.25, 473.76, 161.10, 487.52, 147.17, 480.64, 133.25, 480.64, 161.10, 480.64, 27.85, 13.76
8.33, 35, white car, 131.77, 473.43, 159.53, 487.03, 145.65, 480.23, 131.77, 480.23, 159.53, 480.23, 27.75, 13.60
8.37, 35, white car, 129.65, 473.18, 157.53, 486.77, 143.59, 479.97, 129.65, 479.97, 157.53, 479.97, 27.88, 13.59
8.40, 35, white car, 127.08, 472.84, 155.17, 486.53, 141.13, 479.69, 127.08, 479.69, 155.17, 479.69, 28.08, 13.69
8.43, 35, white car, 125.03, 472.77, 152.97, 486.42, 139.00, 479.59, 125.03, 479.59, 152.97, 479.59, 27.94, 13.64
8.47, 35, white car, 122.83, 472.45, 150.70, 486.09, 136.76, 479.27, 122.83, 479.27, 150.70, 479.27, 27.87, 13.64
8.50, 35, white car, 120.18, 472.00, 148.41, 485.89, 134.29, 478.94, 120.18, 478.94, 148.41, 478.94, 28.24, 13.89
8.53, 35, white car, 117.92, 471.52, 146.04, 485.42, 131.98, 478.47, 117.92, 478.47, 146.04, 478.47, 28.13, 13.90
8.57, 35, white car, 115.98, 471.31, 144.09, 485.23, 130.03, 478.27, 115.98, 478.27, 144.09, 478.27, 28.11, 13.92
8.60, 35, white car, 114.27, 471.16, 142.25, 485.03, 128.26, 478.10, 114.27, 478.10, 142.25, 478.10, 27.98, 13.87
8.63, 35, white car, 112.34, 470.99, 140.44, 484.96, 126.39, 477.97, 112.34, 477.97, 140.44, 477.97, 28.10, 13.97
8.67, 35, white car, 110.26, 470.81, 138.48, 484.90, 124.37, 477.86, 110.26, 477.86, 138.48, 477.86, 28.22, 14.09
8.70, 35, white car, 108.26, 470.48, 136.74, 484.73, 122.50, 477.60, 108.26, 477.60, 136.74, 477.60, 28.48, 14.25
8.73, 35, white car, 106.25, 470.22, 134.43, 484.35, 120.34, 477.29, 106.25, 477.29, 134.43, 477.29, 28.18, 14.12
8.77, 35, white car, 104.46, 469.99, 132.25, 483.93, 118.36, 476.96, 104.46, 476.96, 132.25, 476.96, 27.79, 13.94
8.80, 35, white car, 102.66, 469.74, 130.39, 483.65, 116.53, 476.70, 102.66, 476.70, 130.39, 476.70, 27.73, 13.91
8.83, 35, white car, 100.65, 469.60, 128.14, 483.37, 114.39, 476.48, 100.65, 476.48, 128.14, 476.48, 27.50, 13.77
8.87, 35, white car, 98.55, 469.27, 126.37, 483.21, 112.46, 476.24, 98.55, 476.24, 126.37, 476.24, 27.82, 13.94
8.90, 35, white car, 96.35, 468.91, 124.70, 483.15, 110.52, 476.03, 96.35, 476.03, 124.70, 476.03, 28.34, 14.24
8.93, 35, white car, 94.16, 468.52, 123.02, 483.05, 108.59, 475.79, 94.16, 475.79, 123.02, 475.79, 28.86, 14.54
8.97, 35, white car, 92.16, 468.28, 120.88, 482.78, 106.52, 475.53, 92.16, 475.53, 120.88, 475.53, 28.72, 14.50
9.00, 35, white car, 90.37, 468.09, 118.84, 482.48, 104.61, 475.29, 90.37, 475.29, 118.84, 475.29, 28.47, 14.38
9.03, 35, white car, 88.34, 467.79, 116.66, 482.11, 102.50, 474.95, 88.34, 474.95, 116.66, 474.95, 28.32, 14.33
9.07, 35, white car, 86.14, 467.57, 114.56, 481.98, 100.35, 474.78, 86.14, 474.78, 114.56, 474.78, 28.42, 14.40
9.10, 35, white car, 84.12, 467.38, 112.73, 481.90, 98.43, 474.64, 84.12, 474.64, 112.73, 474.64, 28.61, 14.52
9.13, 35, white car, 82.10, 467.13, 110.87, 481.74, 96.49, 474.43, 82.10, 474.43, 110.87, 474.43, 28.77, 14.61
9.17, 35, white car, 79.98, 466.92, 109.01, 481.71, 94.50, 474.31, 79.98, 474.31, 109.01, 474.31, 29.03, 14.79
9.20, 35, white car, 77.92, 466.76, 106.94, 481.60, 92.43, 474.18, 77.92, 474.18, 106.94, 474.18, 29.02, 14.84
9.23, 35, white car, 76.15, 466.56, 104.75, 481.23, 90.45, 473.90, 76.15, 473.90, 104.75, 473.90, 28.61, 14.67
9.27, 35, white car, 74.44, 466.13, 102.81, 480.70, 88.62, 473.42, 74.44, 473.42, 102.81, 473.42, 28.37, 14.57
9.30, 35, white car, 72.44, 465.80, 101.02, 480.49, 86.73, 473.14, 72.44, 473.14, 101.02, 473.14, 28.59, 14.70
9.33, 35, white car, 70.41, 465.51, 99.25, 480.36, 84.83, 472.94, 70.41, 472.94, 99.25, 472.94, 28.83, 14.85
9.37, 35, white car, 68.65, 465.18, 97.26, 479.92, 82.95, 472.55, 68.65, 472.55, 97.26, 472.55, 28.60, 14.75
9.40, 35, white car, 66.59, 464.80, 95.60, 479.77, 81.10, 472.28, 66.59, 472.28, 95.60, 472.28, 29.01, 14.97
9.43, 35, white car, 64.40, 464.65, 93.38, 479.64, 78.89, 472.14, 64.40, 472.14, 93.38, 472.14, 28.99, 14.99
9.47, 35, white car, 62.51, 464.42, 91.42, 479.41, 76.97, 471.92, 62.51, 471.92, 91.42, 471.92, 28.91, 14.99
9.50, 35, white car, 60.73, 464.16, 89.39, 479.05, 75.06, 471.61, 60.73, 471.61, 89.39, 471.61, 28.67, 14.90
9.53, 35, white car, 59.16, 463.93, 87.56, 478.67, 73.36, 471.30, 59.16, 471.30, 87.56, 471.30, 28.40, 14.74
9.57, 35, white car, 57.61, 463.93, 85.53, 478.39, 71.57, 471.16, 57.61, 471.16, 85.53, 471.16, 27.92, 14.46
9.60, 35, white car, 55.90, 463.85, 83.42, 478.07, 69.66, 470.96, 55.90, 470.96, 83.42, 470.96, 27.53, 14.22
9.63, 35, white car, 53.37, 463.62, 81.38, 478.07, 67.37, 470.85, 53.37, 470.85, 81.38, 470.85, 28.01, 14.45
9.67, 35, white car, 51.48, 463.41, 79.60, 477.93, 65.54, 470.67, 51.48, 470.67, 79.60, 470.67, 28.13, 14.52
9.70, 35, white car, 49.31, 463.00, 77.83, 477.77, 63.57, 470.38, 49.31, 470.38, 77.83, 470.38, 28.52, 14.77
9.73, 35, white car, 47.51, 462.86, 75.82, 477.56, 61.66, 470.21, 47.51, 470.21, 75.82, 470.21, 28.31, 14.69
9.77, 35, white car, 45.73, 462.73, 73.81, 477.28, 59.77, 470.01, 45.73, 470.01, 73.81, 470.01, 28.08, 14.56
9.80, 35, white car, 43.84, 462.58, 71.76, 477.04, 57.80, 469.81, 43.84, 469.81, 71.76, 469.81, 27.92, 14.45
9.83, 35, white car, 41.73, 462.35, 69.89, 476.91, 55.81, 469.63, 41.73, 469.63, 69.89, 469.63, 28.17, 14.56
9.87, 35, white car, 40.05, 462.17, 68.24, 476.75, 54.15, 469.46, 40.05, 469.46, 68.24, 469.46, 28.18, 14.57
9.90, 35, white car, 38.42, 461.95, 66.60, 476.55, 52.51, 469.25, 38.42, 469.25, 66.60, 469.25, 28.18, 14.59
9.93, 35, white car, 36.59, 461.67, 64.76, 476.25, 50.67, 468.96, 36.59, 468.96, 64.76, 468.96, 28.17, 14.58
9.97, 35, white car, 34.29, 461.25, 62.63, 475.92, 48.46, 468.58, 34.29, 468.58, 62.63, 468.58, 28.35, 14.66
