0.00, 6, white car, 1034.77, 541.55, 1064.58, 554.72, 1049.67, 548.14, 1034.77, 548.14, 1064.58, 548.14, 29.80, 13.17
0.00, 9, black car, 416.21, 514.04, 447.47, 528.74, 431.84, 521.39, 416.21, 521.39, 447.47, 521.39, 31.26, 14.70
0.03, 6, white car, 1032.24, 541.96, 1061.34, 554.81, 1046.79, 548.39, 1032.24, 548.39, 1061.34, 548.39, 29.10, 12.85
0.03, 9, black car, 413.92, 513.89, 445.04, 528.51, 429.48, 521.20, 413.92, 521.20, 445.04, 521.20, 31.12, 14.63
0.07, 6, white car, 1029.88, 542.02, 1058.87, 554.81, 1044.37, 548.41, 1029.88, 548.41, 1058.87, 548.41, 28.99, 12.80
0.07, 9, black car, 411.41, 513.98, 442.10, 528.41, 426.76, 521.19, 411.41, 521.19, 442.10, 521.19, 30.69, 14.42
0.10, 6, white car, 1026.92, 541.89, 1056.26, 554.82, 1041.59, 548.35, 1026.92, 548.35, 1056.26, 548.35, 29.34, 12.94
0.10, 9, black car, 408.20, 513.80, 438.85, 528.21, 423.53, 521.01, 408.20, 521.01, 438.85, 521.01, 30.65, 14.41
0.13, 6, white car, 1023.88, 541.74, 1053.50, 554.81, 1038.69, 548.27, 1023.88, 548.27, 1053.50, 548.27, 29.63, 13.06
0.13, 9, black car, 405.20, 513.85, 436.04, 528.35, 420.62, 521.10, 405.20, 521.10, 436.04, 521.10, 30.84, 14.50
0.17, 6, white car, 1021.09, 541.53, 1051.10, 554.75, 1036.09, 548.14, 1021.09, 548.14, 1051.10, 548.14, 30.01, 13.22
0.17, 9, black car, 402.09, 513.62, 433.24, 528.30, 417.67, 520.96, 402.09, 520.96, 433.24, 520.96, 31.15, 14.67
0.20, 6, white car, 1018.05, 541.71, 1047.96, 554.88, 1033.00, 548.30, 1018.05, 548.30, 1047.96, 548.30, 29.91, 13.16
0.20, 9, black car, 399.63, 513.35, 430.59, 527.94, 415.11, 520.64, 399.63, 520.64, 430.59, 520.64, 30.96, 14.60
0.23, 6, white car, 1015.34, 541.73, 1045.06, 554.79, 1030.20, 548.26, 1015.34, 548.26, 1045.06, 548.26, 29.73, 13.06
0.23, 9, black car, 396.81, 513.10, 427.54, 527.59, 412.18, 520.35, 396.81, 520.35, 427.54, 520.35, 30.72, 14.50
0.27, 6, white car, 1012.58, 541.72, 1042.39, 554.79, 1027.49, 548.26, 1012.58, 548.26, 1042.39, 548.26, 29.81, 13.07
0.27, 9, black car, 393.83, 512.90, 424.67, 527.42, 409.25, 520.16, 393.83, 520.16, 424.67, 520.16, 30.84, 14.53
0.30, 6, white car, 1009.51, 541.67, 1039.69, 554.92, 1024.60, 548.30, 1009.51, 548.30, 1039.69, 548.30, 30.18, 13.24
0.30, 9, black car, 391.06, 512.86, 421.90, 527.38, 406.48, 520.12, 391.06, 520.12, 421.90, 520.12, 30.84, 14.52
0.33, 6, white car, 1006.79, 541.64, 1036.99, 554.89, 1021.89, 548.26, 1006.79, 548.26, 1036.99, 548.26, 30.21, 13.26
0.33, 9, black car, 387.41, 512.68, 418.60, 527.39, 403.00, 520.04, 387.41, 520.04, 418.60, 520.04, 31.20, 14.70
0.37, 6, white car, 1003.73, 541.69, 1034.04, 555.00, 1018.89, 548.35, 1003.73, 548.35, 1034.04, 548.35, 30.31, 13.32
0.37, 9, black car, 384.56, 512.63, 415.85, 527.34, 400.20, 519.99, 384.56, 519.99, 415.85, 519.99, 31.29, 14.72
0.40, 6, white car, 1001.05, 541.76, 1030.98, 554.88, 1016.01, 548.32, 1001.05, 548.32, 1030.98, 548.32, 29.93, 13.12
0.40, 9, black car, 381.99, 512.54, 412.88, 527.11, 397.43, 519.83, 381.99, 519.83, 412.88, 519.83, 30.89, 14.57
0.43, 6, white car, 998.18, 541.65, 1028.20, 554.80, 1013.19, 548.22, 998.18, 548.22, 1028.20, 548.22, 30.02, 13.14
0.43, 9, black car, 380.65, 512.55, 410.59, 526.75, 395.62, 519.65, 380.65, 519.65, 410.59, 519.65, 29.95, 14.20
0.47, 6, white car, 995.25, 541.58, 1025.57, 554.85, 1010.41, 548.21, 995.25, 548.21, 1025.57, 548.21, 30.32, 13.28
0.47, 9, black car, 379.57, 513.08, 408.45, 526.90, 394.01, 519.99, 379.57, 519.99, 408.45, 519.99, 28.88, 13.82
0.50, 6, white car, 992.64, 541.61, 1022.50, 554.66, 1007.57, 548.13, 992.64, 548.13, 1022.50, 548.13, 29.85, 13.05
0.50, 9, black car, 376.37, 513.15, 404.88, 526.80, 390.63, 519.98, 376.37, 519.98, 404.88, 519.98, 28.51, 13.65
0.53, 6, white car, 989.93, 541.85, 1019.28, 554.66, 1004.61, 548.26, 989.93, 548.26, 1019.28, 548.26, 29.35, 12.81
0.53, 9, black car, 373.37, 512.84, 402.56, 526.79, 387.96, 519.82, 373.37, 519.82, 402.56, 519.82, 29.18, 13.95
0.57, 6, white car, 987.43, 542.06, 1016.25, 554.61, 1001.84, 548.33, 987.43, 548.33, 1016.25, 548.33, 28.82, 12.55
0.57, 9, black car, 369.49, 512.50, 399.59, 526.87, 384.54, 519.69, 369.49, 519.69, 399.59, 519.69, 30.10, 14.37
0.60, 6, white car, 984.98, 542.05, 1013.81, 554.58, 999.40, 548.31, 984.98, 548.31, 1013.81, 548.31, 28.83, 12.53
0.60, 9, black car, 366.62, 512.12, 396.40, 526.33, 381.51, 519.22, 366.62, 519.22, 396.40, 519.22, 29.78, 14.21
0.63, 6, white car, 981.89, 541.89, 1011.34, 554.67, 996.62, 548.28, 981.89, 548.28, 1011.34, 548.28, 29.45, 12.78
0.63, 9, black car, 363.90, 511.94, 393.00, 525.79, 378.45, 518.87, 363.90, 518.87, 393.00, 518.87, 29.10, 13.85
0.67, 6, white car, 978.88, 541.72, 1008.62, 554.61, 993.75, 548.17, 978.88, 548.17, 1008.62, 548.17, 29.73, 12.88
0.67, 9, black car, 362.17, 511.84, 389.95, 525.02, 376.06, 518.43, 362.17, 518.43, 389.95, 518.43, 27.78, 13.19
0.70, 6, white car, 975.91, 541.93, 1005.64, 554.80, 990.78, 548.37, 975.91, 548.37, 1005.64, 548.37, 29.74, 12.87
0.73, 6, white car, 973.10, 541.89, 1002.86, 554.75, 987.98, 548.32, 973.10, 548.32, 1002.86, 548.32, 29.76, 12.86
0.77, 6, white car, 970.09, 541.81, 1000.29, 554.83, 985.19, 548.32, 970.09, 548.32, 1000.29, 548.32, 30.20, 13.02
0.80, 6, white car, 967.17, 541.73, 997.59, 554.87, 982.38, 548.30, 967.17, 548.30, 997.59, 548.30, 30.42, 13.14
0.83, 6, white car, 964.34, 541.67, 995.01, 554.94, 979.68, 548.30, 964.34, 548.30, 995.01, 548.30, 30.67, 13.27
0.87, 6, white car, 961.41, 541.83, 991.96, 555.08, 976.69, 548.46, 961.41, 548.46, 991.96, 548.46, 30.55, 13.24
0.90, 6, white car, 958.65, 541.78, 989.31, 555.07, 973.98, 548.42, 958.65, 548.42, 989.31, 548.42, 30.66, 13.29
0.93, 6, white car, 955.78, 541.64, 986.62, 554.99, 971.20, 548.32, 955.78, 548.32, 986.62, 548.32, 30.84, 13.35
0.93, 9, black car, 337.37, 508.96, 367.26, 523.23, 352.31, 516.10, 337.37, 516.10, 367.26, 516.10, 29.89, 14.27
0.97, 6, white car, 952.96, 541.63, 984.10, 555.14, 968.53, 548.38, 952.96, 548.38, 984.10, 548.38, 31.15, 13.51
0.97, 9, black car, 334.64, 508.64, 364.86, 523.07, 349.75, 515.85, 334.64, 515.85, 364.86, 515.85, 30.22, 14.43
1.00, 6, white car, 950.18, 541.55, 981.35, 555.09, 965.77, 548.32, 950.18, 548.32, 981.35, 548.32, 31.17, 13.54
1.00, 9, black car, 332.05, 508.28, 362.34, 522.80, 347.19, 515.54, 332.05, 515.54, 362.34, 515.54, 30.28, 14.52
1.00, 43, blue car, 1237.89, 538.39, 1265.98, 551.55, 1251.93, 544.97, 1237.89, 544.97, 1265.98, 544.97, 28.09, 13.16
1.03, 6, white car, 947.39, 541.73, 978.02, 555.03, 962.71, 548.38, 947.39, 548.38, 978.02, 548.38, 30.63, 13.30
1.03, 9, black car, 328.91, 508.09, 359.07, 522.63, 343.99, 515.36, 328.91, 515.36, 359.07, 515.36, 30.16, 14.54
1.03, 43, blue car, 1234.97, 538.33, 1263.58, 551.73, 1249.28, 545.03, 1234.97, 545.03, 1263.58, 545.03, 28.61, 13.40
1.07, 6, white car, 944.81, 541.81, 975.19, 554.97, 960.00, 548.39, 944.81, 548.39, 975.19, 548.39, 30.38, 13.16
1.07, 9, black car, 326.37, 508.13, 356.30, 522.53, 341.34, 515.33, 326.37, 515.33, 356.30, 515.33, 29.94, 14.41
1.07, 43, blue car, 1231.69, 538.46, 1260.28, 551.85, 1245.99, 545.16, 1231.69, 545.16, 1260.28, 545.16, 28.59, 13.39
1.10, 6, white car, 941.98, 541.80, 972.53, 555.00, 957.26, 548.40, 941.98, 548.40, 972.53, 548.40, 30.55, 13.20
1.10, 9, black car, 323.72, 508.54, 352.53, 522.32, 338.12, 515.43, 323.72, 515.43, 352.53, 515.43, 28.81, 13.79
1.13, 6, white car, 939.23, 541.81, 969.92, 555.07, 954.58, 548.44, 939.23, 548.44, 969.92, 548.44, 30.69, 13.27
1.13, 9, black car, 320.93, 508.56, 349.56, 522.23, 335.25, 515.39, 320.93, 515.39, 349.56, 515.39, 28.63, 13.67
1.17, 6, white car, 936.34, 541.64, 967.31, 555.05, 951.82, 548.35, 936.34, 548.35, 967.31, 548.35, 30.96, 13.41
1.17, 9, black car, 318.33, 508.30, 347.56, 522.22, 332.95, 515.26, 318.33, 515.26, 347.56, 515.26, 29.23, 13.92
1.20, 6, white car, 933.48, 541.73, 964.41, 555.13, 948.94, 548.43, 933.48, 548.43, 964.41, 548.43, 30.93, 13.40
1.20, 9, black car, 315.60, 508.01, 345.25, 522.11, 330.43, 515.06, 315.60, 515.06, 345.25, 515.06, 29.65, 14.10
1.20, 43, blue car, 1219.56, 538.75, 1247.55, 551.85, 1233.55, 545.30, 1219.56, 545.30, 1247.55, 545.30, 27.99, 13.10
1.23, 6, white car, 930.80, 541.87, 961.38, 555.11, 946.09, 548.49, 930.80, 548.49, 961.38, 548.49, 30.58, 13.25
1.23, 43, blue car, 1216.53, 538.74, 1244.53, 551.83, 1230.53, 545.29, 1216.53, 545.29, 1244.53, 545.29, 28.00, 13.08
1.27, 6, white car, 927.89, 541.85, 958.56, 555.13, 943.22, 548.49, 927.89, 548.49, 958.56, 548.49, 30.68, 13.28
1.27, 43, blue car, 1213.41, 538.65, 1241.82, 551.91, 1227.61, 545.28, 1213.41, 545.28, 1241.82, 545.28, 28.41, 13.27
1.27, 9, black car, 309.28, 507.26, 338.33, 521.04, 323.81, 514.15, 309.28, 514.15, 338.33, 514.15, 29.05, 13.78
1.30, 6, white car, 925.17, 541.89, 955.97, 555.26, 940.57, 548.57, 925.17, 548.57, 955.97, 548.57, 30.80, 13.37
1.30, 43, blue car, 1210.29, 538.75, 1238.95, 552.14, 1224.62, 545.44, 1210.29, 545.44, 1238.95, 545.44, 28.65, 13.39
1.33, 6, white car, 922.17, 541.68, 953.56, 555.35, 937.87, 548.51, 922.17, 548.51, 953.56, 548.51, 31.39, 13.67
1.33, 43, blue car, 1207.54, 539.06, 1235.83, 552.26, 1221.69, 545.66, 1207.54, 545.66, 1235.83, 545.66, 28.29, 13.20
1.33, 9, black car, 304.26, 507.01, 333.07, 520.61, 318.66, 513.81, 304.26, 513.81, 333.07, 513.81, 28.81, 13.60
1.37, 6, white car, 919.30, 541.58, 950.99, 555.40, 935.14, 548.49, 919.30, 548.49, 950.99, 548.49, 31.69, 13.82
1.37, 43, blue car, 1204.72, 539.19, 1233.09, 552.42, 1218.91, 545.80, 1204.72, 545.80, 1233.09, 545.80, 28.37, 13.23
1.40, 6, white car, 916.68, 541.70, 947.76, 555.25, 932.22, 548.48, 916.68, 548.48, 947.76, 548.48, 31.07, 13.55
1.40, 43, blue car, 1201.84, 539.15, 1229.92, 552.21, 1215.88, 545.68, 1201.84, 545.68, 1229.92, 545.68, 28.08, 13.06
1.43, 6, white car, 914.11, 541.73, 944.89, 555.15, 929.50, 548.44, 914.11, 548.44, 944.89, 548.44, 30.78, 13.42
1.43, 43, blue car, 1198.82, 539.10, 1226.78, 552.09, 1212.80, 545.60, 1198.82, 545.60, 1226.78, 545.60, 27.96, 12.99
1.43, 9, black car, 295.37, 506.48, 324.40, 520.15, 309.88, 513.31, 295.37, 513.31, 324.40, 513.31, 29.03, 13.66
1.47, 6, white car, 911.38, 541.74, 942.25, 555.23, 926.81, 548.49, 911.38, 548.49, 942.25, 548.49, 30.86, 13.49
1.50, 6, white car, 908.62, 541.57, 939.55, 555.11, 924.08, 548.34, 908.62, 548.34, 939.55, 548.34, 30.94, 13.55
1.50, 43, blue car, 1192.37, 539.08, 1220.90, 552.35, 1206.63, 545.72, 1192.37, 545.72, 1220.90, 545.72, 28.53, 13.27
1.53, 6, white car, 905.89, 541.52, 936.81, 555.06, 921.35, 548.29, 905.89, 548.29, 936.81, 548.29, 30.92, 13.54
1.53, 43, blue car, 1189.17, 539.18, 1217.86, 552.52, 1203.52, 545.85, 1189.17, 545.85, 1217.86, 545.85, 28.69, 13.35
1.57, 6, white car, 903.28, 541.60, 933.90, 554.99, 918.59, 548.29, 903.28, 548.29, 933.90, 548.29, 30.62, 13.39
1.57, 43, blue car, 1186.36, 539.13, 1214.90, 552.42, 1200.63, 545.78, 1186.36, 545.78, 1214.90, 545.78, 28.54, 13.29
1.57, 9, black car, 283.92, 506.01, 313.27, 519.74, 298.60, 512.87, 283.92, 512.87, 313.27, 512.87, 29.35, 13.74
1.60, 6, white car, 900.73, 541.63, 931.33, 555.00, 916.03, 548.32, 900.73, 548.32, 931.33, 548.32, 30.60, 13.37
1.60, 9, black car, 280.95, 505.79, 310.80, 519.70, 295.87, 512.74, 280.95, 512.74, 310.80, 512.74, 29.85, 13.91
1.63, 6, white car, 897.79, 541.72, 928.50, 555.15, 913.14, 548.44, 897.79, 548.44, 928.50, 548.44, 30.71, 13.42
1.63, 9, black car, 277.88, 505.53, 308.22, 519.59, 293.05, 512.56, 277.88, 512.56, 308.22, 512.56, 30.34, 14.07
1.67, 6, white car, 894.87, 541.57, 925.84, 555.12, 910.35, 548.34, 894.87, 548.34, 925.84, 548.34, 30.96, 13.55
1.67, 43, blue car, 1177.59, 539.18, 1206.08, 552.47, 1191.84, 545.83, 1177.59, 545.83, 1206.08, 545.83, 28.50, 13.29
1.70, 6, white car, 892.03, 541.44, 923.08, 555.02, 907.56, 548.23, 892.03, 548.23, 923.08, 548.23, 31.06, 13.58
1.73, 6, white car, 889.50, 541.53, 920.40, 555.02, 904.95, 548.28, 889.50, 548.28, 920.40, 548.28, 30.90, 13.49
1.77, 6, white car, 887.14, 541.72, 917.47, 554.93, 902.31, 548.33, 887.14, 548.33, 917.47, 548.33, 30.33, 13.22
1.80, 6, white car, 883.93, 541.70, 914.62, 555.08, 899.28, 548.39, 883.93, 548.39, 914.62, 548.39, 30.70, 13.38
1.83, 6, white car, 881.16, 541.65, 911.73, 555.00, 896.45, 548.33, 881.16, 548.33, 911.73, 548.33, 30.57, 13.34
1.87, 6, white car, 878.34, 541.46, 909.04, 554.88, 893.69, 548.17, 878.34, 548.17, 909.04, 548.17, 30.70, 13.41
1.87, 9, black car, 256.79, 504.08, 287.55, 518.30, 272.17, 511.19, 256.79, 511.19, 287.55, 511.19, 30.76, 14.22
1.90, 6, white car, 875.83, 541.68, 906.11, 554.91, 890.97, 548.29, 875.83, 548.29, 906.11, 548.29, 30.27, 13.22
1.93, 6, white car, 873.14, 541.70, 903.27, 554.86, 888.21, 548.28, 873.14, 548.28, 903.27, 548.28, 30.13, 13.16
1.97, 6, white car, 870.36, 541.49, 900.90, 554.84, 885.63, 548.17, 870.36, 548.17, 900.90, 548.17, 30.54, 13.35
1.97, 43, blue car, 1150.81, 539.51, 1179.19, 552.74, 1165.00, 546.12, 1150.81, 546.12, 1179.19, 546.12, 28.38, 13.23
1.97, 9, black car, 248.16, 503.19, 278.62, 517.29, 263.39, 510.24, 248.16, 510.24, 278.62, 510.24, 30.46, 14.10
2.00, 6, white car, 867.54, 541.44, 898.10, 554.83, 882.82, 548.13, 867.54, 548.13, 898.10, 548.13, 30.56, 13.39
2.03, 6, white car, 865.08, 541.34, 895.52, 554.68, 880.30, 548.01, 865.08, 548.01, 895.52, 548.01, 30.44, 13.34
2.03, 9, black car, 242.33, 502.46, 273.22, 516.79, 257.78, 509.63, 242.33, 509.63, 273.22, 509.63, 30.90, 14.33
2.07, 6, white car, 862.37, 541.39, 892.57, 554.62, 877.47, 548.01, 862.37, 548.01, 892.57, 548.01, 30.19, 13.23
2.07, 9, black car, 239.81, 502.33, 270.44, 516.53, 255.12, 509.43, 239.81, 509.43, 270.44, 509.43, 30.63, 14.20
2.07, 43, blue car, 1141.85, 539.51, 1170.08, 552.67, 1155.96, 546.09, 1141.85, 546.09, 1170.08, 546.09, 28.23, 13.16
2.10, 6, white car, 859.67, 541.28, 890.02, 554.58, 874.84, 547.93, 859.67, 547.93, 890.02, 547.93, 30.35, 13.31
2.10, 9, black car, 237.57, 502.17, 268.15, 516.33, 252.86, 509.25, 237.57, 509.25, 268.15, 509.25, 30.58, 14.16
2.10, 43, blue car, 1138.92, 539.66, 1167.37, 552.87, 1153.15, 546.26, 1138.92, 546.26, 1167.37, 546.26, 28.45, 13.21
2.13, 6, white car, 857.14, 541.17, 887.64, 554.54, 872.39, 547.85, 857.14, 547.85, 887.64, 547.85, 30.49, 13.37
2.13, 9, black car, 235.04, 502.14, 265.00, 516.00, 250.02, 509.07, 235.04, 509.07, 265.00, 509.07, 29.96, 13.85
2.17, 6, white car, 854.20, 541.09, 885.03, 554.63, 869.62, 547.86, 854.20, 547.86, 885.03, 547.86, 30.83, 13.54
2.17, 9, black car, 231.47, 502.14, 261.57, 516.04, 246.52, 509.09, 231.47, 509.09, 261.57, 509.09, 30.10, 13.90
2.20, 6, white car, 851.72, 541.09, 881.94, 554.36, 866.83, 547.72, 851.72, 547.72, 881.94, 547.72, 30.22, 13.27
2.20, 9, black car, 228.29, 501.79, 258.91, 515.93, 243.60, 508.86, 228.29, 508.86, 258.91, 508.86, 30.62, 14.14
2.23, 6, white car, 848.83, 541.18, 878.91, 554.38, 863.87, 547.78, 848.83, 547.78, 878.91, 547.78, 30.08, 13.20
2.23, 9, black car, 224.50, 501.58, 255.61, 515.93, 240.06, 508.76, 224.50, 508.76, 255.61, 508.76, 31.12, 14.35
2.23, 43, blue car, 1126.53, 539.64, 1155.24, 552.97, 1140.88, 546.30, 1126.53, 546.30, 1155.24, 546.30, 28.71, 13.33
2.27, 6, white car, 846.20, 541.26, 875.92, 554.27, 861.06, 547.77, 846.20, 547.77, 875.92, 547.77, 29.72, 13.01
2.27, 9, black car, 222.13, 501.38, 253.19, 515.70, 237.66, 508.54, 222.13, 508.54, 253.19, 508.54, 31.06, 14.32
2.30, 6, white car, 843.63, 541.14, 873.43, 554.19, 858.53, 547.66, 843.63, 547.66, 873.43, 547.66, 29.80, 13.04
2.30, 9, black car, 219.51, 501.19, 250.34, 515.39, 234.92, 508.29, 219.51, 508.29, 250.34, 508.29, 30.83, 14.20
2.30, 43, blue car, 1121.33, 539.90, 1149.95, 553.13, 1135.64, 546.51, 1121.33, 546.51, 1149.95, 546.51, 28.62, 13.23
2.33, 6, white car, 840.69, 541.10, 870.59, 554.20, 855.64, 547.65, 840.69, 547.65, 870.59, 547.65, 29.90, 13.10
2.33, 9, black car, 217.08, 501.15, 247.79, 515.38, 232.43, 508.26, 217.08, 508.26, 247.79, 508.26, 30.71, 14.22
2.37, 6, white car, 838.09, 541.09, 867.77, 554.10, 852.93, 547.60, 838.09, 547.60, 867.77, 547.60, 29.68, 13.01
2.37, 9, black car, 213.38, 500.88, 244.18, 515.13, 228.78, 508.00, 213.38, 508.00, 244.18, 508.00, 30.80, 14.25
2.40, 6, white car, 835.18, 541.02, 865.13, 554.13, 850.16, 547.57, 835.18, 547.57, 865.13, 547.57, 29.95, 13.11
2.40, 9, black car, 211.13, 500.80, 241.50, 514.85, 226.32, 507.82, 211.13, 507.82, 241.50, 507.82, 30.36, 14.05
2.43, 6, white car, 832.81, 541.11, 862.26, 553.97, 847.53, 547.54, 832.81, 547.54, 862.26, 547.54, 29.45, 12.86
2.43, 9, black car, 207.29, 500.71, 238.14, 514.91, 222.71, 507.81, 207.29, 507.81, 238.14, 507.81, 30.84, 14.20
2.43, 43, blue car, 1109.41, 540.29, 1136.68, 552.85, 1123.05, 546.57, 1109.41, 546.57, 1136.68, 546.57, 27.27, 12.57
2.47, 6, white car, 830.31, 540.96, 859.73, 553.79, 845.02, 547.38, 830.31, 547.38, 859.73, 547.38, 29.42, 12.83
2.50, 6, white car, 827.58, 540.76, 857.11, 553.62, 842.35, 547.19, 827.58, 547.19, 857.11, 547.19, 29.53, 12.86
2.50, 9, black car, 201.74, 500.27, 232.36, 514.38, 217.05, 507.33, 201.74, 507.33, 232.36, 507.33, 30.63, 14.11
2.53, 6, white car, 824.86, 540.65, 854.52, 553.59, 839.69, 547.12, 824.86, 547.12, 854.52, 547.12, 29.66, 12.95
2.53, 9, black car, 199.68, 500.10, 229.56, 513.89, 214.62, 507.00, 199.68, 507.00, 229.56, 507.00, 29.87, 13.78
2.57, 6, white car, 822.20, 540.63, 851.90, 553.60, 837.05, 547.11, 822.20, 547.11, 851.90, 547.11, 29.70, 12.97
2.57, 9, black car, 197.01, 499.64, 226.95, 513.45, 211.98, 506.55, 197.01, 506.55, 226.95, 506.55, 29.94, 13.80
2.57, 43, blue car, 1097.06, 540.15, 1124.99, 552.99, 1111.02, 546.57, 1097.06, 546.57, 1124.99, 546.57, 27.93, 12.85
2.60, 6, white car, 819.18, 540.59, 848.94, 553.57, 834.06, 547.08, 819.18, 547.08, 848.94, 547.08, 29.76, 12.98
2.60, 9, black car, 194.79, 499.34, 224.68, 513.13, 209.73, 506.24, 194.79, 506.24, 224.68, 506.24, 29.89, 13.79
2.63, 6, white car, 816.62, 540.48, 846.28, 553.41, 831.45, 546.94, 816.62, 546.94, 846.28, 546.94, 29.66, 12.93
2.63, 9, black car, 192.53, 499.05, 222.70, 513.03, 207.61, 506.04, 192.53, 506.04, 222.70, 506.04, 30.17, 13.98
2.67, 6, white car, 813.77, 540.34, 843.39, 553.25, 828.58, 546.79, 813.77, 546.79, 843.39, 546.79, 29.61, 12.91
2.67, 9, black car, 190.74, 498.87, 221.21, 512.98, 205.97, 505.92, 190.74, 505.92, 221.21, 505.92, 30.47, 14.11
2.70, 6, white car, 811.08, 540.38, 840.69, 553.32, 825.88, 546.85, 811.08, 546.85, 840.69, 546.85, 29.61, 12.94
2.70, 9, black car, 186.67, 498.85, 216.93, 512.96, 201.80, 505.90, 186.67, 505.90, 216.93, 505.90, 30.26, 14.11
2.73, 6, white car, 808.51, 540.35, 838.04, 553.26, 823.28, 546.80, 808.51, 546.80, 838.04, 546.80, 29.53, 12.91
2.73, 9, black car, 183.11, 498.82, 213.27, 513.02, 198.19, 505.92, 183.11, 505.92, 213.27, 505.92, 30.16, 14.20
2.77, 6, white car, 805.70, 540.31, 835.09, 553.14, 820.39, 546.73, 805.70, 546.73, 835.09, 546.73, 29.39, 12.83
2.77, 9, black car, 181.36, 498.90, 210.53, 512.88, 195.95, 505.89, 181.36, 505.89, 210.53, 505.89, 29.17, 13.99
2.80, 6, white car, 803.15, 540.28, 832.29, 552.99, 817.72, 546.64, 803.15, 546.64, 832.29, 546.64, 29.14, 12.71
2.83, 6, white car, 800.24, 539.94, 829.85, 552.86, 815.04, 546.40, 800.24, 546.40, 829.85, 546.40, 29.61, 12.91
2.83, 9, black car, 173.68, 498.17, 203.16, 512.30, 188.42, 505.23, 173.68, 505.23, 203.16, 505.23, 29.48, 14.13
2.87, 6, white car, 797.42, 539.87, 827.12, 552.86, 812.27, 546.36, 797.42, 546.36, 827.12, 546.36, 29.71, 12.99
2.87, 9, black car, 170.57, 497.79, 199.71, 511.66, 185.14, 504.72, 170.57, 504.72, 199.71, 504.72, 29.14, 13.87
2.90, 6, white car, 794.99, 539.91, 824.72, 552.91, 809.86, 546.41, 794.99, 546.41, 824.72, 546.41, 29.73, 13.00
2.90, 9, black car, 167.32, 497.61, 196.51, 511.45, 181.91, 504.53, 167.32, 504.53, 196.51, 504.53, 29.20, 13.84
2.90, 43, blue car, 1067.02, 540.24, 1094.62, 552.85, 1080.82, 546.55, 1067.02, 546.55, 1094.62, 546.55, 27.59, 12.62
2.93, 6, white car, 792.19, 539.86, 821.98, 552.89, 807.08, 546.38, 792.19, 546.38, 821.98, 546.38, 29.79, 13.03
2.93, 9, black car, 164.38, 497.46, 193.26, 511.11, 178.82, 504.28, 164.38, 504.28, 193.26, 504.28, 28.87, 13.64
2.97, 6, white car, 789.50, 539.75, 819.23, 552.75, 804.36, 546.25, 789.50, 546.25, 819.23, 546.25, 29.73, 13.00
2.97, 9, black car, 161.25, 497.34, 189.65, 510.72, 175.45, 504.03, 161.25, 504.03, 189.65, 504.03, 28.40, 13.38
3.00, 6, white car, 786.48, 539.34, 816.83, 552.65, 801.65, 545.99, 786.48, 545.99, 816.83, 545.99, 30.34, 13.30
3.00, 9, black car, 158.29, 497.08, 186.51, 510.32, 172.40, 503.70, 158.29, 503.70, 186.51, 503.70, 28.22, 13.25
3.03, 6, white car, 783.66, 539.08, 814.24, 552.52, 798.95, 545.80, 783.66, 545.80, 814.24, 545.80, 30.58, 13.44
3.03, 9, black car, 155.42, 496.86, 184.01, 510.20, 169.72, 503.53, 155.42, 503.53, 184.01, 503.53, 28.60, 13.34
3.07, 6, white car, 781.06, 539.25, 811.35, 552.59, 796.20, 545.92, 781.06, 545.92, 811.35, 545.92, 30.28, 13.34
3.07, 9, black car, 152.47, 496.58, 181.95, 510.24, 167.21, 503.41, 152.47, 503.41, 181.95, 503.41, 29.47, 13.67
3.10, 6, white car, 778.56, 539.13, 808.38, 552.28, 793.47, 545.71, 778.56, 545.71, 808.38, 545.71, 29.83, 13.15
3.13, 6, white car, 775.95, 538.99, 805.69, 552.09, 790.82, 545.54, 775.95, 545.54, 805.69, 545.54, 29.74, 13.10
3.17, 6, white car, 773.21, 538.81, 803.07, 551.98, 788.14, 545.40, 773.21, 545.40, 803.07, 545.40, 29.86, 13.17
3.20, 6, white car, 770.83, 538.67, 800.39, 551.69, 785.61, 545.18, 770.83, 545.18, 800.39, 545.18, 29.56, 13.03
3.20, 43, blue car, 1039.56, 540.17, 1067.54, 552.89, 1053.55, 546.53, 1039.56, 546.53, 1067.54, 546.53, 27.99, 12.73
3.23, 6, white car, 768.37, 538.76, 797.54, 551.62, 782.96, 545.19, 768.37, 545.19, 797.54, 545.19, 29.17, 12.86
3.27, 6, white car, 765.48, 538.55, 795.10, 551.62, 780.29, 545.08, 765.48, 545.08, 795.10, 545.08, 29.62, 13.07
3.30, 6, white car, 763.03, 538.57, 792.21, 551.42, 777.62, 544.99, 763.03, 544.99, 792.21, 544.99, 29.18, 12.85
3.30, 9, black car, 132.12, 495.31, 161.63, 508.99, 146.88, 502.15, 132.12, 502.15, 161.63, 502.15, 29.51, 13.68
3.33, 6, white car, 760.37, 538.47, 789.63, 551.35, 775.00, 544.91, 760.37, 544.91, 789.63, 544.91, 29.26, 12.87
3.33, 9, black car, 129.53, 494.83, 159.06, 508.53, 144.30, 501.68, 129.53, 501.68, 159.06, 501.68, 29.53, 13.71
3.37, 6, white car, 757.72, 538.26, 786.91, 551.08, 772.31, 544.67, 757.72, 544.67, 786.91, 544.67, 29.19, 12.81
3.37, 9, black car, 126.71, 494.47, 156.41, 508.24, 141.56, 501.36, 126.71, 501.36, 156.41, 501.36, 29.70, 13.77
3.40, 6, white car, 755.17, 538.30, 784.10, 550.98, 769.63, 544.64, 755.17, 544.64, 784.10, 544.64, 28.92, 12.68
3.40, 9, black car, 124.08, 494.31, 153.89, 508.05, 138.99, 501.18, 124.08, 501.18, 153.89, 501.18, 29.81, 13.74
3.43, 6, white car, 752.05, 538.09, 781.27, 550.90, 766.66, 544.50, 752.05, 544.50, 781.27, 544.50, 29.22, 12.81
3.43, 9, black car, 121.23, 494.18, 150.78, 507.79, 136.00, 500.98, 121.23, 500.98, 150.78, 500.98, 29.55, 13.61
3.47, 6, white car, 749.38, 537.90, 778.68, 550.72, 764.03, 544.31, 749.38, 544.31, 778.68, 544.31, 29.30, 12.82
3.47, 9, black car, 117.76, 493.86, 147.87, 507.76, 132.82, 500.81, 117.76, 500.81, 147.87, 500.81, 30.11, 13.90
3.50, 6, white car, 746.82, 537.80, 776.00, 550.55, 761.41, 544.18, 746.82, 544.18, 776.00, 544.18, 29.18, 12.76
3.50, 9, black car, 115.12, 493.70, 145.03, 507.52, 130.07, 500.61, 115.12, 500.61, 145.03, 500.61, 29.92, 13.83
3.53, 6, white car, 744.24, 537.72, 773.34, 550.43, 758.79, 544.07, 744.24, 544.07, 773.34, 544.07, 29.10, 12.70
3.53, 9, black car, 112.32, 493.38, 142.34, 507.23, 127.33, 500.31, 112.32, 500.31, 142.34, 500.31, 30.02, 13.86
3.57, 6, white car, 741.67, 537.70, 770.77, 550.38, 756.22, 544.04, 741.67, 544.04, 770.77, 544.04, 29.10, 12.68
3.57, 9, black car, 109.26, 493.20, 139.48, 507.16, 124.37, 500.18, 109.26, 500.18, 139.48, 500.18, 30.22, 13.96
3.57, 43, blue car, 1006.01, 540.13, 1034.22, 552.98, 1020.11, 546.56, 1006.01, 546.56, 1034.22, 546.56, 28.21, 12.84
3.60, 6, white car, 738.90, 537.60, 768.19, 550.37, 753.55, 543.99, 738.90, 543.99, 768.19, 543.99, 29.29, 12.76
3.60, 9, black car, 107.05, 493.08, 136.77, 506.79, 121.91, 499.93, 107.05, 499.93, 136.77, 499.93, 29.72, 13.71
3.63, 6, white car, 735.97, 537.40, 765.56, 550.28, 750.77, 543.84, 735.97, 543.84, 765.56, 543.84, 29.59, 12.88
3.63, 9, black car, 104.17, 492.75, 134.09, 506.50, 119.13, 499.62, 104.17, 499.62, 134.09, 499.62, 29.92, 13.76
3.67, 6, white car, 733.11, 537.22, 763.05, 550.26, 748.08, 543.74, 733.11, 543.74, 763.05, 543.74, 29.94, 13.03
3.67, 9, black car, 101.37, 492.62, 131.08, 506.26, 116.22, 499.44, 101.37, 499.44, 131.08, 499.44, 29.71, 13.64
3.70, 6, white car, 730.49, 537.03, 760.27, 550.00, 745.38, 543.52, 730.49, 543.52, 760.27, 543.52, 29.78, 12.98
3.70, 9, black car, 98.47, 492.50, 128.14, 506.08, 113.30, 499.29, 98.47, 499.29, 128.14, 499.29, 29.67, 13.58
3.73, 6, white car, 727.93, 536.89, 757.72, 549.87, 742.82, 543.38, 727.93, 543.38, 757.72, 543.38, 29.79, 12.98
3.73, 9, black car, 95.39, 492.25, 125.29, 505.86, 110.34, 499.06, 95.39, 499.06, 125.29, 499.06, 29.89, 13.61
3.77, 6, white car, 725.22, 536.99, 754.50, 549.76, 739.86, 543.37, 725.22, 543.37, 754.50, 543.37, 29.28, 12.77
3.77, 9, black car, 92.60, 492.06, 122.56, 505.68, 107.58, 498.87, 92.60, 498.87, 122.56, 498.87, 29.96, 13.62
3.80, 6, white car, 722.55, 536.91, 751.80, 549.65, 737.17, 543.28, 722.55, 543.28, 751.80, 543.28, 29.26, 12.74
3.80, 9, black car, 89.75, 491.85, 119.51, 505.36, 104.63, 498.61, 89.75, 498.61, 119.51, 498.61, 29.77, 13.51
3.83, 6, white car, 719.94, 536.65, 749.25, 549.39, 734.59, 543.02, 719.94, 543.02, 749.25, 543.02, 29.31, 12.74
3.83, 9, black car, 87.25, 491.63, 116.88, 505.05, 102.06, 498.34, 87.25, 498.34, 116.88, 498.34, 29.63, 13.42
3.83, 43, blue car, 982.31, 540.40, 1009.58, 552.74, 995.95, 546.57, 982.31, 546.57, 1009.58, 546.57, 27.28, 12.35
3.87, 6, white car, 717.39, 536.55, 746.81, 549.35, 732.10, 542.95, 717.39, 542.95, 746.81, 542.95, 29.42, 12.80
3.87, 9, black car, 84.56, 491.45, 114.46, 504.97, 99.51, 498.21, 84.56, 498.21, 114.46, 498.21, 29.90, 13.52
3.90, 6, white car, 714.74, 536.39, 744.19, 549.18, 729.46, 542.78, 714.74, 542.78, 744.19, 542.78, 29.45, 12.79
3.90, 9, black car, 81.11, 490.96, 112.00, 504.94, 96.56, 497.95, 81.11, 497.95, 112.00, 497.95, 30.89, 13.98
3.93, 6, white car, 712.18, 536.15, 741.56, 548.92, 726.87, 542.54, 712.18, 542.54, 741.56, 542.54, 29.38, 12.77
3.93, 9, black car, 78.45, 490.76, 109.51, 504.85, 93.98, 497.81, 78.45, 497.81, 109.51, 497.81, 31.06, 14.09
3.97, 6, white car, 709.40, 536.13, 738.97, 549.03, 724.18, 542.58, 709.40, 542.58, 738.97, 542.58, 29.57, 12.90
3.97, 9, black car, 75.38, 490.52, 106.88, 504.86, 91.13, 497.69, 75.38, 497.69, 106.88, 497.69, 31.50, 14.34
4.00, 6, white car, 706.64, 535.96, 736.81, 549.11, 721.72, 542.53, 706.64, 542.53, 736.81, 542.53, 30.17, 13.15
4.00, 9, black car, 72.59, 490.56, 104.08, 504.94, 88.33, 497.75, 72.59, 497.75, 104.08, 497.75, 31.49, 14.37
4.00, 43, blue car, 966.87, 540.08, 995.00, 552.87, 980.93, 546.47, 966.87, 546.47, 995.00, 546.47, 28.13, 12.80
4.03, 6, white car, 704.08, 535.76, 734.15, 548.86, 719.11, 542.31, 704.08, 542.31, 734.15, 542.31, 30.07, 13.10
4.03, 9, black car, 70.47, 490.72, 101.58, 504.93, 86.03, 497.82, 70.47, 497.82, 101.58, 497.82, 31.11, 14.22
4.07, 6, white car, 701.48, 535.58, 731.25, 548.54, 716.36, 542.06, 701.48, 542.06, 731.25, 542.06, 29.77, 12.96
4.07, 9, black car, 68.35, 490.58, 98.94, 504.54, 83.64, 497.56, 68.35, 497.56, 98.94, 497.56, 30.59, 13.97
4.10, 6, white car, 699.02, 535.48, 728.37, 548.26, 713.70, 541.87, 699.02, 541.87, 728.37, 541.87, 29.35, 12.78
4.10, 9, black car, 66.35, 490.64, 95.97, 504.10, 81.16, 497.37, 66.35, 497.37, 95.97, 497.37, 29.62, 13.46
4.13, 6, white car, 696.05, 535.48, 725.42, 548.30, 710.73, 541.89, 696.05, 541.89, 725.42, 541.89, 29.36, 12.82
4.13, 9, black car, 64.09, 490.60, 93.18, 503.82, 78.64, 497.21, 64.09, 497.21, 93.18, 497.21, 29.09, 13.22
4.17, 6, white car, 693.50, 535.33, 723.06, 548.25, 708.28, 541.79, 693.50, 541.79, 723.06, 541.79, 29.57, 12.92
4.17, 9, black car, 60.92, 490.34, 90.04, 503.58, 75.48, 496.96, 60.92, 496.96, 90.04, 496.96, 29.12, 13.24
4.20, 6, white car, 690.80, 535.06, 720.35, 547.95, 705.57, 541.50, 690.80, 541.50, 720.35, 541.50, 29.55, 12.89
4.20, 9, black car, 58.73, 490.20, 87.70, 503.36, 73.21, 496.78, 58.73, 496.78, 87.70, 496.78, 28.97, 13.15
4.23, 6, white car, 688.35, 534.91, 717.92, 547.80, 703.14, 541.35, 688.35, 541.35, 717.92, 541.35, 29.57, 12.89
4.23, 9, black car, 55.74, 489.85, 85.18, 503.17, 70.46, 496.51, 55.74, 496.51, 85.18, 496.51, 29.45, 13.32
4.27, 6, white car, 686.02, 534.93, 715.52, 547.76, 700.77, 541.34, 686.02, 541.34, 715.52, 541.34, 29.51, 12.84
4.27, 9, black car, 53.66, 489.81, 82.96, 503.05, 68.31, 496.43, 53.66, 496.43, 82.96, 496.43, 29.30, 13.23
4.30, 9, black car, 50.64, 489.53, 80.22, 502.86, 65.43, 496.19, 50.64, 496.19, 80.22, 496.19, 29.58, 13.33
4.33, 9, black car, 48.33, 489.37, 78.19, 502.85, 63.26, 496.11, 48.33, 496.11, 78.19, 496.11, 29.86, 13.48
4.33, 6, white car, 680.38, 534.67, 710.32, 547.71, 695.35, 541.19, 680.38, 541.19, 710.32, 541.19, 29.94, 13.04
4.37, 9, black car, 45.30, 489.25, 75.23, 502.74, 60.27, 495.99, 45.30, 495.99, 75.23, 495.99, 29.92, 13.49
4.40, 9, black car, 41.04, 489.01, 72.16, 503.01, 56.60, 496.01, 41.04, 496.01, 72.16, 496.01, 31.12, 14.00
4.43, 9, black car, 40.37, 488.98, 70.15, 502.45, 55.26, 495.71, 40.37, 495.71, 70.15, 495.71, 29.78, 13.47
4.47, 9, black car, 39.02, 488.82, 68.15, 502.06, 53.59, 495.44, 39.02, 495.44, 68.15, 495.44, 29.13, 13.24
4.50, 9, black car, 36.12, 488.59, 65.74, 502.05, 50.93, 495.32, 36.12, 495.32, 65.74, 495.32, 29.62, 13.45
4.53, 9, black car, 34.35, 488.62, 63.09, 501.62, 48.72, 495.12, 34.35, 495.12, 63.09, 495.12, 28.74, 13.00
4.57, 9, black car, 31.40, 488.18, 60.24, 501.23, 45.82, 494.70, 31.40, 494.70, 60.24, 494.70, 28.84, 13.05
4.60, 9, black car, 28.31, 487.88, 58.39, 501.55, 43.35, 494.72, 28.31, 494.72, 58.39, 494.72, 30.07, 13.67
4.63, 9, black car, 25.76, 487.53, 56.45, 501.49, 41.10, 494.51, 25.76, 494.51, 56.45, 494.51, 30.70, 13.96
4.80, 6, white car, 643.80, 532.53, 673.69, 545.61, 658.74, 539.07, 643.80, 539.07, 673.69, 539.07, 29.89, 13.08
4.83, 6, white car, 641.25, 532.46, 670.70, 545.43, 655.97, 538.95, 641.25, 538.95, 670.70, 538.95, 29.45, 12.98
4.83, 9, black car, 11.60, 486.69, 41.64, 500.30, 26.62, 493.49, 11.60, 493.49, 41.64, 493.49, 30.04, 13.61
4.87, 6, white car, 638.79, 532.19, 668.03, 545.11, 653.41, 538.65, 638.79, 538.65, 668.03, 538.65, 29.24, 12.92
4.90, 6, white car, 636.28, 532.03, 665.59, 544.99, 650.94, 538.51, 636.28, 538.51, 665.59, 538.51, 29.31, 12.96
4.93, 6, white car, 633.95, 532.07, 662.92, 544.89, 648.43, 538.48, 633.95, 538.48, 662.92, 538.48, 28.97, 12.82
4.93, 9, black car, 2.86, 485.34, 34.71, 499.83, 18.78, 492.58, 2.86, 492.58, 34.71, 492.58, 31.85, 14.49
4.97, 6, white car, 631.77, 531.98, 660.58, 544.69, 646.18, 538.34, 631.77, 538.34, 660.58, 538.34, 28.81, 12.72
4.97, 9, black car, 1.69, 485.26, 32.57, 499.32, 17.13, 492.29, 1.69, 492.29, 32.57, 492.29, 30.89, 14.06
4.97, 43, blue car, 880.28, 538.82, 908.65, 551.83, 894.47, 545.32, 880.28, 545.32, 908.65, 545.32, 28.37, 13.01
5.00, 6, white car, 629.02, 531.76, 657.79, 544.46, 643.40, 538.11, 629.02, 538.11, 657.79, 538.11, 28.77, 12.70
5.00, 9, black car, 0.00, 484.68, 30.98, 499.37, 15.49, 492.03, 0.00, 492.03, 30.98, 492.03, 30.98, 14.69
5.03, 6, white car, 626.34, 531.51, 655.28, 544.29, 640.81, 537.90, 626.34, 537.90, 655.28, 537.90, 28.94, 12.77
5.03, 9, black car, 0.00, 484.35, 29.88, 499.30, 14.94, 491.83, 0.00, 491.83, 29.88, 491.83, 29.88, 14.95
5.07, 6, white car, 623.72, 531.28, 652.64, 544.01, 638.18, 537.64, 623.72, 537.64, 652.64, 537.64, 28.91, 12.73
5.07, 9, black car, 0.00, 484.39, 28.67, 499.23, 14.33, 491.81, 0.00, 491.81, 28.67, 491.81, 28.67, 14.84
5.10, 6, white car, 620.98, 531.11, 649.91, 543.84, 635.44, 537.47, 620.98, 537.47, 649.91, 537.47, 28.93, 12.73
5.10, 9, black car, 0.00, 484.64, 27.00, 499.14, 13.50, 491.89, 0.00, 491.89, 27.00, 491.89, 27.00, 14.50
5.13, 6, white car, 618.58, 530.95, 647.75, 543.78, 633.17, 537.37, 618.58, 537.37, 647.75, 537.37, 29.17, 12.84
5.13, 9, black car, 0.00, 484.80, 25.64, 499.20, 12.82, 492.00, 0.00, 492.00, 25.64, 492.00, 25.64, 14.40
5.17, 6, white car, 615.91, 530.82, 645.35, 543.76, 630.63, 537.29, 615.91, 537.29, 645.35, 537.29, 29.44, 12.94
5.17, 9, black car, 0.00, 485.05, 23.73, 499.22, 11.86, 492.14, 0.00, 492.14, 23.73, 492.14, 23.73, 14.17
5.20, 6, white car, 613.04, 530.58, 642.92, 543.74, 627.98, 537.16, 613.04, 537.16, 642.92, 537.16, 29.88, 13.16
5.20, 9, black car, 0.00, 485.28, 22.46, 499.35, 11.23, 492.31, 0.00, 492.31, 22.46, 492.31, 22.46, 14.07
5.23, 6, white car, 610.34, 530.41, 640.04, 543.54, 625.19, 536.97, 610.34, 536.97, 640.04, 536.97, 29.70, 13.13
5.23, 9, black car, 0.00, 485.29, 21.05, 499.49, 10.53, 492.39, 0.00, 492.39, 21.05, 492.39, 21.05, 14.20
5.27, 6, white car, 607.69, 530.17, 637.68, 543.45, 622.68, 536.81, 607.69, 536.81, 637.68, 536.81, 29.99, 13.27
5.27, 9, black car, 0.00, 484.98, 19.57, 499.26, 9.78, 492.12, 0.00, 492.12, 19.57, 492.12, 19.57, 14.29
5.30, 6, white car, 605.42, 530.15, 634.98, 543.26, 620.20, 536.70, 605.42, 536.70, 634.98, 536.70, 29.56, 13.11
5.30, 9, black car, 0.00, 484.72, 18.53, 498.95, 9.27, 491.83, 0.00, 491.83, 18.53, 491.83, 18.53, 14.22
5.33, 6, white car, 603.21, 530.05, 632.58, 543.08, 617.89, 536.57, 603.21, 536.57, 632.58, 536.57, 29.36, 13.03
5.33, 9, black car, 0.00, 484.58, 17.12, 498.66, 8.56, 491.62, 0.00, 491.62, 17.12, 491.62, 17.12, 14.08
5.37, 6, white car, 600.75, 529.86, 630.04, 542.85, 615.40, 536.35, 600.75, 536.35, 630.04, 536.35, 29.29, 13.00
5.40, 6, white car, 598.12, 529.78, 627.63, 542.88, 612.88, 536.33, 598.12, 536.33, 627.63, 536.33, 29.51, 13.10
5.43, 6, white car, 595.62, 529.72, 624.79, 542.64, 610.20, 536.18, 595.62, 536.18, 624.79, 536.18, 29.17, 12.92
5.47, 6, white car, 593.28, 529.45, 622.31, 542.31, 607.80, 535.88, 593.28, 535.88, 622.31, 535.88, 29.04, 12.86
5.50, 6, white car, 590.98, 529.39, 620.09, 542.30, 605.53, 535.84, 590.98, 535.84, 620.09, 535.84, 29.11, 12.91
5.53, 6, white car, 588.18, 529.02, 617.73, 542.15, 602.95, 535.59, 588.18, 535.59, 617.73, 535.59, 29.55, 13.13
5.57, 6, white car, 585.27, 528.55, 615.01, 541.80, 600.14, 535.17, 585.27, 535.17, 615.01, 535.17, 29.74, 13.25
5.60, 6, white car, 582.92, 528.44, 612.38, 541.57, 597.65, 535.01, 582.92, 535.01, 612.38, 535.01, 29.47, 13.13
5.63, 6, white car, 580.65, 528.39, 609.75, 541.35, 595.20, 534.87, 580.65, 534.87, 609.75, 534.87, 29.10, 12.96
5.67, 6, white car, 578.42, 528.22, 607.05, 540.95, 592.74, 534.58, 578.42, 534.58, 607.05, 534.58, 28.63, 12.72
5.70, 6, white car, 575.89, 528.09, 604.56, 540.83, 590.22, 534.46, 575.89, 534.46, 604.56, 534.46, 28.67, 12.74
5.73, 6, white car, 573.31, 527.89, 602.38, 540.82, 587.85, 534.36, 573.31, 534.36, 602.38, 534.36, 29.07, 12.93
5.77, 6, white car, 571.28, 527.70, 599.89, 540.44, 585.58, 534.07, 571.28, 534.07, 599.89, 534.07, 28.61, 12.73
5.80, 6, white car, 568.76, 527.46, 597.09, 540.07, 582.92, 533.77, 568.76, 533.77, 597.09, 533.77, 28.33, 12.62
5.83, 6, white car, 566.46, 527.49, 594.88, 540.14, 580.67, 533.81, 566.46, 533.81, 594.88, 533.81, 28.42, 12.65
5.87, 6, white car, 564.20, 527.35, 592.66, 539.99, 578.43, 533.67, 564.20, 533.67, 592.66, 533.67, 28.45, 12.64
5.90, 6, white car, 561.63, 527.11, 590.30, 539.83, 575.97, 533.47, 561.63, 533.47, 590.30, 533.47, 28.67, 12.72
5.93, 6, white car, 558.88, 527.03, 588.15, 540.00, 573.52, 533.51, 558.88, 533.51, 588.15, 533.51, 29.27, 12.97
5.97, 6, white car, 557.01, 527.00, 585.79, 539.75, 571.40, 533.38, 557.01, 533.38, 585.79, 533.38, 28.78, 12.75
6.00, 6, white car, 554.95, 526.88, 583.46, 539.52, 569.21, 533.20, 554.95, 533.20, 583.46, 533.20, 28.51, 12.64
6.03, 6, white car, 552.31, 526.73, 581.18, 539.54, 566.75, 533.14, 552.31, 533.14, 581.18, 533.14, 28.87, 12.81
6.07, 6, white car, 550.06, 526.63, 578.78, 539.34, 564.42, 532.98, 550.06, 532.98, 578.78, 532.98, 28.72, 12.70
6.10, 6, white car, 547.84, 526.54, 576.61, 539.24, 562.23, 532.89, 547.84, 532.89, 576.61, 532.89, 28.77, 12.71
6.13, 6, white car, 545.28, 526.44, 574.11, 539.16, 559.70, 532.80, 545.28, 532.80, 574.11, 532.80, 28.83, 12.72
6.17, 6, white car, 543.09, 526.43, 571.61, 539.02, 557.35, 532.73, 543.09, 532.73, 571.61, 532.73, 28.52, 12.59
6.20, 6, white car, 540.77, 526.35, 569.42, 539.01, 555.10, 532.68, 540.77, 532.68, 569.42, 532.68, 28.65, 12.65
6.23, 6, white car, 538.32, 526.28, 566.98, 538.92, 552.65, 532.60, 538.32, 532.60, 566.98, 532.60, 28.66, 12.64
6.27, 6, white car, 535.99, 526.15, 564.12, 538.55, 550.06, 532.35, 535.99, 532.35, 564.12, 532.35, 28.14, 12.40
6.30, 6, white car, 533.29, 525.81, 561.89, 538.43, 547.59, 532.12, 533.29, 532.12, 561.89, 532.12, 28.60, 12.61
6.33, 6, white car, 530.99, 525.52, 559.37, 538.05, 545.18, 531.79, 530.99, 531.79, 559.37, 531.79, 28.38, 12.53
6.37, 6, white car, 528.96, 525.39, 557.24, 537.90, 543.10, 531.65, 528.96, 531.65, 557.24, 531.65, 28.29, 12.51
6.40, 6, white car, 526.37, 525.17, 555.40, 538.02, 540.88, 531.60, 526.37, 531.60, 555.40, 531.60, 29.03, 12.85
6.43, 6, white car, 524.45, 524.95, 553.35, 537.73, 538.90, 531.34, 524.45, 531.34, 553.35, 531.34, 28.89, 12.78
6.47, 6, white car, 521.96, 524.78, 551.03, 537.65, 536.50, 531.22, 521.96, 531.22, 551.03, 531.22, 29.07, 12.87
6.50, 6, white car, 519.25, 524.49, 548.75, 537.59, 534.00, 531.04, 519.25, 531.04, 548.75, 531.04, 29.50, 13.10
6.53, 6, white car, 516.72, 524.35, 546.13, 537.42, 531.43, 530.89, 516.72, 530.89, 546.13, 530.89, 29.41, 13.08
6.57, 6, white car, 514.41, 524.39, 543.82, 537.50, 529.12, 530.95, 514.41, 530.95, 543.82, 530.95, 29.42, 13.11
6.60, 6, white car, 512.07, 524.09, 542.03, 537.47, 527.05, 530.78, 512.07, 530.78, 542.03, 530.78, 29.96, 13.37
6.63, 6, white car, 509.89, 523.87, 539.93, 537.29, 524.91, 530.58, 509.89, 530.58, 539.93, 530.58, 30.05, 13.42
6.67, 6, white car, 507.48, 523.70, 537.54, 537.13, 522.51, 530.42, 507.48, 530.42, 537.54, 530.42, 30.06, 13.43
6.70, 5, white car, 612.74, 523.49, 643.95, 537.18, 628.35, 530.33, 612.74, 530.33, 643.95, 530.33, 31.21, 13.69
6.70, 6, white car, 505.10, 523.48, 535.47, 537.06, 520.28, 530.27, 505.10, 530.27, 535.47, 530.27, 30.38, 13.58
6.73, 5, white car, 609.97, 523.50, 641.39, 537.32, 625.68, 530.41, 609.97, 530.41, 641.39, 530.41, 31.42, 13.82
6.73, 6, white car, 502.66, 523.34, 533.02, 536.90, 517.84, 530.12, 502.66, 530.12, 533.02, 530.12, 30.37, 13.57
6.77, 5, white car, 607.77, 523.47, 638.94, 537.17, 623.35, 530.32, 607.77, 530.32, 638.94, 530.32, 31.18, 13.70
6.77, 6, white car, 500.46, 523.38, 530.45, 536.79, 515.45, 530.09, 500.46, 530.09, 530.45, 530.09, 29.99, 13.41
6.80, 5, white car, 605.23, 523.31, 636.45, 537.04, 620.84, 530.17, 605.23, 530.17, 636.45, 530.17, 31.23, 13.73
6.80, 6, white car, 498.04, 523.18, 528.23, 536.71, 513.13, 529.94, 498.04, 529.94, 528.23, 529.94, 30.19, 13.53
6.83, 5, white car, 603.01, 523.36, 633.82, 536.92, 618.42, 530.14, 603.01, 530.14, 633.82, 530.14, 30.81, 13.57
6.83, 6, white car, 495.76, 523.06, 525.74, 536.47, 510.75, 529.77, 495.76, 529.77, 525.74, 529.77, 29.98, 13.42
6.87, 5, white car, 600.69, 523.30, 631.44, 536.86, 616.06, 530.08, 600.69, 530.08, 631.44, 530.08, 30.74, 13.56
6.87, 6, white car, 493.61, 522.90, 523.61, 536.32, 508.61, 529.61, 493.61, 529.61, 523.61, 529.61, 29.99, 13.43
6.90, 5, white car, 598.11, 523.27, 629.18, 537.01, 613.65, 530.14, 598.11, 530.14, 629.18, 530.14, 31.08, 13.74
6.90, 6, white car, 491.14, 522.68, 521.43, 536.26, 506.28, 529.47, 491.14, 529.47, 521.43, 529.47, 30.29, 13.58
6.93, 5, white car, 595.43, 523.30, 626.51, 537.05, 610.97, 530.17, 595.43, 530.17, 626.51, 530.17, 31.08, 13.76
6.93, 6, white car, 488.97, 522.82, 518.76, 536.15, 503.86, 529.49, 488.97, 529.49, 518.76, 529.49, 29.79, 13.33
6.97, 5, white car, 593.17, 523.20, 624.14, 536.90, 608.65, 530.05, 593.17, 530.05, 624.14, 530.05, 30.97, 13.70
6.97, 6, white car, 487.11, 522.80, 516.46, 535.92, 501.79, 529.36, 487.11, 529.36, 516.46, 529.36, 29.35, 13.13
7.00, 5, white car, 590.86, 523.09, 621.75, 536.78, 606.31, 529.93, 590.86, 529.93, 621.75, 529.93, 30.89, 13.68
7.00, 6, white car, 484.63, 522.65, 514.21, 535.91, 499.42, 529.28, 484.63, 529.28, 514.21, 529.28, 29.58, 13.26
7.03, 5, white car, 588.34, 523.11, 619.02, 536.73, 603.68, 529.92, 588.34, 529.92, 619.02, 529.92, 30.68, 13.61
7.03, 6, white car, 482.52, 522.55, 512.20, 535.84, 497.36, 529.19, 482.52, 529.19, 512.20, 529.19, 29.67, 13.29
7.07, 5, white car, 586.21, 523.16, 616.83, 536.76, 601.52, 529.96, 586.21, 529.96, 616.83, 529.96, 30.62, 13.60
7.07, 6, white car, 480.21, 522.36, 510.12, 535.76, 495.16, 529.06, 480.21, 529.06, 510.12, 529.06, 29.91, 13.40
7.10, 5, white car, 583.77, 523.26, 614.07, 536.74, 598.92, 530.00, 583.77, 530.00, 614.07, 530.00, 30.30, 13.47
7.10, 6, white car, 477.88, 522.17, 507.86, 535.64, 492.87, 528.90, 477.88, 528.90, 507.86, 528.90, 29.98, 13.47
7.13, 5, white car, 581.57, 523.42, 611.32, 536.64, 596.45, 530.03, 581.57, 530.03, 611.32, 530.03, 29.75, 13.22
7.13, 6, white car, 475.45, 521.94, 505.50, 535.45, 490.47, 528.70, 475.45, 528.70, 505.50, 528.70, 30.05, 13.51
7.17, 5, white car, 579.27, 523.34, 609.06, 536.56, 594.16, 529.95, 579.27, 529.95, 609.06, 529.95, 29.80, 13.22
7.17, 6, white car, 473.29, 521.70, 503.36, 535.25, 488.32, 528.48, 473.29, 528.48, 503.36, 528.48, 30.07, 13.54
7.20, 5, white car, 576.60, 523.02, 606.99, 536.56, 591.80, 529.79, 576.60, 529.79, 606.99, 529.79, 30.40, 13.54
7.20, 6, white car, 471.31, 521.52, 501.19, 535.02, 486.25, 528.27, 471.31, 528.27, 501.19, 528.27, 29.89, 13.50
7.23, 5, white car, 574.01, 522.85, 604.42, 536.42, 589.22, 529.64, 574.01, 529.64, 604.42, 529.64, 30.42, 13.58
7.23, 6, white car, 469.06, 521.43, 499.06, 535.00, 484.06, 528.22, 469.06, 528.22, 499.06, 528.22, 30.01, 13.58
7.27, 5, white car, 571.82, 522.82, 602.06, 536.32, 586.94, 529.57, 571.82, 529.57, 602.06, 529.57, 30.24, 13.50
7.27, 6, white car, 466.90, 521.33, 496.97, 534.92, 481.93, 528.13, 466.90, 528.13, 496.97, 528.13, 30.07, 13.60
7.30, 5, white car, 569.25, 522.70, 599.61, 536.31, 584.43, 529.51, 569.25, 529.51, 599.61, 529.51, 30.36, 13.61
7.30, 6, white car, 464.93, 521.03, 494.65, 534.45, 479.79, 527.74, 464.93, 527.74, 494.65, 527.74, 29.72, 13.42
7.33, 5, white car, 566.86, 522.62, 597.38, 536.32, 582.12, 529.47, 566.86, 529.47, 597.38, 529.47, 30.53, 13.70
7.33, 6, white car, 462.62, 520.85, 492.21, 534.20, 477.41, 527.52, 462.62, 527.52, 492.21, 527.52, 29.59, 13.35
7.37, 5, white car, 563.91, 522.18, 595.23, 536.27, 579.57, 529.23, 563.91, 529.23, 595.23, 529.23, 31.31, 14.09
7.37, 6, white car, 460.76, 520.83, 490.05, 534.03, 475.41, 527.43, 460.76, 527.43, 490.05, 527.43, 29.28, 13.20
7.40, 5, white car, 561.48, 521.98, 592.94, 536.23, 577.21, 529.10, 561.48, 529.10, 592.94, 529.10, 31.46, 14.25
7.40, 6, white car, 458.55, 520.78, 487.62, 533.88, 473.08, 527.33, 458.55, 527.33, 487.62, 527.33, 29.07, 13.10
7.43, 5, white car, 559.17, 521.82, 590.59, 536.11, 574.88, 528.97, 559.17, 528.97, 590.59, 528.97, 31.42, 14.30
7.43, 6, white car, 455.92, 521.00, 485.08, 534.08, 470.50, 527.54, 455.92, 527.54, 485.08, 527.54, 29.16, 13.08
7.47, 5, white car, 557.16, 521.64, 588.65, 536.01, 572.91, 528.83, 557.16, 528.83, 588.65, 528.83, 31.49, 14.37
7.47, 6, white car, 453.61, 521.07, 483.08, 534.25, 468.34, 527.66, 453.61, 527.66, 483.08, 527.66, 29.47, 13.18
7.50, 5, white car, 554.92, 521.67, 586.22, 536.01, 570.57, 528.84, 554.92, 528.84, 586.22, 528.84, 31.30, 14.33
7.50, 6, white car, 451.75, 521.00, 480.76, 533.92, 466.26, 527.46, 451.75, 527.46, 480.76, 527.46, 29.01, 12.92
7.53, 5, white car, 552.56, 521.69, 583.91, 536.08, 568.23, 528.88, 552.56, 528.88, 583.91, 528.88, 31.35, 14.39
7.53, 6, white car, 449.93, 520.62, 478.89, 533.47, 464.41, 527.04, 449.93, 527.04, 478.89, 527.04, 28.96, 12.85
7.57, 5, white car, 550.27, 521.49, 581.87, 536.04, 566.07, 528.77, 550.27, 528.77, 581.87, 528.77, 31.59, 14.54
7.57, 6, white car, 447.68, 520.50, 476.69, 533.34, 462.19, 526.92, 447.68, 526.92, 476.69, 526.92, 29.01, 12.84
7.60, 5, white car, 548.28, 521.31, 579.63, 535.78, 563.95, 528.54, 548.28, 528.54, 579.63, 528.54, 31.35, 14.47
7.60, 6, white car, 445.78, 520.44, 474.67, 533.19, 460.22, 526.82, 445.78, 526.82, 474.67, 526.82, 28.88, 12.76
7.63, 5, white car, 545.86, 521.17, 577.11, 535.66, 561.48, 528.42, 545.86, 528.42, 577.11, 528.42, 31.25, 14.49
7.63, 6, white car, 443.53, 520.23, 472.43, 532.99, 457.98, 526.61, 443.53, 526.61, 472.43, 526.61, 28.90, 12.76
7.67, 5, white car, 543.72, 521.05, 574.92, 535.56, 559.32, 528.31, 543.72, 528.31, 574.92, 528.31, 31.20, 14.51
7.67, 6, white car, 440.63, 519.88, 470.43, 533.05, 455.53, 526.46, 440.63, 526.46, 470.43, 526.46, 29.80, 13.17
7.70, 5, white car, 541.40, 521.09, 572.20, 535.45, 556.80, 528.27, 541.40, 528.27, 572.20, 528.27, 30.79, 14.36
7.70, 6, white car, 438.31, 519.71, 468.29, 532.97, 453.30, 526.34, 438.31, 526.34, 468.29, 526.34, 29.98, 13.26
7.73, 5, white car, 538.85, 521.08, 569.72, 535.50, 554.29, 528.29, 538.85, 528.29, 569.72, 528.29, 30.87, 14.42
7.73, 6, white car, 436.25, 519.42, 466.04, 532.62, 451.15, 526.02, 436.25, 526.02, 466.04, 526.02, 29.79, 13.20
7.77, 5, white car, 536.55, 521.12, 567.00, 535.34, 551.78, 528.23, 536.55, 528.23, 567.00, 528.23, 30.45, 14.23
7.77, 6, white car, 434.46, 519.41, 464.01, 532.52, 449.24, 525.96, 434.46, 525.96, 464.01, 525.96, 29.55, 13.11
7.80, 5, white car, 534.40, 521.04, 564.63, 535.17, 549.52, 528.10, 534.40, 528.10, 564.63, 528.10, 30.23, 14.14
7.80, 6, white car, 432.27, 519.36, 461.89, 532.51, 447.08, 525.93, 432.27, 525.93, 461.89, 525.93, 29.62, 13.16
7.83, 5, white car, 532.17, 520.84, 562.06, 534.82, 547.11, 527.83, 532.17, 527.83, 562.06, 527.83, 29.89, 13.98
7.83, 6, white car, 429.87, 519.19, 459.27, 532.24, 444.57, 525.71, 429.87, 525.71, 459.27, 525.71, 29.40, 13.05
7.87, 5, white car, 529.95, 520.82, 559.68, 534.74, 544.82, 527.78, 529.95, 527.78, 559.68, 527.78, 29.73, 13.93
7.87, 6, white car, 427.86, 519.04, 456.97, 531.94, 442.42, 525.49, 427.86, 525.49, 456.97, 525.49, 29.11, 12.90
7.90, 5, white car, 527.80, 520.73, 557.57, 534.69, 542.69, 527.71, 527.80, 527.71, 557.57, 527.71, 29.77, 13.96
7.90, 6, white car, 425.51, 518.83, 454.75, 531.76, 440.13, 525.30, 425.51, 525.30, 454.75, 525.30, 29.24, 12.93
7.93, 5, white car, 525.45, 520.51, 555.56, 534.64, 540.51, 527.58, 525.45, 527.58, 555.56, 527.58, 30.11, 14.13
7.93, 6, white car, 423.41, 518.63, 452.78, 531.63, 438.09, 525.13, 423.41, 525.13, 452.78, 525.13, 29.37, 13.00
7.97, 5, white car, 523.40, 520.39, 553.58, 534.58, 538.49, 527.49, 523.40, 527.49, 553.58, 527.49, 30.18, 14.19
7.97, 6, white car, 421.72, 518.52, 450.84, 531.40, 436.28, 524.96, 421.72, 524.96, 450.84, 524.96, 29.12, 12.88
8.00, 5, white car, 521.27, 520.16, 551.34, 534.31, 536.31, 527.24, 521.27, 527.24, 551.34, 527.24, 30.06, 14.15
8.00, 6, white car, 419.80, 518.28, 449.06, 531.22, 434.43, 524.75, 419.80, 524.75, 449.06, 524.75, 29.26, 12.94
8.03, 5, white car, 518.97, 520.02, 548.93, 534.14, 533.95, 527.08, 518.97, 527.08, 548.93, 527.08, 29.95, 14.12
8.03, 6, white car, 418.12, 518.23, 447.30, 531.13, 432.71, 524.68, 418.12, 524.68, 447.30, 524.68, 29.18, 12.90
8.07, 5, white car, 516.68, 519.96, 546.67, 534.09, 531.68, 527.02, 516.68, 527.02, 546.67, 527.02, 29.99, 14.13
8.07, 6, white car, 415.99, 518.24, 444.79, 530.96, 430.39, 524.60, 415.99, 524.60, 444.79, 524.60, 28.80, 12.72
8.10, 5, white car, 514.54, 519.95, 544.21, 533.95, 529.38, 526.95, 514.54, 526.95, 544.21, 526.95, 29.67, 14.00
8.10, 6, white car, 413.33, 518.01, 442.65, 530.95, 427.99, 524.48, 413.33, 524.48, 442.65, 524.48, 29.32, 12.94
8.13, 5, white car, 511.71, 519.23, 542.53, 533.80, 527.12, 526.52, 511.71, 526.52, 542.53, 526.52, 30.82, 14.57
8.13, 6, white car, 410.99, 517.84, 440.37, 530.80, 425.68, 524.32, 410.99, 524.32, 440.37, 524.32, 29.38, 12.96
8.17, 5, white car, 509.59, 518.89, 541.00, 533.76, 525.29, 526.32, 509.59, 526.32, 541.00, 526.32, 31.41, 14.87
8.17, 6, white car, 408.87, 517.69, 438.18, 530.62, 423.53, 524.16, 408.87, 524.16, 438.18, 524.16, 29.30, 12.93
8.20, 5, white car, 507.60, 518.90, 538.49, 533.54, 523.05, 526.22, 507.60, 526.22, 538.49, 526.22, 30.89, 14.63
8.20, 6, white car, 406.91, 517.57, 436.23, 530.48, 421.57, 524.02, 406.91, 524.02, 436.23, 524.02, 29.32, 12.91
8.23, 5, white car, 505.31, 518.70, 536.05, 533.25, 520.68, 525.98, 505.31, 525.98, 536.05, 525.98, 30.74, 14.55
8.23, 6, white car, 404.70, 517.38, 434.30, 530.35, 419.50, 523.87, 404.70, 523.87, 434.30, 523.87, 29.60, 12.98
8.27, 5, white car, 503.15, 518.66, 533.77, 533.11, 518.46, 525.88, 503.15, 525.88, 533.77, 525.88, 30.61, 14.45
8.27, 6, white car, 402.38, 517.09, 432.31, 530.23, 417.35, 523.66, 402.38, 523.66, 432.31, 523.66, 29.92, 13.13
8.30, 5, white car, 501.14, 518.67, 531.66, 533.03, 516.40, 525.85, 501.14, 525.85, 531.66, 525.85, 30.53, 14.36
8.30, 6, white car, 400.45, 517.06, 430.47, 530.26, 415.46, 523.66, 400.45, 523.66, 430.47, 523.66, 30.02, 13.19
8.33, 5, white car, 498.94, 518.81, 529.35, 533.09, 514.14, 525.95, 498.94, 525.95, 529.35, 525.95, 30.41, 14.29
8.33, 6, white car, 398.48, 516.95, 428.28, 530.04, 413.38, 523.49, 398.48, 523.49, 428.28, 523.49, 29.80, 13.10
8.37, 5, white car, 496.27, 518.82, 527.29, 533.36, 511.78, 526.09, 496.27, 526.09, 527.29, 526.09, 31.02, 14.54
8.37, 6, white car, 396.50, 516.69, 426.28, 529.80, 411.39, 523.25, 396.50, 523.25, 426.28, 523.25, 29.79, 13.11
8.40, 5, white car, 494.16, 518.77, 525.14, 533.25, 509.65, 526.01, 494.16, 526.01, 525.14, 526.01, 30.98, 14.49
8.40, 6, white car, 394.59, 516.54, 423.95, 529.47, 409.27, 523.01, 394.59, 523.01, 423.95, 523.01, 29.36, 12.92
8.43, 5, white car, 491.84, 518.37, 522.88, 532.88, 507.36, 525.63, 491.84, 525.63, 522.88, 525.63, 31.04, 14.50
8.43, 6, white car, 392.77, 516.40, 421.83, 529.19, 407.30, 522.80, 392.77, 522.80, 421.83, 522.80, 29.06, 12.79
8.47, 5, white car, 489.79, 518.18, 520.88, 532.71, 505.33, 525.44, 489.79, 525.44, 520.88, 525.44, 31.08, 14.52
8.47, 6, white car, 390.99, 516.29, 419.84, 528.97, 405.42, 522.63, 390.99, 522.63, 419.84, 522.63, 28.85, 12.68
8.50, 5, white car, 487.81, 518.31, 518.65, 532.72, 503.23, 525.52, 487.81, 525.52, 518.65, 525.52, 30.84, 14.40
8.50, 6, white car, 388.99, 516.08, 417.89, 528.83, 403.44, 522.45, 388.99, 522.45, 417.89, 522.45, 28.89, 12.75
8.53, 5, white car, 485.91, 518.32, 516.48, 532.58, 501.20, 525.45, 485.91, 525.45, 516.48, 525.45, 30.56, 14.26
8.53, 6, white car, 386.06, 515.75, 415.62, 528.82, 400.84, 522.29, 386.06, 522.29, 415.62, 522.29, 29.56, 13.06
8.57, 5, white car, 483.60, 518.21, 513.82, 532.28, 498.71, 525.25, 483.60, 525.25, 513.82, 525.25, 30.22, 14.07
8.57, 6, white car, 383.95, 515.53, 413.32, 528.53, 398.63, 522.03, 383.95, 522.03, 413.32, 522.03, 29.37, 13.00
8.60, 5, white car, 481.59, 518.33, 511.41, 532.17, 496.50, 525.25, 481.59, 525.25, 511.41, 525.25, 29.82, 13.85
8.60, 6, white car, 381.62, 515.21, 411.17, 528.29, 396.40, 521.75, 381.62, 521.75, 411.17, 521.75, 29.55, 13.08
8.63, 5, white car, 479.33, 518.36, 509.12, 532.17, 494.22, 525.26, 479.33, 525.26, 509.12, 525.26, 29.78, 13.82
8.63, 6, white car, 379.40, 515.09, 408.96, 528.19, 394.18, 521.64, 379.40, 521.64, 408.96, 521.64, 29.57, 13.10
8.67, 5, white car, 476.89, 517.96, 507.20, 532.03, 492.05, 524.99, 476.89, 524.99, 507.20, 524.99, 30.31, 14.07
8.67, 6, white car, 376.71, 514.68, 406.87, 528.07, 391.79, 521.38, 376.71, 521.38, 406.87, 521.38, 30.16, 13.38
8.70, 5, white car, 474.76, 517.67, 505.51, 531.96, 490.13, 524.82, 474.76, 524.82, 505.51, 524.82, 30.74, 14.28
8.70, 6, white car, 374.25, 514.39, 404.88, 528.00, 389.56, 521.19, 374.25, 521.19, 404.88, 521.19, 30.63, 13.61
8.73, 5, white car, 472.09, 517.42, 503.72, 532.19, 487.90, 524.80, 472.09, 524.80, 503.72, 524.80, 31.63, 14.78
8.73, 6, white car, 372.01, 514.04, 402.77, 527.70, 387.39, 520.87, 372.01, 520.87, 402.77, 520.87, 30.76, 13.66
8.77, 5, white car, 470.08, 517.33, 501.60, 532.08, 485.84, 524.70, 470.08, 524.70, 501.60, 524.70, 31.52, 14.75
8.77, 6, white car, 369.90, 513.86, 400.68, 527.50, 385.29, 520.68, 369.90, 520.68, 400.68, 520.68, 30.78, 13.63
8.80, 5, white car, 467.83, 517.05, 499.58, 531.95, 483.70, 524.50, 467.83, 524.50, 499.58, 524.50, 31.75, 14.91
8.80, 6, white car, 368.41, 513.89, 398.90, 527.38, 383.66, 520.64, 368.41, 520.64, 398.90, 520.64, 30.49, 13.49
8.83, 5, white car, 465.87, 516.99, 497.26, 531.72, 481.57, 524.36, 465.87, 524.36, 497.26, 524.36, 31.39, 14.73
8.83, 6, white car, 366.75, 513.81, 397.13, 527.29, 381.94, 520.55, 366.75, 520.55, 397.13, 520.55, 30.37, 13.49
8.87, 5, white car, 463.67, 516.95, 495.08, 531.69, 479.37, 524.32, 463.67, 524.32, 495.08, 524.32, 31.42, 14.75
8.87, 6, white car, 364.76, 513.58, 395.20, 527.15, 379.98, 520.37, 364.76, 520.37, 395.20, 520.37, 30.44, 13.57
8.90, 5, white car, 461.52, 516.79, 493.16, 531.65, 477.34, 524.22, 461.52, 524.22, 493.16, 524.22, 31.64, 14.86
8.90, 6, white car, 362.76, 513.48, 393.17, 527.08, 377.96, 520.28, 362.76, 520.28, 393.17, 520.28, 30.41, 13.60
8.93, 5, white car, 459.59, 516.62, 491.15, 531.46, 475.37, 524.04, 459.59, 524.04, 491.15, 524.04, 31.56, 14.84
8.93, 6, white car, 361.01, 513.40, 391.09, 526.88, 376.05, 520.14, 361.01, 520.14, 391.09, 520.14, 30.08, 13.48
8.97, 5, white car, 457.40, 516.60, 489.02, 531.47, 473.21, 524.04, 457.40, 524.04, 489.02, 524.04, 31.62, 14.87
8.97, 6, white car, 358.77, 513.32, 388.51, 526.66, 373.64, 519.99, 358.77, 519.99, 388.51, 519.99, 29.74, 13.34
9.00, 5, white car, 455.22, 516.54, 486.76, 531.37, 470.99, 523.96, 455.22, 523.96, 486.76, 523.96, 31.55, 14.83
9.00, 6, white car, 356.77, 513.17, 386.07, 526.32, 371.42, 519.75, 356.77, 519.75, 386.07, 519.75, 29.30, 13.15
9.03, 5, white car, 453.46, 516.54, 484.48, 531.09, 468.97, 523.82, 453.46, 523.82, 484.48, 523.82, 31.02, 14.55
9.03, 6, white car, 354.93, 512.86, 384.34, 526.05, 369.64, 519.45, 354.93, 519.45, 384.34, 519.45, 29.41, 13.19
9.07, 5, white car, 451.43, 516.54, 482.10, 530.93, 466.76, 523.74, 451.43, 523.74, 482.10, 523.74, 30.67, 14.39
9.07, 6, white car, 353.00, 512.76, 382.77, 526.11, 367.88, 519.44, 353.00, 519.44, 382.77, 519.44, 29.77, 13.35
9.10, 5, white car, 448.88, 516.38, 480.08, 531.03, 464.48, 523.71, 448.88, 523.71, 480.08, 523.71, 31.20, 14.65
9.10, 6, white car, 351.18, 512.64, 381.23, 526.05, 366.20, 519.34, 351.18, 519.34, 381.23, 519.34, 30.05, 13.41
9.13, 5, white car, 447.07, 516.37, 477.72, 530.73, 462.39, 523.55, 447.07, 523.55, 477.72, 523.55, 30.64, 14.37
9.13, 6, white car, 349.54, 512.61, 379.95, 526.08, 364.74, 519.34, 349.54, 519.34, 379.95, 519.34, 30.41, 13.48
9.17, 5, white car, 445.19, 516.25, 475.87, 530.62, 460.53, 523.43, 445.19, 523.43, 475.87, 523.43, 30.68, 14.36
9.17, 6, white car, 347.12, 512.54, 377.41, 525.92, 362.26, 519.23, 347.12, 519.23, 377.41, 519.23, 30.29, 13.38
9.20, 5, white car, 442.75, 516.01, 473.87, 530.59, 458.31, 523.30, 442.75, 523.30, 473.87, 523.30, 31.12, 14.58
9.20, 6, white car, 344.17, 512.49, 374.45, 525.77, 359.31, 519.13, 344.17, 519.13, 374.45, 519.13, 30.28, 13.28
9.23, 5, white car, 440.62, 515.85, 471.46, 530.31, 456.04, 523.08, 440.62, 523.08, 471.46, 523.08, 30.85, 14.46
9.23, 6, white car, 341.29, 512.54, 370.51, 525.30, 355.90, 518.92, 341.29, 518.92, 370.51, 518.92, 29.21, 12.76
9.27, 5, white car, 438.78, 515.72, 469.48, 530.10, 454.13, 522.91, 438.78, 522.91, 469.48, 522.91, 30.70, 14.38
9.27, 6, white car, 339.00, 512.60, 367.04, 524.87, 353.02, 518.74, 339.00, 518.74, 367.04, 518.74, 28.05, 12.27
9.30, 5, white car, 436.60, 515.43, 467.61, 529.97, 452.10, 522.70, 436.60, 522.70, 467.61, 522.70, 31.02, 14.54
9.30, 6, white car, 337.74, 512.62, 365.62, 524.84, 351.68, 518.73, 337.74, 518.73, 365.62, 518.73, 27.88, 12.22
9.33, 5, white car, 434.62, 515.41, 465.39, 529.86, 450.00, 522.64, 434.62, 522.64, 465.39, 522.64, 30.78, 14.45
9.33, 6, white car, 336.49, 512.38, 364.54, 524.68, 350.51, 518.53, 336.49, 518.53, 364.54, 518.53, 28.06, 12.30
9.37, 5, white car, 432.62, 515.22, 463.32, 529.64, 447.97, 522.43, 432.62, 522.43, 463.32, 522.43, 30.70, 14.42
9.37, 6, white car, 334.96, 512.19, 363.39, 524.66, 349.17, 518.42, 334.96, 518.42, 363.39, 518.42, 28.43, 12.47
9.40, 5, white car, 430.53, 514.95, 461.54, 529.54, 446.03, 522.24, 430.53, 522.24, 461.54, 522.24, 31.01, 14.59
9.40, 6, white car, 332.93, 512.06, 361.50, 524.62, 347.21, 518.34, 332.93, 518.34, 361.50, 518.34, 28.57, 12.55
9.43, 5, white car, 428.22, 514.70, 459.36, 529.37, 443.79, 522.03, 428.22, 522.03, 459.36, 522.03, 31.14, 14.67
9.43, 6, white car, 331.01, 511.92, 359.70, 524.56, 345.36, 518.24, 331.01, 518.24, 359.70, 518.24, 28.69, 12.64
9.47, 5, white car, 426.07, 514.58, 457.19, 529.27, 441.63, 521.92, 426.07, 521.92, 457.19, 521.92, 31.13, 14.69
9.47, 6, white car, 328.91, 511.80, 357.91, 524.61, 343.41, 518.20, 328.91, 518.20, 357.91, 518.20, 29.00, 12.81
9.50, 5, white car, 423.95, 514.36, 455.03, 529.05, 439.49, 521.70, 423.95, 521.70, 455.03, 521.70, 31.08, 14.69
9.50, 6, white car, 326.68, 511.55, 356.14, 524.63, 341.41, 518.09, 326.68, 518.09, 356.14, 518.09, 29.45, 13.08
9.53, 5, white car, 422.00, 514.23, 452.83, 528.81, 437.41, 521.52, 422.00, 521.52, 452.83, 521.52, 30.83, 14.58
9.53, 6, white car, 324.71, 511.42, 354.23, 524.57, 339.47, 518.00, 324.71, 518.00, 354.23, 518.00, 29.52, 13.15
9.57, 5, white car, 420.18, 514.25, 450.78, 528.72, 435.48, 521.48, 420.18, 521.48, 450.78, 521.48, 30.60, 14.47
9.57, 6, white car, 322.96, 511.42, 352.22, 524.49, 337.59, 517.96, 322.96, 517.96, 352.22, 517.96, 29.25, 13.06
9.60, 5, white car, 417.99, 513.97, 448.94, 528.63, 433.47, 521.30, 417.99, 521.30, 448.94, 521.30, 30.95, 14.66
9.60, 6, white car, 321.15, 511.18, 350.63, 524.37, 335.89, 517.78, 321.15, 517.78, 350.63, 517.78, 29.48, 13.19
9.63, 5, white car, 415.73, 513.55, 447.18, 528.50, 431.46, 521.02, 415.73, 521.02, 447.18, 521.02, 31.45, 14.95
9.63, 6, white car, 319.11, 510.84, 348.59, 524.06, 333.85, 517.45, 319.11, 517.45, 348.59, 517.45, 29.48, 13.22
9.67, 5, white car, 413.78, 513.49, 445.04, 528.34, 429.41, 520.91, 413.78, 520.91, 445.04, 520.91, 31.26, 14.86
9.67, 6, white car, 317.47, 510.66, 346.50, 523.70, 331.98, 517.18, 317.47, 517.18, 346.50, 517.18, 29.03, 13.05
9.70, 5, white car, 411.63, 513.47, 442.77, 528.29, 427.20, 520.88, 411.63, 520.88, 442.77, 520.88, 31.14, 14.82
9.70, 6, white car, 315.70, 510.52, 344.91, 523.65, 330.31, 517.08, 315.70, 517.08, 344.91, 517.08, 29.21, 13.12
9.73, 5, white car, 409.98, 513.39, 440.55, 527.94, 425.27, 520.67, 409.98, 520.67, 440.55, 520.67, 30.58, 14.55
9.73, 6, white car, 314.37, 510.18, 344.06, 523.44, 329.22, 516.81, 314.37, 516.81, 344.06, 516.81, 29.69, 13.26
9.77, 5, white car, 408.10, 513.29, 438.54, 527.78, 423.32, 520.53, 408.10, 520.53, 438.54, 520.53, 30.45, 14.49
9.77, 6, white car, 312.37, 510.00, 341.80, 523.03, 327.09, 516.52, 312.37, 516.52, 341.80, 516.52, 29.42, 13.03
9.80, 5, white car, 406.02, 513.20, 436.54, 527.71, 421.28, 520.46, 406.02, 520.46, 436.54, 520.46, 30.52, 14.51
9.80, 6, white car, 310.09, 509.82, 340.03, 523.03, 325.06, 516.42, 310.09, 516.42, 340.03, 516.42, 29.95, 13.21
9.83, 5, white car, 403.90, 513.03, 434.79, 527.74, 419.34, 520.39, 403.90, 520.39, 434.79, 520.39, 30.89, 14.71
9.83, 6, white car, 307.64, 509.69, 337.46, 522.84, 322.55, 516.26, 307.64, 516.26, 337.46, 516.26, 29.82, 13.16
9.87, 5, white car, 402.03, 512.82, 432.96, 527.58, 417.49, 520.20, 402.03, 520.20, 432.96, 520.20, 30.93, 14.76
9.87, 6, white car, 305.32, 509.52, 335.00, 522.62, 320.16, 516.07, 305.32, 516.07, 335.00, 516.07, 29.68, 13.10
9.90, 5, white car, 400.24, 512.67, 431.02, 527.38, 415.63, 520.03, 400.24, 520.03, 431.02, 520.03, 30.78, 14.71
9.90, 6, white car, 303.56, 509.50, 332.67, 522.39, 318.11, 515.94, 303.56, 515.94, 332.67, 515.94, 29.12, 12.88
9.93, 5, white car, 398.24, 512.59, 428.90, 527.26, 413.57, 519.93, 398.24, 519.93, 428.90, 519.93, 30.66, 14.67
9.93, 6, white car, 301.34, 509.33, 330.63, 522.34, 315.99, 515.84, 301.34, 515.84, 330.63, 515.84, 29.29, 13.01
9.97, 5, white car, 396.35, 512.40, 426.95, 527.05, 411.65, 519.72, 396.35, 519.72, 426.95, 519.72, 30.60, 14.65
9.97, 6, white car, 299.67, 509.23, 329.05, 522.32, 314.36, 515.78, 299.67, 515.78, 329.05, 515.78, 29.38, 13.09
