5.37, 25, black car, 1229.53, 512.76, 1260.00, 525.90, 1244.76, 519.33, 1229.53, 519.33, 1260.00, 519.33, 30.47, 13.14
5.40, 25, black car, 1226.08, 513.50, 1255.31, 526.13, 1240.70, 519.81, 1226.08, 519.81, 1255.31, 519.81, 29.23, 12.63
5.43, 25, black car, 1222.64, 513.95, 1251.63, 526.52, 1237.14, 520.24, 1222.64, 520.24, 1251.63, 520.24, 28.99, 12.57
5.47, 25, black car, 1219.12, 514.13, 1248.81, 527.05, 1233.97, 520.59, 1219.12, 520.59, 1248.81, 520.59, 29.69, 12.92
5.50, 25, black car, 1216.33, 514.59, 1245.57, 527.31, 1230.95, 520.95, 1216.33, 520.95, 1245.57, 520.95, 29.24, 12.72
5.53, 25, black car, 1212.70, 514.89, 1242.14, 527.69, 1227.42, 521.29, 1212.70, 521.29, 1242.14, 521.29, 29.44, 12.80
5.57, 25, black car, 1209.54, 515.07, 1238.77, 527.80, 1224.16, 521.44, 1209.54, 521.44, 1238.77, 521.44, 29.24, 12.72
5.60, 25, black car, 1205.80, 515.07, 1235.47, 527.98, 1220.63, 521.52, 1205.80, 521.52, 1235.47, 521.52, 29.68, 12.91
5.63, 27, black car, 1343.50, 517.20, 1372.19, 529.47, 1357.85, 523.34, 1343.50, 523.34, 1372.19, 523.34, 28.69, 12.27
5.63, 25, black car, 1202.87, 515.20, 1232.47, 528.06, 1217.67, 521.63, 1202.87, 521.63, 1232.47, 521.63, 29.60, 12.86
5.67, 27, black car, 1340.36, 517.17, 1369.60, 529.66, 1354.98, 523.41, 1340.36, 523.41, 1369.60, 523.41, 29.24, 12.49
5.67, 25, black car, 1199.89, 515.51, 1228.89, 528.03, 1214.39, 521.77, 1199.89, 521.77, 1228.89, 521.77, 29.01, 12.52
5.70, 27, black car, 1337.21, 517.28, 1366.37, 529.73, 1351.79, 523.51, 1337.21, 523.51, 1366.37, 523.51, 29.17, 12.45
5.70, 25, black car, 1196.30, 515.86, 1225.14, 528.27, 1210.72, 522.07, 1196.30, 522.07, 1225.14, 522.07, 28.84, 12.40
5.73, 27, black car, 1334.31, 517.37, 1363.38, 529.78, 1348.85, 523.57, 1334.31, 523.57, 1363.38, 523.57, 29.07, 12.40
5.73, 25, black car, 1193.09, 516.14, 1221.60, 528.31, 1207.34, 522.23, 1193.09, 522.23, 1221.60, 522.23, 28.51, 12.17
5.77, 27, black car, 1331.30, 517.34, 1360.52, 529.80, 1345.91, 523.57, 1331.30, 523.57, 1360.52, 523.57, 29.21, 12.46
5.77, 25, black car, 1189.56, 516.28, 1217.87, 528.33, 1203.71, 522.30, 1189.56, 522.30, 1217.87, 522.30, 28.31, 12.05
5.80, 27, black car, 1328.90, 517.71, 1357.69, 529.99, 1343.29, 523.85, 1328.90, 523.85, 1357.69, 523.85, 28.80, 12.28
5.80, 25, black car, 1186.27, 516.66, 1214.21, 528.50, 1200.24, 522.58, 1186.27, 522.58, 1214.21, 522.58, 27.94, 11.85
5.83, 27, black car, 1326.38, 517.93, 1354.82, 530.01, 1340.60, 523.97, 1326.38, 523.97, 1354.82, 523.97, 28.44, 12.08
5.83, 25, black car, 1183.05, 517.21, 1210.40, 528.74, 1196.73, 522.98, 1183.05, 522.98, 1210.40, 522.98, 27.35, 11.54
5.87, 27, black car, 1323.79, 518.24, 1351.55, 529.99, 1337.67, 524.12, 1323.79, 524.12, 1351.55, 524.12, 27.77, 11.75
5.87, 25, black car, 1179.61, 517.49, 1207.03, 529.03, 1193.32, 523.26, 1179.61, 523.26, 1207.03, 523.26, 27.42, 11.54
5.90, 27, black car, 1320.03, 518.73, 1347.83, 530.42, 1333.93, 524.58, 1320.03, 524.58, 1347.83, 524.58, 27.80, 11.69
5.90, 25, black car, 1176.71, 517.92, 1203.65, 529.18, 1190.18, 523.55, 1176.71, 523.55, 1203.65, 523.55, 26.94, 11.25
5.93, 27, black car, 1316.83, 519.33, 1344.31, 530.80, 1330.57, 525.06, 1316.83, 525.06, 1344.31, 525.06, 27.49, 11.47
5.93, 25, black car, 1173.78, 518.43, 1200.80, 529.58, 1187.29, 524.01, 1173.78, 524.01, 1200.80, 524.01, 27.01, 11.15
5.97, 27, black car, 1313.89, 519.30, 1341.66, 530.83, 1327.78, 525.06, 1313.89, 525.06, 1341.66, 525.06, 27.77, 11.53
5.97, 25, black car, 1170.75, 518.97, 1197.96, 530.07, 1184.35, 524.52, 1170.75, 524.52, 1197.96, 524.52, 27.21, 11.10
6.00, 27, black car, 1311.03, 519.27, 1338.96, 530.80, 1325.00, 525.04, 1311.03, 525.04, 1338.96, 525.04, 27.93, 11.53
6.00, 25, black car, 1167.29, 519.42, 1194.81, 530.56, 1181.05, 524.99, 1167.29, 524.99, 1194.81, 524.99, 27.52, 11.14
6.03, 27, black car, 1308.24, 519.22, 1336.32, 530.76, 1322.28, 524.99, 1308.24, 524.99, 1336.32, 524.99, 28.08, 11.54
6.03, 25, black car, 1163.85, 519.71, 1191.67, 530.87, 1177.76, 525.29, 1163.85, 525.29, 1191.67, 525.29, 27.82, 11.17
6.07, 27, black car, 1305.59, 519.03, 1334.08, 530.73, 1319.84, 524.88, 1305.59, 524.88, 1334.08, 524.88, 28.49, 11.70
6.07, 25, black car, 1160.24, 519.75, 1188.84, 531.16, 1174.54, 525.46, 1160.24, 525.46, 1188.84, 525.46, 28.60, 11.42
6.10, 27, black car, 1302.70, 519.28, 1331.57, 531.13, 1317.14, 525.20, 1302.70, 525.20, 1331.57, 525.20, 28.87, 11.85
6.10, 25, black car, 1156.39, 519.69, 1185.34, 531.20, 1170.87, 525.44, 1156.39, 525.44, 1185.34, 525.44, 28.95, 11.50
6.13, 27, black car, 1299.77, 519.40, 1328.92, 531.35, 1314.34, 525.37, 1299.77, 525.37, 1328.92, 525.37, 29.14, 11.95
6.13, 25, black car, 1152.48, 519.86, 1181.51, 531.38, 1166.99, 525.62, 1152.48, 525.62, 1181.51, 525.62, 29.03, 11.52
6.17, 27, black car, 1296.13, 519.39, 1325.43, 531.34, 1310.78, 525.36, 1296.13, 525.36, 1325.43, 525.36, 29.31, 11.96
6.17, 25, black car, 1148.84, 519.97, 1178.57, 531.77, 1163.71, 525.87, 1148.84, 525.87, 1178.57, 525.87, 29.73, 11.80
6.20, 27, black car, 1293.08, 519.30, 1322.75, 531.35, 1307.92, 525.32, 1293.08, 525.32, 1322.75, 525.32, 29.67, 12.05
6.20, 25, black car, 1145.37, 520.37, 1175.00, 532.10, 1160.18, 526.23, 1145.37, 526.23, 1175.00, 526.23, 29.64, 11.73
6.23, 27, black car, 1290.39, 519.38, 1320.33, 531.52, 1305.36, 525.45, 1290.39, 525.45, 1320.33, 525.45, 29.94, 12.14
6.23, 25, black car, 1142.03, 520.33, 1172.25, 532.27, 1157.14, 526.30, 1142.03, 526.30, 1172.25, 526.30, 30.22, 11.94
6.27, 27, black car, 1287.46, 519.33, 1318.23, 531.81, 1302.85, 525.57, 1287.46, 525.57, 1318.23, 525.57, 30.77, 12.48
6.27, 25, black car, 1138.73, 520.48, 1168.86, 532.41, 1153.80, 526.45, 1138.73, 526.45, 1168.86, 526.45, 30.12, 11.93
6.30, 27, black car, 1285.10, 519.40, 1315.22, 531.64, 1300.16, 525.52, 1285.10, 525.52, 1315.22, 525.52, 30.11, 12.23
6.30, 25, black car, 1135.47, 520.86, 1165.37, 532.76, 1150.42, 526.81, 1135.47, 526.81, 1165.37, 526.81, 29.89, 11.90
6.33, 27, black car, 1282.24, 519.76, 1312.01, 531.86, 1297.13, 525.81, 1282.24, 525.81, 1312.01, 525.81, 29.77, 12.10
6.33, 25, black car, 1131.97, 521.06, 1161.56, 532.89, 1146.76, 526.98, 1131.97, 526.98, 1161.56, 526.98, 29.60, 11.83
6.37, 27, black car, 1278.68, 519.99, 1309.09, 532.32, 1293.89, 526.16, 1278.68, 526.16, 1309.09, 526.16, 30.42, 12.33
6.37, 25, black car, 1128.53, 521.25, 1158.41, 533.18, 1143.47, 527.21, 1128.53, 527.21, 1158.41, 527.21, 29.88, 11.93
6.40, 27, black car, 1275.63, 520.24, 1306.10, 532.62, 1290.86, 526.43, 1275.63, 526.43, 1306.10, 526.43, 30.48, 12.37
6.40, 25, black car, 1125.63, 521.60, 1155.36, 533.44, 1140.50, 527.52, 1125.63, 527.52, 1155.36, 527.52, 29.73, 11.84
6.43, 27, black car, 1272.76, 520.40, 1302.96, 532.66, 1287.86, 526.53, 1272.76, 526.53, 1302.96, 526.53, 30.20, 12.26
6.43, 25, black car, 1122.39, 521.72, 1152.44, 533.69, 1137.42, 527.71, 1122.39, 527.71, 1152.44, 527.71, 30.05, 11.97
6.47, 27, black car, 1269.86, 520.50, 1299.81, 532.63, 1284.83, 526.56, 1269.86, 526.56, 1299.81, 526.56, 29.96, 12.13
6.47, 25, black car, 1118.83, 521.72, 1149.05, 533.80, 1133.94, 527.76, 1118.83, 527.76, 1149.05, 527.76, 30.22, 12.09
6.50, 27, black car, 1266.73, 520.60, 1296.49, 532.61, 1281.61, 526.60, 1266.73, 526.60, 1296.49, 526.60, 29.76, 12.00
6.50, 25, black car, 1115.46, 521.94, 1145.77, 534.09, 1130.62, 528.01, 1115.46, 528.01, 1145.77, 528.01, 30.32, 12.15
6.53, 27, black car, 1263.83, 520.63, 1293.70, 532.66, 1278.76, 526.64, 1263.83, 526.64, 1293.70, 526.64, 29.87, 12.03
6.53, 25, black car, 1112.56, 522.02, 1143.15, 534.30, 1127.85, 528.16, 1112.56, 528.16, 1143.15, 528.16, 30.59, 12.28
6.57, 27, black car, 1261.03, 520.63, 1291.23, 532.79, 1276.13, 526.71, 1261.03, 526.71, 1291.23, 526.71, 30.20, 12.17
6.57, 25, black car, 1109.35, 522.49, 1139.66, 534.69, 1124.51, 528.59, 1109.35, 528.59, 1139.66, 528.59, 30.31, 12.21
6.60, 27, black car, 1258.21, 520.80, 1288.50, 533.03, 1273.35, 526.91, 1258.21, 526.91, 1288.50, 526.91, 30.29, 12.22
6.60, 25, black car, 1106.28, 522.80, 1136.48, 535.00, 1121.38, 528.90, 1106.28, 528.90, 1136.48, 528.90, 30.19, 12.20
6.63, 25, black car, 1103.32, 522.96, 1132.76, 534.87, 1118.04, 528.92, 1103.32, 528.92, 1132.76, 528.92, 29.45, 11.91
6.67, 25, black car, 1099.89, 523.31, 1128.95, 535.04, 1114.42, 529.18, 1099.89, 529.18, 1128.95, 529.18, 29.06, 11.74
6.67, 27, black car, 1252.64, 520.97, 1282.06, 532.87, 1267.35, 526.92, 1252.64, 526.92, 1282.06, 526.92, 29.43, 11.90
6.70, 25, black car, 1096.54, 523.68, 1125.30, 535.24, 1110.92, 529.46, 1096.54, 529.46, 1125.30, 529.46, 28.77, 11.57
6.70, 27, black car, 1249.60, 520.86, 1279.27, 532.91, 1264.43, 526.89, 1249.60, 526.89, 1279.27, 526.89, 29.67, 12.04
6.73, 25, black car, 1093.48, 523.64, 1123.26, 535.59, 1108.37, 529.61, 1093.48, 529.61, 1123.26, 529.61, 29.77, 11.95
6.73, 27, black car, 1246.76, 520.82, 1277.05, 533.17, 1261.90, 526.99, 1246.76, 526.99, 1277.05, 526.99, 30.29, 12.35
6.77, 25, black car, 1090.24, 523.96, 1119.45, 535.70, 1104.84, 529.83, 1090.24, 529.83, 1119.45, 529.83, 29.22, 11.74
6.77, 27, black car, 1244.19, 520.85, 1274.52, 533.25, 1259.36, 527.05, 1244.19, 527.05, 1274.52, 527.05, 30.33, 12.40
6.80, 5, white car, 1004.64, 523.24, 1032.43, 534.39, 1018.54, 528.81, 1004.64, 528.81, 1032.43, 528.81, 27.79, 11.15
6.80, 25, black car, 1086.82, 524.13, 1115.91, 535.81, 1101.36, 529.97, 1086.82, 529.97, 1115.91, 529.97, 29.09, 11.68
6.80, 27, black car, 1241.95, 520.86, 1272.17, 533.18, 1257.06, 527.02, 1241.95, 527.02, 1272.17, 527.02, 30.22, 12.32
6.83, 25, black car, 1083.55, 524.17, 1112.68, 535.86, 1098.12, 530.01, 1083.55, 530.01, 1112.68, 530.01, 29.14, 11.68
6.83, 27, black car, 1239.57, 521.05, 1269.53, 533.21, 1254.55, 527.13, 1239.57, 527.13, 1269.53, 527.13, 29.96, 12.16
6.87, 25, black car, 1080.15, 524.15, 1109.49, 535.93, 1094.82, 530.04, 1080.15, 530.04, 1109.49, 530.04, 29.34, 11.78
6.87, 27, black car, 1236.22, 521.42, 1265.55, 533.31, 1250.88, 527.36, 1236.22, 527.36, 1265.55, 527.36, 29.33, 11.89
6.90, 5, white car, 995.97, 523.29, 1024.05, 534.55, 1010.01, 528.92, 995.97, 528.92, 1024.05, 528.92, 28.07, 11.26
6.90, 25, black car, 1076.60, 524.16, 1106.37, 536.16, 1091.49, 530.16, 1076.60, 530.16, 1106.37, 530.16, 29.77, 12.00
6.90, 27, black car, 1232.68, 521.75, 1262.06, 533.65, 1247.37, 527.70, 1232.68, 527.70, 1262.06, 527.70, 29.37, 11.90
6.93, 5, white car, 992.61, 523.36, 1021.36, 534.91, 1006.99, 529.14, 992.61, 529.14, 1021.36, 529.14, 28.74, 11.55
6.93, 25, black car, 1073.58, 523.98, 1103.60, 536.10, 1088.59, 530.04, 1073.58, 530.04, 1103.60, 530.04, 30.03, 12.11
6.93, 27, black car, 1229.59, 521.90, 1258.91, 533.77, 1244.25, 527.83, 1229.59, 527.83, 1258.91, 527.83, 29.32, 11.87
6.97, 5, white car, 989.71, 523.51, 1018.21, 534.94, 1003.96, 529.23, 989.71, 529.23, 1018.21, 529.23, 28.50, 11.43
6.97, 25, black car, 1070.72, 524.02, 1100.92, 536.22, 1085.82, 530.12, 1070.72, 530.12, 1100.92, 530.12, 30.20, 12.20
6.97, 27, black car, 1227.51, 522.34, 1256.10, 533.87, 1241.81, 528.11, 1227.51, 528.11, 1256.10, 528.11, 28.59, 11.53
7.00, 5, white car, 986.58, 523.36, 1015.74, 535.09, 1001.16, 529.23, 986.58, 529.23, 1015.74, 529.23, 29.15, 11.73
7.00, 25, black car, 1067.58, 524.22, 1097.70, 536.42, 1082.64, 530.32, 1067.58, 530.32, 1097.70, 530.32, 30.12, 12.20
7.00, 27, black car, 1224.12, 522.14, 1253.03, 533.78, 1238.58, 527.96, 1224.12, 527.96, 1253.03, 527.96, 28.91, 11.65
7.03, 5, white car, 983.74, 523.71, 1012.72, 535.37, 998.23, 529.54, 983.74, 529.54, 1012.72, 529.54, 28.98, 11.66
7.03, 25, black car, 1064.58, 524.45, 1094.24, 536.49, 1079.41, 530.47, 1064.58, 530.47, 1094.24, 530.47, 29.66, 12.04
7.03, 27, black car, 1221.49, 522.18, 1250.69, 533.95, 1236.09, 528.07, 1221.49, 528.07, 1250.69, 528.07, 29.20, 11.77
7.07, 5, white car, 980.91, 523.92, 1009.77, 535.57, 995.34, 529.75, 980.91, 529.75, 1009.77, 529.75, 28.86, 11.64
7.07, 25, black car, 1061.66, 524.95, 1090.89, 536.82, 1076.28, 530.88, 1061.66, 530.88, 1090.89, 530.88, 29.23, 11.87
7.07, 27, black car, 1218.75, 522.46, 1248.63, 534.52, 1233.69, 528.49, 1218.75, 528.49, 1248.63, 528.49, 29.88, 12.06
7.10, 5, white car, 978.01, 523.98, 1006.81, 535.63, 992.41, 529.80, 978.01, 529.80, 1006.81, 529.80, 28.81, 11.65
7.10, 25, black car, 1058.82, 525.15, 1087.75, 536.87, 1073.28, 531.01, 1058.82, 531.01, 1087.75, 531.01, 28.93, 11.72
7.10, 27, black car, 1216.39, 522.37, 1246.31, 534.42, 1231.35, 528.40, 1216.39, 528.40, 1246.31, 528.40, 29.91, 12.05
7.13, 5, white car, 975.01, 524.06, 1003.81, 535.71, 989.41, 529.89, 975.01, 529.89, 1003.81, 529.89, 28.81, 11.65
7.13, 25, black car, 1055.61, 525.34, 1084.77, 537.11, 1070.19, 531.22, 1055.61, 531.22, 1084.77, 531.22, 29.15, 11.77
7.13, 27, black car, 1214.45, 522.38, 1243.74, 534.12, 1229.09, 528.25, 1214.45, 528.25, 1243.74, 528.25, 29.28, 11.74
7.17, 5, white car, 971.88, 524.00, 1001.05, 535.82, 986.46, 529.91, 971.88, 529.91, 1001.05, 529.91, 29.17, 11.82
7.17, 25, black car, 1052.28, 526.00, 1080.94, 537.57, 1066.61, 531.79, 1052.28, 531.79, 1080.94, 531.79, 28.66, 11.57
7.17, 27, black car, 1211.72, 522.79, 1240.39, 534.23, 1226.06, 528.51, 1211.72, 528.51, 1240.39, 528.51, 28.67, 11.44
7.20, 5, white car, 969.04, 524.23, 998.03, 535.95, 983.54, 530.09, 969.04, 530.09, 998.03, 530.09, 28.99, 11.73
7.20, 25, black car, 1049.00, 526.09, 1077.30, 537.51, 1063.15, 531.80, 1049.00, 531.80, 1077.30, 531.80, 28.31, 11.42
7.20, 27, black car, 1208.54, 522.89, 1237.11, 534.26, 1222.83, 528.57, 1208.54, 528.57, 1237.11, 528.57, 28.57, 11.38
7.23, 5, white car, 966.36, 524.58, 994.60, 536.02, 980.48, 530.30, 966.36, 530.30, 994.60, 530.30, 28.24, 11.44
7.23, 25, black car, 1045.94, 526.45, 1073.87, 537.67, 1059.91, 532.06, 1045.94, 532.06, 1073.87, 532.06, 27.93, 11.22
7.23, 27, black car, 1205.13, 522.91, 1234.00, 534.43, 1219.56, 528.67, 1205.13, 528.67, 1234.00, 528.67, 28.87, 11.52
7.27, 5, white car, 963.54, 524.71, 992.09, 536.29, 977.81, 530.50, 963.54, 530.50, 992.09, 530.50, 28.55, 11.58
7.27, 25, black car, 1043.17, 526.91, 1071.33, 538.22, 1057.25, 532.56, 1043.17, 532.56, 1071.33, 532.56, 28.17, 11.31
7.27, 27, black car, 1201.76, 522.84, 1231.69, 534.79, 1216.73, 528.82, 1201.76, 528.82, 1231.69, 528.82, 29.93, 11.95
7.30, 5, white car, 960.71, 524.97, 989.43, 536.61, 975.07, 530.79, 960.71, 530.79, 989.43, 530.79, 28.73, 11.64
7.30, 25, black car, 1039.69, 526.80, 1068.30, 538.28, 1054.00, 532.54, 1039.69, 532.54, 1068.30, 532.54, 28.61, 11.48
7.30, 27, black car, 1199.20, 522.76, 1228.90, 534.56, 1214.05, 528.66, 1199.20, 528.66, 1228.90, 528.66, 29.69, 11.80
7.33, 5, white car, 957.64, 525.15, 986.44, 536.84, 972.04, 530.99, 957.64, 530.99, 986.44, 530.99, 28.81, 11.69
7.33, 25, black car, 1036.02, 526.85, 1065.12, 538.55, 1050.57, 532.70, 1036.02, 532.70, 1065.12, 532.70, 29.10, 11.70
7.33, 27, black car, 1195.64, 522.68, 1226.07, 534.78, 1210.85, 528.73, 1195.64, 528.73, 1226.07, 528.73, 30.43, 12.11
7.37, 5, white car, 954.97, 525.43, 983.49, 536.98, 969.23, 531.20, 954.97, 531.20, 983.49, 531.20, 28.53, 11.55
7.37, 25, black car, 1032.79, 527.09, 1061.66, 538.67, 1047.23, 532.88, 1032.79, 532.88, 1061.66, 532.88, 28.86, 11.58
7.37, 27, black car, 1193.23, 523.21, 1222.74, 534.96, 1207.98, 529.09, 1193.23, 529.09, 1222.74, 529.09, 29.52, 11.75
7.40, 5, white car, 951.99, 525.53, 980.59, 537.10, 966.29, 531.31, 951.99, 531.31, 980.59, 531.31, 28.59, 11.57
7.40, 25, black car, 1030.12, 527.20, 1058.66, 538.62, 1044.39, 532.91, 1030.12, 532.91, 1058.66, 532.91, 28.54, 11.42
7.40, 27, black car, 1190.09, 523.49, 1219.87, 535.41, 1204.98, 529.45, 1190.09, 529.45, 1219.87, 529.45, 29.77, 11.92
7.43, 5, white car, 948.73, 525.44, 977.56, 537.10, 963.14, 531.27, 948.73, 531.27, 977.56, 531.27, 28.82, 11.66
7.43, 45, white car, 1340.23, 516.75, 1372.24, 530.09, 1356.23, 523.42, 1340.23, 523.42, 1372.24, 523.42, 32.01, 13.34
7.43, 25, black car, 1026.57, 527.12, 1055.68, 538.79, 1041.12, 532.96, 1026.57, 532.96, 1055.68, 532.96, 29.10, 11.67
7.43, 27, black car, 1186.73, 523.60, 1216.82, 535.69, 1201.78, 529.64, 1186.73, 529.64, 1216.82, 529.64, 30.09, 12.09
7.47, 5, white car, 945.67, 525.53, 974.69, 537.28, 960.18, 531.41, 945.67, 531.41, 974.69, 531.41, 29.02, 11.74
7.47, 45, white car, 1336.74, 516.75, 1369.08, 530.23, 1352.91, 523.49, 1336.74, 523.49, 1369.08, 523.49, 32.33, 13.47
7.47, 25, black car, 1023.29, 526.97, 1052.94, 538.93, 1038.12, 532.95, 1023.29, 532.95, 1052.94, 532.95, 29.65, 11.96
7.47, 27, black car, 1184.15, 523.59, 1214.06, 535.62, 1199.10, 529.61, 1184.15, 529.61, 1214.06, 529.61, 29.91, 12.03
7.50, 5, white car, 942.94, 525.43, 971.87, 537.17, 957.40, 531.30, 942.94, 531.30, 971.87, 531.30, 28.93, 11.74
7.50, 45, white car, 1333.52, 516.68, 1365.98, 530.24, 1349.75, 523.46, 1333.52, 523.46, 1365.98, 523.46, 32.46, 13.57
7.50, 25, black car, 1019.99, 526.78, 1049.53, 538.76, 1034.76, 532.77, 1019.99, 532.77, 1049.53, 532.77, 29.54, 11.98
7.50, 27, black car, 1180.96, 523.63, 1211.76, 536.05, 1196.36, 529.84, 1180.96, 529.84, 1211.76, 529.84, 30.80, 12.42
7.53, 5, white car, 940.00, 525.79, 968.81, 537.47, 954.40, 531.63, 940.00, 531.63, 968.81, 531.63, 28.81, 11.68
7.53, 45, white car, 1330.65, 516.92, 1362.69, 530.31, 1346.67, 523.61, 1330.65, 523.61, 1362.69, 523.61, 32.05, 13.39
7.53, 25, black car, 1017.09, 527.01, 1046.64, 539.01, 1031.86, 533.01, 1017.09, 533.01, 1046.64, 533.01, 29.55, 12.00
7.53, 27, black car, 1177.50, 523.68, 1208.88, 536.40, 1193.19, 530.04, 1177.50, 530.04, 1208.88, 530.04, 31.38, 12.71
7.57, 5, white car, 937.24, 526.10, 966.29, 537.88, 951.76, 531.99, 937.24, 531.99, 966.29, 531.99, 29.05, 11.78
7.57, 45, white car, 1327.37, 516.99, 1359.71, 530.49, 1343.54, 523.74, 1327.37, 523.74, 1359.71, 523.74, 32.34, 13.50
7.57, 25, black car, 1014.52, 527.21, 1044.13, 539.25, 1029.33, 533.23, 1014.52, 533.23, 1044.13, 533.23, 29.61, 12.04
7.57, 27, black car, 1174.11, 523.58, 1206.40, 536.74, 1190.25, 530.16, 1174.11, 530.16, 1206.40, 530.16, 32.29, 13.16
7.60, 5, white car, 934.23, 526.11, 963.17, 537.85, 948.70, 531.98, 934.23, 531.98, 963.17, 531.98, 28.94, 11.74
7.60, 45, white car, 1325.16, 517.39, 1356.52, 530.41, 1340.84, 523.90, 1325.16, 523.90, 1356.52, 523.90, 31.36, 13.02
7.60, 25, black car, 1011.09, 527.56, 1040.87, 539.68, 1025.98, 533.62, 1011.09, 533.62, 1040.87, 533.62, 29.78, 12.13
7.60, 27, black car, 1171.65, 523.52, 1203.50, 536.53, 1187.57, 530.02, 1171.65, 530.02, 1203.50, 530.02, 31.85, 13.01
7.63, 5, white car, 931.29, 526.23, 960.51, 538.06, 945.90, 532.14, 931.29, 532.14, 960.51, 532.14, 29.22, 11.83
7.63, 45, white car, 1321.91, 517.51, 1353.27, 530.47, 1337.59, 523.99, 1321.91, 523.99, 1353.27, 523.99, 31.35, 12.96
7.63, 25, black car, 1007.66, 527.95, 1037.45, 540.11, 1022.55, 534.03, 1007.66, 534.03, 1037.45, 534.03, 29.78, 12.16
7.63, 27, black car, 1169.08, 523.59, 1201.08, 536.65, 1185.08, 530.12, 1169.08, 530.12, 1201.08, 530.12, 32.00, 13.06
7.67, 5, white car, 928.66, 526.47, 957.92, 538.28, 943.29, 532.37, 928.66, 532.37, 957.92, 532.37, 29.26, 11.81
7.67, 45, white car, 1318.60, 517.58, 1350.19, 530.61, 1334.40, 524.09, 1318.60, 524.09, 1350.19, 524.09, 31.59, 13.03
7.67, 25, black car, 1004.46, 528.30, 1033.76, 540.31, 1019.11, 534.30, 1004.46, 534.30, 1033.76, 534.30, 29.30, 12.01
7.67, 27, black car, 1166.49, 523.89, 1198.08, 536.76, 1182.28, 530.33, 1166.49, 530.33, 1198.08, 530.33, 31.59, 12.87
7.70, 5, white car, 925.30, 526.70, 954.50, 538.49, 939.90, 532.60, 925.30, 532.60, 954.50, 532.60, 29.21, 11.80
7.70, 45, white car, 1315.07, 517.77, 1346.99, 530.91, 1331.03, 524.34, 1315.07, 524.34, 1346.99, 524.34, 31.92, 13.14
7.70, 25, black car, 1001.82, 528.47, 1031.01, 540.44, 1016.42, 534.45, 1001.82, 534.45, 1031.01, 534.45, 29.18, 11.97
7.70, 27, black car, 1164.01, 524.02, 1195.29, 536.81, 1179.65, 530.41, 1164.01, 530.41, 1195.29, 530.41, 31.28, 12.79
7.73, 5, white car, 922.30, 526.87, 951.57, 538.70, 936.93, 532.79, 922.30, 532.79, 951.57, 532.79, 29.27, 11.83
7.73, 45, white car, 1312.14, 518.07, 1344.12, 531.21, 1328.13, 524.64, 1312.14, 524.64, 1344.12, 524.64, 31.98, 13.14
7.73, 25, black car, 998.89, 528.63, 1027.95, 540.57, 1013.42, 534.60, 998.89, 534.60, 1027.95, 534.60, 29.06, 11.94
7.73, 27, black car, 1160.92, 524.44, 1192.45, 537.37, 1176.69, 530.91, 1160.92, 530.91, 1192.45, 530.91, 31.53, 12.93
7.77, 5, white car, 919.62, 526.97, 948.46, 538.61, 934.04, 532.79, 919.62, 532.79, 948.46, 532.79, 28.85, 11.64
7.77, 45, white car, 1309.45, 518.27, 1340.96, 531.19, 1325.20, 524.73, 1309.45, 524.73, 1340.96, 524.73, 31.50, 12.91
7.77, 25, black car, 995.70, 528.66, 1024.71, 540.60, 1010.20, 534.63, 995.70, 534.63, 1024.71, 534.63, 29.01, 11.94
7.77, 27, black car, 1157.95, 524.64, 1188.66, 537.23, 1173.31, 530.93, 1157.95, 530.93, 1188.66, 530.93, 30.70, 12.59
7.80, 5, white car, 916.63, 527.04, 945.70, 538.77, 931.16, 532.91, 916.63, 532.91, 945.70, 532.91, 29.07, 11.73
7.80, 45, white car, 1306.42, 518.40, 1337.84, 531.24, 1322.13, 524.82, 1306.42, 524.82, 1337.84, 524.82, 31.43, 12.83
7.80, 25, black car, 992.50, 528.69, 1021.54, 540.67, 1007.02, 534.68, 992.50, 534.68, 1021.54, 534.68, 29.04, 11.98
7.80, 27, black car, 1155.22, 524.98, 1185.38, 537.34, 1170.30, 531.16, 1155.22, 531.16, 1185.38, 531.16, 30.16, 12.36
7.83, 5, white car, 913.57, 527.08, 942.86, 538.92, 928.22, 533.00, 913.57, 533.00, 942.86, 533.00, 29.29, 11.83
7.83, 45, white car, 1303.01, 518.42, 1334.99, 531.47, 1319.00, 524.94, 1303.01, 524.94, 1334.99, 524.94, 31.98, 13.05
7.83, 25, black car, 989.64, 528.71, 1018.74, 540.72, 1004.19, 534.71, 989.64, 534.71, 1018.74, 534.71, 29.11, 12.01
7.83, 27, black car, 1152.50, 525.02, 1182.42, 537.30, 1167.46, 531.16, 1152.50, 531.16, 1182.42, 531.16, 29.92, 12.28
7.87, 5, white car, 910.50, 527.08, 940.40, 539.18, 925.45, 533.13, 910.50, 533.13, 940.40, 533.13, 29.90, 12.10
7.87, 45, white car, 1300.15, 518.51, 1332.07, 531.51, 1316.11, 525.01, 1300.15, 525.01, 1332.07, 525.01, 31.92, 13.00
7.87, 25, black car, 986.47, 528.34, 1016.55, 540.77, 1001.51, 534.55, 986.47, 534.55, 1016.55, 534.55, 30.08, 12.43
7.87, 27, black car, 1150.09, 525.37, 1179.36, 537.41, 1164.72, 531.39, 1150.09, 531.39, 1179.36, 531.39, 29.27, 12.05
7.90, 5, white car, 907.59, 527.11, 937.46, 539.21, 922.53, 533.16, 907.59, 533.16, 937.46, 533.16, 29.88, 12.10
7.90, 45, white car, 1297.22, 518.65, 1329.05, 531.57, 1313.13, 525.11, 1297.22, 525.11, 1329.05, 525.11, 31.83, 12.92
7.90, 25, black car, 983.45, 528.56, 1013.34, 540.91, 998.40, 534.74, 983.45, 534.74, 1013.34, 534.74, 29.89, 12.35
7.90, 27, black car, 1147.34, 525.52, 1176.29, 537.46, 1161.81, 531.49, 1147.34, 531.49, 1176.29, 531.49, 28.95, 11.94
7.93, 5, white car, 904.45, 527.16, 934.23, 539.21, 919.34, 533.19, 904.45, 533.19, 934.23, 533.19, 29.78, 12.05
7.93, 45, white car, 1294.07, 518.65, 1325.48, 531.35, 1309.77, 525.00, 1294.07, 525.00, 1325.48, 525.00, 31.40, 12.70
7.93, 25, black car, 980.18, 528.83, 1009.76, 541.06, 994.97, 534.94, 980.18, 534.94, 1009.76, 534.94, 29.59, 12.23
7.93, 27, black car, 1144.02, 525.55, 1172.35, 537.19, 1158.19, 531.37, 1144.02, 531.37, 1172.35, 531.37, 28.33, 11.64
7.97, 5, white car, 901.66, 527.15, 931.33, 539.15, 916.50, 533.15, 901.66, 533.15, 931.33, 533.15, 29.67, 12.00
7.97, 45, white car, 1290.74, 518.61, 1322.41, 531.41, 1306.57, 525.01, 1290.74, 525.01, 1322.41, 525.01, 31.67, 12.80
7.97, 25, black car, 977.25, 529.15, 1006.70, 541.33, 991.98, 535.24, 977.25, 535.24, 1006.70, 535.24, 29.44, 12.18
7.97, 27, black car, 1141.05, 525.55, 1169.56, 537.26, 1155.30, 531.41, 1141.05, 531.41, 1169.56, 531.41, 28.51, 11.71
8.00, 5, white car, 898.64, 527.29, 928.28, 539.29, 913.46, 533.29, 898.64, 533.29, 928.28, 533.29, 29.65, 12.01
8.00, 45, white car, 1287.15, 518.77, 1319.52, 531.86, 1303.34, 525.32, 1287.15, 525.32, 1319.52, 525.32, 32.37, 13.09
8.00, 25, black car, 974.32, 529.26, 1003.71, 541.41, 989.01, 535.33, 974.32, 535.33, 1003.71, 535.33, 29.39, 12.15
8.00, 27, black car, 1138.44, 525.56, 1167.12, 537.34, 1152.78, 531.45, 1138.44, 531.45, 1167.12, 531.45, 28.68, 11.77
8.03, 5, white car, 895.48, 527.62, 925.58, 539.84, 910.53, 533.73, 895.48, 533.73, 925.58, 533.73, 30.09, 12.22
8.03, 45, white car, 1284.28, 518.99, 1316.57, 532.07, 1300.42, 525.53, 1284.28, 525.53, 1316.57, 525.53, 32.29, 13.08
8.03, 25, black car, 971.29, 529.32, 1000.49, 541.39, 985.89, 535.35, 971.29, 535.35, 1000.49, 535.35, 29.21, 12.07
8.03, 27, black car, 1135.13, 525.94, 1164.55, 538.01, 1149.84, 531.98, 1135.13, 531.98, 1164.55, 531.98, 29.42, 12.07
8.07, 5, white car, 892.61, 527.67, 922.70, 539.92, 907.66, 533.79, 892.61, 533.79, 922.70, 533.79, 30.10, 12.24
8.07, 45, white car, 1281.82, 519.07, 1313.24, 531.75, 1297.53, 525.41, 1281.82, 525.41, 1313.24, 525.41, 31.42, 12.68
8.07, 25, black car, 968.05, 529.45, 996.99, 541.40, 982.52, 535.43, 968.05, 535.43, 996.99, 535.43, 28.94, 11.95
8.07, 27, black car, 1132.01, 525.80, 1162.21, 538.20, 1147.11, 532.00, 1132.01, 532.00, 1162.21, 532.00, 30.20, 12.40
8.10, 5, white car, 889.97, 528.16, 919.36, 540.11, 904.66, 534.13, 889.97, 534.13, 919.36, 534.13, 29.40, 11.95
8.10, 45, white car, 1277.86, 519.14, 1310.11, 532.15, 1293.98, 525.65, 1277.86, 525.65, 1310.11, 525.65, 32.24, 13.02
8.10, 25, black car, 964.97, 529.64, 994.48, 541.83, 979.72, 535.74, 964.97, 535.74, 994.48, 535.74, 29.51, 12.19
8.10, 27, black car, 1129.18, 525.73, 1159.58, 538.22, 1144.38, 531.98, 1129.18, 531.98, 1159.58, 531.98, 30.40, 12.49
8.13, 5, white car, 887.44, 528.38, 916.73, 540.29, 902.09, 534.33, 887.44, 534.33, 916.73, 534.33, 29.29, 11.91
8.13, 45, white car, 1274.49, 519.23, 1307.63, 532.64, 1291.06, 525.93, 1274.49, 525.93, 1307.63, 525.93, 33.14, 13.41
8.13, 25, black car, 961.99, 529.62, 991.50, 541.81, 976.74, 535.72, 961.99, 535.72, 991.50, 535.72, 29.52, 12.19
8.13, 27, black car, 1126.60, 525.73, 1156.72, 538.13, 1141.66, 531.93, 1126.60, 531.93, 1156.72, 531.93, 30.12, 12.41
8.17, 5, white car, 884.61, 528.49, 913.80, 540.34, 899.21, 534.42, 884.61, 534.42, 913.80, 534.42, 29.19, 11.85
8.17, 45, white car, 1271.70, 519.39, 1304.92, 532.85, 1288.31, 526.12, 1271.70, 526.12, 1304.92, 526.12, 33.22, 13.46
8.17, 25, black car, 959.20, 529.72, 988.87, 541.99, 974.04, 535.85, 959.20, 535.85, 988.87, 535.85, 29.67, 12.27
8.17, 27, black car, 1123.44, 525.59, 1154.25, 538.31, 1138.84, 531.95, 1123.44, 531.95, 1154.25, 531.95, 30.81, 12.71
8.20, 5, white car, 881.46, 528.57, 911.12, 540.64, 896.29, 534.60, 881.46, 534.60, 911.12, 534.60, 29.67, 12.07
8.20, 45, white car, 1268.67, 519.54, 1302.02, 533.08, 1285.34, 526.31, 1268.67, 526.31, 1302.02, 526.31, 33.35, 13.54
8.20, 25, black car, 956.24, 530.08, 985.57, 542.22, 970.91, 536.15, 956.24, 536.15, 985.57, 536.15, 29.32, 12.14
8.20, 27, black car, 1120.20, 525.73, 1151.35, 538.61, 1135.78, 532.17, 1120.20, 532.17, 1151.35, 532.17, 31.15, 12.88
8.23, 5, white car, 878.31, 528.58, 908.49, 540.87, 893.40, 534.73, 878.31, 534.73, 908.49, 534.73, 30.18, 12.29
8.23, 45, white car, 1265.89, 519.55, 1299.02, 533.01, 1282.45, 526.28, 1265.89, 526.28, 1299.02, 526.28, 33.14, 13.45
8.23, 25, black car, 952.91, 530.09, 982.29, 542.27, 967.60, 536.18, 952.91, 536.18, 982.29, 536.18, 29.38, 12.18
8.23, 27, black car, 1117.35, 525.64, 1148.69, 538.66, 1133.02, 532.15, 1117.35, 532.15, 1148.69, 532.15, 31.33, 13.02
8.27, 5, white car, 875.43, 528.79, 905.36, 540.98, 890.40, 534.88, 875.43, 534.88, 905.36, 534.88, 29.92, 12.19
8.27, 45, white car, 1262.62, 519.72, 1295.30, 533.01, 1278.96, 526.36, 1262.62, 526.36, 1295.30, 526.36, 32.68, 13.29
8.27, 25, black car, 950.24, 530.14, 978.84, 542.01, 964.54, 536.07, 950.24, 536.07, 978.84, 536.07, 28.60, 11.87
8.27, 27, black car, 1114.96, 525.83, 1145.46, 538.52, 1130.21, 532.17, 1114.96, 532.17, 1145.46, 532.17, 30.50, 12.69
8.30, 5, white car, 873.15, 528.93, 902.49, 540.92, 887.82, 534.93, 873.15, 534.93, 902.49, 534.93, 29.35, 11.99
8.30, 45, white car, 1258.84, 519.68, 1292.32, 533.36, 1275.58, 526.52, 1258.84, 526.52, 1292.32, 526.52, 33.48, 13.68
8.30, 25, black car, 947.72, 530.14, 975.74, 541.76, 961.73, 535.95, 947.72, 535.95, 975.74, 535.95, 28.02, 11.62
8.30, 27, black car, 1112.50, 526.24, 1142.05, 538.51, 1127.27, 532.38, 1112.50, 532.38, 1142.05, 532.38, 29.55, 12.27
8.33, 5, white car, 869.92, 528.92, 899.33, 540.95, 884.62, 534.94, 869.92, 534.94, 899.33, 534.94, 29.41, 12.02
8.33, 45, white car, 1255.79, 519.76, 1289.95, 533.77, 1272.87, 526.76, 1255.79, 526.76, 1289.95, 526.76, 34.15, 14.02
8.33, 25, black car, 944.91, 530.09, 973.57, 541.95, 959.24, 536.02, 944.91, 536.02, 973.57, 536.02, 28.67, 11.86
8.33, 27, black car, 1109.58, 526.44, 1138.75, 538.52, 1124.16, 532.48, 1109.58, 532.48, 1138.75, 532.48, 29.17, 12.08
8.37, 5, white car, 866.99, 528.92, 896.51, 541.03, 881.75, 534.98, 866.99, 534.98, 896.51, 534.98, 29.52, 12.11
8.37, 45, white car, 1253.86, 519.84, 1286.49, 533.22, 1270.18, 526.53, 1253.86, 526.53, 1286.49, 526.53, 32.62, 13.38
8.37, 25, black car, 941.53, 530.13, 970.22, 541.99, 955.88, 536.06, 941.53, 536.06, 970.22, 536.06, 28.69, 11.86
8.37, 27, black car, 1106.92, 526.76, 1135.75, 538.67, 1121.34, 532.71, 1106.92, 532.71, 1135.75, 532.71, 28.83, 11.91
8.40, 5, white car, 864.08, 529.05, 893.81, 541.27, 878.95, 535.16, 864.08, 535.16, 893.81, 535.16, 29.73, 12.21
8.40, 45, white car, 1250.91, 519.99, 1282.84, 533.04, 1266.88, 526.51, 1250.91, 526.51, 1282.84, 526.51, 31.93, 13.06
8.40, 25, black car, 938.39, 530.29, 967.09, 542.15, 952.74, 536.22, 938.39, 536.22, 967.09, 536.22, 28.70, 11.86
8.40, 27, black car, 1104.25, 526.91, 1133.00, 538.80, 1118.63, 532.86, 1104.25, 532.86, 1133.00, 532.86, 28.75, 11.89
8.43, 5, white car, 861.13, 529.10, 890.69, 541.25, 875.91, 535.18, 861.13, 535.18, 890.69, 535.18, 29.56, 12.15
8.43, 45, white car, 1247.39, 520.04, 1279.82, 533.34, 1263.61, 526.69, 1247.39, 526.69, 1279.82, 526.69, 32.42, 13.30
8.43, 25, black car, 935.24, 530.44, 963.64, 542.18, 949.44, 536.31, 935.24, 536.31, 963.64, 536.31, 28.40, 11.75
8.43, 27, black car, 1100.67, 526.92, 1129.74, 538.91, 1115.20, 532.92, 1100.67, 532.92, 1129.74, 532.92, 29.07, 11.99
8.47, 5, white car, 858.35, 529.08, 887.81, 541.20, 873.08, 535.14, 858.35, 535.14, 887.81, 535.14, 29.46, 12.12
8.47, 45, white car, 1244.37, 519.96, 1277.15, 533.41, 1260.76, 526.69, 1244.37, 526.69, 1277.15, 526.69, 32.78, 13.45
8.47, 25, black car, 931.97, 530.07, 961.28, 542.18, 946.62, 536.12, 931.97, 536.12, 961.28, 536.12, 29.31, 12.12
8.47, 27, black car, 1097.61, 527.02, 1126.68, 538.98, 1112.15, 533.00, 1097.61, 533.00, 1126.68, 533.00, 29.07, 11.97
8.50, 5, white car, 855.65, 529.27, 885.12, 541.39, 870.39, 535.33, 855.65, 535.33, 885.12, 535.33, 29.47, 12.12
8.50, 45, white car, 1241.44, 520.13, 1273.91, 533.43, 1257.67, 526.78, 1241.44, 526.78, 1273.91, 526.78, 32.47, 13.29
8.50, 25, black car, 929.25, 530.28, 958.66, 542.43, 943.96, 536.36, 929.25, 536.36, 958.66, 536.36, 29.41, 12.15
8.50, 27, black car, 1094.82, 526.96, 1124.03, 538.99, 1109.43, 532.97, 1094.82, 532.97, 1124.03, 532.97, 29.20, 12.03
8.53, 5, white car, 852.83, 529.18, 882.51, 541.41, 867.67, 535.29, 852.83, 535.29, 882.51, 535.29, 29.68, 12.22
8.53, 45, white car, 1238.78, 520.23, 1270.84, 533.34, 1254.81, 526.79, 1238.78, 526.79, 1270.84, 526.79, 32.06, 13.11
8.53, 25, black car, 926.06, 530.68, 955.27, 542.77, 940.66, 536.72, 926.06, 536.72, 955.27, 536.72, 29.20, 12.09
8.53, 27, black car, 1091.73, 526.88, 1121.61, 539.21, 1106.67, 533.04, 1091.73, 533.04, 1121.61, 533.04, 29.88, 12.34
8.57, 5, white car, 850.23, 529.53, 879.83, 541.71, 865.03, 535.62, 850.23, 535.62, 879.83, 535.62, 29.60, 12.18
8.57, 45, white car, 1235.30, 520.41, 1267.39, 533.54, 1251.34, 526.97, 1235.30, 526.97, 1267.39, 526.97, 32.10, 13.13
8.57, 25, black car, 922.58, 530.75, 952.23, 543.05, 937.41, 536.90, 922.58, 536.90, 952.23, 536.90, 29.65, 12.30
8.57, 27, black car, 1088.78, 526.93, 1118.79, 539.35, 1103.79, 533.14, 1088.78, 533.14, 1118.79, 533.14, 30.01, 12.42
8.60, 5, white car, 847.08, 529.51, 876.76, 541.73, 861.92, 535.62, 847.08, 535.62, 876.76, 535.62, 29.68, 12.21
8.60, 45, white car, 1231.88, 520.55, 1264.48, 533.93, 1248.18, 527.24, 1231.88, 527.24, 1264.48, 527.24, 32.60, 13.38
8.60, 25, black car, 919.75, 530.98, 949.51, 543.32, 934.63, 537.15, 919.75, 537.15, 949.51, 537.15, 29.76, 12.33
8.60, 27, black car, 1085.68, 526.99, 1115.65, 539.39, 1100.67, 533.19, 1085.68, 533.19, 1115.65, 533.19, 29.97, 12.39
8.63, 5, white car, 844.12, 529.68, 873.79, 541.89, 858.95, 535.79, 844.12, 535.79, 873.79, 535.79, 29.66, 12.21
8.63, 45, white car, 1228.98, 520.79, 1261.70, 534.23, 1245.34, 527.51, 1228.98, 527.51, 1261.70, 527.51, 32.73, 13.44
8.63, 25, black car, 916.71, 531.00, 946.97, 543.57, 931.84, 537.28, 916.71, 537.28, 946.97, 537.28, 30.26, 12.56
8.63, 27, black car, 1083.20, 527.03, 1113.22, 539.44, 1098.21, 533.24, 1083.20, 533.24, 1113.22, 533.24, 30.02, 12.41
8.67, 5, white car, 841.50, 529.83, 871.04, 541.99, 856.27, 535.91, 841.50, 535.91, 871.04, 535.91, 29.55, 12.16
8.67, 45, white car, 1226.21, 521.03, 1258.50, 534.31, 1242.35, 527.67, 1226.21, 527.67, 1258.50, 527.67, 32.29, 13.27
8.67, 25, black car, 913.84, 531.27, 944.09, 543.84, 928.97, 537.56, 913.84, 537.56, 944.09, 537.56, 30.25, 12.57
8.67, 27, black car, 1080.69, 527.25, 1110.37, 539.54, 1095.53, 533.40, 1080.69, 533.40, 1110.37, 533.40, 29.69, 12.28
8.70, 5, white car, 838.43, 529.94, 868.21, 542.21, 853.32, 536.07, 838.43, 536.07, 868.21, 536.07, 29.78, 12.27
8.70, 45, white car, 1223.36, 521.26, 1255.54, 534.47, 1239.45, 527.86, 1223.36, 527.86, 1255.54, 527.86, 32.18, 13.21
8.70, 25, black car, 910.69, 531.56, 940.71, 544.06, 925.70, 537.81, 910.69, 537.81, 940.71, 537.81, 30.01, 12.49
8.70, 27, black car, 1077.50, 527.35, 1107.17, 539.66, 1092.34, 533.51, 1077.50, 533.51, 1107.17, 533.51, 29.67, 12.30
8.73, 5, white car, 835.57, 530.38, 865.32, 542.65, 850.44, 536.51, 835.57, 536.51, 865.32, 536.51, 29.75, 12.27
8.73, 45, white car, 1220.47, 521.45, 1252.80, 534.74, 1236.64, 528.09, 1220.47, 528.09, 1252.80, 528.09, 32.33, 13.28
8.73, 25, black car, 907.73, 531.59, 937.24, 543.90, 922.49, 537.75, 907.73, 537.75, 937.24, 537.75, 29.51, 12.31
8.73, 27, black car, 1074.60, 527.59, 1104.57, 540.04, 1089.59, 533.81, 1074.60, 533.81, 1104.57, 533.81, 29.96, 12.45
8.77, 5, white car, 832.77, 530.42, 862.35, 542.61, 847.56, 536.52, 832.77, 536.52, 862.35, 536.52, 29.58, 12.19
8.77, 45, white car, 1217.39, 521.38, 1249.57, 534.59, 1233.48, 527.99, 1217.39, 527.99, 1249.57, 527.99, 32.18, 13.21
8.77, 25, black car, 904.86, 531.46, 934.72, 543.93, 919.79, 537.70, 904.86, 537.70, 934.72, 537.70, 29.86, 12.47
8.77, 27, black car, 1071.57, 527.88, 1100.95, 540.07, 1086.26, 533.97, 1071.57, 533.97, 1100.95, 533.97, 29.37, 12.19
8.77, 52, black car, 1293.51, 510.19, 1322.85, 522.49, 1308.18, 516.34, 1293.51, 516.34, 1322.85, 516.34, 29.34, 12.30
8.80, 5, white car, 829.86, 530.65, 859.49, 542.86, 844.68, 536.76, 829.86, 536.76, 859.49, 536.76, 29.63, 12.21
8.80, 45, white car, 1214.00, 521.49, 1246.50, 534.83, 1230.25, 528.16, 1214.00, 528.16, 1246.50, 528.16, 32.50, 13.34
8.80, 25, black car, 901.87, 531.18, 932.29, 543.91, 917.08, 537.55, 901.87, 537.55, 932.29, 537.55, 30.42, 12.73
8.80, 27, black car, 1068.06, 527.84, 1098.34, 540.41, 1083.20, 534.13, 1068.06, 534.13, 1098.34, 534.13, 30.28, 12.57
8.80, 52, black car, 1290.67, 510.55, 1320.55, 523.10, 1305.61, 516.82, 1290.67, 516.82, 1320.55, 516.82, 29.87, 12.55
8.83, 5, white car, 826.93, 530.76, 856.73, 543.03, 841.83, 536.90, 826.93, 536.90, 856.73, 536.90, 29.80, 12.27
8.83, 45, white car, 1211.51, 521.53, 1243.62, 534.71, 1227.56, 528.12, 1211.51, 528.12, 1243.62, 528.12, 32.11, 13.18
8.83, 25, black car, 899.03, 531.32, 929.06, 543.90, 914.04, 537.61, 899.03, 537.61, 929.06, 537.61, 30.03, 12.58
8.83, 27, black car, 1065.22, 528.01, 1095.18, 540.46, 1080.20, 534.23, 1065.22, 534.23, 1095.18, 534.23, 29.96, 12.46
8.83, 52, black car, 1288.04, 510.74, 1318.13, 523.39, 1303.09, 517.07, 1288.04, 517.07, 1318.13, 517.07, 30.10, 12.64
8.87, 5, white car, 824.02, 530.66, 853.94, 542.99, 838.98, 536.82, 824.02, 536.82, 853.94, 536.82, 29.91, 12.33
8.87, 45, white car, 1208.37, 521.76, 1240.17, 534.80, 1224.27, 528.28, 1208.37, 528.28, 1240.17, 528.28, 31.80, 13.04
8.87, 25, black car, 895.81, 531.39, 926.14, 544.12, 910.98, 537.76, 895.81, 537.76, 926.14, 537.76, 30.33, 12.73
8.87, 27, black car, 1062.93, 528.13, 1092.66, 540.52, 1077.79, 534.33, 1062.93, 534.33, 1092.66, 534.33, 29.73, 12.38
8.87, 52, black car, 1285.61, 510.78, 1315.40, 523.28, 1300.51, 517.03, 1285.61, 517.03, 1315.40, 517.03, 29.79, 12.50
8.90, 5, white car, 821.16, 530.81, 851.12, 543.14, 836.14, 536.97, 821.16, 536.97, 851.12, 536.97, 29.97, 12.33
8.90, 45, white car, 1204.83, 521.64, 1237.42, 535.02, 1221.13, 528.33, 1204.83, 528.33, 1237.42, 528.33, 32.59, 13.38
8.90, 25, black car, 892.83, 531.74, 922.67, 544.25, 907.75, 538.00, 892.83, 538.00, 922.67, 538.00, 29.84, 12.51
8.90, 27, black car, 1060.95, 528.60, 1089.58, 540.52, 1075.27, 534.56, 1060.95, 534.56, 1089.58, 534.56, 28.63, 11.92
8.90, 52, black car, 1282.68, 510.83, 1312.46, 523.33, 1297.57, 517.08, 1282.68, 517.08, 1312.46, 517.08, 29.78, 12.50
8.93, 5, white car, 818.16, 530.90, 847.97, 543.15, 833.07, 537.02, 818.16, 537.02, 847.97, 537.02, 29.81, 12.26
8.93, 45, white car, 1201.35, 521.52, 1234.79, 535.27, 1218.07, 528.40, 1201.35, 528.40, 1234.79, 528.40, 33.44, 13.75
8.93, 25, black car, 890.02, 531.96, 919.63, 544.33, 904.83, 538.15, 890.02, 538.15, 919.63, 538.15, 29.61, 12.37
8.93, 27, black car, 1058.44, 529.00, 1086.29, 540.57, 1072.37, 534.79, 1058.44, 534.79, 1086.29, 534.79, 27.85, 11.57
8.93, 52, black car, 1279.56, 511.24, 1309.65, 523.83, 1294.60, 517.54, 1279.56, 517.54, 1309.65, 517.54, 30.09, 12.60
8.97, 5, white car, 815.17, 530.84, 845.15, 543.19, 830.16, 537.01, 815.17, 537.01, 845.15, 537.01, 29.98, 12.36
8.97, 45, white car, 1198.40, 521.67, 1232.01, 535.51, 1215.20, 528.59, 1198.40, 528.59, 1232.01, 528.59, 33.61, 13.83
8.97, 25, black car, 887.70, 532.14, 916.96, 544.35, 902.33, 538.24, 887.70, 538.24, 916.96, 538.24, 29.25, 12.21
8.97, 27, black car, 1054.85, 529.03, 1082.98, 540.68, 1068.92, 534.86, 1054.85, 534.86, 1082.98, 534.86, 28.13, 11.65
8.97, 52, black car, 1276.83, 511.56, 1306.48, 523.97, 1291.65, 517.76, 1276.83, 517.76, 1306.48, 517.76, 29.65, 12.40
9.00, 5, white car, 812.49, 530.96, 842.57, 543.38, 827.53, 537.17, 812.49, 537.17, 842.57, 537.17, 30.08, 12.42
9.00, 45, white car, 1195.90, 521.93, 1229.02, 535.57, 1212.46, 528.75, 1195.90, 528.75, 1229.02, 528.75, 33.12, 13.65
9.00, 27, black car, 1052.42, 529.26, 1080.30, 540.78, 1066.36, 535.02, 1052.42, 535.02, 1080.30, 535.02, 27.88, 11.53
9.00, 52, black car, 1273.75, 512.61, 1302.74, 524.74, 1288.25, 518.67, 1273.75, 518.67, 1302.74, 518.67, 28.98, 12.13
9.03, 5, white car, 809.70, 531.06, 839.64, 543.45, 824.67, 537.26, 809.70, 537.26, 839.64, 537.26, 29.94, 12.39
9.03, 45, white car, 1192.83, 521.95, 1226.08, 535.66, 1209.45, 528.80, 1192.83, 528.80, 1226.08, 528.80, 33.25, 13.71
9.03, 27, black car, 1049.45, 529.38, 1077.56, 540.99, 1063.50, 535.19, 1049.45, 535.19, 1077.56, 535.19, 28.11, 11.61
9.03, 52, black car, 1270.97, 513.23, 1299.01, 524.95, 1284.99, 519.09, 1270.97, 519.09, 1299.01, 519.09, 28.05, 11.72
9.07, 5, white car, 806.99, 531.11, 836.79, 543.46, 821.89, 537.28, 806.99, 537.28, 836.79, 537.28, 29.80, 12.35
9.07, 45, white car, 1189.75, 521.93, 1223.12, 535.73, 1206.43, 528.83, 1189.75, 528.83, 1223.12, 528.83, 33.38, 13.79
9.07, 27, black car, 1046.72, 529.51, 1074.53, 540.96, 1060.63, 535.24, 1046.72, 535.24, 1074.53, 535.24, 27.82, 11.45
9.07, 52, black car, 1268.33, 513.83, 1295.77, 525.30, 1282.05, 519.56, 1268.33, 519.56, 1295.77, 519.56, 27.43, 11.47
9.10, 5, white car, 804.06, 530.99, 833.97, 543.40, 819.02, 537.20, 804.06, 537.20, 833.97, 537.20, 29.91, 12.41
9.10, 45, white car, 1186.68, 522.07, 1219.84, 535.82, 1203.26, 528.95, 1186.68, 528.95, 1219.84, 528.95, 33.16, 13.75
9.10, 27, black car, 1044.08, 529.49, 1071.80, 540.86, 1057.94, 535.17, 1044.08, 535.17, 1071.80, 535.17, 27.72, 11.37
9.10, 52, black car, 1265.21, 513.78, 1293.44, 525.58, 1279.33, 519.68, 1265.21, 519.68, 1293.44, 519.68, 28.23, 11.80
9.13, 5, white car, 801.50, 531.05, 831.36, 543.44, 816.43, 537.25, 801.50, 537.25, 831.36, 537.25, 29.87, 12.40
9.13, 45, white car, 1183.70, 522.22, 1216.72, 535.93, 1200.21, 529.08, 1183.70, 529.08, 1216.72, 529.08, 33.02, 13.71
9.13, 27, black car, 1040.69, 529.16, 1069.33, 540.88, 1055.01, 535.02, 1040.69, 535.02, 1069.33, 535.02, 28.64, 11.73
9.13, 52, black car, 1262.21, 513.74, 1290.76, 525.69, 1276.49, 519.71, 1262.21, 519.71, 1290.76, 519.71, 28.55, 11.95
9.17, 5, white car, 799.11, 531.36, 828.68, 543.61, 813.89, 537.48, 799.11, 537.48, 828.68, 537.48, 29.57, 12.25
9.17, 45, white car, 1181.09, 522.51, 1213.51, 535.97, 1197.30, 529.24, 1181.09, 529.24, 1213.51, 529.24, 32.41, 13.46
9.17, 27, black car, 1037.76, 529.34, 1066.34, 541.03, 1052.05, 535.18, 1037.76, 535.18, 1066.34, 535.18, 28.57, 11.69
9.17, 52, black car, 1259.42, 513.82, 1288.06, 525.78, 1273.74, 519.80, 1259.42, 519.80, 1288.06, 519.80, 28.64, 11.96
9.20, 5, white car, 796.16, 531.44, 825.70, 543.69, 810.93, 537.56, 796.16, 537.56, 825.70, 537.56, 29.54, 12.25
9.20, 45, white car, 1178.30, 522.84, 1210.42, 536.19, 1194.36, 529.51, 1178.30, 529.51, 1210.42, 529.51, 32.13, 13.34
9.20, 27, black car, 1034.89, 529.52, 1063.70, 541.31, 1049.30, 535.42, 1034.89, 535.42, 1063.70, 535.42, 28.81, 11.79
9.20, 52, black car, 1256.79, 514.22, 1285.21, 526.04, 1271.00, 520.13, 1256.79, 520.13, 1285.21, 520.13, 28.42, 11.81
9.23, 5, white car, 793.53, 531.72, 822.61, 543.76, 808.07, 537.74, 793.53, 537.74, 822.61, 537.74, 29.07, 12.04
9.23, 45, white car, 1175.35, 522.91, 1207.21, 536.13, 1191.28, 529.52, 1175.35, 529.52, 1207.21, 529.52, 31.87, 13.22
9.23, 27, black car, 1032.05, 529.66, 1060.41, 541.24, 1046.23, 535.45, 1032.05, 535.45, 1060.41, 535.45, 28.36, 11.59
9.23, 52, black car, 1253.95, 514.63, 1281.77, 526.16, 1267.86, 520.39, 1253.95, 520.39, 1281.77, 520.39, 27.82, 11.53
9.27, 5, white car, 790.56, 531.75, 819.87, 543.88, 805.21, 537.81, 790.56, 537.81, 819.87, 537.81, 29.31, 12.13
9.27, 45, white car, 1172.44, 523.03, 1204.24, 536.23, 1188.34, 529.63, 1172.44, 529.63, 1204.24, 529.63, 31.80, 13.20
9.27, 27, black car, 1029.67, 529.90, 1057.78, 541.36, 1043.72, 535.63, 1029.67, 535.63, 1057.78, 535.63, 28.11, 11.46
9.27, 52, black car, 1250.91, 514.94, 1279.01, 526.53, 1264.96, 520.73, 1250.91, 520.73, 1279.01, 520.73, 28.11, 11.59
9.30, 5, white car, 787.49, 531.93, 816.69, 544.00, 802.09, 537.97, 787.49, 537.97, 816.69, 537.97, 29.20, 12.07
9.30, 45, white car, 1169.70, 523.12, 1201.46, 536.32, 1185.58, 529.72, 1169.70, 529.72, 1201.46, 529.72, 31.77, 13.19
9.30, 27, black car, 1026.78, 530.14, 1054.70, 541.53, 1040.74, 535.84, 1026.78, 535.84, 1054.70, 535.84, 27.92, 11.39
9.30, 52, black car, 1248.05, 515.09, 1276.64, 526.85, 1262.35, 520.97, 1248.05, 520.97, 1276.64, 520.97, 28.59, 11.76
9.33, 5, white car, 784.64, 532.08, 813.89, 544.16, 799.27, 538.12, 784.64, 538.12, 813.89, 538.12, 29.25, 12.08
9.33, 45, white car, 1166.95, 523.12, 1198.51, 536.21, 1182.73, 529.66, 1166.95, 529.66, 1198.51, 529.66, 31.56, 13.09
9.33, 27, black car, 1024.13, 530.19, 1051.83, 541.51, 1037.98, 535.85, 1024.13, 535.85, 1051.83, 535.85, 27.70, 11.31
9.33, 52, black car, 1245.27, 515.30, 1273.84, 527.03, 1259.56, 521.16, 1245.27, 521.16, 1273.84, 521.16, 28.57, 11.73
9.37, 5, white car, 781.89, 531.86, 811.50, 544.10, 796.70, 537.98, 781.89, 537.98, 811.50, 537.98, 29.61, 12.24
9.37, 45, white car, 1163.82, 523.18, 1195.58, 536.35, 1179.70, 529.76, 1163.82, 529.76, 1195.58, 529.76, 31.76, 13.17
9.37, 27, black car, 1021.17, 530.07, 1048.96, 541.44, 1035.06, 535.75, 1021.17, 535.75, 1048.96, 535.75, 27.79, 11.37
9.37, 52, black car, 1242.58, 515.22, 1271.13, 526.93, 1256.85, 521.07, 1242.58, 521.07, 1271.13, 521.07, 28.55, 11.72
9.40, 5, white car, 779.09, 531.99, 808.82, 544.29, 793.96, 538.14, 779.09, 538.14, 808.82, 538.14, 29.73, 12.30
9.40, 45, white car, 1160.30, 523.31, 1192.75, 536.77, 1176.53, 530.04, 1160.30, 530.04, 1192.75, 530.04, 32.44, 13.46
9.40, 27, black car, 1018.30, 530.11, 1046.20, 541.51, 1032.25, 535.81, 1018.30, 535.81, 1046.20, 535.81, 27.90, 11.40
9.40, 52, black car, 1240.06, 515.51, 1268.35, 527.11, 1254.21, 521.31, 1240.06, 521.31, 1268.35, 521.31, 28.30, 11.60
9.43, 5, white car, 776.40, 532.06, 805.92, 544.28, 791.16, 538.17, 776.40, 538.17, 805.92, 538.17, 29.52, 12.22
9.43, 45, white car, 1157.25, 523.36, 1189.79, 536.89, 1173.52, 530.12, 1157.25, 530.12, 1189.79, 530.12, 32.54, 13.53
9.43, 27, black car, 1014.88, 530.07, 1043.29, 541.66, 1029.08, 535.87, 1014.88, 535.87, 1043.29, 535.87, 28.40, 11.59
9.43, 52, black car, 1237.23, 515.68, 1266.06, 527.47, 1251.64, 521.58, 1237.23, 521.58, 1266.06, 521.58, 28.83, 11.78
9.47, 5, white car, 773.78, 532.09, 803.01, 544.18, 788.39, 538.14, 773.78, 538.14, 803.01, 538.14, 29.23, 12.09
9.47, 45, white car, 1154.67, 523.56, 1186.54, 536.83, 1170.60, 530.20, 1154.67, 530.20, 1186.54, 530.20, 31.87, 13.27
9.47, 27, black car, 1011.09, 530.03, 1039.98, 541.83, 1025.53, 535.93, 1011.09, 535.93, 1039.98, 535.93, 28.89, 11.80
9.47, 52, black car, 1234.45, 515.81, 1263.59, 527.70, 1249.02, 521.76, 1234.45, 521.76, 1263.59, 521.76, 29.14, 11.89
9.50, 5, white car, 771.07, 532.31, 800.30, 544.37, 785.68, 538.34, 771.07, 538.34, 800.30, 538.34, 29.23, 12.07
9.50, 45, white car, 1151.59, 523.79, 1183.22, 536.96, 1167.40, 530.38, 1151.59, 530.38, 1183.22, 530.38, 31.63, 13.17
9.50, 27, black car, 1007.78, 530.24, 1036.91, 542.16, 1022.34, 536.20, 1007.78, 536.20, 1036.91, 536.20, 29.14, 11.93
9.50, 52, black car, 1231.41, 516.27, 1259.95, 527.91, 1245.68, 522.09, 1231.41, 522.09, 1259.95, 522.09, 28.54, 11.64
9.53, 5, white car, 767.86, 532.22, 797.69, 544.54, 782.77, 538.38, 767.86, 538.38, 797.69, 538.38, 29.83, 12.32
9.53, 45, white car, 1148.26, 523.92, 1180.47, 537.35, 1164.36, 530.64, 1148.26, 530.64, 1180.47, 530.64, 32.21, 13.43
9.53, 27, black car, 1004.95, 530.13, 1034.35, 542.19, 1019.65, 536.16, 1004.95, 536.16, 1034.35, 536.16, 29.40, 12.06
9.53, 52, black car, 1228.67, 516.53, 1257.07, 528.09, 1242.87, 522.31, 1228.67, 522.31, 1257.07, 522.31, 28.41, 11.56
9.57, 5, white car, 764.94, 532.14, 794.94, 544.54, 779.94, 538.34, 764.94, 538.34, 794.94, 538.34, 30.00, 12.40
9.57, 45, white car, 1145.34, 524.04, 1177.27, 537.38, 1161.31, 530.71, 1145.34, 530.71, 1177.27, 530.71, 31.93, 13.34
9.57, 27, black car, 1002.63, 530.16, 1032.17, 542.27, 1017.40, 536.22, 1002.63, 536.22, 1032.17, 536.22, 29.54, 12.11
9.57, 52, black car, 1225.66, 516.84, 1254.07, 528.38, 1239.86, 522.61, 1225.66, 522.61, 1254.07, 522.61, 28.41, 11.55
9.60, 5, white car, 761.90, 532.13, 791.97, 544.58, 776.94, 538.36, 761.90, 538.36, 791.97, 538.36, 30.08, 12.45
9.60, 45, white car, 1142.33, 524.29, 1174.00, 537.52, 1158.16, 530.91, 1142.33, 530.91, 1174.00, 530.91, 31.67, 13.23
9.60, 27, black car, 1000.04, 530.48, 1029.36, 542.50, 1014.70, 536.49, 1000.04, 536.49, 1029.36, 536.49, 29.32, 12.02
9.60, 52, black car, 1222.40, 517.48, 1250.71, 528.97, 1236.55, 523.22, 1222.40, 523.22, 1250.71, 523.22, 28.31, 11.49
9.63, 5, white car, 759.09, 532.16, 789.20, 544.63, 774.15, 538.39, 759.09, 538.39, 789.20, 538.39, 30.11, 12.47
9.63, 45, white car, 1139.83, 524.53, 1170.69, 537.42, 1155.26, 530.98, 1139.83, 530.98, 1170.69, 530.98, 30.86, 12.89
9.63, 27, black car, 997.70, 530.35, 1026.75, 542.25, 1012.23, 536.30, 997.70, 536.30, 1026.75, 536.30, 29.05, 11.90
9.63, 52, black car, 1219.50, 517.58, 1248.38, 529.26, 1233.94, 523.42, 1219.50, 523.42, 1248.38, 523.42, 28.88, 11.68
9.67, 5, white car, 756.61, 532.35, 786.83, 544.85, 771.72, 538.60, 756.61, 538.60, 786.83, 538.60, 30.22, 12.49
9.67, 45, white car, 1136.79, 524.64, 1167.97, 537.70, 1152.38, 531.17, 1136.79, 531.17, 1167.97, 531.17, 31.19, 13.05
9.67, 27, black car, 994.65, 530.36, 1023.85, 542.36, 1009.25, 536.36, 994.65, 536.36, 1023.85, 536.36, 29.20, 12.00
9.67, 52, black car, 1217.49, 517.85, 1245.72, 529.20, 1231.61, 523.53, 1217.49, 523.53, 1245.72, 523.53, 28.23, 11.35
9.70, 5, white car, 753.59, 532.45, 783.85, 544.98, 768.72, 538.72, 753.59, 538.72, 783.85, 538.72, 30.26, 12.53
9.70, 45, white car, 1133.86, 524.68, 1165.34, 537.87, 1149.60, 531.28, 1133.86, 531.28, 1165.34, 531.28, 31.47, 13.19
9.70, 27, black car, 991.61, 530.37, 1021.39, 542.66, 1006.50, 536.52, 991.61, 536.52, 1021.39, 536.52, 29.77, 12.29
9.70, 52, black car, 1214.71, 517.94, 1243.14, 529.32, 1228.92, 523.63, 1214.71, 523.63, 1243.14, 523.63, 28.42, 11.38
9.73, 5, white car, 750.89, 532.42, 781.14, 544.97, 766.02, 538.69, 750.89, 538.69, 781.14, 538.69, 30.25, 12.55
9.73, 45, white car, 1131.08, 524.66, 1162.38, 537.78, 1146.73, 531.22, 1131.08, 531.22, 1162.38, 531.22, 31.30, 13.13
9.73, 27, black car, 989.51, 530.19, 1019.18, 542.43, 1004.35, 536.31, 989.51, 536.31, 1019.18, 536.31, 29.68, 12.24
9.73, 52, black car, 1211.90, 518.13, 1240.59, 529.55, 1226.24, 523.84, 1211.90, 523.84, 1240.59, 523.84, 28.69, 11.43
9.77, 45, white car, 1128.18, 524.72, 1159.27, 537.77, 1143.72, 531.24, 1128.18, 531.24, 1159.27, 531.24, 31.10, 13.06
9.77, 27, black car, 986.94, 530.27, 1016.94, 542.60, 1001.94, 536.43, 986.94, 536.43, 1016.94, 536.43, 29.99, 12.33
9.77, 52, black car, 1208.76, 518.44, 1237.82, 529.97, 1223.29, 524.20, 1208.76, 524.20, 1237.82, 524.20, 29.06, 11.53
9.80, 45, white car, 1125.40, 524.62, 1156.09, 537.48, 1140.74, 531.05, 1125.40, 531.05, 1156.09, 531.05, 30.70, 12.86
9.80, 27, black car, 984.13, 530.43, 1014.37, 542.83, 999.25, 536.63, 984.13, 536.63, 1014.37, 536.63, 30.25, 12.40
9.80, 52, black car, 1205.48, 518.50, 1234.93, 530.17, 1220.21, 524.33, 1205.48, 524.33, 1234.93, 524.33, 29.45, 11.67
9.83, 45, white car, 1122.24, 524.71, 1153.54, 537.84, 1137.89, 531.27, 1122.24, 531.27, 1153.54, 531.27, 31.30, 13.13
9.83, 27, black car, 980.40, 530.68, 1010.99, 543.26, 995.69, 536.97, 980.40, 536.97, 1010.99, 536.97, 30.59, 12.58
9.83, 52, black car, 1203.04, 518.33, 1232.93, 530.15, 1217.98, 524.24, 1203.04, 524.24, 1232.93, 524.24, 29.89, 11.83
9.87, 45, white car, 1118.63, 524.71, 1150.42, 538.07, 1134.53, 531.39, 1118.63, 531.39, 1150.42, 531.39, 31.79, 13.36
9.87, 27, black car, 977.45, 530.64, 1008.41, 543.42, 992.93, 537.03, 977.45, 537.03, 1008.41, 537.03, 30.97, 12.78
9.87, 52, black car, 1200.45, 518.26, 1230.32, 530.06, 1215.38, 524.16, 1200.45, 524.16, 1230.32, 524.16, 29.87, 11.80
9.90, 45, white car, 1115.98, 524.88, 1147.43, 538.09, 1131.71, 531.48, 1115.98, 531.48, 1147.43, 531.48, 31.46, 13.21
9.90, 27, black car, 974.79, 530.98, 1005.24, 543.54, 990.01, 537.26, 974.79, 537.26, 1005.24, 537.26, 30.45, 12.56
9.90, 52, black car, 1197.69, 518.43, 1227.36, 530.15, 1212.53, 524.29, 1197.69, 524.29, 1227.36, 524.29, 29.67, 11.72
9.93, 45, white car, 1113.33, 524.88, 1144.73, 538.08, 1129.03, 531.48, 1113.33, 531.48, 1144.73, 531.48, 31.40, 13.20
9.93, 27, black car, 971.99, 531.02, 1002.10, 543.45, 987.04, 537.23, 971.99, 537.23, 1002.10, 537.23, 30.11, 12.44
9.93, 52, black car, 1195.03, 518.40, 1225.22, 530.29, 1210.13, 524.34, 1195.03, 524.34, 1225.22, 524.34, 30.19, 11.89
9.97, 45, white car, 1110.41, 524.91, 1141.52, 537.99, 1125.97, 531.45, 1110.41, 531.45, 1141.52, 531.45, 31.11, 13.08
9.97, 27, black car, 968.96, 531.30, 998.22, 543.39, 983.59, 537.35, 968.96, 537.35, 998.22, 537.35, 29.26, 12.09
9.97, 52, black car, 1191.80, 518.58, 1221.74, 530.36, 1206.77, 524.47, 1191.80, 524.47, 1221.74, 524.47, 29.94, 11.78
