0.00, 19, white car, 313.61, 488.19, 340.69, 501.33, 327.15, 494.76, 313.61, 494.76, 340.69, 494.76, 27.08, 13.14
0.00, 38, white car, 508.04, 503.65, 538.21, 517.64, 523.12, 510.65, 508.04, 510.65, 538.21, 510.65, 30.17, 13.99
0.03, 19, white car, 311.74, 488.04, 338.56, 501.05, 325.15, 494.54, 311.74, 494.54, 338.56, 494.54, 26.81, 13.01
0.03, 38, white car, 506.33, 503.50, 535.59, 517.06, 520.96, 510.28, 506.33, 510.28, 535.59, 510.28, 29.25, 13.56
0.07, 19, white car, 309.59, 487.81, 336.44, 500.84, 323.01, 494.32, 309.59, 494.32, 336.44, 494.32, 26.86, 13.04
0.07, 38, white car, 504.70, 503.37, 533.46, 516.69, 519.08, 510.03, 504.70, 510.03, 533.46, 510.03, 28.76, 13.32
0.10, 19, white car, 306.93, 487.41, 334.22, 500.66, 320.57, 494.03, 306.93, 494.03, 334.22, 494.03, 27.29, 13.25
0.10, 38, white car, 502.24, 503.07, 531.40, 516.57, 516.82, 509.82, 502.24, 509.82, 531.40, 509.82, 29.16, 13.50
0.13, 19, white car, 304.70, 487.21, 331.71, 500.32, 318.20, 493.76, 304.70, 493.76, 331.71, 493.76, 27.01, 13.11
0.13, 38, white car, 499.91, 502.85, 529.57, 516.58, 514.74, 509.72, 499.91, 509.72, 529.57, 509.72, 29.66, 13.73
0.17, 19, white car, 302.58, 486.79, 329.72, 499.97, 316.15, 493.38, 302.58, 493.38, 329.72, 493.38, 27.15, 13.18
0.17, 38, white car, 497.91, 502.69, 527.65, 516.43, 512.78, 509.56, 497.91, 509.56, 527.65, 509.56, 29.74, 13.74
0.20, 19, white car, 300.32, 486.42, 327.75, 499.75, 314.04, 493.08, 300.32, 493.08, 327.75, 493.08, 27.43, 13.32
0.20, 38, white car, 495.35, 502.54, 525.59, 516.50, 510.47, 509.52, 495.35, 509.52, 525.59, 509.52, 30.24, 13.96
0.23, 19, white car, 298.13, 486.18, 325.41, 499.43, 311.77, 492.80, 298.13, 492.80, 325.41, 492.80, 27.28, 13.24
0.23, 38, white car, 492.98, 502.48, 523.27, 516.42, 508.13, 509.45, 492.98, 509.45, 523.27, 509.45, 30.29, 13.94
0.27, 19, white car, 296.02, 486.08, 322.98, 499.17, 309.50, 492.63, 296.02, 492.63, 322.98, 492.63, 26.96, 13.10
0.27, 38, white car, 490.64, 502.28, 521.05, 516.23, 505.84, 509.26, 490.64, 509.26, 521.05, 509.26, 30.41, 13.95
0.30, 19, white car, 293.93, 485.94, 320.42, 498.79, 307.17, 492.37, 293.93, 492.37, 320.42, 492.37, 26.49, 12.85
0.30, 38, white car, 487.87, 502.05, 518.29, 516.03, 503.08, 509.04, 487.87, 509.04, 518.29, 509.04, 30.42, 13.98
0.33, 19, white car, 292.01, 485.88, 318.17, 498.54, 305.09, 492.21, 292.01, 492.21, 318.17, 492.21, 26.15, 12.66
0.33, 38, white car, 485.72, 501.72, 516.34, 515.83, 501.03, 508.78, 485.72, 508.78, 516.34, 508.78, 30.62, 14.11
0.37, 19, white car, 289.95, 485.72, 316.34, 498.46, 303.14, 492.09, 289.95, 492.09, 316.34, 492.09, 26.39, 12.74
0.37, 38, white car, 483.48, 501.23, 514.52, 515.59, 499.00, 508.41, 483.48, 508.41, 514.52, 508.41, 31.04, 14.36
0.40, 19, white car, 288.12, 485.77, 314.19, 498.34, 301.16, 492.05, 288.12, 492.05, 314.19, 492.05, 26.08, 12.57
0.40, 38, white car, 481.01, 500.67, 512.61, 515.37, 496.81, 508.02, 481.01, 508.02, 512.61, 508.02, 31.60, 14.71
0.43, 19, white car, 286.58, 485.83, 312.44, 498.26, 299.51, 492.05, 286.58, 492.05, 312.44, 492.05, 25.87, 12.43
0.43, 38, white car, 478.84, 500.34, 510.49, 515.13, 494.67, 507.74, 478.84, 507.74, 510.49, 507.74, 31.65, 14.79
0.47, 19, white car, 284.21, 485.53, 310.37, 498.07, 297.29, 491.80, 284.21, 491.80, 310.37, 491.80, 26.16, 12.54
0.47, 38, white car, 476.70, 500.30, 507.82, 514.88, 492.26, 507.59, 476.70, 507.59, 507.82, 507.59, 31.12, 14.58
0.50, 19, white car, 281.57, 485.22, 307.90, 497.81, 294.74, 491.51, 281.57, 491.51, 307.90, 491.51, 26.33, 12.59
0.50, 38, white car, 474.36, 499.92, 505.53, 514.60, 489.95, 507.26, 474.36, 507.26, 505.53, 507.26, 31.17, 14.68
0.53, 19, white car, 279.21, 485.09, 305.70, 497.71, 292.45, 491.40, 279.21, 491.40, 305.70, 491.40, 26.49, 12.62
0.53, 38, white car, 472.50, 499.46, 503.75, 514.25, 488.13, 506.86, 472.50, 506.86, 503.75, 506.86, 31.25, 14.78
0.57, 19, white car, 276.62, 484.82, 303.59, 497.65, 290.11, 491.23, 276.62, 491.23, 303.59, 491.23, 26.97, 12.83
0.57, 38, white car, 469.94, 498.98, 501.77, 514.11, 485.86, 506.54, 469.94, 506.54, 501.77, 506.54, 31.83, 15.13
0.60, 19, white car, 274.34, 484.64, 301.51, 497.58, 287.92, 491.11, 274.34, 491.11, 301.51, 491.11, 27.16, 12.94
0.60, 38, white car, 467.62, 498.90, 499.46, 514.12, 483.54, 506.51, 467.62, 506.51, 499.46, 506.51, 31.83, 15.22
0.63, 19, white car, 272.65, 484.48, 299.60, 497.34, 286.12, 490.91, 272.65, 490.91, 299.60, 490.91, 26.96, 12.86
0.63, 38, white car, 465.42, 498.93, 497.12, 514.15, 481.27, 506.54, 465.42, 506.54, 497.12, 506.54, 31.70, 15.22
0.67, 19, white car, 270.76, 484.18, 297.73, 497.06, 284.24, 490.62, 270.76, 490.62, 297.73, 490.62, 26.97, 12.89
0.67, 38, white car, 463.61, 498.82, 494.99, 513.92, 479.30, 506.37, 463.61, 506.37, 494.99, 506.37, 31.38, 15.10
0.70, 19, white car, 268.33, 483.99, 295.49, 496.99, 281.91, 490.49, 268.33, 490.49, 295.49, 490.49, 27.16, 13.00
0.70, 38, white car, 461.67, 498.63, 492.81, 513.64, 477.24, 506.14, 461.67, 506.14, 492.81, 506.14, 31.15, 15.01
0.73, 19, white car, 266.10, 483.79, 293.16, 496.78, 279.63, 490.29, 266.10, 490.29, 293.16, 490.29, 27.06, 12.99
0.73, 38, white car, 459.53, 498.34, 490.44, 513.25, 474.98, 505.80, 459.53, 505.80, 490.44, 505.80, 30.91, 14.90
0.77, 19, white car, 263.84, 483.64, 290.94, 496.66, 277.39, 490.15, 263.84, 490.15, 290.94, 490.15, 27.11, 13.02
0.77, 38, white car, 457.69, 498.32, 488.11, 512.99, 472.90, 505.66, 457.69, 505.66, 488.11, 505.66, 30.42, 14.68
0.80, 19, white car, 261.82, 483.35, 289.23, 496.50, 275.52, 489.93, 261.82, 489.93, 289.23, 489.93, 27.41, 13.16
0.80, 38, white car, 455.77, 498.20, 486.11, 512.86, 470.94, 505.53, 455.77, 505.53, 486.11, 505.53, 30.35, 14.67
0.83, 19, white car, 259.78, 483.26, 287.07, 496.38, 273.42, 489.82, 259.78, 489.82, 287.07, 489.82, 27.29, 13.12
0.83, 38, white car, 453.53, 498.04, 483.86, 512.73, 468.69, 505.38, 453.53, 505.38, 483.86, 505.38, 30.33, 14.69
0.87, 19, white car, 258.09, 483.23, 284.88, 496.10, 271.48, 489.66, 258.09, 489.66, 284.88, 489.66, 26.79, 12.87
0.87, 38, white car, 450.86, 498.05, 480.98, 512.67, 465.92, 505.36, 450.86, 505.36, 480.98, 505.36, 30.12, 14.62
0.90, 19, white car, 256.11, 482.88, 283.09, 495.83, 269.60, 489.36, 256.11, 489.36, 283.09, 489.36, 26.97, 12.95
0.90, 38, white car, 448.60, 497.92, 478.66, 512.51, 463.63, 505.22, 448.60, 505.22, 478.66, 505.22, 30.06, 14.59
0.93, 19, white car, 253.84, 482.62, 280.83, 495.59, 267.34, 489.11, 253.84, 489.11, 280.83, 489.11, 26.99, 12.97
0.93, 38, white car, 446.58, 497.84, 476.44, 512.25, 461.51, 505.05, 446.58, 505.05, 476.44, 505.05, 29.86, 14.42
0.97, 19, white car, 251.40, 482.32, 278.57, 495.38, 264.99, 488.85, 251.40, 488.85, 278.57, 488.85, 27.16, 13.06
0.97, 38, white car, 444.81, 497.79, 474.35, 512.00, 459.58, 504.90, 444.81, 504.90, 474.35, 504.90, 29.54, 14.21
1.00, 19, white car, 249.03, 482.22, 276.08, 495.21, 262.55, 488.71, 249.03, 488.71, 276.08, 488.71, 27.05, 12.99
1.00, 38, white car, 442.61, 497.68, 471.60, 511.57, 457.11, 504.62, 442.61, 504.62, 471.60, 504.62, 28.98, 13.89
1.03, 19, white car, 247.00, 482.14, 273.97, 495.11, 260.48, 488.62, 247.00, 488.62, 273.97, 488.62, 26.96, 12.96
1.03, 38, white car, 440.34, 497.37, 469.47, 511.34, 454.91, 504.36, 440.34, 504.36, 469.47, 504.36, 29.13, 13.97
1.07, 19, white car, 245.07, 481.85, 271.99, 494.77, 258.53, 488.31, 245.07, 488.31, 271.99, 488.31, 26.92, 12.92
1.07, 38, white car, 437.72, 496.84, 467.75, 511.30, 452.74, 504.07, 437.72, 504.07, 467.75, 504.07, 30.03, 14.45
1.10, 19, white car, 243.01, 481.56, 269.82, 494.41, 256.41, 487.98, 243.01, 487.98, 269.82, 487.98, 26.81, 12.85
1.10, 38, white car, 435.33, 496.54, 465.69, 511.17, 450.51, 503.86, 435.33, 503.86, 465.69, 503.86, 30.36, 14.63
1.13, 19, white car, 240.86, 481.32, 267.91, 494.28, 254.39, 487.80, 240.86, 487.80, 267.91, 487.80, 27.05, 12.96
1.13, 38, white car, 433.01, 496.19, 463.71, 511.02, 448.36, 503.60, 433.01, 503.60, 463.71, 503.60, 30.69, 14.83
1.17, 19, white car, 238.85, 481.10, 265.59, 493.93, 252.22, 487.51, 238.85, 487.51, 265.59, 487.51, 26.75, 12.83
1.17, 38, white car, 430.84, 496.07, 461.30, 510.84, 446.07, 503.45, 430.84, 503.45, 461.30, 503.45, 30.46, 14.77
1.20, 19, white car, 236.90, 480.94, 263.59, 493.75, 250.25, 487.35, 236.90, 487.35, 263.59, 487.35, 26.69, 12.81
1.20, 38, white car, 429.14, 496.06, 459.36, 510.71, 444.25, 503.39, 429.14, 503.39, 459.36, 503.39, 30.22, 14.64
1.23, 19, white car, 234.72, 480.94, 261.11, 493.55, 247.92, 487.25, 234.72, 487.25, 261.11, 487.25, 26.39, 12.61
1.23, 38, white car, 427.00, 495.70, 457.35, 510.39, 442.18, 503.05, 427.00, 503.05, 457.35, 503.05, 30.35, 14.69
1.27, 19, white car, 232.64, 480.84, 258.92, 493.38, 245.78, 487.11, 232.64, 487.11, 258.92, 487.11, 26.28, 12.54
1.27, 38, white car, 424.79, 495.54, 455.34, 510.32, 440.06, 502.93, 424.79, 502.93, 455.34, 502.93, 30.54, 14.78
1.30, 19, white car, 230.62, 480.76, 256.83, 493.23, 243.72, 487.00, 230.62, 487.00, 256.83, 487.00, 26.21, 12.47
1.30, 38, white car, 422.90, 495.40, 453.27, 510.11, 438.09, 502.75, 422.90, 502.75, 453.27, 502.75, 30.37, 14.71
1.33, 19, white car, 228.57, 480.54, 254.73, 493.00, 241.65, 486.77, 228.57, 486.77, 254.73, 486.77, 26.16, 12.45
1.33, 38, white car, 420.65, 495.12, 451.02, 509.84, 435.83, 502.48, 420.65, 502.48, 451.02, 502.48, 30.36, 14.72
1.37, 19, white car, 226.06, 480.32, 252.14, 492.70, 239.10, 486.51, 226.06, 486.51, 252.14, 486.51, 26.08, 12.38
1.37, 38, white car, 418.32, 494.94, 448.68, 509.64, 433.50, 502.29, 418.32, 502.29, 448.68, 502.29, 30.36, 14.69
1.40, 19, white car, 223.89, 480.01, 249.96, 492.36, 236.93, 486.19, 223.89, 486.19, 249.96, 486.19, 26.07, 12.35
1.40, 38, white car, 416.52, 494.72, 446.92, 509.41, 431.72, 502.07, 416.52, 502.07, 446.92, 502.07, 30.40, 14.69
1.43, 19, white car, 221.65, 479.52, 248.57, 492.26, 235.11, 485.89, 221.65, 485.89, 248.57, 485.89, 26.92, 12.74
1.43, 38, white car, 414.52, 494.48, 445.18, 509.30, 429.85, 501.89, 414.52, 501.89, 445.18, 501.89, 30.67, 14.82
1.47, 19, white car, 219.29, 479.17, 246.57, 492.09, 232.93, 485.63, 219.29, 485.63, 246.57, 485.63, 27.28, 12.92
1.47, 38, white car, 412.37, 494.39, 442.87, 509.12, 427.62, 501.75, 412.37, 501.75, 442.87, 501.75, 30.50, 14.73
1.50, 19, white car, 217.03, 478.87, 244.28, 491.77, 230.66, 485.32, 217.03, 485.32, 244.28, 485.32, 27.24, 12.90
1.50, 38, white car, 409.92, 494.07, 440.85, 509.05, 425.38, 501.56, 409.92, 501.56, 440.85, 501.56, 30.94, 14.98
1.53, 19, white car, 214.90, 478.66, 242.14, 491.55, 228.52, 485.10, 214.90, 485.10, 242.14, 485.10, 27.24, 12.89
1.53, 38, white car, 407.36, 493.78, 438.78, 509.06, 423.07, 501.42, 407.36, 501.42, 438.78, 501.42, 31.41, 15.28
1.57, 19, white car, 212.57, 478.38, 240.02, 491.36, 226.30, 484.87, 212.57, 484.87, 240.02, 484.87, 27.45, 12.98
1.57, 38, white car, 405.27, 493.57, 436.74, 508.93, 421.00, 501.25, 405.27, 501.25, 436.74, 501.25, 31.47, 15.37
1.60, 19, white car, 210.12, 477.98, 237.94, 491.21, 224.03, 484.59, 210.12, 484.59, 237.94, 484.59, 27.82, 13.23
1.60, 38, white car, 403.36, 493.21, 434.98, 508.69, 419.17, 500.95, 403.36, 500.95, 434.98, 500.95, 31.62, 15.48
1.63, 19, white car, 207.93, 477.67, 236.03, 491.13, 221.98, 484.40, 207.93, 484.40, 236.03, 484.40, 28.10, 13.46
1.63, 38, white car, 401.30, 493.25, 432.29, 508.40, 416.80, 500.82, 401.30, 500.82, 432.29, 500.82, 30.99, 15.15
1.67, 19, white car, 205.59, 477.42, 234.02, 491.12, 219.81, 484.27, 205.59, 484.27, 234.02, 484.27, 28.42, 13.70
1.67, 38, white car, 399.07, 492.69, 429.62, 507.63, 414.34, 500.16, 399.07, 500.16, 429.62, 500.16, 30.55, 14.94
1.70, 38, white car, 396.86, 492.25, 427.55, 507.28, 412.20, 499.76, 396.86, 499.76, 427.55, 499.76, 30.69, 15.03
1.73, 38, white car, 394.50, 492.15, 425.20, 507.22, 409.85, 499.68, 394.50, 499.68, 425.20, 499.68, 30.70, 15.07
1.77, 38, white car, 391.60, 491.85, 422.59, 507.10, 407.09, 499.47, 391.60, 499.47, 422.59, 499.47, 30.99, 15.25
1.80, 38, white car, 389.26, 491.57, 420.15, 506.82, 404.70, 499.20, 389.26, 499.20, 420.15, 499.20, 30.90, 15.24
1.83, 38, white car, 387.91, 491.41, 418.44, 506.48, 403.18, 498.94, 387.91, 498.94, 418.44, 498.94, 30.53, 15.07
1.87, 38, white car, 385.93, 491.16, 416.80, 506.37, 401.37, 498.77, 385.93, 498.77, 416.80, 498.77, 30.87, 15.21
1.90, 38, white car, 383.67, 491.20, 414.56, 506.35, 399.11, 498.77, 383.67, 498.77, 414.56, 498.77, 30.89, 15.15
1.90, 19, white car, 191.00, 475.96, 218.49, 489.18, 204.75, 482.57, 191.00, 482.57, 218.49, 482.57, 27.49, 13.22
1.93, 38, white car, 381.60, 491.11, 412.81, 506.40, 397.21, 498.76, 381.60, 498.76, 412.81, 498.76, 31.20, 15.28
1.93, 19, white car, 189.25, 475.84, 216.95, 489.13, 203.10, 482.48, 189.25, 482.48, 216.95, 482.48, 27.70, 13.29
1.97, 38, white car, 379.91, 491.06, 410.75, 506.11, 395.33, 498.59, 379.91, 498.59, 410.75, 498.59, 30.83, 15.05
1.97, 19, white car, 186.67, 475.56, 215.28, 489.33, 200.97, 482.44, 186.67, 482.44, 215.28, 482.44, 28.61, 13.77
2.00, 38, white car, 378.14, 491.00, 408.02, 505.46, 393.08, 498.23, 378.14, 498.23, 408.02, 498.23, 29.88, 14.47
2.00, 19, white car, 184.47, 475.42, 213.15, 489.24, 198.81, 482.33, 184.47, 482.33, 213.15, 482.33, 28.68, 13.81
2.03, 38, white car, 376.15, 490.91, 405.53, 505.00, 390.84, 497.96, 376.15, 497.96, 405.53, 497.96, 29.38, 14.09
2.03, 19, white car, 182.09, 475.39, 210.48, 489.06, 196.28, 482.22, 182.09, 482.22, 210.48, 482.22, 28.39, 13.67
2.07, 38, white car, 374.01, 490.77, 403.42, 504.74, 388.72, 497.76, 374.01, 497.76, 403.42, 497.76, 29.41, 13.97
2.07, 19, white car, 180.08, 475.35, 207.98, 488.79, 194.03, 482.07, 180.08, 482.07, 207.98, 482.07, 27.90, 13.44
2.10, 38, white car, 371.85, 490.50, 401.70, 504.58, 386.78, 497.54, 371.85, 497.54, 401.70, 497.54, 29.85, 14.08
2.10, 19, white car, 178.00, 475.27, 205.51, 488.52, 191.75, 481.89, 178.00, 481.89, 205.51, 481.89, 27.51, 13.25
2.13, 38, white car, 369.67, 490.36, 399.70, 504.47, 384.68, 497.42, 369.67, 497.42, 399.70, 497.42, 30.02, 14.11
2.13, 19, white car, 175.98, 475.04, 203.62, 488.32, 189.80, 481.68, 175.98, 481.68, 203.62, 481.68, 27.63, 13.28
2.17, 38, white car, 367.53, 490.23, 397.43, 504.26, 382.48, 497.25, 367.53, 497.25, 397.43, 497.25, 29.90, 14.03
2.17, 19, white car, 174.60, 475.09, 201.37, 487.88, 187.98, 481.48, 174.60, 481.48, 201.37, 481.48, 26.78, 12.79
2.20, 38, white car, 365.52, 490.02, 395.40, 504.03, 380.46, 497.03, 365.52, 497.03, 395.40, 497.03, 29.88, 14.01
2.20, 19, white car, 172.32, 474.60, 199.57, 487.60, 185.95, 481.10, 172.32, 481.10, 199.57, 481.10, 27.25, 13.00
2.23, 38, white car, 363.90, 489.82, 393.75, 503.77, 378.83, 496.80, 363.90, 496.80, 393.75, 496.80, 29.86, 13.96
2.23, 19, white car, 169.84, 473.95, 197.70, 487.24, 183.77, 480.60, 169.84, 480.60, 197.70, 480.60, 27.86, 13.29
2.27, 38, white car, 361.79, 489.74, 391.47, 503.55, 376.63, 496.65, 361.79, 496.65, 391.47, 496.65, 29.69, 13.81
2.27, 19, white car, 167.25, 473.63, 195.03, 486.91, 181.14, 480.27, 167.25, 480.27, 195.03, 480.27, 27.78, 13.28
2.30, 38, white car, 359.41, 489.56, 389.26, 503.39, 374.33, 496.48, 359.41, 496.48, 389.26, 496.48, 29.85, 13.84
2.30, 19, white car, 165.02, 473.35, 193.05, 486.78, 179.04, 480.06, 165.02, 480.06, 193.05, 480.06, 28.03, 13.42
2.33, 38, white car, 357.26, 489.46, 387.40, 503.42, 372.33, 496.44, 357.26, 496.44, 387.40, 496.44, 30.14, 13.95
2.33, 19, white car, 163.26, 473.41, 191.19, 486.79, 177.22, 480.10, 163.26, 480.10, 191.19, 480.10, 27.92, 13.38
2.37, 38, white car, 355.19, 489.53, 385.15, 503.37, 370.17, 496.45, 355.19, 496.45, 385.15, 496.45, 29.96, 13.85
2.37, 19, white car, 161.64, 473.33, 189.20, 486.50, 175.42, 479.91, 161.64, 479.91, 189.20, 479.91, 27.56, 13.16
2.40, 38, white car, 352.86, 489.08, 382.95, 502.99, 367.91, 496.03, 352.86, 496.03, 382.95, 496.03, 30.09, 13.91
2.40, 19, white car, 159.77, 473.09, 187.32, 486.18, 173.54, 479.63, 159.77, 479.63, 187.32, 479.63, 27.56, 13.09
2.43, 38, white car, 350.55, 488.76, 381.06, 502.84, 365.80, 495.80, 350.55, 495.80, 381.06, 495.80, 30.51, 14.08
2.43, 19, white car, 157.36, 472.98, 185.16, 486.14, 171.26, 479.56, 157.36, 479.56, 185.16, 479.56, 27.81, 13.15
2.47, 38, white car, 347.98, 488.37, 378.96, 502.70, 363.47, 495.53, 347.98, 495.53, 378.96, 495.53, 30.98, 14.33
2.47, 19, white car, 154.63, 472.71, 182.84, 486.02, 168.74, 479.37, 154.63, 479.37, 182.84, 479.37, 28.20, 13.31
2.50, 38, white car, 346.06, 488.03, 377.09, 502.41, 361.57, 495.22, 346.06, 495.22, 377.09, 495.22, 31.03, 14.38
2.50, 19, white car, 151.93, 472.50, 180.08, 485.78, 166.01, 479.14, 151.93, 479.14, 180.08, 479.14, 28.14, 13.28
2.53, 38, white car, 343.92, 487.69, 375.21, 502.23, 359.57, 494.96, 343.92, 494.96, 375.21, 494.96, 31.29, 14.54
2.53, 19, white car, 149.42, 472.20, 177.74, 485.58, 163.58, 478.89, 149.42, 478.89, 177.74, 478.89, 28.32, 13.38
2.57, 38, white car, 341.90, 487.57, 372.70, 501.89, 357.30, 494.73, 341.90, 494.73, 372.70, 494.73, 30.80, 14.32
2.57, 19, white car, 147.69, 472.03, 175.97, 485.38, 161.83, 478.71, 147.69, 478.71, 175.97, 478.71, 28.28, 13.35
2.60, 38, white car, 339.63, 487.40, 370.41, 501.72, 355.02, 494.56, 339.63, 494.56, 370.41, 494.56, 30.78, 14.32
2.60, 19, white car, 145.85, 471.67, 173.74, 484.84, 159.79, 478.25, 145.85, 478.25, 173.74, 478.25, 27.89, 13.17
2.63, 38, white car, 337.66, 487.15, 368.53, 501.51, 353.10, 494.33, 337.66, 494.33, 368.53, 494.33, 30.86, 14.37
2.63, 19, white car, 144.08, 471.50, 171.58, 484.48, 157.83, 477.99, 144.08, 477.99, 171.58, 477.99, 27.50, 12.97
2.67, 38, white car, 335.74, 486.96, 366.48, 501.27, 351.11, 494.12, 335.74, 494.12, 366.48, 494.12, 30.75, 14.31
2.67, 19, white car, 142.07, 471.34, 169.65, 484.34, 155.86, 477.84, 142.07, 477.84, 169.65, 477.84, 27.58, 12.99
2.70, 38, white car, 333.56, 486.59, 364.26, 500.89, 348.91, 493.74, 333.56, 493.74, 364.26, 493.74, 30.70, 14.30
2.70, 19, white car, 139.74, 471.12, 167.55, 484.24, 153.64, 477.68, 139.74, 477.68, 167.55, 477.68, 27.81, 13.13
2.73, 38, white car, 331.58, 486.13, 362.86, 500.74, 347.22, 493.44, 331.58, 493.44, 362.86, 493.44, 31.28, 14.61
2.73, 19, white car, 137.63, 470.78, 165.86, 484.13, 151.74, 477.45, 137.63, 477.45, 165.86, 477.45, 28.24, 13.35
2.77, 38, white car, 329.90, 486.00, 361.04, 500.59, 345.47, 493.29, 329.90, 493.29, 361.04, 493.29, 31.13, 14.59
2.77, 19, white car, 135.37, 470.28, 163.76, 483.74, 149.56, 477.01, 135.37, 477.01, 163.76, 477.01, 28.39, 13.46
2.80, 38, white car, 328.01, 485.78, 359.04, 500.33, 343.53, 493.06, 328.01, 493.06, 359.04, 493.06, 31.03, 14.55
2.80, 19, white car, 133.69, 469.97, 162.04, 483.43, 147.86, 476.70, 133.69, 476.70, 162.04, 476.70, 28.35, 13.46
2.83, 38, white car, 325.48, 485.44, 356.82, 500.13, 341.15, 492.78, 325.48, 492.78, 356.82, 492.78, 31.34, 14.68
2.83, 19, white car, 131.52, 469.81, 160.01, 483.35, 145.76, 476.58, 131.52, 476.58, 160.01, 476.58, 28.50, 13.54
2.87, 38, white car, 323.41, 485.57, 354.56, 500.14, 338.99, 492.85, 323.41, 492.85, 354.56, 492.85, 31.15, 14.57
2.87, 19, white car, 129.16, 469.70, 157.25, 483.09, 143.21, 476.40, 129.16, 476.40, 157.25, 476.40, 28.10, 13.39
2.90, 38, white car, 321.24, 485.57, 352.02, 499.95, 336.63, 492.76, 321.24, 492.76, 352.02, 492.76, 30.78, 14.38
2.90, 19, white car, 126.92, 469.31, 154.89, 482.65, 140.90, 475.98, 126.92, 475.98, 154.89, 475.98, 27.97, 13.34
2.93, 38, white car, 319.12, 485.27, 349.74, 499.58, 334.43, 492.42, 319.12, 492.42, 349.74, 492.42, 30.62, 14.31
2.93, 19, white car, 124.93, 469.05, 152.65, 482.31, 138.79, 475.68, 124.93, 475.68, 152.65, 475.68, 27.72, 13.26
2.97, 38, white car, 317.45, 485.15, 347.58, 499.25, 332.52, 492.20, 317.45, 492.20, 347.58, 492.20, 30.12, 14.09
2.97, 19, white car, 122.61, 468.99, 150.25, 482.24, 136.43, 475.62, 122.61, 475.62, 150.25, 475.62, 27.64, 13.24
3.00, 38, white car, 315.36, 484.86, 345.83, 499.15, 330.59, 492.01, 315.36, 492.01, 345.83, 492.01, 30.46, 14.29
3.00, 19, white car, 120.55, 469.01, 148.31, 482.31, 134.43, 475.66, 120.55, 475.66, 148.31, 475.66, 27.76, 13.30
3.03, 38, white car, 313.43, 484.43, 343.93, 498.76, 328.68, 491.59, 313.43, 491.59, 343.93, 491.59, 30.50, 14.33
3.03, 19, white car, 118.71, 469.10, 146.16, 482.19, 132.44, 475.64, 118.71, 475.64, 146.16, 475.64, 27.45, 13.10
3.07, 38, white car, 311.20, 484.05, 341.88, 498.46, 326.54, 491.26, 311.20, 491.26, 341.88, 491.26, 30.69, 14.41
3.07, 19, white car, 116.57, 468.79, 144.18, 481.93, 130.37, 475.36, 116.57, 475.36, 144.18, 475.36, 27.61, 13.14
3.10, 38, white car, 309.09, 483.85, 339.83, 498.27, 324.46, 491.06, 309.09, 491.06, 339.83, 491.06, 30.74, 14.42
3.10, 19, white car, 114.46, 468.60, 142.16, 481.76, 128.31, 475.18, 114.46, 475.18, 142.16, 475.18, 27.70, 13.16
3.13, 38, white car, 306.93, 483.62, 337.53, 498.00, 322.23, 490.81, 306.93, 490.81, 337.53, 490.81, 30.60, 14.38
3.13, 19, white car, 112.33, 468.34, 140.05, 481.47, 126.19, 474.91, 112.33, 474.91, 140.05, 474.91, 27.71, 13.12
3.17, 38, white car, 304.70, 483.24, 335.38, 497.69, 320.04, 490.46, 304.70, 490.46, 335.38, 490.46, 30.68, 14.44
3.17, 19, white car, 110.10, 468.10, 137.62, 481.10, 123.86, 474.60, 110.10, 474.60, 137.62, 474.60, 27.52, 12.99
3.20, 38, white car, 302.87, 482.97, 333.42, 497.40, 318.14, 490.18, 302.87, 490.18, 333.42, 490.18, 30.55, 14.42
3.20, 19, white car, 107.81, 467.82, 135.40, 480.81, 121.61, 474.31, 107.81, 474.31, 135.40, 474.31, 27.59, 12.98
3.23, 38, white car, 301.14, 482.96, 331.27, 497.21, 316.20, 490.08, 301.14, 490.08, 331.27, 490.08, 30.14, 14.25
3.23, 19, white car, 106.00, 467.75, 133.60, 480.71, 119.80, 474.23, 106.00, 474.23, 133.60, 474.23, 27.60, 12.96
3.27, 38, white car, 299.69, 482.97, 329.19, 496.88, 314.44, 489.93, 299.69, 489.93, 329.19, 489.93, 29.50, 13.91
3.27, 19, white car, 104.10, 467.72, 131.43, 480.49, 117.76, 474.11, 104.10, 474.11, 131.43, 474.11, 27.33, 12.77
3.30, 38, white car, 297.52, 482.71, 327.33, 496.70, 312.43, 489.70, 297.52, 489.70, 327.33, 489.70, 29.82, 13.99
3.30, 19, white car, 101.10, 467.20, 129.35, 480.48, 115.22, 473.84, 101.10, 473.84, 129.35, 473.84, 28.25, 13.28
3.33, 38, white car, 295.51, 482.38, 325.40, 496.38, 310.45, 489.38, 295.51, 489.38, 325.40, 489.38, 29.89, 14.00
3.33, 19, white car, 98.59, 466.88, 127.22, 480.39, 112.90, 473.64, 98.59, 473.64, 127.22, 473.64, 28.63, 13.51
3.37, 38, white car, 293.64, 482.09, 323.58, 496.14, 308.61, 489.12, 293.64, 489.12, 323.58, 489.12, 29.95, 14.05
3.37, 19, white car, 96.38, 466.59, 124.95, 480.14, 110.67, 473.37, 96.38, 473.37, 124.95, 473.37, 28.58, 13.55
3.40, 38, white car, 291.60, 481.86, 321.68, 495.99, 306.64, 488.93, 291.60, 488.93, 321.68, 488.93, 30.09, 14.13
3.40, 19, white car, 94.02, 466.38, 122.85, 480.08, 108.44, 473.23, 94.02, 473.23, 122.85, 473.23, 28.83, 13.71
3.43, 38, white car, 289.23, 481.96, 319.39, 496.13, 304.31, 489.05, 289.23, 489.05, 319.39, 489.05, 30.16, 14.17
3.43, 19, white car, 92.14, 466.29, 120.70, 479.88, 106.42, 473.09, 92.14, 473.09, 120.70, 473.09, 28.56, 13.59
3.47, 38, white car, 287.06, 481.91, 317.46, 496.22, 302.26, 489.06, 287.06, 489.06, 317.46, 489.06, 30.40, 14.31
3.47, 19, white car, 90.27, 466.26, 118.58, 479.72, 104.42, 472.99, 90.27, 472.99, 118.58, 472.99, 28.32, 13.46
3.50, 38, white car, 285.37, 481.80, 315.80, 496.12, 300.59, 488.96, 285.37, 488.96, 315.80, 488.96, 30.43, 14.33
3.50, 19, white car, 87.94, 466.02, 116.21, 479.45, 102.07, 472.74, 87.94, 472.74, 116.21, 472.74, 28.27, 13.44
3.53, 38, white car, 283.53, 481.91, 313.75, 496.11, 298.64, 489.01, 283.53, 489.01, 313.75, 489.01, 30.22, 14.20
3.53, 19, white car, 85.63, 465.91, 114.01, 479.37, 99.82, 472.64, 85.63, 472.64, 114.01, 472.64, 28.38, 13.46
3.57, 38, white car, 281.79, 482.07, 311.75, 496.09, 296.77, 489.08, 281.79, 489.08, 311.75, 489.08, 29.96, 14.03
3.57, 19, white car, 83.55, 465.72, 111.89, 479.13, 97.72, 472.43, 83.55, 472.43, 111.89, 472.43, 28.34, 13.41
3.60, 38, white car, 279.80, 482.05, 309.70, 496.02, 294.75, 489.03, 279.80, 489.03, 309.70, 489.03, 29.90, 13.97
3.60, 19, white car, 81.50, 465.33, 110.12, 478.87, 95.81, 472.10, 81.50, 472.10, 110.12, 472.10, 28.61, 13.53
3.63, 38, white car, 277.44, 481.64, 307.76, 495.81, 292.60, 488.72, 277.44, 488.72, 307.76, 488.72, 30.32, 14.17
3.63, 19, white car, 79.25, 464.77, 108.05, 478.39, 93.65, 471.58, 79.25, 471.58, 108.05, 471.58, 28.81, 13.62
3.67, 38, white car, 275.00, 481.39, 306.06, 495.95, 290.53, 488.67, 275.00, 488.67, 306.06, 488.67, 31.06, 14.56
3.67, 19, white car, 77.49, 464.63, 106.29, 478.27, 91.89, 471.45, 77.49, 471.45, 106.29, 471.45, 28.80, 13.64
3.70, 38, white car, 272.80, 481.21, 303.99, 495.85, 288.39, 488.53, 272.80, 488.53, 303.99, 488.53, 31.19, 14.64
3.70, 19, white car, 75.54, 464.45, 104.19, 478.03, 89.87, 471.24, 75.54, 471.24, 104.19, 471.24, 28.65, 13.58
3.73, 38, white car, 271.26, 481.21, 301.88, 495.60, 286.57, 488.41, 271.26, 488.41, 301.88, 488.41, 30.62, 14.39
3.73, 19, white car, 73.09, 464.35, 101.83, 477.97, 87.46, 471.16, 73.09, 471.16, 101.83, 471.16, 28.74, 13.62
3.77, 38, white car, 268.91, 480.84, 299.88, 495.49, 284.40, 488.17, 268.91, 488.17, 299.88, 488.17, 30.97, 14.65
3.77, 19, white car, 70.93, 464.29, 99.70, 477.91, 85.32, 471.10, 70.93, 471.10, 99.70, 471.10, 28.76, 13.62
3.80, 38, white car, 266.57, 480.53, 298.12, 495.56, 282.34, 488.05, 266.57, 488.05, 298.12, 488.05, 31.55, 15.03
3.80, 19, white car, 68.26, 463.77, 97.16, 477.56, 82.71, 470.67, 68.26, 470.67, 97.16, 470.67, 28.90, 13.79
3.83, 38, white car, 264.24, 480.15, 296.29, 495.52, 280.26, 487.84, 264.24, 487.84, 296.29, 487.84, 32.05, 15.38
3.83, 19, white car, 65.91, 463.51, 95.12, 477.52, 80.52, 470.51, 65.91, 470.51, 95.12, 470.51, 29.21, 14.01
3.87, 38, white car, 262.00, 479.76, 294.43, 495.39, 278.21, 487.58, 262.00, 487.58, 294.43, 487.58, 32.43, 15.63
3.87, 19, white car, 63.72, 463.21, 92.99, 477.25, 78.35, 470.23, 63.72, 470.23, 92.99, 470.23, 29.26, 14.04
3.90, 38, white car, 259.92, 479.53, 292.53, 495.35, 276.22, 487.44, 259.92, 487.44, 292.53, 487.44, 32.61, 15.82
3.90, 19, white car, 61.61, 462.92, 90.80, 476.93, 76.21, 469.92, 61.61, 469.92, 90.80, 469.92, 29.19, 14.01
3.93, 38, white car, 258.00, 479.32, 290.59, 495.18, 274.30, 487.25, 258.00, 487.25, 290.59, 487.25, 32.58, 15.86
3.93, 19, white car, 59.21, 462.62, 88.67, 476.77, 73.94, 469.69, 59.21, 469.69, 88.67, 469.69, 29.46, 14.15
3.97, 38, white car, 255.98, 479.12, 288.06, 494.79, 272.02, 486.95, 255.98, 486.95, 288.06, 486.95, 32.09, 15.68
3.97, 19, white car, 56.96, 462.44, 86.24, 476.54, 71.60, 469.49, 56.96, 469.49, 86.24, 469.49, 29.28, 14.10
4.00, 38, white car, 254.32, 478.93, 286.18, 494.54, 270.25, 486.73, 254.32, 486.73, 286.18, 486.73, 31.86, 15.61
4.00, 19, white car, 55.09, 462.32, 83.95, 476.23, 69.52, 469.27, 55.09, 469.27, 83.95, 469.27, 28.86, 13.90
4.03, 38, white car, 252.75, 478.84, 284.36, 494.35, 268.56, 486.60, 252.75, 486.60, 284.36, 486.60, 31.61, 15.51
4.03, 19, white car, 53.33, 462.19, 81.86, 475.93, 67.60, 469.06, 53.33, 469.06, 81.86, 469.06, 28.53, 13.74
4.07, 38, white car, 250.89, 478.68, 282.06, 493.99, 266.48, 486.33, 250.89, 486.33, 282.06, 486.33, 31.17, 15.31
4.07, 19, white car, 51.16, 462.06, 79.69, 475.78, 65.42, 468.92, 51.16, 468.92, 79.69, 468.92, 28.53, 13.72
4.10, 38, white car, 248.58, 478.47, 279.80, 493.81, 264.19, 486.14, 248.58, 486.14, 279.80, 486.14, 31.22, 15.33
4.10, 19, white car, 49.27, 461.86, 78.01, 475.65, 63.64, 468.76, 49.27, 468.76, 78.01, 468.76, 28.74, 13.79
4.13, 38, white car, 246.71, 478.39, 277.80, 493.67, 262.26, 486.03, 246.71, 486.03, 277.80, 486.03, 31.09, 15.28
4.13, 19, white car, 47.44, 461.68, 75.83, 475.27, 61.63, 468.48, 47.44, 468.48, 75.83, 468.48, 28.39, 13.59
4.17, 38, white car, 244.25, 478.20, 275.48, 493.55, 259.86, 485.87, 244.25, 485.87, 275.48, 485.87, 31.23, 15.35
4.17, 19, white car, 44.62, 461.41, 73.59, 475.31, 59.11, 468.36, 44.62, 468.36, 73.59, 468.36, 28.97, 13.90
4.20, 38, white car, 242.15, 477.96, 273.48, 493.38, 257.82, 485.67, 242.15, 485.67, 273.48, 485.67, 31.33, 15.42
4.20, 19, white car, 42.30, 461.10, 71.69, 475.26, 56.99, 468.18, 42.30, 468.18, 71.69, 468.18, 29.38, 14.16
4.23, 38, white car, 240.48, 477.97, 271.68, 493.32, 256.08, 485.65, 240.48, 485.65, 271.68, 485.65, 31.20, 15.35
4.23, 19, white car, 40.02, 460.90, 68.99, 474.84, 54.51, 467.87, 40.02, 467.87, 68.99, 467.87, 28.96, 13.94
4.27, 38, white car, 238.78, 477.92, 269.75, 493.15, 254.27, 485.54, 238.78, 485.54, 269.75, 485.54, 30.97, 15.23
4.27, 19, white car, 37.47, 460.73, 65.99, 474.45, 51.73, 467.59, 37.47, 467.59, 65.99, 467.59, 28.53, 13.72
4.30, 38, white car, 237.34, 477.99, 267.48, 492.75, 252.41, 485.37, 237.34, 485.37, 267.48, 485.37, 30.14, 14.76
4.30, 19, white car, 35.43, 460.48, 63.87, 474.16, 49.65, 467.32, 35.43, 467.32, 63.87, 467.32, 28.45, 13.68
4.33, 38, white car, 235.41, 477.99, 265.35, 492.57, 250.38, 485.28, 235.41, 485.28, 265.35, 485.28, 29.94, 14.58
4.33, 19, white car, 33.38, 460.10, 62.12, 473.89, 47.75, 466.99, 33.38, 466.99, 62.12, 466.99, 28.74, 13.80
4.37, 38, white car, 233.41, 477.79, 263.21, 492.27, 248.31, 485.03, 233.41, 485.03, 263.21, 485.03, 29.80, 14.48
4.37, 19, white car, 31.32, 459.69, 60.08, 473.48, 45.70, 466.58, 31.32, 466.58, 60.08, 466.58, 28.76, 13.79
4.40, 38, white car, 231.22, 477.55, 261.12, 492.03, 246.17, 484.79, 231.22, 484.79, 261.12, 484.79, 29.90, 14.48
4.40, 19, white car, 29.56, 459.54, 58.29, 473.31, 43.92, 466.42, 29.56, 466.42, 58.29, 466.42, 28.73, 13.76
4.43, 38, white car, 228.94, 477.31, 259.21, 491.91, 244.08, 484.61, 228.94, 484.61, 259.21, 484.61, 30.27, 14.60
4.43, 19, white car, 27.15, 459.49, 56.00, 473.28, 41.57, 466.39, 27.15, 466.39, 56.00, 466.39, 28.85, 13.79
4.47, 38, white car, 226.71, 476.96, 257.47, 491.76, 242.09, 484.36, 226.71, 484.36, 257.47, 484.36, 30.76, 14.80
4.47, 19, white car, 24.76, 459.29, 53.59, 473.04, 39.18, 466.16, 24.76, 466.16, 53.59, 466.16, 28.83, 13.76
4.50, 38, white car, 224.44, 476.69, 255.44, 491.55, 239.94, 484.12, 224.44, 484.12, 255.44, 484.12, 30.99, 14.86
4.50, 19, white car, 22.33, 458.94, 51.73, 473.03, 37.03, 465.99, 22.33, 465.99, 51.73, 465.99, 29.40, 14.09
4.53, 38, white car, 222.33, 476.47, 253.53, 491.40, 237.93, 483.94, 222.33, 483.94, 253.53, 483.94, 31.19, 14.93
4.53, 19, white car, 20.17, 458.48, 49.85, 472.75, 35.01, 465.62, 20.17, 465.62, 49.85, 465.62, 29.67, 14.27
4.57, 38, white car, 220.28, 476.40, 251.51, 491.33, 235.90, 483.87, 220.28, 483.87, 251.51, 483.87, 31.23, 14.93
4.57, 19, white car, 18.13, 458.32, 47.64, 472.50, 32.89, 465.41, 18.13, 465.41, 47.64, 465.41, 29.51, 14.19
4.60, 38, white car, 218.32, 476.29, 249.66, 491.30, 233.99, 483.80, 218.32, 483.80, 249.66, 483.80, 31.34, 15.02
4.60, 19, white car, 16.16, 458.07, 45.16, 472.02, 30.66, 465.04, 16.16, 465.04, 45.16, 465.04, 29.00, 13.95
4.63, 38, white car, 215.89, 475.85, 247.54, 491.03, 231.72, 483.44, 215.89, 483.44, 247.54, 483.44, 31.65, 15.18
4.63, 19, white car, 14.29, 458.06, 43.07, 471.88, 28.68, 464.97, 14.29, 464.97, 43.07, 464.97, 28.78, 13.82
4.67, 38, white car, 213.65, 475.56, 245.28, 490.73, 229.46, 483.14, 213.65, 483.14, 245.28, 483.14, 31.64, 15.18
4.67, 19, white car, 12.17, 458.16, 40.79, 471.90, 26.48, 465.03, 12.17, 465.03, 40.79, 465.03, 28.62, 13.75
4.67, 71, black car, 1399.83, 532.22, 1431.60, 546.25, 1415.72, 539.24, 1399.83, 539.24, 1431.60, 539.24, 31.76, 14.02
4.70, 38, white car, 211.45, 475.21, 243.36, 490.54, 227.41, 482.88, 211.45, 482.88, 243.36, 482.88, 31.90, 15.33
4.70, 19, white car, 9.80, 457.98, 38.89, 471.98, 24.34, 464.98, 9.80, 464.98, 38.89, 464.98, 29.09, 14.00
4.70, 71, black car, 1396.94, 532.08, 1429.49, 546.48, 1413.22, 539.28, 1396.94, 539.28, 1429.49, 539.28, 32.54, 14.40
4.73, 38, white car, 209.68, 475.08, 241.26, 490.24, 225.47, 482.66, 209.68, 482.66, 241.26, 482.66, 31.58, 15.16
4.73, 19, white car, 7.96, 457.67, 37.23, 471.83, 22.59, 464.75, 7.96, 464.75, 37.23, 464.75, 29.27, 14.16
4.77, 38, white car, 207.75, 474.89, 239.28, 490.03, 223.52, 482.46, 207.75, 482.46, 239.28, 482.46, 31.54, 15.14
4.77, 19, white car, 6.37, 457.35, 35.58, 471.55, 20.98, 464.45, 6.37, 464.45, 35.58, 464.45, 29.22, 14.21
4.77, 71, black car, 1391.52, 532.29, 1424.32, 546.81, 1407.92, 539.55, 1391.52, 539.55, 1424.32, 539.55, 32.79, 14.52
4.80, 38, white car, 205.53, 474.82, 236.94, 489.84, 221.23, 482.33, 205.53, 482.33, 236.94, 482.33, 31.40, 15.02
4.80, 19, white car, 4.03, 457.15, 33.15, 471.33, 18.59, 464.24, 4.03, 464.24, 33.15, 464.24, 29.12, 14.18
4.80, 71, black car, 1389.26, 532.21, 1422.17, 546.83, 1405.71, 539.52, 1389.26, 539.52, 1422.17, 539.52, 32.91, 14.62
4.83, 38, white car, 203.30, 474.78, 234.69, 489.78, 218.99, 482.28, 203.30, 482.28, 234.69, 482.28, 31.38, 15.01
4.83, 19, white car, 1.36, 456.76, 30.69, 471.09, 16.02, 463.92, 1.36, 463.92, 30.69, 463.92, 29.33, 14.34
4.87, 38, white car, 201.40, 474.63, 232.87, 489.68, 217.13, 482.15, 201.40, 482.15, 232.87, 482.15, 31.47, 15.05
4.87, 19, white car, 0.00, 456.48, 28.33, 470.77, 14.16, 463.62, 0.00, 463.62, 28.33, 463.62, 28.33, 14.28
4.87, 71, black car, 1382.89, 532.21, 1416.58, 547.15, 1399.74, 539.68, 1382.89, 539.68, 1416.58, 539.68, 33.68, 14.94
4.90, 38, white car, 200.02, 474.68, 231.00, 489.46, 215.51, 482.07, 200.02, 482.07, 231.00, 482.07, 30.98, 14.78
4.90, 19, white car, 0.00, 455.96, 26.91, 470.40, 13.46, 463.18, 0.00, 463.18, 26.91, 463.18, 26.91, 14.44
4.90, 71, black car, 1380.50, 532.07, 1414.01, 546.95, 1397.26, 539.51, 1380.50, 539.51, 1414.01, 539.51, 33.51, 14.88
4.93, 38, white car, 198.00, 474.81, 228.24, 489.20, 213.12, 482.00, 198.00, 482.00, 228.24, 482.00, 30.24, 14.39
4.93, 19, white car, 0.00, 455.96, 25.74, 470.36, 12.87, 463.16, 0.00, 463.16, 25.74, 463.16, 25.74, 14.39
4.93, 71, black car, 1377.81, 532.15, 1411.19, 546.98, 1394.50, 539.56, 1377.81, 539.56, 1411.19, 539.56, 33.38, 14.84
4.97, 38, white car, 196.02, 474.64, 226.58, 489.16, 211.30, 481.90, 196.02, 481.90, 226.58, 481.90, 30.56, 14.51
4.97, 19, white car, 0.00, 455.69, 24.36, 469.92, 12.18, 462.80, 0.00, 462.80, 24.36, 462.80, 24.36, 14.22
4.97, 71, black car, 1375.39, 532.10, 1408.78, 546.98, 1392.08, 539.54, 1375.39, 539.54, 1408.78, 539.54, 33.39, 14.88
5.00, 38, white car, 193.51, 474.52, 224.35, 489.15, 208.93, 481.83, 193.51, 481.83, 224.35, 481.83, 30.84, 14.63
5.00, 19, white car, 0.00, 455.52, 23.43, 469.95, 11.71, 462.74, 0.00, 462.74, 23.43, 462.74, 23.43, 14.43
5.00, 71, black car, 1373.33, 532.14, 1406.42, 546.93, 1389.87, 539.54, 1373.33, 539.54, 1406.42, 539.54, 33.10, 14.79
5.03, 38, white car, 191.17, 474.26, 222.55, 489.14, 206.86, 481.70, 191.17, 481.70, 222.55, 481.70, 31.38, 14.88
5.03, 19, white car, 0.00, 455.69, 21.75, 469.67, 10.88, 462.68, 0.00, 462.68, 21.75, 462.68, 21.75, 13.98
5.03, 71, black car, 1370.95, 532.07, 1404.07, 546.87, 1387.51, 539.47, 1370.95, 539.47, 1404.07, 539.47, 33.12, 14.80
5.07, 38, white car, 188.90, 474.05, 220.62, 489.12, 204.76, 481.59, 188.90, 481.59, 220.62, 481.59, 31.72, 15.07
5.07, 19, white car, 0.00, 455.67, 20.00, 469.47, 10.00, 462.57, 0.00, 462.57, 20.00, 462.57, 20.00, 13.80
5.07, 71, black car, 1368.82, 531.98, 1402.20, 546.90, 1385.51, 539.44, 1368.82, 539.44, 1402.20, 539.44, 33.38, 14.92
5.10, 38, white car, 186.77, 473.81, 218.44, 488.89, 202.60, 481.35, 186.77, 481.35, 218.44, 481.35, 31.67, 15.08
5.10, 19, white car, 0.00, 455.39, 18.38, 469.14, 9.19, 462.26, 0.00, 462.26, 18.38, 462.26, 18.38, 13.75
5.10, 12, white car, 838.94, 516.54, 868.18, 529.33, 853.56, 522.94, 838.94, 522.94, 868.18, 522.94, 29.24, 12.79
5.10, 71, black car, 1366.73, 532.02, 1399.70, 546.74, 1383.22, 539.38, 1366.73, 539.38, 1399.70, 539.38, 32.97, 14.72
5.13, 38, white car, 184.80, 473.60, 216.56, 488.76, 200.68, 481.18, 184.80, 481.18, 216.56, 481.18, 31.76, 15.17
5.13, 71, black car, 1364.35, 532.26, 1396.42, 546.52, 1380.38, 539.39, 1364.35, 539.39, 1396.42, 539.39, 32.07, 14.26
5.17, 38, white car, 182.41, 473.19, 214.73, 488.69, 198.57, 480.94, 182.41, 480.94, 214.73, 480.94, 32.32, 15.50
5.17, 71, black car, 1362.27, 532.35, 1393.75, 546.32, 1378.01, 539.33, 1362.27, 539.33, 1393.75, 539.33, 31.48, 13.97
5.20, 38, white car, 180.27, 472.82, 213.18, 488.67, 196.73, 480.75, 180.27, 480.75, 213.18, 480.75, 32.90, 15.84
5.20, 71, black car, 1359.96, 532.45, 1391.05, 546.22, 1375.50, 539.33, 1359.96, 539.33, 1391.05, 539.33, 31.09, 13.78
5.23, 38, white car, 178.18, 472.63, 211.43, 488.73, 194.80, 480.68, 178.18, 480.68, 211.43, 480.68, 33.25, 16.10
5.27, 38, white car, 176.07, 472.36, 209.17, 488.48, 192.62, 480.42, 176.07, 480.42, 209.17, 480.42, 33.10, 16.12
5.30, 38, white car, 174.23, 472.36, 206.73, 488.21, 190.48, 480.28, 174.23, 480.28, 206.73, 480.28, 32.50, 15.85
5.33, 38, white car, 172.41, 472.22, 204.36, 487.79, 188.38, 480.01, 172.41, 480.01, 204.36, 480.01, 31.95, 15.57
5.37, 38, white car, 170.38, 471.66, 202.14, 487.13, 186.26, 479.40, 170.38, 479.40, 202.14, 479.40, 31.76, 15.47
5.40, 38, white car, 168.33, 471.57, 199.53, 486.79, 183.93, 479.18, 168.33, 479.18, 199.53, 479.18, 31.21, 15.22
5.43, 38, white car, 166.62, 471.43, 197.45, 486.49, 182.03, 478.96, 166.62, 478.96, 197.45, 478.96, 30.83, 15.06
5.47, 38, white car, 164.68, 471.40, 195.27, 486.33, 179.97, 478.86, 164.68, 478.86, 195.27, 478.86, 30.59, 14.94
5.47, 12, white car, 811.39, 515.81, 840.42, 528.66, 825.91, 522.23, 811.39, 522.23, 840.42, 522.23, 29.03, 12.85
5.50, 38, white car, 162.81, 471.25, 193.41, 486.18, 178.11, 478.72, 162.81, 478.72, 193.41, 478.72, 30.60, 14.93
5.50, 12, white car, 808.47, 515.81, 837.32, 528.62, 822.89, 522.21, 808.47, 522.21, 837.32, 522.21, 28.85, 12.82
5.53, 38, white car, 160.98, 471.18, 191.50, 486.07, 176.24, 478.62, 160.98, 478.62, 191.50, 478.62, 30.52, 14.89
5.53, 71, black car, 1334.44, 532.41, 1365.10, 545.93, 1349.77, 539.17, 1334.44, 539.17, 1365.10, 539.17, 30.66, 13.52
5.57, 38, white car, 158.94, 470.99, 189.58, 485.90, 174.26, 478.44, 158.94, 478.44, 189.58, 478.44, 30.64, 14.91
5.60, 38, white car, 156.43, 470.83, 187.64, 485.98, 172.03, 478.41, 156.43, 478.41, 187.64, 478.41, 31.21, 15.15
5.60, 71, black car, 1328.93, 532.31, 1360.04, 545.98, 1344.48, 539.14, 1328.93, 539.14, 1360.04, 539.14, 31.12, 13.67
5.63, 38, white car, 154.22, 470.69, 185.48, 485.86, 169.85, 478.28, 154.22, 478.28, 185.48, 478.28, 31.26, 15.17
5.63, 12, white car, 798.60, 515.29, 827.93, 528.53, 813.27, 521.91, 798.60, 521.91, 827.93, 521.91, 29.32, 13.24
5.67, 38, white car, 152.11, 470.56, 183.32, 485.68, 167.71, 478.12, 152.11, 478.12, 183.32, 478.12, 31.21, 15.12
5.67, 12, white car, 796.28, 515.26, 825.41, 528.44, 810.84, 521.85, 796.28, 521.85, 825.41, 521.85, 29.13, 13.18
5.67, 71, black car, 1324.43, 532.25, 1355.74, 545.96, 1340.08, 539.10, 1324.43, 539.10, 1355.74, 539.10, 31.31, 13.71
5.70, 38, white car, 150.06, 470.28, 181.10, 485.29, 165.58, 477.79, 150.06, 477.79, 181.10, 477.79, 31.04, 15.01
5.73, 38, white car, 148.29, 470.10, 179.32, 485.07, 163.80, 477.58, 148.29, 477.58, 179.32, 477.58, 31.03, 14.96
5.77, 38, white car, 146.30, 470.00, 177.17, 484.87, 161.74, 477.44, 146.30, 477.44, 177.17, 477.44, 30.86, 14.87
5.77, 71, black car, 1315.96, 532.19, 1347.21, 545.85, 1331.58, 539.02, 1315.96, 539.02, 1347.21, 539.02, 31.25, 13.66
5.80, 38, white car, 144.90, 469.95, 175.13, 484.48, 160.02, 477.21, 144.90, 477.21, 175.13, 477.21, 30.23, 14.53
5.80, 71, black car, 1313.79, 532.24, 1344.88, 545.80, 1329.33, 539.02, 1313.79, 539.02, 1344.88, 539.02, 31.09, 13.55
5.83, 38, white car, 142.46, 469.70, 173.01, 484.37, 157.74, 477.04, 142.46, 477.04, 173.01, 477.04, 30.55, 14.68
5.87, 38, white car, 140.22, 469.54, 171.09, 484.37, 155.66, 476.95, 140.22, 476.95, 171.09, 476.95, 30.87, 14.83
5.87, 12, white car, 781.42, 514.98, 810.10, 527.93, 795.76, 521.46, 781.42, 521.46, 810.10, 521.46, 28.69, 12.96
5.90, 38, white car, 138.35, 469.37, 168.97, 484.10, 153.66, 476.73, 138.35, 476.73, 168.97, 476.73, 30.62, 14.73
5.93, 38, white car, 136.50, 469.19, 166.91, 483.82, 151.70, 476.51, 136.50, 476.51, 166.91, 476.51, 30.41, 14.62
5.97, 38, white car, 134.78, 469.12, 165.17, 483.71, 149.98, 476.41, 134.78, 476.41, 165.17, 476.41, 30.39, 14.59
5.97, 71, black car, 1301.27, 532.27, 1331.74, 545.52, 1316.50, 538.90, 1301.27, 538.90, 1331.74, 538.90, 30.46, 13.25
6.00, 38, white car, 132.86, 468.90, 163.61, 483.66, 148.24, 476.28, 132.86, 476.28, 163.61, 476.28, 30.75, 14.76
6.03, 38, white car, 130.88, 468.62, 161.85, 483.52, 146.36, 476.07, 130.88, 476.07, 161.85, 476.07, 30.97, 14.90
6.03, 71, black car, 1296.07, 532.23, 1326.85, 545.65, 1311.46, 538.94, 1296.07, 538.94, 1326.85, 538.94, 30.77, 13.42
6.07, 38, white car, 128.80, 468.05, 159.86, 483.04, 144.33, 475.54, 128.80, 475.54, 159.86, 475.54, 31.06, 14.99
6.07, 71, black car, 1293.54, 532.24, 1324.08, 545.50, 1308.81, 538.87, 1293.54, 538.87, 1324.08, 538.87, 30.54, 13.26
6.10, 38, white car, 127.06, 467.87, 158.07, 482.88, 142.56, 475.38, 127.06, 475.38, 158.07, 475.38, 31.00, 15.00
6.10, 71, black car, 1290.76, 532.36, 1321.53, 545.77, 1306.15, 539.07, 1290.76, 539.07, 1321.53, 539.07, 30.77, 13.41
6.13, 38, white car, 125.59, 467.79, 156.27, 482.63, 140.93, 475.21, 125.59, 475.21, 156.27, 475.21, 30.67, 14.84
6.13, 71, black car, 1288.11, 532.27, 1319.13, 545.83, 1303.62, 539.05, 1288.11, 539.05, 1319.13, 539.05, 31.02, 13.56
6.17, 38, white car, 123.38, 467.46, 154.25, 482.41, 138.81, 474.93, 123.38, 474.93, 154.25, 474.93, 30.88, 14.95
6.17, 71, black car, 1285.68, 531.97, 1316.99, 545.68, 1301.33, 538.82, 1285.68, 538.82, 1316.99, 538.82, 31.31, 13.71
6.20, 38, white car, 121.37, 467.48, 152.33, 482.47, 136.85, 474.98, 121.37, 474.98, 152.33, 474.98, 30.97, 14.99
6.20, 71, black car, 1283.25, 532.00, 1314.97, 545.92, 1299.11, 538.96, 1283.25, 538.96, 1314.97, 538.96, 31.71, 13.91
6.23, 38, white car, 119.59, 467.39, 150.96, 482.61, 135.28, 475.00, 119.59, 475.00, 150.96, 475.00, 31.37, 15.22
6.23, 71, black car, 1280.83, 531.88, 1312.50, 545.76, 1296.67, 538.82, 1280.83, 538.82, 1312.50, 538.82, 31.67, 13.89
6.27, 38, white car, 117.59, 467.22, 149.35, 482.64, 133.47, 474.93, 117.59, 474.93, 149.35, 474.93, 31.76, 15.42
6.27, 71, black car, 1278.82, 531.93, 1309.73, 545.46, 1294.27, 538.69, 1278.82, 538.69, 1309.73, 538.69, 30.91, 13.53
6.30, 38, white car, 115.93, 467.10, 147.34, 482.34, 131.63, 474.72, 115.93, 474.72, 147.34, 474.72, 31.41, 15.24
6.30, 71, black car, 1276.49, 532.22, 1306.81, 545.47, 1291.65, 538.84, 1276.49, 538.84, 1306.81, 538.84, 30.32, 13.24
6.30, 12, white car, 749.89, 514.70, 777.21, 526.79, 763.55, 520.74, 749.89, 520.74, 777.21, 520.74, 27.32, 12.09
6.33, 38, white car, 114.46, 466.79, 146.08, 482.14, 130.27, 474.46, 114.46, 474.46, 146.08, 474.46, 31.62, 15.35
6.33, 71, black car, 1273.78, 532.20, 1304.24, 545.51, 1289.01, 538.86, 1273.78, 538.86, 1304.24, 538.86, 30.46, 13.31
6.37, 38, white car, 112.95, 466.77, 144.36, 482.01, 128.66, 474.39, 112.95, 474.39, 144.36, 474.39, 31.41, 15.24
6.37, 71, black car, 1271.64, 532.14, 1301.87, 545.30, 1286.75, 538.72, 1271.64, 538.72, 1301.87, 538.72, 30.23, 13.16
6.40, 38, white car, 111.33, 466.66, 142.72, 481.87, 127.02, 474.26, 111.33, 474.26, 142.72, 474.26, 31.39, 15.20
6.40, 71, black car, 1269.29, 532.00, 1299.17, 544.97, 1284.23, 538.49, 1269.29, 538.49, 1299.17, 538.49, 29.89, 12.97
6.43, 38, white car, 109.62, 466.65, 140.71, 481.64, 125.17, 474.14, 109.62, 474.14, 140.71, 474.14, 31.09, 14.98
6.43, 71, black car, 1266.77, 532.04, 1296.78, 545.02, 1281.77, 538.53, 1266.77, 538.53, 1296.78, 538.53, 30.01, 12.98
6.47, 38, white car, 107.61, 466.54, 139.03, 481.64, 123.32, 474.09, 107.61, 474.09, 139.03, 474.09, 31.42, 15.10
6.47, 71, black car, 1264.05, 532.16, 1293.68, 544.93, 1278.87, 538.55, 1264.05, 538.55, 1293.68, 538.55, 29.63, 12.77
6.50, 38, white car, 106.05, 466.60, 137.02, 481.50, 121.53, 474.05, 106.05, 474.05, 137.02, 474.05, 30.97, 14.90
6.50, 71, black car, 1261.50, 532.13, 1291.24, 544.94, 1276.37, 538.53, 1261.50, 538.53, 1291.24, 538.53, 29.73, 12.80
6.53, 38, white car, 104.40, 466.55, 134.81, 481.18, 119.60, 473.87, 104.40, 473.87, 134.81, 473.87, 30.41, 14.62
6.53, 71, black car, 1258.58, 532.13, 1288.67, 545.05, 1273.63, 538.59, 1258.58, 538.59, 1288.67, 538.59, 30.09, 12.92
6.57, 38, white car, 102.96, 466.70, 132.76, 481.01, 117.86, 473.85, 102.96, 473.85, 132.76, 473.85, 29.80, 14.31
6.57, 71, black car, 1256.02, 532.07, 1286.11, 544.97, 1271.06, 538.52, 1256.02, 538.52, 1286.11, 538.52, 30.09, 12.90
6.60, 38, white car, 101.58, 466.70, 130.99, 480.77, 116.29, 473.73, 101.58, 473.73, 130.99, 473.73, 29.41, 14.07
6.60, 71, black car, 1253.71, 531.97, 1283.92, 544.93, 1268.82, 538.45, 1253.71, 538.45, 1283.92, 538.45, 30.21, 12.96
6.63, 38, white car, 99.89, 466.44, 129.66, 480.64, 114.78, 473.54, 99.89, 473.54, 129.66, 473.54, 29.77, 14.20
6.63, 71, black car, 1251.09, 532.00, 1281.31, 544.93, 1266.20, 538.47, 1251.09, 538.47, 1281.31, 538.47, 30.22, 12.93
6.67, 38, white car, 98.40, 466.21, 128.38, 480.48, 113.39, 473.34, 98.40, 473.34, 128.38, 473.34, 29.98, 14.27
6.67, 71, black car, 1248.48, 532.09, 1278.70, 544.99, 1263.59, 538.54, 1248.48, 538.54, 1278.70, 538.54, 30.22, 12.90
6.70, 38, white car, 96.57, 465.96, 126.98, 480.41, 111.78, 473.18, 96.57, 473.18, 126.98, 473.18, 30.41, 14.45
6.70, 71, black car, 1245.91, 532.15, 1276.10, 545.05, 1261.00, 538.60, 1245.91, 538.60, 1276.10, 538.60, 30.19, 12.90
6.73, 38, white car, 94.61, 465.80, 125.29, 480.38, 109.95, 473.09, 94.61, 473.09, 125.29, 473.09, 30.68, 14.58
6.73, 71, black car, 1243.53, 531.97, 1274.21, 545.10, 1258.87, 538.54, 1243.53, 538.54, 1274.21, 538.54, 30.68, 13.13
6.77, 38, white car, 93.05, 465.72, 123.56, 480.18, 108.30, 472.95, 93.05, 472.95, 123.56, 472.95, 30.51, 14.46
6.77, 71, black car, 1241.13, 531.90, 1271.94, 545.09, 1256.54, 538.50, 1241.13, 538.50, 1271.94, 538.50, 30.81, 13.18
6.80, 38, white car, 91.66, 465.59, 122.29, 480.12, 106.98, 472.86, 91.66, 472.86, 122.29, 472.86, 30.63, 14.52
6.80, 71, black car, 1238.60, 531.80, 1269.82, 545.16, 1254.21, 538.48, 1238.60, 538.48, 1269.82, 538.48, 31.22, 13.35
6.83, 38, white car, 90.13, 465.37, 120.78, 479.89, 105.45, 472.63, 90.13, 472.63, 120.78, 472.63, 30.65, 14.53
6.83, 71, black car, 1236.54, 531.69, 1267.64, 544.95, 1252.09, 538.32, 1236.54, 538.32, 1267.64, 538.32, 31.10, 13.26
6.87, 38, white car, 88.33, 465.02, 119.36, 479.74, 103.84, 472.38, 88.33, 472.38, 119.36, 472.38, 31.03, 14.72
6.87, 71, black car, 1233.83, 531.82, 1264.28, 544.79, 1249.05, 538.31, 1233.83, 538.31, 1264.28, 538.31, 30.45, 12.97
6.90, 38, white car, 86.74, 464.90, 118.29, 479.91, 102.52, 472.40, 86.74, 472.40, 118.29, 472.40, 31.56, 15.01
6.90, 71, black car, 1231.28, 531.82, 1262.00, 544.87, 1246.64, 538.34, 1231.28, 538.34, 1262.00, 538.34, 30.72, 13.05
6.93, 38, white car, 85.19, 464.88, 116.63, 479.84, 100.91, 472.36, 85.19, 472.36, 116.63, 472.36, 31.44, 14.96
6.93, 71, black car, 1228.95, 531.66, 1259.59, 544.66, 1244.27, 538.16, 1228.95, 538.16, 1259.59, 538.16, 30.64, 13.00
6.93, 12, white car, 704.13, 512.21, 730.78, 524.38, 717.46, 518.30, 704.13, 518.30, 730.78, 518.30, 26.65, 12.17
6.97, 38, white car, 83.47, 464.73, 115.25, 479.86, 99.36, 472.30, 83.47, 472.30, 115.25, 472.30, 31.78, 15.13
6.97, 71, black car, 1226.38, 531.09, 1257.40, 544.27, 1241.89, 537.68, 1226.38, 537.68, 1257.40, 537.68, 31.03, 13.18
7.00, 38, white car, 82.26, 464.65, 113.91, 479.72, 98.09, 472.19, 82.26, 472.19, 113.91, 472.19, 31.65, 15.07
7.00, 71, black car, 1223.68, 531.15, 1254.92, 544.41, 1239.30, 537.78, 1223.68, 537.78, 1254.92, 537.78, 31.24, 13.27
7.03, 38, white car, 80.52, 464.24, 112.30, 479.41, 96.41, 471.82, 80.52, 471.82, 112.30, 471.82, 31.79, 15.17
7.03, 71, black car, 1221.41, 531.31, 1252.20, 544.40, 1236.80, 537.86, 1221.41, 537.86, 1252.20, 537.86, 30.79, 13.10
7.07, 38, white car, 78.88, 463.94, 110.83, 479.24, 94.85, 471.59, 78.88, 471.59, 110.83, 471.59, 31.95, 15.30
7.07, 71, black car, 1218.82, 531.14, 1250.01, 544.46, 1234.42, 537.80, 1218.82, 537.80, 1250.01, 537.80, 31.19, 13.33
7.10, 38, white car, 77.75, 463.64, 109.40, 478.86, 93.58, 471.25, 77.75, 471.25, 109.40, 471.25, 31.65, 15.22
7.10, 71, black car, 1215.74, 531.18, 1247.17, 544.64, 1231.45, 537.91, 1215.74, 537.91, 1247.17, 537.91, 31.43, 13.46
7.13, 38, white car, 76.74, 463.40, 108.13, 478.55, 92.44, 470.97, 76.74, 470.97, 108.13, 470.97, 31.39, 15.15
7.13, 71, black car, 1213.25, 530.91, 1244.83, 544.42, 1229.04, 537.66, 1213.25, 537.66, 1244.83, 537.66, 31.58, 13.52
7.17, 38, white car, 75.85, 463.40, 106.46, 478.16, 91.16, 470.78, 75.85, 470.78, 106.46, 470.78, 30.61, 14.77
7.17, 71, black car, 1211.14, 531.06, 1242.53, 544.50, 1226.84, 537.78, 1211.14, 537.78, 1242.53, 537.78, 31.39, 13.45
7.17, 12, white car, 686.93, 511.36, 714.94, 524.18, 700.94, 517.77, 686.93, 517.77, 714.94, 517.77, 28.01, 12.81
7.20, 38, white car, 74.70, 463.30, 104.87, 477.80, 89.79, 470.55, 74.70, 470.55, 104.87, 470.55, 30.17, 14.50
7.20, 71, black car, 1208.85, 531.30, 1239.78, 544.54, 1224.31, 537.92, 1208.85, 537.92, 1239.78, 537.92, 30.93, 13.23
7.23, 38, white car, 73.10, 463.17, 103.37, 477.71, 88.23, 470.44, 73.10, 470.44, 103.37, 470.44, 30.27, 14.54
7.23, 71, black car, 1205.77, 531.50, 1236.33, 544.58, 1221.05, 538.04, 1205.77, 538.04, 1236.33, 538.04, 30.56, 13.08
7.23, 12, white car, 682.35, 510.94, 710.93, 524.09, 696.64, 517.51, 682.35, 517.51, 710.93, 517.51, 28.58, 13.15
7.27, 38, white car, 71.84, 463.19, 102.05, 477.66, 86.94, 470.43, 71.84, 470.43, 102.05, 470.43, 30.21, 14.47
7.27, 71, black car, 1203.21, 531.54, 1233.54, 544.56, 1218.38, 538.05, 1203.21, 538.05, 1233.54, 538.05, 30.33, 13.01
7.27, 12, white car, 680.35, 510.88, 708.19, 523.70, 694.27, 517.29, 680.35, 517.29, 708.19, 517.29, 27.85, 12.81
7.30, 38, white car, 70.23, 463.08, 100.57, 477.59, 85.40, 470.34, 70.23, 470.34, 100.57, 470.34, 30.34, 14.50
7.30, 71, black car, 1201.22, 531.69, 1231.31, 544.61, 1216.26, 538.15, 1201.22, 538.15, 1231.31, 538.15, 30.09, 12.93
7.30, 12, white car, 678.14, 510.83, 705.19, 523.35, 691.67, 517.09, 678.14, 517.09, 705.19, 517.09, 27.04, 12.51
7.33, 38, white car, 69.09, 463.00, 99.43, 477.49, 84.26, 470.25, 69.09, 470.25, 99.43, 470.25, 30.34, 14.48
7.33, 71, black car, 1198.42, 531.58, 1229.03, 544.77, 1213.72, 538.18, 1198.42, 538.18, 1229.03, 538.18, 30.61, 13.19
7.33, 12, white car, 675.76, 510.71, 702.91, 523.32, 689.34, 517.01, 675.76, 517.01, 702.91, 517.01, 27.16, 12.60
7.37, 38, white car, 67.98, 462.90, 98.38, 477.39, 83.18, 470.14, 67.98, 470.14, 98.38, 470.14, 30.41, 14.49
7.37, 71, black car, 1196.08, 531.55, 1226.61, 544.70, 1211.35, 538.13, 1196.08, 538.13, 1226.61, 538.13, 30.53, 13.14
7.37, 12, white car, 673.45, 510.66, 700.56, 523.25, 687.01, 516.95, 673.45, 516.95, 700.56, 516.95, 27.11, 12.59
7.40, 38, white car, 66.99, 462.56, 97.57, 477.13, 82.28, 469.85, 66.99, 469.85, 97.57, 469.85, 30.58, 14.57
7.40, 71, black car, 1193.57, 531.34, 1224.28, 544.55, 1208.92, 537.95, 1193.57, 537.95, 1224.28, 537.95, 30.71, 13.21
7.40, 12, white car, 671.06, 510.73, 698.25, 523.39, 684.65, 517.06, 671.06, 517.06, 698.25, 517.06, 27.18, 12.66
7.43, 38, white car, 65.74, 462.40, 96.23, 476.89, 80.99, 469.64, 65.74, 469.64, 96.23, 469.64, 30.49, 14.49
7.43, 71, black car, 1191.03, 531.14, 1221.95, 544.47, 1206.49, 537.81, 1191.03, 537.81, 1221.95, 537.81, 30.91, 13.33
7.43, 12, white car, 668.48, 510.62, 696.05, 523.47, 682.26, 517.04, 668.48, 517.04, 696.05, 517.04, 27.57, 12.86
7.47, 38, white car, 64.14, 462.15, 94.95, 476.79, 79.54, 469.47, 64.14, 469.47, 94.95, 469.47, 30.81, 14.64
7.47, 71, black car, 1188.84, 531.12, 1219.98, 544.54, 1204.41, 537.83, 1188.84, 537.83, 1219.98, 537.83, 31.14, 13.42
7.47, 12, white car, 665.85, 510.41, 693.77, 523.45, 679.81, 516.93, 665.85, 516.93, 693.77, 516.93, 27.92, 13.04
7.50, 38, white car, 62.53, 461.76, 93.82, 476.67, 78.17, 469.22, 62.53, 469.22, 93.82, 469.22, 31.28, 14.90
7.50, 71, black car, 1186.45, 531.13, 1217.40, 544.48, 1201.92, 537.81, 1186.45, 537.81, 1217.40, 537.81, 30.95, 13.36
7.50, 12, white car, 663.50, 510.12, 691.66, 523.32, 677.58, 516.72, 663.50, 516.72, 691.66, 516.72, 28.16, 13.20
7.53, 38, white car, 61.38, 461.67, 92.68, 476.62, 77.03, 469.14, 61.38, 469.14, 92.68, 469.14, 31.31, 14.95
7.53, 71, black car, 1184.54, 530.86, 1215.22, 544.12, 1199.88, 537.49, 1184.54, 537.49, 1215.22, 537.49, 30.69, 13.26
7.53, 12, white car, 661.18, 509.96, 689.32, 523.23, 675.25, 516.59, 661.18, 516.59, 689.32, 516.59, 28.14, 13.27
7.57, 38, white car, 60.11, 461.66, 91.36, 476.57, 75.74, 469.12, 60.11, 469.12, 91.36, 469.12, 31.25, 14.90
7.57, 71, black car, 1181.62, 530.95, 1211.74, 544.00, 1196.68, 537.47, 1181.62, 537.47, 1211.74, 537.47, 30.12, 13.05
7.57, 12, white car, 659.13, 509.75, 687.02, 522.92, 673.08, 516.34, 659.13, 516.34, 687.02, 516.34, 27.89, 13.17
7.60, 38, white car, 58.80, 461.58, 89.99, 476.42, 74.40, 469.00, 58.80, 469.00, 89.99, 469.00, 31.19, 14.85
7.60, 71, black car, 1178.57, 530.86, 1209.26, 544.20, 1193.92, 537.53, 1178.57, 537.53, 1209.26, 537.53, 30.69, 13.34
7.60, 12, white car, 656.21, 509.34, 684.74, 522.91, 670.48, 516.12, 656.21, 516.12, 684.74, 516.12, 28.53, 13.58
7.63, 38, white car, 57.74, 461.46, 89.05, 476.33, 73.39, 468.89, 57.74, 468.89, 89.05, 468.89, 31.30, 14.87
7.63, 71, black car, 1175.87, 530.52, 1206.80, 544.05, 1191.34, 537.28, 1175.87, 537.28, 1206.80, 537.28, 30.93, 13.53
7.63, 12, white car, 653.72, 508.82, 682.61, 522.65, 668.16, 515.73, 653.72, 515.73, 682.61, 515.73, 28.89, 13.83
7.67, 38, white car, 56.90, 461.45, 88.06, 476.23, 72.48, 468.84, 56.90, 468.84, 88.06, 468.84, 31.16, 14.78
7.67, 71, black car, 1173.35, 530.52, 1204.34, 544.12, 1188.84, 537.32, 1173.35, 537.32, 1204.34, 537.32, 30.99, 13.60
7.67, 12, white car, 651.89, 508.74, 679.64, 522.03, 665.77, 515.38, 651.89, 515.38, 679.64, 515.38, 27.75, 13.29
7.70, 38, white car, 55.93, 461.33, 87.02, 476.05, 71.47, 468.69, 55.93, 468.69, 87.02, 468.69, 31.09, 14.72
7.70, 71, black car, 1170.73, 530.40, 1201.54, 543.91, 1186.14, 537.16, 1170.73, 537.16, 1201.54, 537.16, 30.81, 13.52
7.70, 12, white car, 649.90, 508.90, 676.98, 521.83, 663.44, 515.36, 649.90, 515.36, 676.98, 515.36, 27.08, 12.93
7.73, 38, white car, 54.83, 461.19, 85.84, 475.83, 70.33, 468.51, 54.83, 468.51, 85.84, 468.51, 31.01, 14.64
7.73, 71, black car, 1168.29, 530.16, 1199.30, 543.77, 1183.80, 536.96, 1168.29, 536.96, 1199.30, 536.96, 31.01, 13.61
7.73, 12, white car, 647.74, 508.79, 674.92, 521.74, 661.33, 515.27, 647.74, 515.27, 674.92, 515.27, 27.18, 12.95
7.77, 38, white car, 53.46, 461.04, 84.59, 475.67, 69.02, 468.35, 53.46, 468.35, 84.59, 468.35, 31.13, 14.63
7.77, 71, black car, 1166.46, 530.23, 1197.13, 543.68, 1181.80, 536.95, 1166.46, 536.95, 1197.13, 536.95, 30.67, 13.45
7.77, 12, white car, 645.62, 508.66, 672.66, 521.46, 659.14, 515.06, 645.62, 515.06, 672.66, 515.06, 27.04, 12.80
7.80, 38, white car, 52.48, 460.93, 83.47, 475.43, 67.97, 468.18, 52.48, 468.18, 83.47, 468.18, 30.99, 14.50
7.80, 71, black car, 1163.52, 530.30, 1193.18, 543.31, 1178.35, 536.81, 1163.52, 536.81, 1193.18, 536.81, 29.66, 13.02
7.80, 12, white car, 643.08, 508.50, 670.28, 521.37, 656.68, 514.94, 643.08, 514.94, 670.28, 514.94, 27.20, 12.86
7.83, 38, white car, 51.19, 460.91, 82.36, 475.43, 66.78, 468.17, 51.19, 468.17, 82.36, 468.17, 31.16, 14.52
7.83, 71, black car, 1160.70, 530.28, 1190.77, 543.48, 1175.74, 536.88, 1160.70, 536.88, 1190.77, 536.88, 30.07, 13.20
7.83, 12, white car, 640.22, 508.20, 668.74, 521.75, 654.48, 514.98, 640.22, 514.98, 668.74, 514.98, 28.53, 13.55
7.87, 38, white car, 50.05, 460.92, 81.33, 475.42, 65.69, 468.17, 50.05, 468.17, 81.33, 468.17, 31.28, 14.50
7.87, 71, black car, 1158.82, 530.49, 1188.48, 543.49, 1173.65, 536.99, 1158.82, 536.99, 1188.48, 536.99, 29.67, 13.00
7.87, 12, white car, 637.88, 507.82, 666.58, 521.49, 652.23, 514.66, 637.88, 514.66, 666.58, 514.66, 28.70, 13.66
7.90, 38, white car, 48.92, 460.97, 80.16, 475.43, 64.54, 468.20, 48.92, 468.20, 80.16, 468.20, 31.24, 14.46
7.90, 71, black car, 1156.26, 530.50, 1186.03, 543.52, 1171.15, 537.01, 1156.26, 537.01, 1186.03, 537.01, 29.76, 13.02
7.90, 12, white car, 635.85, 507.73, 663.54, 520.92, 649.69, 514.32, 635.85, 514.32, 663.54, 514.32, 27.69, 13.19
7.93, 38, white car, 47.87, 461.11, 79.25, 475.62, 63.56, 468.36, 47.87, 468.36, 79.25, 468.36, 31.37, 14.50
7.93, 71, black car, 1153.85, 530.55, 1183.85, 543.64, 1168.85, 537.09, 1153.85, 537.09, 1183.85, 537.09, 30.00, 13.09
7.93, 12, white car, 633.60, 507.69, 661.80, 521.21, 647.70, 514.45, 633.60, 514.45, 661.80, 514.45, 28.19, 13.52
7.97, 38, white car, 46.29, 460.83, 78.30, 475.62, 62.29, 468.22, 46.29, 468.22, 78.30, 468.22, 32.01, 14.79
7.97, 71, black car, 1152.26, 530.36, 1181.60, 543.17, 1166.93, 536.77, 1152.26, 536.77, 1181.60, 536.77, 29.33, 12.81
7.97, 12, white car, 631.02, 507.29, 659.98, 521.23, 645.50, 514.26, 631.02, 514.26, 659.98, 514.26, 28.96, 13.94
8.00, 38, white car, 45.19, 460.64, 77.43, 475.51, 61.31, 468.08, 45.19, 468.08, 77.43, 468.08, 32.23, 14.88
8.00, 71, black car, 1149.97, 530.26, 1179.64, 543.24, 1164.80, 536.75, 1149.97, 536.75, 1179.64, 536.75, 29.67, 12.99
8.00, 12, white car, 628.52, 507.08, 657.12, 520.89, 642.82, 513.99, 628.52, 513.99, 657.12, 513.99, 28.60, 13.81
8.03, 38, white car, 44.37, 460.68, 76.52, 475.49, 60.45, 468.09, 44.37, 468.09, 76.52, 468.09, 32.15, 14.82
8.03, 71, black car, 1147.42, 530.10, 1176.88, 543.02, 1162.15, 536.56, 1147.42, 536.56, 1176.88, 536.56, 29.46, 12.91
8.03, 12, white car, 625.52, 506.82, 655.25, 521.29, 640.39, 514.05, 625.52, 514.05, 655.25, 514.05, 29.72, 14.47
8.07, 38, white car, 43.21, 460.60, 75.58, 475.52, 59.40, 468.06, 43.21, 468.06, 75.58, 468.06, 32.37, 14.91
8.07, 71, black car, 1145.59, 530.15, 1174.21, 542.69, 1159.90, 536.42, 1145.59, 536.42, 1174.21, 536.42, 28.62, 12.54
8.07, 12, white car, 624.04, 506.92, 652.61, 520.82, 638.32, 513.87, 624.04, 513.87, 652.61, 513.87, 28.57, 13.90
8.10, 38, white car, 42.05, 460.50, 74.35, 475.42, 58.20, 467.96, 42.05, 467.96, 74.35, 467.96, 32.30, 14.92
8.10, 71, black car, 1143.48, 530.00, 1172.35, 542.62, 1157.91, 536.31, 1143.48, 536.31, 1172.35, 536.31, 28.87, 12.63
8.13, 38, white car, 41.05, 460.30, 73.37, 475.27, 57.21, 467.78, 41.05, 467.78, 73.37, 467.78, 32.31, 14.97
8.13, 71, black car, 1140.80, 530.00, 1169.71, 542.63, 1155.25, 536.32, 1140.80, 536.32, 1169.71, 536.32, 28.91, 12.63
8.13, 12, white car, 618.95, 506.30, 647.76, 520.37, 633.36, 513.34, 618.95, 513.34, 647.76, 513.34, 28.82, 14.07
8.17, 38, white car, 39.79, 460.01, 72.21, 475.06, 56.00, 467.53, 39.79, 467.53, 72.21, 467.53, 32.42, 15.05
8.17, 71, black car, 1137.78, 529.97, 1167.22, 542.81, 1152.50, 536.39, 1137.78, 536.39, 1167.22, 536.39, 29.44, 12.84
8.17, 12, white car, 616.64, 506.18, 645.57, 520.32, 631.11, 513.25, 616.64, 513.25, 645.57, 513.25, 28.94, 14.14
8.20, 38, white car, 38.74, 459.91, 71.26, 475.03, 55.00, 467.47, 38.74, 467.47, 71.26, 467.47, 32.52, 15.12
8.20, 71, black car, 1135.23, 529.80, 1165.05, 542.82, 1150.14, 536.31, 1135.23, 536.31, 1165.05, 536.31, 29.82, 13.02
8.20, 12, white car, 614.63, 506.18, 643.41, 520.24, 629.02, 513.21, 614.63, 513.21, 643.41, 513.21, 28.78, 14.07
8.23, 38, white car, 37.60, 459.77, 70.09, 474.91, 53.84, 467.34, 37.60, 467.34, 70.09, 467.34, 32.49, 15.14
8.23, 71, black car, 1132.96, 529.84, 1162.87, 542.94, 1147.91, 536.39, 1132.96, 536.39, 1162.87, 536.39, 29.91, 13.10
8.23, 12, white car, 612.19, 506.02, 641.24, 520.25, 626.71, 513.14, 612.19, 513.14, 641.24, 513.14, 29.05, 14.24
8.27, 38, white car, 36.48, 459.65, 68.78, 474.73, 52.63, 467.19, 36.48, 467.19, 68.78, 467.19, 32.30, 15.08
8.27, 71, black car, 1130.29, 529.49, 1160.49, 542.71, 1145.39, 536.10, 1130.29, 536.10, 1160.49, 536.10, 30.20, 13.22
8.27, 12, white car, 609.14, 505.85, 638.53, 520.33, 623.84, 513.09, 609.14, 513.09, 638.53, 513.09, 29.39, 14.48
8.30, 38, white car, 35.56, 459.53, 67.55, 474.49, 51.56, 467.01, 35.56, 467.01, 67.55, 467.01, 31.98, 14.96
8.30, 71, black car, 1128.19, 529.34, 1158.35, 542.54, 1143.27, 535.94, 1128.19, 535.94, 1158.35, 535.94, 30.16, 13.20
8.30, 12, white car, 607.43, 505.95, 636.02, 520.10, 621.72, 513.02, 607.43, 513.02, 636.02, 513.02, 28.59, 14.14
8.33, 38, white car, 34.42, 459.41, 66.35, 474.35, 50.38, 466.88, 34.42, 466.88, 66.35, 466.88, 31.92, 14.94
8.33, 71, black car, 1125.32, 529.31, 1156.06, 542.76, 1140.69, 536.03, 1125.32, 536.03, 1156.06, 536.03, 30.74, 13.45
8.33, 12, white car, 605.52, 505.69, 634.27, 519.98, 619.90, 512.84, 605.52, 512.84, 634.27, 512.84, 28.75, 14.29
8.37, 38, white car, 32.93, 459.29, 64.68, 474.13, 48.80, 466.71, 32.93, 466.71, 64.68, 466.71, 31.75, 14.84
8.37, 71, black car, 1123.00, 529.38, 1153.37, 542.68, 1138.19, 536.03, 1123.00, 536.03, 1153.37, 536.03, 30.37, 13.30
8.37, 12, white car, 602.88, 505.37, 632.03, 519.92, 617.45, 512.65, 602.88, 512.65, 632.03, 512.65, 29.14, 14.54
8.40, 38, white car, 31.93, 459.20, 63.64, 474.02, 47.79, 466.61, 31.93, 466.61, 63.64, 466.61, 31.72, 14.81
8.40, 71, black car, 1120.43, 529.69, 1150.46, 542.87, 1135.44, 536.28, 1120.43, 536.28, 1150.46, 536.28, 30.03, 13.18
8.43, 38, white car, 31.17, 459.02, 62.92, 473.82, 47.05, 466.42, 31.17, 466.42, 62.92, 466.42, 31.75, 14.80
8.43, 71, black car, 1118.06, 529.93, 1147.96, 543.05, 1133.01, 536.49, 1118.06, 536.49, 1147.96, 536.49, 29.90, 13.12
8.47, 38, white car, 30.50, 459.04, 61.87, 473.61, 46.19, 466.33, 30.50, 466.33, 61.87, 466.33, 31.36, 14.57
8.47, 71, black car, 1115.04, 529.68, 1144.93, 542.77, 1129.99, 536.22, 1115.04, 536.22, 1144.93, 536.22, 29.89, 13.10
8.50, 38, white car, 29.63, 459.07, 60.65, 473.41, 45.14, 466.24, 29.63, 466.24, 60.65, 466.24, 31.01, 14.35
8.50, 71, black car, 1112.73, 529.94, 1142.43, 542.94, 1127.58, 536.44, 1112.73, 536.44, 1142.43, 536.44, 29.70, 13.00
8.53, 38, white car, 28.24, 459.05, 59.10, 473.26, 43.67, 466.16, 28.24, 466.16, 59.10, 466.16, 30.85, 14.20
8.53, 71, black car, 1110.32, 530.05, 1140.41, 543.19, 1125.36, 536.62, 1110.32, 536.62, 1140.41, 536.62, 30.09, 13.14
8.57, 38, white car, 26.97, 459.04, 58.12, 473.32, 42.55, 466.18, 26.97, 466.18, 58.12, 466.18, 31.16, 14.27
8.57, 71, black car, 1108.03, 530.11, 1137.58, 543.06, 1122.80, 536.58, 1108.03, 536.58, 1137.58, 536.58, 29.55, 12.95
8.60, 38, white car, 25.66, 458.87, 57.27, 473.32, 41.46, 466.10, 25.66, 466.10, 57.27, 466.10, 31.62, 14.45
8.60, 71, black car, 1105.74, 530.04, 1135.62, 543.18, 1120.68, 536.61, 1105.74, 536.61, 1135.62, 536.61, 29.88, 13.14
8.63, 38, white car, 24.38, 458.67, 56.66, 473.43, 40.52, 466.05, 24.38, 466.05, 56.66, 466.05, 32.28, 14.76
8.63, 71, black car, 1103.29, 529.92, 1133.32, 543.11, 1118.31, 536.51, 1103.29, 536.51, 1133.32, 536.51, 30.03, 13.20
8.67, 38, white car, 23.10, 458.42, 55.98, 473.46, 39.54, 465.94, 23.10, 465.94, 55.98, 465.94, 32.87, 15.03
8.67, 71, black car, 1101.85, 529.75, 1130.76, 542.42, 1116.30, 536.09, 1101.85, 536.09, 1130.76, 536.09, 28.92, 12.68
8.67, 12, white car, 582.08, 504.24, 612.84, 519.80, 597.46, 512.02, 582.08, 512.02, 612.84, 512.02, 30.76, 15.57
8.70, 38, white car, 22.09, 458.19, 55.01, 473.27, 38.55, 465.73, 22.09, 465.73, 55.01, 465.73, 32.92, 15.08
8.70, 71, black car, 1099.39, 529.60, 1129.08, 542.62, 1114.23, 536.11, 1099.39, 536.11, 1129.08, 536.11, 29.69, 13.01
8.70, 12, white car, 580.18, 503.85, 610.85, 519.57, 595.51, 511.71, 580.18, 511.71, 610.85, 511.71, 30.66, 15.72
8.73, 38, white car, 20.78, 458.03, 53.58, 473.07, 37.18, 465.55, 20.78, 465.55, 53.58, 465.55, 32.80, 15.04
8.73, 71, black car, 1096.53, 529.55, 1126.82, 542.78, 1111.68, 536.17, 1096.53, 536.17, 1126.82, 536.17, 30.29, 13.23
8.73, 12, white car, 578.32, 503.55, 608.08, 518.91, 593.20, 511.23, 578.32, 511.23, 608.08, 511.23, 29.76, 15.36
8.77, 38, white car, 19.64, 458.05, 51.79, 472.81, 35.72, 465.43, 19.64, 465.43, 51.79, 465.43, 32.15, 14.76
8.77, 71, black car, 1094.50, 529.64, 1123.91, 542.51, 1109.20, 536.08, 1094.50, 536.08, 1123.91, 536.08, 29.41, 12.87
8.77, 12, white car, 575.92, 503.04, 605.52, 518.49, 590.72, 510.76, 575.92, 510.76, 605.52, 510.76, 29.61, 15.45
8.80, 38, white car, 18.64, 457.94, 50.54, 472.61, 34.59, 465.28, 18.64, 465.28, 50.54, 465.28, 31.90, 14.67
8.80, 71, black car, 1091.13, 529.36, 1121.95, 542.84, 1106.54, 536.10, 1091.13, 536.10, 1121.95, 536.10, 30.82, 13.49
8.80, 12, white car, 573.89, 502.98, 603.35, 518.46, 588.62, 510.72, 573.89, 510.72, 603.35, 510.72, 29.46, 15.48
8.83, 38, white car, 17.85, 457.76, 49.68, 472.44, 33.76, 465.10, 17.85, 465.10, 49.68, 465.10, 31.84, 14.68
8.83, 71, black car, 1088.56, 529.32, 1119.51, 542.86, 1104.04, 536.09, 1088.56, 536.09, 1119.51, 536.09, 30.94, 13.54
8.83, 12, white car, 571.70, 502.85, 600.83, 518.22, 586.26, 510.54, 571.70, 510.54, 600.83, 510.54, 29.14, 15.37
8.87, 38, white car, 17.12, 457.59, 49.20, 472.42, 33.16, 465.00, 17.12, 465.00, 49.20, 465.00, 32.08, 14.83
8.87, 71, black car, 1086.04, 529.25, 1116.80, 542.72, 1101.42, 535.98, 1086.04, 535.98, 1116.80, 535.98, 30.77, 13.47
8.87, 12, white car, 569.52, 502.42, 598.63, 517.82, 584.07, 510.12, 569.52, 510.12, 598.63, 510.12, 29.12, 15.40
8.90, 38, white car, 16.50, 457.52, 48.35, 472.27, 32.42, 464.90, 16.50, 464.90, 48.35, 464.90, 31.85, 14.75
8.90, 71, black car, 1082.99, 529.00, 1115.07, 543.03, 1099.03, 536.01, 1082.99, 536.01, 1115.07, 536.01, 32.08, 14.03
8.90, 12, white car, 567.31, 502.49, 595.71, 517.49, 581.51, 509.99, 567.31, 509.99, 595.71, 509.99, 28.40, 15.00
8.93, 38, white car, 15.89, 457.54, 47.38, 472.16, 31.64, 464.85, 15.89, 464.85, 47.38, 464.85, 31.50, 14.62
8.93, 71, black car, 1080.61, 528.76, 1112.98, 542.91, 1096.80, 535.83, 1080.61, 535.83, 1112.98, 535.83, 32.37, 14.15
8.93, 12, white car, 565.41, 502.51, 593.15, 517.16, 579.28, 509.84, 565.41, 509.84, 593.15, 509.84, 27.75, 14.65
8.97, 38, white car, 14.89, 457.44, 46.36, 472.09, 30.62, 464.76, 14.89, 464.76, 46.36, 464.76, 31.47, 14.65
8.97, 71, black car, 1078.17, 528.52, 1110.09, 542.52, 1094.13, 535.52, 1078.17, 535.52, 1110.09, 535.52, 31.92, 14.00
8.97, 12, white car, 563.84, 502.37, 590.67, 516.50, 577.26, 509.43, 563.84, 509.43, 590.67, 509.43, 26.82, 14.13
9.00, 38, white car, 13.90, 457.39, 45.30, 472.05, 29.60, 464.72, 13.90, 464.72, 45.30, 464.72, 31.39, 14.66
9.00, 71, black car, 1075.52, 528.41, 1107.96, 542.65, 1091.74, 535.53, 1075.52, 535.53, 1107.96, 535.53, 32.44, 14.24
9.00, 12, white car, 561.98, 502.39, 588.36, 516.23, 575.17, 509.31, 561.98, 509.31, 588.36, 509.31, 26.39, 13.84
9.03, 38, white car, 13.00, 457.32, 44.57, 472.08, 28.78, 464.70, 13.00, 464.70, 44.57, 464.70, 31.56, 14.75
9.03, 71, black car, 1072.94, 528.41, 1105.15, 542.61, 1089.05, 535.51, 1072.94, 535.51, 1105.15, 535.51, 32.21, 14.20
9.03, 12, white car, 559.88, 502.36, 586.35, 516.20, 573.12, 509.28, 559.88, 509.28, 586.35, 509.28, 26.47, 13.84
9.07, 38, white car, 12.10, 457.23, 43.71, 472.02, 27.91, 464.63, 12.10, 464.63, 43.71, 464.63, 31.61, 14.79
9.07, 71, black car, 1070.56, 528.45, 1102.83, 542.70, 1086.69, 535.57, 1070.56, 535.57, 1102.83, 535.57, 32.27, 14.25
9.07, 12, white car, 557.53, 502.02, 584.97, 516.38, 571.25, 509.20, 557.53, 509.20, 584.97, 509.20, 27.45, 14.36
9.10, 38, white car, 11.17, 457.14, 43.02, 472.09, 27.10, 464.61, 11.17, 464.61, 43.02, 464.61, 31.85, 14.95
9.10, 71, black car, 1068.20, 528.58, 1100.87, 543.02, 1084.53, 535.80, 1068.20, 535.80, 1100.87, 535.80, 32.67, 14.45
9.10, 12, white car, 554.91, 501.79, 582.72, 516.32, 568.81, 509.05, 554.91, 509.05, 582.72, 509.05, 27.81, 14.53
9.13, 38, white car, 10.22, 456.83, 42.23, 471.89, 26.22, 464.36, 10.22, 464.36, 42.23, 464.36, 32.02, 15.06
9.13, 71, black car, 1065.51, 528.28, 1098.08, 542.77, 1081.80, 535.53, 1065.51, 535.53, 1098.08, 535.53, 32.57, 14.49
9.13, 12, white car, 552.92, 501.43, 580.75, 515.96, 566.84, 508.69, 552.92, 508.69, 580.75, 508.69, 27.83, 14.53
9.17, 38, white car, 9.24, 456.71, 41.44, 471.89, 25.34, 464.30, 9.24, 464.30, 41.44, 464.30, 32.20, 15.18
9.17, 71, black car, 1063.07, 528.06, 1095.76, 542.67, 1079.42, 535.36, 1063.07, 535.36, 1095.76, 535.36, 32.69, 14.62
9.17, 12, white car, 550.70, 501.19, 578.70, 515.83, 564.70, 508.51, 550.70, 508.51, 578.70, 508.51, 28.00, 14.64
9.20, 38, white car, 8.51, 456.69, 40.79, 471.96, 24.65, 464.32, 8.51, 464.32, 40.79, 464.32, 32.28, 15.26
9.20, 71, black car, 1061.21, 528.25, 1093.43, 542.67, 1077.32, 535.46, 1061.21, 535.46, 1093.43, 535.46, 32.22, 14.43
9.20, 12, white car, 548.84, 501.01, 576.54, 515.49, 562.69, 508.25, 548.84, 508.25, 576.54, 508.25, 27.70, 14.48
9.23, 38, white car, 7.76, 456.67, 40.08, 472.02, 23.92, 464.35, 7.76, 464.35, 40.08, 464.35, 32.32, 15.35
9.23, 71, black car, 1059.47, 528.40, 1090.78, 542.43, 1075.13, 535.42, 1059.47, 535.42, 1090.78, 535.42, 31.31, 14.03
9.23, 12, white car, 547.03, 500.96, 574.30, 515.17, 560.66, 508.06, 547.03, 508.06, 574.30, 508.06, 27.27, 14.21
9.27, 38, white car, 6.94, 456.61, 39.19, 472.01, 23.06, 464.31, 6.94, 464.31, 39.19, 464.31, 32.25, 15.40
9.27, 71, black car, 1057.88, 528.32, 1088.71, 542.10, 1073.30, 535.21, 1057.88, 535.21, 1088.71, 535.21, 30.83, 13.78
9.27, 12, white car, 544.53, 500.86, 571.93, 515.14, 558.23, 508.00, 544.53, 508.00, 571.93, 508.00, 27.41, 14.27
9.30, 38, white car, 6.12, 456.35, 38.00, 471.62, 22.06, 463.99, 6.12, 463.99, 38.00, 463.99, 31.87, 15.27
9.30, 71, black car, 1056.64, 528.42, 1087.01, 541.91, 1071.83, 535.17, 1056.64, 535.17, 1087.01, 535.17, 30.37, 13.49
9.30, 12, white car, 542.34, 500.52, 570.07, 514.95, 556.20, 507.74, 542.34, 507.74, 570.07, 507.74, 27.73, 14.43
9.33, 38, white car, 5.24, 456.21, 36.88, 471.43, 21.06, 463.82, 5.24, 463.82, 36.88, 463.82, 31.65, 15.22
9.33, 71, black car, 1053.90, 528.40, 1084.03, 541.75, 1068.97, 535.08, 1053.90, 535.08, 1084.03, 535.08, 30.13, 13.35
9.33, 12, white car, 540.17, 500.30, 567.91, 514.68, 554.04, 507.49, 540.17, 507.49, 567.91, 507.49, 27.73, 14.38
9.37, 38, white car, 4.33, 456.04, 36.10, 471.35, 20.21, 463.69, 4.33, 463.69, 36.10, 463.69, 31.77, 15.32
9.37, 71, black car, 1050.90, 528.07, 1081.44, 541.59, 1066.17, 534.83, 1050.90, 534.83, 1081.44, 534.83, 30.54, 13.52
9.37, 12, white car, 537.55, 500.14, 564.82, 514.24, 551.18, 507.19, 537.55, 507.19, 564.82, 507.19, 27.28, 14.10
9.40, 38, white car, 3.86, 456.03, 35.12, 471.11, 19.49, 463.57, 3.86, 463.57, 35.12, 463.57, 31.26, 15.09
9.40, 71, black car, 1048.60, 528.16, 1079.11, 541.64, 1063.85, 534.90, 1048.60, 534.90, 1079.11, 534.90, 30.52, 13.47
9.40, 12, white car, 535.23, 500.18, 562.23, 514.13, 548.73, 507.16, 535.23, 507.16, 562.23, 507.16, 27.00, 13.95
9.43, 38, white car, 2.82, 455.97, 33.97, 470.98, 18.39, 463.48, 2.82, 463.48, 33.97, 463.48, 31.15, 15.00
9.43, 71, black car, 1046.31, 528.34, 1076.90, 541.82, 1061.61, 535.08, 1046.31, 535.08, 1076.90, 535.08, 30.59, 13.49
9.43, 12, white car, 533.04, 500.17, 559.68, 513.87, 546.36, 507.02, 533.04, 507.02, 559.68, 507.02, 26.63, 13.70
9.47, 38, white car, 1.79, 455.99, 33.01, 471.02, 17.40, 463.50, 1.79, 463.50, 33.01, 463.50, 31.22, 15.02
9.47, 71, black car, 1043.65, 527.96, 1074.52, 541.57, 1059.09, 534.76, 1043.65, 534.76, 1074.52, 534.76, 30.88, 13.60
9.47, 12, white car, 531.30, 500.11, 557.42, 513.49, 544.36, 506.80, 531.30, 506.80, 557.42, 506.80, 26.12, 13.37
9.50, 38, white car, 1.05, 455.95, 32.24, 470.98, 16.64, 463.46, 1.05, 463.46, 32.24, 463.46, 31.20, 15.03
9.50, 71, black car, 1041.18, 527.83, 1072.03, 541.43, 1056.60, 534.63, 1041.18, 534.63, 1072.03, 534.63, 30.85, 13.60
9.50, 12, white car, 529.35, 499.78, 555.52, 513.16, 542.44, 506.47, 529.35, 506.47, 555.52, 506.47, 26.17, 13.38
9.53, 38, white car, 0.26, 455.93, 31.32, 470.88, 15.79, 463.41, 0.26, 463.41, 31.32, 463.41, 31.05, 14.96
9.53, 71, black car, 1038.56, 527.70, 1069.81, 541.45, 1054.19, 534.57, 1038.56, 534.57, 1069.81, 534.57, 31.26, 13.75
9.53, 12, white car, 527.24, 499.43, 554.01, 513.11, 540.62, 506.27, 527.24, 506.27, 554.01, 506.27, 26.77, 13.68
9.57, 38, white car, 0.00, 455.91, 30.95, 470.90, 15.47, 463.40, 0.00, 463.40, 30.95, 463.40, 30.95, 14.99
9.57, 71, black car, 1035.95, 527.40, 1067.13, 541.15, 1051.54, 534.28, 1035.95, 534.28, 1067.13, 534.28, 31.17, 13.75
9.57, 12, white car, 525.72, 499.52, 551.60, 512.66, 538.66, 506.09, 525.72, 506.09, 551.60, 506.09, 25.88, 13.14
9.60, 38, white car, 0.00, 455.81, 30.39, 470.83, 15.19, 463.32, 0.00, 463.32, 30.39, 463.32, 30.39, 15.01
9.60, 71, black car, 1033.38, 527.64, 1064.29, 541.27, 1048.84, 534.45, 1033.38, 534.45, 1064.29, 534.45, 30.90, 13.63
9.60, 12, white car, 523.22, 499.32, 549.17, 512.45, 536.19, 505.88, 523.22, 505.88, 549.17, 505.88, 25.95, 13.12
9.63, 38, white car, 0.00, 455.74, 29.94, 470.86, 14.97, 463.30, 0.00, 463.30, 29.94, 463.30, 29.94, 15.13
9.63, 71, black car, 1030.90, 527.78, 1061.94, 541.42, 1046.42, 534.60, 1030.90, 534.60, 1061.94, 534.60, 31.04, 13.65
9.63, 12, white car, 521.18, 499.18, 547.16, 512.26, 534.17, 505.72, 521.18, 505.72, 547.16, 505.72, 25.99, 13.08
9.67, 38, white car, 0.00, 455.97, 29.35, 470.73, 14.67, 463.35, 0.00, 463.35, 29.35, 463.35, 29.35, 14.77
9.67, 71, black car, 1028.36, 527.48, 1059.11, 540.95, 1043.74, 534.22, 1028.36, 534.22, 1059.11, 534.22, 30.74, 13.48
9.67, 12, white car, 519.23, 499.12, 545.21, 512.10, 532.22, 505.61, 519.23, 505.61, 545.21, 505.61, 25.99, 12.98
9.70, 38, white car, 0.00, 456.18, 28.65, 470.51, 14.33, 463.35, 0.00, 463.35, 28.65, 463.35, 28.65, 14.32
9.70, 71, black car, 1026.42, 527.57, 1056.89, 540.90, 1041.66, 534.24, 1026.42, 534.24, 1056.89, 534.24, 30.47, 13.33
9.70, 12, white car, 516.88, 498.92, 543.10, 511.95, 529.99, 505.43, 516.88, 505.43, 543.10, 505.43, 26.21, 13.03
9.73, 38, white car, 0.00, 456.27, 28.12, 470.31, 14.06, 463.29, 0.00, 463.29, 28.12, 463.29, 28.12, 14.03
9.73, 71, black car, 1024.35, 527.67, 1054.84, 540.99, 1039.59, 534.33, 1024.35, 534.33, 1054.84, 534.33, 30.49, 13.32
9.73, 12, white car, 514.77, 498.69, 541.37, 511.88, 528.07, 505.28, 514.77, 505.28, 541.37, 505.28, 26.60, 13.19
9.77, 38, white car, 0.00, 456.19, 27.71, 470.07, 13.86, 463.13, 0.00, 463.13, 27.71, 463.13, 27.71, 13.87
9.77, 71, black car, 1022.05, 527.66, 1052.84, 541.13, 1037.45, 534.39, 1022.05, 534.39, 1052.84, 534.39, 30.79, 13.47
9.77, 12, white car, 512.79, 498.52, 539.26, 511.61, 526.02, 505.06, 512.79, 505.06, 539.26, 505.06, 26.48, 13.09
9.80, 38, white car, 0.00, 456.15, 27.39, 470.03, 13.69, 463.09, 0.00, 463.09, 27.39, 463.09, 27.39, 13.88
9.80, 71, black car, 1019.73, 527.75, 1050.71, 541.33, 1035.22, 534.54, 1019.73, 534.54, 1050.71, 534.54, 30.98, 13.58
9.80, 12, white car, 510.69, 498.40, 537.09, 511.44, 523.89, 504.92, 510.69, 504.92, 537.09, 504.92, 26.39, 13.03
9.83, 38, white car, 0.00, 456.20, 26.95, 469.97, 13.48, 463.09, 0.00, 463.09, 26.95, 463.09, 26.95, 13.76
9.83, 71, black car, 1017.43, 527.62, 1048.91, 541.50, 1033.17, 534.56, 1017.43, 534.56, 1048.91, 534.56, 31.48, 13.88
9.83, 12, white car, 508.08, 498.00, 534.85, 511.21, 521.46, 504.61, 508.08, 504.61, 534.85, 504.61, 26.76, 13.21
9.87, 38, white car, 0.00, 456.20, 26.60, 470.05, 13.30, 463.13, 0.00, 463.13, 26.60, 463.13, 26.60, 13.84
9.87, 71, black car, 1015.33, 527.44, 1046.64, 541.28, 1030.99, 534.36, 1015.33, 534.36, 1046.64, 534.36, 31.31, 13.84
9.87, 12, white car, 505.94, 497.90, 532.56, 510.97, 519.25, 504.44, 505.94, 504.44, 532.56, 504.44, 26.62, 13.07
9.90, 38, white car, 0.00, 456.17, 26.38, 470.28, 13.19, 463.23, 0.00, 463.23, 26.38, 463.23, 26.38, 14.11
9.90, 71, black car, 1012.90, 527.30, 1044.18, 541.15, 1028.54, 534.23, 1012.90, 534.23, 1044.18, 534.23, 31.28, 13.85
9.90, 12, white car, 503.77, 498.02, 530.01, 510.83, 516.89, 504.43, 503.77, 504.43, 530.01, 504.43, 26.24, 12.81
9.93, 38, white car, 0.00, 456.01, 26.01, 470.37, 13.00, 463.19, 0.00, 463.19, 26.01, 463.19, 26.01, 14.36
9.93, 71, black car, 1010.43, 527.23, 1041.34, 540.95, 1025.89, 534.09, 1010.43, 534.09, 1041.34, 534.09, 30.91, 13.71
9.93, 12, white car, 501.55, 497.86, 528.24, 510.87, 514.90, 504.36, 501.55, 504.36, 528.24, 504.36, 26.69, 13.01
9.97, 38, white car, 0.00, 455.80, 25.44, 470.18, 12.72, 462.99, 0.00, 462.99, 25.44, 462.99, 25.44, 14.38
9.97, 71, black car, 1008.04, 527.21, 1038.41, 540.72, 1023.22, 533.97, 1008.04, 533.97, 1038.41, 533.97, 30.36, 13.52
9.97, 12, white car, 499.10, 497.27, 526.34, 510.56, 512.72, 503.91, 499.10, 503.91, 526.34, 503.91, 27.24, 13.29
